0.524343 0.541369 0 
0.524323 0.540265 0 
0.52367 0.539679 0 
0.523255 0.539259 0 
0.523073 0.540346 0 
0.522624 0.537941 0 
0.522229 0.538664 0 
0.522037 0.538664 0 
0.521837 0.539567 0 
0.5217 0.541003 0 
0.521683 0.541041 0 
0.521477 0.538686 0 
0.521342 0.541281 0 
0.521288 0.538395 0 
0.52105 0.540712 0 
0.521048 0.540382 0 
0.520862 0.542711 0 
0.52069 0.539671 0 
0.520673 0.542106 0 
0.520631 0.540712 0 
0.520545 0.540947 0 
0.520187 0.542315 0 
0.52018 0.541029 0 
0.520156 0.543384 0 
0.520147 0.544136 0 
0.520055 0.539874 0 
0.519955 0.539432 0 
0.519888 0.541056 0 
0.519821 0.537941 0 
0.519772 0.542081 0 
0.519705 0.543128 0 
0.519663 0.541982 0 
0.519642 0.540427 0 
0.519633 0.540881 0 
0.519633 0.542588 0 
0.51963 0.545391 0 
0.519602 0.538686 0 
0.519559 0.541003 0 
0.519508 0.542808 0 
0.519466 0.54155 0 
0.519384 0.541982 0 
0.519304 0.54155 0 
0.519173 0.541213 0 
0.519122 0.539376 0 
0.519105 0.544906 0 
0.518928 0.542278 0 
0.518905 0.538664 0 
0.518888 0.540315 0 
0.518835 0.539679 0 
0.518803 0.519416 0 
0.518733 0.539376 0 
0.51872 0.518847 0 
0.518662 0.541215 0 
0.518586 0.518602 0 
0.518316 0.543063 0 
0.518312 0.542785 0 
0.518225 0.543932 0 
0.518174 0.539671 0 
0.518096 0.518345 0 
0.518076 0.543002 0 
0.518073 0.539376 0 
0.51803 0.542809 0 
0.518024 0.541041 0 
0.517982 0.51881 0 
0.517963 0.539597 0 
0.517942 0.541329 0 
0.517926 0.542278 0 
0.517906 0.518611 0 
0.517838 0.543775 0 
0.517833 0.521024 0 
0.517815 0.542795 0 
0.517736 0.539799 0 
0.517724 0.54313 0 
0.517684 0.518792 0 
0.517675 0.518901 0 
0.517652 0.545609 0 
0.517644 0.540443 0 
0.517628 0.542753 0 
0.517608 0.541201 0 
0.517604 0.538348 0 
0.517588 0.518328 0 
0.517556 0.541003 0 
0.51752 0.541217 0 
0.517458 0.542967 0 
0.517442 0.541215 0 
0.51742 0.51785 0 
0.51737 0.519871 0 
0.517357 0.517591 0 
0.517315 0.51882 0 
0.517291 0.51785 0 
0.517274 0.543114 0 
0.51724 0.543935 0 
0.517239 0.542278 0 
0.517237 0.517544 0 
0.51723 0.54313 0 
0.517223 0.517791 0 
0.517211 0.545945 0 
0.517202 0.517677 0 
0.517191 0.518906 0 
0.517182 0.539597 0 
0.517153 0.542443 0 
0.517106 0.542343 0 
0.517086 0.538981 0 
0.517076 0.542369 0 
0.517047 0.542819 0 
0.517039 0.517566 0 
0.517038 0.542278 0 
0.516991 0.519555 0 
0.516968 0.540427 0 
0.516941 0.539679 0 
0.516932 0.540469 0 
0.516922 0.540443 0 
0.516909 0.51832 0 
0.516897 0.520341 0 
0.516859 0.517685 0 
0.516857 0.540881 0 
0.516817 0.542999 0 
0.516807 0.542619 0 
0.516794 0.543864 0 
0.516691 0.51926 0 
0.516677 0.543272 0 
0.516647 0.519211 0 
0.516568 0.519336 0 
0.516526 0.542588 0 
0.516526 0.543114 0 
0.516503 0.538608 0 
0.516498 0.516885 0 
0.51649 0.518602 0 
0.516487 0.517724 0 
0.516485 0.519587 0 
0.516483 0.516493 0 
0.516453 0.543939 0 
0.516452 0.517501 0 
0.516433 0.540877 0 
0.516422 0.516753 0 
0.516416 0.537941 0 
0.516411 0.541941 0 
0.516409 0.516837 0 
0.5164 0.542003 0 
0.516348 0.542249 0 
0.516303 0.539597 0 
0.516292 0.518009 0 
0.516289 0.517569 0 
0.516259 0.538395 0 
0.516251 0.517224 0 
0.516234 0.517569 0 
0.516212 0.540443 0 
0.516212 0.518352 0 
0.51621 0.51762 0 
0.51619 0.517022 0 
0.516183 0.538395 0 
0.516104 0.542304 0 
0.516018 0.539799 0 
0.516017 0.543462 0 
0.516012 0.542118 0 
0.515982 0.516753 0 
0.515979 0.519211 0 
0.515965 0.538395 0 
0.515957 0.517544 0 
0.51593 0.543637 0 
0.515913 0.542208 0 
0.515905 0.52173 0 
0.515888 0.51617 0 
0.515881 0.548066 0 
0.515863 0.51709 0 
0.515827 0.540469 0 
0.515816 0.542907 0 
0.51578 0.541281 0 
0.515769 0.543606 0 
0.515763 0.518899 0 
0.515734 0.516012 0 
0.515724 0.516177 0 
0.515697 0.544025 0 
0.515691 0.545305 0 
0.51569 0.541255 0 
0.515656 0.517631 0 
0.515648 0.520548 0 
0.515637 0.541704 0 
0.515622 0.539259 0 
0.515607 0.542551 0 
0.515605 0.51762 0 
0.515544 0.517616 0 
0.51552 0.545177 0 
0.515518 0.517981 0 
0.515517 0.519225 0 
0.515501 0.520646 0 
0.515501 0.542615 0 
0.515486 0.540948 0 
0.515452 0.517851 0 
0.515429 0.542894 0 
0.515408 0.520548 0 
0.515404 0.540948 0 
0.515402 0.520746 0 
0.515362 0.516505 0 
0.515362 0.542393 0 
0.515311 0.540443 0 
0.515288 0.543002 0 
0.515274 0.517413 0 
0.515261 0.541215 0 
0.515236 0.54401 0 
0.51522 0.542551 0 
0.515212 0.540984 0 
0.515183 0.54095 0 
0.515178 0.541003 0 
0.515174 0.541217 0 
0.515104 0.536645 0 
0.515101 0.519766 0 
0.515072 0.544375 0 
0.515062 0.518128 0 
0.515038 0.518138 0 
0.515032 0.51882 0 
0.51503 0.515576 0 
0.515029 0.53912 0 
0.515029 0.515667 0 
0.515021 0.540747 0 
0.51502 0.541353 0 
0.514981 0.521347 0 
0.514949 0.541003 0 
0.514947 0.54343 0 
0.514915 0.517131 0 
0.514888 0.540298 0 
0.514879 0.517994 0 
0.514841 0.518815 0 
0.514834 0.519329 0 
0.514818 0.540382 0 
0.514798 0.515626 0 
0.514786 0.544785 0 
0.514767 0.519105 0 
0.514696 0.515232 0 
0.514667 0.519766 0 
0.514645 0.51876 0 
0.51463 0.515876 0 
0.514629 0.51926 0 
0.514626 0.541324 0 
0.514606 0.540382 0 
0.514574 0.518969 0 
0.514517 0.536645 0 
0.514515 0.517204 0 
0.514509 0.517851 0 
0.514505 0.543024 0 
0.514493 0.539597 0 
0.514473 0.540851 0 
0.514439 0.51868 0 
0.514436 0.538524 0 
0.51442 0.539259 0 
0.514414 0.540988 0 
0.5144 0.519577 0 
0.514395 0.514632 0 
0.514355 0.51978 0 
0.514302 0.539671 0 
0.514296 0.516025 0 
0.514275 0.539259 0 
0.51427 0.51926 0 
0.514269 0.517048 0 
0.514268 0.539567 0 
0.514264 0.52173 0 
0.514243 0.516071 0 
0.514225 0.537941 0 
0.514204 0.54136 0 
0.514177 0.542208 0 
0.514158 0.541272 0 
0.514122 0.52034 0 
0.5141 0.540298 0 
0.514078 0.520452 0 
0.514049 0.520008 0 
0.514046 0.540346 0 
0.514044 0.538608 0 
0.514025 0.546263 0 
0.514007 0.541323 0 
0.513992 0.539259 0 
0.513991 0.515894 0 
0.51396 0.516013 0 
0.513957 0.541982 0 
0.513939 0.542328 0 
0.513859 0.539679 0 
0.513859 0.514625 0 
0.51385 0.544661 0 
0.513837 0.545358 0 
0.513835 0.541214 0 
0.513827 0.542902 0 
0.513824 0.518901 0 
0.513812 0.523455 0 
0.513799 0.515421 0 
0.513789 0.517884 0 
0.513776 0.541103 0 
0.51376 0.538348 0 
0.513733 0.539567 0 
0.513701 0.542808 0 
0.513681 0.515201 0 
0.513677 0.516179 0 
0.51366 0.539376 0 
0.513631 0.540443 0 
0.513594 0.516998 0 
0.513586 0.541353 0 
0.513576 0.540948 0 
0.513547 0.545945 0 
0.513528 0.53912 0 
0.513526 0.543155 0 
0.5135 0.543183 0 
0.513484 0.540877 0 
0.513481 0.54108 0 
0.513474 0.538348 0 
0.513428 0.519066 0 
0.513423 0.539376 0 
0.51336 0.541324 0 
0.513353 0.54549 0 
0.513324 0.518009 0 
0.513323 0.513861 0 
0.513308 0.542081 0 
0.513304 0.542554 0 
0.513299 0.542974 0 
0.513276 0.540988 0 
0.513275 0.541982 0 
0.513258 0.51517 0 
0.513145 0.538686 0 
0.513106 0.516984 0 
0.513074 0.539835 0 
0.51304 0.542021 0 
0.512969 0.518901 0 
0.512969 0.545945 0 
0.512962 0.539433 0 
0.512962 0.541273 0 
0.512948 0.542172 0 
0.512946 0.540315 0 
0.512913 0.542343 0 
0.512888 0.514215 0 
0.512879 0.541103 0 
0.512835 0.540866 0 
0.512827 0.540334 0 
0.512826 0.540947 0 
0.512805 0.520328 0 
0.512769 0.545465 0 
0.512762 0.539726 0 
0.512699 0.516155 0 
0.512687 0.543606 0 
0.512658 0.541255 0 
0.512654 0.54147 0 
0.51263 0.543155 0 
0.51263 0.512991 0 
0.512616 0.538608 0 
0.512589 0.538686 0 
0.512576 0.541323 0 
0.512552 0.512988 0 
0.512509 0.541281 0 
0.512456 0.545832 0 
0.512452 0.541339 0 
0.512434 0.54246 0 
0.512427 0.542915 0 
0.512391 0.540265 0 
0.512379 0.540298 0 
0.512353 0.544513 0 
0.512347 0.542531 0 
0.512343 0.539726 0 
0.512335 0.540655 0 
0.512293 0.542343 0 
0.512201 0.541338 0 
0.51211 0.544216 0 
0.512072 0.540877 0 
0.512034 0.517713 0 
0.512027 0.541704 0 
0.511957 0.542785 0 
0.511901 0.542172 0 
0.511876 0.54223 0 
0.511796 0.51409 0 
0.511784 0.548256 0 
0.511777 0.542249 0 
0.511763 0.542268 0 
0.511758 0.542172 0 
0.511732 0.542559 0 
0.511704 0.544271 0 
0.511696 0.543553 0 
0.511666 0.543971 0 
0.511656 0.542624 0 
0.51163 0.542573 0 
0.511609 0.543198 0 
0.511573 0.544046 0 
0.511556 0.542715 0 
0.511496 0.540469 0 
0.511492 0.542656 0 
0.511487 0.54285 0 
0.511455 0.543462 0 
0.511451 0.544075 0 
0.511368 0.541808 0 
0.511355 0.546941 0 
0.511355 0.544596 0 
0.511301 0.54136 0 
0.51116 0.543002 0 
0.511116 0.540947 0 
0.510899 0.542551 0 
0.510882 0.546323 0 
0.510849 0.543183 0 
0.510792 0.541339 0 
0.51074 0.543256 0 
0.510727 0.543637 0 
0.510594 0.514124 0 
0.510462 0.547242 0 
0.510403 0.543892 0 
0.510299 0.544953 0 
0.51019 0.54549 0 
0.510042 0.547609 0 
0.51 0.54569 0 
0.509946 0.545025 0 
0.509873 0.54515 0 
0.509859 0.546983 0 
0.509753 0.54691 0 
0.509726 0.549536 0 
0.509469 0.544381 0 
0.509242 0.546471 0 
0.508924 0.5447 0 
0.218658 0.228138 1 
0.217614 0.232678 1 
0.217357 0.225671 1 
0.217238 0.230225 1 
0.216749 0.224945 1 
0.216746 0.225254 1 
0.216728 0.222632 1 
0.216699 0.223027 1 
0.216253 0.221045 1 
0.216232 0.229474 1 
0.215841 0.220577 1 
0.215792 0.217895 1 
0.215713 0.222801 1 
0.215698 0.219103 1 
0.215557 0.227732 1 
0.215507 0.230451 1 
0.215431 0.219856 1 
0.215316 0.224018 1 
0.21531 0.225541 1 
0.215058 0.228254 1 
0.214975 0.224855 1 
0.214951 0.225624 1 
0.214861 0.225264 1 
0.214832 0.223023 1 
0.214829 0.225264 1 
0.214698 0.224855 1 
0.214684 0.221975 1 
0.214668 0.224991 1 
0.214622 0.229199 1 
0.21452 0.228845 1 
0.214461 0.223335 1 
0.214414 0.225178 1 
0.214414 0.22569 1 
0.214404 0.220351 1 
0.214351 0.22339 1 
0.214333 0.223893 1 
0.214301 0.221895 1 
0.214295 0.22354 1 
0.21428 0.22339 1 
0.214277 0.221079 1 
0.214244 0.224018 1 
0.214235 0.22569 1 
0.214208 0.225105 1 
0.214155 0.221486 1 
0.214104 0.226129 1 
0.214008 0.226985 1 
0.213989 0.225624 1 
0.213904 0.218503 1 
0.213893 0.227278 1 
0.21375 0.220351 1 
0.213682 0.223909 1 
0.213651 0.223276 1 
0.213537 0.227838 1 
0.213501 0.223215 1 
0.213494 0.223481 1 
0.213453 0.229474 1 
0.213444 0.223919 1 
0.213393 0.221347 1 
0.213384 0.225106 1 
0.213369 0.219856 1 
0.213349 0.228693 1 
0.213301 0.223302 1 
0.213272 0.226868 1 
0.21325 0.224018 1 
0.213109 0.226459 1 
0.213106 0.226162 1 
0.213097 0.222954 1 
0.21309 0.227885 1 
0.213072 0.223481 1 
0.213069 0.220824 1 
0.213046 0.227339 1 
0.213027 0.222273 1 
0.213001 0.219103 1 
0.212933 0.22811 1 
0.212903 0.220148 1 
0.212891 0.224425 1 
0.212848 0.22339 1 
0.212795 0.229474 1 
0.212792 0.222954 1 
0.212785 0.227514 1 
0.212777 0.221486 1 
0.212723 0.221079 1 
0.212719 0.220975 1 
0.212623 0.226646 1 
0.212621 0.225372 1 
0.212514 0.219983 1 
0.21251 0.222643 1 
0.21249 0.225148 1 
0.212489 0.228137 1 
0.212432 0.228858 1 
0.212427 0.219983 1 
0.21242 0.225512 1 
0.212411 0.223276 1 
0.212388 0.221162 1 
0.212371 0.225576 1 
0.212355 0.227339 1 
0.212329 0.232803 1 
0.212285 0.231517 1 
0.212263 0.226502 1 
0.212233 0.225389 1 
0.212229 0.213168 1 
0.212224 0.221975 1 
0.212221 0.227102 1 
0.21214 0.223335 1 
0.212068 0.23206 1 
0.212043 0.224207 1 
0.211964 0.223329 1 
0.211917 0.221598 1 
0.211878 0.223027 1 
0.211849 0.223266 1 
0.211833 0.225774 1 
0.211822 0.222856 1 
0.211728 0.218503 1 
0.211724 0.224913 1 
0.211712 0.228888 1 
0.211592 0.231155 1 
0.211547 0.224676 1 
0.211488 0.229825 1 
0.211484 0.221895 1 
0.21146 0.221834 1 
0.211442 0.219983 1 
0.211435 0.225316 1 
0.211416 0.21305 1 
0.211411 0.224018 1 
0.211371 0.225267 1 
0.211359 0.211569 1 
0.211312 0.221944 1 
0.211255 0.223256 1 
0.211243 0.225863 1 
0.211219 0.227514 1 
0.211216 0.225396 1 
0.211201 0.224207 1 
0.211198 0.227429 1 
0.211178 0.224035 1 
0.211121 0.223587 1 
0.211119 0.224379 1 
0.211085 0.225429 1 
0.21106 0.223803 1 
0.211034 0.223128 1 
0.211015 0.23026 1 
0.21101 0.211958 1 
0.211007 0.224533 1 
0.210906 0.219185 1 
0.210854 0.219856 1 
0.21075 0.22339 1 
0.21065 0.217895 1 
0.210623 0.223232 1 
0.210532 0.221347 1 
0.210523 0.221846 1 
0.210481 0.220434 1 
0.210467 0.225145 1 
0.210454 0.224533 1 
0.210451 0.2302 1 
0.210423 0.210605 1 
0.21041 0.219185 1 
0.210398 0.221486 1 
0.210373 0.222738 1 
0.210338 0.21102 1 
0.210333 0.221347 1 
0.210324 0.219185 1 
0.21032 0.221347 1 
0.210237 0.231127 1 
0.210217 0.21091 1 
0.2102 0.211786 1 
0.210198 0.211031 1 
0.210192 0.220577 1 
0.210165 0.221834 1 
0.210162 0.222643 1 
0.210131 0.210248 1 
0.210051 0.221598 1 
0.209942 0.225376 1 
0.209936 0.223114 1 
0.209888 0.219799 1 
0.209858 0.232347 1 
0.209806 0.228102 1 
0.209805 0.221347 1 
0.209798 0.223114 1 
0.209753 0.223213 1 
0.209727 0.224753 1 
0.209719 0.225267 1 
0.209697 0.225888 1 
0.209692 0.219103 1 
0.209668 0.211427 1 
0.209605 0.222954 1 
0.20953 0.224533 1 
0.20948 0.211096 1 
0.209425 0.224945 1 
0.209425 0.231084 1 
0.209386 0.219861 1 
0.209324 0.226224 1 
0.209277 0.211337 1 
0.20926 0.224137 1 
0.209248 0.209862 1 
0.209196 0.209725 1 
0.209194 0.211097 1 
0.209185 0.210423 1 
0.209104 0.220434 1 
0.209024 0.227536 1 
0.209019 0.209701 1 
0.208976 0.223148 1 
0.208951 0.225294 1 
0.208924 0.209929 1 
0.208866 0.224956 1 
0.20885 0.209408 1 
0.208842 0.217895 1 
0.208788 0.222841 1 
0.208757 0.218295 1 
0.208742 0.223146 1 
0.208738 0.211881 1 
0.208701 0.222643 1 
0.208695 0.222597 1 
0.208659 0.226077 1 
0.208649 0.223481 1 
0.208487 0.208534 1 
0.208478 0.220434 1 
0.208478 0.223481 1 
0.208458 0.211244 1 
0.208436 0.20909 1 
0.208368 0.222165 1 
0.208353 0.228304 1 
0.208349 0.233266 1 
0.208301 0.222801 1 
0.208295 0.223146 1 
0.208259 0.221846 1 
0.208258 0.223302 1 
0.208134 0.209168 1 
0.208096 0.208118 1 
0.20807 0.224807 1 
0.208024 0.208226 1 
0.208017 0.208375 1 
0.207989 0.223587 1 
0.207953 0.22339 1 
0.20789 0.225957 1 
0.207885 0.209361 1 
0.207852 0.209202 1 
0.207842 0.210823 1 
0.207829 0.226143 1 
0.20782 0.221079 1 
0.207796 0.221257 1 
0.20778 0.220824 1 
0.207731 0.207757 1 
0.207671 0.207689 1 
0.207495 0.220824 1 
0.207481 0.223429 1 
0.207478 0.210635 1 
0.207442 0.208534 1 
0.207413 0.221235 1 
0.207374 0.209243 1 
0.207361 0.210097 1 
0.207349 0.20893 1 
0.20731 0.210708 1 
0.207247 0.211442 1 
0.207236 0.220208 1 
0.207231 0.220975 1 
0.207164 0.207929 1 
0.20712 0.220577 1 
0.207111 0.210248 1 
0.207097 0.223329 1 
0.207081 0.223281 1 
0.207081 0.227761 1 
0.20706 0.225106 1 
0.207051 0.223497 1 
0.20705 0.224418 1 
0.20691 0.220434 1 
0.206874 0.224991 1 
0.206827 0.215788 1 
0.206809 0.217895 1 
0.206794 0.223678 1 
0.206789 0.228888 1 
0.206765 0.221846 1 
0.206757 0.231156 1 
0.206661 0.211958 1 
0.206641 0.206931 1 
0.206601 0.209102 1 
0.206576 0.218267 1 
0.20657 0.21 1 
0.206568 0.221257 1 
0.206562 0.209168 1 
0.206553 0.207862 1 
0.206515 0.207585 1 
0.206515 0.227015 1 
0.206454 0.218503 1 
0.206443 0.21913 1 
0.206419 0.222108 1 
0.206406 0.223522 1 
0.206361 0.211244 1 
0.206352 0.224855 1 
0.206319 0.224418 1 
0.206289 0.219799 1 
0.206269 0.209135 1 
0.206262 0.210513 1 
0.206239 0.207601 1 
0.206234 0.206358 1 
0.206219 0.207665 1 
0.206194 0.210285 1 
0.20617 0.208797 1 
0.206149 0.222269 1 
0.206149 0.222196 1 
0.206094 0.223662 1 
0.206075 0.224207 1 
0.206066 0.220824 1 
0.206059 0.207432 1 
0.205995 0.22502 1 
0.205979 0.225703 1 
0.20596 0.206228 1 
0.205923 0.208361 1 
0.20591 0.223256 1 
0.205904 0.207349 1 
0.205899 0.222597 1 
0.205891 0.219185 1 
0.205889 0.218267 1 
0.205837 0.208308 1 
0.205825 0.205851 1 
0.205822 0.221045 1 
0.205765 0.209358 1 
0.205732 0.207275 1 
0.205726 0.222841 1 
0.205724 0.206483 1 
0.205699 0.223032 1 
0.205676 0.223213 1 
0.205675 0.211833 1 
0.205625 0.219185 1 
0.205592 0.222738 1 
0.205582 0.220938 1 
0.205571 0.208888 1 
0.205566 0.221539 1 
0.205539 0.206863 1 
0.205493 0.224425 1 
0.205482 0.208184 1 
0.205482 0.224137 1 
0.205477 0.22463 1 
0.205476 0.220975 1 
0.205408 0.206589 1 
0.205386 0.226129 1 
0.205385 0.211141 1 
0.205342 0.206475 1 
0.205327 0.226736 1 
0.20532 0.221834 1 
0.205244 0.226536 1 
0.205218 0.219983 1 
0.205178 0.221045 1 
0.205156 0.20742 1 
0.205112 0.209867 1 
0.205086 0.218503 1 
0.205042 0.205221 1 
0.20498 0.20537 1 
0.204972 0.210639 1 
0.204926 0.20959 1 
0.204851 0.22376 1 
0.204817 0.223052 1 
0.204812 0.209322 1 
0.204777 0.22473 1 
0.204756 0.209246 1 
0.204749 0.223225 1 
0.204668 0.215788 1 
0.204623 0.223945 1 
0.204621 0.218267 1 
0.204587 0.225148 1 
0.204551 0.223919 1 
0.204508 0.223335 1 
0.204431 0.228254 1 
0.204431 0.205789 1 
0.204102 0.218295 1 
0.204026 0.222632 1 
0.203977 0.218295 1 
0.203779 0.209889 1 
0.203727 0.220938 1 
0.203714 0.207301 1 
0.20365 0.227797 1 
0.203648 0.222801 1 
0.203638 0.207847 1 
0.203488 0.222842 1 
0.203214 0.207668 1 
0.20318 0.219103 1 
0.202858 0.219983 1 
0.201882 0.203588 1 
0.102565 0.104861 2 
0.102463 0.105942 2 
0.101372 0.102937 2 
0.100184 0.103058 2 
0.100146 0.100816 2 
0.0994425 0.10364 2 
0.0993585 0.100514 2 
0.0992638 0.104117 2 
0.0992354 0.102997 2 
0.0992233 0.100782 2 
0.0991564 0.100077 2 
0.0988061 0.104799 2 
0.0986667 0.0988828 2 
0.0985941 0.102419 2 
0.0984208 0.101033 2 
0.0983267 0.0986992 2 
0.0983204 0.102214 2 
0.0983162 0.101228 2 
0.0983095 0.100804 2 
0.0982218 0.101134 2 
0.0982097 0.0982402 2 
0.0982032 0.0993259 2 
0.0980171 0.0988828 2 
0.0979775 0.101563 2 
0.0978493 0.0999341 2 
0.0977328 0.105742 2 
0.0976203 0.0999341 2 
0.097588 0.0982402 2 
0.0975828 0.0981625 2 
0.0975115 0.100514 2 
0.0974981 0.102634 2 
0.0974946 0.103058 2 
0.0974339 0.0980643 2 
0.097432 0.105702 2 
0.0971936 0.105718 2 
0.0970051 0.0983298 2 
0.096995 0.101319 2 
0.0969546 0.0986462 2 
0.0969318 0.100974 2 
0.0968409 0.0982957 2 
0.0968087 0.0993259 2 
0.0967654 0.0986677 2 
0.0967079 0.104559 2 
0.0966556 0.102447 2 
0.0966159 0.0979884 2 
0.0965897 0.100099 2 
0.0965703 0.0982957 2 
0.0965421 0.104225 2 
0.0964487 0.0991355 2 
0.0964192 0.0980828 2 
0.0964111 0.0971304 2 
0.096372 0.0999781 2 
0.096339 0.102169 2 
0.0963092 0.0997313 2 
0.0962508 0.100918 2 
0.0961682 0.0983252 2 
0.0961015 0.0961927 2 
0.0960993 0.100806 2 
0.096079 0.0986462 2 
0.0960733 0.096621 2 
0.0960359 0.100645 2 
0.0960353 0.1009 2 
0.0960283 0.0980672 2 
0.0959867 0.0970252 2 
0.09596 0.097672 2 
0.0959408 0.0972254 2 
0.0959375 0.0984214 2 
0.0958487 0.0971773 2 
0.0958382 0.0982402 2 
0.0958058 0.0983252 2 
0.0957528 0.101689 2 
0.0957296 0.0982931 2 
0.0957256 0.102527 2 
0.0956943 0.0975937 2 
0.0956858 0.0991616 2 
0.0956588 0.0977877 2 
0.0956434 0.105011 2 
0.0956422 0.0959873 2 
0.0955718 0.0979092 2 
0.0954507 0.0983543 2 
0.0954395 0.099576 2 
0.095422 0.100043 2 
0.0954179 0.0997868 2 
0.0954042 0.104843 2 
0.0953869 0.099802 2 
0.095376 0.0954305 2 
0.0953585 0.102447 2 
0.0952525 0.0998634 2 
0.0952469 0.099295 2 
0.0952354 0.1009 2 
0.0952221 0.0977877 2 
0.0952011 0.0952447 2 
0.0951657 0.0996529 2 
0.0951487 0.103133 2 
0.0951117 0.096007 2 
0.0950948 0.101219 2 
0.0950802 0.0995156 2 
0.0950342 0.100935 2 
0.0949964 0.099346 2 
0.0949333 0.101156 2 
0.0949124 0.0971304 2 
0.0949104 0.0985436 2 
0.0948641 0.0967787 2 
0.0948074 0.0974853 2 
0.0947961 0.0979625 2 
0.0947907 0.0978738 2 
0.0947887 0.0990358 2 
0.0947756 0.097672 2 
0.0947457 0.0988458 2 
0.0947433 0.0975644 2 
0.0946684 0.100918 2 
0.0946527 0.0946906 2 
0.0945906 0.0979135 2 
0.0945776 0.0950523 2 
0.0945621 0.0974086 2 
0.0945497 0.104403 2 
0.0945486 0.0950523 2 
0.0945014 0.0956769 2 
0.0944982 0.0995518 2 
0.094488 0.0966415 2 
0.094466 0.100455 2 
0.0944476 0.0961837 2 
0.0944435 0.10574 2 
0.094382 0.0980701 2 
0.0943802 0.0981601 2 
0.094274 0.0961455 2 
0.0941993 0.0982402 2 
0.0941678 0.0970421 2 
0.0941523 0.0979625 2 
0.0940573 0.0986774 2 
0.0939921 0.0962978 2 
0.0939467 0.0980556 2 
0.0939044 0.101064 2 
0.0938911 0.0991616 2 
0.0938726 0.0989156 2 
0.0938701 0.0963631 2 
0.0938473 0.0950114 2 
0.0938066 0.0986462 2 
0.0937773 0.0949374 2 
0.0937433 0.0991616 2 
0.0937381 0.0938305 2 
0.0937043 0.0997567 2 
0.0936706 0.102527 2 
0.0936179 0.0958891 2 
0.0936003 0.094646 2 
0.0935438 0.0966475 2 
0.0935007 0.0979775 2 
0.0934809 0.094329 2 
0.0934524 0.0951241 2 
0.0934524 0.0961295 2 
0.0934131 0.0956043 2 
0.0934051 0.10113 2 
0.0933996 0.0968061 2 
0.0933717 0.0956769 2 
0.0933023 0.097672 2 
0.0932881 0.0961295 2 
0.0932686 0.0935301 2 
0.0932441 0.0955818 2 
0.0932406 0.0996919 2 
0.0932148 0.0933225 2 
0.0932145 0.0961295 2 
0.0931841 0.095534 2 
0.0931332 0.10364 2 
0.0931243 0.0979147 2 
0.0931151 0.0933685 2 
0.0930537 0.0984941 2 
0.0930338 0.0989156 2 
0.0930231 0.0954305 2 
0.0929518 0.0966415 2 
0.0929294 0.0961927 2 
0.0929286 0.0929758 2 
0.0929246 0.0961295 2 
0.0929241 0.0929525 2 
0.0928969 0.0998829 2 
0.0928889 0.10072 2 
0.092837 0.0933891 2 
0.0928032 0.0958891 2 
0.0927994 0.0933812 2 
0.0926367 0.0938283 2 
0.0926092 0.0938305 2 
0.0925752 0.097449 2 
0.0925627 0.0992927 2 
0.0925309 0.0963631 2 
0.0924724 0.0935994 2 
0.0924522 0.0986677 2 
0.0924512 0.0977877 2 
0.0924176 0.0995018 2 
0.0923957 0.0929811 2 
0.0923616 0.0986462 2 
0.092316 0.0925675 2 
0.0922757 0.0961204 2 
0.0922483 0.0932537 2 
0.0922342 0.0991563 2 
0.0921903 0.0939098 2 
0.0921886 0.0975644 2 
0.0921532 0.0971304 2 
0.0921387 0.0974215 2 
0.0921376 0.104515 2 
0.0921347 0.0977877 2 
0.0920951 0.0953743 2 
0.0919837 0.0982104 2 
0.0917876 0.0924931 2 
0.0916959 0.0985436 2 
0.0916435 0.0969172 2 
0.0916416 0.0935381 2 
0.0916407 0.099176 2 
0.09164 0.0927434 2 
0.0916335 0.0917081 2 
0.0916295 0.09714 2 
0.0915268 0.0982931 2 
0.0915134 0.0961455 2 
0.0915055 0.10139 2 
0.0914575 0.0984941 2 
0.0914564 0.0974086 2 
0.0913742 0.10014 2 
0.091266 0.0933891 2 
0.0912414 0.0912458 2 
0.0912093 0.0922759 2 
0.0911462 0.0988828 2 
0.0911251 0.0945894 2 
0.0910379 0.0992831 2 
0.0910133 0.0938275 2 
0.0909836 0.0950523 2 
0.0909748 0.0947766 2 
0.0909686 0.0977877 2 
0.0909478 0.0956043 2 
0.0909073 0.0944318 2 
0.0908944 0.0952302 2 
0.0908838 0.0908966 2 
0.090831 0.0921861 2 
0.0908278 0.0917081 2 
0.0908154 0.0911877 2 
0.0908026 0.0926166 2 
0.0907873 0.0938305 2 
0.0907767 0.0961455 2 
0.0907596 0.0982957 2 
0.0907565 0.0916924 2 
0.0907513 0.0916875 2 
0.0907457 0.0914379 2 
0.09071 0.0956043 2 
0.0906944 0.0983956 2 
0.0906772 0.0972848 2 
0.0906507 0.0941695 2 
0.0906252 0.0992304 2 
0.0906113 0.0909809 2 
0.0906097 0.09714 2 
0.0906026 0.0990358 2 
0.0905532 0.0934128 2 
0.0905404 0.0910757 2 
0.0905034 0.0959873 2 
0.0904191 0.101229 2 
0.090419 0.0968061 2 
0.0904117 0.0974448 2 
0.0903458 0.0924856 2 
0.0903407 0.0955228 2 
0.090314 0.0993423 2 
0.090313 0.0908027 2 
0.0902653 0.0912367 2 
0.0902533 0.0933491 2 
0.0902242 0.0988458 2 
0.0902099 0.10078 2 
0.0902085 0.0914408 2 
0.0901697 0.095534 2 
0.0901664 0.0909929 2 
0.090164 0.0987746 2 
0.0901226 0.0955818 2 
0.0900593 0.0976862 2 
0.0900394 0.0928029 2 
0.0900052 0.0927434 2 
0.0899825 0.0959873 2 
0.0899625 0.0971773 2 
0.0899612 0.0960203 2 
0.0899379 0.100949 2 
0.0899012 0.0980672 2 
0.0898877 0.0932499 2 
0.0898312 0.0960203 2 
0.0897764 0.0917504 2 
0.0897337 0.0986405 2 
0.089694 0.0898122 2 
0.0896664 0.0979775 2 
0.0896543 0.0986992 2 
0.0896386 0.0907527 2 
0.0896378 0.0995949 2 
0.0896294 0.0938275 2 
0.0896252 0.0933753 2 
0.0896237 0.0910971 2 
0.0895931 0.0909531 2 
0.0895898 0.0938468 2 
0.0895599 0.0994062 2 
0.0895257 0.0945836 2 
0.0894794 0.0930639 2 
0.0894538 0.0956043 2 
0.0894456 0.0895099 2 
0.0894201 0.090308 2 
0.0893946 0.0914798 2 
0.0893944 0.0983543 2 
0.0893915 0.091732 2 
0.0893149 0.0913273 2 
0.0892414 0.0967337 2 
0.0891876 0.0938305 2 
0.0891799 0.0930639 2 
0.0891787 0.0981712 2 
0.0891373 0.0907829 2 
0.0891306 0.0951241 2 
0.0891245 0.0900542 2 
0.0891142 0.0971255 2 
0.0890985 0.0937882 2 
0.0890803 0.0917504 2 
0.0890087 0.0969888 2 
0.0889899 0.0903248 2 
0.0889899 0.0913273 2 
0.0889784 0.0891888 2 
0.0889695 0.0975937 2 
0.0889606 0.0911309 2 
0.0889434 0.0894638 2 
0.0889373 0.0985876 2 
0.0889364 0.0961138 2 
0.0889301 0.099576 2 
0.0889283 0.0892258 2 
0.0889241 0.0959873 2 
0.0889197 0.097449 2 
0.0888929 0.0979175 2 
0.0888287 0.0894094 2 
0.0888253 0.0908224 2 
0.088795 0.0922896 2 
0.0887671 0.0898364 2 
0.0887546 0.0911441 2 
0.0887127 0.0918862 2 
0.0886847 0.095534 2 
0.0886341 0.0980828 2 
0.088531 0.0901614 2 
0.0884937 0.0966415 2 
0.0884827 0.091489 2 
0.0883267 0.0960203 2 
0.0882968 0.0956661 2 
0.0882287 0.0980556 2 
0.0882272 0.0917589 2 
0.0882192 0.0956661 2 
0.0882094 0.0927113 2 
0.0881951 0.0927363 2 
0.0881688 0.0889213 2 
0.0881667 0.0931546 2 
0.0881197 0.0918545 2 
0.088101 0.0898317 2 
0.0880741 0.097056 2 
0.0880235 0.0931053 2 
0.0879337 0.0938039 2 
0.0878828 0.0950523 2 
0.0878287 0.0887125 2 
0.0877703 0.0913273 2 
0.08776 0.0934128 2 
0.0876029 0.0905621 2 
0.0875705 0.0935381 2 
0.0874615 0.0950523 2 
0.087413 0.0910667 2 
0.0873928 0.0971773 2 
0.0873238 0.0891757 2 
0.0873219 0.0908543 2 
0.0870536 0.0935381 2 
0.0868986 0.0975999 2 
0.0868121 0.0881536 2 
0.0860012 0.0953743 2 
0.0491352 0.0492487 3 
0.0490465 0.0501795 3 
0.048864 0.0494575 3 
0.0481591 0.0481679 3 
0.0476698 0.048662 3 
0.047556 0.0510813 3 
0.0473184 0.0503358 3 
0.0473067 0.0477702 3 
0.0471954 0.0500886 3 
0.0471679 0.0500711 3 
0.0470587 0.0475493 3 
0.0470569 0.0472533 3 
0.0468622 0.0479705 3 
0.0468154 0.0502279 3 
0.0467704 0.0491097 3 
0.0464149 0.0478675 3 
0.0463297 0.0472357 3 
0.0463058 0.0463601 3 
0.0462724 0.0469761 3 
0.0459769 0.0469664 3 
0.0458831 0.0468728 3 
0.0458567 0.048216 3 
0.0458294 0.0458956 3 
0.0458115 0.04679 3 
0.0457181 0.0468484 3 
0.0456763 0.0466199 3 
0.045631 0.0462687 3 
0.0456302 0.0463974 3 
0.0456103 0.048838 3 
0.045599 0.0463654 3 
0.0455767 0.0461308 3 
0.0455421 0.0479402 3 
0.0455395 0.0459597 3 
0.0455292 0.0487837 3 
0.0454455 0.0485095 3 
0.0454108 0.0467437 3 
0.0454012 0.0499419 3 
0.045383 0.0465443 3 
0.0453676 0.0456607 3 
0.045333 0.0456853 3 
0.0452973 0.0459424 3 
0.0451863 0.04679 3 
0.0451434 0.0463878 3 
0.0451298 0.0466671 3 
0.0451248 0.0459998 3 
0.0450703 0.0466156 3 
0.0450673 0.0464308 3 
0.0450294 0.0473034 3 
0.0450154 0.048216 3 
0.0450077 0.0507078 3 
0.0449637 0.0494741 3 
0.0449455 0.0457462 3 
0.0449347 0.0469612 3 
0.0447807 0.046138 3 
0.0447242 0.0459422 3 
0.0446966 0.0456527 3 
0.0446785 0.0457938 3 
0.0446331 0.0451125 3 
0.0445988 0.0454248 3 
0.0445207 0.0470584 3 
0.0444812 0.0453469 3 
0.0444224 0.0472837 3 
0.0444132 0.0449577 3 
0.0444118 0.0469761 3 
0.0444062 0.0456934 3 
0.0443526 0.0462262 3 
0.0442875 0.046138 3 
0.0442859 0.0449798 3 
0.0442518 0.046138 3 
0.0442124 0.0446807 3 
0.0441455 0.0456003 3 
0.044135 0.0450982 3 
0.0441163 0.0472341 3 
0.0440445 0.0451418 3 
0.0440409 0.0445663 3 
0.0440055 0.0458225 3 
0.0439979 0.0441382 3 
0.0439708 0.0440299 3 
0.043917 0.0442563 3 
0.0439134 0.0444163 3 
0.0438807 0.0462438 3 
0.0438613 0.0439374 3 
0.0438501 0.0439973 3 
0.043825 0.0446259 3 
0.0437645 0.0445438 3 
0.0437283 0.0460001 3 
0.0436986 0.0441855 3 
0.0436569 0.0448542 3 
0.0436317 0.0438626 3 
0.0436136 0.049591 3 
0.0436082 0.0441245 3 
0.0436046 0.0449551 3 
0.043595 0.0437696 3 
0.0435923 0.0440592 3 
0.0435727 0.0447171 3 
0.0435465 0.0441245 3 
0.0435427 0.044433 3 
0.0435293 0.0459453 3 
0.043461 0.0442963 3 
0.0434451 0.046292 3 
0.0434431 0.0436281 3 
0.0434415 0.0444771 3 
0.043427 0.0435598 3 
0.0434258 0.045173 3 
0.0434024 0.0444619 3 
0.043374 0.0434431 3 
0.0433254 0.0433272 3 
0.0433211 0.0438287 3 
0.0433131 0.0473042 3 
0.0432863 0.0451273 3 
0.0432658 0.0451557 3 
0.04325 0.0441776 3 
0.0432474 0.0449798 3 
0.0432191 0.0461133 3 
0.0431929 0.0444388 3 
0.0430468 0.0431968 3 
0.0430468 0.0448542 3 
0.0430221 0.0459787 3 
0.0429986 0.0436213 3 
0.0429536 0.0436963 3 
0.0429271 0.0441497 3 
0.0429058 0.0462081 3 
0.0429029 0.0454801 3 
0.0428812 0.0467397 3 
0.0428588 0.0455453 3 
0.0428587 0.0429388 3 
0.0428537 0.0443715 3 
0.0428139 0.0439211 3 
0.0427989 0.0471045 3 
0.0427797 0.0443184 3 
0.0427677 0.0443232 3 
0.0427469 0.0463699 3 
0.0426888 0.0431008 3 
0.0426883 0.0459422 3 
0.042623 0.0448542 3 
0.0426106 0.0444591 3 
0.0425459 0.0433081 3 
0.0425243 0.0428583 3 
0.0425174 0.0460501 3 
0.0425034 0.0449096 3 
0.0424337 0.0434537 3 
0.042391 0.0433342 3 
0.0423742 0.0431008 3 
0.0423643 0.0444591 3 
0.0423398 0.0428927 3 
0.0423181 0.0434537 3 
0.0423016 0.0423166 3 
0.0422964 0.0442323 3 
0.0422954 0.0446305 3 
0.0422502 0.0448622 3 
0.0422245 0.0461129 3 
0.0421968 0.0446075 3 
0.0421773 0.0431372 3 
0.0421601 0.0445766 3 
0.0421598 0.0455296 3 
0.042126 0.0430912 3 
0.0421222 0.0467338 3 
0.0421095 0.0474031 3 
0.0420725 0.0458956 3 
0.0420567 0.0427024 3 
0.0420355 0.0449431 3 
0.0420337 0.0426476 3 
0.0419944 0.04417 3 
0.0419905 0.0423427 3 
0.0419566 0.0434115 3 
0.0419281 0.0454046 3 
0.0419095 0.0420903 3 
0.0419078 0.0461991 3 
0.041907 0.0443232 3 
0.0419061 0.0439211 3 
0.0419051 0.0428857 3 
0.0418942 0.0461181 3 
0.0418581 0.0436414 3 
0.0418449 0.0457462 3 
0.0418181 0.0431957 3 
0.0418034 0.0418326 3 
0.0417878 0.0470836 3 
0.0417786 0.0456218 3 
0.0416708 0.0431968 3 
0.0416513 0.0444619 3 
0.0416342 0.0462429 3 
0.0416133 0.0433384 3 
0.0415626 0.0452564 3 
0.0415425 0.0450776 3 
0.0415213 0.0420166 3 
0.041517 0.0446305 3 
0.0414975 0.0427803 3 
0.0414754 0.0433384 3 
0.0414457 0.0418264 3 
0.0414451 0.045234 3 
0.04144 0.046082 3 
0.0413962 0.0461308 3 
0.0413556 0.043539 3 
0.0413492 0.0422935 3 
0.0413476 0.0451948 3 
0.0413279 0.0416486 3 
0.0413014 0.042346 3 
0.0413014 0.0463005 3 
0.0412992 0.0436414 3 
0.0412974 0.0450964 3 
0.0412598 0.0450964 3 
0.0412523 0.0420403 3 
0.0412404 0.0430853 3 
0.0412379 0.0431968 3 
0.0412118 0.0420295 3 
0.0412048 0.0436575 3 
0.0411895 0.044065 3 
0.0411816 0.0422821 3 
0.0411596 0.0418962 3 
0.0411539 0.042181 3 
0.0411492 0.0446684 3 
0.041103 0.0429465 3 
0.0410951 0.0422226 3 
0.0410562 0.0420163 3 
0.0410484 0.0418962 3 
0.0410371 0.0414163 3 
0.0410333 0.0438235 3 
0.0410313 0.0426261 3 
0.0410087 0.0433689 3 
0.0409889 0.0412907 3 
0.0409514 0.0411632 3 
0.0409271 0.0447354 3 
0.0408998 0.044789 3 
0.0408734 0.044166 3 
0.0408672 0.0449743 3 
0.0408535 0.0428927 3 
0.0408216 0.0458863 3 
0.0408209 0.0446075 3 
0.0407594 0.0414224 3 
0.0407403 0.0412301 3 
0.0407334 0.0421366 3 
0.040707 0.0444591 3 
0.0406933 0.0429465 3 
0.0406931 0.0428857 3 
0.0406678 0.0442386 3 
0.0406574 0.0448498 3 
0.0406551 0.0440484 3 
0.0406364 0.0414557 3 
0.040616 0.0433289 3 
0.0405722 0.0424937 3 
0.0405721 0.0424532 3 
0.0405187 0.0449917 3 
0.040504 0.0413458 3 
0.0405003 0.044433 3 
0.0404965 0.0414716 3 
0.040475 0.0416264 3 
0.0404572 0.0441754 3 
0.0404511 0.0444388 3 
0.0404299 0.0412386 3 
0.0403747 0.0404097 3 
0.0403719 0.0437671 3 
0.0403237 0.0435061 3 
0.0402753 0.0451948 3 
0.0402411 0.0416486 3 
0.0402012 0.0436179 3 
0.0401876 0.0434518 3 
0.040181 0.0426954 3 
0.0401708 0.0410136 3 
0.0401643 0.0427458 3 
0.0401583 0.0444059 3 
0.0401468 0.0436213 3 
0.0401394 0.0430853 3 
0.0401268 0.0430108 3 
0.0400988 0.0419702 3 
0.0399877 0.043284 3 
0.0399504 0.043284 3 
0.0399461 0.043284 3 
0.0398358 0.0427298 3 
0.0398334 0.0433127 3 
0.0398314 0.043284 3 
0.0398022 0.0424254 3 
0.0397858 0.0447944 3 
0.039556 0.0444194 3 
0.0395405 0.0410546 3 
0.0391859 0.0434002 3 
0.0390265 0.0399935 3 
0.0390204 0.0434115 3 
0.0251694 0.0254688 4 
0.0239461 0.0247924 4 
0.0239153 0.0249873 4 
0.0238673 0.0252072 4 
0.0238474 0.0244096 4 
0.023518 0.0244425 4 
0.0233134 0.0238372 4 
0.0232175 0.0232969 4 
0.0230234 0.0250662 4 
0.0229311 0.0230642 4 
0.0228665 0.0238115 4 
0.0227761 0.0235173 4 
0.0227409 0.0228672 4 
0.0226971 0.02327 4 
0.0226513 0.0231207 4 
0.0226407 0.0236299 4 
0.0225684 0.0229254 4 
0.0225045 0.023221 4 
0.0225007 0.0239283 4 
0.0224954 0.0235173 4 
0.0224486 0.0225325 4 
0.0224187 0.0232997 4 
0.0223247 0.0223702 4 
0.0223243 0.0223321 4 
0.0222495 0.0225439 4 
0.0221958 0.0222658 4 
0.0221779 0.0240644 4 
0.0221399 0.0223277 4 
0.0220679 0.0226465 4 
0.0220574 0.0250381 4 
0.022037 0.0220816 4 
0.02199 0.0225315 4 
0.0219429 0.0229432 4 
0.0219386 0.0227715 4 
0.0217941 0.0220816 4 
0.0217859 0.0225849 4 
0.0217189 0.0222562 4 
0.0217013 0.0221805 4 
0.0216141 0.0221615 4 
0.0216043 0.0223398 4 
0.0215779 0.0215905 4 
0.0215751 0.0218511 4 
0.0215013 0.0217489 4 
0.0214962 0.0226998 4 
0.0214916 0.0241862 4 
0.0214772 0.0217962 4 
0.0214418 0.0218611 4 
0.0214356 0.0222505 4 
0.0214094 0.0234996 4 
0.0214085 0.0215763 4 
0.0213857 0.0224698 4 
0.02137 0.0214582 4 
0.0213698 0.0228437 4 
0.0213609 0.0221234 4 
0.0213204 0.0218752 4 
0.0213195 0.0218445 4 
0.0213159 0.021343 4 
0.0212996 0.0215476 4 
0.0212898 0.02232 4 
0.0212565 0.0223726 4 
0.0212403 0.0218611 4 
0.0211503 0.02192 4 
0.0211384 0.0219629 4 
0.0211338 0.0214354 4 
0.0211269 0.0218789 4 
0.0211098 0.0212775 4 
0.0210968 0.0213261 4 
0.0210737 0.0212493 4 
0.0210635 0.0221304 4 
0.0210574 0.0212043 4 
0.021017 0.0215893 4 
0.0209713 0.0223582 4 
0.0209546 0.0209644 4 
0.0208949 0.0210375 4 
0.0208843 0.0213584 4 
0.0208391 0.0216997 4 
0.0208275 0.0210375 4 
0.0208161 0.0210185 4 
0.020814 0.0210185 4 
0.0207923 0.0222761 4 
0.0207766 0.0222658 4 
0.0207289 0.0221454 4 
0.020687 0.0221454 4 
0.0206542 0.0223721 4 
0.0206453 0.0221271 4 
0.0206325 0.0211396 4 
0.0206245 0.0220796 4 
0.0206225 0.0225039 4 
0.0206224 0.0213923 4 
0.0206209 0.0210752 4 
0.0206042 0.0206258 4 
0.0205496 0.0212815 4 
0.0205153 0.021417 4 
0.0205081 0.0221161 4 
0.0205054 0.0215609 4 
0.0205034 0.0215678 4 
0.0204804 0.0209663 4 
0.0204793 0.022901 4 
0.0204285 0.0206601 4 
0.020409 0.0207698 4 
0.0204052 0.0230268 4 
0.0203966 0.0205387 4 
0.0203875 0.0208005 4 
0.0203848 0.0224004 4 
0.0203504 0.0208161 4 
0.0203441 0.0204572 4 
0.0203307 0.0218961 4 
0.0202933 0.0225028 4 
0.0202733 0.0206627 4 
0.0202659 0.022197 4 
0.020259 0.02094 4 
0.0202509 0.0207593 4 
0.0202298 0.0219844 4 
0.0202207 0.0210752 4 
0.0201942 0.0204366 4 
0.0201925 0.0202299 4 
0.0201843 0.0206546 4 
0.0201838 0.0216798 4 
0.0201836 0.0222764 4 
0.0201727 0.0214608 4 
0.0201234 0.0209011 4 
0.0201129 0.0202563 4 
0.0201026 0.0201691 4 
0.0200969 0.0223398 4 
0.020083 0.0208246 4 
0.0200777 0.0214611 4 
0.0200734 0.0221317 4 
0.0200571 0.0215678 4 
0.0200485 0.0216248 4 
0.0200367 0.0203347 4 
0.0200109 0.020589 4 
0.0199886 0.0206023 4 
0.0199832 0.0208 4 
0.0199758 0.0226495 4 
0.0199681 0.0203464 4 
0.0199587 0.021171 4 
0.0199582 0.0221303 4 
0.019956 0.0204213 4 
0.0199536 0.0214733 4 
0.0198996 0.0202563 4 
0.0198904 0.0216248 4 
0.0198869 0.0216103 4 
0.0198651 0.020474 4 
0.019848 0.022145 4 
0.0198032 0.0206746 4 
0.019749 0.0205393 4 
0.0197283 0.0203347 4 
0.0197048 0.0210107 4 
0.0196981 0.0214354 4 
0.0196973 0.0210441 4 
0.0196912 0.0198749 4 
0.0196817 0.0206778 4 
0.019675 0.0222793 4 
0.0196685 0.0198706 4 
0.0196551 0.0202997 4 
0.0196548 0.0210845 4 
0.0196531 0.0209431 4 
0.019651 0.0210347 4 
0.0196393 0.0202284 4 
0.0196018 0.0205387 4 
0.0195923 0.0200865 4 
0.0195868 0.0220816 4 
0.0195836 0.0198598 4 
0.0195798 0.0204672 4 
0.0195533 0.0207238 4 
0.0195498 0.0207712 4 
0.0195147 0.0215939 4 
0.0195119 0.0210073 4 
0.019508 0.022197 4 
0.0195054 0.0202299 4 
0.0195046 0.0220981 4 
0.0194797 0.0202827 4 
0.019474 0.0197506 4 
0.0194365 0.0211396 4 
0.0194296 0.0208 4 
0.0194088 0.0208977 4 
0.0194077 0.0201492 4 
0.0193944 0.0202865 4 
0.0193833 0.021343 4 
0.0193685 0.0201857 4 
0.0193554 0.0208005 4 
0.0193409 0.0206064 4 
0.0193344 0.0197506 4 
0.0193213 0.0209134 4 
0.0193161 0.0202855 4 
0.0193045 0.0212636 4 
0.0193013 0.0212985 4 
0.0192911 0.0223139 4 
0.0192833 0.0206254 4 
0.0192764 0.019376 4 
0.0192644 0.0202506 4 
0.0192606 0.0208408 4 
0.0192525 0.0195766 4 
0.0192158 0.0208068 4 
0.019187 0.0215939 4 
0.0191694 0.0213664 4 
0.0191647 0.0202997 4 
0.0191636 0.0210275 4 
0.0191112 0.0212697 4 
0.0191107 0.0210532 4 
0.0191063 0.0213549 4 
0.0190705 0.0213721 4 
0.0190025 0.0210532 4 
0.0189775 0.0207863 4 
0.0189614 0.0208005 4 
0.0189283 0.0200998 4 
0.018922 0.0206064 4 
0.0188161 0.0203866 4 
0.0188027 0.0202827 4 
0.0187584 0.0202827 4 
0.0187539 0.0203943 4 
0.0187365 0.0214424 4 
0.0186022 0.0210109 4 
0.0184932 0.019596 4 
0.0184459 0.0208246 4 
0.0183322 0.0189588 4 
0.013176 0.0133962 5 
0.0124345 0.0124722 5 
0.0122114 0.0127033 5 
0.0119439 0.012923 5 
0.0119204 0.0121813 5 
0.0117432 0.0118959 5 
0.0116711 0.0123946 5 
0.0116432 0.0118223 5 
0.0115886 0.0117946 5 
0.0115718 0.0117946 5 
0.0115203 0.0115521 5 
0.0113827 0.0117633 5 
0.0113668 0.011502 5 
0.0113607 0.0127033 5 
0.0112737 0.011491 5 
0.0112625 0.0113077 5 
0.0112183 0.0119701 5 
0.0112107 0.0113129 5 
0.0111146 0.0116424 5 
0.0110584 0.0111391 5 
0.0110309 0.0119777 5 
0.0110213 0.0114286 5 
0.0110174 0.0110539 5 
0.0109658 0.0111345 5 
0.0109418 0.0111791 5 
0.0109034 0.0112972 5 
0.0109022 0.0119808 5 
0.0109009 0.0109611 5 
0.0108751 0.0110438 5 
0.0108394 0.0110075 5 
0.0107971 0.0111034 5 
0.0107821 0.010961 5 
0.0107372 0.0108277 5 
0.0107349 0.0110131 5 
0.0107022 0.0109489 5 
0.0106816 0.011123 5 
0.0106666 0.0107707 5 
0.0106606 0.0109305 5 
0.0106533 0.0111552 5 
0.0106451 0.0110124 5 
0.0106326 0.010974 5 
0.0106183 0.0112971 5 
0.0106103 0.0108147 5 
0.0105655 0.0109637 5 
0.0105542 0.0106588 5 
0.0105381 0.0110275 5 
0.0105277 0.0111717 5 
0.0105122 0.0109672 5 
0.0104778 0.011283 5 
0.0104749 0.0104827 5 
0.0104435 0.0106061 5 
0.0104266 0.0108282 5 
0.010425 0.0110594 5 
0.0104183 0.010524 5 
0.0103731 0.0112822 5 
0.0103658 0.0108972 5 
0.0103565 0.0104987 5 
0.0103488 0.0103952 5 
0.0103077 0.0112876 5 
0.0102927 0.0103638 5 
0.0102694 0.0113077 5 
0.0102579 0.010532 5 
0.0102562 0.0112257 5 
0.0102542 0.0108148 5 
0.0102439 0.0106815 5 
0.0102404 0.0107083 5 
0.0102357 0.0107083 5 
0.010222 0.0108158 5 
0.0102156 0.0104922 5 
0.010184 0.0113077 5 
0.0101717 0.0113128 5 
0.0101695 0.0105153 5 
0.0101618 0.0108445 5 
0.010156 0.0115304 5 
0.0101276 0.0101488 5 
0.0101183 0.0104452 5 
0.010117 0.0103585 5 
0.0101074 0.0110375 5 
0.0101054 0.0104204 5 
0.0100997 0.0108699 5 
0.0100993 0.0111372 5 
0.0100898 0.0102074 5 
0.0100702 0.0106299 5 
0.0100462 0.0101247 5 
0.0100434 0.0108385 5 
0.010026 0.0114775 5 
0.0100212 0.0104499 5 
0.0100101 0.01038 5 
0.0100087 0.0108201 5 
0.0100063 0.0101727 5 
0.0100017 0.0104865 5 
0.00999112 0.0104814 5 
0.00998429 0.0110379 5 
0.00996434 0.0102771 5 
0.00996207 0.0106061 5 
0.00994493 0.00997178 5 
0.00993314 0.0101489 5 
0.00991503 0.0100379 5 
0.00990817 0.0104827 5 
0.00989191 0.0104059 5 
0.00987982 0.0102981 5 
0.00987797 0.0103932 5 
0.00986091 0.0110114 5 
0.00985885 0.00991012 5 
0.00985428 0.0105249 5 
0.00983309 0.0107143 5 
0.00982155 0.0106327 5 
0.0098146 0.0102388 5 
0.00981139 0.010309 5 
0.0097923 0.0102753 5 
0.00978799 0.0100032 5 
0.00978214 0.00984336 5 
0.00977562 0.0114443 5 
0.00976752 0.00987893 5 
0.00976668 0.0105137 5 
0.00975251 0.0098221 5 
0.0097322 0.0109294 5 
0.0097311 0.0104371 5 
0.00970718 0.00983149 5 
0.00970716 0.0104452 5 
0.00970389 0.0105153 5 
0.00970122 0.00986288 5 
0.00969321 0.01001 5 
0.00967898 0.0106872 5 
0.00967827 0.0100241 5 
0.00967678 0.0107977 5 
0.00967542 0.0100307 5 
0.00966072 0.0101489 5 
0.00965111 0.0100317 5 
0.00964844 0.0103358 5 
0.00962884 0.00991233 5 
0.00961299 0.0104057 5 
0.00961178 0.00978541 5 
0.00960798 0.0110114 5 
0.00960531 0.00965171 5 
0.00960439 0.0105149 5 
0.00959921 0.0109225 5 
0.00958873 0.00974 5 
0.00958864 0.0104572 5 
0.00958344 0.0105654 5 
0.00958054 0.00975365 5 
0.0095761 0.0104987 5 
0.00957091 0.0099109 5 
0.00956877 0.0101087 5 
0.00956578 0.00963952 5 
0.00956471 0.0103004 5 
0.00956136 0.0101054 5 
0.0095486 0.0106623 5 
0.00954625 0.0100379 5 
0.00952364 0.0111043 5 
0.00952214 0.00976259 5 
0.00951586 0.0101042 5 
0.00951513 0.0103422 5 
0.0095119 0.0100577 5 
0.00951123 0.0103396 5 
0.00950876 0.0103861 5 
0.00949958 0.0101137 5 
0.00948878 0.0103105 5 
0.00946628 0.00986288 5 
0.00946519 0.00958001 5 
0.00945238 0.0107319 5 
0.00943223 0.0101009 5 
0.00941629 0.00997178 5 
0.00936572 0.010695 5 
0.00936079 0.0102753 5 
0.00935071 0.0105353 5 
0.00934475 0.0105108 5 
0.00933293 0.00942761 5 
0.00932573 0.0106051 5 
0.0093036 0.0100814 5 
0.00929191 0.00977462 5 
0.00918743 0.00942761 5 
0.00918563 0.01047 5 
0.00915932 0.0100307 5 
0.0091574 0.00994843 5 
0.00912934 0.0101334 5 
0.00912683 0.0102469 5 
0.00911932 0.0100601 5 
0.00911791 0.0104482 5 
0.00908541 0.0100379 5 
0.00904184 0.00911945 5 
0.00902332 0.00990162 5 
0.00890054 0.00929453 5 
0.00888886 0.00964315 5 
0.00633249 0.00651344 6 
0.00622075 0.00678286 6 
0.00611295 0.00616608 6 
0.00606114 0.00650159 6 
0.0059991 0.00604424 6 
0.00595557 0.00651344 6 
0.00582275 0.00589407 6 
0.00581474 0.00639249 6 
0.00578101 0.00600389 6 
0.00573513 0.0060579 6 
0.0057213 0.00572995 6 
0.0056608 0.00568762 6 
0.00565453 0.00602545 6 
0.00563201 0.00570707 6 
0.00560559 0.00567677 6 
0.00557397 0.00562868 6 
0.0055634 0.00572063 6 
0.00549363 0.00565737 6 
0.0054868 0.00555493 6 
0.00548339 0.00555493 6 
0.00547173 0.00552443 6 
0.00546814 0.00564798 6 
0.00545267 0.00553126 6 
0.00544779 0.00566302 6 
0.00544589 0.00563284 6 
0.00544559 0.00567977 6 
0.00544226 0.00570922 6 
0.00543149 0.00567686 6 
0.00542063 0.00542609 6 
0.00541372 0.00548425 6 
0.00539943 0.00541651 6 
0.00539568 0.00558023 6 
0.00538931 0.00558625 6 
0.00537073 0.00540069 6 
0.00535723 0.00537664 6 
0.00534075 0.00568762 6 
0.00532069 0.00567677 6 
0.00530553 0.00536311 6 
0.00528679 0.0052981 6 
0.00527288 0.00568768 6 
0.00526869 0.00585703 6 
0.0052655 0.00574144 6 
0.00526484 0.00578582 6 
0.00526282 0.00552443 6 
0.00526137 0.00529179 6 
0.00525323 0.00540324 6 
0.00523611 0.00536311 6 
0.00522863 0.00552468 6 
0.00522199 0.0052624 6 
0.00522017 0.00574761 6 
0.00521902 0.00540184 6 
0.00520769 0.00535284 6 
0.00520377 0.00547811 6 
0.00519226 0.00569391 6 
0.00517178 0.00519457 6 
0.00517119 0.0055217 6 
0.00516773 0.0054909 6 
0.00516543 0.00534605 6 
0.00516517 0.00568768 6 
0.00516009 0.00548581 6 
0.00515763 0.00526034 6 
0.00515315 0.00591343 6 
0.00514655 0.00526214 6 
0.00514546 0.00585263 6 
0.00514286 0.00530139 6 
0.0051398 0.00519518 6 
0.00513707 0.00536358 6 
0.00512881 0.00541286 6 
0.00512702 0.00538247 6 
0.00512587 0.00544186 6 
0.00511813 0.00512241 6 
0.00509558 0.00548162 6 
0.00508216 0.00514078 6 
0.00507169 0.00528047 6 
0.0050697 0.0052981 6 
0.00505695 0.00531169 6 
0.00504728 0.00544293 6 
0.00503415 0.00548227 6 
0.00502672 0.00532034 6 
0.00502203 0.00544422 6 
0.00498979 0.00522263 6 
0.00498695 0.00530332 6 
0.00498369 0.00500901 6 
0.0049823 0.00523295 6 
0.00497671 0.0050106 6 
0.00497491 0.00597521 6 
0.00496967 0.00509575 6 
0.00496614 0.00527026 6 
0.00495894 0.00519518 6 
0.00495817 0.00510163 6 
0.00495578 0.00530481 6 
0.00495303 0.00536502 6 
0.0049488 0.00534792 6 
0.00493848 0.00496126 6 
0.00493042 0.00561326 6 
0.00492082 0.00527345 6 
0.00490783 0.00503794 6 
0.00490645 0.00541668 6 
0.00490206 0.00500335 6 
0.00490065 0.00492964 6 
0.00489416 0.00504252 6 
0.00489056 0.00497838 6 
0.00488111 0.00543497 6 
0.00487947 0.00529179 6 
0.00487547 0.00494317 6 
0.00487393 0.0053947 6 
0.00486123 0.00519091 6 
0.00485782 0.00530139 6 
0.00485715 0.00533487 6 
0.00485469 0.00551437 6 
0.00485318 0.00542715 6 
0.00484627 0.00494057 6 
0.00484042 0.00503154 6 
0.00483879 0.00499342 6 
0.00483693 0.00521952 6 
0.00483408 0.00558772 6 
0.00483189 0.00552546 6 
0.00483088 0.00485331 6 
0.00482861 0.00500501 6 
0.00482658 0.00503794 6 
0.0048256 0.00523986 6 
0.0048254 0.00515518 6 
0.0048242 0.00491027 6 
0.00482144 0.00516782 6 
0.00481592 0.00556825 6 
0.00481316 0.00492274 6 
0.00480464 0.00495224 6 
0.00479817 0.0048431 6 
0.00479622 0.00521952 6 
0.00479505 0.00508604 6 
0.00478482 0.00494867 6 
0.00478127 0.00524283 6 
0.00477851 0.00541863 6 
0.00476475 0.00509169 6 
0.00474306 0.00487335 6 
0.0047269 0.00482096 6 
0.00472535 0.00534605 6 
0.00472071 0.0053451 6 
0.00471318 0.00542796 6 
0.00470344 0.00493758 6 
0.00469638 0.0050382 6 
0.0046962 0.00493022 6 
0.00468525 0.00468867 6 
0.00466313 0.00522642 6 
0.00466047 0.00498638 6 
0.004654 0.00530863 6 
0.00465004 0.00529506 6 
0.00464776 0.00496307 6 
0.00464156 0.00534672 6 
0.00463433 0.00468867 6 
0.00463161 0.00498211 6 
0.00461832 0.00494057 6 
0.00458693 0.00511522 6 
0.00455697 0.00513286 6 
0.00455547 0.00519493 6 
0.0045277 0.0051004 6 
0.00450165 0.00519363 6 
0.00448106 0.0047643 6 
0.00445573 0.0046204 6 
0.00445074 0.00496418 6 
0.00442923 0.00467678 6 
0.00436386 0.00485331 6 
0.00331766 0.00338543 7 
0.00326801 0.00360476 7 
0.00319007 0.00338543 7 
0.00316341 0.00338543 7 
0.00314629 0.00314994 7 
0.00312897 0.00317371 7 
0.00311618 0.00346293 7 
0.00302191 0.00303991 7 
0.00300043 0.00312087 7 
0.00298414 0.00306273 7 
0.00297988 0.00301501 7 
0.00290442 0.00292616 7 
0.00288725 0.0029441 7 
0.00288386 0.00290057 7 
0.00285816 0.00290302 7 
0.00285084 0.00298028 7 
0.0028436 0.00286466 7 
0.00283742 0.00288107 7 
0.00283234 0.00291736 7 
0.00281319 0.00284036 7 
0.00281128 0.00294366 7 
0.0028078 0.0028307 7 
0.00280735 0.00281447 7 
0.00280601 0.0030111 7 
0.00280574 0.00288325 7 
0.00278596 0.00279471 7 
0.00278126 0.00279029 7 
0.00276265 0.00277205 7 
0.00276157 0.00290653 7 
0.00275453 0.00293602 7 
0.00274383 0.00302104 7 
0.00273435 0.00278944 7 
0.00273357 0.00297009 7 
0.00272858 0.00297831 7 
0.00271536 0.00278757 7 
0.00271463 0.00287559 7 
0.00271207 0.00302104 7 
0.00271057 0.00290411 7 
0.00271019 0.00272537 7 
0.0027078 0.00307983 7 
0.0026959 0.00281915 7 
0.0026951 0.00289624 7 
0.0026919 0.00279858 7 
0.00269135 0.0027199 7 
0.00268407 0.00281858 7 
0.00268367 0.00289239 7 
0.00268324 0.00279954 7 
0.00268288 0.00274863 7 
0.00266985 0.00278944 7 
0.00266939 0.00269186 7 
0.00266749 0.00278999 7 
0.00265678 0.00274027 7 
0.00265526 0.00281019 7 
0.00265067 0.00296237 7 
0.00264878 0.00272585 7 
0.00264746 0.00279029 7 
0.00263161 0.00281755 7 
0.00262966 0.00269004 7 
0.00262757 0.00269186 7 
0.00262378 0.00271225 7 
0.00261685 0.00303548 7 
0.00261365 0.00264619 7 
0.00260295 0.00263406 7 
0.00258947 0.002873 7 
0.00258926 0.00273609 7 
0.00258806 0.00264685 7 
0.00258614 0.00265578 7 
0.00258491 0.00280483 7 
0.00258208 0.00263764 7 
0.00258207 0.00260601 7 
0.00257968 0.00310401 7 
0.00257433 0.00275895 7 
0.00257241 0.00266802 7 
0.00256075 0.00278346 7 
0.00255655 0.00257781 7 
0.00255621 0.00264773 7 
0.0025529 0.0026922 7 
0.00255216 0.00280621 7 
0.0025389 0.00276063 7 
0.00253623 0.00279321 7 
0.00253468 0.0027199 7 
0.00253409 0.00277302 7 
0.0025335 0.002584 7 
0.00252444 0.00281578 7 
0.00252314 0.00282225 7 
0.00251628 0.00256668 7 
0.00251617 0.00264908 7 
0.00251284 0.00251563 7 
0.00251041 0.00251563 7 
0.00250685 0.00272363 7 
0.00250669 0.00277459 7 
0.0024989 0.00267863 7 
0.00249598 0.00291529 7 
0.00248726 0.00249976 7 
0.00248484 0.00250056 7 
0.0024832 0.00256031 7 
0.00248317 0.0026857 7 
0.00248205 0.00252154 7 
0.00247735 0.00284204 7 
0.00247627 0.00267011 7 
0.00247269 0.00260843 7 
0.00247256 0.00252154 7 
0.00246984 0.00257455 7 
0.00246871 0.00274027 7 
0.00246839 0.00282112 7 
0.00246388 0.0026857 7 
0.00246277 0.00246364 7 
0.0024625 0.00278802 7 
0.00246208 0.00246326 7 
0.00245804 0.00255206 7 
0.00245651 0.00276581 7 
0.00245638 0.00245691 7 
0.0024508 0.00251044 7 
0.00245062 0.0026922 7 
0.00245053 0.00271236 7 
0.00244817 0.00271348 7 
0.00244651 0.00245578 7 
0.00243666 0.00264908 7 
0.00242915 0.00253482 7 
0.00242864 0.00256008 7 
0.00242463 0.00280769 7 
0.00242371 0.0026031 7 
0.0024202 0.0024827 7 
0.00241795 0.00252348 7 
0.00240726 0.00247456 7 
0.00240674 0.00240918 7 
0.00240298 0.00268185 7 
0.0023955 0.00248386 7 
0.00238924 0.00254758 7 
0.00238916 0.0024941 7 
0.00237724 0.00257086 7 
0.00236639 0.0027209 7 
0.00235869 0.00238025 7 
0.00235637 0.00251502 7 
0.00235333 0.00252417 7 
0.00234981 0.00272581 7 
0.00234859 0.00262541 7 
0.00234011 0.00269398 7 
0.0023398 0.00268188 7 
0.0023335 0.0026913 7 
0.00231923 0.00260843 7 
0.00231634 0.00261991 7 
0.00230748 0.00250372 7 
0.00228997 0.00253224 7 
0.00228347 0.00238974 7 
0.00225941 0.00250372 7 
0.0022592 0.00247457 7 
0.00224531 0.00240189 7 
0.00218012 0.00247674 7 
0.00175247 0.00177915 8 
0.00175161 0.00193136 8 
0.00169694 0.00177915 8 
0.00169649 0.00177915 8 
0.00169064 0.00187814 8 
0.00159644 0.00161391 8 
0.00158671 0.00162244 8 
0.00157267 0.00158206 8 
0.00151305 0.00153537 8 
0.00150749 0.00151223 8 
0.00149748 0.00158258 8 
0.00148771 0.0015114 8 
0.00148724 0.00155873 8 
0.00147091 0.00148617 8 
0.00147028 0.00156246 8 
0.00146146 0.00149931 8 
0.00145928 0.00149843 8 
0.00145683 0.00154381 8 
0.00144799 0.00161419 8 
0.00144729 0.00159253 8 
0.00144181 0.00162529 8 
0.00143754 0.00146693 8 
0.00143744 0.00146648 8 
0.00143655 0.00155649 8 
0.00143047 0.00146231 8 
0.00142846 0.00146554 8 
0.0014198 0.00143322 8 
0.00141961 0.00143867 8 
0.00141674 0.00150326 8 
0.00141663 0.00149192 8 
0.00141364 0.00143516 8 
0.00140326 0.00161042 8 
0.00140315 0.00145586 8 
0.00140072 0.00142492 8 
0.00139663 0.0014201 8 
0.00139474 0.00141052 8 
0.00138946 0.00143645 8 
0.00138312 0.0014369 8 
0.00138141 0.00141052 8 
0.00137761 0.00146625 8 
0.00137707 0.00149925 8 
0.00137688 0.00154627 8 
0.00137419 0.00143469 8 
0.00137261 0.00151256 8 
0.00137049 0.00139445 8 
0.00136949 0.00144819 8 
0.0013663 0.00142666 8 
0.00135932 0.00139684 8 
0.00135852 0.00138393 8 
0.00135766 0.00163531 8 
0.00135529 0.00136018 8 
0.00135088 0.00136102 8 
0.00135031 0.00144819 8 
0.00134449 0.00143325 8 
0.00134448 0.0014995 8 
0.00134243 0.00145455 8 
0.00134032 0.00142358 8 
0.0013377 0.00135436 8 
0.00133587 0.00146255 8 
0.00133142 0.00146034 8 
0.00133051 0.00140346 8 
0.00132964 0.00144642 8 
0.00132597 0.00136379 8 
0.00132369 0.0014765 8 
0.00132139 0.00148746 8 
0.00132091 0.0013849 8 
0.0013208 0.00134231 8 
0.00132001 0.00137992 8 
0.00131851 0.00142242 8 
0.00131606 0.00138205 8 
0.00131529 0.0015497 8 
0.0013106 0.00135769 8 
0.00131044 0.00134175 8 
0.00129883 0.00139828 8 
0.00129466 0.0013126 8 
0.00129289 0.0013186 8 
0.00129121 0.00139956 8 
0.00128678 0.00148544 8 
0.00128554 0.0014575 8 
0.00128455 0.00131237 8 
0.00128439 0.00135795 8 
0.00128416 0.0013844 8 
0.00128184 0.001328 8 
0.00128003 0.00131237 8 
0.00127894 0.00143876 8 
0.00127794 0.00134887 8 
0.00127615 0.00143645 8 
0.00127503 0.00129584 8 
0.00127494 0.00151541 8 
0.0012729 0.0013936 8 
0.00126964 0.00144659 8 
0.00126744 0.00146514 8 
0.00126568 0.00128707 8 
0.00126278 0.00133699 8 
0.00126179 0.00141515 8 
0.00126144 0.00132161 8 
0.00125937 0.00141024 8 
0.00125855 0.00140301 8 
0.0012582 0.00132477 8 
0.00125579 0.00128874 8 
0.00125495 0.00127514 8 
0.00125102 0.00132438 8 
0.0012495 0.00136865 8 
0.00124707 0.00133087 8 
0.00124497 0.00125224 8 
0.00123419 0.0012741 8 
0.00123002 0.00128088 8 
0.00122879 0.00134473 8 
0.00122767 0.00135318 8 
0.00122277 0.00142666 8 
0.00122181 0.00123101 8 
0.00121897 0.00133668 8 
0.00121818 0.00124511 8 
0.00121587 0.0014233 8 
0.00120855 0.00136674 8 
0.00120337 0.00128737 8 
0.00120083 0.00130956 8 
0.0011983 0.00139321 8 
0.00119637 0.00129853 8 
0.00119439 0.00135713 8 
0.00119306 0.00136348 8 
0.00119131 0.0013952 8 
0.00118995 0.00125589 8 
0.00118806 0.00127504 8 
0.00117966 0.00129072 8 
0.00117534 0.0012741 8 
0.00117165 0.00119067 8 
0.00117124 0.00130036 8 
0.00115435 0.00125383 8 
0.00110862 0.00126082 8 
0.000950859 0.00103428 9 
0.000932021 0.000943589 9 
0.000925828 0.0010189 9 
0.000916451 0.000942733 9 
0.000910533 0.000943589 9 
0.000846397 0.000852085 9 
0.000809843 0.000817813 9 
0.000809202 0.000838605 9 
0.000780427 0.000781114 9 
0.000778439 0.000795792 9 
0.000778123 0.000818751 9 
0.000777442 0.000778021 9 
0.000776884 0.000859004 9 
0.000775423 0.00083595 9 
0.000773584 0.000866176 9 
0.000771682 0.00083894 9 
0.0007668 0.000791106 9 
0.000766481 0.000769258 9 
0.000762507 0.000774329 9 
0.000762023 0.000810127 9 
0.000756253 0.000789512 9 
0.000754962 0.000782156 9 
0.000754457 0.000783049 9 
0.00075037 0.000767356 9 
0.000747684 0.000752403 9 
0.000747197 0.000780154 9 
0.000743205 0.000759944 9 
0.000741971 0.000744366 9 
0.000740526 0.000746009 9 
0.000737743 0.000762456 9 
0.000735706 0.000745544 9 
0.000734533 0.000745544 9 
0.000733956 0.00074377 9 
0.00073367 0.000761329 9 
0.000732894 0.000750886 9 
0.000731638 0.000836134 9 
0.0007293 0.000747541 9 
0.00072912 0.000759033 9 
0.000725631 0.000754777 9 
0.000725165 0.000743057 9 
0.000723008 0.000864887 9 
0.00071993 0.00076005 9 
0.000716571 0.000783956 9 
0.000714496 0.000754777 9 
0.000713291 0.000831883 9 
0.000711967 0.000763759 9 
0.000709611 0.000734682 9 
0.000708809 0.000783373 9 
0.000707704 0.000764066 9 
0.000706278 0.000737714 9 
0.000704697 0.000785764 9 
0.000704476 0.000706487 9 
0.000702866 0.000760928 9 
0.000701631 0.000745569 9 
0.000700889 0.000710078 9 
0.000699934 0.000707683 9 
0.000699711 0.000746498 9 
0.000697165 0.000775751 9 
0.000697031 0.000697523 9 
0.000696905 0.000720401 9 
0.000696618 0.00072679 9 
0.000693648 0.000702245 9 
0.000692727 0.000788063 9 
0.000692073 0.000736839 9 
0.000691543 0.00072125 9 
0.000690915 0.000793019 9 
0.00068925 0.000720554 9 
0.000682809 0.000687832 9 
0.0006812 0.00068874 9 
0.000679541 0.000796842 9 
0.000677361 0.000684775 9 
0.000677144 0.000713531 9 
0.000676713 0.000730657 9 
0.000675468 0.000772391 9 
0.000673986 0.00077127 9 
0.00067167 0.0007723 9 
0.000671 0.000765247 9 
0.000670255 0.000689082 9 
0.0006696 0.000689164 9 
0.000668269 0.000736839 9 
0.000666988 0.000689955 9 
0.000666205 0.000749697 9 
0.000666011 0.000763759 9 
0.00066593 0.000691997 9 
0.000665717 0.000703002 9 
0.000665683 0.00068988 9 
0.000665547 0.000691997 9 
0.00066261 0.000697586 9 
0.000660136 0.00066586 9 
0.000657817 0.000726553 9 
0.000655582 0.000782669 9 
0.000654771 0.000720658 9 
0.000653428 0.000702726 9 
0.000652728 0.000722421 9 
0.000651914 0.000732196 9 
0.000651621 0.000660557 9 
0.000651064 0.000684592 9 
0.000650065 0.000696534 9 
0.000647303 0.00068988 9 
0.000640271 0.000666875 9 
0.000640027 0.000729997 9 
0.000639971 0.000731583 9 
0.000637312 0.000648532 9 
0.000636359 0.000666959 9 
0.000636209 0.000724088 9 
0.000636013 0.000645643 9 
0.000636002 0.000753287 9 
0.000633069 0.000685474 9 
0.000631504 0.000705471 9 
0.000628569 0.000659908 9 
0.000627518 0.000639903 9 
0.000626898 0.000702228 9 
0.000624709 0.000667857 9 
0.000623144 0.00071126 9 
0.000622663 0.000705471 9 
0.000621779 0.000732232 9 
0.00062032 0.000727688 9 
0.000619347 0.000656836 9 
0.000616249 0.000632579 9 
0.000614902 0.000670287 9 
0.000611092 0.000673754 9 
0.000610351 0.000648532 9 
0.00060054 0.000681546 9 
0.000599986 0.000646132 9 
0.000578818 0.000663941 9 
