0.525388 0.54067 0 
0.525376 0.542776 0 
0.524932 0.538568 0 
0.524887 0.538233 0 
0.524525 0.542442 0 
0.523966 0.548416 0 
0.523884 0.538066 0 
0.523506 0.54348 0 
0.523371 0.540762 0 
0.523052 0.544098 0 
0.522863 0.543603 0 
0.522815 0.545906 0 
0.522745 0.541829 0 
0.522722 0.540821 0 
0.522624 0.541289 0 
0.522602 0.541644 0 
0.522451 0.541218 0 
0.522429 0.543233 0 
0.522208 0.543815 0 
0.522083 0.54315 0 
0.522069 0.537558 0 
0.521934 0.54581 0 
0.521797 0.539163 0 
0.521522 0.542549 0 
0.521492 0.521736 0 
0.521479 0.53775 0 
0.521445 0.541835 0 
0.521428 0.542031 0 
0.521358 0.540794 0 
0.521308 0.543229 0 
0.521301 0.539783 0 
0.52129 0.540821 0 
0.5212 0.54315 0 
0.521108 0.541001 0 
0.521026 0.541177 0 
0.520887 0.543568 0 
0.520728 0.539462 0 
0.520656 0.537578 0 
0.52057 0.521635 0 
0.520513 0.52067 0 
0.520498 0.542702 0 
0.520265 0.544808 0 
0.520197 0.542426 0 
0.52019 0.544156 0 
0.520148 0.521595 0 
0.520096 0.543839 0 
0.519876 0.542975 0 
0.51981 0.545262 0 
0.519778 0.541942 0 
0.519776 0.540855 0 
0.519764 0.522766 0 
0.519523 0.542014 0 
0.519403 0.542959 0 
0.519375 0.546579 0 
0.519352 0.54637 0 
0.519304 0.519699 0 
0.519174 0.541742 0 
0.519173 0.542014 0 
0.519006 0.520298 0 
0.518964 0.547288 0 
0.518857 0.540941 0 
0.518854 0.520833 0 
0.518788 0.542617 0 
0.518671 0.540446 0 
0.51862 0.519061 0 
0.518547 0.518978 0 
0.518436 0.518962 0 
0.51833 0.540986 0 
0.518313 0.518801 0 
0.518293 0.544902 0 
0.518254 0.539986 0 
0.518116 0.522476 0 
0.518077 0.522766 0 
0.518038 0.541835 0 
0.517989 0.540471 0 
0.517942 0.538568 0 
0.517837 0.5408 0 
0.517788 0.539452 0 
0.517785 0.539513 0 
0.517732 0.519678 0 
0.517721 0.541603 0 
0.517683 0.543292 0 
0.517628 0.517803 0 
0.517597 0.521595 0 
0.517568 0.517938 0 
0.517515 0.539121 0 
0.517415 0.517474 0 
0.517373 0.54067 0 
0.517291 0.542898 0 
0.517275 0.518593 0 
0.517273 0.537367 0 
0.51726 0.540859 0 
0.517251 0.520473 0 
0.517241 0.537008 0 
0.517144 0.545242 0 
0.517139 0.519541 0 
0.517106 0.518379 0 
0.517082 0.541333 0 
0.51708 0.518221 0 
0.517037 0.54348 0 
0.517032 0.540437 0 
0.516999 0.537367 0 
0.516994 0.517225 0 
0.516963 0.54497 0 
0.516942 0.544432 0 
0.516835 0.520958 0 
0.51675 0.517278 0 
0.516638 0.517016 0 
0.516634 0.541893 0 
0.516567 0.541712 0 
0.516563 0.517716 0 
0.516551 0.539911 0 
0.516519 0.54142 0 
0.516478 0.544067 0 
0.516392 0.521595 0 
0.516321 0.53775 0 
0.516311 0.518444 0 
0.516243 0.548043 0 
0.516205 0.518405 0 
0.51619 0.545335 0 
0.516182 0.544902 0 
0.515996 0.517061 0 
0.515991 0.517058 0 
0.515981 0.516718 0 
0.5159 0.53962 0 
0.515869 0.519545 0 
0.515701 0.519247 0 
0.515697 0.538356 0 
0.515653 0.52126 0 
0.515643 0.545674 0 
0.515639 0.519081 0 
0.515639 0.543022 0 
0.515556 0.516739 0 
0.515551 0.517547 0 
0.515541 0.519534 0 
0.515468 0.54486 0 
0.515454 0.540979 0 
0.515444 0.518915 0 
0.515362 0.546046 0 
0.515341 0.541273 0 
0.515339 0.540889 0 
0.515283 0.546022 0 
0.515256 0.539687 0 
0.515115 0.545568 0 
0.51481 0.515261 0 
0.514805 0.515299 0 
0.514717 0.521641 0 
0.514695 0.521935 0 
0.514663 0.546944 0 
0.514574 0.517739 0 
0.514462 0.515859 0 
0.514444 0.514566 0 
0.51443 0.545561 0 
0.514348 0.515122 0 
0.514344 0.51663 0 
0.514316 0.516844 0 
0.514312 0.520784 0 
0.514298 0.538493 0 
0.514146 0.51702 0 
0.514137 0.518279 0 
0.514131 0.544728 0 
0.514067 0.518593 0 
0.513972 0.515987 0 
0.513919 0.540704 0 
0.513844 0.518489 0 
0.513838 0.542794 0 
0.513833 0.516028 0 
0.513675 0.519545 0 
0.513617 0.517398 0 
0.513584 0.521511 0 
0.513576 0.515519 0 
0.513574 0.54315 0 
0.513566 0.513981 0 
0.513559 0.544728 0 
0.513551 0.514437 0 
0.513519 0.5205 0 
0.513452 0.513874 0 
0.513371 0.514475 0 
0.513364 0.547703 0 
0.513346 0.517454 0 
0.513309 0.542203 0 
0.513302 0.539748 0 
0.513286 0.516506 0 
0.51323 0.538121 0 
0.513201 0.515904 0 
0.513181 0.537432 0 
0.513155 0.541915 0 
0.513151 0.543855 0 
0.513129 0.516487 0 
0.513052 0.51455 0 
0.513027 0.514226 0 
0.513021 0.543744 0 
0.512967 0.539245 0 
0.512944 0.513777 0 
0.512933 0.514354 0 
0.512879 0.541324 0 
0.512879 0.516303 0 
0.512833 0.517547 0 
0.512762 0.517681 0 
0.512746 0.514834 0 
0.512705 0.543191 0 
0.512599 0.540448 0 
0.51259 0.515904 0 
0.512572 0.543449 0 
0.512559 0.54315 0 
0.512527 0.512586 0 
0.512526 0.513404 0 
0.512516 0.516345 0 
0.512492 0.541273 0 
0.512486 0.514552 0 
0.512482 0.540491 0 
0.512409 0.540615 0 
0.512399 0.514208 0 
0.512385 0.51399 0 
0.512381 0.519633 0 
0.512358 0.512541 0 
0.512334 0.514447 0 
0.512314 0.513998 0 
0.512294 0.540804 0 
0.512286 0.515542 0 
0.512253 0.51473 0 
0.512238 0.512925 0 
0.512224 0.514962 0 
0.512209 0.512873 0 
0.512165 0.512541 0 
0.512136 0.517949 0 
0.512126 0.51223 0 
0.512116 0.545561 0 
0.512095 0.517938 0 
0.512078 0.512676 0 
0.512042 0.516247 0 
0.512025 0.512317 0 
0.511972 0.523156 0 
0.511896 0.54067 0 
0.511853 0.541693 0 
0.511845 0.514217 0 
0.51184 0.542944 0 
0.511815 0.513754 0 
0.511807 0.512571 0 
0.511794 0.516844 0 
0.511706 0.512335 0 
0.511634 0.5418 0 
0.511629 0.513874 0 
0.511617 0.54271 0 
0.511605 0.543022 0 
0.511582 0.512982 0 
0.511575 0.515766 0 
0.51157 0.543314 0 
0.511541 0.518172 0 
0.511487 0.515996 0 
0.511413 0.518836 0 
0.511389 0.540333 0 
0.511379 0.54416 0 
0.511363 0.544209 0 
0.511362 0.513924 0 
0.511302 0.518788 0 
0.51125 0.51232 0 
0.511191 0.511304 0 
0.511101 0.517452 0 
0.511088 0.517278 0 
0.511006 0.540659 0 
0.510963 0.512178 0 
0.510832 0.544436 0 
0.510812 0.512571 0 
0.510664 0.541194 0 
0.510446 0.539462 0 
0.510442 0.546046 0 
0.510412 0.511281 0 
0.510404 0.54017 0 
0.510389 0.540437 0 
0.510368 0.514882 0 
0.510182 0.519464 0 
0.510143 0.512566 0 
0.510135 0.546944 0 
0.510076 0.542015 0 
0.510067 0.512448 0 
0.510065 0.540878 0 
0.510056 0.510894 0 
0.509963 0.517828 0 
0.509946 0.541194 0 
0.509927 0.510096 0 
0.509923 0.544766 0 
0.509921 0.516517 0 
0.509918 0.512833 0 
0.509828 0.515678 0 
0.509826 0.541952 0 
0.509796 0.517635 0 
0.50979 0.516642 0 
0.509783 0.540054 0 
0.50976 0.513035 0 
0.509722 0.541365 0 
0.509682 0.512203 0 
0.509665 0.513479 0 
0.509635 0.542084 0 
0.509531 0.546296 0 
0.509505 0.510295 0 
0.509451 0.516445 0 
0.509381 0.516235 0 
0.509308 0.545456 0 
0.509195 0.546125 0 
0.509165 0.512109 0 
0.508992 0.51399 0 
0.508893 0.543233 0 
0.508851 0.51313 0 
0.508764 0.515753 0 
0.508708 0.544953 0 
0.50868 0.513122 0 
0.508514 0.546993 0 
0.508438 0.551531 0 
0.508381 0.543414 0 
0.508278 0.515996 0 
0.508233 0.518379 0 
0.226535 0.232602 1 
0.226532 0.236473 1 
0.225282 0.225418 1 
0.224117 0.228606 1 
0.223683 0.229679 1 
0.223439 0.230842 1 
0.223066 0.234987 1 
0.22282 0.22363 1 
0.222789 0.226711 1 
0.222275 0.225391 1 
0.222036 0.225132 1 
0.221669 0.228555 1 
0.22166 0.230422 1 
0.221523 0.224106 1 
0.221472 0.234599 1 
0.221467 0.233298 1 
0.221328 0.226863 1 
0.221298 0.228108 1 
0.221124 0.222052 1 
0.220738 0.227535 1 
0.220608 0.223487 1 
0.220592 0.227507 1 
0.22053 0.230539 1 
0.22044 0.22991 1 
0.220399 0.223804 1 
0.220387 0.224783 1 
0.220378 0.22276 1 
0.220306 0.2265 1 
0.220263 0.222603 1 
0.220114 0.221825 1 
0.220045 0.233415 1 
0.219721 0.226457 1 
0.219639 0.221393 1 
0.219535 0.226363 1 
0.21947 0.224646 1 
0.219391 0.220757 1 
0.219391 0.223465 1 
0.219359 0.229799 1 
0.219202 0.22564 1 
0.21912 0.224467 1 
0.218954 0.227336 1 
0.218837 0.234008 1 
0.218788 0.223008 1 
0.218685 0.231269 1 
0.218664 0.223245 1 
0.218662 0.220684 1 
0.218652 0.227535 1 
0.218523 0.219631 1 
0.218511 0.225525 1 
0.218497 0.234941 1 
0.218234 0.22867 1 
0.218045 0.227144 1 
0.217926 0.228986 1 
0.217847 0.218674 1 
0.217842 0.22331 1 
0.217568 0.227458 1 
0.21717 0.226822 1 
0.217108 0.223016 1 
0.216952 0.218187 1 
0.216914 0.227606 1 
0.216894 0.226363 1 
0.216814 0.241454 1 
0.216717 0.220397 1 
0.216715 0.220192 1 
0.216674 0.225715 1 
0.216447 0.226177 1 
0.216165 0.223934 1 
0.216138 0.223634 1 
0.216026 0.228429 1 
0.216006 0.217759 1 
0.215736 0.225587 1 
0.215307 0.215815 1 
0.215221 0.232341 1 
0.215077 0.226483 1 
0.215035 0.229308 1 
0.214973 0.22774 1 
0.21496 0.227876 1 
0.214939 0.227386 1 
0.214918 0.218193 1 
0.214914 0.230595 1 
0.214877 0.225424 1 
0.214856 0.221873 1 
0.214747 0.226685 1 
0.21471 0.222061 1 
0.214649 0.224759 1 
0.214635 0.229188 1 
0.214556 0.223377 1 
0.214502 0.215822 1 
0.214459 0.224121 1 
0.214456 0.222913 1 
0.214434 0.218355 1 
0.2144 0.224117 1 
0.214338 0.214905 1 
0.21433 0.231886 1 
0.214197 0.218432 1 
0.214119 0.229614 1 
0.213711 0.230955 1 
0.213687 0.234008 1 
0.213639 0.226034 1 
0.213345 0.229195 1 
0.213342 0.228221 1 
0.213234 0.222172 1 
0.213153 0.218153 1 
0.213145 0.221874 1 
0.21308 0.222243 1 
0.212951 0.223817 1 
0.212945 0.216539 1 
0.212895 0.215344 1 
0.212895 0.224311 1 
0.21289 0.230935 1 
0.212729 0.223949 1 
0.212718 0.226363 1 
0.21265 0.227635 1 
0.212599 0.212628 1 
0.212579 0.2136 1 
0.21247 0.229683 1 
0.212469 0.219218 1 
0.212426 0.216662 1 
0.212423 0.223694 1 
0.212403 0.215799 1 
0.21238 0.225313 1 
0.212211 0.230539 1 
0.212166 0.225155 1 
0.211886 0.219631 1 
0.211876 0.231193 1 
0.211854 0.225636 1 
0.211747 0.212714 1 
0.211452 0.213398 1 
0.211283 0.220813 1 
0.211144 0.211843 1 
0.211143 0.220646 1 
0.21113 0.211533 1 
0.211098 0.218438 1 
0.211059 0.221905 1 
0.211004 0.228292 1 
0.210927 0.221514 1 
0.210914 0.220836 1 
0.210809 0.212743 1 
0.210787 0.225296 1 
0.210642 0.219517 1 
0.210596 0.216135 1 
0.210511 0.226034 1 
0.210337 0.211411 1 
0.210334 0.218222 1 
0.210281 0.222592 1 
0.210168 0.210332 1 
0.210016 0.210529 1 
0.209987 0.227328 1 
0.209814 0.22774 1 
0.20975 0.212562 1 
0.209659 0.215441 1 
0.209638 0.217759 1 
0.20957 0.213547 1 
0.209253 0.212612 1 
0.208753 0.208781 1 
0.208698 0.214202 1 
0.208633 0.222603 1 
0.208619 0.215457 1 
0.208601 0.226431 1 
0.208423 0.211548 1 
0.208262 0.210017 1 
0.208122 0.214409 1 
0.208121 0.208514 1 
0.20799 0.208792 1 
0.207945 0.214745 1 
0.207913 0.224312 1 
0.207858 0.211103 1 
0.207669 0.214288 1 
0.207659 0.211217 1 
0.207601 0.220682 1 
0.207587 0.208831 1 
0.207582 0.22266 1 
0.207558 0.207582 1 
0.207462 0.226504 1 
0.207439 0.209847 1 
0.207413 0.208375 1 
0.207244 0.207743 1 
0.207208 0.221938 1 
0.207175 0.209906 1 
0.2071 0.207226 1 
0.207089 0.210937 1 
0.20707 0.227113 1 
0.207027 0.210859 1 
0.206955 0.208452 1 
0.206755 0.210091 1 
0.206641 0.209037 1 
0.206628 0.209035 1 
0.206559 0.222033 1 
0.206437 0.221978 1 
0.206216 0.209509 1 
0.206072 0.209195 1 
0.206022 0.211555 1 
0.20596 0.207354 1 
0.205879 0.207557 1 
0.205805 0.206575 1 
0.205744 0.222506 1 
0.20574 0.218534 1 
0.205514 0.205955 1 
0.205484 0.229454 1 
0.205468 0.220684 1 
0.205439 0.222243 1 
0.205424 0.206057 1 
0.205417 0.222139 1 
0.205415 0.224595 1 
0.205396 0.21665 1 
0.20536 0.224188 1 
0.205304 0.224188 1 
0.205121 0.206085 1 
0.205061 0.227507 1 
0.205059 0.233946 1 
0.20503 0.221394 1 
0.204946 0.205199 1 
0.204624 0.205978 1 
0.20459 0.224575 1 
0.20446 0.220659 1 
0.204365 0.21031 1 
0.204359 0.206267 1 
0.20426 0.207621 1 
0.204207 0.206075 1 
0.204182 0.204461 1 
0.204125 0.223555 1 
0.204102 0.204525 1 
0.20402 0.211358 1 
0.203964 0.208781 1 
0.203679 0.205604 1 
0.203607 0.2065 1 
0.203545 0.22184 1 
0.20354 0.209605 1 
0.203523 0.209362 1 
0.203485 0.203967 1 
0.203482 0.204089 1 
0.203378 0.207406 1 
0.203248 0.224789 1 
0.202946 0.2036 1 
0.202924 0.207076 1 
0.202733 0.205837 1 
0.20255 0.20479 1 
0.202469 0.204447 1 
0.20237 0.203294 1 
0.202267 0.204469 1 
0.20207 0.204525 1 
0.201938 0.202996 1 
0.201735 0.20465 1 
0.201656 0.207076 1 
0.201616 0.204783 1 
0.201552 0.20372 1 
0.201505 0.203471 1 
0.201214 0.203947 1 
0.201145 0.20129 1 
0.200904 0.206138 1 
0.200856 0.208068 1 
0.2008 0.203071 1 
0.200781 0.203076 1 
0.20078 0.20511 1 
0.200623 0.205923 1 
0.200516 0.207105 1 
0.200466 0.203048 1 
0.200461 0.201979 1 
0.200315 0.202358 1 
0.200269 0.203985 1 
0.200225 0.203896 1 
0.200054 0.212316 1 
0.199877 0.204431 1 
0.199476 0.20657 1 
0.199415 0.201019 1 
0.199388 0.200087 1 
0.199235 0.200979 1 
0.19883 0.199161 1 
0.198336 0.198455 1 
0.198151 0.203161 1 
0.108758 0.109714 2 
0.107872 0.110597 2 
0.107409 0.117173 2 
0.107113 0.109556 2 
0.106854 0.107569 2 
0.103984 0.105502 2 
0.103609 0.105103 2 
0.103517 0.104821 2 
0.103428 0.108142 2 
0.103317 0.103977 2 
0.103193 0.10343 2 
0.10275 0.103279 2 
0.102603 0.103 2 
0.102082 0.102215 2 
0.101891 0.103949 2 
0.101733 0.108796 2 
0.10142 0.104394 2 
0.101246 0.102324 2 
0.101065 0.104641 2 
0.100984 0.104445 2 
0.100739 0.110602 2 
0.100737 0.100979 2 
0.100622 0.104215 2 
0.100617 0.100865 2 
0.100594 0.104535 2 
0.100209 0.100757 2 
0.100129 0.101459 2 
0.100077 0.101767 2 
0.100003 0.103391 2 
0.0998538 0.104282 2 
0.0997581 0.101259 2 
0.099612 0.104066 2 
0.0995652 0.103524 2 
0.0995615 0.100982 2 
0.099551 0.101018 2 
0.0994074 0.101219 2 
0.0993805 0.104146 2 
0.0992689 0.099554 2 
0.0991955 0.103162 2 
0.0991452 0.101838 2 
0.0990273 0.101982 2 
0.0990193 0.102981 2 
0.0986875 0.099751 2 
0.0984913 0.0995331 2 
0.0984049 0.0998972 2 
0.0982286 0.100715 2 
0.098198 0.0982839 2 
0.0980197 0.105208 2 
0.0980159 0.0994931 2 
0.0978687 0.0995106 2 
0.0978084 0.0992637 2 
0.0970443 0.101083 2 
0.0970312 0.0985202 2 
0.0969164 0.103524 2 
0.0964971 0.0977216 2 
0.096439 0.103162 2 
0.0963043 0.0978904 2 
0.0962629 0.0968637 2 
0.0962553 0.104581 2 
0.0962348 0.0998972 2 
0.0962293 0.0978753 2 
0.0961838 0.102017 2 
0.0959404 0.100696 2 
0.0957563 0.0961432 2 
0.0956841 0.0968709 2 
0.0955808 0.101853 2 
0.0955629 0.0979524 2 
0.0952568 0.0955582 2 
0.0952511 0.103659 2 
0.0951841 0.0964902 2 
0.0951385 0.0964303 2 
0.0951023 0.0976511 2 
0.0950513 0.0953506 2 
0.0950425 0.0981622 2 
0.0948543 0.101259 2 
0.0947138 0.104276 2 
0.0944561 0.0980965 2 
0.0942783 0.0990583 2 
0.0942487 0.0978881 2 
0.094178 0.0975989 2 
0.0937294 0.0962397 2 
0.0936724 0.101759 2 
0.0936561 0.0955435 2 
0.093624 0.0975345 2 
0.0935661 0.096431 2 
0.0935639 0.0979967 2 
0.0935524 0.0988666 2 
0.0933833 0.100098 2 
0.0933554 0.100859 2 
0.0933074 0.0945908 2 
0.0932242 0.0939713 2 
0.0931508 0.102467 2 
0.0931426 0.0932259 2 
0.0930331 0.0930549 2 
0.0927222 0.100834 2 
0.0927194 0.0968214 2 
0.0926322 0.102939 2 
0.0926291 0.0953396 2 
0.0926286 0.0982554 2 
0.0925622 0.0929884 2 
0.0925475 0.0935374 2 
0.0925108 0.0976784 2 
0.0924868 0.100545 2 
0.0924515 0.0973392 2 
0.0924385 0.0987402 2 
0.0923727 0.0929156 2 
0.0922226 0.098202 2 
0.0921199 0.096165 2 
0.0920209 0.0937967 2 
0.0920013 0.0920453 2 
0.0919718 0.103524 2 
0.0917829 0.0947887 2 
0.0917701 0.101259 2 
0.091766 0.10862 2 
0.0917304 0.0948543 2 
0.0916899 0.0918204 2 
0.0916624 0.0931852 2 
0.0916094 0.0933911 2 
0.0915582 0.0967083 2 
0.0915539 0.0916653 2 
0.0915118 0.0947439 2 
0.0914232 0.0992035 2 
0.0912499 0.099644 2 
0.0910502 0.0913599 2 
0.0908989 0.091296 2 
0.0908351 0.095034 2 
0.0908278 0.0994071 2 
0.0906424 0.0922124 2 
0.0906156 0.090947 2 
0.0905904 0.0999369 2 
0.0905257 0.0982347 2 
0.0904746 0.0914652 2 
0.0902821 0.0953746 2 
0.0902462 0.0975989 2 
0.0902326 0.100406 2 
0.0901978 0.100426 2 
0.0900235 0.0906968 2 
0.0900042 0.0962286 2 
0.0899945 0.0924722 2 
0.0899641 0.091853 2 
0.0899175 0.09257 2 
0.089822 0.0927525 2 
0.0898086 0.0904818 2 
0.0896548 0.0993121 2 
0.0895826 0.0919783 2 
0.0895494 0.0896112 2 
0.0894934 0.100496 2 
0.0894741 0.0965727 2 
0.0893609 0.0904389 2 
0.0887133 0.0908243 2 
0.0886706 0.0912873 2 
0.0886227 0.0903929 2 
0.0886175 0.0951055 2 
0.0885764 0.0889484 2 
0.088425 0.093646 2 
0.0880216 0.0885532 2 
0.0879097 0.0901527 2 
0.0878222 0.0879115 2 
0.087768 0.0906968 2 
0.0877556 0.0919846 2 
0.0876953 0.0897591 2 
0.0875819 0.0915139 2 
0.0875425 0.0937436 2 
0.0872878 0.09258 2 
0.0872768 0.0947106 2 
0.0868942 0.0876631 2 
0.0868145 0.0870258 2 
0.0867613 0.0878403 2 
0.086444 0.0889798 2 
0.086439 0.0870681 2 
0.0863648 0.0867627 2 
0.0862584 0.0883333 2 
0.08614 0.0889101 2 
0.0861117 0.0862522 2 
0.0859571 0.0883425 2 
0.0858486 0.0890612 2 
0.0856738 0.0868091 2 
0.0856131 0.088209 2 
0.0855648 0.0879057 2 
0.0852404 0.0852908 2 
0.085201 0.09023 2 
0.0851554 0.0902423 2 
0.0851349 0.0869854 2 
0.0851189 0.0884972 2 
0.0850805 0.0865882 2 
0.0848989 0.086052 2 
0.0848906 0.0882121 2 
0.0847277 0.0890227 2 
0.0847143 0.0865095 2 
0.0846307 0.0900855 2 
0.0844991 0.0873806 2 
0.0842711 0.0850561 2 
0.0841479 0.0859121 2 
0.0835694 0.0865095 2 
0.0832307 0.0849407 2 
0.0828737 0.0865053 2 
0.0827553 0.0836743 2 
0.0586632 0.0592842 3 
0.0521783 0.0542385 3 
0.0515832 0.0552211 3 
0.0513439 0.052942 3 
0.0510771 0.0513648 3 
0.0509824 0.051511 3 
0.0505328 0.0507851 3 
0.0503466 0.0506328 3 
0.0493765 0.0494324 3 
0.0490682 0.0510965 3 
0.049003 0.0511673 3 
0.0489534 0.0509752 3 
0.0484773 0.0503462 3 
0.0484679 0.0500514 3 
0.0484293 0.0487238 3 
0.0482076 0.0490022 3 
0.0481321 0.0501466 3 
0.0477696 0.0489153 3 
0.0477148 0.0488333 3 
0.047662 0.0480069 3 
0.0475537 0.0500284 3 
0.0473833 0.0493997 3 
0.047333 0.0495793 3 
0.0472034 0.0477163 3 
0.0471145 0.0487669 3 
0.0470561 0.0491404 3 
0.04699 0.0475393 3 
0.0469277 0.0490011 3 
0.0467789 0.0503682 3 
0.0467668 0.0486973 3 
0.0462213 0.0476157 3 
0.0461936 0.04673 3 
0.0461133 0.0503903 3 
0.0458626 0.0483316 3 
0.0457958 0.0460007 3 
0.0457427 0.0476001 3 
0.0456003 0.048236 3 
0.0455402 0.045754 3 
0.0454981 0.0508978 3 
0.0454765 0.0458485 3 
0.0452884 0.0491404 3 
0.0452735 0.0489352 3 
0.0452717 0.0533431 3 
0.0452187 0.0480076 3 
0.0452132 0.0461503 3 
0.0449496 0.046416 3 
0.0447561 0.0455441 3 
0.0447136 0.0456992 3 
0.0445983 0.0465082 3 
0.0445908 0.0469616 3 
0.0445026 0.045426 3 
0.0444663 0.0480069 3 
0.0443078 0.0491805 3 
0.0441658 0.0444288 3 
0.0441569 0.0447175 3 
0.0441547 0.0446531 3 
0.0441128 0.0462447 3 
0.0440852 0.0467244 3 
0.0440115 0.0443052 3 
0.0439428 0.0495408 3 
0.043862 0.0444623 3 
0.0438365 0.0444288 3 
0.0437896 0.0490235 3 
0.0437004 0.0471375 3 
0.0436608 0.0443904 3 
0.0436257 0.0476001 3 
0.0435829 0.0444996 3 
0.0435178 0.0441149 3 
0.0435169 0.0449634 3 
0.0434167 0.0491576 3 
0.043303 0.0440238 3 
0.0432589 0.0469616 3 
0.043254 0.0463228 3 
0.043234 0.0443302 3 
0.0430388 0.0467602 3 
0.0430086 0.0431462 3 
0.0428666 0.0495805 3 
0.0428379 0.0434312 3 
0.0428156 0.0462594 3 
0.0427157 0.0428509 3 
0.0426099 0.0436026 3 
0.0425759 0.0469704 3 
0.0425708 0.0442943 3 
0.0423623 0.045845 3 
0.0420295 0.0459166 3 
0.041996 0.0425781 3 
0.0419588 0.0425248 3 
0.0418939 0.0434051 3 
0.0418431 0.0444564 3 
0.0415105 0.0428538 3 
0.0415039 0.0422748 3 
0.0414787 0.0418349 3 
0.0414293 0.0426055 3 
0.0414023 0.0447236 3 
0.0413926 0.0423855 3 
0.041386 0.0437828 3 
0.0412984 0.0421125 3 
0.04117 0.0426578 3 
0.0411668 0.0427451 3 
0.0410216 0.0425248 3 
0.0409663 0.0414632 3 
0.0409204 0.0427685 3 
0.0407628 0.0427451 3 
0.0407624 0.0445055 3 
0.040728 0.0428484 3 
0.0405186 0.0422655 3 
0.0403867 0.0438077 3 
0.0402406 0.0411992 3 
0.0402395 0.0404488 3 
0.0399223 0.04108 3 
0.0399193 0.0429971 3 
0.0398748 0.040405 3 
0.0397538 0.0409506 3 
0.0395226 0.0405019 3 
0.0395052 0.0397627 3 
0.039449 0.042161 3 
0.0394365 0.0405249 3 
0.0392802 0.0393838 3 
0.0392574 0.0421999 3 
0.0391058 0.0392992 3 
0.0391031 0.0395602 3 
0.0390112 0.0405244 3 
0.0390036 0.0402738 3 
0.0388667 0.0389971 3 
0.0388043 0.0413005 3 
0.0387939 0.0394316 3 
0.0386843 0.0392572 3 
0.0386575 0.038904 3 
0.0383387 0.0408673 3 
0.0383109 0.0393838 3 
0.03831 0.0406309 3 
0.0382304 0.0404488 3 
0.0381847 0.0392478 3 
0.038076 0.0402301 3 
0.0380562 0.041356 3 
0.0379394 0.0388596 3 
0.0376645 0.0383922 3 
0.0375373 0.0377447 3 
0.0374936 0.0386176 3 
0.036957 0.0392478 3 
0.0368751 0.0389089 3 
0.03605 0.0378831 3 
0.0280703 0.0291784 4 
0.0259051 0.0264937 4 
0.0257811 0.0271042 4 
0.0256108 0.0259535 4 
0.0254308 0.0256348 4 
0.0252605 0.0256538 4 
0.0249294 0.0249298 4 
0.0248861 0.0290652 4 
0.0247317 0.0249927 4 
0.0246925 0.0252632 4 
0.0243528 0.0249997 4 
0.0243003 0.0268324 4 
0.0239671 0.0240081 4 
0.0239521 0.0256842 4 
0.0235295 0.024937 4 
0.0234944 0.0244472 4 
0.02343 0.0256538 4 
0.0233935 0.0260538 4 
0.0232538 0.0235675 4 
0.0232389 0.0249789 4 
0.0230314 0.024769 4 
0.023028 0.0252042 4 
0.022954 0.024099 4 
0.0229398 0.0252991 4 
0.0229093 0.0233348 4 
0.0228921 0.0234478 4 
0.0228039 0.0232347 4 
0.0227385 0.0228334 4 
0.0227273 0.0240722 4 
0.0225751 0.0236466 4 
0.0225079 0.0256106 4 
0.0223259 0.0233442 4 
0.0222739 0.0234857 4 
0.0222188 0.0227717 4 
0.0221802 0.0253948 4 
0.022032 0.0247723 4 
0.0218984 0.0242245 4 
0.0216414 0.0226456 4 
0.0216283 0.0222724 4 
0.0214784 0.021498 4 
0.0213606 0.0219466 4 
0.0213549 0.0215212 4 
0.0213461 0.0238309 4 
0.0212778 0.0217944 4 
0.0212086 0.021221 4 
0.021062 0.0226191 4 
0.0209847 0.0213035 4 
0.0209839 0.0221076 4 
0.0208143 0.0223995 4 
0.0206988 0.0230651 4 
0.0206535 0.0213128 4 
0.0204108 0.020441 4 
0.020379 0.0218712 4 
0.0203585 0.0208538 4 
0.0203296 0.0209318 4 
0.0202158 0.0211998 4 
0.0201908 0.0205705 4 
0.020132 0.0202179 4 
0.0201017 0.0209194 4 
0.02006 0.0207654 4 
0.0200307 0.0227349 4 
0.0200019 0.0228737 4 
0.0199932 0.0204666 4 
0.0199903 0.0200292 4 
0.0199539 0.0205409 4 
0.0198938 0.0205186 4 
0.0198707 0.0214414 4 
0.0197675 0.0211195 4 
0.0196658 0.0198412 4 
0.0196472 0.0198409 4 
0.0196221 0.020688 4 
0.0195172 0.0196352 4 
0.0194593 0.0201739 4 
0.0193863 0.0209964 4 
0.0191718 0.0206829 4 
0.0191351 0.0218071 4 
0.0190681 0.0190751 4 
0.0190259 0.0197653 4 
0.0188821 0.0201275 4 
0.0186466 0.0188559 4 
0.0185448 0.0187781 4 
0.0185298 0.0189489 4 
0.018514 0.0199393 4 
0.0184797 0.0186631 4 
0.018463 0.0187922 4 
0.0183616 0.0186673 4 
0.0183612 0.0196668 4 
0.0183369 0.0200459 4 
0.0183005 0.0192961 4 
0.0182509 0.0185367 4 
0.0181765 0.0191398 4 
0.0181731 0.018314 4 
0.0181164 0.0195766 4 
0.0180821 0.0185706 4 
0.0180629 0.0180657 4 
0.0180153 0.020305 4 
0.0178877 0.018493 4 
0.0178086 0.0195488 4 
0.0176654 0.0186384 4 
0.0173419 0.0183383 4 
0.0169113 0.0179488 4 
0.0146751 0.0152552 5 
0.0141423 0.0142832 5 
0.0134965 0.014714 5 
0.0130068 0.0139513 5 
0.0129634 0.0134108 5 
0.0128947 0.0135924 5 
0.0128847 0.0139965 5 
0.0128036 0.0128913 5 
0.0127796 0.0132211 5 
0.0127493 0.0138175 5 
0.0127252 0.0134869 5 
0.0127219 0.0131558 5 
0.0127159 0.014293 5 
0.0124738 0.0124891 5 
0.0122321 0.0136406 5 
0.0122006 0.0124508 5 
0.0121042 0.0126381 5 
0.0120454 0.0126926 5 
0.0120155 0.0132211 5 
0.0118846 0.0120134 5 
0.0118736 0.013316 5 
0.0117689 0.0124095 5 
0.0117252 0.0119535 5 
0.0114799 0.0129308 5 
0.0111392 0.0112114 5 
0.0110725 0.0113246 5 
0.0110577 0.0113388 5 
0.0110371 0.0125174 5 
0.0108552 0.0112994 5 
0.0108437 0.0112262 5 
0.0107429 0.0114421 5 
0.0106812 0.0107589 5 
0.010674 0.0113264 5 
0.0106265 0.0114702 5 
0.0105831 0.0108585 5 
0.010581 0.0107619 5 
0.0105575 0.0108759 5 
0.0105115 0.0105259 5 
0.0104874 0.0107298 5 
0.010416 0.0117931 5 
0.0104106 0.0108692 5 
0.0103532 0.0105486 5 
0.0103207 0.0105981 5 
0.0103026 0.0104336 5 
0.0102687 0.0107811 5 
0.0101815 0.0115284 5 
0.0101308 0.01067 5 
0.0101287 0.0107071 5 
0.0101231 0.0105394 5 
0.0100311 0.0104718 5 
0.0100128 0.0118492 5 
0.0100004 0.0102456 5 
0.00998746 0.0100666 5 
0.00993062 0.0100659 5 
0.00989275 0.0103207 5 
0.00987985 0.0104686 5 
0.0098562 0.0100391 5 
0.00984257 0.00992181 5 
0.00973678 0.0102065 5 
0.00965837 0.0102612 5 
0.00960406 0.0101191 5 
0.00959194 0.0108618 5 
0.00956766 0.00980125 5 
0.00950005 0.0104003 5 
0.00949741 0.00965523 5 
0.0094159 0.0101198 5 
0.00922554 0.00980046 5 
0.00920436 0.00928706 5 
0.00916601 0.00928896 5 
0.00916343 0.00931481 5 
0.0091421 0.00937869 5 
0.00912146 0.00926236 5 
0.00907431 0.0100497 5 
0.00906074 0.0100794 5 
0.00904856 0.0104371 5 
0.00903782 0.00968288 5 
0.00902227 0.00976001 5 
0.00897339 0.00897599 5 
0.00896659 0.00918257 5 
0.00880828 0.00897599 5 
0.00862936 0.0102093 5 
0.00854979 0.00903691 5 
0.00849457 0.00855648 5 
0.00831904 0.00833982 5 
0.00819302 0.00833982 5 
0.00780762 0.00888402 6 
0.00742357 0.00781244 6 
0.00719743 0.00800034 6 
0.00694739 0.00771063 6 
0.00681214 0.00777792 6 
0.00680301 0.00692574 6 
0.00676112 0.0071337 6 
0.0066965 0.00726598 6 
0.0066528 0.00716861 6 
0.00654407 0.00680846 6 
0.00645957 0.00732825 6 
0.00642788 0.00674429 6 
0.00639886 0.00691374 6 
0.00632961 0.00654082 6 
0.00631569 0.00652826 6 
0.00629414 0.0063264 6 
0.0058859 0.00652826 6 
0.0057953 0.0058717 6 
0.00576589 0.0059059 6 
0.00574852 0.00604744 6 
0.00572265 0.0060571 6 
0.00571969 0.00582446 6 
0.00558285 0.00567452 6 
0.0055818 0.00581605 6 
0.00555242 0.00646831 6 
0.00553884 0.00576934 6 
0.00551713 0.00554202 6 
0.00551136 0.00560882 6 
0.00550695 0.00622603 6 
0.00548012 0.00568117 6 
0.00545767 0.00551249 6 
0.00542201 0.00560276 6 
0.00540471 0.00542658 6 
0.00536066 0.00553977 6 
0.00534447 0.00592913 6 
0.00532183 0.00650209 6 
0.005286 0.00538582 6 
0.00527171 0.00543249 6 
0.00516791 0.00559023 6 
0.00513044 0.00531378 6 
0.00512147 0.00518634 6 
0.00511649 0.00512711 6 
0.00509504 0.00584243 6 
0.00508737 0.00509902 6 
0.00504855 0.00521205 6 
0.00501473 0.00513924 6 
0.0049581 0.00499189 6 
0.00493757 0.00528836 6 
0.00491993 0.00501845 6 
0.00485112 0.00533455 6 
0.00479305 0.004808 6 
0.00479197 0.00506488 6 
0.00474529 0.0050176 6 
0.00472668 0.00473342 6 
0.00469933 0.00485064 6 
0.0046938 0.00509801 6 
0.00467206 0.00558772 6 
0.00466743 0.00527023 6 
0.00462055 0.00511603 6 
0.00459458 0.00465084 6 
0.00440919 0.00453932 6 
0.00438993 0.00453126 6 
0.00437544 0.00465995 6 
0.00437046 0.00499095 6 
0.00411572 0.00423399 6 
0.00407772 0.00423399 6 
0.00465973 0.00523818 7 
0.0044258 0.00447523 7 
0.0042073 0.00462329 7 
0.00414976 0.00457817 7 
0.00396237 0.00417583 7 
0.00391057 0.00409517 7 
0.00380153 0.00384815 7 
0.00372658 0.0044035 7 
0.00368663 0.00398504 7 
0.00366479 0.00377472 7 
0.00366282 0.0038977 7 
0.00358753 0.00393922 7 
0.00346533 0.00350038 7 
0.00335486 0.00366841 7 
0.00328551 0.00331028 7 
0.00323588 0.00336421 7 
0.00321803 0.00353394 7 
0.00314928 0.00358455 7 
0.00311122 0.00325585 7 
0.00310962 0.0032828 7 
0.0030897 0.00333484 7 
0.00307839 0.00318955 7 
0.00304529 0.00350545 7 
0.00303162 0.00310189 7 
0.00301228 0.00370884 7 
0.00300612 0.00313565 7 
0.00294797 0.00312308 7 
0.00294385 0.00298902 7 
0.00292789 0.00300527 7 
0.00289366 0.0030891 7 
0.00288807 0.0030172 7 
0.00288201 0.00303765 7 
0.0028426 0.00297213 7 
0.00283923 0.00299835 7 
0.00282907 0.00285009 7 
0.00276612 0.00291594 7 
0.00270517 0.00284348 7 
0.0026948 0.00300024 7 
0.00269076 0.00274717 7 
0.00268246 0.00299551 7 
0.00262103 0.00288136 7 
0.00259813 0.0027706 7 
0.00259505 0.00261479 7 
0.00257535 0.00295107 7 
0.00256689 0.00266198 7 
0.00256202 0.00270574 7 
0.0025404 0.00275057 7 
0.00250785 0.00289924 7 
0.00250091 0.00254077 7 
0.00250058 0.00254879 7 
0.00249899 0.00258064 7 
0.00247893 0.00268097 7 
0.00238118 0.00238229 7 
0.0023357 0.00255488 7 
0.00231287 0.00251696 7 
0.00226909 0.00247405 7 
0.00218517 0.00218534 7 
0.00211406 0.00222384 7 
0.00284702 0.00315624 8 
0.00252324 0.00277998 8 
0.00252239 0.00272383 8 
0.00235707 0.00240947 8 
0.00234298 0.00236493 8 
0.00215306 0.00221946 8 
0.00214895 0.00231018 8 
0.00212262 0.00233284 8 
0.00211659 0.00253857 8 
0.00206115 0.00232098 8 
0.00188781 0.00192477 8 
0.00188214 0.00207159 8 
0.00187948 0.0019109 8 
0.00186535 0.00199182 8 
0.00181032 0.0020804 8 
0.00180354 0.00198891 8 
0.00175548 0.00180878 8 
0.00174961 0.00185691 8 
0.00174271 0.0018377 8 
0.00172799 0.00194934 8 
0.0017257 0.00183766 8 
0.00172484 0.00186664 8 
0.00171655 0.0019008 8 
0.00163797 0.00174412 8 
0.00158004 0.00160853 8 
0.00157924 0.00173284 8 
0.00156764 0.00168501 8 
0.00156394 0.00158004 8 
0.00154185 0.00163495 8 
0.00153966 0.00155867 8 
0.00153205 0.00167606 8 
0.00150947 0.00158391 8 
0.00148682 0.0015871 8 
0.00148155 0.0015901 8 
0.00143683 0.00158975 8 
0.00143555 0.00144723 8 
0.00143322 0.00165476 8 
0.00143305 0.00147249 8 
0.0014201 0.0014643 8 
0.00139475 0.00143311 8 
0.00139416 0.00149479 8 
0.00139228 0.00143768 8 
0.00139068 0.00152849 8 
0.00139026 0.00151786 8 
0.00138569 0.00143557 8 
0.00137193 0.00141784 8 
0.0013432 0.00134973 8 
0.00132052 0.00143818 8 
0.00130074 0.00136696 8 
0.00125959 0.00142222 8 
0.00125939 0.00132556 8 
0.00121305 0.00131076 8 
0.00114551 0.0012044 8 
0.00176987 0.00191069 9 
0.00158448 0.00160092 9 
0.001542 0.00163417 9 
0.00152429 0.00166581 9 
0.00142672 0.00142893 9 
0.00126454 0.0013822 9 
0.00125555 0.00137025 9 
0.00124337 0.00149811 9 
0.00121527 0.00140395 9 
0.00116075 0.00122846 9 
0.00112061 0.00121657 9 
0.00111165 0.00115819 9 
0.00108975 0.00113267 9 
0.00104813 0.00108452 9 
0.00103467 0.00108752 9 
0.00103224 0.00105656 9 
0.00102134 0.00108952 9 
0.00102061 0.00106522 9 
0.00101321 0.0010875 9 
0.00100781 0.00114034 9 
0.00100461 0.00110882 9 
0.000962907 0.000973595 9 
0.000949628 0.000976732 9 
0.000934535 0.000997063 9 
0.000902403 0.000907397 9 
0.000880943 0.000990513 9 
0.000872348 0.000883555 9 
0.000867345 0.00095917 9 
0.000860532 0.000894529 9 
0.00085664 0.00088152 9 
0.000855865 0.000893135 9 
0.00084302 0.000903971 9 
0.000839339 0.000841721 9 
0.000828439 0.000839561 9 
0.000827583 0.000847761 9 
0.000826727 0.000891308 9 
0.000818508 0.000863302 9 
0.00081696 0.000821983 9 
0.000815035 0.00085024 9 
0.000809101 0.000835983 9 
0.00080327 0.000871312 9 
0.000798574 0.000820591 9 
0.000794966 0.00082441 9 
0.000784167 0.000850889 9 
0.000783041 0.000799765 9 
0.0007721 0.000832493 9 
0.000761975 0.000762892 9 
0.00076143 0.000835983 9 
0.000747164 0.000788792 9 
0.000742327 0.000808356 9 
0.000738212 0.000745985 9 
0.000722454 0.000837511 9 
0.000720445 0.000804519 9 
0.000719659 0.000836876 9 
0.000697345 0.000713835 9 
0.000649395 0.000670814 9 
