0.523824 0.540261 0 
0.523125 0.541256 0 
0.522749 0.541637 0 
0.522575 0.541339 0 
0.522471 0.5394 0 
0.522436 0.542691 0 
0.522402 0.523 0 
0.522294 0.541644 0 
0.522111 0.542043 0 
0.521863 0.540646 0 
0.521619 0.534486 0 
0.521429 0.542286 0 
0.521423 0.543244 0 
0.52111 0.541067 0 
0.521108 0.541204 0 
0.520927 0.541204 0 
0.520774 0.542437 0 
0.520625 0.543758 0 
0.520475 0.538636 0 
0.520429 0.540956 0 
0.52039 0.541695 0 
0.52036 0.541099 0 
0.520316 0.542663 0 
0.520309 0.539956 0 
0.520243 0.5421 0 
0.520108 0.541085 0 
0.52008 0.539416 0 
0.520027 0.542985 0 
0.520009 0.541683 0 
0.51999 0.542693 0 
0.519988 0.540824 0 
0.519936 0.542077 0 
0.519896 0.541783 0 
0.519876 0.542241 0 
0.519868 0.541637 0 
0.519547 0.540261 0 
0.519531 0.540374 0 
0.519455 0.540529 0 
0.519402 0.540632 0 
0.519401 0.541577 0 
0.519245 0.541285 0 
0.519228 0.541099 0 
0.519155 0.51945 0 
0.519124 0.540302 0 
0.51907 0.541774 0 
0.519024 0.541994 0 
0.519007 0.541042 0 
0.519006 0.539956 0 
0.51896 0.543494 0 
0.518947 0.543389 0 
0.518906 0.5444 0 
0.518895 0.541227 0 
0.518891 0.541042 0 
0.518869 0.541118 0 
0.518863 0.541774 0 
0.518841 0.540819 0 
0.518821 0.542906 0 
0.518811 0.520214 0 
0.518786 0.542826 0 
0.518704 0.539986 0 
0.518667 0.540632 0 
0.518649 0.540261 0 
0.518648 0.519526 0 
0.518619 0.541993 0 
0.5186 0.53698 0 
0.518554 0.520308 0 
0.518511 0.519104 0 
0.518461 0.541085 0 
0.518397 0.54217 0 
0.518395 0.543185 0 
0.51834 0.519264 0 
0.518299 0.54319 0 
0.51828 0.541994 0 
0.518268 0.540244 0 
0.518255 0.544206 0 
0.518237 0.519484 0 
0.518237 0.520379 0 
0.518194 0.54201 0 
0.518136 0.541792 0 
0.518098 0.53698 0 
0.518091 0.542044 0 
0.51802 0.5421 0 
0.517921 0.53698 0 
0.517917 0.520462 0 
0.517916 0.518793 0 
0.517892 0.540267 0 
0.51789 0.539416 0 
0.517862 0.5445 0 
0.517851 0.5182 0 
0.517827 0.518962 0 
0.517794 0.54434 0 
0.517766 0.518696 0 
0.517701 0.542683 0 
0.517681 0.542257 0 
0.517637 0.518257 0 
0.51763 0.540267 0 
0.517613 0.542287 0 
0.51761 0.518442 0 
0.517582 0.538636 0 
0.517557 0.540819 0 
0.517547 0.540712 0 
0.517463 0.543389 0 
0.517456 0.542544 0 
0.517414 0.541802 0 
0.517387 0.545355 0 
0.517386 0.518922 0 
0.51737 0.51752 0 
0.517331 0.517939 0 
0.517302 0.543256 0 
0.517292 0.543082 0 
0.517264 0.53698 0 
0.517221 0.518213 0 
0.517183 0.539878 0 
0.517181 0.517277 0 
0.517178 0.518442 0 
0.517171 0.541559 0 
0.517154 0.519264 0 
0.517128 0.517297 0 
0.51699 0.542043 0 
0.516987 0.541783 0 
0.516971 0.517515 0 
0.516966 0.539956 0 
0.516937 0.539878 0 
0.516926 0.520027 0 
0.516914 0.53698 0 
0.516844 0.517034 0 
0.516819 0.542188 0 
0.516761 0.541386 0 
0.516742 0.541644 0 
0.516732 0.543371 0 
0.516729 0.540696 0 
0.516719 0.517224 0 
0.516686 0.517178 0 
0.516681 0.541695 0 
0.516658 0.540636 0 
0.516569 0.539416 0 
0.516553 0.520027 0 
0.51655 0.517463 0 
0.516523 0.542257 0 
0.516498 0.52194 0 
0.516489 0.542188 0 
0.516472 0.545212 0 
0.516472 0.53698 0 
0.516381 0.519774 0 
0.516377 0.516743 0 
0.516359 0.516994 0 
0.516282 0.544032 0 
0.516224 0.542735 0 
0.516205 0.517034 0 
0.516192 0.516509 0 
0.516165 0.537848 0 
0.516143 0.545162 0 
0.516127 0.519323 0 
0.516123 0.534486 0 
0.516112 0.539986 0 
0.516087 0.541042 0 
0.516063 0.543444 0 
0.51606 0.516822 0 
0.515972 0.534486 0 
0.515961 0.537848 0 
0.51596 0.540837 0 
0.515957 0.542939 0 
0.515945 0.540226 0 
0.515903 0.541792 0 
0.515897 0.540696 0 
0.515889 0.516671 0 
0.515885 0.540267 0 
0.515857 0.5394 0 
0.515797 0.5394 0 
0.515761 0.542881 0 
0.515719 0.516014 0 
0.515713 0.541276 0 
0.51571 0.542544 0 
0.515685 0.543825 0 
0.515682 0.542882 0 
0.515676 0.518558 0 
0.515675 0.543827 0 
0.51561 0.518522 0 
0.515592 0.515611 0 
0.515558 0.516029 0 
0.515544 0.543371 0 
0.515524 0.541339 0 
0.515517 0.518116 0 
0.515506 0.517233 0 
0.515451 0.516417 0 
0.515438 0.540261 0 
0.515415 0.542081 0 
0.515378 0.543494 0 
0.515372 0.516671 0 
0.515357 0.518727 0 
0.515331 0.539959 0 
0.515315 0.540683 0 
0.515305 0.51596 0 
0.515303 0.542698 0 
0.515286 0.541683 0 
0.515253 0.542564 0 
0.515229 0.540244 0 
0.515206 0.541381 0 
0.515169 0.51752 0 
0.515142 0.541067 0 
0.515141 0.52066 0 
0.515133 0.519014 0 
0.515129 0.516454 0 
0.515106 0.544324 0 
0.5151 0.542881 0 
0.515083 0.542114 0 
0.515066 0.543631 0 
0.515028 0.518345 0 
0.515016 0.539959 0 
0.515015 0.519374 0 
0.515013 0.542691 0 
0.515002 0.543722 0 
0.514949 0.517855 0 
0.514907 0.543173 0 
0.514902 0.540244 0 
0.514895 0.517768 0 
0.514875 0.541512 0 
0.514858 0.520379 0 
0.514777 0.542109 0 
0.514775 0.519454 0 
0.514723 0.519608 0 
0.514718 0.516106 0 
0.514705 0.540374 0 
0.51465 0.542882 0 
0.514641 0.514705 0 
0.514616 0.543859 0 
0.514603 0.540837 0 
0.514573 0.516337 0 
0.514571 0.541745 0 
0.514543 0.534486 0 
0.514535 0.516731 0 
0.514529 0.5394 0 
0.514525 0.518767 0 
0.514487 0.517268 0 
0.514437 0.542366 0 
0.514404 0.519454 0 
0.514396 0.539986 0 
0.514361 0.542418 0 
0.514345 0.544241 0 
0.514313 0.543282 0 
0.514306 0.514314 0 
0.514291 0.515427 0 
0.514251 0.539416 0 
0.514251 0.544071 0 
0.514226 0.523 0 
0.514152 0.538781 0 
0.514145 0.514266 0 
0.514108 0.54372 0 
0.514097 0.514902 0 
0.514076 0.538704 0 
0.514072 0.514744 0 
0.51407 0.53958 0 
0.514069 0.521533 0 
0.51404 0.540374 0 
0.514039 0.52194 0 
0.514034 0.515649 0 
0.513999 0.521533 0 
0.513999 0.540956 0 
0.513978 0.541695 0 
0.513975 0.514582 0 
0.513971 0.518626 0 
0.51395 0.51412 0 
0.513932 0.544541 0 
0.513915 0.541381 0 
0.513908 0.538636 0 
0.513906 0.544047 0 
0.513905 0.540683 0 
0.51387 0.515347 0 
0.513742 0.540226 0 
0.513731 0.540261 0 
0.513703 0.541276 0 
0.513665 0.534486 0 
0.513654 0.520615 0 
0.51363 0.539956 0 
0.513621 0.516439 0 
0.513614 0.515795 0 
0.513606 0.515035 0 
0.513594 0.538537 0 
0.513581 0.514314 0 
0.513575 0.513817 0 
0.513558 0.53698 0 
0.513543 0.542939 0 
0.513538 0.534486 0 
0.513535 0.538537 0 
0.51353 0.540515 0 
0.513512 0.541644 0 
0.513511 0.541792 0 
0.513488 0.516776 0 
0.513427 0.538781 0 
0.513423 0.514918 0 
0.513419 0.513928 0 
0.513391 0.538537 0 
0.513371 0.54043 0 
0.513357 0.5394 0 
0.513325 0.539959 0 
0.513277 0.518702 0 
0.513255 0.540824 0 
0.513246 0.54043 0 
0.513228 0.514277 0 
0.513196 0.540683 0 
0.513181 0.544991 0 
0.513175 0.540837 0 
0.513155 0.539878 0 
0.513148 0.516262 0 
0.51312 0.540819 0 
0.513116 0.539959 0 
0.51311 0.540515 0 
0.513095 0.542435 0 
0.513085 0.540374 0 
0.51308 0.545034 0 
0.513066 0.540636 0 
0.513044 0.541802 0 
0.513044 0.542538 0 
0.513031 0.542143 0 
0.512998 0.542663 0 
0.512995 0.541227 0 
0.512992 0.542538 0 
0.512945 0.540327 0 
0.512918 0.544741 0 
0.512916 0.540529 0 
0.512904 0.540837 0 
0.512898 0.540327 0 
0.512898 0.514744 0 
0.512892 0.540739 0 
0.51289 0.540956 0 
0.512861 0.539878 0 
0.512829 0.537848 0 
0.512823 0.53958 0 
0.512799 0.541223 0 
0.512775 0.541227 0 
0.512717 0.540712 0 
0.512704 0.540989 0 
0.512696 0.542418 0 
0.512692 0.540632 0 
0.512636 0.53958 0 
0.512616 0.542043 0 
0.512521 0.516114 0 
0.512475 0.542172 0 
0.512474 0.540636 0 
0.512448 0.517529 0 
0.512437 0.54372 0 
0.512386 0.545412 0 
0.512352 0.54043 0 
0.51233 0.540824 0 
0.512314 0.541118 0 
0.512292 0.541476 0 
0.512275 0.540529 0 
0.512257 0.541758 0 
0.512221 0.541559 0 
0.512071 0.541353 0 
0.512012 0.54043 0 
0.511965 0.541223 0 
0.511949 0.543494 0 
0.511927 0.540515 0 
0.511909 0.540648 0 
0.511894 0.543282 0 
0.511874 0.541118 0 
0.511864 0.540632 0 
0.511798 0.514053 0 
0.511794 0.540226 0 
0.511773 0.54219 0 
0.511766 0.540646 0 
0.511711 0.540648 0 
0.511687 0.540824 0 
0.511685 0.542634 0 
0.511673 0.541476 0 
0.51164 0.542288 0 
0.511569 0.540989 0 
0.511536 0.516294 0 
0.511515 0.542366 0 
0.511475 0.542366 0 
0.511464 0.541042 0 
0.511345 0.542687 0 
0.511334 0.543199 0 
0.511324 0.515305 0 
0.511324 0.541067 0 
0.511319 0.542143 0 
0.511307 0.542687 0 
0.511217 0.543996 0 
0.511092 0.542835 0 
0.511016 0.51127 0 
0.511012 0.541276 0 
0.51099 0.541285 0 
0.510987 0.542287 0 
0.51097 0.541644 0 
0.510961 0.543199 0 
0.510941 0.543199 0 
0.510887 0.54372 0 
0.510885 0.541512 0 
0.510846 0.545298 0 
0.510655 0.54441 0 
0.510625 0.541683 0 
0.510535 0.544629 0 
0.510507 0.542473 0 
0.510356 0.541842 0 
0.510316 0.542927 0 
0.509926 0.545818 0 
0.509868 0.548269 0 
0.509443 0.541778 0 
0.50932 0.514261 0 
0.509304 0.549094 0 
0.217552 0.227424 1 
0.216807 0.224193 1 
0.216457 0.228964 1 
0.216291 0.224592 1 
0.216059 0.227661 1 
0.215927 0.223251 1 
0.215842 0.227652 1 
0.215584 0.224932 1 
0.215524 0.225819 1 
0.215494 0.226292 1 
0.215476 0.227264 1 
0.215464 0.225831 1 
0.215435 0.226004 1 
0.215424 0.223113 1 
0.215418 0.225178 1 
0.215272 0.223497 1 
0.215267 0.222523 1 
0.215252 0.223112 1 
0.215034 0.228147 1 
0.214995 0.223251 1 
0.214863 0.221753 1 
0.214738 0.228431 1 
0.214728 0.222919 1 
0.214726 0.222003 1 
0.214687 0.225492 1 
0.214622 0.225207 1 
0.214553 0.220242 1 
0.214479 0.226455 1 
0.214444 0.224473 1 
0.214425 0.226753 1 
0.214329 0.22402 1 
0.214304 0.22516 1 
0.214185 0.226777 1 
0.214168 0.22652 1 
0.214159 0.224638 1 
0.214157 0.223364 1 
0.214146 0.225578 1 
0.214124 0.226273 1 
0.214088 0.223237 1 
0.213998 0.223405 1 
0.213998 0.227609 1 
0.213981 0.224689 1 
0.213954 0.220597 1 
0.213932 0.221537 1 
0.213902 0.227923 1 
0.213887 0.226566 1 
0.21379 0.228439 1 
0.213756 0.226292 1 
0.213749 0.224561 1 
0.213729 0.225525 1 
0.213694 0.223237 1 
0.213689 0.224557 1 
0.213643 0.223311 1 
0.213611 0.224592 1 
0.213605 0.224145 1 
0.213571 0.227574 1 
0.213472 0.227399 1 
0.213342 0.223064 1 
0.213298 0.223793 1 
0.213265 0.224473 1 
0.213205 0.225831 1 
0.21318 0.228933 1 
0.213177 0.21855 1 
0.213153 0.220597 1 
0.213109 0.226792 1 
0.213082 0.222937 1 
0.213044 0.223163 1 
0.212957 0.222769 1 
0.212873 0.227609 1 
0.212841 0.222879 1 
0.212815 0.224193 1 
0.212797 0.224689 1 
0.212787 0.227654 1 
0.212777 0.224185 1 
0.212708 0.234589 1 
0.212649 0.22284 1 
0.212643 0.223364 1 
0.212583 0.227019 1 
0.212543 0.220294 1 
0.212524 0.22471 1 
0.212493 0.219452 1 
0.212406 0.22284 1 
0.212385 0.225962 1 
0.212378 0.220565 1 
0.212324 0.222802 1 
0.212314 0.216895 1 
0.212302 0.226029 1 
0.212282 0.222138 1 
0.212278 0.225156 1 
0.212247 0.223024 1 
0.212242 0.226768 1 
0.21224 0.223572 1 
0.212224 0.221753 1 
0.212221 0.224635 1 
0.212183 0.222761 1 
0.212166 0.223298 1 
0.212143 0.221475 1 
0.212112 0.226491 1 
0.212077 0.224185 1 
0.211972 0.221817 1 
0.211969 0.225376 1 
0.211841 0.211859 1 
0.211797 0.22879 1 
0.211794 0.227609 1 
0.211774 0.223064 1 
0.21174 0.22809 1 
0.211726 0.220633 1 
0.211714 0.223831 1 
0.211694 0.224561 1 
0.211693 0.220953 1 
0.211653 0.225076 1 
0.211631 0.211923 1 
0.211544 0.226697 1 
0.211533 0.221744 1 
0.211509 0.222931 1 
0.211427 0.221921 1 
0.211427 0.229273 1 
0.211414 0.219266 1 
0.211402 0.221753 1 
0.21139 0.22471 1 
0.211378 0.220242 1 
0.211354 0.224422 1 
0.211335 0.220633 1 
0.211307 0.216895 1 
0.211291 0.220565 1 
0.211172 0.216895 1 
0.211153 0.221921 1 
0.211153 0.216895 1 
0.211148 0.223024 1 
0.211108 0.212091 1 
0.210982 0.22331 1 
0.210968 0.219452 1 
0.210853 0.228646 1 
0.21081 0.222919 1 
0.210749 0.221419 1 
0.210655 0.220953 1 
0.210599 0.210628 1 
0.21056 0.225311 1 
0.210515 0.229576 1 
0.210482 0.223163 1 
0.21038 0.223452 1 
0.210332 0.225076 1 
0.210271 0.220747 1 
0.210239 0.219452 1 
0.210233 0.223112 1 
0.210212 0.222761 1 
0.210155 0.21026 1 
0.210057 0.211185 1 
0.210037 0.210192 1 
0.210002 0.223064 1 
0.209969 0.222815 1 
0.20995 0.220242 1 
0.209939 0.216895 1 
0.20993 0.224044 1 
0.20988 0.221348 1 
0.209793 0.222769 1 
0.209787 0.222024 1 
0.209778 0.225018 1 
0.209762 0.211816 1 
0.209753 0.21855 1 
0.209744 0.223113 1 
0.209721 0.212125 1 
0.209721 0.224044 1 
0.209718 0.22466 1 
0.209649 0.225533 1 
0.209486 0.220565 1 
0.209362 0.226273 1 
0.209334 0.209431 1 
0.209214 0.220508 1 
0.209178 0.223526 1 
0.209121 0.221817 1 
0.209039 0.224561 1 
0.209003 0.224932 1 
0.208934 0.224044 1 
0.208738 0.222504 1 
0.208708 0.223793 1 
0.208677 0.209976 1 
0.208656 0.222183 1 
0.208654 0.225516 1 
0.208524 0.208609 1 
0.20852 0.208919 1 
0.208506 0.222879 1 
0.208503 0.20982 1 
0.20848 0.210037 1 
0.208477 0.210342 1 
0.208355 0.223943 1 
0.208335 0.20906 1 
0.208317 0.220508 1 
0.208314 0.224601 1 
0.208312 0.219266 1 
0.208308 0.222024 1 
0.208266 0.224579 1 
0.208239 0.211923 1 
0.208234 0.223867 1 
0.208136 0.224378 1 
0.20808 0.225156 1 
0.20802 0.225533 1 
0.20799 0.209814 1 
0.207977 0.211708 1 
0.20794 0.208142 1 
0.207886 0.220508 1 
0.207879 0.210659 1 
0.207869 0.221817 1 
0.207868 0.224601 1 
0.207853 0.20919 1 
0.207822 0.223782 1 
0.207813 0.227609 1 
0.207806 0.223142 1 
0.207806 0.220747 1 
0.207752 0.223867 1 
0.207745 0.208609 1 
0.207743 0.207844 1 
0.207655 0.221244 1 
0.207644 0.22464 1 
0.207599 0.222134 1 
0.207595 0.219266 1 
0.207562 0.210065 1 
0.207544 0.225156 1 
0.207476 0.209026 1 
0.207462 0.212407 1 
0.20745 0.207661 1 
0.207441 0.220242 1 
0.207373 0.208496 1 
0.207336 0.222769 1 
0.207321 0.222138 1 
0.2073 0.210398 1 
0.207294 0.22422 1 
0.207208 0.226491 1 
0.207207 0.207351 1 
0.207148 0.220597 1 
0.207122 0.209194 1 
0.207087 0.211248 1 
0.20708 0.221419 1 
0.207079 0.222504 1 
0.207041 0.211923 1 
0.207028 0.220633 1 
0.207013 0.22284 1 
0.207006 0.223322 1 
0.206991 0.207433 1 
0.206987 0.220565 1 
0.206971 0.222003 1 
0.206927 0.207099 1 
0.20692 0.223924 1 
0.206912 0.211122 1 
0.206895 0.223831 1 
0.206886 0.220953 1 
0.20688 0.209814 1 
0.206857 0.20947 1 
0.206836 0.219944 1 
0.206803 0.216895 1 
0.206803 0.225533 1 
0.206794 0.221475 1 
0.206794 0.223163 1 
0.206733 0.222931 1 
0.206659 0.206775 1 
0.206578 0.206867 1 
0.206542 0.211923 1 
0.206515 0.227709 1 
0.206512 0.209154 1 
0.206478 0.222338 1 
0.206475 0.222159 1 
0.206439 0.221921 1 
0.206428 0.224342 1 
0.206401 0.220508 1 
0.206335 0.222815 1 
0.206321 0.208955 1 
0.206311 0.207966 1 
0.20631 0.220953 1 
0.206309 0.221763 1 
0.206297 0.221348 1 
0.206283 0.222003 1 
0.206277 0.222931 1 
0.206229 0.226292 1 
0.206217 0.221744 1 
0.206213 0.221753 1 
0.206197 0.220747 1 
0.206113 0.207694 1 
0.206025 0.222003 1 
0.206025 0.232782 1 
0.205984 0.221475 1 
0.205973 0.207938 1 
0.205971 0.222018 1 
0.205967 0.206042 1 
0.20595 0.225227 1 
0.205947 0.221753 1 
0.205854 0.222134 1 
0.205846 0.210586 1 
0.205825 0.225516 1 
0.205779 0.222761 1 
0.20577 0.221348 1 
0.205762 0.223348 1 
0.205748 0.220294 1 
0.205671 0.223322 1 
0.205622 0.223348 1 
0.205615 0.222024 1 
0.205587 0.21855 1 
0.205569 0.225227 1 
0.205544 0.219216 1 
0.205503 0.223251 1 
0.2055 0.223322 1 
0.205485 0.221475 1 
0.205443 0.216895 1 
0.205375 0.206261 1 
0.205291 0.221921 1 
0.205269 0.221744 1 
0.205263 0.223782 1 
0.20525 0.223228 1 
0.205245 0.222504 1 
0.205207 0.20557 1 
0.205188 0.206261 1 
0.205166 0.221817 1 
0.205153 0.222802 1 
0.205142 0.207625 1 
0.205114 0.209438 1 
0.205041 0.225227 1 
0.205005 0.223307 1 
0.20499 0.223418 1 
0.204967 0.223307 1 
0.20495 0.207714 1 
0.204947 0.221921 1 
0.204866 0.209475 1 
0.204861 0.222931 1 
0.204762 0.221419 1 
0.204762 0.208889 1 
0.204752 0.208382 1 
0.204692 0.223608 1 
0.20467 0.219944 1 
0.204665 0.222159 1 
0.204572 0.222004 1 
0.204528 0.208897 1 
0.204509 0.212246 1 
0.204486 0.222183 1 
0.204483 0.221419 1 
0.20448 0.224738 1 
0.204454 0.223497 1 
0.204436 0.205527 1 
0.204393 0.2048 1 
0.204392 0.20607 1 
0.204387 0.223348 1 
0.204371 0.222159 1 
0.204303 0.223112 1 
0.204295 0.222004 1 
0.204275 0.222004 1 
0.204269 0.223452 1 
0.204227 0.219944 1 
0.20412 0.221244 1 
0.204117 0.223112 1 
0.204086 0.227105 1 
0.204076 0.205138 1 
0.204066 0.22366 1 
0.203903 0.220508 1 
0.203706 0.221537 1 
0.203699 0.223298 1 
0.203626 0.222338 1 
0.203607 0.205725 1 
0.203563 0.222919 1 
0.203563 0.206389 1 
0.203524 0.225076 1 
0.203439 0.224975 1 
0.203056 0.205578 1 
0.10091 0.101692 2 
0.100607 0.102805 2 
0.100115 0.10067 2 
0.100088 0.103068 2 
0.0998776 0.107857 2 
0.0998743 0.101875 2 
0.0996509 0.103454 2 
0.0993724 0.100114 2 
0.0991464 0.100149 2 
0.0987102 0.100793 2 
0.0985824 0.099288 2 
0.0985766 0.0991206 2 
0.0985709 0.098846 2 
0.0984796 0.0986087 2 
0.0984423 0.101078 2 
0.0984405 0.102186 2 
0.0983097 0.0986736 2 
0.0982043 0.100534 2 
0.0981293 0.0996876 2 
0.0980416 0.102351 2 
0.0979667 0.101592 2 
0.0979495 0.10062 2 
0.0979078 0.0981399 2 
0.0978904 0.10201 2 
0.0978835 0.0999876 2 
0.097864 0.0986679 2 
0.0978268 0.100534 2 
0.097782 0.100804 2 
0.0977322 0.0986736 2 
0.0976341 0.102075 2 
0.0975559 0.102621 2 
0.0974696 0.0999558 2 
0.0974685 0.101721 2 
0.0973217 0.0986679 2 
0.097191 0.101739 2 
0.0971515 0.102291 2 
0.09711 0.10067 2 
0.0970966 0.100553 2 
0.0969497 0.099479 2 
0.0968874 0.0978817 2 
0.0968738 0.099288 2 
0.0967728 0.0988975 2 
0.0967405 0.101067 2 
0.0967173 0.0978318 2 
0.0966632 0.097126 2 
0.0966387 0.0985743 2 
0.0966275 0.10019 2 
0.0966112 0.0994067 2 
0.096579 0.0984885 2 
0.0964865 0.103214 2 
0.0964839 0.0996872 2 
0.096388 0.0970255 2 
0.0963645 0.102026 2 
0.0963588 0.100771 2 
0.0963086 0.0984112 2 
0.0961966 0.102971 2 
0.0961852 0.0975088 2 
0.0961238 0.0990365 2 
0.0961038 0.100785 2 
0.0960856 0.0975347 2 
0.0959272 0.09689 2 
0.0957397 0.101802 2 
0.0957192 0.10101 2 
0.0956505 0.0999858 2 
0.0956188 0.0974289 2 
0.0955965 0.0993507 2 
0.0955676 0.0987218 2 
0.0954795 0.0998456 2 
0.095476 0.0980219 2 
0.0954199 0.0969444 2 
0.0953681 0.0974289 2 
0.0953015 0.0970737 2 
0.0952777 0.0986719 2 
0.0952396 0.0962287 2 
0.0952232 0.101273 2 
0.0952076 0.0960693 2 
0.0951612 0.0962734 2 
0.0951403 0.0961811 2 
0.0951396 0.0974289 2 
0.0951131 0.0986383 2 
0.0950704 0.0999096 2 
0.0950423 0.0983862 2 
0.0950204 0.0978972 2 
0.0949164 0.0967083 2 
0.0949054 0.098185 2 
0.0949018 0.0992738 2 
0.094774 0.101608 2 
0.0947442 0.0964392 2 
0.0946592 0.0952894 2 
0.0946589 0.0986217 2 
0.0946097 0.0997562 2 
0.0945725 0.0998085 2 
0.0945277 0.0953339 2 
0.094498 0.0993414 2 
0.0944028 0.09996 2 
0.0943796 0.0964392 2 
0.0943793 0.0985743 2 
0.0943632 0.0980431 2 
0.0943433 0.09689 2 
0.0943408 0.0953339 2 
0.0942975 0.0984112 2 
0.094292 0.0997097 2 
0.0942503 0.0949079 2 
0.0942403 0.0973484 2 
0.094102 0.0986217 2 
0.0940892 0.0974614 2 
0.0939917 0.100642 2 
0.09398 0.0968967 2 
0.0939772 0.0996731 2 
0.0939698 0.0962001 2 
0.0939277 0.0956758 2 
0.093919 0.0958737 2 
0.0938208 0.0966912 2 
0.0937481 0.0968802 2 
0.0937428 0.0959895 2 
0.0937409 0.0974289 2 
0.0937144 0.0950032 2 
0.0937075 0.0992519 2 
0.0937064 0.0981616 2 
0.0936193 0.0949079 2 
0.0935364 0.098185 2 
0.0935327 0.0972119 2 
0.0935303 0.0975251 2 
0.0935043 0.098846 2 
0.0934028 0.0987444 2 
0.0932558 0.0937495 2 
0.0932473 0.0937269 2 
0.0932248 0.0996731 2 
0.0931692 0.0975088 2 
0.0931597 0.0978817 2 
0.0931495 0.098846 2 
0.0931157 0.0951572 2 
0.0930713 0.09689 2 
0.0930581 0.102485 2 
0.0930215 0.0945819 2 
0.0929974 0.0932159 2 
0.0929924 0.0986837 2 
0.0929777 0.098865 2 
0.0929654 0.0992738 2 
0.0928781 0.0966912 2 
0.0928569 0.0988012 2 
0.0928296 0.0969103 2 
0.0928126 0.0964392 2 
0.0928125 0.0932823 2 
0.0927434 0.0976063 2 
0.0927099 0.0969115 2 
0.0926955 0.0936412 2 
0.0926879 0.0974499 2 
0.0926717 0.0959895 2 
0.0926616 0.0993837 2 
0.092639 0.0952894 2 
0.0926131 0.0984885 2 
0.0925625 0.0975752 2 
0.0925277 0.0980004 2 
0.09252 0.0978972 2 
0.0924506 0.0927565 2 
0.0924403 0.0980224 2 
0.0924066 0.0935111 2 
0.0924037 0.0997562 2 
0.0924017 0.0975792 2 
0.0923269 0.0923888 2 
0.0922163 0.105803 2 
0.0921939 0.0968967 2 
0.0921779 0.0952894 2 
0.0921603 0.0934741 2 
0.092121 0.098185 2 
0.0920814 0.097136 2 
0.0920505 0.092368 2 
0.0919614 0.0955834 2 
0.0919452 0.0929222 2 
0.0919444 0.0959895 2 
0.0919386 0.0983421 2 
0.0919289 0.0987645 2 
0.0919079 0.0959418 2 
0.0918986 0.0933616 2 
0.0918825 0.0950148 2 
0.0918471 0.0950148 2 
0.091845 0.0961811 2 
0.0917048 0.0961811 2 
0.0916989 0.0996731 2 
0.0916943 0.0990216 2 
0.0916481 0.0954325 2 
0.091586 0.0948571 2 
0.0915664 0.0988012 2 
0.0915593 0.101834 2 
0.0915575 0.0998983 2 
0.0914995 0.0917344 2 
0.0914842 0.0919684 2 
0.0914769 0.0971648 2 
0.0914716 0.0980431 2 
0.0914293 0.0973484 2 
0.091414 0.0915676 2 
0.0913406 0.0969115 2 
0.0912448 0.0981422 2 
0.0912293 0.0998983 2 
0.0912291 0.0916643 2 
0.0912263 0.0979877 2 
0.0912246 0.0981213 2 
0.0912194 0.0958738 2 
0.0912072 0.0997287 2 
0.0911942 0.0969444 2 
0.0911815 0.0984112 2 
0.0911767 0.0950148 2 
0.0911301 0.0972119 2 
0.0910766 0.0910774 2 
0.0910576 0.0952073 2 
0.0910507 0.0978972 2 
0.0910165 0.0988008 2 
0.091016 0.0913273 2 
0.0909963 0.0916643 2 
0.0909793 0.0933779 2 
0.0909698 0.0920429 2 
0.0909636 0.0915388 2 
0.0909479 0.0940505 2 
0.090916 0.0981399 2 
0.0909111 0.0981422 2 
0.0908209 0.0975752 2 
0.0907662 0.0984412 2 
0.0907358 0.0936255 2 
0.0907329 0.0967083 2 
0.0906826 0.0960693 2 
0.0906664 0.0922349 2 
0.0906604 0.0918918 2 
0.0906543 0.0974346 2 
0.0906258 0.0952894 2 
0.0905523 0.0983433 2 
0.0905202 0.0976063 2 
0.0904658 0.0949059 2 
0.0904528 0.0965688 2 
0.0904457 0.0966912 2 
0.0904402 0.0959418 2 
0.0904355 0.0949079 2 
0.0904297 0.0910372 2 
0.0904076 0.0969103 2 
0.0903555 0.0969115 2 
0.0903518 0.0959895 2 
0.0903499 0.0974346 2 
0.0903128 0.0955834 2 
0.0903107 0.0935975 2 
0.0902844 0.0910139 2 
0.090276 0.0907365 2 
0.090258 0.0926173 2 
0.0902505 0.0935549 2 
0.0902274 0.0949079 2 
0.0901806 0.0919257 2 
0.0901389 0.100534 2 
0.0901148 0.0983433 2 
0.0899983 0.0981355 2 
0.0899654 0.0901608 2 
0.0899599 0.094201 2 
0.0899531 0.0971454 2 
0.0899473 0.0956031 2 
0.0899025 0.100597 2 
0.0898991 0.0904036 2 
0.0898672 0.0915158 2 
0.0898498 0.0899435 2 
0.0898321 0.0979877 2 
0.0898214 0.0916541 2 
0.0898185 0.0962734 2 
0.0898088 0.0997287 2 
0.0898062 0.0921582 2 
0.0897961 0.0927565 2 
0.0897905 0.0984656 2 
0.0897691 0.0949059 2 
0.0897665 0.0908142 2 
0.0897639 0.0945774 2 
0.0897166 0.0955834 2 
0.0896873 0.0945819 2 
0.0896837 0.0908407 2 
0.0896679 0.090302 2 
0.0896623 0.0921822 2 
0.0896409 0.0948571 2 
0.089632 0.0907501 2 
0.0895744 0.0969103 2 
0.0895689 0.0997287 2 
0.089506 0.0978318 2 
0.0894997 0.0931628 2 
0.0894794 0.0902906 2 
0.0894522 0.0970737 2 
0.0894014 0.0973484 2 
0.0893833 0.0966912 2 
0.0893809 0.0910887 2 
0.089374 0.0965688 2 
0.0893307 0.0954387 2 
0.0893244 0.0982452 2 
0.0892837 0.0990898 2 
0.0892751 0.0984656 2 
0.0892341 0.0964165 2 
0.0892337 0.0959418 2 
0.0892078 0.0979877 2 
0.0891788 0.0967083 2 
0.0890934 0.0912893 2 
0.0890829 0.0968967 2 
0.0890472 0.0971648 2 
0.0890289 0.0962287 2 
0.0890087 0.0950148 2 
0.0890058 0.0891411 2 
0.0889677 0.0966912 2 
0.0889505 0.0966593 2 
0.0889344 0.0991062 2 
0.0889253 0.0971648 2 
0.0889201 0.0970076 2 
0.0889171 0.09689 2 
0.0888018 0.0936416 2 
0.088782 0.0961811 2 
0.08877 0.0971454 2 
0.0887538 0.0981355 2 
0.0887377 0.0952846 2 
0.0887205 0.0974346 2 
0.0886557 0.0968802 2 
0.0886333 0.097136 2 
0.0886207 0.0896916 2 
0.0885725 0.0974499 2 
0.0885399 0.0973484 2 
0.0885323 0.0981355 2 
0.0884849 0.0973008 2 
0.0884781 0.0965688 2 
0.0884604 0.0983467 2 
0.0884508 0.0956758 2 
0.088409 0.0982452 2 
0.0883256 0.0987522 2 
0.0883122 0.09841 2 
0.0882635 0.0889378 2 
0.0882594 0.0928671 2 
0.0882308 0.0956031 2 
0.0881652 0.0986492 2 
0.0881593 0.0895095 2 
0.0881377 0.0966271 2 
0.0880992 0.0986492 2 
0.088068 0.0886986 2 
0.0880391 0.0896309 2 
0.0880235 0.0884534 2 
0.0880103 0.0907583 2 
0.0879742 0.0956758 2 
0.0879532 0.0976063 2 
0.0879267 0.0923822 2 
0.0879158 0.0885669 2 
0.087848 0.0968802 2 
0.0877645 0.0970076 2 
0.0877142 0.0917062 2 
0.0876678 0.09689 2 
0.0876132 0.0970076 2 
0.0875065 0.0952145 2 
0.0874397 0.0992738 2 
0.0872545 0.0882286 2 
0.0871735 0.0887713 2 
0.0498834 0.0521863 3 
0.0494678 0.0499183 3 
0.0492561 0.0495991 3 
0.0481446 0.0483422 3 
0.0478654 0.049046 3 
0.0478615 0.0479714 3 
0.0474308 0.0477867 3 
0.0472223 0.0477827 3 
0.0471356 0.0477709 3 
0.0471185 0.0479565 3 
0.0468811 0.0469493 3 
0.0467492 0.0478517 3 
0.0466884 0.0487973 3 
0.0466639 0.047477 3 
0.0466206 0.0470325 3 
0.0465704 0.0480668 3 
0.0461871 0.0462803 3 
0.0461555 0.0468952 3 
0.0460409 0.0469478 3 
0.0460117 0.0461026 3 
0.0459769 0.0476435 3 
0.0457988 0.0458066 3 
0.0457606 0.0470012 3 
0.0456339 0.0458432 3 
0.0455986 0.0462278 3 
0.0455323 0.046682 3 
0.0453265 0.047111 3 
0.0450675 0.0450836 3 
0.0450486 0.0468901 3 
0.0450304 0.0469559 3 
0.0450246 0.0457954 3 
0.0450148 0.0470331 3 
0.0449562 0.0479565 3 
0.0449226 0.0463096 3 
0.0448997 0.045797 3 
0.0448507 0.045877 3 
0.0447748 0.0453119 3 
0.0447572 0.0451997 3 
0.0447565 0.046682 3 
0.04473 0.0461819 3 
0.0446989 0.046092 3 
0.0446821 0.0461528 3 
0.0446561 0.0455849 3 
0.0446114 0.0450401 3 
0.044609 0.0461819 3 
0.0445924 0.0449397 3 
0.0445344 0.0457987 3 
0.0445325 0.0462148 3 
0.044476 0.0458277 3 
0.0443919 0.0455462 3 
0.0443837 0.0451225 3 
0.0443239 0.0448283 3 
0.0442924 0.0446703 3 
0.0442896 0.0445406 3 
0.0442142 0.0449397 3 
0.0442081 0.0450268 3 
0.0441869 0.0442162 3 
0.0441723 0.0458244 3 
0.0441341 0.04688 3 
0.0441176 0.0447297 3 
0.0441126 0.0446797 3 
0.0441089 0.0460842 3 
0.0440885 0.0453355 3 
0.0440774 0.044524 3 
0.044076 0.0462846 3 
0.0440446 0.0454585 3 
0.0439387 0.044516 3 
0.0439168 0.0445731 3 
0.0439052 0.0449777 3 
0.043835 0.0457987 3 
0.0438247 0.0462667 3 
0.0438095 0.0455462 3 
0.0437704 0.0505476 3 
0.0437172 0.0449397 3 
0.0437054 0.0454943 3 
0.0436919 0.043844 3 
0.0436095 0.0457954 3 
0.0435892 0.0436785 3 
0.0435565 0.0456346 3 
0.0435531 0.0444488 3 
0.0435168 0.0438334 3 
0.0434987 0.0444665 3 
0.0434703 0.0442707 3 
0.043454 0.0440925 3 
0.0434314 0.0448817 3 
0.0434148 0.0455913 3 
0.0434131 0.0445398 3 
0.0434 0.0461819 3 
0.043366 0.0447679 3 
0.0433318 0.0445406 3 
0.0433149 0.0444348 3 
0.0432984 0.0433491 3 
0.0432783 0.0472344 3 
0.0432481 0.0457476 3 
0.0432472 0.0464155 3 
0.0432456 0.0434484 3 
0.0432309 0.044184 3 
0.0432056 0.04376 3 
0.043192 0.044129 3 
0.0431915 0.0435071 3 
0.0431877 0.0479046 3 
0.0431631 0.0459327 3 
0.0431365 0.0465051 3 
0.0431184 0.0446074 3 
0.0431162 0.0445073 3 
0.0430861 0.043109 3 
0.0430846 0.0447835 3 
0.0430639 0.0431373 3 
0.0430283 0.0442598 3 
0.0430048 0.0431681 3 
0.0430008 0.0448702 3 
0.0429173 0.0433614 3 
0.042917 0.0447869 3 
0.0429073 0.0463883 3 
0.0429045 0.0430588 3 
0.0428738 0.0431872 3 
0.0428622 0.0451659 3 
0.0428567 0.0437377 3 
0.042837 0.0433434 3 
0.0428129 0.0435391 3 
0.0428088 0.0434484 3 
0.0427747 0.0450836 3 
0.042773 0.0450501 3 
0.0427679 0.0444864 3 
0.0426884 0.0444488 3 
0.0426456 0.0453961 3 
0.0426452 0.0461338 3 
0.0426193 0.045049 3 
0.042619 0.0454943 3 
0.0426118 0.0433831 3 
0.0426003 0.0430112 3 
0.0425956 0.044214 3 
0.042584 0.0444272 3 
0.0425801 0.0428168 3 
0.0425799 0.0429275 3 
0.0425745 0.0448817 3 
0.0425553 0.0448283 3 
0.0425077 0.0434753 3 
0.0424777 0.0436677 3 
0.042466 0.0437362 3 
0.0424356 0.0447297 3 
0.0423827 0.0432737 3 
0.0423624 0.0457096 3 
0.0423613 0.0450168 3 
0.0423536 0.0444272 3 
0.0423126 0.0453119 3 
0.0423064 0.0446074 3 
0.0423046 0.0426462 3 
0.0422988 0.0429605 3 
0.0422798 0.0458073 3 
0.0422765 0.0439475 3 
0.0422579 0.0432902 3 
0.0422545 0.0446074 3 
0.0422542 0.0433034 3 
0.0422324 0.0447073 3 
0.0422079 0.0444272 3 
0.0421716 0.043503 3 
0.0421691 0.0427446 3 
0.0421292 0.042264 3 
0.0421191 0.0437261 3 
0.042056 0.0456114 3 
0.0420367 0.0429605 3 
0.0420306 0.0451125 3 
0.0420132 0.0447869 3 
0.042 0.0453202 3 
0.041995 0.0434501 3 
0.0419919 0.0437377 3 
0.0419833 0.0431872 3 
0.041976 0.0447869 3 
0.0419573 0.0435439 3 
0.0419475 0.0436392 3 
0.0419334 0.0450168 3 
0.0419322 0.043844 3 
0.0419098 0.0422084 3 
0.0419035 0.0441213 3 
0.0418565 0.0454484 3 
0.0418516 0.0466018 3 
0.0418255 0.0463883 3 
0.0418125 0.0433831 3 
0.0418071 0.0453119 3 
0.0417752 0.0422729 3 
0.0417703 0.0427841 3 
0.0417204 0.0466018 3 
0.0417204 0.0435533 3 
0.0417102 0.0418006 3 
0.0417037 0.044184 3 
0.0416776 0.0459736 3 
0.0416654 0.0451942 3 
0.0416466 0.0434753 3 
0.0416256 0.0423297 3 
0.0416098 0.0457525 3 
0.0416043 0.0435391 3 
0.0415996 0.0455654 3 
0.0415949 0.0432142 3 
0.0415862 0.0446621 3 
0.0415723 0.0442156 3 
0.0415713 0.0458073 3 
0.0415671 0.0442482 3 
0.0415518 0.0465423 3 
0.0415419 0.042356 3 
0.0415335 0.0435874 3 
0.0415194 0.0433831 3 
0.0415164 0.0445704 3 
0.041507 0.0432243 3 
0.0414914 0.0421085 3 
0.0414877 0.042199 3 
0.0414705 0.0457476 3 
0.0414574 0.0432737 3 
0.041439 0.044507 3 
0.0414359 0.0426926 3 
0.0414175 0.0456114 3 
0.0414009 0.0444488 3 
0.0413503 0.0425438 3 
0.0413084 0.0415023 3 
0.0413071 0.0424231 3 
0.0412821 0.0418106 3 
0.041247 0.043142 3 
0.041233 0.04376 3 
0.0412191 0.0423704 3 
0.0412161 0.0442502 3 
0.0411713 0.0422952 3 
0.0411575 0.0438743 3 
0.0411544 0.0437762 3 
0.0411154 0.0453371 3 
0.0411113 0.0452928 3 
0.0410792 0.0413948 3 
0.0410784 0.0437362 3 
0.0410752 0.044877 3 
0.0410708 0.0437632 3 
0.0410377 0.0432869 3 
0.041031 0.0428168 3 
0.0410193 0.043501 3 
0.0410029 0.0422116 3 
0.040982 0.0458289 3 
0.0409814 0.0410363 3 
0.0409737 0.044184 3 
0.0409732 0.0453699 3 
0.0409705 0.044524 3 
0.0409264 0.0446074 3 
0.0409211 0.0419997 3 
0.0408623 0.0443982 3 
0.0408593 0.0452686 3 
0.0408291 0.0442156 3 
0.0408225 0.0444864 3 
0.0407948 0.0447679 3 
0.0407946 0.0449841 3 
0.0407854 0.044516 3 
0.0407349 0.0446571 3 
0.0407296 0.0458145 3 
0.0407295 0.0440072 3 
0.0407255 0.045632 3 
0.040702 0.0445398 3 
0.0406954 0.043936 3 
0.0406878 0.0457974 3 
0.0406234 0.044184 3 
0.0405992 0.0441583 3 
0.0405959 0.0442156 3 
0.0405946 0.0444665 3 
0.040577 0.0443428 3 
0.0405595 0.0445704 3 
0.0405172 0.045478 3 
0.0404549 0.0439049 3 
0.0404431 0.0410728 3 
0.0404378 0.0435984 3 
0.0404022 0.0404255 3 
0.0403814 0.0449397 3 
0.0403726 0.0452781 3 
0.0403632 0.0444864 3 
0.040359 0.0445398 3 
0.0403222 0.0431521 3 
0.0403213 0.0445661 3 
0.0403064 0.0430402 3 
0.0402972 0.0418892 3 
0.0402932 0.0405695 3 
0.0401079 0.045881 3 
0.0400723 0.0430402 3 
0.0400441 0.0458073 3 
0.0400221 0.0456322 3 
0.0398828 0.0443428 3 
0.0397528 0.0445661 3 
0.0397238 0.0398477 3 
0.0396556 0.0418656 3 
0.0395756 0.0408939 3 
0.0394998 0.0410624 3 
0.0233915 0.0235714 4 
0.0232171 0.023364 4 
0.0229324 0.0231004 4 
0.0228984 0.0234195 4 
0.022708 0.0227776 4 
0.0226208 0.0231617 4 
0.0224164 0.0225114 4 
0.0223479 0.0225571 4 
0.0223453 0.0225439 4 
0.0223194 0.0232081 4 
0.0221109 0.0224323 4 
0.0221099 0.0222653 4 
0.0220474 0.0226525 4 
0.022045 0.0221545 4 
0.0220318 0.0225662 4 
0.0220138 0.0225214 4 
0.0220088 0.0224485 4 
0.0220057 0.02202 4 
0.0219634 0.0224702 4 
0.021953 0.0224053 4 
0.0219378 0.0224771 4 
0.0219152 0.0227941 4 
0.0218857 0.0219671 4 
0.0218565 0.0223256 4 
0.0218086 0.0222064 4 
0.0217115 0.0217163 4 
0.021682 0.0216883 4 
0.0216726 0.0216883 4 
0.0216559 0.0216643 4 
0.0216286 0.0224702 4 
0.0216234 0.0230439 4 
0.0216097 0.0216268 4 
0.0215999 0.0220316 4 
0.0215892 0.0216896 4 
0.0215803 0.0224611 4 
0.0215493 0.0224309 4 
0.021537 0.0250675 4 
0.0215076 0.0219671 4 
0.0215021 0.0217163 4 
0.0214876 0.0221498 4 
0.0214742 0.0218786 4 
0.0214525 0.0222006 4 
0.0214437 0.0226376 4 
0.0213479 0.0216823 4 
0.0213258 0.0218341 4 
0.0213174 0.0218264 4 
0.0213072 0.0213083 4 
0.0212703 0.0215402 4 
0.0212622 0.0215034 4 
0.0212349 0.0224796 4 
0.0211893 0.0224847 4 
0.0211868 0.0233987 4 
0.0211384 0.0215184 4 
0.0211269 0.0219197 4 
0.0211054 0.0222348 4 
0.0210951 0.0219197 4 
0.0210473 0.0215537 4 
0.0210306 0.0219492 4 
0.0210281 0.0217297 4 
0.0210155 0.0211524 4 
0.0210085 0.0222892 4 
0.0209955 0.0213766 4 
0.0209949 0.0217274 4 
0.020983 0.0211287 4 
0.0209569 0.0212951 4 
0.0209529 0.0212164 4 
0.0209513 0.0212631 4 
0.0209468 0.0209663 4 
0.0209449 0.0211419 4 
0.020934 0.021706 4 
0.0209134 0.020987 4 
0.0208708 0.0212572 4 
0.0208454 0.0211144 4 
0.0208326 0.0212057 4 
0.0208196 0.0210955 4 
0.0207841 0.0215293 4 
0.0207659 0.0211317 4 
0.0207478 0.0217085 4 
0.0207358 0.0212831 4 
0.0207313 0.021309 4 
0.0207164 0.0211736 4 
0.0207039 0.0213802 4 
0.0207022 0.0225196 4 
0.0206925 0.0215307 4 
0.0206838 0.0216778 4 
0.0206618 0.0213625 4 
0.0206437 0.020842 4 
0.0206261 0.0211455 4 
0.0206118 0.0211317 4 
0.0206095 0.0218182 4 
0.0205658 0.0216823 4 
0.0205404 0.0215993 4 
0.0205272 0.0215536 4 
0.0205247 0.0213028 4 
0.0205145 0.0220713 4 
0.0205084 0.0209564 4 
0.0204914 0.0206605 4 
0.0204856 0.020603 4 
0.0204854 0.0206605 4 
0.0204785 0.0218264 4 
0.0204629 0.0219066 4 
0.0204622 0.0211531 4 
0.0204546 0.0214897 4 
0.0204256 0.0218132 4 
0.0204223 0.0216883 4 
0.0204209 0.0207515 4 
0.0204109 0.0224913 4 
0.0204087 0.0219096 4 
0.0204063 0.0208583 4 
0.0203976 0.0210815 4 
0.0203839 0.0212041 4 
0.0203833 0.0216642 4 
0.0203783 0.0217686 4 
0.020348 0.0209972 4 
0.0203458 0.0212593 4 
0.0203424 0.020506 4 
0.0203378 0.0207515 4 
0.0203281 0.0216817 4 
0.0203254 0.0213772 4 
0.0203172 0.0204565 4 
0.0203028 0.0223339 4 
0.0202765 0.0224505 4 
0.02027 0.0218132 4 
0.0202677 0.0205787 4 
0.0202595 0.0209968 4 
0.0202523 0.0213893 4 
0.0202469 0.0210977 4 
0.0202348 0.0203224 4 
0.0202222 0.0211419 4 
0.0202208 0.0211455 4 
0.0202003 0.0210952 4 
0.0201909 0.0209564 4 
0.0201891 0.0205826 4 
0.0201784 0.0216651 4 
0.0201703 0.0207013 4 
0.0201518 0.0217686 4 
0.0201261 0.021093 4 
0.020112 0.0223339 4 
0.0201068 0.0210955 4 
0.0201003 0.0213588 4 
0.0200925 0.0207742 4 
0.0200925 0.0203167 4 
0.0200869 0.0218547 4 
0.0200852 0.0218341 4 
0.0200797 0.0208113 4 
0.0200789 0.0211351 4 
0.0200754 0.0229058 4 
0.0200666 0.020889 4 
0.0200593 0.0204613 4 
0.0200584 0.0212611 4 
0.0200322 0.0210632 4 
0.0200308 0.0205055 4 
0.0200133 0.0213979 4 
0.0199985 0.0202055 4 
0.0199961 0.0222371 4 
0.0199833 0.0209663 4 
0.0199677 0.0199829 4 
0.0199564 0.0211141 4 
0.019942 0.0220443 4 
0.0199393 0.0205394 4 
0.019927 0.020491 4 
0.019904 0.0204758 4 
0.0198828 0.0211103 4 
0.0198759 0.0215715 4 
0.0198703 0.0214848 4 
0.0198641 0.0213183 4 
0.0198487 0.0211367 4 
0.019847 0.0223972 4 
0.0198386 0.0204565 4 
0.0198275 0.0210938 4 
0.0198126 0.0203224 4 
0.0198028 0.0215466 4 
0.0197958 0.0203769 4 
0.0197907 0.0208053 4 
0.0197859 0.0220641 4 
0.0197851 0.0207061 4 
0.0197782 0.0215467 4 
0.0197776 0.0216659 4 
0.019764 0.0208113 4 
0.019756 0.0218405 4 
0.0197493 0.0217986 4 
0.0197348 0.02093 4 
0.0197275 0.0215369 4 
0.0196868 0.0203901 4 
0.019673 0.0212628 4 
0.0196673 0.0196855 4 
0.0196426 0.0215094 4 
0.0196409 0.0205776 4 
0.0196361 0.0219197 4 
0.0196186 0.0207538 4 
0.0196131 0.0208884 4 
0.0195809 0.0217686 4 
0.0195808 0.0210955 4 
0.0195795 0.0212762 4 
0.0195575 0.0212675 4 
0.0195512 0.0206588 4 
0.0195505 0.0210447 4 
0.0195486 0.0213662 4 
0.0195471 0.0200355 4 
0.0195327 0.0200167 4 
0.0195269 0.0211103 4 
0.0195051 0.0209663 4 
0.0194896 0.0214622 4 
0.0194713 0.0198696 4 
0.0194677 0.0214296 4 
0.0194552 0.0210955 4 
0.0194491 0.0211524 4 
0.0194395 0.0215568 4 
0.0194213 0.0209199 4 
0.0193881 0.0205196 4 
0.0193869 0.02093 4 
0.019377 0.0202114 4 
0.0193562 0.0217163 4 
0.0192965 0.0217463 4 
0.0192902 0.0217275 4 
0.0192788 0.0224515 4 
0.01926 0.0213625 4 
0.0192548 0.0210438 4 
0.0192486 0.0212057 4 
0.0192373 0.0216645 4 
0.0192045 0.021517 4 
0.0191962 0.0212882 4 
0.0191868 0.0216865 4 
0.0191337 0.0199744 4 
0.0190498 0.0210935 4 
0.0190389 0.0211524 4 
0.0189998 0.021804 4 
0.0189903 0.0218167 4 
0.0189698 0.0197964 4 
0.0188093 0.0205787 4 
0.0187649 0.0212839 4 
0.0183603 0.0196677 4 
0.011581 0.0117341 5 
0.0114805 0.0116843 5 
0.011314 0.0115688 5 
0.0112251 0.0112488 5 
0.0112004 0.0112007 5 
0.0111777 0.0114612 5 
0.0111594 0.0112908 5 
0.0111121 0.0112224 5 
0.0111047 0.0114495 5 
0.0110157 0.0110418 5 
0.0109959 0.0111871 5 
0.0109672 0.011287 5 
0.0109563 0.0117628 5 
0.0109562 0.0111104 5 
0.0109233 0.0115094 5 
0.0109131 0.0110893 5 
0.0109011 0.0112886 5 
0.0108741 0.0111369 5 
0.0108558 0.0127924 5 
0.0108105 0.0110449 5 
0.0107812 0.0110527 5 
0.0107763 0.0107822 5 
0.0107351 0.0109423 5 
0.0107191 0.0113897 5 
0.0106975 0.0107849 5 
0.0106878 0.010885 5 
0.0106788 0.0111785 5 
0.0106771 0.0107727 5 
0.0106508 0.0111372 5 
0.0106297 0.0110602 5 
0.0106095 0.0108288 5 
0.0106062 0.0109861 5 
0.0105838 0.0106247 5 
0.0105712 0.0110149 5 
0.0105574 0.0110056 5 
0.0105535 0.0106162 5 
0.0105339 0.0105394 5 
0.0104432 0.0106443 5 
0.0103996 0.0108918 5 
0.0103913 0.0106401 5 
0.0103805 0.010562 5 
0.0103723 0.0111831 5 
0.0103615 0.0106294 5 
0.0103531 0.011156 5 
0.0103522 0.0107215 5 
0.0103505 0.0109914 5 
0.0103399 0.0109738 5 
0.0103357 0.0108364 5 
0.0103289 0.010348 5 
0.0103259 0.0109004 5 
0.0103169 0.0105361 5 
0.0103095 0.0111286 5 
0.0103077 0.0104112 5 
0.0103073 0.0105699 5 
0.0103071 0.0107223 5 
0.0103016 0.0107014 5 
0.0102931 0.0105778 5 
0.0102742 0.0107478 5 
0.0102732 0.0108438 5 
0.0102648 0.0103663 5 
0.0102545 0.010258 5 
0.0102497 0.0103069 5 
0.0102392 0.0105297 5 
0.0102294 0.0102311 5 
0.0102199 0.0105134 5 
0.0102197 0.01058 5 
0.0102126 0.0109997 5 
0.0101957 0.0106401 5 
0.0101793 0.0110602 5 
0.010177 0.011082 5 
0.0101753 0.0104009 5 
0.0101576 0.0105823 5 
0.0101468 0.0104228 5 
0.0101389 0.0104787 5 
0.0101363 0.01107 5 
0.0101361 0.0105361 5 
0.0101314 0.0108106 5 
0.0101218 0.0109557 5 
0.0101216 0.0104551 5 
0.0101139 0.0102974 5 
0.0101081 0.0103142 5 
0.0101019 0.0106536 5 
0.0100999 0.0103622 5 
0.0100985 0.0108106 5 
0.0100972 0.0101575 5 
0.0100956 0.0106459 5 
0.010095 0.0106441 5 
0.0100912 0.0105306 5 
0.0100838 0.011057 5 
0.0100698 0.0102749 5 
0.0100685 0.0101339 5 
0.0100669 0.0101575 5 
0.0100666 0.0106613 5 
0.0100644 0.010297 5 
0.0100639 0.0103333 5 
0.0100635 0.0104112 5 
0.010029 0.010404 5 
0.0100261 0.0103235 5 
0.0100195 0.010722 5 
0.0100164 0.0110884 5 
0.0100123 0.0106782 5 
0.0100069 0.010574 5 
0.00998904 0.0109914 5 
0.00998604 0.0103522 5 
0.00997986 0.0100979 5 
0.0099705 0.0106228 5 
0.00997026 0.0111942 5 
0.00996245 0.0106745 5 
0.00995814 0.010948 5 
0.00995351 0.0100195 5 
0.00995246 0.0102307 5 
0.0099516 0.0102836 5 
0.00995147 0.0110773 5 
0.00994539 0.0105695 5 
0.00993941 0.0105401 5 
0.00990738 0.0103945 5 
0.00989449 0.0111359 5 
0.00989434 0.0107016 5 
0.00989243 0.0105897 5 
0.00987662 0.0102763 5 
0.00986917 0.0102539 5 
0.00986557 0.0108099 5 
0.00986231 0.0103727 5 
0.00985275 0.0102456 5 
0.00984773 0.0110746 5 
0.009843 0.0103142 5 
0.00984103 0.0110529 5 
0.00983197 0.00990907 5 
0.00982559 0.0109119 5 
0.0098121 0.0108307 5 
0.00981095 0.0107024 5 
0.0098043 0.0107643 5 
0.00980059 0.0106613 5 
0.00979927 0.010494 5 
0.0097844 0.010108 5 
0.00978178 0.0106615 5 
0.00978011 0.0105489 5 
0.00977975 0.0102524 5 
0.00977151 0.00981943 5 
0.00977006 0.0110092 5 
0.00975889 0.0102925 5 
0.00974149 0.0101717 5 
0.00973163 0.0104269 5 
0.00972867 0.0099673 5 
0.00972705 0.00994 5 
0.00972525 0.010725 5 
0.00971791 0.010652 5 
0.00970914 0.00971157 5 
0.00970173 0.00994687 5 
0.00969284 0.0110224 5 
0.00969223 0.0102976 5 
0.00968324 0.0104955 5 
0.00967498 0.010242 5 
0.00966783 0.0100701 5 
0.00966624 0.010574 5 
0.00965365 0.00999969 5 
0.00963666 0.0101827 5 
0.00963621 0.0103186 5 
0.00963478 0.0106017 5 
0.00960939 0.0106017 5 
0.00959364 0.0105027 5 
0.00956133 0.0111872 5 
0.00955269 0.0103186 5 
0.0095511 0.0102539 5 
0.0095501 0.00984505 5 
0.00954405 0.00999489 5 
0.00954298 0.01066 5 
0.00953611 0.0102963 5 
0.00953261 0.0107349 5 
0.00952391 0.0101012 5 
0.00950664 0.0106247 5 
0.00950586 0.0102064 5 
0.00950387 0.010716 5 
0.00948957 0.00993438 5 
0.00947943 0.0103142 5 
0.00947597 0.0104791 5 
0.00945433 0.0110053 5 
0.00945332 0.0109492 5 
0.00945046 0.0107478 5 
0.0094439 0.0107256 5 
0.00944005 0.0095019 5 
0.00943165 0.0102895 5 
0.00940685 0.0105499 5 
0.00940028 0.0106365 5 
0.00937211 0.0105489 5 
0.00936402 0.00936937 5 
0.00934781 0.0104565 5 
0.00934078 0.0104685 5 
0.00933215 0.0104565 5 
0.00932077 0.0093296 5 
0.00918575 0.0102196 5 
0.00896975 0.00971149 5 
0.00603485 0.00607241 6 
0.00584543 0.00604349 6 
0.00581195 0.00586786 6 
0.00580435 0.00582381 6 
0.00577375 0.00582387 6 
0.00575728 0.00577613 6 
0.00564294 0.00583858 6 
0.00563893 0.00586786 6 
0.00562276 0.00569211 6 
0.0056125 0.00564355 6 
0.00557383 0.00557554 6 
0.00557016 0.00658973 6 
0.00555629 0.00561418 6 
0.00552629 0.00553231 6 
0.00550139 0.00584438 6 
0.00548498 0.00565939 6 
0.0054643 0.00548565 6 
0.00546006 0.00551779 6 
0.00544412 0.00555243 6 
0.00543288 0.00557263 6 
0.00542332 0.00557238 6 
0.00538875 0.00542555 6 
0.00537226 0.0054899 6 
0.00536576 0.00549771 6 
0.00535962 0.00547111 6 
0.00534691 0.00564409 6 
0.00534643 0.00555935 6 
0.00534306 0.00555054 6 
0.00533138 0.00535261 6 
0.00532457 0.0053838 6 
0.00532161 0.00558416 6 
0.00531809 0.00544292 6 
0.00531279 0.00531457 6 
0.00529644 0.00561046 6 
0.00529316 0.00542906 6 
0.00528567 0.00555054 6 
0.00528287 0.00547111 6 
0.00527962 0.00536419 6 
0.00527845 0.00550952 6 
0.00527581 0.00535059 6 
0.0052748 0.00544902 6 
0.00527458 0.00562118 6 
0.00526145 0.00539104 6 
0.00525555 0.00525678 6 
0.00525206 0.00555435 6 
0.00524961 0.00532264 6 
0.00523204 0.00533145 6 
0.00522111 0.00525788 6 
0.00521887 0.00529814 6 
0.00521668 0.00553346 6 
0.00520915 0.00546271 6 
0.00520831 0.00539634 6 
0.00520801 0.00526035 6 
0.00520667 0.00531679 6 
0.00520274 0.00527842 6 
0.00520092 0.00573605 6 
0.00518808 0.00551754 6 
0.00518516 0.00558242 6 
0.00517927 0.00524148 6 
0.0051653 0.00571778 6 
0.00515854 0.00524589 6 
0.00514112 0.00549699 6 
0.00514015 0.00532142 6 
0.00513685 0.00565575 6 
0.00513565 0.00549882 6 
0.00513239 0.00521699 6 
0.00513113 0.00547461 6 
0.00512841 0.00516471 6 
0.00512826 0.00542749 6 
0.00512532 0.00557554 6 
0.00512258 0.00534752 6 
0.00512256 0.00522243 6 
0.00512024 0.00525302 6 
0.00511846 0.00550952 6 
0.00511738 0.00533064 6 
0.0051077 0.00511593 6 
0.00510553 0.00535506 6 
0.00510421 0.00547947 6 
0.00509833 0.00513361 6 
0.00509532 0.0053201 6 
0.00509006 0.00550167 6 
0.00508842 0.00538673 6 
0.00508388 0.00533542 6 
0.00507887 0.00518375 6 
0.00507701 0.00529848 6 
0.00506387 0.00552545 6 
0.0050553 0.00522469 6 
0.00505148 0.00527902 6 
0.00504813 0.00514567 6 
0.00504761 0.00577318 6 
0.00504096 0.00526045 6 
0.00503286 0.00562332 6 
0.0050264 0.00502836 6 
0.00502573 0.00553229 6 
0.00502549 0.00529647 6 
0.00502406 0.00538917 6 
0.00502212 0.00527947 6 
0.00502201 0.00504652 6 
0.00501715 0.00509649 6 
0.00501069 0.00565911 6 
0.0050105 0.00556681 6 
0.00500797 0.00522059 6 
0.00500431 0.00557315 6 
0.00499673 0.00515566 6 
0.00499226 0.00509392 6 
0.0049878 0.00513934 6 
0.00498661 0.00515703 6 
0.00497966 0.00537222 6 
0.00497688 0.00551218 6 
0.0049688 0.00543377 6 
0.00496213 0.00559251 6 
0.00496157 0.00545227 6 
0.0049613 0.00546146 6 
0.00495852 0.005137 6 
0.00495475 0.00558416 6 
0.00495116 0.00536405 6 
0.00494696 0.00549699 6 
0.00494424 0.00527842 6 
0.00494308 0.00527594 6 
0.00494184 0.00519869 6 
0.00493128 0.00535059 6 
0.00492389 0.00533612 6 
0.00492185 0.0050051 6 
0.00492005 0.00517966 6 
0.00491393 0.00562332 6 
0.00491051 0.00498157 6 
0.00490972 0.00522929 6 
0.00490738 0.0051589 6 
0.00490699 0.00515521 6 
0.00490307 0.00554993 6 
0.00490146 0.00544084 6 
0.00489705 0.00511405 6 
0.00489098 0.00513934 6 
0.00488498 0.0051161 6 
0.00487619 0.00539021 6 
0.00486705 0.00527947 6 
0.00485366 0.00549408 6 
0.00485147 0.00538892 6 
0.00485051 0.00491918 6 
0.00484923 0.00522926 6 
0.00484655 0.00534492 6 
0.00484269 0.00495675 6 
0.00484039 0.00573594 6 
0.00483689 0.0050864 6 
0.00483245 0.00488715 6 
0.00483026 0.00549334 6 
0.00480293 0.00494625 6 
0.00480274 0.00533064 6 
0.00480035 0.00522926 6 
0.00479984 0.00522469 6 
0.00479175 0.00535261 6 
0.00478309 0.00511593 6 
0.00478111 0.00535506 6 
0.00477846 0.00527143 6 
0.00477734 0.00554455 6 
0.00477628 0.00523805 6 
0.00476679 0.00528244 6 
0.00475889 0.00537714 6 
0.00475848 0.00497307 6 
0.00475819 0.0050051 6 
0.00475624 0.00534229 6 
0.00475079 0.00540042 6 
0.00474098 0.00504552 6 
0.00472135 0.00527902 6 
0.00470746 0.00527499 6 
0.0047032 0.00532807 6 
0.00468069 0.00505271 6 
0.00467258 0.00533015 6 
0.00465173 0.00469955 6 
0.00457042 0.00498872 6 
0.00454894 0.00490033 6 
0.00318512 0.00319131 7 
0.00313884 0.00315231 7 
0.00305229 0.0030734 7 
0.00301495 0.00301505 7 
0.00298846 0.00300494 7 
0.00295911 0.00302372 7 
0.00295386 0.0031065 7 
0.00293893 0.00293991 7 
0.00289843 0.00339326 7 
0.00286595 0.00286911 7 
0.00285707 0.00296801 7 
0.00285461 0.00290278 7 
0.00284125 0.00289616 7 
0.00282211 0.00285372 7 
0.00282196 0.00296603 7 
0.00281751 0.00286911 7 
0.00281491 0.00285873 7 
0.00281412 0.00287415 7 
0.00281363 0.00287665 7 
0.0027999 0.00283023 7 
0.00279439 0.00285873 7 
0.00279121 0.00279779 7 
0.00278258 0.00295458 7 
0.00278237 0.00280731 7 
0.00276696 0.00278136 7 
0.0027609 0.00277655 7 
0.00275947 0.00283952 7 
0.00275214 0.00282985 7 
0.00273874 0.00277816 7 
0.00273302 0.00276151 7 
0.00273253 0.00277036 7 
0.0027277 0.00288024 7 
0.00272538 0.0028177 7 
0.00272429 0.00275046 7 
0.00272202 0.00292989 7 
0.00271053 0.00280615 7 
0.00270992 0.00279477 7 
0.00270692 0.00277809 7 
0.00270458 0.00279229 7 
0.00270207 0.00270824 7 
0.00270041 0.00274589 7 
0.00270022 0.00280577 7 
0.00269555 0.00294999 7 
0.00269151 0.00289867 7 
0.00267569 0.00294304 7 
0.00267298 0.00274516 7 
0.00267144 0.00286737 7 
0.0026578 0.00272607 7 
0.00265521 0.00274663 7 
0.00265326 0.00268567 7 
0.00264662 0.0027264 7 
0.00264563 0.0028366 7 
0.00264287 0.00281331 7 
0.00263728 0.00267575 7 
0.00263578 0.00292788 7 
0.00263559 0.00273713 7 
0.00263554 0.00264897 7 
0.0026354 0.00264377 7 
0.00263348 0.00268971 7 
0.00263314 0.00287807 7 
0.00262786 0.00268236 7 
0.00262732 0.00263596 7 
0.00262684 0.00291196 7 
0.00262435 0.00279229 7 
0.00262383 0.00267251 7 
0.0026223 0.00273573 7 
0.00261975 0.00280172 7 
0.00261821 0.00292248 7 
0.0026179 0.0028471 7 
0.00261668 0.00274664 7 
0.00261337 0.00265619 7 
0.00261328 0.00285372 7 
0.00261155 0.0026686 7 
0.00261038 0.00265363 7 
0.00260953 0.00275019 7 
0.00260327 0.00280951 7 
0.00260312 0.00287953 7 
0.0025996 0.00283486 7 
0.00259173 0.00268567 7 
0.0025911 0.00292834 7 
0.00258955 0.00263348 7 
0.00258949 0.00264038 7 
0.00258854 0.00273324 7 
0.00258732 0.00269796 7 
0.00258478 0.00264346 7 
0.00258224 0.00273325 7 
0.0025813 0.00265243 7 
0.0025797 0.00270707 7 
0.00257886 0.00281819 7 
0.00257785 0.00277493 7 
0.0025763 0.00289793 7 
0.00256649 0.00262011 7 
0.00256572 0.00268522 7 
0.00256095 0.00282594 7 
0.00256079 0.00282311 7 
0.00255661 0.00280788 7 
0.00255653 0.00277155 7 
0.00255464 0.00277078 7 
0.00255416 0.00281949 7 
0.00255043 0.00262521 7 
0.00254999 0.00283298 7 
0.00254676 0.00276388 7 
0.00254584 0.00283952 7 
0.00254428 0.00265057 7 
0.00254053 0.00261554 7 
0.00253937 0.00277644 7 
0.00253529 0.00266758 7 
0.00253358 0.00269294 7 
0.00252761 0.00268119 7 
0.00252526 0.00301677 7 
0.00252239 0.00265994 7 
0.00252029 0.00273797 7 
0.00251779 0.00281646 7 
0.00251594 0.00252355 7 
0.00251312 0.00266235 7 
0.00251233 0.00273797 7 
0.00251067 0.00270824 7 
0.00250246 0.00272029 7 
0.00249548 0.00267251 7 
0.00249377 0.00278823 7 
0.0024897 0.00273713 7 
0.00248933 0.00282137 7 
0.00248686 0.00267553 7 
0.00248436 0.00262822 7 
0.00248111 0.00254173 7 
0.00247929 0.00262822 7 
0.00246497 0.00280731 7 
0.00246433 0.00275989 7 
0.00246397 0.00268236 7 
0.00246113 0.00252754 7 
0.00245616 0.00275183 7 
0.00245597 0.00251849 7 
0.00245591 0.00257638 7 
0.00245575 0.00282221 7 
0.00245355 0.00285108 7 
0.00245003 0.00272379 7 
0.00244982 0.0026686 7 
0.00244486 0.0027019 7 
0.00243955 0.00270773 7 
0.00243763 0.002769 7 
0.00243194 0.00249932 7 
0.00243105 0.00250033 7 
0.00242911 0.00262622 7 
0.00242588 0.00276474 7 
0.0024223 0.00248856 7 
0.00241246 0.00279095 7 
0.00240896 0.00251918 7 
0.00239993 0.00267282 7 
0.00239476 0.00279512 7 
0.00238004 0.00254288 7 
0.00236515 0.00268756 7 
0.0023477 0.00251225 7 
0.0022866 0.00246761 7 
0.00164496 0.00166856 8 
0.00160444 0.00160444 8 
0.00156478 0.00161985 8 
0.0015256 0.00180467 8 
0.00151126 0.00157596 8 
0.0015026 0.00152839 8 
0.00150132 0.00151208 8 
0.00149986 0.00150335 8 
0.00149959 0.00151076 8 
0.0014973 0.0015102 8 
0.00148674 0.00158928 8 
0.00147482 0.00148046 8 
0.00147315 0.00148441 8 
0.00147039 0.00149202 8 
0.00146994 0.00149066 8 
0.00145963 0.00146391 8 
0.00145798 0.00147598 8 
0.00145316 0.00145557 8 
0.00144533 0.00148892 8 
0.00144349 0.00145807 8 
0.00143664 0.0014966 8 
0.00143311 0.0015177 8 
0.00142639 0.00143973 8 
0.00141801 0.00147394 8 
0.00141352 0.00144007 8 
0.00141277 0.00152975 8 
0.00141205 0.00155827 8 
0.00141197 0.00147451 8 
0.00140405 0.00140554 8 
0.00140366 0.00152445 8 
0.00140114 0.00147848 8 
0.0013982 0.00143983 8 
0.0013968 0.00141949 8 
0.00139349 0.00142944 8 
0.0013921 0.00149047 8 
0.00139121 0.00154425 8 
0.00138808 0.00140262 8 
0.00138756 0.00142642 8 
0.00138667 0.00143579 8 
0.00138353 0.00138923 8 
0.00138291 0.00143593 8 
0.00138118 0.00140688 8 
0.0013805 0.00142963 8 
0.00137998 0.00150298 8 
0.00137949 0.00150766 8 
0.00137562 0.00150268 8 
0.00137206 0.00146802 8 
0.00136882 0.00151486 8 
0.00136673 0.00138371 8 
0.00136557 0.00137575 8 
0.00136345 0.00138665 8 
0.00136237 0.00136675 8 
0.00136001 0.00146947 8 
0.0013595 0.00139367 8 
0.00135849 0.00136037 8 
0.00135835 0.00136958 8 
0.0013556 0.00138742 8 
0.0013539 0.00150386 8 
0.00135207 0.00141005 8 
0.00135062 0.00149188 8 
0.00134949 0.00143008 8 
0.00134602 0.00152784 8 
0.00134498 0.0014796 8 
0.00134442 0.00153682 8 
0.00134388 0.00146571 8 
0.00134259 0.00143691 8 
0.00134206 0.00145183 8 
0.00134073 0.00138292 8 
0.00133948 0.00134145 8 
0.00133794 0.00147037 8 
0.00133742 0.00137959 8 
0.00133721 0.00142694 8 
0.00133551 0.00160831 8 
0.00133464 0.00145508 8 
0.00133439 0.00135318 8 
0.00133403 0.00139411 8 
0.00133357 0.00142759 8 
0.0013327 0.00147105 8 
0.0013324 0.00141801 8 
0.00133173 0.00139511 8 
0.00133067 0.00147399 8 
0.00132944 0.00136958 8 
0.00132868 0.00142284 8 
0.0013275 0.00144769 8 
0.00132677 0.00142358 8 
0.00132646 0.00138293 8 
0.00132612 0.00144971 8 
0.00132598 0.00138681 8 
0.00132461 0.00140464 8 
0.00132218 0.00137596 8 
0.00132073 0.0013589 8 
0.00132031 0.00139437 8 
0.00131915 0.00147579 8 
0.00131086 0.00146391 8 
0.00131029 0.00137871 8 
0.00130957 0.00134727 8 
0.00130759 0.00143207 8 
0.00130545 0.00130873 8 
0.00130455 0.00145269 8 
0.00130436 0.00144007 8 
0.00129969 0.00145447 8 
0.00129561 0.00142366 8 
0.00129109 0.00138665 8 
0.00129099 0.00140554 8 
0.00129058 0.00146475 8 
0.0012902 0.00138371 8 
0.00128842 0.00148226 8 
0.00128804 0.00141745 8 
0.0012831 0.00136645 8 
0.00128269 0.00138786 8 
0.00127986 0.00130873 8 
0.00127961 0.00131745 8 
0.00127902 0.0014063 8 
0.00127719 0.00136958 8 
0.00127628 0.00136645 8 
0.00127424 0.00136675 8 
0.00127089 0.00148492 8 
0.00127077 0.00144246 8 
0.00127001 0.00131641 8 
0.00126659 0.00147547 8 
0.00126634 0.00146026 8 
0.00126133 0.00129707 8 
0.00125318 0.0014712 8 
0.00125278 0.00126452 8 
0.0012481 0.00139165 8 
0.00124219 0.00132779 8 
0.00124203 0.00137318 8 
0.00124103 0.00143114 8 
0.00123445 0.00126231 8 
0.00123172 0.00130356 8 
0.00123113 0.00129707 8 
0.00122861 0.00128366 8 
0.00122408 0.00135608 8 
0.00120697 0.00130369 8 
0.00115772 0.00123381 8 
0.000868808 0.000892856 9 
0.000836292 0.000853449 9 
0.000818626 0.000834019 9 
0.000810735 0.000966232 9 
0.000803144 0.000814094 9 
0.000802699 0.000804214 9 
0.000802288 0.000862046 9 
0.00079277 0.000802582 9 
0.000783841 0.000798821 9 
0.000765962 0.000782419 9 
0.000761403 0.000777842 9 
0.000759504 0.000794147 9 
0.000757724 0.00076581 9 
0.00075455 0.000792614 9 
0.000752063 0.000775035 9 
0.000749159 0.000832747 9 
0.000746563 0.000792896 9 
0.000745912 0.000835966 9 
0.000745645 0.000749981 9 
0.000745282 0.000747567 9 
0.000743739 0.000760509 9 
0.000743655 0.000796131 9 
0.000742865 0.000782729 9 
0.000740119 0.000782729 9 
0.000737296 0.000766664 9 
0.000735428 0.000738869 9 
0.000733899 0.000801505 9 
0.000733542 0.000781304 9 
0.000732344 0.000753737 9 
0.000732112 0.000781933 9 
0.000732089 0.000791941 9 
0.000731203 0.000756034 9 
0.000729681 0.000732958 9 
0.000727653 0.000756034 9 
0.000725993 0.000774202 9 
0.000725215 0.000841241 9 
0.000720741 0.000742168 9 
0.00072026 0.000737205 9 
0.000718354 0.000730557 9 
0.000717862 0.000737071 9 
0.000717005 0.000782775 9 
0.000716321 0.000725431 9 
0.000716263 0.000782876 9 
0.000715844 0.000785531 9 
0.000714558 0.000727468 9 
0.000713414 0.000723703 9 
0.000712957 0.00073488 9 
0.000710431 0.000725189 9 
0.000707419 0.000769544 9 
0.000706268 0.000745581 9 
0.00070518 0.000729949 9 
0.000704892 0.000762132 9 
0.000704633 0.000732794 9 
0.000704161 0.000757124 9 
0.000702901 0.000773057 9 
0.00070281 0.000806284 9 
0.00070238 0.000719318 9 
0.000701789 0.000774678 9 
0.000701724 0.000762295 9 
0.000701617 0.000716791 9 
0.000699871 0.00076949 9 
0.000699189 0.000743048 9 
0.000699003 0.00078274 9 
0.000698296 0.000799098 9 
0.000698065 0.000761966 9 
0.000696606 0.000722932 9 
0.000696463 0.000765986 9 
0.000695727 0.000757694 9 
0.000695471 0.000734408 9 
0.000694843 0.000748964 9 
0.000693877 0.000727606 9 
0.000693391 0.000701266 9 
0.000692735 0.000747955 9 
0.000691822 0.000711953 9 
0.000690616 0.000713218 9 
0.000689907 0.000853435 9 
0.000688099 0.000715748 9 
0.000687904 0.000705945 9 
0.00068491 0.000723703 9 
0.000684728 0.0007779 9 
0.000684121 0.000751531 9 
0.000683783 0.0007332 9 
0.000682964 0.000693953 9 
0.000682807 0.000763998 9 
0.000682107 0.000764173 9 
0.00068188 0.000765458 9 
0.000680808 0.00073332 9 
0.000678516 0.000753336 9 
0.000678378 0.000728137 9 
0.000677034 0.000748964 9 
0.000676965 0.00076757 9 
0.000676909 0.000684742 9 
0.000675023 0.000720857 9 
0.000674507 0.000733059 9 
0.000674058 0.00068006 9 
0.000673466 0.000684742 9 
0.000673427 0.000768433 9 
0.000671595 0.000697777 9 
0.000670626 0.00076581 9 
0.000668959 0.000707969 9 
0.000668811 0.000720129 9 
0.000665112 0.000772754 9 
0.000663282 0.000781404 9 
0.000661924 0.000711953 9 
0.000661724 0.000715766 9 
0.000660729 0.000760958 9 
0.000660403 0.000730623 9 
0.000654406 0.000669019 9 
0.000651197 0.000694014 9 
0.000650642 0.000713668 9 
0.00065019 0.000687099 9 
0.000647834 0.000735104 9 
0.000645337 0.000677829 9 
0.000644667 0.000673942 9 
0.000640861 0.00069003 9 
0.000638808 0.00064769 9 
0.000632754 0.000675808 9 
0.000624535 0.000665043 9 
0.000592094 0.000622484 9 
