0.522554 0.537499 0 
0.522251 0.537285 0 
0.521854 0.542382 0 
0.521768 0.541193 0 
0.521685 0.541358 0 
0.521497 0.541283 0 
0.521318 0.542032 0 
0.521182 0.538958 0 
0.521169 0.54122 0 
0.521044 0.537285 0 
0.520922 0.54268 0 
0.520818 0.540143 0 
0.52074 0.540972 0 
0.520739 0.542278 0 
0.5205 0.541507 0 
0.520494 0.540603 0 
0.520479 0.538898 0 
0.520345 0.541662 0 
0.520328 0.537499 0 
0.520297 0.540087 0 
0.52028 0.520487 0 
0.519906 0.539228 0 
0.519848 0.541899 0 
0.519837 0.537285 0 
0.519794 0.53873 0 
0.519709 0.541501 0 
0.519603 0.540143 0 
0.5196 0.53845 0 
0.519597 0.520345 0 
0.519593 0.540967 0 
0.519512 0.538953 0 
0.519474 0.542134 0 
0.519458 0.519914 0 
0.519443 0.540972 0 
0.519341 0.539854 0 
0.519323 0.540726 0 
0.51931 0.53872 0 
0.519194 0.541507 0 
0.519192 0.542785 0 
0.519183 0.539209 0 
0.51914 0.540851 0 
0.519119 0.541969 0 
0.519116 0.541045 0 
0.518949 0.520336 0 
0.518937 0.543492 0 
0.518896 0.537792 0 
0.518879 0.540022 0 
0.518877 0.539692 0 
0.51882 0.53873 0 
0.51879 0.54038 0 
0.518677 0.53872 0 
0.518566 0.540656 0 
0.518544 0.543523 0 
0.518515 0.540972 0 
0.518473 0.518925 0 
0.518443 0.519445 0 
0.518402 0.539626 0 
0.518371 0.542921 0 
0.518366 0.540202 0 
0.518349 0.541193 0 
0.518336 0.519215 0 
0.518326 0.541375 0 
0.518144 0.536874 0 
0.518121 0.536874 0 
0.518113 0.518637 0 
0.518096 0.519271 0 
0.518087 0.54268 0 
0.518071 0.540087 0 
0.518046 0.54252 0 
0.518039 0.541678 0 
0.51803 0.542498 0 
0.51801 0.537499 0 
0.517982 0.539925 0 
0.517964 0.537285 0 
0.517916 0.540416 0 
0.517839 0.518209 0 
0.5178 0.519215 0 
0.517758 0.519551 0 
0.51775 0.518868 0 
0.517685 0.519504 0 
0.517658 0.518632 0 
0.517654 0.541928 0 
0.517633 0.518144 0 
0.517625 0.518654 0 
0.517619 0.535889 0 
0.51752 0.539587 0 
0.517496 0.53845 0 
0.517483 0.542514 0 
0.517468 0.519404 0 
0.517402 0.543624 0 
0.51732 0.519159 0 
0.517283 0.540353 0 
0.517235 0.545235 0 
0.517214 0.542393 0 
0.517204 0.540442 0 
0.517195 0.541928 0 
0.517168 0.540737 0 
0.517163 0.541636 0 
0.517161 0.540726 0 
0.517137 0.544327 0 
0.517105 0.540087 0 
0.517099 0.517362 0 
0.517073 0.542942 0 
0.517071 0.520032 0 
0.517071 0.517388 0 
0.517066 0.541358 0 
0.517047 0.517644 0 
0.51704 0.542907 0 
0.517022 0.538746 0 
0.517019 0.53873 0 
0.517013 0.541756 0 
0.517001 0.540087 0 
0.51699 0.541407 0 
0.516979 0.520497 0 
0.516979 0.520729 0 
0.516937 0.518013 0 
0.516932 0.517388 0 
0.516923 0.541425 0 
0.516914 0.520616 0 
0.516907 0.518757 0 
0.516899 0.541791 0 
0.516898 0.520487 0 
0.516886 0.517119 0 
0.516882 0.518201 0 
0.516864 0.517681 0 
0.516864 0.542342 0 
0.516855 0.540022 0 
0.516849 0.535889 0 
0.516833 0.545248 0 
0.516815 0.517644 0 
0.516802 0.541507 0 
0.51679 0.519194 0 
0.516787 0.541545 0 
0.516786 0.540623 0 
0.516769 0.541283 0 
0.516768 0.519644 0 
0.516734 0.520883 0 
0.516719 0.544206 0 
0.516701 0.517968 0 
0.516671 0.540704 0 
0.516664 0.540291 0 
0.516658 0.520497 0 
0.516649 0.518039 0 
0.516644 0.542146 0 
0.516636 0.518292 0 
0.516634 0.51779 0 
0.516632 0.518622 0 
0.516542 0.538898 0 
0.516515 0.517107 0 
0.516494 0.516714 0 
0.51649 0.540726 0 
0.516472 0.51827 0 
0.516447 0.520378 0 
0.516443 0.517493 0 
0.516342 0.51644 0 
0.516333 0.539406 0 
0.516322 0.519419 0 
0.516305 0.543796 0 
0.516279 0.54342 0 
0.516274 0.538142 0 
0.516268 0.539925 0 
0.516235 0.516269 0 
0.516235 0.540618 0 
0.516201 0.542698 0 
0.516171 0.542452 0 
0.516138 0.54231 0 
0.516129 0.540036 0 
0.516089 0.540623 0 
0.516084 0.516652 0 
0.516062 0.517538 0 
0.516036 0.540636 0 
0.516003 0.516238 0 
0.51599 0.520081 0 
0.515976 0.516775 0 
0.515976 0.518201 0 
0.515954 0.517012 0 
0.515951 0.540666 0 
0.515935 0.540666 0 
0.515923 0.542676 0 
0.515882 0.517052 0 
0.515871 0.517585 0 
0.515858 0.518581 0 
0.515835 0.516042 0 
0.51583 0.51744 0 
0.515811 0.521349 0 
0.515786 0.541983 0 
0.51577 0.517803 0 
0.515755 0.51655 0 
0.515755 0.516642 0 
0.515755 0.544707 0 
0.515749 0.521555 0 
0.515717 0.516987 0 
0.51569 0.544952 0 
0.515668 0.515906 0 
0.515656 0.517585 0 
0.51564 0.545497 0 
0.515626 0.53845 0 
0.515597 0.542542 0 
0.515597 0.540851 0 
0.515571 0.517013 0 
0.515531 0.518854 0 
0.515504 0.515906 0 
0.51547 0.516312 0 
0.515464 0.54242 0 
0.515417 0.517265 0 
0.515374 0.536874 0 
0.515368 0.53873 0 
0.51534 0.542763 0 
0.515328 0.517576 0 
0.515326 0.540932 0 
0.515312 0.515894 0 
0.515312 0.538746 0 
0.515279 0.518549 0 
0.51527 0.542374 0 
0.515234 0.518761 0 
0.515231 0.518878 0 
0.51522 0.51744 0 
0.515216 0.541796 0 
0.515212 0.539406 0 
0.515189 0.51575 0 
0.515185 0.543571 0 
0.515182 0.537499 0 
0.515178 0.519223 0 
0.51515 0.537792 0 
0.515145 0.542592 0 
0.515121 0.539925 0 
0.51512 0.541636 0 
0.515118 0.51587 0 
0.515115 0.53872 0 
0.515101 0.519866 0 
0.515097 0.540807 0 
0.515077 0.515933 0 
0.515064 0.540467 0 
0.51502 0.515119 0 
0.51502 0.542768 0 
0.515009 0.515352 0 
0.514968 0.51734 0 
0.51496 0.519636 0 
0.514949 0.536874 0 
0.514943 0.542613 0 
0.51493 0.54408 0 
0.51486 0.517323 0 
0.514845 0.542574 0 
0.514839 0.542727 0 
0.51483 0.521026 0 
0.514825 0.515565 0 
0.514772 0.540513 0 
0.514763 0.544284 0 
0.514741 0.515295 0 
0.514737 0.518613 0 
0.51469 0.518933 0 
0.51466 0.542344 0 
0.514628 0.516848 0 
0.514571 0.516656 0 
0.514563 0.517012 0 
0.51456 0.53845 0 
0.514527 0.518209 0 
0.514517 0.51773 0 
0.514475 0.540972 0 
0.51443 0.537792 0 
0.514412 0.521807 0 
0.514406 0.539963 0 
0.51438 0.544152 0 
0.514374 0.51587 0 
0.514365 0.540575 0 
0.514347 0.543108 0 
0.514346 0.540209 0 
0.51432 0.515168 0 
0.514318 0.53873 0 
0.514271 0.517052 0 
0.514255 0.516062 0 
0.514236 0.540623 0 
0.514235 0.514935 0 
0.514232 0.544478 0 
0.514231 0.538142 0 
0.51423 0.540076 0 
0.514208 0.51808 0 
0.514189 0.541713 0 
0.514159 0.539406 0 
0.514159 0.539228 0 
0.514147 0.538958 0 
0.514139 0.540932 0 
0.514104 0.520732 0 
0.514096 0.539963 0 
0.514085 0.539818 0 
0.514071 0.540726 0 
0.514029 0.514392 0 
0.514023 0.545247 0 
0.513987 0.540087 0 
0.513983 0.519264 0 
0.513958 0.541358 0 
0.513951 0.519187 0 
0.513913 0.53845 0 
0.513908 0.516204 0 
0.5139 0.515408 0 
0.51384 0.513991 0 
0.513826 0.541193 0 
0.513825 0.54312 0 
0.513815 0.540202 0 
0.513807 0.520487 0 
0.513795 0.514694 0 
0.513784 0.54074 0 
0.513768 0.542796 0 
0.513766 0.53873 0 
0.513734 0.541127 0 
0.513724 0.542848 0 
0.513702 0.537792 0 
0.5137 0.520732 0 
0.513691 0.541791 0 
0.513689 0.540623 0 
0.513669 0.535889 0 
0.513664 0.542284 0 
0.51365 0.54163 0 
0.513646 0.539783 0 
0.513643 0.514935 0 
0.513617 0.539228 0 
0.513616 0.538746 0 
0.513576 0.538142 0 
0.513571 0.544348 0 
0.513562 0.540807 0 
0.513562 0.540215 0 
0.513546 0.538746 0 
0.513537 0.520129 0 
0.513523 0.516692 0 
0.513513 0.539596 0 
0.513501 0.538953 0 
0.513499 0.535889 0 
0.513487 0.542231 0 
0.513478 0.540036 0 
0.513464 0.541176 0 
0.513439 0.517322 0 
0.513416 0.540022 0 
0.513399 0.513681 0 
0.51334 0.515898 0 
0.513333 0.538746 0 
0.51331 0.539228 0 
0.513307 0.539925 0 
0.513215 0.539587 0 
0.513198 0.539854 0 
0.513179 0.520883 0 
0.513141 0.541184 0 
0.513117 0.539209 0 
0.513049 0.539209 0 
0.51302 0.544805 0 
0.512966 0.540467 0 
0.512964 0.540416 0 
0.512954 0.518899 0 
0.512948 0.539596 0 
0.512945 0.539626 0 
0.512909 0.541073 0 
0.512898 0.520345 0 
0.512891 0.539783 0 
0.512878 0.541358 0 
0.512874 0.516279 0 
0.512859 0.544707 0 
0.512857 0.543423 0 
0.512853 0.540851 0 
0.512844 0.540513 0 
0.512839 0.539626 0 
0.512783 0.513638 0 
0.512776 0.540704 0 
0.512775 0.540022 0 
0.512771 0.540209 0 
0.512759 0.51411 0 
0.512685 0.544231 0 
0.512674 0.540143 0 
0.512671 0.539626 0 
0.512667 0.540252 0 
0.512663 0.515861 0 
0.512656 0.517488 0 
0.512635 0.539692 0 
0.512614 0.540807 0 
0.512593 0.54229 0 
0.512532 0.539774 0 
0.512511 0.542452 0 
0.512414 0.542953 0 
0.512382 0.540737 0 
0.512377 0.540491 0 
0.512364 0.54122 0 
0.51235 0.540932 0 
0.512347 0.540972 0 
0.512346 0.541475 0 
0.512317 0.540902 0 
0.512292 0.543273 0 
0.512253 0.545175 0 
0.512249 0.51252 0 
0.512236 0.545155 0 
0.512232 0.541267 0 
0.512207 0.546844 0 
0.512146 0.54163 0 
0.512105 0.513183 0 
0.512099 0.541154 0 
0.512068 0.540202 0 
0.512063 0.540095 0 
0.512006 0.547948 0 
0.51189 0.541267 0 
0.511876 0.541756 0 
0.511869 0.543036 0 
0.511846 0.541184 0 
0.511814 0.542688 0 
0.511798 0.541413 0 
0.511613 0.544805 0 
0.511516 0.544802 0 
0.511459 0.543724 0 
0.511415 0.541478 0 
0.511391 0.541796 0 
0.511183 0.541983 0 
0.511131 0.545059 0 
0.511094 0.511701 0 
0.511042 0.542991 0 
0.511011 0.542519 0 
0.510819 0.541501 0 
0.510814 0.544672 0 
0.510654 0.542574 0 
0.510509 0.543686 0 
0.510443 0.544002 0 
0.510303 0.541507 0 
0.510102 0.510879 0 
0.509457 0.542592 0 
0.5094 0.539818 0 
0.509011 0.542519 0 
0.50885 0.542078 0 
0.216432 0.228056 1 
0.215813 0.223196 1 
0.215639 0.227313 1 
0.215553 0.226011 1 
0.215532 0.224193 1 
0.215326 0.231361 1 
0.215127 0.217081 1 
0.215051 0.224519 1 
0.214986 0.225798 1 
0.214881 0.220369 1 
0.214877 0.224948 1 
0.214871 0.22348 1 
0.214796 0.223448 1 
0.214574 0.223094 1 
0.214569 0.219226 1 
0.214527 0.233934 1 
0.214388 0.226452 1 
0.214315 0.22777 1 
0.214262 0.228761 1 
0.214218 0.224651 1 
0.214207 0.217429 1 
0.214205 0.224857 1 
0.214192 0.222398 1 
0.214174 0.221026 1 
0.21415 0.22556 1 
0.214058 0.222753 1 
0.214016 0.222753 1 
0.213947 0.225682 1 
0.213924 0.223796 1 
0.213921 0.223241 1 
0.213914 0.225557 1 
0.213885 0.223698 1 
0.213882 0.224654 1 
0.213877 0.224519 1 
0.21386 0.22626 1 
0.213851 0.222753 1 
0.213742 0.224934 1 
0.213724 0.217081 1 
0.213723 0.220418 1 
0.213703 0.22868 1 
0.213644 0.228064 1 
0.213626 0.224708 1 
0.213626 0.220618 1 
0.213616 0.222528 1 
0.213557 0.22348 1 
0.213538 0.225354 1 
0.213459 0.226019 1 
0.213434 0.227044 1 
0.213408 0.223321 1 
0.213314 0.220418 1 
0.213307 0.224465 1 
0.213301 0.220916 1 
0.213278 0.222006 1 
0.213106 0.223408 1 
0.213089 0.218991 1 
0.213049 0.220762 1 
0.213 0.221668 1 
0.212983 0.217429 1 
0.212823 0.222615 1 
0.212784 0.224313 1 
0.212747 0.224152 1 
0.212729 0.223094 1 
0.212641 0.228142 1 
0.212613 0.223433 1 
0.212597 0.225248 1 
0.212591 0.228783 1 
0.212572 0.225888 1 
0.212567 0.223234 1 
0.212534 0.222119 1 
0.212474 0.220916 1 
0.21246 0.222653 1 
0.212384 0.226915 1 
0.212328 0.224622 1 
0.212315 0.225015 1 
0.212237 0.219345 1 
0.212195 0.224358 1 
0.212194 0.226827 1 
0.212194 0.216595 1 
0.212131 0.221617 1 
0.212082 0.217429 1 
0.212024 0.225543 1 
0.212023 0.225481 1 
0.211977 0.221552 1 
0.211951 0.221361 1 
0.211927 0.22277 1 
0.211916 0.228472 1 
0.211907 0.219226 1 
0.21185 0.214655 1 
0.211769 0.219061 1 
0.211765 0.225461 1 
0.211745 0.22588 1 
0.211688 0.223666 1 
0.21165 0.226075 1 
0.211633 0.224584 1 
0.211565 0.220422 1 
0.211565 0.219851 1 
0.211555 0.226377 1 
0.211528 0.219677 1 
0.21148 0.222175 1 
0.211476 0.225774 1 
0.211451 0.221944 1 
0.21145 0.216595 1 
0.211384 0.224066 1 
0.211368 0.225624 1 
0.211276 0.224874 1 
0.211275 0.224675 1 
0.211242 0.22713 1 
0.211239 0.222988 1 
0.211223 0.221239 1 
0.211213 0.228056 1 
0.211207 0.225184 1 
0.211189 0.227955 1 
0.211172 0.221679 1 
0.21113 0.219677 1 
0.211124 0.227725 1 
0.211097 0.222803 1 
0.211097 0.226725 1 
0.211054 0.223094 1 
0.210983 0.221026 1 
0.210965 0.223454 1 
0.210946 0.222185 1 
0.210898 0.220422 1 
0.210845 0.218009 1 
0.210723 0.221999 1 
0.210721 0.223666 1 
0.210714 0.221847 1 
0.21071 0.21225 1 
0.210664 0.227725 1 
0.210652 0.220418 1 
0.210612 0.222528 1 
0.210581 0.224085 1 
0.210513 0.228486 1 
0.210469 0.223234 1 
0.210456 0.221361 1 
0.210347 0.221668 1 
0.210255 0.2227 1 
0.210222 0.217081 1 
0.210158 0.222528 1 
0.21014 0.221972 1 
0.210032 0.217429 1 
0.210024 0.224562 1 
0.210017 0.214655 1 
0.210014 0.222447 1 
0.209988 0.223094 1 
0.209978 0.223698 1 
0.209976 0.22421 1 
0.209963 0.212066 1 
0.209922 0.222398 1 
0.209853 0.210079 1 
0.209801 0.220036 1 
0.20972 0.226996 1 
0.209697 0.221801 1 
0.209685 0.210867 1 
0.209664 0.221668 1 
0.209583 0.221617 1 
0.209532 0.222753 1 
0.209479 0.225142 1 
0.209439 0.211143 1 
0.209417 0.227961 1 
0.209409 0.220422 1 
0.209377 0.218081 1 
0.209349 0.224941 1 
0.209342 0.224658 1 
0.209319 0.219226 1 
0.209183 0.209922 1 
0.209125 0.226766 1 
0.20912 0.224526 1 
0.209099 0.21008 1 
0.209092 0.219992 1 
0.20907 0.220393 1 
0.209053 0.223856 1 
0.209033 0.209222 1 
0.209028 0.209678 1 
0.20884 0.219976 1 
0.208838 0.219345 1 
0.208774 0.209194 1 
0.208751 0.211748 1 
0.208711 0.221361 1 
0.208664 0.211329 1 
0.208657 0.226321 1 
0.208511 0.21113 1 
0.20843 0.223314 1 
0.208415 0.20888 1 
0.208386 0.209562 1 
0.208331 0.221361 1 
0.208329 0.210202 1 
0.208325 0.208615 1 
0.208312 0.220628 1 
0.208283 0.208721 1 
0.208279 0.223796 1 
0.208249 0.228174 1 
0.208221 0.221026 1 
0.20816 0.218009 1 
0.208107 0.22176 1 
0.208083 0.225747 1 
0.20807 0.221697 1 
0.208055 0.222528 1 
0.208017 0.209088 1 
0.208004 0.220393 1 
0.207989 0.209567 1 
0.207987 0.220036 1 
0.20795 0.212318 1 
0.207907 0.223698 1 
0.207906 0.227306 1 
0.207884 0.220635 1 
0.207871 0.221026 1 
0.20787 0.220618 1 
0.207866 0.220418 1 
0.207832 0.219132 1 
0.207802 0.208364 1 
0.20777 0.218081 1 
0.207739 0.218991 1 
0.207676 0.218991 1 
0.20764 0.220035 1 
0.207555 0.208548 1 
0.207524 0.208721 1 
0.207476 0.219061 1 
0.207459 0.22142 1 
0.207427 0.208482 1 
0.207416 0.222172 1 
0.207408 0.224647 1 
0.2074 0.219851 1 
0.20735 0.216595 1 
0.207337 0.208677 1 
0.207327 0.209789 1 
0.20729 0.219851 1 
0.207285 0.208991 1 
0.20724 0.22337 1 
0.207228 0.208469 1 
0.207169 0.219132 1 
0.207128 0.222751 1 
0.207062 0.222313 1 
0.207019 0.218009 1 
0.206988 0.208677 1 
0.206965 0.219226 1 
0.206922 0.223091 1 
0.206904 0.220972 1 
0.206885 0.224385 1 
0.206874 0.2227 1 
0.206848 0.208483 1 
0.206846 0.225723 1 
0.206827 0.224526 1 
0.206783 0.208851 1 
0.206703 0.222803 1 
0.206703 0.220422 1 
0.206697 0.218009 1 
0.206649 0.207007 1 
0.206619 0.208734 1 
0.2066 0.207629 1 
0.206571 0.214655 1 
0.206567 0.207369 1 
0.206535 0.216595 1 
0.206527 0.224941 1 
0.206487 0.208729 1 
0.206459 0.207822 1 
0.206419 0.222185 1 
0.206405 0.208101 1 
0.206389 0.209385 1 
0.206375 0.208043 1 
0.206369 0.209267 1 
0.206349 0.210852 1 
0.206349 0.219976 1 
0.206343 0.207954 1 
0.206334 0.219226 1 
0.206317 0.221668 1 
0.206276 0.208328 1 
0.206265 0.220418 1 
0.206203 0.223698 1 
0.206181 0.220456 1 
0.20611 0.219851 1 
0.206101 0.20665 1 
0.206054 0.208299 1 
0.206006 0.208684 1 
0.205991 0.206088 1 
0.205969 0.227036 1 
0.205897 0.219226 1 
0.20589 0.223613 1 
0.205883 0.210139 1 
0.20587 0.221617 1 
0.205861 0.221482 1 
0.205855 0.224763 1 
0.205837 0.221552 1 
0.205822 0.213046 1 
0.205807 0.210428 1 
0.205806 0.220762 1 
0.205801 0.222863 1 
0.205794 0.222751 1 
0.205779 0.225015 1 
0.205776 0.221847 1 
0.205771 0.209562 1 
0.205752 0.208067 1 
0.205676 0.221552 1 
0.205537 0.206374 1 
0.205536 0.217081 1 
0.205516 0.205942 1 
0.205489 0.207225 1 
0.205427 0.22112 1 
0.205325 0.210397 1 
0.205315 0.220035 1 
0.205223 0.219061 1 
0.205127 0.206322 1 
0.205073 0.206046 1 
0.205048 0.223643 1 
0.205003 0.207007 1 
0.204998 0.219061 1 
0.204922 0.218081 1 
0.204918 0.214655 1 
0.204909 0.206775 1 
0.204887 0.204997 1 
0.204804 0.221294 1 
0.204787 0.20839 1 
0.204749 0.222723 1 
0.204735 0.22348 1 
0.204727 0.220982 1 
0.204684 0.205869 1 
0.204663 0.204798 1 
0.204656 0.220036 1 
0.204642 0.210397 1 
0.2046 0.219132 1 
0.204562 0.225842 1 
0.204543 0.221999 1 
0.204515 0.204601 1 
0.2045 0.22142 1 
0.204482 0.205889 1 
0.204465 0.209932 1 
0.204403 0.219061 1 
0.204377 0.224085 1 
0.204339 0.219992 1 
0.204276 0.219132 1 
0.204218 0.205925 1 
0.204218 0.221944 1 
0.2042 0.222753 1 
0.204193 0.209022 1 
0.204177 0.223292 1 
0.204169 0.204897 1 
0.204167 0.205464 1 
0.204138 0.205021 1 
0.204134 0.208948 1 
0.204114 0.219976 1 
0.204076 0.221308 1 
0.204059 0.220369 1 
0.204024 0.222863 1 
0.204013 0.209381 1 
0.20395 0.206173 1 
0.20394 0.222313 1 
0.20394 0.220456 1 
0.203913 0.223292 1 
0.20391 0.223321 1 
0.203846 0.221931 1 
0.20378 0.207237 1 
0.203764 0.207233 1 
0.203737 0.208257 1 
0.203642 0.22096 1 
0.203592 0.220518 1 
0.203562 0.220647 1 
0.203517 0.22598 1 
0.203514 0.222615 1 
0.20348 0.220518 1 
0.203468 0.223667 1 
0.203333 0.221312 1 
0.203313 0.223046 1 
0.203285 0.219132 1 
0.203283 0.2233 1 
0.203255 0.222988 1 
0.203162 0.220518 1 
0.203081 0.203754 1 
0.202999 0.203102 1 
0.202926 0.209895 1 
0.202576 0.220393 1 
0.202242 0.203222 1 
0.100973 0.104898 2 
0.100645 0.101863 2 
0.10043 0.101373 2 
0.0997848 0.10646 2 
0.0989166 0.100179 2 
0.0987903 0.101886 2 
0.0982043 0.102187 2 
0.0981946 0.100303 2 
0.0981749 0.101514 2 
0.0981612 0.0993424 2 
0.0980951 0.10098 2 
0.0980489 0.0991966 2 
0.0980104 0.100043 2 
0.0978285 0.0989956 2 
0.0977301 0.100456 2 
0.097526 0.100236 2 
0.0975042 0.10028 2 
0.0974516 0.09766 2 
0.0973504 0.100736 2 
0.097281 0.0977015 2 
0.0971775 0.0986334 2 
0.097149 0.0997147 2 
0.0970479 0.0999694 2 
0.0970396 0.102735 2 
0.0969316 0.098575 2 
0.0968815 0.0993957 2 
0.0968135 0.0989341 2 
0.0967972 0.0972622 2 
0.0967736 0.097637 2 
0.0967522 0.102613 2 
0.0967162 0.100698 2 
0.0966846 0.0985948 2 
0.0966523 0.0989341 2 
0.0966342 0.0997578 2 
0.0965577 0.101061 2 
0.0965279 0.099879 2 
0.0965021 0.101954 2 
0.0963765 0.0997177 2 
0.0963672 0.0986682 2 
0.0963636 0.0986775 2 
0.0963314 0.0983399 2 
0.0962863 0.09766 2 
0.0962745 0.10034 2 
0.0962565 0.0997926 2 
0.0962289 0.102187 2 
0.0961558 0.0981425 2 
0.0960758 0.09766 2 
0.0960683 0.0995866 2 
0.0959705 0.101186 2 
0.0959292 0.0988122 2 
0.0958184 0.0962842 2 
0.0958133 0.0988457 2 
0.0957681 0.097784 2 
0.0957517 0.100079 2 
0.0955693 0.100653 2 
0.0955571 0.0958053 2 
0.0954887 0.0960582 2 
0.0954733 0.102034 2 
0.0954715 0.0966061 2 
0.0953855 0.0978742 2 
0.0953835 0.100731 2 
0.0953825 0.0987666 2 
0.0953464 0.100753 2 
0.0953453 0.101602 2 
0.0952968 0.0987031 2 
0.0952747 0.0988122 2 
0.0952719 0.0973863 2 
0.0952499 0.100291 2 
0.0952123 0.100597 2 
0.0952083 0.0956297 2 
0.0951861 0.0957739 2 
0.095102 0.0990071 2 
0.0949799 0.0994747 2 
0.0949589 0.0968982 2 
0.0949575 0.101238 2 
0.0949508 0.102188 2 
0.0948933 0.101373 2 
0.0948923 0.098553 2 
0.0948397 0.0998481 2 
0.0948087 0.0956297 2 
0.0947666 0.100365 2 
0.0946708 0.101111 2 
0.0946539 0.0977251 2 
0.0946438 0.0981684 2 
0.0946198 0.0986682 2 
0.0944687 0.0988689 2 
0.0943669 0.0967168 2 
0.0943402 0.0975864 2 
0.0943247 0.098153 2 
0.0942915 0.0945057 2 
0.0942825 0.0966767 2 
0.0942767 0.095908 2 
0.0941769 0.0981529 2 
0.0941272 0.0959 2 
0.0940059 0.0941092 2 
0.0939265 0.0970663 2 
0.0937963 0.0977157 2 
0.0937888 0.0947987 2 
0.0937216 0.0964825 2 
0.0936957 0.097784 2 
0.0936802 0.097153 2 
0.093671 0.0975864 2 
0.0936544 0.0945165 2 
0.0936229 0.0976749 2 
0.0935925 0.0988002 2 
0.0935883 0.09766 2 
0.093587 0.0945671 2 
0.0935174 0.098911 2 
0.0935011 0.101206 2 
0.0934329 0.0968262 2 
0.0934267 0.0986654 2 
0.0933708 0.0960582 2 
0.0933661 0.102319 2 
0.093354 0.0949925 2 
0.0932931 0.100981 2 
0.0932914 0.095344 2 
0.093201 0.0950509 2 
0.0931826 0.0981684 2 
0.0931485 0.0966974 2 
0.0930862 0.0975864 2 
0.0930808 0.0960582 2 
0.0930543 0.0957739 2 
0.0930094 0.095344 2 
0.0929886 0.0943933 2 
0.0929786 0.0975169 2 
0.0929607 0.0950543 2 
0.0929602 0.0960154 2 
0.0928894 0.0979875 2 
0.0928714 0.0937299 2 
0.0928181 0.0987859 2 
0.0927931 0.0933629 2 
0.0927467 0.0975931 2 
0.0927342 0.0970049 2 
0.0927144 0.100291 2 
0.092693 0.0993399 2 
0.0926885 0.0946588 2 
0.0926881 0.0960591 2 
0.0926721 0.0946456 2 
0.0926507 0.0953586 2 
0.0926002 0.0994609 2 
0.092583 0.0967303 2 
0.0925233 0.0959 2 
0.0924689 0.0948428 2 
0.0923711 0.0983694 2 
0.0923517 0.0935842 2 
0.0923509 0.0966563 2 
0.0923504 0.0957739 2 
0.0922093 0.0988122 2 
0.0921565 0.0943284 2 
0.092132 0.0995749 2 
0.0920992 0.100622 2 
0.0920918 0.100442 2 
0.0920854 0.0968148 2 
0.0920313 0.0983764 2 
0.0919442 0.0945057 2 
0.0919408 0.0949925 2 
0.0919303 0.0932075 2 
0.0918874 0.0974553 2 
0.0918579 0.0930964 2 
0.0918574 0.0974529 2 
0.0918027 0.0994609 2 
0.0917977 0.0927237 2 
0.0917929 0.0962711 2 
0.0917884 0.0925364 2 
0.0917787 0.0944297 2 
0.0917491 0.0948428 2 
0.0917052 0.0968982 2 
0.0916908 0.0988002 2 
0.0916873 0.0946354 2 
0.091606 0.0919765 2 
0.0915985 0.0930633 2 
0.0915887 0.0970663 2 
0.0915677 0.0989047 2 
0.091564 0.0957739 2 
0.0915413 0.0947958 2 
0.0915399 0.0958551 2 
0.0915244 0.0937299 2 
0.0914987 0.0925668 2 
0.0914861 0.0949818 2 
0.0914548 0.0928707 2 
0.0914504 0.0920608 2 
0.0913479 0.0966061 2 
0.0913472 0.0922362 2 
0.0912974 0.0945057 2 
0.0912748 0.0916383 2 
0.0912176 0.0932075 2 
0.0911863 0.097637 2 
0.0911301 0.0957936 2 
0.0911056 0.0919765 2 
0.0910572 0.0921653 2 
0.0910564 0.0947976 2 
0.09103 0.091587 2 
0.0910183 0.0938389 2 
0.0909909 0.0929977 2 
0.0909702 0.0909717 2 
0.0909597 0.100465 2 
0.0909343 0.0918689 2 
0.0909069 0.0995866 2 
0.0908983 0.0923929 2 
0.0908671 0.0950543 2 
0.0908582 0.094408 2 
0.0908529 0.094408 2 
0.0908371 0.0924891 2 
0.0908105 0.0950509 2 
0.0907892 0.0944246 2 
0.0907826 0.0930324 2 
0.0906881 0.100613 2 
0.0906564 0.0976617 2 
0.0906517 0.0921868 2 
0.090649 0.091688 2 
0.0906309 0.0945671 2 
0.0906098 0.0952169 2 
0.0905529 0.0967168 2 
0.0905182 0.0975757 2 
0.0904439 0.0961546 2 
0.0903816 0.0975931 2 
0.0903808 0.0950509 2 
0.0903753 0.098431 2 
0.0903553 0.0910486 2 
0.0903361 0.0960582 2 
0.0903314 0.0960591 2 
0.0903193 0.0966974 2 
0.0902744 0.0949818 2 
0.0902731 0.0988311 2 
0.0902451 0.0911824 2 
0.0901937 0.0937299 2 
0.0901835 0.0960591 2 
0.0901741 0.0953183 2 
0.0900482 0.0917548 2 
0.090044 0.0937299 2 
0.0900346 0.0906358 2 
0.0899795 0.0915585 2 
0.0899773 0.0940538 2 
0.089943 0.091278 2 
0.0899353 0.0950509 2 
0.0899329 0.0911525 2 
0.0899199 0.0938389 2 
0.0899083 0.0903334 2 
0.0898482 0.0918494 2 
0.0898464 0.0949925 2 
0.0898387 0.0964325 2 
0.0897993 0.0917548 2 
0.0897778 0.0957479 2 
0.0897771 0.0986654 2 
0.0897171 0.0904042 2 
0.0897018 0.0925768 2 
0.0897013 0.0908182 2 
0.0896933 0.092283 2 
0.089693 0.0968445 2 
0.0896813 0.0922398 2 
0.0896776 0.0903654 2 
0.089676 0.0945057 2 
0.089632 0.0966767 2 
0.0896182 0.0968445 2 
0.0895985 0.0987031 2 
0.0895301 0.09004 2 
0.0894976 0.0898762 2 
0.089487 0.0989866 2 
0.0893966 0.0902249 2 
0.0893944 0.0958053 2 
0.0893174 0.0904654 2 
0.0893158 0.0977592 2 
0.0893136 0.0964325 2 
0.0892738 0.0913912 2 
0.0892692 0.0898607 2 
0.0892328 0.0988122 2 
0.0891906 0.099669 2 
0.0891604 0.095774 2 
0.0891287 0.0915094 2 
0.0891283 0.0923917 2 
0.0891072 0.0894178 2 
0.0890912 0.0981992 2 
0.0890093 0.092283 2 
0.0889658 0.0958063 2 
0.0889392 0.0938654 2 
0.0889191 0.0953586 2 
0.0889186 0.0972654 2 
0.0889131 0.0923857 2 
0.0888175 0.0959 2 
0.0888115 0.0968262 2 
0.088792 0.0945057 2 
0.0887869 0.0889772 2 
0.0887581 0.0949112 2 
0.088703 0.0981992 2 
0.0886355 0.0960154 2 
0.0886212 0.0932075 2 
0.0886129 0.0966767 2 
0.0885808 0.0902917 2 
0.0885798 0.0964361 2 
0.088572 0.0909761 2 
0.0885691 0.0945671 2 
0.0885029 0.0909389 2 
0.0884618 0.092772 2 
0.0884579 0.0974625 2 
0.0884204 0.0952816 2 
0.0883832 0.0968982 2 
0.0883721 0.0898021 2 
0.0883626 0.09766 2 
0.0883617 0.0916626 2 
0.088352 0.0977621 2 
0.0882413 0.0887333 2 
0.0882079 0.0961294 2 
0.0881658 0.0886931 2 
0.0881649 0.0910511 2 
0.0881266 0.0948428 2 
0.0881196 0.0889772 2 
0.0881029 0.0906309 2 
0.0880765 0.09082 2 
0.0880267 0.0977453 2 
0.0879264 0.0935635 2 
0.0878974 0.0891579 2 
0.0878781 0.0975757 2 
0.0878742 0.0969783 2 
0.0878153 0.0950543 2 
0.0877673 0.0966273 2 
0.0877593 0.094408 2 
0.0877212 0.0974529 2 
0.0876409 0.0878111 2 
0.0876331 0.088521 2 
0.0875654 0.0886253 2 
0.0875622 0.0945671 2 
0.0875557 0.0961546 2 
0.087396 0.094408 2 
0.0873747 0.0976749 2 
0.0873716 0.0954203 2 
0.0873489 0.0905268 2 
0.0871442 0.0872183 2 
0.0871381 0.0917605 2 
0.0871023 0.0903626 2 
0.0871007 0.0897822 2 
0.0870853 0.0921828 2 
0.0869889 0.0953318 2 
0.0869777 0.0897501 2 
0.0869766 0.0977592 2 
0.0869541 0.094408 2 
0.0869275 0.0885066 2 
0.0869059 0.0949818 2 
0.086866 0.0978742 2 
0.0868193 0.0945671 2 
0.0866975 0.0947958 2 
0.0866664 0.0883344 2 
0.0866031 0.0914782 2 
0.0865655 0.0954562 2 
0.0865649 0.09464 2 
0.0864992 0.0956701 2 
0.086444 0.098089 2 
0.0864004 0.0871298 2 
0.0862907 0.0962711 2 
0.0862883 0.0950645 2 
0.0862851 0.0954562 2 
0.0858257 0.0877052 2 
0.0492062 0.0503539 3 
0.0472116 0.0479696 3 
0.0470986 0.0476361 3 
0.0469823 0.0472666 3 
0.046931 0.0470158 3 
0.0467927 0.0483426 3 
0.0467853 0.0470648 3 
0.0465487 0.0466842 3 
0.0464808 0.0468187 3 
0.0464432 0.0474798 3 
0.0463595 0.0469362 3 
0.0463409 0.0480276 3 
0.0461693 0.0463012 3 
0.0461472 0.0462402 3 
0.0461332 0.0463977 3 
0.0458886 0.0478209 3 
0.045839 0.0472304 3 
0.0457855 0.0477503 3 
0.0457634 0.0470855 3 
0.0457405 0.0458114 3 
0.0456761 0.0459751 3 
0.0455174 0.0457522 3 
0.0454964 0.0473517 3 
0.0454624 0.0473185 3 
0.0454144 0.0479332 3 
0.0454071 0.0463039 3 
0.0453804 0.0470639 3 
0.0453033 0.0464542 3 
0.0453024 0.0462027 3 
0.045253 0.0468393 3 
0.0452326 0.0453747 3 
0.0452232 0.0464484 3 
0.0450683 0.0452598 3 
0.0450379 0.0467234 3 
0.0450217 0.0453592 3 
0.0450046 0.0457338 3 
0.0449493 0.0459186 3 
0.0449196 0.0453506 3 
0.044905 0.0470775 3 
0.0448816 0.0461201 3 
0.0448565 0.0457178 3 
0.0447365 0.0452694 3 
0.0447216 0.0447625 3 
0.0445054 0.0482834 3 
0.0444508 0.0445552 3 
0.0444047 0.0449932 3 
0.0443787 0.0443955 3 
0.044355 0.0449864 3 
0.0443516 0.0451841 3 
0.0443205 0.0449864 3 
0.0443178 0.0462751 3 
0.044246 0.045257 3 
0.0442412 0.0450346 3 
0.0442235 0.0446966 3 
0.0441963 0.047043 3 
0.044144 0.0450014 3 
0.0440698 0.0458503 3 
0.0439686 0.0440105 3 
0.0439421 0.045071 3 
0.0439124 0.0446024 3 
0.0438943 0.0448352 3 
0.0438883 0.0468449 3 
0.0438378 0.0443676 3 
0.0438126 0.0448863 3 
0.0437819 0.0440869 3 
0.0437765 0.0463043 3 
0.0437315 0.0456347 3 
0.0437283 0.0438028 3 
0.043666 0.0450323 3 
0.0436406 0.0447173 3 
0.0436298 0.0459171 3 
0.0435985 0.0442123 3 
0.0435952 0.0450219 3 
0.0435594 0.0450346 3 
0.0434841 0.0435744 3 
0.0434761 0.0450586 3 
0.0434666 0.046306 3 
0.0433697 0.0471173 3 
0.0433509 0.04352 3 
0.0433509 0.0453656 3 
0.0432968 0.0445552 3 
0.0432753 0.0459171 3 
0.0432089 0.0451398 3 
0.0431667 0.0437292 3 
0.0431437 0.0436899 3 
0.0431197 0.0455561 3 
0.0430962 0.0434419 3 
0.0430596 0.0434067 3 
0.0430438 0.0445293 3 
0.0430352 0.0445139 3 
0.0430142 0.0436534 3 
0.0430134 0.0436486 3 
0.042998 0.0456234 3 
0.0429728 0.0438954 3 
0.0429687 0.0430473 3 
0.0429547 0.0442894 3 
0.0429396 0.0436756 3 
0.0429299 0.0438028 3 
0.0429017 0.044136 3 
0.042897 0.0447366 3 
0.0428787 0.0433718 3 
0.0428762 0.0431898 3 
0.0428575 0.0465587 3 
0.0428512 0.0435162 3 
0.042844 0.044144 3 
0.0428124 0.0441974 3 
0.0427989 0.0429177 3 
0.0427874 0.045559 3 
0.0427489 0.0438575 3 
0.0426821 0.0433763 3 
0.0426727 0.0439334 3 
0.0426589 0.0442489 3 
0.0426455 0.0426912 3 
0.042634 0.0464542 3 
0.0426104 0.0427153 3 
0.0425834 0.0444586 3 
0.0425809 0.0434622 3 
0.042562 0.0436869 3 
0.0425477 0.0442107 3 
0.0425317 0.0430292 3 
0.0425 0.0442306 3 
0.0424797 0.0447882 3 
0.0424713 0.0427487 3 
0.0424415 0.0432006 3 
0.0424401 0.0447366 3 
0.0424334 0.0463977 3 
0.0423782 0.0449864 3 
0.0423593 0.0424741 3 
0.0423054 0.0429673 3 
0.0423044 0.0427079 3 
0.0423039 0.043109 3 
0.0422456 0.0427462 3 
0.0422318 0.0432698 3 
0.0422239 0.0428489 3 
0.0422218 0.0423039 3 
0.042221 0.0432403 3 
0.0422177 0.0466127 3 
0.0421763 0.0435445 3 
0.0421537 0.0448825 3 
0.042139 0.0432876 3 
0.0421127 0.0427153 3 
0.0420964 0.0423589 3 
0.0420849 0.0433019 3 
0.042051 0.0430143 3 
0.0420491 0.0434622 3 
0.0420223 0.0445293 3 
0.0420202 0.043568 3 
0.0420018 0.0432006 3 
0.0419108 0.0436756 3 
0.0418246 0.0438892 3 
0.0417967 0.043639 3 
0.0417776 0.0441296 3 
0.0417738 0.0459551 3 
0.0417653 0.0427267 3 
0.0417601 0.0439667 3 
0.0417589 0.0428924 3 
0.0417496 0.0438057 3 
0.0417433 0.0423997 3 
0.0417261 0.0419602 3 
0.0417247 0.0421131 3 
0.0417065 0.0424741 3 
0.0416756 0.0422101 3 
0.0416521 0.0429655 3 
0.0416322 0.0456447 3 
0.0416255 0.0424429 3 
0.0415749 0.0426694 3 
0.0415582 0.0437306 3 
0.041544 0.0440414 3 
0.0415244 0.0462787 3 
0.0415154 0.0457178 3 
0.0415069 0.0416335 3 
0.0414922 0.0417348 3 
0.0414856 0.0429321 3 
0.0414606 0.042068 3 
0.0414423 0.0422019 3 
0.041435 0.0450112 3 
0.0414163 0.0450575 3 
0.0413896 0.0432062 3 
0.0413678 0.0424243 3 
0.0413631 0.0427462 3 
0.0413395 0.0450575 3 
0.0413261 0.0438678 3 
0.0413146 0.0417347 3 
0.0413023 0.0429655 3 
0.0412769 0.0438232 3 
0.041267 0.0443955 3 
0.0412574 0.0437036 3 
0.0412531 0.0429651 3 
0.0412427 0.0438947 3 
0.0412176 0.0443676 3 
0.0412155 0.0427267 3 
0.0411857 0.0432006 3 
0.0411855 0.0432913 3 
0.0411811 0.0428391 3 
0.041172 0.0421378 3 
0.0411706 0.0414297 3 
0.0411606 0.0442123 3 
0.0411086 0.04433 3 
0.0410967 0.0426912 3 
0.041071 0.0446792 3 
0.0410464 0.0442123 3 
0.0410409 0.0441296 3 
0.041015 0.0447142 3 
0.0409924 0.0446957 3 
0.0409728 0.0414853 3 
0.0409678 0.0438947 3 
0.0409377 0.0410432 3 
0.0409365 0.0453747 3 
0.040936 0.0411182 3 
0.0409184 0.0447344 3 
0.0408673 0.0439918 3 
0.0408673 0.044144 3 
0.0408588 0.0448896 3 
0.0408493 0.0411729 3 
0.0408348 0.0417821 3 
0.0408339 0.0448896 3 
0.0408119 0.0419542 3 
0.0407989 0.0422105 3 
0.0407729 0.0430034 3 
0.0407206 0.0414863 3 
0.0407194 0.0448896 3 
0.0407006 0.0442943 3 
0.0406922 0.0445781 3 
0.0406696 0.0415584 3 
0.0406642 0.0446966 3 
0.0406001 0.0432537 3 
0.0405748 0.0414853 3 
0.0405478 0.0450014 3 
0.0405123 0.0433029 3 
0.0404034 0.0442692 3 
0.0403882 0.0442925 3 
0.0403747 0.043114 3 
0.0403589 0.0450516 3 
0.0403475 0.0419602 3 
0.040323 0.0441843 3 
0.0403042 0.0429099 3 
0.040299 0.0434508 3 
0.0402754 0.0405344 3 
0.0402661 0.0441841 3 
0.0402583 0.0452372 3 
0.0402052 0.0441974 3 
0.0401961 0.0403584 3 
0.0401806 0.0429673 3 
0.040161 0.0447962 3 
0.0401458 0.0446163 3 
0.0401312 0.0450793 3 
0.0401204 0.0418742 3 
0.0401031 0.0405344 3 
0.0399351 0.0427202 3 
0.0398949 0.043335 3 
0.0398401 0.0452071 3 
0.0398166 0.0418953 3 
0.0398137 0.0428178 3 
0.0397972 0.0427153 3 
0.039794 0.0412505 3 
0.0397791 0.0428231 3 
0.0397699 0.0418842 3 
0.0397172 0.0397705 3 
0.0396802 0.0438057 3 
0.0396701 0.0406899 3 
0.0396701 0.0438678 3 
0.0396124 0.0449072 3 
0.0396077 0.0414193 3 
0.0395952 0.0427487 3 
0.0395851 0.0410005 3 
0.0394085 0.0397801 3 
0.0393688 0.044933 3 
0.0393319 0.0428924 3 
0.0392952 0.0447366 3 
0.0392946 0.0437357 3 
0.0392648 0.0400467 3 
0.0392269 0.0427462 3 
0.0391808 0.0404335 3 
0.0390446 0.0417497 3 
0.039027 0.0434215 3 
0.0389847 0.0425271 3 
0.0389781 0.042489 3 
0.0389016 0.0393662 3 
0.0388157 0.0432704 3 
0.038803 0.0431351 3 
0.0388006 0.0397705 3 
0.0387796 0.0439918 3 
0.0387731 0.0429099 3 
0.0386768 0.0404342 3 
0.0385765 0.044136 3 
0.0235147 0.0236229 4 
0.023504 0.0236558 4 
0.0229023 0.0232141 4 
0.0228758 0.0232513 4 
0.0227424 0.0229315 4 
0.022634 0.022735 4 
0.0225239 0.0230303 4 
0.0225176 0.0232809 4 
0.0224566 0.0231812 4 
0.0223436 0.0223467 4 
0.0222666 0.0226863 4 
0.0222623 0.0224932 4 
0.0222189 0.0224527 4 
0.0220983 0.0225188 4 
0.0220106 0.0234749 4 
0.0219987 0.0229208 4 
0.0218607 0.0219342 4 
0.0218147 0.0222045 4 
0.0217914 0.0224762 4 
0.021694 0.0217649 4 
0.0216427 0.0228968 4 
0.0216221 0.0231 4 
0.0216216 0.0219831 4 
0.0215798 0.0221199 4 
0.0214745 0.0220605 4 
0.0214715 0.0224836 4 
0.0214181 0.0220529 4 
0.0213579 0.0214241 4 
0.0213439 0.0218697 4 
0.0213081 0.0216369 4 
0.021289 0.0213781 4 
0.0212505 0.0212726 4 
0.0212309 0.0212982 4 
0.0212297 0.021242 4 
0.0212165 0.0214255 4 
0.0212155 0.0223209 4 
0.0211996 0.0213523 4 
0.0211919 0.0215434 4 
0.0211329 0.0211894 4 
0.0211168 0.0211499 4 
0.0211157 0.0214226 4 
0.0211152 0.0215814 4 
0.0210986 0.0212234 4 
0.0210824 0.0223408 4 
0.0210717 0.0220773 4 
0.0210425 0.0210721 4 
0.0210025 0.0215926 4 
0.0209939 0.0210242 4 
0.0209833 0.0214241 4 
0.0209523 0.0213414 4 
0.0209021 0.0219831 4 
0.0208995 0.0211179 4 
0.0208585 0.0210404 4 
0.0207677 0.0212843 4 
0.0207641 0.0209117 4 
0.020741 0.0210563 4 
0.0207371 0.0210193 4 
0.0207237 0.0214974 4 
0.0207136 0.0223217 4 
0.020676 0.0210563 4 
0.0206686 0.0214241 4 
0.0206549 0.0213082 4 
0.0206439 0.0207755 4 
0.0206172 0.0213511 4 
0.0205671 0.0207152 4 
0.0205651 0.0224836 4 
0.0205476 0.0209689 4 
0.0205356 0.0210563 4 
0.0205272 0.0208358 4 
0.0205213 0.0217256 4 
0.0204961 0.0215558 4 
0.0204824 0.0207774 4 
0.0204779 0.0208819 4 
0.020465 0.020546 4 
0.0204505 0.0208881 4 
0.0204455 0.020582 4 
0.0204333 0.0210023 4 
0.0204177 0.0206129 4 
0.0204098 0.0221067 4 
0.0203898 0.0209824 4 
0.0203832 0.0203894 4 
0.0203649 0.0223117 4 
0.0203648 0.0215402 4 
0.0202994 0.0219542 4 
0.0202915 0.020675 4 
0.0202698 0.0203421 4 
0.0202675 0.0207198 4 
0.020252 0.021329 4 
0.0202459 0.0209448 4 
0.0202226 0.0214112 4 
0.0202068 0.0214632 4 
0.0202043 0.0204647 4 
0.0201939 0.0206465 4 
0.0201917 0.0203544 4 
0.0201883 0.0216595 4 
0.0201791 0.0206405 4 
0.0201559 0.020898 4 
0.0201276 0.0215951 4 
0.0201259 0.0201449 4 
0.020125 0.020414 4 
0.0200956 0.0211789 4 
0.0200912 0.0203364 4 
0.0200809 0.0207598 4 
0.0200742 0.0205013 4 
0.020064 0.0201529 4 
0.0200459 0.0201331 4 
0.0200417 0.0209933 4 
0.0200229 0.0208752 4 
0.0200179 0.0225489 4 
0.0200127 0.0213073 4 
0.0199927 0.0203465 4 
0.0199614 0.0203511 4 
0.0199413 0.0201044 4 
0.0199361 0.0210177 4 
0.0199334 0.0221112 4 
0.0199281 0.021694 4 
0.0199177 0.0218076 4 
0.0198995 0.0204928 4 
0.0198988 0.0201733 4 
0.0198977 0.0210724 4 
0.0198857 0.0211452 4 
0.0198769 0.0211914 4 
0.0198622 0.021047 4 
0.0198618 0.0209933 4 
0.0198496 0.0215276 4 
0.0198187 0.0205768 4 
0.0198117 0.0207152 4 
0.0197774 0.0205277 4 
0.0197725 0.0211179 4 
0.0197582 0.0210549 4 
0.0197394 0.0199192 4 
0.0197388 0.0213132 4 
0.0197341 0.0198636 4 
0.0197259 0.0211411 4 
0.0197177 0.0198161 4 
0.0197125 0.0219342 4 
0.0196949 0.0212309 4 
0.0196922 0.0212676 4 
0.0196896 0.0205909 4 
0.0196684 0.0203742 4 
0.0196621 0.0201248 4 
0.0196544 0.0205768 4 
0.0196532 0.0211179 4 
0.0196272 0.0212403 4 
0.0196263 0.020103 4 
0.0196224 0.0218729 4 
0.0196106 0.0202046 4 
0.0196065 0.0204745 4 
0.0195998 0.0219211 4 
0.0195984 0.0198276 4 
0.0195962 0.0206018 4 
0.0195665 0.0206815 4 
0.0195571 0.0223444 4 
0.0195507 0.019857 4 
0.0195169 0.0209117 4 
0.0195139 0.0208706 4 
0.019488 0.0214632 4 
0.0194642 0.0196415 4 
0.0194552 0.0211878 4 
0.0194093 0.0194456 4 
0.019402 0.0205277 4 
0.0194003 0.0203894 4 
0.0193869 0.0214349 4 
0.0193619 0.0201375 4 
0.0193472 0.0203491 4 
0.01934 0.0198968 4 
0.0193328 0.0202297 4 
0.0193295 0.0210709 4 
0.0193181 0.019857 4 
0.0193073 0.0212319 4 
0.019307 0.0217207 4 
0.019298 0.0212483 4 
0.0192847 0.0206014 4 
0.0192836 0.0216683 4 
0.0192748 0.0204678 4 
0.0192559 0.0199812 4 
0.0192554 0.0215926 4 
0.0192477 0.0204457 4 
0.019244 0.0210131 4 
0.019232 0.0217294 4 
0.0192137 0.02167 4 
0.0191822 0.0198583 4 
0.0191442 0.0217139 4 
0.0191391 0.0212043 4 
0.0191348 0.0207949 4 
0.0191263 0.0217139 4 
0.0191026 0.0213131 4 
0.0191014 0.0214255 4 
0.0190854 0.0197089 4 
0.0190658 0.0212309 4 
0.0190384 0.0191437 4 
0.0190327 0.0208842 4 
0.019017 0.019326 4 
0.0189601 0.0198544 4 
0.0188884 0.0202699 4 
0.0188569 0.0200374 4 
0.0188449 0.0200159 4 
0.018833 0.0212634 4 
0.018832 0.0195825 4 
0.0187996 0.0210143 4 
0.018792 0.020267 4 
0.0187717 0.0203742 4 
0.0187501 0.0214304 4 
0.018741 0.0199644 4 
0.0187212 0.020014 4 
0.0187095 0.0214304 4 
0.0187078 0.0201331 4 
0.0187009 0.0190272 4 
0.0185728 0.0198178 4 
0.0185655 0.0189542 4 
0.0185641 0.0204647 4 
0.0184462 0.0195596 4 
0.0184234 0.0193381 4 
0.0184123 0.0205709 4 
0.0183996 0.019773 4 
0.0183227 0.0199192 4 
0.0183033 0.0208358 4 
0.0182855 0.0199192 4 
0.0182427 0.0200531 4 
0.0181921 0.0183609 4 
0.0181609 0.0199812 4 
0.0181252 0.021145 4 
0.018107 0.0200561 4 
0.0180216 0.020898 4 
0.0179016 0.0182216 4 
0.0114272 0.0116075 5 
0.0113534 0.0114822 5 
0.0113362 0.0113548 5 
0.011327 0.0115061 5 
0.0113175 0.0113706 5 
0.0111377 0.0113548 5 
0.0111348 0.0116875 5 
0.0110848 0.0117049 5 
0.0110061 0.0113125 5 
0.0109687 0.0113752 5 
0.0109262 0.0110886 5 
0.0109234 0.0112241 5 
0.0108633 0.0110488 5 
0.0108229 0.0110839 5 
0.0108055 0.0113502 5 
0.0107656 0.0108524 5 
0.0107568 0.0109722 5 
0.0106786 0.0106917 5 
0.010666 0.0107062 5 
0.010644 0.0108625 5 
0.0106386 0.0107155 5 
0.0105515 0.0106645 5 
0.010519 0.0111416 5 
0.0104803 0.0107155 5 
0.0104561 0.0107197 5 
0.010455 0.0108599 5 
0.0103994 0.0104488 5 
0.0103437 0.0104061 5 
0.0103345 0.0108543 5 
0.010297 0.0103097 5 
0.0102833 0.0109766 5 
0.0102647 0.0106068 5 
0.0102533 0.0104237 5 
0.0102522 0.0102535 5 
0.0102462 0.0108599 5 
0.0102444 0.0112241 5 
0.0102415 0.0102535 5 
0.0102313 0.0107236 5 
0.0102135 0.0102359 5 
0.010207 0.0109333 5 
0.0101921 0.0106325 5 
0.0101735 0.010592 5 
0.0101649 0.0104053 5 
0.0101618 0.0106422 5 
0.0101446 0.0107709 5 
0.010138 0.0105656 5 
0.0101276 0.0106467 5 
0.0101249 0.0101284 5 
0.0101229 0.010486 5 
0.0100684 0.0101299 5 
0.0100591 0.0110549 5 
0.0100558 0.0101302 5 
0.0100553 0.0100809 5 
0.0100525 0.0102592 5 
0.0100376 0.010085 5 
0.0100268 0.0107375 5 
0.0100109 0.01006 5 
0.0100036 0.0107637 5 
0.00999912 0.0106634 5 
0.0099797 0.0100721 5 
0.00996765 0.0102597 5 
0.00995783 0.0101406 5 
0.00995766 0.0101666 5 
0.00995177 0.0104648 5 
0.00994117 0.0105827 5 
0.00993916 0.0101799 5 
0.00993656 0.0102882 5 
0.00993497 0.0101799 5 
0.00992837 0.0107566 5 
0.00992026 0.0108828 5 
0.00991708 0.010011 5 
0.00991139 0.0113142 5 
0.00990802 0.010276 5 
0.00990317 0.0103887 5 
0.00990267 0.0101027 5 
0.00988934 0.0100312 5 
0.00987597 0.0102037 5 
0.00987521 0.0101299 5 
0.00986917 0.0105279 5 
0.00985808 0.00998651 5 
0.00985375 0.0102781 5 
0.00982891 0.0106848 5 
0.00982745 0.0105536 5 
0.00981989 0.0105931 5 
0.00981131 0.0100051 5 
0.00980888 0.0103463 5 
0.00980553 0.0105594 5 
0.00979348 0.0105455 5 
0.00977553 0.0102011 5 
0.00977248 0.00981368 5 
0.00977086 0.00994886 5 
0.00976983 0.0103048 5 
0.00975751 0.00992695 5 
0.00975688 0.00983507 5 
0.00975192 0.0097829 5 
0.00973088 0.0105924 5 
0.00972762 0.0107243 5 
0.00971915 0.0106763 5 
0.00970537 0.0102019 5 
0.00969364 0.0103515 5 
0.00968738 0.00986237 5 
0.00968195 0.0101396 5 
0.00967629 0.00979561 5 
0.00967128 0.0101406 5 
0.00964744 0.0105827 5 
0.00964024 0.0106956 5 
0.00963551 0.010486 5 
0.00962956 0.0103409 5 
0.00962742 0.010252 5 
0.00962597 0.0101634 5 
0.0096258 0.0102855 5 
0.00962033 0.0107701 5 
0.0096181 0.0101742 5 
0.0096157 0.00987435 5 
0.00960225 0.0106284 5 
0.00960069 0.00976999 5 
0.00960025 0.010881 5 
0.00959828 0.0096358 5 
0.00959385 0.0100738 5 
0.0095832 0.010806 5 
0.00957637 0.00980377 5 
0.00957284 0.00976379 5 
0.00955853 0.0101957 5 
0.00955815 0.0102534 5 
0.00955423 0.0104688 5 
0.00954431 0.00998225 5 
0.00953931 0.010552 5 
0.00953426 0.0101067 5 
0.0095282 0.00990248 5 
0.00952709 0.0105517 5 
0.00951211 0.00979626 5 
0.00949718 0.00956141 5 
0.00948152 0.00994854 5 
0.00947911 0.0105028 5 
0.00947338 0.00966398 5 
0.00947151 0.0101728 5 
0.0094692 0.0100889 5 
0.00943274 0.00968698 5 
0.00942406 0.00983507 5 
0.00942042 0.00972764 5 
0.00939466 0.0105314 5 
0.00938489 0.0102453 5 
0.00938077 0.010613 5 
0.00937371 0.0104426 5 
0.0093681 0.0104805 5 
0.00936387 0.0102037 5 
0.00934689 0.00950332 5 
0.00934095 0.0106273 5 
0.00932655 0.00976078 5 
0.00931689 0.0103306 5 
0.00928712 0.00948448 5 
0.00927712 0.0104426 5 
0.00926905 0.00990616 5 
0.00926837 0.0104584 5 
0.00926491 0.0105876 5 
0.00926374 0.0104455 5 
0.0092576 0.0101716 5 
0.0092529 0.00955138 5 
0.00925219 0.00979033 5 
0.00925114 0.00983955 5 
0.0092139 0.0104009 5 
0.00921289 0.0094294 5 
0.00918783 0.00983955 5 
0.00918174 0.0099758 5 
0.00918041 0.00976999 5 
0.00916533 0.0100125 5 
0.00916476 0.0103046 5 
0.0091011 0.0105193 5 
0.00907849 0.00988578 5 
0.00907663 0.00976379 5 
0.00905217 0.00981368 5 
0.00905033 0.00927215 5 
0.00902973 0.00953552 5 
0.00902034 0.0100388 5 
0.0090056 0.00948228 5 
0.00897071 0.00955083 5 
0.00895651 0.010085 5 
0.00893476 0.0095657 5 
0.00887516 0.00955733 5 
0.00885173 0.01037 5 
0.00879401 0.00988209 5 
0.00876602 0.00955083 5 
0.00871769 0.00955623 5 
0.00870482 0.0101764 5 
0.00860256 0.00865749 5 
0.0059369 0.00594145 6 
0.00589352 0.00590695 6 
0.00579397 0.00590896 6 
0.00578535 0.00598345 6 
0.00571662 0.00588557 6 
0.00567682 0.00573116 6 
0.00561532 0.00587039 6 
0.00559777 0.00571732 6 
0.0055965 0.00571458 6 
0.00558632 0.00567829 6 
0.00558142 0.00571899 6 
0.00554347 0.00557669 6 
0.00554337 0.00561093 6 
0.00546139 0.00573076 6 
0.00542477 0.00547994 6 
0.00540897 0.00542679 6 
0.00534595 0.00542817 6 
0.0053344 0.00567579 6 
0.0052714 0.0054607 6 
0.0052702 0.00553138 6 
0.00523656 0.00536777 6 
0.00522618 0.00536777 6 
0.005217 0.00526747 6 
0.00521097 0.00573116 6 
0.00520918 0.00522646 6 
0.00520658 0.00543141 6 
0.00520649 0.00550374 6 
0.00520576 0.00532843 6 
0.00519922 0.00554535 6 
0.00517494 0.00522111 6 
0.00516433 0.00550782 6 
0.00513729 0.0053061 6 
0.00512677 0.00529279 6 
0.00512587 0.00543741 6 
0.00511594 0.00533712 6 
0.00511023 0.00551215 6 
0.00510598 0.00514695 6 
0.00510496 0.00530405 6 
0.00510134 0.00516043 6 
0.0050773 0.00538167 6 
0.00506263 0.00508687 6 
0.00505934 0.00541931 6 
0.00505929 0.00514904 6 
0.00505904 0.00525696 6 
0.00505595 0.00514008 6 
0.00505524 0.00514113 6 
0.00505247 0.00562639 6 
0.00504724 0.00554519 6 
0.00504528 0.00528019 6 
0.00504198 0.00516152 6 
0.00503266 0.00504996 6 
0.00502426 0.00504532 6 
0.00502417 0.00529194 6 
0.005019 0.00524073 6 
0.00501806 0.0050821 6 
0.00500577 0.00573371 6 
0.00500371 0.00541115 6 
0.00499168 0.00510421 6 
0.00498976 0.00536536 6 
0.00498348 0.00534641 6 
0.00497925 0.00502513 6 
0.00497412 0.00516965 6 
0.00497115 0.00521628 6 
0.00496359 0.00543826 6 
0.00496001 0.00502855 6 
0.00495914 0.0050821 6 
0.00495289 0.0050475 6 
0.00494173 0.00520104 6 
0.00493656 0.00517159 6 
0.00493415 0.00509073 6 
0.00492954 0.00520505 6 
0.00492689 0.00547766 6 
0.00491835 0.00518194 6 
0.0049118 0.00518598 6 
0.00490897 0.00521404 6 
0.00490887 0.00530852 6 
0.00490162 0.00528219 6 
0.0048977 0.00533129 6 
0.00489767 0.00533816 6 
0.00489626 0.00519646 6 
0.00488777 0.00493505 6 
0.00488693 0.00502672 6 
0.00488645 0.0049281 6 
0.00488477 0.00491601 6 
0.00488271 0.00501936 6 
0.00487462 0.00505348 6 
0.00487 0.00541106 6 
0.00486566 0.00500248 6 
0.00486512 0.00494942 6 
0.00485694 0.00508698 6 
0.0048538 0.0054068 6 
0.00484595 0.00491601 6 
0.00483882 0.0049785 6 
0.00483303 0.00504772 6 
0.00482889 0.00514695 6 
0.00482669 0.00538167 6 
0.00481761 0.00535632 6 
0.00481487 0.00481927 6 
0.0048073 0.0050913 6 
0.00479856 0.00522024 6 
0.00479771 0.00556232 6 
0.00479204 0.00514172 6 
0.00479028 0.00512027 6 
0.00478992 0.00505845 6 
0.00478665 0.00517666 6 
0.00478205 0.00520963 6 
0.00477473 0.00501622 6 
0.0047685 0.00496093 6 
0.00475917 0.00498547 6 
0.00475911 0.00525145 6 
0.00475854 0.00523232 6 
0.00474078 0.00478561 6 
0.00473875 0.00502737 6 
0.00473379 0.0048945 6 
0.00472872 0.00539061 6 
0.00471246 0.00516469 6 
0.00471208 0.00529194 6 
0.00470354 0.00524853 6 
0.00470176 0.00474512 6 
0.00469805 0.004832 6 
0.00469495 0.00518289 6 
0.00469056 0.00519179 6 
0.00469022 0.00475992 6 
0.0046762 0.00522088 6 
0.0046745 0.00529509 6 
0.00467279 0.00496448 6 
0.00466506 0.00503895 6 
0.00466453 0.00492305 6 
0.00466429 0.00480448 6 
0.00466135 0.0047963 6 
0.00465873 0.00504749 6 
0.00465683 0.00504003 6 
0.00465245 0.00508865 6 
0.00465065 0.00508452 6 
0.0046305 0.00530852 6 
0.00462403 0.00508865 6 
0.00462181 0.00489917 6 
0.0046184 0.0048553 6 
0.00461355 0.00485743 6 
0.00460681 0.0048993 6 
0.00459133 0.00501936 6 
0.00458795 0.00516469 6 
0.00458207 0.0049555 6 
0.00458119 0.0046118 6 
0.00456223 0.00481583 6 
0.00455802 0.00504594 6 
0.00453949 0.00522023 6 
0.0045298 0.00466261 6 
0.00451446 0.00463137 6 
0.00451115 0.0046535 6 
0.00450748 0.00502067 6 
0.00450178 0.00524073 6 
0.00448737 0.00478933 6 
0.00447511 0.00480022 6 
0.00445047 0.00494484 6 
0.00444469 0.00513767 6 
0.00443368 0.00485121 6 
0.00437848 0.00464661 6 
0.00434195 0.00496034 6 
0.00431149 0.00506483 6 
0.00429702 0.00463137 6 
0.00429442 0.00469014 6 
0.00305592 0.00307793 7 
0.00305447 0.00311158 7 
0.00296508 0.00305034 7 
0.00293759 0.00297757 7 
0.0029127 0.0029295 7 
0.00291109 0.00300975 7 
0.00290438 0.00293984 7 
0.00286583 0.00288655 7 
0.00283169 0.00283503 7 
0.00282106 0.00292192 7 
0.00280039 0.00285004 7 
0.00278413 0.00293405 7 
0.00276203 0.0028086 7 
0.00275327 0.00276727 7 
0.00274476 0.00282512 7 
0.0027388 0.00293904 7 
0.0027284 0.00275457 7 
0.00272193 0.00279304 7 
0.00272026 0.00291669 7 
0.00271438 0.00285452 7 
0.00270708 0.00272227 7 
0.00269369 0.00298853 7 
0.00268907 0.00276488 7 
0.00267762 0.00270014 7 
0.00267532 0.00280209 7 
0.00265199 0.0028522 7 
0.00264283 0.00268648 7 
0.00264148 0.00268118 7 
0.00263111 0.00266049 7 
0.00262648 0.00271444 7 
0.00262402 0.00273643 7 
0.00262085 0.00273643 7 
0.00261765 0.00265145 7 
0.00261176 0.00284167 7 
0.0026111 0.00288103 7 
0.00260761 0.00267795 7 
0.00260591 0.0027162 7 
0.00260477 0.00268427 7 
0.00260441 0.00268695 7 
0.00260371 0.00270494 7 
0.00260249 0.00268009 7 
0.00259921 0.00264223 7 
0.00259263 0.00281464 7 
0.00258204 0.00262377 7 
0.00257492 0.00258 7 
0.00257479 0.00265714 7 
0.00257465 0.00267696 7 
0.00257024 0.00276396 7 
0.00256957 0.00286037 7 
0.00256783 0.00271618 7 
0.0025675 0.00289277 7 
0.0025586 0.00265111 7 
0.0025513 0.00272154 7 
0.00255086 0.00260035 7 
0.00254657 0.00256263 7 
0.00254615 0.00275702 7 
0.00254204 0.0028566 7 
0.00253762 0.00260311 7 
0.00253554 0.00274623 7 
0.00253408 0.00274505 7 
0.00252685 0.00268806 7 
0.00252502 0.00273699 7 
0.00252408 0.00259048 7 
0.00252342 0.00257399 7 
0.00252271 0.0027356 7 
0.00252269 0.00255012 7 
0.00251774 0.00254134 7 
0.0025173 0.00252097 7 
0.00251346 0.00277281 7 
0.00251221 0.00260311 7 
0.00251117 0.00258745 7 
0.00251103 0.00262958 7 
0.00250238 0.00253187 7 
0.00249916 0.0026244 7 
0.00249858 0.00261184 7 
0.00249 0.00274493 7 
0.00248978 0.00270398 7 
0.00248813 0.00258552 7 
0.00248346 0.00275653 7 
0.00248284 0.00257817 7 
0.00248122 0.00259221 7 
0.00248081 0.00272841 7 
0.00247606 0.00258953 7 
0.00247503 0.00253671 7 
0.00247008 0.00268118 7 
0.00246737 0.00261654 7 
0.00246704 0.00249594 7 
0.00245329 0.00251743 7 
0.00245253 0.00255118 7 
0.00244601 0.00254134 7 
0.00244524 0.00249554 7 
0.00244005 0.002651 7 
0.00243899 0.00261921 7 
0.00243725 0.00255502 7 
0.0024347 0.00276164 7 
0.00243441 0.0024645 7 
0.00243403 0.00263128 7 
0.00243228 0.00283049 7 
0.00243047 0.00255542 7 
0.00243033 0.00259221 7 
0.00242837 0.00250713 7 
0.00242633 0.00258583 7 
0.00242402 0.00263544 7 
0.00241912 0.00259885 7 
0.0024182 0.00265881 7 
0.00241798 0.00253294 7 
0.0024147 0.00257781 7 
0.00241036 0.00268009 7 
0.00240827 0.0025281 7 
0.00240692 0.00258367 7 
0.00240674 0.00264784 7 
0.0024061 0.00248658 7 
0.00240599 0.00262647 7 
0.00240581 0.00241868 7 
0.00240534 0.00249802 7 
0.00239983 0.00253729 7 
0.00239865 0.00263251 7 
0.00238764 0.00258252 7 
0.00238116 0.00241521 7 
0.00238035 0.00268009 7 
0.00237883 0.00245868 7 
0.00236753 0.00251826 7 
0.00236738 0.00246984 7 
0.00236315 0.00250997 7 
0.00236223 0.00261858 7 
0.0023604 0.00276396 7 
0.00235383 0.00256395 7 
0.00234526 0.00255859 7 
0.00234304 0.00238504 7 
0.00233531 0.00249032 7 
0.00232796 0.00241521 7 
0.00232578 0.00234057 7 
0.00231715 0.00262532 7 
0.00231584 0.00251712 7 
0.00231237 0.00259629 7 
0.002305 0.00258745 7 
0.00230115 0.00245031 7 
0.00228803 0.00255148 7 
0.00228657 0.00238276 7 
0.00227949 0.00258252 7 
0.0022722 0.00228135 7 
0.00226766 0.00243885 7 
0.00226115 0.00268214 7 
0.00224912 0.00246021 7 
0.00223916 0.00250707 7 
0.00222769 0.00227157 7 
0.00222226 0.00234959 7 
0.00221741 0.00251712 7 
0.00219536 0.00258045 7 
0.00216976 0.00250997 7 
0.00216052 0.00228135 7 
0.00215755 0.00235043 7 
0.0015587 0.00156808 8 
0.0015494 0.00156975 8 
0.00152401 0.00154972 8 
0.0015235 0.00153951 8 
0.00148268 0.00148952 8 
0.0014732 0.00149899 8 
0.00145929 0.00149226 8 
0.00145592 0.00151004 8 
0.00144453 0.00148104 8 
0.00144347 0.0014597 8 
0.00142868 0.0015186 8 
0.00142546 0.00143593 8 
0.00142412 0.0014962 8 
0.00142022 0.00154337 8 
0.00142019 0.00154166 8 
0.00141684 0.00146765 8 
0.00141001 0.00157867 8 
0.0014006 0.00143906 8 
0.00139032 0.00146121 8 
0.0013899 0.00139449 8 
0.00138425 0.00139109 8 
0.00138207 0.00139739 8 
0.00138178 0.00140314 8 
0.00137846 0.00139739 8 
0.00137181 0.00137756 8 
0.0013682 0.00150604 8 
0.00136806 0.00144641 8 
0.00136791 0.00151396 8 
0.00136136 0.00148021 8 
0.00135959 0.00137399 8 
0.0013533 0.00135841 8 
0.00134992 0.00140872 8 
0.00134953 0.00135906 8 
0.00134785 0.00137075 8 
0.00134769 0.00141194 8 
0.00134754 0.00146758 8 
0.00134511 0.00136425 8 
0.00134478 0.00141433 8 
0.00133895 0.00135604 8 
0.00133836 0.00148937 8 
0.00133559 0.00140061 8 
0.00133337 0.00143746 8 
0.00132965 0.00148228 8 
0.0013284 0.00136867 8 
0.00132816 0.00133035 8 
0.00132618 0.00133733 8 
0.00132196 0.00141797 8 
0.00131948 0.00147563 8 
0.00131724 0.00132417 8 
0.00131033 0.00136079 8 
0.00130915 0.00135794 8 
0.00130521 0.00142967 8 
0.00130468 0.00137399 8 
0.00130371 0.00136857 8 
0.00130325 0.00140872 8 
0.00130311 0.00138958 8 
0.00129988 0.00134505 8 
0.00129923 0.00132691 8 
0.00129782 0.00140242 8 
0.00129709 0.00141883 8 
0.00129668 0.00135327 8 
0.00129598 0.00132963 8 
0.0012934 0.00129528 8 
0.00128986 0.0013274 8 
0.00128959 0.00130149 8 
0.00128913 0.00140877 8 
0.00128849 0.00135136 8 
0.00128847 0.00138696 8 
0.0012857 0.00132691 8 
0.00128365 0.00137461 8 
0.00128219 0.00130924 8 
0.00128022 0.00141908 8 
0.00127927 0.00128469 8 
0.00127917 0.00144755 8 
0.00127711 0.00133774 8 
0.00127274 0.00130791 8 
0.00126862 0.00133137 8 
0.00126383 0.00128179 8 
0.0012628 0.00132682 8 
0.00126078 0.0012975 8 
0.00126018 0.00133745 8 
0.00125999 0.00144405 8 
0.00125919 0.00133787 8 
0.00125832 0.0013227 8 
0.00125785 0.00138423 8 
0.00125657 0.0013227 8 
0.00125367 0.00133992 8 
0.00125329 0.00127233 8 
0.00125277 0.00131046 8 
0.00125077 0.00133 8 
0.00125045 0.00138941 8 
0.00125011 0.0013157 8 
0.00124972 0.00129528 8 
0.00124954 0.00134726 8 
0.00124937 0.00128373 8 
0.00124832 0.00143449 8 
0.00124656 0.00136645 8 
0.00124613 0.00125518 8 
0.00124151 0.0012979 8 
0.00123836 0.00137896 8 
0.0012377 0.00132916 8 
0.00123388 0.0012884 8 
0.0012337 0.00125648 8 
0.00123292 0.00124259 8 
0.00123129 0.00136348 8 
0.00123097 0.00127095 8 
0.00123047 0.0013159 8 
0.00122928 0.00139105 8 
0.00122559 0.00122698 8 
0.00122483 0.00130238 8 
0.00122355 0.001276 8 
0.00122 0.00122374 8 
0.00121615 0.00134155 8 
0.00121594 0.001317 8 
0.00121579 0.0014533 8 
0.00121508 0.00134726 8 
0.00121369 0.0013354 8 
0.001208 0.00133212 8 
0.0012079 0.0012792 8 
0.00120132 0.00122698 8 
0.001201 0.00127868 8 
0.0011992 0.00132599 8 
0.00119161 0.0012002 8 
0.00118705 0.00134155 8 
0.00118491 0.00119856 8 
0.00117414 0.00123941 8 
0.00117305 0.00130149 8 
0.00116912 0.00122773 8 
0.00116751 0.0013875 8 
0.00116075 0.00122773 8 
0.00114973 0.00115228 8 
0.00114854 0.00128469 8 
0.00114667 0.00131465 8 
0.00114505 0.00123393 8 
0.00114184 0.00130238 8 
0.00113991 0.00131438 8 
0.00113248 0.00115675 8 
0.00112447 0.0012792 8 
0.00112283 0.00130732 8 
0.00110677 0.00113956 8 
0.00109944 0.00119856 8 
0.000806413 0.000826188 9 
0.000766107 0.000781112 9 
0.000762942 0.000800945 9 
0.000760543 0.000776763 9 
0.000748447 0.000812059 9 
0.000745372 0.000834752 9 
0.000745265 0.00080309 9 
0.000742572 0.000816132 9 
0.000737143 0.000751073 9 
0.000737115 0.0007929 9 
0.000735851 0.000739514 9 
0.000735211 0.000745216 9 
0.000733003 0.000752937 9 
0.000728883 0.000758994 9 
0.000727005 0.0007277 9 
0.000724207 0.000811457 9 
0.000722241 0.000727319 9 
0.000720033 0.000735342 9 
0.000717246 0.000785239 9 
0.000712732 0.000786813 9 
0.000708272 0.000727049 9 
0.000708085 0.000719436 9 
0.000705955 0.000707624 9 
0.00070467 0.000722646 9 
0.000703445 0.0007066 9 
0.000703058 0.000773645 9 
0.000701901 0.000751907 9 
0.000700348 0.000757697 9 
0.000700195 0.000744973 9 
0.000699686 0.000723125 9 
0.000699442 0.000768898 9 
0.000693016 0.000736638 9 
0.000692862 0.000729675 9 
0.000691835 0.000719661 9 
0.000691591 0.000713946 9 
0.000691122 0.000691155 9 
0.000687674 0.000724822 9 
0.000684338 0.000743126 9 
0.000684051 0.000746829 9 
0.000683469 0.000691978 9 
0.000682769 0.000770883 9 
0.00068071 0.00069318 9 
0.000679518 0.000706152 9 
0.000678044 0.00068094 9 
0.000676543 0.000729675 9 
0.000676038 0.00069276 9 
0.000675723 0.000707572 9 
0.000675635 0.000713304 9 
0.000674758 0.000704795 9 
0.00067243 0.00068094 9 
0.00067243 0.000739358 9 
0.000672196 0.000711204 9 
0.000671365 0.00070308 9 
0.000671288 0.000702859 9 
0.000670621 0.000684022 9 
0.000668319 0.000726944 9 
0.000668081 0.000685649 9 
0.000666904 0.000734677 9 
0.00066673 0.000673068 9 
0.000666176 0.000679167 9 
0.000665791 0.000667828 9 
0.000664568 0.000700466 9 
0.000664545 0.000707293 9 
0.00066446 0.000738959 9 
0.000664145 0.000664502 9 
0.000663547 0.000764574 9 
0.000659705 0.000666409 9 
0.00065874 0.000687482 9 
0.000658575 0.000689554 9 
0.000658559 0.000698635 9 
0.00065839 0.000689943 9 
0.00065838 0.000680333 9 
0.000657337 0.000661675 9 
0.000656535 0.000759795 9 
0.000655942 0.000729697 9 
0.000654982 0.000721274 9 
0.000650613 0.000711289 9 
0.000649672 0.000649917 9 
0.000649396 0.000698092 9 
0.000647718 0.000732648 9 
0.000647435 0.000660118 9 
0.000647316 0.000652774 9 
0.000646349 0.000661675 9 
0.000646036 0.000654871 9 
0.000645322 0.000738915 9 
0.000644498 0.000657055 9 
0.000643445 0.000685918 9 
0.00064257 0.000687482 9 
0.000642231 0.000744973 9 
0.000641346 0.000669041 9 
0.000640188 0.000657807 9 
0.000638797 0.000683089 9 
0.000638398 0.000669191 9 
0.000638008 0.000696492 9 
0.00063772 0.000685902 9 
0.000637009 0.000657807 9 
0.000636567 0.000716859 9 
0.000636343 0.000646824 9 
0.00063391 0.000654417 9 
0.000633499 0.000637281 9 
0.000633475 0.00070087 9 
0.000632923 0.00067223 9 
0.000631479 0.000684925 9 
0.000631242 0.000761066 9 
0.00062951 0.000670721 9 
0.000628545 0.000701515 9 
0.000625445 0.000629721 9 
0.000624926 0.000661814 9 
0.000621962 0.000705227 9 
0.000613076 0.000637608 9 
0.000611985 0.000703217 9 
0.000609148 0.000644483 9 
0.000607848 0.00073383 9 
0.000603812 0.000620389 9 
0.000603365 0.000660938 9 
0.000600425 0.000679597 9 
0.000600183 0.000622639 9 
0.000599697 0.000622639 9 
0.000597189 0.000656622 9 
0.000595924 0.000658317 9 
0.000593551 0.000693628 9 
0.000589375 0.000603329 9 
0.0005879 0.000605285 9 
0.000584453 0.000589359 9 
0.000582183 0.000680166 9 
0.000579462 0.00066345 9 
0.000576694 0.000677507 9 
0.000575533 0.000576196 9 
0.000566062 0.000620389 9 
