0 0.493307 0 
0 0.494597 0 
0 0.495344 0 
0 0.495542 0 
0 0.49584 0 
0 0.496054 0 
0 0.496057 0 
0 0.49637 0 
0 0.496786 0 
0 0.497378 0 
0 0.497457 0 
0 0.497723 0 
0 0.498123 0 
0 0.49816 0 
0 0.498215 0 
0 0.49827 0 
0 0.498528 0 
0 0.498672 0 
0 0.498777 0 
0 0.498798 0 
0 0.4988 0 
0 0.498852 0 
0 0.498896 0 
0 0.498935 0 
0 0.499013 0 
0 0.499137 0 
0 0.499177 0 
0 0.499291 0 
0 0.499299 0 
0 0.4994 0 
0 0.499411 0 
0 0.499478 0 
0 0.499482 0 
0 0.499487 0 
0 0.499519 0 
0 0.499529 0 
0 0.499559 0 
0 0.49959 0 
0 0.49962 0 
0 0.499624 0 
0 0.499627 0 
0 0.499631 0 
0 0.499656 0 
0 0.499719 0 
0 0.499769 0 
0 0.499796 0 
0 0.499821 0 
0 0.500131 0 
0 0.500179 0 
0 0.500198 0 
0 0.500214 0 
0 0.50035 0 
0 0.500387 0 
0 0.500442 0 
0 0.500472 0 
0 0.500495 0 
0 0.500542 0 
0 0.500593 0 
0 0.500733 0 
0 0.500773 0 
0 0.500788 0 
0 0.500799 0 
0 0.500948 0 
0 0.500955 0 
0 0.500998 0 
0 0.501048 0 
0 0.501114 0 
0 0.501132 0 
0 0.501177 0 
0 0.501209 0 
0 0.501234 0 
0 0.50127 0 
0 0.501271 0 
0 0.501463 0 
0 0.50147 0 
0 0.501473 0 
0 0.501479 0 
0 0.501513 0 
0 0.501519 0 
0 0.501523 0 
0 0.501527 0 
0 0.501565 0 
0 0.501704 0 
0 0.501789 0 
0 0.501796 0 
0 0.501802 0 
0 0.50184 0 
0 0.501902 0 
0 0.501911 0 
0 0.501981 0 
0 0.502166 0 
0 0.502322 0 
0 0.502395 0 
0 0.502452 0 
0 0.502459 0 
0 0.502495 0 
0 0.50262 0 
0 0.502622 0 
0 0.502675 0 
0 0.502684 0 
0 0.5029 0 
0 0.502983 0 
0 0.503127 0 
0 0.503151 0 
0 0.503183 0 
0 0.503295 0 
0 0.503481 0 
0 0.503491 0 
0 0.503555 0 
0 0.50364 0 
0 0.503908 0 
0 0.50396 0 
0 0.504102 0 
0 0.504172 0 
0 0.504243 0 
0 0.504281 0 
0 0.504303 0 
0 0.504361 0 
0 0.504423 0 
0 0.504691 0 
0 0.504969 0 
0 0.505462 0 
0 0.506019 0 
0 0.506282 0 
0 0.519698 0 
0 0.520615 0 
0 0.522662 0 
0 inf 0 
0 0.181128 1 
0 0.181264 1 
0 0.182453 1 
0 0.182896 1 
0 0.18298 1 
0 0.183382 1 
0 0.183423 1 
0 0.183564 1 
0 0.18363 1 
0 0.183875 1 
0 0.184029 1 
0 0.184119 1 
0 0.184332 1 
0 0.184393 1 
0 0.184442 1 
0 0.184455 1 
0 0.184458 1 
0 0.1845 1 
0 0.184587 1 
0 0.184636 1 
0 0.184673 1 
0 0.184736 1 
0 0.184802 1 
0 0.184875 1 
0 0.185124 1 
0 0.185125 1 
0 0.18515 1 
0 0.185155 1 
0 0.185386 1 
0 0.185489 1 
0 0.185504 1 
0 0.185657 1 
0 0.185664 1 
0 0.185701 1 
0 0.185728 1 
0 0.185826 1 
0 0.185898 1 
0 0.185906 1 
0 0.185912 1 
0 0.185954 1 
0 0.186064 1 
0 0.186104 1 
0 0.186198 1 
0 0.186424 1 
0 0.1865 1 
0 0.186591 1 
0 0.186592 1 
0 0.186627 1 
0 0.186649 1 
0 0.186792 1 
0 0.18681 1 
0 0.186833 1 
0 0.18688 1 
0 0.187006 1 
0 0.187053 1 
0 0.187064 1 
0 0.187141 1 
0 0.187248 1 
0 0.187375 1 
0 0.187425 1 
0 0.187436 1 
0 0.187633 1 
0 0.187728 1 
0 0.187737 1 
0 0.187751 1 
0 0.187841 1 
0 0.187853 1 
0 0.187902 1 
0 0.187954 1 
0 0.187991 1 
0 0.188015 1 
0 0.188066 1 
0 0.188121 1 
0 0.188129 1 
0 0.188155 1 
0 0.188192 1 
0 0.188237 1 
0 0.188244 1 
0 0.188361 1 
0 0.188392 1 
0 0.188472 1 
0 0.188484 1 
0 0.188566 1 
0 0.188645 1 
0 0.188704 1 
0 0.188746 1 
0 0.188908 1 
0 0.188974 1 
0 0.188982 1 
0 0.189019 1 
0 0.189127 1 
0 0.189341 1 
0 0.189458 1 
0 0.189622 1 
0 0.189704 1 
0 0.189753 1 
0 0.189791 1 
0 0.189815 1 
0 0.19003 1 
0 0.190081 1 
0 0.190081 1 
0 0.190117 1 
0 0.19015 1 
0 0.190365 1 
0 0.190392 1 
0 0.190517 1 
0 0.190678 1 
0 0.19069 1 
0 0.190809 1 
0 0.190871 1 
0 0.191132 1 
0 0.191432 1 
0 0.19178 1 
0 0.19207 1 
0 0.192258 1 
0 0.192288 1 
0 0.192424 1 
0 0.19286 1 
0 0.193091 1 
0 0.19336 1 
0 0.193402 1 
0 0.193512 1 
0 0.194023 1 
0 0.195271 1 
0 0.240994 1 
0 0.245882 1 
0 0.247302 1 
0 inf 1 
0 0.0675622 2 
0 0.0690996 2 
0 0.0695065 2 
0 0.0703533 2 
0 0.0703634 2 
0 0.0704144 2 
0 0.0705631 2 
0 0.0706725 2 
0 0.0708218 2 
0 0.0710534 2 
0 0.0710538 2 
0 0.0710814 2 
0 0.0710878 2 
0 0.0710934 2 
0 0.0712292 2 
0 0.0712965 2 
0 0.0713006 2 
0 0.0714498 2 
0 0.0715087 2 
0 0.071554 2 
0 0.0715685 2 
0 0.0715793 2 
0 0.0715903 2 
0 0.0716768 2 
0 0.0717269 2 
0 0.0717593 2 
0 0.0717699 2 
0 0.0719089 2 
0 0.0719153 2 
0 0.0719686 2 
0 0.072039 2 
0 0.0721354 2 
0 0.0722311 2 
0 0.0723526 2 
0 0.072359 2 
0 0.0723856 2 
0 0.0725375 2 
0 0.0726003 2 
0 0.0726104 2 
0 0.0726806 2 
0 0.0727048 2 
0 0.0727338 2 
0 0.0729244 2 
0 0.0730625 2 
0 0.0730705 2 
0 0.0731326 2 
0 0.0731666 2 
0 0.0732398 2 
0 0.0733405 2 
0 0.0733456 2 
0 0.0735029 2 
0 0.0737909 2 
0 0.073853 2 
0 0.0739104 2 
0 0.0740062 2 
0 0.0740111 2 
0 0.0740188 2 
0 0.0740742 2 
0 0.0740816 2 
0 0.0741113 2 
0 0.0741686 2 
0 0.0741717 2 
0 0.074242 2 
0 0.0742584 2 
0 0.0742695 2 
0 0.0743297 2 
0 0.0743729 2 
0 0.0745651 2 
0 0.074584 2 
0 0.0746484 2 
0 0.0746697 2 
0 0.074691 2 
0 0.0747767 2 
0 0.0748853 2 
0 0.0750639 2 
0 0.0750752 2 
0 0.0750754 2 
0 0.0750972 2 
0 0.0751273 2 
0 0.0752339 2 
0 0.0752397 2 
0 0.0752633 2 
0 0.0752822 2 
0 0.0753794 2 
0 0.0754003 2 
0 0.0754065 2 
0 0.0754458 2 
0 0.075653 2 
0 0.075666 2 
0 0.0757743 2 
0 0.0757799 2 
0 0.0758142 2 
0 0.075982 2 
0 0.0760322 2 
0 0.0762486 2 
0 0.0762501 2 
0 0.0763235 2 
0 0.0763507 2 
0 0.0767057 2 
0 0.0769089 2 
0 0.0771645 2 
0 0.0772918 2 
0 0.0773338 2 
0 0.0774911 2 
0 0.077516 2 
0 0.0775577 2 
0 0.077564 2 
0 0.0775685 2 
0 0.0778368 2 
0 0.0781881 2 
0 0.0782647 2 
0 0.0784535 2 
0 0.0785064 2 
0 0.0785081 2 
0 0.0788219 2 
0 0.0791437 2 
0 0.0792252 2 
0 0.0793413 2 
0 0.0795458 2 
0 0.0796092 2 
0 0.0796461 2 
0 0.080195 2 
0 0.0806408 2 
0 0.081466 2 
0 0.155829 2 
0 0.164473 2 
0 0.165088 2 
0 inf 2 
0 0.0259125 3 
0 0.027399 3 
0 0.0278893 3 
0 0.0280749 3 
0 0.0284008 3 
0 0.0285996 3 
0 0.0286066 3 
0 0.0286431 3 
0 0.0286454 3 
0 0.0287194 3 
0 0.028876 3 
0 0.0289161 3 
0 0.028965 3 
0 0.0289702 3 
0 0.0289918 3 
0 0.0290871 3 
0 0.0291369 3 
0 0.0291816 3 
0 0.0291936 3 
0 0.0292258 3 
0 0.0292537 3 
0 0.0292819 3 
0 0.0292897 3 
0 0.0294001 3 
0 0.0294977 3 
0 0.029701 3 
0 0.0297183 3 
0 0.0297755 3 
0 0.0298188 3 
0 0.0298412 3 
0 0.0298669 3 
0 0.0298673 3 
0 0.0300076 3 
0 0.0300215 3 
0 0.0300873 3 
0 0.0302969 3 
0 0.0303206 3 
0 0.0303272 3 
0 0.0305029 3 
0 0.030552 3 
0 0.0306346 3 
0 0.030756 3 
0 0.0307704 3 
0 0.0307782 3 
0 0.0307851 3 
0 0.0308743 3 
0 0.0309878 3 
0 0.0309948 3 
0 0.0309949 3 
0 0.0310304 3 
0 0.031107 3 
0 0.0311579 3 
0 0.0312318 3 
0 0.0312342 3 
0 0.0312392 3 
0 0.0312539 3 
0 0.0312984 3 
0 0.0313736 3 
0 0.0313742 3 
0 0.0314704 3 
0 0.0315158 3 
0 0.031551 3 
0 0.0316526 3 
0 0.0317443 3 
0 0.0317504 3 
0 0.0317861 3 
0 0.0318471 3 
0 0.0318715 3 
0 0.0319728 3 
0 0.0320365 3 
0 0.0320738 3 
0 0.0320791 3 
0 0.0320966 3 
0 0.0321515 3 
0 0.0321681 3 
0 0.0322663 3 
0 0.0323006 3 
0 0.032301 3 
0 0.0323094 3 
0 0.0323889 3 
0 0.032468 3 
0 0.0325407 3 
0 0.032582 3 
0 0.0325872 3 
0 0.0327375 3 
0 0.0327849 3 
0 0.0328225 3 
0 0.0328815 3 
0 0.0329559 3 
0 0.0329936 3 
0 0.0330955 3 
0 0.0330981 3 
0 0.033139 3 
0 0.0332386 3 
0 0.0332729 3 
0 0.0335028 3 
0 0.0335633 3 
0 0.0336673 3 
0 0.0339293 3 
0 0.0339321 3 
0 0.0340744 3 
0 0.0342392 3 
0 0.0342763 3 
0 0.0342991 3 
0 0.0344338 3 
0 0.0344614 3 
0 0.0347951 3 
0 0.035066 3 
0 0.035109 3 
0 0.0351763 3 
0 0.0353099 3 
0 0.0354845 3 
0 0.035595 3 
0 0.0356166 3 
0 0.0356483 3 
0 0.035869 3 
0 0.0360031 3 
0 0.0360599 3 
0 0.0364549 3 
0 0.0365336 3 
0 0.0369063 3 
0 0.0369136 3 
0 0.0378632 3 
0 0.0388407 3 
0 0.122601 3 
0 0.130925 3 
0 0.135562 3 
0 inf 3 
0 0.0102761 4 
0 0.0112571 4 
0 0.0114126 4 
0 0.0115583 4 
0 0.0117472 4 
0 0.0118504 4 
0 0.0119163 4 
0 0.0119267 4 
0 0.0123034 4 
0 0.0123943 4 
0 0.0124023 4 
0 0.0124539 4 
0 0.0125173 4 
0 0.0126125 4 
0 0.0126326 4 
0 0.0126474 4 
0 0.0126898 4 
0 0.0127073 4 
0 0.0127425 4 
0 0.0127478 4 
0 0.0127933 4 
0 0.0129048 4 
0 0.0130108 4 
0 0.013062 4 
0 0.0130644 4 
0 0.0131457 4 
0 0.0131592 4 
0 0.0133587 4 
0 0.0134396 4 
0 0.013505 4 
0 0.0135645 4 
0 0.0135903 4 
0 0.0136092 4 
0 0.0136456 4 
0 0.0137912 4 
0 0.0137979 4 
0 0.0138792 4 
0 0.0138953 4 
0 0.0139497 4 
0 0.0139591 4 
0 0.013982 4 
0 0.0140059 4 
0 0.0140494 4 
0 0.014058 4 
0 0.0140796 4 
0 0.0141129 4 
0 0.0141455 4 
0 0.014169 4 
0 0.0141856 4 
0 0.0142123 4 
0 0.0142555 4 
0 0.0142878 4 
0 0.0142983 4 
0 0.0143039 4 
0 0.0143383 4 
0 0.014454 4 
0 0.0145147 4 
0 0.0145171 4 
0 0.0145474 4 
0 0.0145737 4 
0 0.0145792 4 
0 0.0146626 4 
0 0.0146754 4 
0 0.0147447 4 
0 0.0148956 4 
0 0.0151598 4 
0 0.0152178 4 
0 0.0152241 4 
0 0.0152273 4 
0 0.0152399 4 
0 0.0152532 4 
0 0.0152635 4 
0 0.01529 4 
0 0.0153345 4 
0 0.0153856 4 
0 0.0154044 4 
0 0.0154216 4 
0 0.0154222 4 
0 0.0154695 4 
0 0.0155418 4 
0 0.0155681 4 
0 0.0157002 4 
0 0.0157427 4 
0 0.0157522 4 
0 0.0157524 4 
0 0.0157877 4 
0 0.0158075 4 
0 0.0158666 4 
0 0.0159332 4 
0 0.0160789 4 
0 0.016094 4 
0 0.0161881 4 
0 0.0161986 4 
0 0.0162962 4 
0 0.0164387 4 
0 0.016494 4 
0 0.0165832 4 
0 0.0166724 4 
0 0.016845 4 
0 0.0168869 4 
0 0.0169284 4 
0 0.0170441 4 
0 0.0173013 4 
0 0.0173054 4 
0 0.017353 4 
0 0.0173984 4 
0 0.0175358 4 
0 0.0175438 4 
0 0.0175447 4 
0 0.0176994 4 
0 0.0177009 4 
0 0.0178925 4 
0 0.0181207 4 
0 0.0181635 4 
0 0.0187025 4 
0 0.0189222 4 
0 0.0189691 4 
0 0.0191786 4 
0 0.0193393 4 
0 0.0195461 4 
0 0.0196956 4 
0 0.019858 4 
0 0.0206248 4 
0 0.0208068 4 
0 0.103972 4 
0 0.113685 4 
0 0.11923 4 
0 inf 4 
0 0.00427914 5 
0 0.00482495 5 
0 0.00483692 5 
0 0.00501625 5 
0 0.0051025 5 
0 0.00520082 5 
0 0.00521057 5 
0 0.00521167 5 
0 0.00540944 5 
0 0.00553895 5 
0 0.00556503 5 
0 0.00558621 5 
0 0.005591 5 
0 0.00560341 5 
0 0.00563166 5 
0 0.00563697 5 
0 0.00564894 5 
0 0.00566552 5 
0 0.00579655 5 
0 0.00588278 5 
0 0.00592744 5 
0 0.00595513 5 
0 0.00595518 5 
0 0.00601067 5 
0 0.00604981 5 
0 0.00607009 5 
0 0.00607524 5 
0 0.00614564 5 
0 0.00630919 5 
0 0.00634615 5 
0 0.00636911 5 
0 0.00639328 5 
0 0.0064738 5 
0 0.00662802 5 
0 0.0066839 5 
0 0.00668749 5 
0 0.00669872 5 
0 0.00671252 5 
0 0.00678593 5 
0 0.00682289 5 
0 0.00686774 5 
0 0.00688567 5 
0 0.00689121 5 
0 0.00691918 5 
0 0.00704287 5 
0 0.00711953 5 
0 0.00719468 5 
0 0.00725697 5 
0 0.00726153 5 
0 0.00731022 5 
0 0.00734569 5 
0 0.00741715 5 
0 0.00741769 5 
0 0.00742903 5 
0 0.00743203 5 
0 0.0075014 5 
0 0.00751221 5 
0 0.00751803 5 
0 0.00753228 5 
0 0.00754303 5 
0 0.00759575 5 
0 0.00760936 5 
0 0.00763915 5 
0 0.00767285 5 
0 0.00774613 5 
0 0.00780557 5 
0 0.00782289 5 
0 0.00793952 5 
0 0.00796029 5 
0 0.00797216 5 
0 0.00801292 5 
0 0.00801339 5 
0 0.00804995 5 
0 0.00805339 5 
0 0.00805449 5 
0 0.00811912 5 
0 0.00812226 5 
0 0.00814083 5 
0 0.00814627 5 
0 0.00824384 5 
0 0.00824942 5 
0 0.00825346 5 
0 0.00827879 5 
0 0.00832862 5 
0 0.00838766 5 
0 0.00839153 5 
0 0.00839644 5 
0 0.00846757 5 
0 0.00851939 5 
0 0.00861191 5 
0 0.00883465 5 
0 0.00888732 5 
0 0.0089044 5 
0 0.00896371 5 
0 0.00918709 5 
0 0.00925292 5 
0 0.0092984 5 
0 0.00943385 5 
0 0.00960025 5 
0 0.00970143 5 
0 0.00988197 5 
0 0.00989211 5 
0 0.00994078 5 
0 0.0100546 5 
0 0.0101382 5 
0 0.0102989 5 
0 0.010347 5 
0 0.0103648 5 
0 0.010506 5 
0 0.0106063 5 
0 0.0107202 5 
0 0.010777 5 
0 0.0108267 5 
0 0.010858 5 
0 0.0109147 5 
0 0.0112475 5 
0 0.0113245 5 
0 0.0113748 5 
0 0.0114455 5 
0 0.0115661 5 
0 0.0117107 5 
0 0.0122715 5 
0 0.0130186 5 
0 0.0139931 5 
0 0.0914568 5 
0 0.101699 5 
0 0.107515 5 
0 inf 5 
0 0.00196554 6 
0 0.00218328 6 
0 0.00224639 6 
0 0.00231726 6 
0 0.00233942 6 
0 0.00237675 6 
0 0.00251302 6 
0 0.00252389 6 
0 0.00254298 6 
0 0.00257411 6 
0 0.00261978 6 
0 0.00264821 6 
0 0.00265115 6 
0 0.00269231 6 
0 0.00269531 6 
0 0.00273111 6 
0 0.00274853 6 
0 0.0027521 6 
0 0.00280989 6 
0 0.00282292 6 
0 0.00286275 6 
0 0.00297925 6 
0 0.00298593 6 
0 0.00299545 6 
0 0.00299988 6 
0 0.00300105 6 
0 0.00300778 6 
0 0.00311142 6 
0 0.00330014 6 
0 0.00330063 6 
0 0.00337721 6 
0 0.00339452 6 
0 0.00343121 6 
0 0.0034851 6 
0 0.00354561 6 
0 0.00354799 6 
0 0.00359796 6 
0 0.00360385 6 
0 0.00363196 6 
0 0.00367133 6 
0 0.00367688 6 
0 0.00367874 6 
0 0.00368323 6 
0 0.00370079 6 
0 0.00371234 6 
0 0.00377814 6 
0 0.00379404 6 
0 0.00382901 6 
0 0.003872 6 
0 0.00393559 6 
0 0.00396284 6 
0 0.00398551 6 
0 0.00399754 6 
0 0.0039995 6 
0 0.00404975 6 
0 0.00410309 6 
0 0.00410729 6 
0 0.00417948 6 
0 0.00418751 6 
0 0.00421347 6 
0 0.00421578 6 
0 0.00431054 6 
0 0.00434856 6 
0 0.00436689 6 
0 0.00440458 6 
0 0.00443711 6 
0 0.00452343 6 
0 0.00454896 6 
0 0.00455682 6 
0 0.00456273 6 
0 0.00459 6 
0 0.00470127 6 
0 0.00485461 6 
0 0.00485572 6 
0 0.00487445 6 
0 0.00488151 6 
0 0.00489686 6 
0 0.0049539 6 
0 0.00498776 6 
0 0.00499787 6 
0 0.00504049 6 
0 0.00505437 6 
0 0.00508927 6 
0 0.00509979 6 
0 0.00515538 6 
0 0.00527697 6 
0 0.00532028 6 
0 0.00533111 6 
0 0.00536492 6 
0 0.00543998 6 
0 0.00552593 6 
0 0.00560037 6 
0 0.00560947 6 
0 0.00569093 6 
0 0.00580889 6 
0 0.00581738 6 
0 0.00584709 6 
0 0.00597052 6 
0 0.00624564 6 
0 0.00632671 6 
0 0.00637635 6 
0 0.00656883 6 
0 0.00668867 6 
0 0.0067852 6 
0 0.00686279 6 
0 0.00713002 6 
0 0.00722372 6 
0 0.00725689 6 
0 0.00726804 6 
0 0.00748201 6 
0 0.00768522 6 
0 0.00773431 6 
0 0.00773599 6 
0 0.00793063 6 
0 0.00818778 6 
0 0.00848438 6 
0 0.00854426 6 
0 0.00873978 6 
0 0.00877265 6 
0 0.00893754 6 
0 0.00895439 6 
0 0.00908065 6 
0 0.0102887 6 
0 0.0113668 6 
0 0.0814055 6 
0 0.0916444 6 
0 0.097663 6 
0 inf 6 
0 0.00109938 7 
0 0.001149 7 
0 0.00116502 7 
0 0.00117212 7 
0 0.0012174 7 
0 0.00125588 7 
0 0.00129937 7 
0 0.00133645 7 
0 0.00133889 7 
0 0.0013508 7 
0 0.00137716 7 
0 0.00141763 7 
0 0.00141906 7 
0 0.00146726 7 
0 0.0014711 7 
0 0.00150711 7 
0 0.00150789 7 
0 0.00151723 7 
0 0.0015328 7 
0 0.00155731 7 
0 0.00158868 7 
0 0.00164082 7 
0 0.00164239 7 
0 0.00164317 7 
0 0.00166501 7 
0 0.00167717 7 
0 0.00167869 7 
0 0.00171074 7 
0 0.00189144 7 
0 0.00195559 7 
0 0.00198309 7 
0 0.00200936 7 
0 0.00202474 7 
0 0.00205899 7 
0 0.00207259 7 
0 0.00208314 7 
0 0.00209793 7 
0 0.00210625 7 
0 0.00215646 7 
0 0.00217655 7 
0 0.00219688 7 
0 0.00224409 7 
0 0.00225639 7 
0 0.00235899 7 
0 0.00236999 7 
0 0.00237237 7 
0 0.00239741 7 
0 0.00239766 7 
0 0.00239812 7 
0 0.00242751 7 
0 0.00245367 7 
0 0.00250441 7 
0 0.00252631 7 
0 0.00253023 7 
0 0.00255509 7 
0 0.00255953 7 
0 0.00257395 7 
0 0.00260618 7 
0 0.00260778 7 
0 0.00264775 7 
0 0.00267099 7 
0 0.00269286 7 
0 0.00273893 7 
0 0.00275462 7 
0 0.00277436 7 
0 0.00281602 7 
0 0.00288538 7 
0 0.00289998 7 
0 0.00290875 7 
0 0.00297016 7 
0 0.00298652 7 
0 0.00305708 7 
0 0.00308285 7 
0 0.00313787 7 
0 0.00345073 7 
0 0.00345898 7 
0 0.00346159 7 
0 0.0034714 7 
0 0.00358279 7 
0 0.00359362 7 
0 0.00359943 7 
0 0.00382488 7 
0 0.00384498 7 
0 0.00384802 7 
0 0.00386869 7 
0 0.00387945 7 
0 0.00396927 7 
0 0.00410758 7 
0 0.00417163 7 
0 0.00419721 7 
0 0.00420954 7 
0 0.00421676 7 
0 0.0044591 7 
0 0.00451474 7 
0 0.00455385 7 
0 0.00465057 7 
0 0.00475435 7 
0 0.00491104 7 
0 0.00495094 7 
0 0.00507156 7 
0 0.00508339 7 
0 0.00517346 7 
0 0.00521136 7 
0 0.00534233 7 
0 0.00548271 7 
0 0.00553299 7 
0 0.00575901 7 
0 0.00579688 7 
0 0.00594073 7 
0 0.0062623 7 
0 0.00639712 7 
0 0.00643742 7 
0 0.00672619 7 
0 0.00673328 7 
0 0.00692524 7 
0 0.00713718 7 
0 0.00733605 7 
0 0.00744491 7 
0 0.00751676 7 
0 0.00770421 7 
0 0.00774417 7 
0 0.00787142 7 
0 0.00901414 7 
0 0.00999803 7 
0 0.0727895 7 
0 0.0828406 7 
0 0.0889794 7 
0 inf 7 
0 0.000651491 8 
0 0.000656455 8 
0 0.000679138 8 
0 0.000728867 8 
0 0.000735536 8 
0 0.000744132 8 
0 0.000780166 8 
0 0.000783845 8 
0 0.000799067 8 
0 0.000817116 8 
0 0.000898599 8 
0 0.00090745 8 
0 0.000913747 8 
0 0.000917426 8 
0 0.000918888 8 
0 0.000952781 8 
0 0.000997307 8 
0 0.00101471 8 
0 0.00103445 8 
0 0.00104182 8 
0 0.00105035 8 
0 0.00106939 8 
0 0.00107162 8 
0 0.00113668 8 
0 0.00114095 8 
0 0.00117731 8 
0 0.00120455 8 
0 0.00120713 8 
0 0.00121083 8 
0 0.00121638 8 
0 0.00121873 8 
0 0.00123701 8 
0 0.00128952 8 
0 0.00129852 8 
0 0.00131529 8 
0 0.00135262 8 
0 0.00141781 8 
0 0.00145663 8 
0 0.0015251 8 
0 0.00155574 8 
0 0.00157539 8 
0 0.00159724 8 
0 0.0016462 8 
0 0.00165248 8 
0 0.001666 8 
0 0.00166995 8 
0 0.0016999 8 
0 0.00170262 8 
0 0.00172324 8 
0 0.00172647 8 
0 0.00173055 8 
0 0.00179438 8 
0 0.00183868 8 
0 0.00185956 8 
0 0.00187883 8 
0 0.00195821 8 
0 0.00198597 8 
0 0.0019945 8 
0 0.00201292 8 
0 0.00201357 8 
0 0.00202443 8 
0 0.00203693 8 
0 0.00206429 8 
0 0.00207241 8 
0 0.00208752 8 
0 0.00211499 8 
0 0.00214178 8 
0 0.0021739 8 
0 0.00221254 8 
0 0.00224199 8 
0 0.00229214 8 
0 0.0023362 8 
0 0.00238366 8 
0 0.00239907 8 
0 0.00257546 8 
0 0.00258446 8 
0 0.00266724 8 
0 0.00291594 8 
0 0.00299465 8 
0 0.0030153 8 
0 0.00316439 8 
0 0.00321123 8 
0 0.00325206 8 
0 0.00331085 8 
0 0.00331123 8 
0 0.00331282 8 
0 0.00336065 8 
0 0.00339617 8 
0 0.00341049 8 
0 0.00349724 8 
0 0.00354174 8 
0 0.00358784 8 
0 0.00365139 8 
0 0.00392605 8 
0 0.00404048 8 
0 0.00409247 8 
0 0.00429389 8 
0 0.00433453 8 
0 0.0043457 8 
0 0.00438119 8 
0 0.00446393 8 
0 0.00446424 8 
0 0.00447589 8 
0 0.00467297 8 
0 0.00471851 8 
0 0.00484457 8 
0 0.00496833 8 
0 0.00502352 8 
0 0.00529606 8 
0 0.00549971 8 
0 0.00552744 8 
0 0.00564669 8 
0 0.00587398 8 
0 0.00599279 8 
0 0.00626291 8 
0 0.00628213 8 
0 0.00662058 8 
0 0.00662486 8 
0 0.00666574 8 
0 0.00684106 8 
0 0.00691919 8 
0 0.0070878 8 
0 0.0081901 8 
0 0.00902425 8 
0 0.0652496 8 
0 0.0750016 8 
0 0.0812236 8 
0 inf 8 
0 0.000374539 9 
0 0.000424228 9 
0 0.000453974 9 
0 0.000459741 9 
0 0.000491628 9 
0 0.000514259 9 
0 0.000567059 9 
0 0.000583678 9 
0 0.000601352 9 
0 0.000602028 9 
0 0.000608322 9 
0 0.000638881 9 
0 0.000654921 9 
0 0.000715566 9 
0 0.000737205 9 
0 0.000752386 9 
0 0.000754201 9 
0 0.000759662 9 
0 0.000776466 9 
0 0.000814656 9 
0 0.000824262 9 
0 0.000839858 9 
0 0.000840864 9 
0 0.000863989 9 
0 0.000868216 9 
0 0.000883296 9 
0 0.000887548 9 
0 0.000935074 9 
0 0.000957076 9 
0 0.000958304 9 
0 0.000981126 9 
0 0.0009814 9 
0 0.00099423 9 
0 0.00102783 9 
0 0.0010321 9 
0 0.00104646 9 
0 0.00105372 9 
0 0.00106784 9 
0 0.00107449 9 
0 0.00112695 9 
0 0.00125362 9 
0 0.00127292 9 
0 0.00128689 9 
0 0.00129616 9 
0 0.00131989 9 
0 0.00135514 9 
0 0.00143426 9 
0 0.00144189 9 
0 0.0014419 9 
0 0.00144827 9 
0 0.00153362 9 
0 0.00153657 9 
0 0.00153746 9 
0 0.00153851 9 
0 0.00155109 9 
0 0.00159439 9 
0 0.00163699 9 
0 0.00171566 9 
0 0.00171695 9 
0 0.00172942 9 
0 0.00174865 9 
0 0.0017499 9 
0 0.00175602 9 
0 0.00178748 9 
0 0.00179801 9 
0 0.00183138 9 
0 0.00186452 9 
0 0.00187509 9 
0 0.00192362 9 
0 0.00196507 9 
0 0.00197881 9 
0 0.00200148 9 
0 0.0020396 9 
0 0.00206541 9 
0 0.00215758 9 
0 0.00215791 9 
0 0.0022995 9 
0 0.00255316 9 
0 0.00260767 9 
0 0.00267442 9 
0 0.00268953 9 
0 0.00283232 9 
0 0.00287156 9 
0 0.00288073 9 
0 0.00288326 9 
0 0.00289553 9 
0 0.00293648 9 
0 0.00303008 9 
0 0.00308834 9 
0 0.00311326 9 
0 0.00318101 9 
0 0.00323122 9 
0 0.00326059 9 
0 0.00350494 9 
0 0.00367411 9 
0 0.00368254 9 
0 0.00377296 9 
0 0.00388889 9 
0 0.0039027 9 
0 0.00394783 9 
0 0.00397773 9 
0 0.00401286 9 
0 0.00408283 9 
0 0.00417771 9 
0 0.00423453 9 
0 0.00434456 9 
0 0.00442858 9 
0 0.00451883 9 
0 0.00482548 9 
0 0.00487902 9 
0 0.00495703 9 
0 0.00507444 9 
0 0.00525858 9 
0 0.00541563 9 
0 0.00564167 9 
0 0.00567629 9 
0 0.00597259 9 
0 0.00597535 9 
0 0.00604647 9 
0 0.00613409 9 
0 0.00623991 9 
0 0.0064559 9 
0 0.00728135 9 
0 0.00820865 9 
0 0.0586062 9 
0 0.0679805 9 
0 0.0742639 9 
0 inf 9 
