0 0.491871 0 
0 0.493776 0 
0 0.493873 0 
0 0.494356 0 
0 0.496533 0 
0 0.497201 0 
0 0.497806 0 
0 0.499722 0 
0 0.500015 0 
0 0.500432 0 
0 0.500826 0 
0 0.501171 0 
0 0.501175 0 
0 0.501304 0 
0 0.501676 0 
0 0.502291 0 
0 0.502645 0 
0 0.502668 0 
0 0.503449 0 
0 0.503486 0 
0 0.50357 0 
0 0.503942 0 
0 0.503948 0 
0 0.504228 0 
0 0.504727 0 
0 0.505065 0 
0 0.505065 0 
0 0.505133 0 
0 0.505552 0 
0 0.505584 0 
0 0.505632 0 
0 0.50566 0 
0 0.505742 0 
0 0.505776 0 
0 0.505864 0 
0 0.505978 0 
0 0.50601 0 
0 0.506143 0 
0 0.506243 0 
0 0.506634 0 
0 0.506636 0 
0 0.506672 0 
0 0.506707 0 
0 0.506769 0 
0 0.506897 0 
0 0.507007 0 
0 0.507078 0 
0 0.507111 0 
0 0.507249 0 
0 0.507262 0 
0 0.507595 0 
0 0.507646 0 
0 0.507647 0 
0 0.507698 0 
0 0.507776 0 
0 0.507829 0 
0 0.507911 0 
0 0.507975 0 
0 0.507987 0 
0 0.508073 0 
0 0.508115 0 
0 0.50813 0 
0 0.508179 0 
0 0.508223 0 
0 0.508291 0 
0 0.508344 0 
0 0.508588 0 
0 0.50859 0 
0 0.508829 0 
0 0.508829 0 
0 0.508884 0 
0 0.508933 0 
0 0.508934 0 
0 0.50896 0 
0 0.509046 0 
0 0.509071 0 
0 0.509134 0 
0 0.50919 0 
0 0.509207 0 
0 0.509286 0 
0 0.5095 0 
0 0.509513 0 
0 0.509523 0 
0 0.50954 0 
0 0.509634 0 
0 0.509649 0 
0 0.509722 0 
0 0.509759 0 
0 0.509766 0 
0 0.509787 0 
0 0.509809 0 
0 0.509815 0 
0 0.509988 0 
0 0.510153 0 
0 0.510247 0 
0 0.510261 0 
0 0.510266 0 
0 0.510307 0 
0 0.510311 0 
0 0.510432 0 
0 0.510713 0 
0 0.51075 0 
0 0.510754 0 
0 0.51076 0 
0 0.510888 0 
0 0.510979 0 
0 0.510995 0 
0 0.511035 0 
0 0.511101 0 
0 0.51111 0 
0 0.511185 0 
0 0.511187 0 
0 0.511257 0 
0 0.51126 0 
0 0.511308 0 
0 0.511435 0 
0 0.511512 0 
0 0.511854 0 
0 0.511877 0 
0 0.511893 0 
0 0.512333 0 
0 0.512371 0 
0 0.512385 0 
0 0.512937 0 
0 0.513414 0 
0 0.513427 0 
0 0.514345 0 
0 inf 0 
0 0.193027 1 
0 0.195443 1 
0 0.1956 1 
0 0.196666 1 
0 0.197337 1 
0 0.197693 1 
0 0.197703 1 
0 0.198028 1 
0 0.198028 1 
0 0.198107 1 
0 0.19816 1 
0 0.198354 1 
0 0.198523 1 
0 0.198689 1 
0 0.198834 1 
0 0.199094 1 
0 0.199105 1 
0 0.199161 1 
0 0.199215 1 
0 0.199359 1 
0 0.199496 1 
0 0.199635 1 
0 0.199842 1 
0 0.199883 1 
0 0.200052 1 
0 0.200067 1 
0 0.200077 1 
0 0.200139 1 
0 0.200169 1 
0 0.20019 1 
0 0.200205 1 
0 0.200292 1 
0 0.200398 1 
0 0.20049 1 
0 0.20062 1 
0 0.200783 1 
0 0.201012 1 
0 0.201024 1 
0 0.201058 1 
0 0.201128 1 
0 0.201172 1 
0 0.201244 1 
0 0.201326 1 
0 0.201347 1 
0 0.201372 1 
0 0.201418 1 
0 0.201425 1 
0 0.201442 1 
0 0.201449 1 
0 0.201459 1 
0 0.20162 1 
0 0.201626 1 
0 0.201671 1 
0 0.201698 1 
0 0.201798 1 
0 0.201799 1 
0 0.201811 1 
0 0.201839 1 
0 0.20186 1 
0 0.201895 1 
0 0.20192 1 
0 0.201989 1 
0 0.202085 1 
0 0.202104 1 
0 0.202143 1 
0 0.202213 1 
0 0.202216 1 
0 0.202249 1 
0 0.202256 1 
0 0.202281 1 
0 0.202293 1 
0 0.202351 1 
0 0.202352 1 
0 0.20236 1 
0 0.202363 1 
0 0.202373 1 
0 0.202374 1 
0 0.202376 1 
0 0.202383 1 
0 0.202404 1 
0 0.202443 1 
0 0.202496 1 
0 0.202547 1 
0 0.202603 1 
0 0.202606 1 
0 0.202629 1 
0 0.202653 1 
0 0.202674 1 
0 0.202676 1 
0 0.202721 1 
0 0.202725 1 
0 0.202735 1 
0 0.202738 1 
0 0.20274 1 
0 0.20274 1 
0 0.202783 1 
0 0.202827 1 
0 0.202858 1 
0 0.202867 1 
0 0.202953 1 
0 0.203149 1 
0 0.203156 1 
0 0.203199 1 
0 0.203341 1 
0 0.203381 1 
0 0.203446 1 
0 0.203576 1 
0 0.203638 1 
0 0.203673 1 
0 0.203676 1 
0 0.203731 1 
0 0.203741 1 
0 0.203745 1 
0 0.203822 1 
0 0.203869 1 
0 0.203882 1 
0 0.20389 1 
0 0.204029 1 
0 0.204274 1 
0 0.20442 1 
0 0.204468 1 
0 0.204643 1 
0 0.204863 1 
0 0.204897 1 
0 0.205012 1 
0 0.205199 1 
0 0.205269 1 
0 inf 1 
0 0.0805238 2 
0 0.0806288 2 
0 0.081608 2 
0 0.082028 2 
0 0.0823953 2 
0 0.0829768 2 
0 0.0830237 2 
0 0.0832585 2 
0 0.0833002 2 
0 0.0833027 2 
0 0.0833122 2 
0 0.0834342 2 
0 0.0834382 2 
0 0.0835381 2 
0 0.0837383 2 
0 0.0841699 2 
0 0.0842453 2 
0 0.0843527 2 
0 0.0844091 2 
0 0.084436 2 
0 0.0849151 2 
0 0.0849574 2 
0 0.0849877 2 
0 0.084991 2 
0 0.085003 2 
0 0.0850252 2 
0 0.0850395 2 
0 0.0850974 2 
0 0.0851034 2 
0 0.0851413 2 
0 0.0851846 2 
0 0.0852533 2 
0 0.0852684 2 
0 0.0853228 2 
0 0.0854412 2 
0 0.0855074 2 
0 0.0855695 2 
0 0.0856045 2 
0 0.085625 2 
0 0.0856282 2 
0 0.085659 2 
0 0.0856633 2 
0 0.0856694 2 
0 0.0856791 2 
0 0.0857219 2 
0 0.0857268 2 
0 0.0858263 2 
0 0.0858366 2 
0 0.0858413 2 
0 0.0858883 2 
0 0.0858916 2 
0 0.0860713 2 
0 0.0861403 2 
0 0.0861448 2 
0 0.0861597 2 
0 0.0861642 2 
0 0.0862738 2 
0 0.0863082 2 
0 0.086382 2 
0 0.0864105 2 
0 0.0864492 2 
0 0.0864702 2 
0 0.086479 2 
0 0.0864806 2 
0 0.0864958 2 
0 0.0865052 2 
0 0.0865376 2 
0 0.0866037 2 
0 0.0866045 2 
0 0.0866351 2 
0 0.0866766 2 
0 0.0866948 2 
0 0.0867774 2 
0 0.0867834 2 
0 0.0867884 2 
0 0.0867945 2 
0 0.0868026 2 
0 0.086845 2 
0 0.0868701 2 
0 0.0868883 2 
0 0.086898 2 
0 0.086908 2 
0 0.0869246 2 
0 0.0869465 2 
0 0.0869544 2 
0 0.086974 2 
0 0.0869842 2 
0 0.0869921 2 
0 0.0870194 2 
0 0.087109 2 
0 0.0871283 2 
0 0.0871296 2 
0 0.0872264 2 
0 0.0872639 2 
0 0.0872779 2 
0 0.0873192 2 
0 0.0873267 2 
0 0.0873394 2 
0 0.0873855 2 
0 0.0874346 2 
0 0.0875664 2 
0 0.087588 2 
0 0.0876066 2 
0 0.0876881 2 
0 0.0877348 2 
0 0.0878167 2 
0 0.0878462 2 
0 0.0879012 2 
0 0.0879041 2 
0 0.088076 2 
0 0.0881284 2 
0 0.0881457 2 
0 0.0881487 2 
0 0.0881998 2 
0 0.0882786 2 
0 0.0883033 2 
0 0.0884335 2 
0 0.0887073 2 
0 0.088727 2 
0 0.0889049 2 
0 0.0894162 2 
0 0.0895126 2 
0 0.0900492 2 
0 0.090418 2 
0 0.0904958 2 
0 0.0909042 2 
0 0.0916084 2 
0 inf 2 
0 0.0348942 3 
0 0.0354821 3 
0 0.0357438 3 
0 0.0363556 3 
0 0.0364654 3 
0 0.0364927 3 
0 0.0368245 3 
0 0.0369832 3 
0 0.0369951 3 
0 0.037158 3 
0 0.0372262 3 
0 0.0373186 3 
0 0.0373278 3 
0 0.0374206 3 
0 0.0374246 3 
0 0.0375022 3 
0 0.0376688 3 
0 0.0377591 3 
0 0.0377779 3 
0 0.0378112 3 
0 0.0378904 3 
0 0.0379097 3 
0 0.0379199 3 
0 0.0380238 3 
0 0.0380491 3 
0 0.0380598 3 
0 0.0380658 3 
0 0.0380774 3 
0 0.0381219 3 
0 0.0381805 3 
0 0.038311 3 
0 0.0383168 3 
0 0.0383237 3 
0 0.0383814 3 
0 0.0384274 3 
0 0.0384673 3 
0 0.0384738 3 
0 0.038495 3 
0 0.038585 3 
0 0.0385898 3 
0 0.0386044 3 
0 0.0386276 3 
0 0.0386749 3 
0 0.0387083 3 
0 0.0387119 3 
0 0.0387561 3 
0 0.0387879 3 
0 0.0388223 3 
0 0.0388908 3 
0 0.0388942 3 
0 0.0389607 3 
0 0.0389659 3 
0 0.0389833 3 
0 0.0389852 3 
0 0.0390485 3 
0 0.0391009 3 
0 0.0391119 3 
0 0.0391201 3 
0 0.039125 3 
0 0.0391534 3 
0 0.0391679 3 
0 0.0392293 3 
0 0.0392632 3 
0 0.0392638 3 
0 0.0392678 3 
0 0.0393211 3 
0 0.039333 3 
0 0.039364 3 
0 0.0393803 3 
0 0.039411 3 
0 0.0394137 3 
0 0.0394196 3 
0 0.0394621 3 
0 0.0394746 3 
0 0.0394763 3 
0 0.0394773 3 
0 0.0395055 3 
0 0.0395128 3 
0 0.0395432 3 
0 0.0395465 3 
0 0.0395637 3 
0 0.0395793 3 
0 0.039592 3 
0 0.0395949 3 
0 0.0396106 3 
0 0.0396544 3 
0 0.0396725 3 
0 0.03968 3 
0 0.0397095 3 
0 0.039734 3 
0 0.0397519 3 
0 0.03977 3 
0 0.0398425 3 
0 0.039879 3 
0 0.0398811 3 
0 0.0399208 3 
0 0.039926 3 
0 0.039999 3 
0 0.0400352 3 
0 0.0400374 3 
0 0.0400803 3 
0 0.0401208 3 
0 0.0401386 3 
0 0.0401859 3 
0 0.0402419 3 
0 0.0403467 3 
0 0.0403527 3 
0 0.0403535 3 
0 0.0404513 3 
0 0.0405895 3 
0 0.0406355 3 
0 0.0406496 3 
0 0.0407337 3 
0 0.0408269 3 
0 0.0408454 3 
0 0.040997 3 
0 0.041038 3 
0 0.0412011 3 
0 0.041482 3 
0 0.041517 3 
0 0.0415215 3 
0 0.0416958 3 
0 0.0419307 3 
0 0.0425224 3 
0 0.0428945 3 
0 0.0430345 3 
0 0.0443573 3 
0 inf 3 
0 0.0157348 4 
0 0.0158491 4 
0 0.0163134 4 
0 0.0165838 4 
0 0.0168996 4 
0 0.0170502 4 
0 0.0171684 4 
0 0.0171947 4 
0 0.0173601 4 
0 0.017369 4 
0 0.0174116 4 
0 0.0174306 4 
0 0.0174313 4 
0 0.0174395 4 
0 0.0174944 4 
0 0.0175284 4 
0 0.0175764 4 
0 0.0176043 4 
0 0.0176283 4 
0 0.0176494 4 
0 0.017658 4 
0 0.01767 4 
0 0.0176848 4 
0 0.0177071 4 
0 0.0177135 4 
0 0.017723 4 
0 0.017743 4 
0 0.0178078 4 
0 0.0178261 4 
0 0.0178423 4 
0 0.0178697 4 
0 0.0179602 4 
0 0.0179766 4 
0 0.018007 4 
0 0.0180099 4 
0 0.0180189 4 
0 0.0180549 4 
0 0.0181312 4 
0 0.0181534 4 
0 0.0181841 4 
0 0.0182146 4 
0 0.0182268 4 
0 0.0182324 4 
0 0.0182409 4 
0 0.0182684 4 
0 0.01827 4 
0 0.0182704 4 
0 0.0182742 4 
0 0.018283 4 
0 0.0183385 4 
0 0.0183727 4 
0 0.0184231 4 
0 0.0184526 4 
0 0.0184533 4 
0 0.0184619 4 
0 0.0184793 4 
0 0.0185051 4 
0 0.0185059 4 
0 0.018525 4 
0 0.0185272 4 
0 0.0185434 4 
0 0.0185937 4 
0 0.0186126 4 
0 0.0186165 4 
0 0.018633 4 
0 0.0186404 4 
0 0.01866 4 
0 0.0186682 4 
0 0.0186786 4 
0 0.0186964 4 
0 0.0187163 4 
0 0.0187165 4 
0 0.0187174 4 
0 0.0187261 4 
0 0.0187626 4 
0 0.018773 4 
0 0.0187852 4 
0 0.0187903 4 
0 0.018811 4 
0 0.0188132 4 
0 0.0188192 4 
0 0.0188273 4 
0 0.0188558 4 
0 0.018869 4 
0 0.0188703 4 
0 0.0188738 4 
0 0.0189018 4 
0 0.0189161 4 
0 0.0189241 4 
0 0.0189631 4 
0 0.0189662 4 
0 0.0189881 4 
0 0.0189902 4 
0 0.0190185 4 
0 0.0190233 4 
0 0.019038 4 
0 0.0190666 4 
0 0.0191039 4 
0 0.0191177 4 
0 0.0191392 4 
0 0.0191719 4 
0 0.0192294 4 
0 0.0192411 4 
0 0.0192703 4 
0 0.0192889 4 
0 0.0193101 4 
0 0.0193846 4 
0 0.0193881 4 
0 0.0194142 4 
0 0.0194156 4 
0 0.0195575 4 
0 0.0195645 4 
0 0.0195696 4 
0 0.0195983 4 
0 0.019711 4 
0 0.0198193 4 
0 0.0199294 4 
0 0.0200483 4 
0 0.0202133 4 
0 0.0202533 4 
0 0.0202644 4 
0 0.0203436 4 
0 0.0205048 4 
0 0.020894 4 
0 0.0210965 4 
0 0.0211748 4 
0 0.0224987 4 
0 inf 4 
0 0.00730326 5 
0 0.00732344 5 
0 0.00768255 5 
0 0.00777421 5 
0 0.00800721 5 
0 0.00817683 5 
0 0.00817803 5 
0 0.00825744 5 
0 0.00827754 5 
0 0.00827939 5 
0 0.00828702 5 
0 0.00832401 5 
0 0.00841199 5 
0 0.00843697 5 
0 0.00844453 5 
0 0.00844483 5 
0 0.0084549 5 
0 0.00845695 5 
0 0.00847804 5 
0 0.00847909 5 
0 0.00852661 5 
0 0.00854775 5 
0 0.00855889 5 
0 0.00858643 5 
0 0.00858775 5 
0 0.00859318 5 
0 0.00862048 5 
0 0.00863295 5 
0 0.00867353 5 
0 0.008695 5 
0 0.00869567 5 
0 0.00869896 5 
0 0.00872634 5 
0 0.00874709 5 
0 0.00875035 5 
0 0.00878381 5 
0 0.00878973 5 
0 0.00881298 5 
0 0.00881505 5 
0 0.00882745 5 
0 0.00884474 5 
0 0.00885495 5 
0 0.00886779 5 
0 0.00888083 5 
0 0.00888416 5 
0 0.0089 5 
0 0.00890668 5 
0 0.00891474 5 
0 0.00894054 5 
0 0.00895232 5 
0 0.00896281 5 
0 0.00896456 5 
0 0.00896522 5 
0 0.00897869 5 
0 0.00897876 5 
0 0.00898422 5 
0 0.00900032 5 
0 0.00900152 5 
0 0.00900906 5 
0 0.00901455 5 
0 0.00903228 5 
0 0.00904827 5 
0 0.00904994 5 
0 0.00905728 5 
0 0.00909561 5 
0 0.00910784 5 
0 0.00911037 5 
0 0.00913482 5 
0 0.00913486 5 
0 0.00915543 5 
0 0.00915553 5 
0 0.00916032 5 
0 0.00916155 5 
0 0.00917299 5 
0 0.00918082 5 
0 0.00918436 5 
0 0.00918618 5 
0 0.00921347 5 
0 0.0092135 5 
0 0.00922467 5 
0 0.00922723 5 
0 0.00923778 5 
0 0.00923831 5 
0 0.00925921 5 
0 0.00925932 5 
0 0.00926205 5 
0 0.00926581 5 
0 0.00927451 5 
0 0.00928037 5 
0 0.0092815 5 
0 0.00928801 5 
0 0.00933107 5 
0 0.00935641 5 
0 0.00936 5 
0 0.00938835 5 
0 0.00943246 5 
0 0.00944684 5 
0 0.00946562 5 
0 0.00947646 5 
0 0.00948405 5 
0 0.00950925 5 
0 0.00952552 5 
0 0.00952766 5 
0 0.00953242 5 
0 0.00954821 5 
0 0.00956345 5 
0 0.00959849 5 
0 0.0096346 5 
0 0.00967882 5 
0 0.0096898 5 
0 0.00968998 5 
0 0.00969092 5 
0 0.00969694 5 
0 0.00970451 5 
0 0.00980181 5 
0 0.00986876 5 
0 0.00990662 5 
0 0.00994799 5 
0 0.0101112 5 
0 0.0101946 5 
0 0.0102642 5 
0 0.0103497 5 
0 0.0103545 5 
0 0.010405 5 
0 0.0106313 5 
0 0.0108892 5 
0 0.0116723 5 
0 inf 5 
0 0.00346137 6 
0 0.00349978 6 
0 0.00370739 6 
0 0.00373716 6 
0 0.00381312 6 
0 0.00400034 6 
0 0.00403482 6 
0 0.00403773 6 
0 0.00404755 6 
0 0.00406097 6 
0 0.004069 6 
0 0.00409479 6 
0 0.00410403 6 
0 0.00411513 6 
0 0.00412909 6 
0 0.00415965 6 
0 0.00417859 6 
0 0.00419109 6 
0 0.00419799 6 
0 0.00420756 6 
0 0.00421132 6 
0 0.00421464 6 
0 0.00423975 6 
0 0.00425909 6 
0 0.0042645 6 
0 0.00427965 6 
0 0.0042969 6 
0 0.00430111 6 
0 0.00432072 6 
0 0.00434033 6 
0 0.00434888 6 
0 0.00435576 6 
0 0.00435864 6 
0 0.00436077 6 
0 0.00436561 6 
0 0.00436652 6 
0 0.00437364 6 
0 0.00437939 6 
0 0.00438305 6 
0 0.0043853 6 
0 0.00439513 6 
0 0.00439599 6 
0 0.00439749 6 
0 0.00440179 6 
0 0.00440766 6 
0 0.0044415 6 
0 0.00444158 6 
0 0.00444801 6 
0 0.00445096 6 
0 0.00446074 6 
0 0.00446869 6 
0 0.00447925 6 
0 0.00448148 6 
0 0.00448731 6 
0 0.00448825 6 
0 0.00449107 6 
0 0.0044924 6 
0 0.00449492 6 
0 0.00449852 6 
0 0.00451122 6 
0 0.00452092 6 
0 0.00452201 6 
0 0.00452618 6 
0 0.00452697 6 
0 0.00453622 6 
0 0.00455442 6 
0 0.00455717 6 
0 0.00456603 6 
0 0.00456866 6 
0 0.00456882 6 
0 0.00456955 6 
0 0.00457029 6 
0 0.0045769 6 
0 0.0045802 6 
0 0.00458334 6 
0 0.00459907 6 
0 0.00461253 6 
0 0.00461338 6 
0 0.0046187 6 
0 0.0046251 6 
0 0.00462816 6 
0 0.00463446 6 
0 0.00464367 6 
0 0.00465075 6 
0 0.00465483 6 
0 0.00465943 6 
0 0.0046624 6 
0 0.00466451 6 
0 0.00466941 6 
0 0.00468163 6 
0 0.00468404 6 
0 0.00468873 6 
0 0.00468905 6 
0 0.0046974 6 
0 0.00470152 6 
0 0.00471864 6 
0 0.00476365 6 
0 0.00477285 6 
0 0.00477689 6 
0 0.00477867 6 
0 0.00478875 6 
0 0.00480298 6 
0 0.00482211 6 
0 0.0048356 6 
0 0.00483933 6 
0 0.00486045 6 
0 0.00486269 6 
0 0.00490149 6 
0 0.00490597 6 
0 0.0049153 6 
0 0.00492472 6 
0 0.00492922 6 
0 0.00493819 6 
0 0.00499083 6 
0 0.00503324 6 
0 0.00503689 6 
0 0.00504674 6 
0 0.00506377 6 
0 0.00513405 6 
0 0.00517477 6 
0 0.00520363 6 
0 0.00532041 6 
0 0.0053782 6 
0 0.00540343 6 
0 0.0054651 6 
0 0.0057346 6 
0 0.00614731 6 
0 inf 6 
0 0.00168473 7 
0 0.00171159 7 
0 0.00182438 7 
0 0.00183583 7 
0 0.00184882 7 
0 0.00197203 7 
0 0.00200024 7 
0 0.00200662 7 
0 0.00201446 7 
0 0.00203298 7 
0 0.00204247 7 
0 0.00204679 7 
0 0.00204835 7 
0 0.00206727 7 
0 0.00209372 7 
0 0.00209535 7 
0 0.0021084 7 
0 0.00211503 7 
0 0.00211709 7 
0 0.0021206 7 
0 0.00213367 7 
0 0.00214543 7 
0 0.00215415 7 
0 0.00215498 7 
0 0.00216979 7 
0 0.00217295 7 
0 0.00217342 7 
0 0.00218131 7 
0 0.00218458 7 
0 0.00218614 7 
0 0.0021873 7 
0 0.00219032 7 
0 0.00219325 7 
0 0.00219875 7 
0 0.00219969 7 
0 0.00220355 7 
0 0.00220986 7 
0 0.00221571 7 
0 0.0022181 7 
0 0.00222129 7 
0 0.00222233 7 
0 0.00222683 7 
0 0.00222724 7 
0 0.00222795 7 
0 0.00222882 7 
0 0.00224494 7 
0 0.00224736 7 
0 0.00225276 7 
0 0.00225698 7 
0 0.00225872 7 
0 0.00226299 7 
0 0.00226904 7 
0 0.00227544 7 
0 0.00227624 7 
0 0.0022821 7 
0 0.00228729 7 
0 0.00228781 7 
0 0.00229485 7 
0 0.00229614 7 
0 0.00230597 7 
0 0.0023068 7 
0 0.00230931 7 
0 0.00231841 7 
0 0.00231911 7 
0 0.00232418 7 
0 0.0023264 7 
0 0.00232679 7 
0 0.00233531 7 
0 0.00233563 7 
0 0.00233708 7 
0 0.00233742 7 
0 0.0023386 7 
0 0.00234057 7 
0 0.00234189 7 
0 0.00234192 7 
0 0.00235168 7 
0 0.00235407 7 
0 0.0023546 7 
0 0.00235756 7 
0 0.00235871 7 
0 0.00235895 7 
0 0.00236163 7 
0 0.00236866 7 
0 0.00237574 7 
0 0.00238065 7 
0 0.00238073 7 
0 0.00238656 7 
0 0.00238717 7 
0 0.00238787 7 
0 0.00239321 7 
0 0.00239483 7 
0 0.00239756 7 
0 0.00240071 7 
0 0.00240667 7 
0 0.00241086 7 
0 0.00241445 7 
0 0.00241604 7 
0 0.0024261 7 
0 0.00242922 7 
0 0.00244402 7 
0 0.00244442 7 
0 0.00244971 7 
0 0.00245989 7 
0 0.00246654 7 
0 0.00248611 7 
0 0.00250802 7 
0 0.00250895 7 
0 0.00251986 7 
0 0.00252446 7 
0 0.00252559 7 
0 0.00253353 7 
0 0.002554 7 
0 0.00256792 7 
0 0.00258407 7 
0 0.00259406 7 
0 0.00261719 7 
0 0.00261856 7 
0 0.00262018 7 
0 0.00263274 7 
0 0.00264581 7 
0 0.00265004 7 
0 0.00279819 7 
0 0.00283921 7 
0 0.00285214 7 
0 0.00285713 7 
0 0.0030756 7 
0 0.00327471 7 
0 inf 7 
0 0.000841237 8 
0 0.000854693 8 
0 0.00091093 8 
0 0.000912279 8 
0 0.000919237 8 
0 0.00096891 8 
0 0.00101105 8 
0 0.00101648 8 
0 0.00102752 8 
0 0.00102827 8 
0 0.00103164 8 
0 0.00105057 8 
0 0.00105347 8 
0 0.00106054 8 
0 0.00106102 8 
0 0.00106311 8 
0 0.00107253 8 
0 0.00108326 8 
0 0.00108544 8 
0 0.00109154 8 
0 0.00109421 8 
0 0.00110504 8 
0 0.00110632 8 
0 0.00110914 8 
0 0.00111442 8 
0 0.0011149 8 
0 0.00111524 8 
0 0.00111617 8 
0 0.0011178 8 
0 0.00111886 8 
0 0.0011212 8 
0 0.0011228 8 
0 0.00112526 8 
0 0.00112821 8 
0 0.00113056 8 
0 0.00113256 8 
0 0.00113266 8 
0 0.00113402 8 
0 0.00113444 8 
0 0.00113537 8 
0 0.00114429 8 
0 0.00114434 8 
0 0.0011485 8 
0 0.00114896 8 
0 0.00114923 8 
0 0.00115345 8 
0 0.00115472 8 
0 0.00115642 8 
0 0.00115644 8 
0 0.00115886 8 
0 0.00115948 8 
0 0.00116052 8 
0 0.0011633 8 
0 0.00116867 8 
0 0.00117516 8 
0 0.00117646 8 
0 0.00117771 8 
0 0.00118043 8 
0 0.00118056 8 
0 0.00118142 8 
0 0.00118205 8 
0 0.0011859 8 
0 0.00118614 8 
0 0.00119286 8 
0 0.00119535 8 
0 0.00119543 8 
0 0.0011976 8 
0 0.00119782 8 
0 0.00120062 8 
0 0.00120111 8 
0 0.00121027 8 
0 0.00121081 8 
0 0.0012146 8 
0 0.00121597 8 
0 0.00121772 8 
0 0.00121802 8 
0 0.00121828 8 
0 0.00122157 8 
0 0.00122169 8 
0 0.00122492 8 
0 0.00122803 8 
0 0.00122921 8 
0 0.00123357 8 
0 0.00123672 8 
0 0.00123737 8 
0 0.00123785 8 
0 0.00123925 8 
0 0.0012412 8 
0 0.00124214 8 
0 0.00124299 8 
0 0.00124707 8 
0 0.00124884 8 
0 0.00124982 8 
0 0.00125103 8 
0 0.00125393 8 
0 0.00125493 8 
0 0.00125533 8 
0 0.00125806 8 
0 0.00126319 8 
0 0.0012648 8 
0 0.00127014 8 
0 0.00127173 8 
0 0.00127224 8 
0 0.0012779 8 
0 0.00127893 8 
0 0.00130516 8 
0 0.00130681 8 
0 0.00131946 8 
0 0.0013217 8 
0 0.00132282 8 
0 0.00132296 8 
0 0.00132461 8 
0 0.00133712 8 
0 0.00134195 8 
0 0.00134605 8 
0 0.001358 8 
0 0.00136376 8 
0 0.00138027 8 
0 0.00138298 8 
0 0.0013899 8 
0 0.00139752 8 
0 0.00147601 8 
0 0.00150648 8 
0 0.00151717 8 
0 0.00153305 8 
0 0.00167314 8 
0 0.00176106 8 
0 inf 8 
0 0.000430381 9 
0 0.000435003 9 
0 0.000455386 9 
0 0.000462341 9 
0 0.000468204 9 
0 0.000480994 9 
0 0.000513403 9 
0 0.000516495 9 
0 0.000526171 9 
0 0.000535509 9 
0 0.000539499 9 
0 0.00054208 9 
0 0.000543916 9 
0 0.000548288 9 
0 0.000550924 9 
0 0.000551067 9 
0 0.000551769 9 
0 0.000556495 9 
0 0.000557343 9 
0 0.000557363 9 
0 0.000566581 9 
0 0.000566608 9 
0 0.000567543 9 
0 0.000569066 9 
0 0.000569972 9 
0 0.000572133 9 
0 0.000577246 9 
0 0.000577298 9 
0 0.000580361 9 
0 0.000580361 9 
0 0.000583287 9 
0 0.000584682 9 
0 0.000586582 9 
0 0.000588562 9 
0 0.000589208 9 
0 0.000589566 9 
0 0.000590136 9 
0 0.000590646 9 
0 0.000593547 9 
0 0.000594639 9 
0 0.000594868 9 
0 0.000595348 9 
0 0.000596632 9 
0 0.000597214 9 
0 0.000597417 9 
0 0.000599494 9 
0 0.000599654 9 
0 0.000600724 9 
0 0.000603459 9 
0 0.00060475 9 
0 0.000606879 9 
0 0.000609827 9 
0 0.00060996 9 
0 0.000610063 9 
0 0.000610266 9 
0 0.000610835 9 
0 0.000611422 9 
0 0.000612712 9 
0 0.000613628 9 
0 0.000616606 9 
0 0.000616713 9 
0 0.000617692 9 
0 0.000618816 9 
0 0.000619191 9 
0 0.000621106 9 
0 0.000622966 9 
0 0.000623572 9 
0 0.000624094 9 
0 0.000625472 9 
0 0.000627271 9 
0 0.000627325 9 
0 0.000630907 9 
0 0.000631555 9 
0 0.000633632 9 
0 0.000634993 9 
0 0.000635717 9 
0 0.000638129 9 
0 0.000638385 9 
0 0.000638739 9 
0 0.000638871 9 
0 0.000639297 9 
0 0.000639586 9 
0 0.000641183 9 
0 0.000643518 9 
0 0.000644001 9 
0 0.000646596 9 
0 0.00064922 9 
0 0.000651437 9 
0 0.00065167 9 
0 0.00065279 9 
0 0.000653929 9 
0 0.00065435 9 
0 0.000656261 9 
0 0.000659869 9 
0 0.00066008 9 
0 0.000660432 9 
0 0.000660493 9 
0 0.000662236 9 
0 0.000662608 9 
0 0.00066815 9 
0 0.00066968 9 
0 0.000670084 9 
0 0.000671835 9 
0 0.00067834 9 
0 0.000682456 9 
0 0.000682879 9 
0 0.000685784 9 
0 0.000688514 9 
0 0.000693031 9 
0 0.000697259 9 
0 0.000698132 9 
0 0.000703408 9 
0 0.000703879 9 
0 0.000707173 9 
0 0.000707769 9 
0 0.000715028 9 
0 0.00071985 9 
0 0.00072831 9 
0 0.000734767 9 
0 0.000735226 9 
0 0.000736755 9 
0 0.000782864 9 
0 0.000803618 9 
0 0.00080436 9 
0 0.000829979 9 
0 0.000920406 9 
0 0.000954912 9 
0 inf 9 
