0 0.500223 0 
0 0.502101 0 
0 0.502476 0 
0 0.503842 0 
0 0.504198 0 
0 0.504495 0 
0 0.504968 0 
0 0.50544 0 
0 0.505521 0 
0 0.505704 0 
0 0.50615 0 
0 0.506236 0 
0 0.506439 0 
0 0.506662 0 
0 0.506765 0 
0 0.506819 0 
0 0.50695 0 
0 0.507145 0 
0 0.507198 0 
0 0.507323 0 
0 0.507373 0 
0 0.507509 0 
0 0.50754 0 
0 0.507658 0 
0 0.507678 0 
0 0.50787 0 
0 0.507895 0 
0 0.507895 0 
0 0.507918 0 
0 0.507975 0 
0 0.507977 0 
0 0.508093 0 
0 0.508099 0 
0 0.508286 0 
0 0.50845 0 
0 0.508524 0 
0 0.50855 0 
0 0.508724 0 
0 0.508738 0 
0 0.508854 0 
0 0.508897 0 
0 0.508927 0 
0 0.508983 0 
0 0.50901 0 
0 0.509012 0 
0 0.509088 0 
0 0.509152 0 
0 0.509168 0 
0 0.509258 0 
0 0.509277 0 
0 0.509284 0 
0 0.509373 0 
0 0.509505 0 
0 0.509529 0 
0 0.509532 0 
0 0.509534 0 
0 0.509587 0 
0 0.509662 0 
0 0.509667 0 
0 0.509721 0 
0 0.509729 0 
0 0.509739 0 
0 0.509771 0 
0 0.509773 0 
0 0.509803 0 
0 0.509883 0 
0 0.509929 0 
0 0.510013 0 
0 0.510071 0 
0 0.510127 0 
0 0.51013 0 
0 0.510173 0 
0 0.510211 0 
0 0.510215 0 
0 0.51024 0 
0 0.510288 0 
0 0.510298 0 
0 0.510455 0 
0 0.510482 0 
0 0.510555 0 
0 0.510629 0 
0 0.510636 0 
0 0.510744 0 
0 0.510845 0 
0 0.510902 0 
0 0.510906 0 
0 0.510947 0 
0 0.510969 0 
0 0.511098 0 
0 0.511104 0 
0 0.511204 0 
0 0.511208 0 
0 0.511258 0 
0 0.511306 0 
0 0.511384 0 
0 0.511409 0 
0 0.511413 0 
0 0.511468 0 
0 0.511728 0 
0 0.511856 0 
0 0.511899 0 
0 0.511909 0 
0 0.511944 0 
0 0.51199 0 
0 0.512032 0 
0 0.512044 0 
0 0.51205 0 
0 0.512114 0 
0 0.512128 0 
0 0.512281 0 
0 0.512297 0 
0 0.512328 0 
0 0.512423 0 
0 0.512474 0 
0 0.51255 0 
0 0.512694 0 
0 0.512999 0 
0 0.513063 0 
0 0.513101 0 
0 0.513109 0 
0 0.513185 0 
0 0.513207 0 
0 0.513241 0 
0 0.513614 0 
0 0.513625 0 
0 0.513714 0 
0 0.513923 0 
0 inf 0 
0 0.193412 1 
0 0.194036 1 
0 0.19596 1 
0 0.196527 1 
0 0.196561 1 
0 0.196713 1 
0 0.196754 1 
0 0.196971 1 
0 0.197118 1 
0 0.197164 1 
0 0.197285 1 
0 0.197845 1 
0 0.197892 1 
0 0.197927 1 
0 0.198005 1 
0 0.198015 1 
0 0.19811 1 
0 0.198132 1 
0 0.198249 1 
0 0.198369 1 
0 0.198512 1 
0 0.198715 1 
0 0.199151 1 
0 0.199272 1 
0 0.199291 1 
0 0.199501 1 
0 0.199563 1 
0 0.199721 1 
0 0.199732 1 
0 0.199748 1 
0 0.199791 1 
0 0.199835 1 
0 0.199872 1 
0 0.199914 1 
0 0.199921 1 
0 0.200028 1 
0 0.200036 1 
0 0.200038 1 
0 0.200089 1 
0 0.200231 1 
0 0.200259 1 
0 0.200272 1 
0 0.200291 1 
0 0.200296 1 
0 0.200321 1 
0 0.200341 1 
0 0.200353 1 
0 0.20038 1 
0 0.200389 1 
0 0.200416 1 
0 0.200476 1 
0 0.200486 1 
0 0.200487 1 
0 0.20052 1 
0 0.20053 1 
0 0.200544 1 
0 0.200572 1 
0 0.200629 1 
0 0.200661 1 
0 0.200674 1 
0 0.200676 1 
0 0.20076 1 
0 0.200803 1 
0 0.200838 1 
0 0.200856 1 
0 0.200942 1 
0 0.200979 1 
0 0.201025 1 
0 0.201095 1 
0 0.201121 1 
0 0.20117 1 
0 0.201252 1 
0 0.201264 1 
0 0.201269 1 
0 0.201284 1 
0 0.201296 1 
0 0.201352 1 
0 0.201358 1 
0 0.20137 1 
0 0.201388 1 
0 0.201395 1 
0 0.201437 1 
0 0.201441 1 
0 0.201529 1 
0 0.201622 1 
0 0.201733 1 
0 0.201743 1 
0 0.201743 1 
0 0.201908 1 
0 0.201939 1 
0 0.202023 1 
0 0.202029 1 
0 0.202146 1 
0 0.202151 1 
0 0.202178 1 
0 0.202203 1 
0 0.202267 1 
0 0.20227 1 
0 0.202325 1 
0 0.202474 1 
0 0.202508 1 
0 0.20255 1 
0 0.202591 1 
0 0.202703 1 
0 0.20273 1 
0 0.202863 1 
0 0.202893 1 
0 0.202952 1 
0 0.203015 1 
0 0.203022 1 
0 0.203043 1 
0 0.203107 1 
0 0.203193 1 
0 0.203213 1 
0 0.203261 1 
0 0.2033 1 
0 0.203538 1 
0 0.203586 1 
0 0.203813 1 
0 0.203841 1 
0 0.203869 1 
0 0.203881 1 
0 0.204335 1 
0 0.204457 1 
0 0.204625 1 
0 0.204663 1 
0 0.204852 1 
0 inf 1 
0 0.07834 2 
0 0.0800076 2 
0 0.0806969 2 
0 0.0808691 2 
0 0.0811752 2 
0 0.0813575 2 
0 0.0814181 2 
0 0.0818054 2 
0 0.0818408 2 
0 0.0818433 2 
0 0.08192 2 
0 0.0819277 2 
0 0.0820975 2 
0 0.0821921 2 
0 0.0827218 2 
0 0.0827391 2 
0 0.0827514 2 
0 0.0827591 2 
0 0.0827707 2 
0 0.0829785 2 
0 0.0830025 2 
0 0.083004 2 
0 0.083006 2 
0 0.0830468 2 
0 0.0830949 2 
0 0.0831243 2 
0 0.0831707 2 
0 0.0832489 2 
0 0.0833188 2 
0 0.0833886 2 
0 0.0834671 2 
0 0.0835175 2 
0 0.0835224 2 
0 0.0835279 2 
0 0.0835285 2 
0 0.0835409 2 
0 0.0835595 2 
0 0.0835681 2 
0 0.0837302 2 
0 0.0837366 2 
0 0.0838755 2 
0 0.0838936 2 
0 0.0839274 2 
0 0.0839295 2 
0 0.0839349 2 
0 0.0840485 2 
0 0.0842431 2 
0 0.0842493 2 
0 0.0842819 2 
0 0.08431 2 
0 0.0843172 2 
0 0.0843985 2 
0 0.0844048 2 
0 0.0844233 2 
0 0.0844511 2 
0 0.0844985 2 
0 0.0845315 2 
0 0.0845405 2 
0 0.0845417 2 
0 0.0845679 2 
0 0.0846167 2 
0 0.0846182 2 
0 0.0846205 2 
0 0.0847198 2 
0 0.0847219 2 
0 0.0847604 2 
0 0.0848011 2 
0 0.084865 2 
0 0.0848817 2 
0 0.0849162 2 
0 0.0849318 2 
0 0.0849474 2 
0 0.0849978 2 
0 0.0850012 2 
0 0.0850281 2 
0 0.085032 2 
0 0.0851153 2 
0 0.0851329 2 
0 0.085138 2 
0 0.0851415 2 
0 0.0851688 2 
0 0.0851728 2 
0 0.0852565 2 
0 0.0853377 2 
0 0.085354 2 
0 0.0853807 2 
0 0.0854105 2 
0 0.0854267 2 
0 0.085429 2 
0 0.0855019 2 
0 0.085535 2 
0 0.0855493 2 
0 0.085557 2 
0 0.0855692 2 
0 0.0857691 2 
0 0.0857815 2 
0 0.0857991 2 
0 0.0858209 2 
0 0.0858765 2 
0 0.0858796 2 
0 0.085953 2 
0 0.085968 2 
0 0.0859716 2 
0 0.0860066 2 
0 0.0860475 2 
0 0.0861099 2 
0 0.0861264 2 
0 0.086202 2 
0 0.0862724 2 
0 0.0862805 2 
0 0.0863187 2 
0 0.0863325 2 
0 0.0863418 2 
0 0.0864322 2 
0 0.0864509 2 
0 0.086468 2 
0 0.0864851 2 
0 0.0866408 2 
0 0.0867185 2 
0 0.0869811 2 
0 0.0871011 2 
0 0.0872274 2 
0 0.0872631 2 
0 0.0873261 2 
0 0.0879816 2 
0 0.0888411 2 
0 0.0892776 2 
0 inf 2 
0 0.033425 3 
0 0.0344012 3 
0 0.0349626 3 
0 0.0349667 3 
0 0.0350077 3 
0 0.0353757 3 
0 0.0355105 3 
0 0.0355998 3 
0 0.0356606 3 
0 0.0357528 3 
0 0.035784 3 
0 0.0359093 3 
0 0.0359601 3 
0 0.035984 3 
0 0.0359875 3 
0 0.0360497 3 
0 0.0361724 3 
0 0.0362171 3 
0 0.0362739 3 
0 0.036355 3 
0 0.0363972 3 
0 0.036417 3 
0 0.0364306 3 
0 0.0364339 3 
0 0.0364587 3 
0 0.0364886 3 
0 0.0365159 3 
0 0.036577 3 
0 0.0365908 3 
0 0.0366505 3 
0 0.0367637 3 
0 0.0368116 3 
0 0.036819 3 
0 0.0368775 3 
0 0.0369375 3 
0 0.0369546 3 
0 0.03696 3 
0 0.0369665 3 
0 0.0369744 3 
0 0.0370082 3 
0 0.0370254 3 
0 0.0370529 3 
0 0.0370719 3 
0 0.037079 3 
0 0.0370889 3 
0 0.0371457 3 
0 0.0371694 3 
0 0.0372785 3 
0 0.0372942 3 
0 0.0373362 3 
0 0.0373681 3 
0 0.0373706 3 
0 0.0374056 3 
0 0.0374382 3 
0 0.0374442 3 
0 0.03746 3 
0 0.0374767 3 
0 0.0375118 3 
0 0.0375123 3 
0 0.0375468 3 
0 0.0375489 3 
0 0.0375711 3 
0 0.0375716 3 
0 0.0375807 3 
0 0.03759 3 
0 0.0376336 3 
0 0.0376436 3 
0 0.0376624 3 
0 0.0376795 3 
0 0.0376909 3 
0 0.0377141 3 
0 0.037725 3 
0 0.0377599 3 
0 0.0377732 3 
0 0.0377871 3 
0 0.0378161 3 
0 0.0378164 3 
0 0.0378276 3 
0 0.0378278 3 
0 0.0378337 3 
0 0.0378477 3 
0 0.0378591 3 
0 0.0379013 3 
0 0.037925 3 
0 0.0379604 3 
0 0.0379786 3 
0 0.0379855 3 
0 0.037996 3 
0 0.0380182 3 
0 0.038038 3 
0 0.0380958 3 
0 0.0382859 3 
0 0.0383198 3 
0 0.0383424 3 
0 0.0383611 3 
0 0.0383758 3 
0 0.0383766 3 
0 0.0383856 3 
0 0.0384028 3 
0 0.0384674 3 
0 0.0384782 3 
0 0.0385161 3 
0 0.0385504 3 
0 0.0385564 3 
0 0.038585 3 
0 0.038624 3 
0 0.038666 3 
0 0.0386775 3 
0 0.0387091 3 
0 0.03871 3 
0 0.0387143 3 
0 0.0387326 3 
0 0.0387816 3 
0 0.0388164 3 
0 0.0390507 3 
0 0.0390839 3 
0 0.0390923 3 
0 0.0391198 3 
0 0.039137 3 
0 0.0391879 3 
0 0.039282 3 
0 0.0393495 3 
0 0.0394356 3 
0 0.0399906 3 
0 0.0403637 3 
0 0.0404744 3 
0 0.0416787 3 
0 inf 3 
0 0.0149859 4 
0 0.0154494 4 
0 0.0155186 4 
0 0.0157176 4 
0 0.0159458 4 
0 0.0160275 4 
0 0.0161217 4 
0 0.0161431 4 
0 0.016151 4 
0 0.0161981 4 
0 0.0162608 4 
0 0.0162798 4 
0 0.0163613 4 
0 0.016363 4 
0 0.0163999 4 
0 0.0164305 4 
0 0.0164317 4 
0 0.0165098 4 
0 0.0165227 4 
0 0.0165304 4 
0 0.0165342 4 
0 0.0165586 4 
0 0.0165867 4 
0 0.016647 4 
0 0.0166987 4 
0 0.0167353 4 
0 0.0167416 4 
0 0.0167597 4 
0 0.0167601 4 
0 0.0167943 4 
0 0.016805 4 
0 0.0168167 4 
0 0.0168825 4 
0 0.0169051 4 
0 0.0169099 4 
0 0.016911 4 
0 0.0169384 4 
0 0.0169758 4 
0 0.0169794 4 
0 0.0169806 4 
0 0.0169907 4 
0 0.0170072 4 
0 0.0170188 4 
0 0.0170397 4 
0 0.0170715 4 
0 0.017126 4 
0 0.0171301 4 
0 0.0171335 4 
0 0.0171416 4 
0 0.0171624 4 
0 0.0171741 4 
0 0.0172047 4 
0 0.0172083 4 
0 0.0172098 4 
0 0.0172136 4 
0 0.0172182 4 
0 0.0172251 4 
0 0.0172269 4 
0 0.0172742 4 
0 0.0173192 4 
0 0.0173296 4 
0 0.0173508 4 
0 0.0173584 4 
0 0.0173636 4 
0 0.0173932 4 
0 0.0173935 4 
0 0.0173944 4 
0 0.0174106 4 
0 0.0174154 4 
0 0.0174211 4 
0 0.0174231 4 
0 0.0174258 4 
0 0.0174487 4 
0 0.0174785 4 
0 0.0174792 4 
0 0.0175005 4 
0 0.0175131 4 
0 0.0175322 4 
0 0.0175521 4 
0 0.0175656 4 
0 0.0175666 4 
0 0.0175749 4 
0 0.0175857 4 
0 0.0175898 4 
0 0.0176118 4 
0 0.0176782 4 
0 0.0176953 4 
0 0.0177134 4 
0 0.0177275 4 
0 0.0177471 4 
0 0.0177498 4 
0 0.0178062 4 
0 0.0178179 4 
0 0.0178339 4 
0 0.0178497 4 
0 0.0178525 4 
0 0.017889 4 
0 0.01789 4 
0 0.0179019 4 
0 0.0179087 4 
0 0.0179789 4 
0 0.0180097 4 
0 0.0180181 4 
0 0.0180267 4 
0 0.0180308 4 
0 0.0180483 4 
0 0.0180599 4 
0 0.0180862 4 
0 0.0181063 4 
0 0.0181226 4 
0 0.0181616 4 
0 0.0181678 4 
0 0.0181872 4 
0 0.0182035 4 
0 0.0182714 4 
0 0.01828 4 
0 0.0184251 4 
0 0.0184634 4 
0 0.0185112 4 
0 0.018537 4 
0 0.0185566 4 
0 0.0185665 4 
0 0.0185928 4 
0 0.0187212 4 
0 0.0189716 4 
0 0.0194164 4 
0 0.020118 4 
0 inf 4 
0 0.00700682 5 
0 0.00709372 5 
0 0.0071936 5 
0 0.00727398 5 
0 0.00737511 5 
0 0.00745682 5 
0 0.0075383 5 
0 0.00756279 5 
0 0.00758642 5 
0 0.00759517 5 
0 0.00765882 5 
0 0.00765898 5 
0 0.00767432 5 
0 0.00768371 5 
0 0.0076957 5 
0 0.00770715 5 
0 0.00775817 5 
0 0.00776982 5 
0 0.00778267 5 
0 0.00779766 5 
0 0.00780071 5 
0 0.00780206 5 
0 0.00784562 5 
0 0.00785743 5 
0 0.00785863 5 
0 0.00786712 5 
0 0.0078709 5 
0 0.00789729 5 
0 0.00790733 5 
0 0.00791649 5 
0 0.00791875 5 
0 0.00792939 5 
0 0.00796357 5 
0 0.00796728 5 
0 0.00797749 5 
0 0.00798091 5 
0 0.00798208 5 
0 0.00799392 5 
0 0.00799437 5 
0 0.0079977 5 
0 0.00800007 5 
0 0.00802335 5 
0 0.00803134 5 
0 0.00803299 5 
0 0.00805197 5 
0 0.00806195 5 
0 0.00806324 5 
0 0.00807752 5 
0 0.00807861 5 
0 0.0080838 5 
0 0.00808833 5 
0 0.00811298 5 
0 0.00811921 5 
0 0.00813647 5 
0 0.0081839 5 
0 0.00819585 5 
0 0.00820025 5 
0 0.0082091 5 
0 0.00822246 5 
0 0.00824463 5 
0 0.00825309 5 
0 0.00826081 5 
0 0.00826153 5 
0 0.00826461 5 
0 0.00826489 5 
0 0.00827204 5 
0 0.00827481 5 
0 0.00828596 5 
0 0.00829736 5 
0 0.00830148 5 
0 0.00830165 5 
0 0.00830571 5 
0 0.0083154 5 
0 0.00832232 5 
0 0.00833966 5 
0 0.00834657 5 
0 0.00836694 5 
0 0.00837293 5 
0 0.00837312 5 
0 0.00841087 5 
0 0.00842451 5 
0 0.00844309 5 
0 0.00845518 5 
0 0.00845564 5 
0 0.00846491 5 
0 0.00846911 5 
0 0.0084694 5 
0 0.00848798 5 
0 0.0085042 5 
0 0.00850984 5 
0 0.00851087 5 
0 0.00852648 5 
0 0.00853211 5 
0 0.00854021 5 
0 0.00855293 5 
0 0.00856306 5 
0 0.00857146 5 
0 0.00857871 5 
0 0.00858769 5 
0 0.00862053 5 
0 0.00862292 5 
0 0.00863658 5 
0 0.00866207 5 
0 0.00866375 5 
0 0.00867517 5 
0 0.00870175 5 
0 0.00872345 5 
0 0.0087365 5 
0 0.00875842 5 
0 0.00876197 5 
0 0.00878517 5 
0 0.00885783 5 
0 0.00886506 5 
0 0.00887157 5 
0 0.00887333 5 
0 0.00891688 5 
0 0.00892253 5 
0 0.00893265 5 
0 0.0089639 5 
0 0.00898679 5 
0 0.00899132 5 
0 0.00899373 5 
0 0.00902865 5 
0 0.00909783 5 
0 0.00912012 5 
0 0.00960302 5 
0 0.00987771 5 
0 inf 5 
0 0.00333163 6 
0 0.00338921 6 
0 0.00344141 6 
0 0.00345107 6 
0 0.00348832 6 
0 0.00352669 6 
0 0.00357503 6 
0 0.0036165 6 
0 0.00363168 6 
0 0.00366102 6 
0 0.00366356 6 
0 0.00367494 6 
0 0.00370618 6 
0 0.00372504 6 
0 0.00372775 6 
0 0.00373531 6 
0 0.0037427 6 
0 0.00374336 6 
0 0.0037537 6 
0 0.00376381 6 
0 0.00376663 6 
0 0.00377032 6 
0 0.00377538 6 
0 0.00378237 6 
0 0.00378402 6 
0 0.00378665 6 
0 0.00379117 6 
0 0.00379207 6 
0 0.00379382 6 
0 0.00380168 6 
0 0.00380831 6 
0 0.00381447 6 
0 0.00382276 6 
0 0.00382749 6 
0 0.00384486 6 
0 0.00385197 6 
0 0.00385952 6 
0 0.00385995 6 
0 0.00386198 6 
0 0.00386763 6 
0 0.00386904 6 
0 0.0038692 6 
0 0.00387017 6 
0 0.00387255 6 
0 0.00387598 6 
0 0.00387625 6 
0 0.0038948 6 
0 0.0039039 6 
0 0.00391032 6 
0 0.00391696 6 
0 0.00392748 6 
0 0.00393604 6 
0 0.00395642 6 
0 0.00396174 6 
0 0.00397155 6 
0 0.00397505 6 
0 0.00397951 6 
0 0.00399008 6 
0 0.00399028 6 
0 0.00399324 6 
0 0.00400669 6 
0 0.00401354 6 
0 0.00401808 6 
0 0.00402156 6 
0 0.00402369 6 
0 0.00402407 6 
0 0.00403305 6 
0 0.00403647 6 
0 0.00403696 6 
0 0.00404519 6 
0 0.00404764 6 
0 0.00406744 6 
0 0.0040731 6 
0 0.0040796 6 
0 0.00408228 6 
0 0.00408654 6 
0 0.00409537 6 
0 0.00409878 6 
0 0.00409989 6 
0 0.0041005 6 
0 0.00410054 6 
0 0.0041016 6 
0 0.00410184 6 
0 0.00410201 6 
0 0.00413302 6 
0 0.0041363 6 
0 0.00413926 6 
0 0.00414576 6 
0 0.00416103 6 
0 0.00416707 6 
0 0.00416742 6 
0 0.00417626 6 
0 0.00418195 6 
0 0.00418466 6 
0 0.0041864 6 
0 0.00419904 6 
0 0.00421454 6 
0 0.00421565 6 
0 0.00421856 6 
0 0.00422806 6 
0 0.0042298 6 
0 0.0042503 6 
0 0.0042518 6 
0 0.00425992 6 
0 0.00426655 6 
0 0.00427024 6 
0 0.00427297 6 
0 0.0042879 6 
0 0.00431722 6 
0 0.00432097 6 
0 0.00434769 6 
0 0.00435127 6 
0 0.00436269 6 
0 0.00437569 6 
0 0.00439219 6 
0 0.00439784 6 
0 0.00440088 6 
0 0.00440462 6 
0 0.0044355 6 
0 0.00443796 6 
0 0.00444606 6 
0 0.00445125 6 
0 0.00447565 6 
0 0.00449725 6 
0 0.00455342 6 
0 0.00479647 6 
0 0.00493839 6 
0 inf 6 
0 0.00160277 7 
0 0.00165659 7 
0 0.0016835 7 
0 0.00169149 7 
0 0.0016967 7 
0 0.00170161 7 
0 0.0017215 7 
0 0.00177129 7 
0 0.00177217 7 
0 0.00177258 7 
0 0.00177638 7 
0 0.00178709 7 
0 0.00178895 7 
0 0.00180313 7 
0 0.00181002 7 
0 0.00181998 7 
0 0.00182548 7 
0 0.00182559 7 
0 0.0018319 7 
0 0.00183763 7 
0 0.00184481 7 
0 0.00184674 7 
0 0.0018493 7 
0 0.00184934 7 
0 0.00185123 7 
0 0.00185173 7 
0 0.00185842 7 
0 0.00187171 7 
0 0.0018726 7 
0 0.00187393 7 
0 0.00187504 7 
0 0.00188697 7 
0 0.00188723 7 
0 0.00189044 7 
0 0.00189192 7 
0 0.00189215 7 
0 0.00189263 7 
0 0.00189679 7 
0 0.00190019 7 
0 0.00190535 7 
0 0.00190728 7 
0 0.00190796 7 
0 0.00191335 7 
0 0.00191434 7 
0 0.00191614 7 
0 0.00192543 7 
0 0.00192776 7 
0 0.00193717 7 
0 0.00193971 7 
0 0.00194477 7 
0 0.00194537 7 
0 0.00195193 7 
0 0.00195502 7 
0 0.00195642 7 
0 0.00195678 7 
0 0.00195915 7 
0 0.00196013 7 
0 0.00196531 7 
0 0.00197064 7 
0 0.00197378 7 
0 0.00198239 7 
0 0.00198373 7 
0 0.00198394 7 
0 0.0019913 7 
0 0.00199668 7 
0 0.00199942 7 
0 0.00199948 7 
0 0.00200008 7 
0 0.00200074 7 
0 0.00200527 7 
0 0.00200732 7 
0 0.00200808 7 
0 0.00201067 7 
0 0.00201147 7 
0 0.00201271 7 
0 0.0020146 7 
0 0.00202155 7 
0 0.00202327 7 
0 0.00202444 7 
0 0.00202703 7 
0 0.0020363 7 
0 0.00203659 7 
0 0.00204589 7 
0 0.00205173 7 
0 0.00205232 7 
0 0.00205237 7 
0 0.00205512 7 
0 0.00206213 7 
0 0.00206216 7 
0 0.00206365 7 
0 0.00206367 7 
0 0.00206583 7 
0 0.002082 7 
0 0.00209065 7 
0 0.00209392 7 
0 0.00209941 7 
0 0.0021057 7 
0 0.00210676 7 
0 0.00211381 7 
0 0.00211643 7 
0 0.00212013 7 
0 0.00212054 7 
0 0.00212254 7 
0 0.00212362 7 
0 0.00212665 7 
0 0.00212736 7 
0 0.00212788 7 
0 0.00212788 7 
0 0.00213143 7 
0 0.00213552 7 
0 0.00214999 7 
0 0.00215967 7 
0 0.00219298 7 
0 0.00219469 7 
0 0.0021991 7 
0 0.00220005 7 
0 0.00220467 7 
0 0.00220704 7 
0 0.00220848 7 
0 0.00222406 7 
0 0.00222829 7 
0 0.0022403 7 
0 0.00227017 7 
0 0.00228315 7 
0 0.00230602 7 
0 0.00242125 7 
0 0.00250444 7 
0 inf 7 
0 0.000787512 8 
0 0.000808881 8 
0 0.000835258 8 
0 0.00083851 8 
0 0.000842038 8 
0 0.000850946 8 
0 0.000853477 8 
0 0.000864019 8 
0 0.000868985 8 
0 0.000879889 8 
0 0.00088003 8 
0 0.000880835 8 
0 0.00088212 8 
0 0.00088322 8 
0 0.00088622 8 
0 0.000887797 8 
0 0.000888976 8 
0 0.000898178 8 
0 0.000903508 8 
0 0.000907436 8 
0 0.00091052 8 
0 0.000911288 8 
0 0.000913363 8 
0 0.000917006 8 
0 0.000917674 8 
0 0.000920281 8 
0 0.000927267 8 
0 0.000928378 8 
0 0.000930325 8 
0 0.000936064 8 
0 0.000937854 8 
0 0.000939297 8 
0 0.000943827 8 
0 0.000945139 8 
0 0.000945841 8 
0 0.000953183 8 
0 0.000957428 8 
0 0.000959103 8 
0 0.000959883 8 
0 0.000960013 8 
0 0.00096075 8 
0 0.000961631 8 
0 0.000965665 8 
0 0.000966904 8 
0 0.000968586 8 
0 0.000968698 8 
0 0.000968996 8 
0 0.000969761 8 
0 0.000970035 8 
0 0.000971137 8 
0 0.000973821 8 
0 0.000974923 8 
0 0.00097569 8 
0 0.000975977 8 
0 0.00097876 8 
0 0.000982207 8 
0 0.000982954 8 
0 0.000985161 8 
0 0.000986725 8 
0 0.000988096 8 
0 0.000989405 8 
0 0.00099036 8 
0 0.000991196 8 
0 0.000992449 8 
0 0.000993822 8 
0 0.00099618 8 
0 0.000999797 8 
0 0.00100019 8 
0 0.00100298 8 
0 0.00100311 8 
0 0.00100651 8 
0 0.00100677 8 
0 0.00100962 8 
0 0.00101139 8 
0 0.0010116 8 
0 0.00101295 8 
0 0.00101312 8 
0 0.00101315 8 
0 0.0010162 8 
0 0.00101891 8 
0 0.00102025 8 
0 0.00102062 8 
0 0.00102815 8 
0 0.00103088 8 
0 0.00103598 8 
0 0.00103665 8 
0 0.00103781 8 
0 0.00104073 8 
0 0.00104446 8 
0 0.00104493 8 
0 0.00104493 8 
0 0.00104503 8 
0 0.00104739 8 
0 0.0010492 8 
0 0.00105147 8 
0 0.00105225 8 
0 0.00105396 8 
0 0.00105645 8 
0 0.00105834 8 
0 0.00106199 8 
0 0.00106379 8 
0 0.0010661 8 
0 0.00106877 8 
0 0.00107021 8 
0 0.00107223 8 
0 0.00107302 8 
0 0.00107335 8 
0 0.00107793 8 
0 0.00108174 8 
0 0.00108311 8 
0 0.00108361 8 
0 0.00109511 8 
0 0.00109794 8 
0 0.00111122 8 
0 0.00111222 8 
0 0.00111678 8 
0 0.00111874 8 
0 0.0011225 8 
0 0.00112281 8 
0 0.0011252 8 
0 0.00113101 8 
0 0.00113733 8 
0 0.00115826 8 
0 0.0011683 8 
0 0.00117685 8 
0 0.00123415 8 
0 0.00128504 8 
0 inf 8 
0 0.000394092 9 
0 0.000399849 9 
0 0.000416168 9 
0 0.000417475 9 
0 0.000423663 9 
0 0.000425997 9 
0 0.000430818 9 
0 0.00043349 9 
0 0.000433659 9 
0 0.000434137 9 
0 0.000435538 9 
0 0.000439478 9 
0 0.000440015 9 
0 0.000440592 9 
0 0.000441047 9 
0 0.000443513 9 
0 0.00044522 9 
0 0.000447599 9 
0 0.000451066 9 
0 0.00045175 9 
0 0.000454795 9 
0 0.000455618 9 
0 0.000457019 9 
0 0.000459605 9 
0 0.000459962 9 
0 0.000463585 9 
0 0.00046473 9 
0 0.000466077 9 
0 0.000469017 9 
0 0.000471267 9 
0 0.000472215 9 
0 0.000477062 9 
0 0.000477331 9 
0 0.000479291 9 
0 0.000480712 9 
0 0.00048148 9 
0 0.000483411 9 
0 0.000484905 9 
0 0.000484917 9 
0 0.000485096 9 
0 0.000485698 9 
0 0.000486839 9 
0 0.000487242 9 
0 0.000487355 9 
0 0.000487586 9 
0 0.000488916 9 
0 0.000489918 9 
0 0.000490057 9 
0 0.000490426 9 
0 0.000490873 9 
0 0.000492098 9 
0 0.000493002 9 
0 0.000495384 9 
0 0.000496664 9 
0 0.000496807 9 
0 0.000497554 9 
0 0.000498357 9 
0 0.000500032 9 
0 0.000500333 9 
0 0.000501289 9 
0 0.000501491 9 
0 0.000501545 9 
0 0.000502003 9 
0 0.000503164 9 
0 0.000503932 9 
0 0.00050461 9 
0 0.000505016 9 
0 0.000505111 9 
0 0.000505161 9 
0 0.000505523 9 
0 0.000508534 9 
0 0.000508937 9 
0 0.000509637 9 
0 0.00050964 9 
0 0.000512315 9 
0 0.000513551 9 
0 0.000515945 9 
0 0.000517605 9 
0 0.000518568 9 
0 0.000519445 9 
0 0.000519933 9 
0 0.000520676 9 
0 0.000520927 9 
0 0.000523257 9 
0 0.000524356 9 
0 0.000524783 9 
0 0.000525633 9 
0 0.00052754 9 
0 0.000528104 9 
0 0.000528147 9 
0 0.000528879 9 
0 0.000531693 9 
0 0.000535367 9 
0 0.000535874 9 
0 0.000536135 9 
0 0.000536522 9 
0 0.000536561 9 
0 0.000537188 9 
0 0.000540064 9 
0 0.000540418 9 
0 0.000540733 9 
0 0.000541076 9 
0 0.000542048 9 
0 0.000544084 9 
0 0.000546235 9 
0 0.000546822 9 
0 0.000546915 9 
0 0.00054956 9 
0 0.000551893 9 
0 0.000554523 9 
0 0.000554807 9 
0 0.000555607 9 
0 0.000555834 9 
0 0.000565518 9 
0 0.000566206 9 
0 0.000569161 9 
0 0.000572767 9 
0 0.000577858 9 
0 0.000580474 9 
0 0.000580717 9 
0 0.00058102 9 
0 0.000587273 9 
0 0.000587696 9 
0 0.00060804 9 
0 0.000609775 9 
0 0.000634204 9 
0 0.000665873 9 
0 inf 9 
