0.529393 0.548331 0 
0.528455 0.547822 0 
0.528419 0.53527 0 
0.528 0.535699 0 
0.527809 0.546167 0 
0.527645 0.539378 0 
0.527457 0.541019 0 
0.526974 0.543228 0 
0.526788 0.549953 0 
0.526566 0.539998 0 
0.526352 0.547478 0 
0.526287 0.542745 0 
0.526232 0.548815 0 
0.526013 0.54687 0 
0.525912 0.542921 0 
0.525857 0.546132 0 
0.525857 0.541384 0 
0.525753 0.549583 0 
0.525616 0.538936 0 
0.52549 0.54681 0 
0.525443 0.538673 0 
0.525271 0.538302 0 
0.525227 0.536253 0 
0.52501 0.546255 0 
0.524854 0.534508 0 
0.524802 0.547902 0 
0.524648 0.535762 0 
0.524626 0.532685 0 
0.524599 0.547727 0 
0.524489 0.541854 0 
0.524317 0.540923 0 
0.524136 0.540685 0 
0.523949 0.536071 0 
0.523891 0.545393 0 
0.523842 0.523897 0 
0.523833 0.542081 0 
0.523805 0.542948 0 
0.523724 0.53933 0 
0.523674 0.524255 0 
0.52358 0.538966 0 
0.523572 0.543917 0 
0.523539 0.54068 0 
0.523503 0.539849 0 
0.523347 0.547855 0 
0.523298 0.539031 0 
0.52323 0.534495 0 
0.523018 0.524768 0 
0.522897 0.544947 0 
0.522776 0.536697 0 
0.522737 0.538784 0 
0.522606 0.539473 0 
0.522589 0.543165 0 
0.522575 0.53483 0 
0.522286 0.542176 0 
0.522269 0.546447 0 
0.522251 0.54191 0 
0.522245 0.538926 0 
0.522206 0.542934 0 
0.522195 0.524625 0 
0.522186 0.543743 0 
0.522143 0.546255 0 
0.522121 0.538688 0 
0.522021 0.538997 0 
0.521882 0.540229 0 
0.521614 0.54483 0 
0.521577 0.547257 0 
0.521481 0.522062 0 
0.521383 0.52226 0 
0.521313 0.544142 0 
0.521282 0.538564 0 
0.521055 0.543115 0 
0.521048 0.539356 0 
0.521043 0.536941 0 
0.520894 0.541131 0 
0.520754 0.543703 0 
0.520743 0.54214 0 
0.52073 0.547458 0 
0.520704 0.54046 0 
0.520697 0.54086 0 
0.520664 0.544257 0 
0.520661 0.522831 0 
0.520472 0.539388 0 
0.520368 0.549078 0 
0.520363 0.546379 0 
0.520333 0.54399 0 
0.520306 0.536619 0 
0.520146 0.521378 0 
0.520095 0.544705 0 
0.520083 0.520584 0 
0.519989 0.521792 0 
0.519967 0.545102 0 
0.519945 0.544758 0 
0.519688 0.5409 0 
0.519686 0.540768 0 
0.519684 0.548832 0 
0.519684 0.548141 0 
0.519486 0.547441 0 
0.519477 0.538564 0 
0.519373 0.520437 0 
0.519239 0.519613 0 
0.519237 0.522723 0 
0.519171 0.519359 0 
0.518991 0.521378 0 
0.518938 0.549273 0 
0.518898 0.536553 0 
0.518831 0.539282 0 
0.518644 0.539862 0 
0.518336 0.522636 0 
0.518263 0.536167 0 
0.518041 0.542358 0 
0.517913 0.543917 0 
0.51781 0.536076 0 
0.5177 0.545075 0 
0.51754 0.537461 0 
0.517492 0.539188 0 
0.517255 0.520584 0 
0.517222 0.542608 0 
0.517168 0.549019 0 
0.517002 0.550256 0 
0.516981 0.522184 0 
0.516921 0.542948 0 
0.516868 0.543607 0 
0.516836 0.544429 0 
0.516659 0.547077 0 
0.516524 0.547613 0 
0.516455 0.51902 0 
0.515928 0.536345 0 
0.515579 0.545134 0 
0.515547 0.545589 0 
0.51508 0.543214 0 
0.51491 0.544768 0 
0.514892 0.539938 0 
0.514738 0.54029 0 
0.514417 0.546209 0 
0.514018 0.547899 0 
0.513834 0.54778 0 
0.513743 0.5139 0 
0.512876 0.537528 0 
0.512721 0.535397 0 
0.512227 0.545984 0 
0.512047 0.512075 0 
0.511982 0.512795 0 
0.51197 0.546985 0 
0.511852 0.512788 0 
0.511665 0.511968 0 
0.511602 0.542358 0 
0.511216 0.512668 0 
0.511174 0.512394 0 
0.5111 0.512154 0 
0.511036 0.535397 0 
0.510728 0.511301 0 
0.510644 0.515634 0 
0.510559 0.51112 0 
0.510542 0.512045 0 
0.510519 0.510588 0 
0.510481 0.510495 0 
0.510339 0.513129 0 
0.510203 0.511738 0 
0.510119 0.510952 0 
0.510106 0.510547 0 
0.51004 0.513589 0 
0.509992 0.51105 0 
0.509974 0.510347 0 
0.509802 0.512074 0 
0.509598 0.512074 0 
0.509544 0.510813 0 
0.509535 0.511114 0 
0.509527 0.513695 0 
0.509524 0.51109 0 
0.509479 0.510078 0 
0.509401 0.510813 0 
0.509369 0.509607 0 
0.509315 0.509593 0 
0.5093 0.511241 0 
0.509296 0.511259 0 
0.509256 0.51397 0 
0.509238 0.512394 0 
0.509179 0.509416 0 
0.509171 0.511267 0 
0.509132 0.51159 0 
0.509072 0.51227 0 
0.509064 0.510038 0 
0.509007 0.509509 0 
0.508911 0.512607 0 
0.508812 0.510607 0 
0.508594 0.512433 0 
0.50856 0.510432 0 
0.508552 0.5113 0 
0.508344 0.511268 0 
0.508276 0.513176 0 
0.50827 0.508563 0 
0.508233 0.511171 0 
0.508181 0.509893 0 
0.508038 0.511225 0 
0.507903 0.509465 0 
0.50788 0.509219 0 
0.507874 0.51033 0 
0.507836 0.509578 0 
0.507789 0.509 0 
0.50778 0.509809 0 
0.507775 0.509405 0 
0.507748 0.509509 0 
0.507661 0.509653 0 
0.507579 0.510605 0 
0.507554 0.512004 0 
0.507545 0.509306 0 
0.507451 0.508639 0 
0.507434 0.509845 0 
0.507401 0.50965 0 
0.507398 0.508219 0 
0.507316 0.511626 0 
0.507292 0.508961 0 
0.507291 0.53855 0 
0.507278 0.51055 0 
0.507267 0.510912 0 
0.50719 0.512855 0 
0.507149 0.510912 0 
0.507145 0.508527 0 
0.507095 0.509 0 
0.507 0.512689 0 
0.506942 0.509135 0 
0.50675 0.512837 0 
0.506602 0.507084 0 
0.506589 0.507164 0 
0.506526 0.51139 0 
0.50647 0.507185 0 
0.50644 0.50794 0 
0.506368 0.512114 0 
0.506336 0.5102 0 
0.506319 0.511225 0 
0.506162 0.507331 0 
0.50586 0.508122 0 
0.505746 0.509578 0 
0.505486 0.506517 0 
0.505354 0.507942 0 
0.505073 0.51115 0 
0.504926 0.50532 0 
0.504832 0.511884 0 
0.504279 0.508952 0 
0.241226 0.245281 1 
0.240254 0.242495 1 
0.238974 0.239957 1 
0.237917 0.242669 1 
0.237366 0.240925 1 
0.237357 0.238076 1 
0.236955 0.242432 1 
0.235358 0.241272 1 
0.235017 0.235778 1 
0.234854 0.243049 1 
0.234555 0.241954 1 
0.234261 0.237282 1 
0.233764 0.235772 1 
0.233729 0.234958 1 
0.233545 0.237057 1 
0.233295 0.241389 1 
0.233086 0.233683 1 
0.232917 0.243471 1 
0.232603 0.242696 1 
0.232455 0.241389 1 
0.231559 0.241101 1 
0.231524 0.239349 1 
0.23088 0.232659 1 
0.230005 0.230085 1 
0.229934 0.241177 1 
0.229853 0.23088 1 
0.229843 0.235685 1 
0.228189 0.234932 1 
0.227865 0.228761 1 
0.227769 0.235591 1 
0.22723 0.227422 1 
0.22716 0.239464 1 
0.226742 0.228582 1 
0.226706 0.23127 1 
0.226604 0.228238 1 
0.22657 0.229634 1 
0.226466 0.240894 1 
0.226346 0.232615 1 
0.225961 0.228618 1 
0.225718 0.231327 1 
0.224937 0.238901 1 
0.224912 0.230986 1 
0.224892 0.229625 1 
0.224835 0.226984 1 
0.223876 0.224353 1 
0.223447 0.238135 1 
0.223367 0.225323 1 
0.223025 0.224491 1 
0.223025 0.224908 1 
0.222955 0.233975 1 
0.222888 0.234433 1 
0.222715 0.236977 1 
0.222291 0.22447 1 
0.222117 0.240471 1 
0.221636 0.233788 1 
0.2216 0.222941 1 
0.221594 0.235245 1 
0.221575 0.229731 1 
0.220848 0.225737 1 
0.220821 0.229395 1 
0.220198 0.233819 1 
0.21988 0.226666 1 
0.219158 0.235998 1 
0.218594 0.235261 1 
0.218131 0.218908 1 
0.218085 0.220966 1 
0.217662 0.233683 1 
0.217203 0.235595 1 
0.216167 0.220224 1 
0.215136 0.23708 1 
0.21405 0.222072 1 
0.213539 0.2363 1 
0.211974 0.22394 1 
0.208995 0.209733 1 
0.208954 0.213473 1 
0.20836 0.216783 1 
0.205916 0.217967 1 
0.2051 0.208622 1 
0.204861 0.213473 1 
0.204667 0.205055 1 
0.203905 0.205335 1 
0.203124 0.203476 1 
0.202207 0.202848 1 
0.202112 0.203318 1 
0.202017 0.208685 1 
0.201778 0.202174 1 
0.201759 0.202348 1 
0.201725 0.202042 1 
0.201483 0.201645 1 
0.201482 0.203146 1 
0.201265 0.202189 1 
0.200683 0.201811 1 
0.200538 0.205322 1 
0.200477 0.201511 1 
0.199939 0.202833 1 
0.199848 0.200578 1 
0.199573 0.202201 1 
0.199566 0.199804 1 
0.199089 0.201189 1 
0.199032 0.199525 1 
0.199026 0.199307 1 
0.198904 0.200098 1 
0.198889 0.199637 1 
0.198886 0.199138 1 
0.19869 0.199586 1 
0.198655 0.198982 1 
0.198648 0.200838 1 
0.198581 0.199877 1 
0.198422 0.201366 1 
0.198356 0.198676 1 
0.198225 0.199662 1 
0.19821 0.198995 1 
0.198156 0.199257 1 
0.197733 0.199717 1 
0.197524 0.199536 1 
0.197501 0.200135 1 
0.197415 0.198183 1 
0.197343 0.198497 1 
0.197337 0.203159 1 
0.197263 0.200217 1 
0.197203 0.197933 1 
0.197164 0.197864 1 
0.197161 0.19808 1 
0.197134 0.199822 1 
0.196971 0.19878 1 
0.19683 0.200335 1 
0.196809 0.202243 1 
0.196714 0.199167 1 
0.196597 0.199981 1 
0.196501 0.197119 1 
0.196471 0.200743 1 
0.196461 0.199555 1 
0.196392 0.198866 1 
0.196319 0.197621 1 
0.196282 0.198803 1 
0.196268 0.199949 1 
0.196254 0.199463 1 
0.196171 0.199429 1 
0.196136 0.199455 1 
0.196049 0.196946 1 
0.196034 0.199555 1 
0.196003 0.197465 1 
0.195844 0.196074 1 
0.195784 0.19593 1 
0.195709 0.196038 1 
0.195616 0.196424 1 
0.195526 0.196278 1 
0.195475 0.197681 1 
0.19542 0.200911 1 
0.195337 0.196639 1 
0.195145 0.198647 1 
0.195072 0.196912 1 
0.194968 0.196675 1 
0.194878 0.195835 1 
0.194739 0.196021 1 
0.194591 0.196581 1 
0.194562 0.19557 1 
0.194085 0.19894 1 
0.19347 0.196009 1 
0.193342 0.193783 1 
0.193243 0.195894 1 
0.125404 0.125901 2 
0.121859 0.127388 2 
0.121853 0.122697 2 
0.121622 0.122374 2 
0.120991 0.122162 2 
0.120735 0.124512 2 
0.119624 0.12056 2 
0.118558 0.120361 2 
0.117863 0.119533 2 
0.117575 0.124641 2 
0.117333 0.12435 2 
0.114094 0.117871 2 
0.113487 0.118415 2 
0.113027 0.118502 2 
0.112049 0.115175 2 
0.11083 0.118556 2 
0.110426 0.119596 2 
0.108474 0.110794 2 
0.108448 0.116381 2 
0.107679 0.119581 2 
0.107496 0.121624 2 
0.0976939 0.0985349 2 
0.0919675 0.0941483 2 
0.091309 0.0927101 2 
0.091156 0.0912737 2 
0.0902498 0.0925547 2 
0.0893583 0.092176 2 
0.0889189 0.089528 2 
0.0884401 0.0891252 2 
0.0883911 0.0894294 2 
0.0880818 0.0890326 2 
0.088011 0.088352 2 
0.0879101 0.0895929 2 
0.087668 0.0894504 2 
0.0871997 0.0874547 2 
0.0871496 0.0882244 2 
0.0870366 0.0890426 2 
0.0864251 0.0875071 2 
0.0860113 0.0917424 2 
0.0856169 0.0870471 2 
0.0853938 0.0854109 2 
0.0853931 0.0872285 2 
0.0850603 0.0859474 2 
0.0844807 0.0872509 2 
0.084108 0.0862463 2 
0.0840118 0.0843514 2 
0.0840047 0.085582 2 
0.0837533 0.084147 2 
0.0837489 0.0884044 2 
0.0833899 0.0842501 2 
0.0833413 0.0837169 2 
0.083331 0.0836282 2 
0.0832613 0.0842556 2 
0.0830765 0.083089 2 
0.0830069 0.084135 2 
0.0829008 0.085356 2 
0.0828919 0.0844585 2 
0.0828825 0.0834212 2 
0.0828743 0.0838859 2 
0.0828563 0.0884405 2 
0.0827678 0.0831691 2 
0.0826652 0.0830237 2 
0.0824883 0.0835972 2 
0.0823862 0.0823919 2 
0.0823092 0.0824252 2 
0.0822623 0.0823475 2 
0.082211 0.0848637 2 
0.0821942 0.0843034 2 
0.0821352 0.0853959 2 
0.082116 0.0838239 2 
0.0819864 0.0848512 2 
0.0819532 0.0825603 2 
0.0818402 0.0855858 2 
0.0818093 0.0865221 2 
0.0817808 0.0841878 2 
0.0815296 0.083613 2 
0.0815119 0.0838859 2 
0.0814815 0.0838262 2 
0.0812772 0.0826431 2 
0.0812336 0.0824413 2 
0.081048 0.083089 2 
0.0810362 0.0827955 2 
0.080999 0.0822825 2 
0.0808989 0.0849136 2 
0.0808084 0.0828922 2 
0.0807916 0.0827866 2 
0.0807136 0.0824365 2 
0.0805568 0.0836956 2 
0.0802735 0.0812539 2 
0.0801545 0.0828381 2 
0.080116 0.0846376 2 
0.0798237 0.0831691 2 
0.0797244 0.0816927 2 
0.0796726 0.0804502 2 
0.0796288 0.0796838 2 
0.0795797 0.080569 2 
0.079529 0.0833158 2 
0.0795059 0.0819371 2 
0.0792636 0.0828552 2 
0.0788447 0.079901 2 
0.0787947 0.0794085 2 
0.070249 0.0749757 3 
0.069589 0.0697748 3 
0.06845 0.0698821 3 
0.0684179 0.0685018 3 
0.0653769 0.0758459 3 
0.0648916 0.0678273 3 
0.0626956 0.0669941 3 
0.0438958 0.0455991 3 
0.0434088 0.0437781 3 
0.0430222 0.0437319 3 
0.0425761 0.0437319 3 
0.0421757 0.0437682 3 
0.0421706 0.0427937 3 
0.042107 0.0421893 3 
0.0414703 0.0427937 3 
0.0409623 0.0410716 3 
0.040484 0.0415126 3 
0.0402315 0.0409828 3 
0.0402033 0.0420238 3 
0.0400057 0.0411254 3 
0.0394212 0.0399237 3 
0.0391654 0.0402674 3 
0.0391175 0.039712 3 
0.0391012 0.041474 3 
0.0389982 0.0404799 3 
0.0389671 0.0389908 3 
0.0387291 0.0391397 3 
0.0387188 0.0411025 3 
0.0386982 0.0402152 3 
0.0386411 0.0387604 3 
0.0385587 0.0406261 3 
0.0384386 0.0391562 3 
0.0384144 0.0415431 3 
0.0383735 0.0385262 3 
0.0381739 0.0391562 3 
0.0381202 0.0381512 3 
0.0379389 0.0417998 3 
0.0377146 0.0380579 3 
0.0376173 0.0381312 3 
0.0376159 0.0379533 3 
0.0375013 0.0382298 3 
0.0374577 0.0379616 3 
0.0374082 0.0384043 3 
0.0373338 0.0377037 3 
0.0371373 0.0383088 3 
0.0371152 0.0378091 3 
0.0370973 0.0371344 3 
0.0368655 0.0375468 3 
0.0368541 0.0372355 3 
0.036841 0.0396306 3 
0.0367686 0.0387906 3 
0.0367457 0.0369147 3 
0.0366654 0.0384043 3 
0.03666 0.0395124 3 
0.0366527 0.0376737 3 
0.0365195 0.0394126 3 
0.0364928 0.0385609 3 
0.0364494 0.0378716 3 
0.0364221 0.038999 3 
0.0360527 0.0381312 3 
0.0358564 0.0362685 3 
0.0358045 0.0377489 3 
0.0357651 0.0368918 3 
0.0357324 0.0377799 3 
0.0357082 0.0362847 3 
0.0355687 0.038394 3 
0.0355517 0.0374965 3 
0.0355239 0.0382895 3 
0.0354828 0.0358231 3 
0.0353731 0.0380886 3 
0.0353614 0.0385404 3 
0.035356 0.038159 3 
0.0353378 0.0367499 3 
0.0350394 0.037716 3 
0.0349626 0.03718 3 
0.0346688 0.0375193 3 
0.0345781 0.0362002 3 
0.0339647 0.0344873 3 
0.0338228 0.0344881 3 
0.0480545 0.0494019 4 
0.0456843 0.0513063 4 
0.0419372 0.0425702 4 
0.0216459 0.023551 4 
0.0214823 0.0215275 4 
0.0213137 0.0223509 4 
0.0210255 0.0221086 4 
0.020367 0.0214794 4 
0.0200362 0.0203317 4 
0.0198719 0.0207295 4 
0.0198076 0.0211984 4 
0.0197892 0.02112 4 
0.0196974 0.0206227 4 
0.0195459 0.0202848 4 
0.019435 0.0200945 4 
0.0191047 0.0226362 4 
0.0189673 0.0204214 4 
0.0186639 0.0188526 4 
0.0186401 0.0189297 4 
0.0185828 0.0195305 4 
0.0185285 0.0189414 4 
0.0184581 0.0187987 4 
0.0183628 0.018813 4 
0.0182803 0.0197378 4 
0.0182687 0.0186172 4 
0.0182131 0.0191682 4 
0.0180471 0.0210601 4 
0.0180035 0.0184472 4 
0.017922 0.0181358 4 
0.0178188 0.0181375 4 
0.0178159 0.0184748 4 
0.0177928 0.0184811 4 
0.0177868 0.0186128 4 
0.0177828 0.0179493 4 
0.0177666 0.0186391 4 
0.017739 0.0187373 4 
0.0176394 0.0176528 4 
0.0175271 0.0176533 4 
0.0175176 0.0187728 4 
0.0174548 0.0185578 4 
0.0174173 0.0174308 4 
0.0173757 0.0179508 4 
0.017356 0.020084 4 
0.0173069 0.0192527 4 
0.0172935 0.0179752 4 
0.0172814 0.0175615 4 
0.0172329 0.0174788 4 
0.0171664 0.0172931 4 
0.0171568 0.0179909 4 
0.0171131 0.0188436 4 
0.0170826 0.0172931 4 
0.0170467 0.0185161 4 
0.0169074 0.0173149 4 
0.016875 0.018173 4 
0.0167704 0.0188682 4 
0.016659 0.0179594 4 
0.0164049 0.0179027 4 
0.0164043 0.016745 4 
0.0162492 0.018435 4 
0.0161337 0.0179374 4 
0.0161268 0.0163786 4 
0.0160264 0.0192332 4 
0.015994 0.0160305 4 
0.0158783 0.0167622 4 
0.0154052 0.0156526 4 
0.0341125 0.036073 5 
0.0298232 0.0299509 5 
0.0115978 0.0119005 5 
0.0113352 0.0119488 5 
0.0113128 0.0113792 5 
0.011122 0.0112678 5 
0.0110377 0.0120345 5 
0.0109529 0.0112077 5 
0.0108896 0.0118778 5 
0.0108326 0.0110764 5 
0.0108111 0.0109382 5 
0.0105076 0.0106324 5 
0.0104939 0.0110255 5 
0.0104663 0.0105549 5 
0.0104608 0.0111124 5 
0.0104208 0.0104607 5 
0.010391 0.0103954 5 
0.0103307 0.0109907 5 
0.0102751 0.0111508 5 
0.0101792 0.0115027 5 
0.00952912 0.00959991 5 
0.00952115 0.00957736 5 
0.00949704 0.00956137 5 
0.00945454 0.00965676 5 
0.00941374 0.00947086 5 
0.00939418 0.00960468 5 
0.00927822 0.0103197 5 
0.00925266 0.0102586 5 
0.00923316 0.0100137 5 
0.0092074 0.00950677 5 
0.00918857 0.0094336 5 
0.00908716 0.00933671 5 
0.00903574 0.00961427 5 
0.00901821 0.00936644 5 
0.00900813 0.00993995 5 
0.00893145 0.00899796 5 
0.00891971 0.00980315 5 
0.00891953 0.0100723 5 
0.00889107 0.00925724 5 
0.0088543 0.00934135 5 
0.00884034 0.00910655 5 
0.0087744 0.00966376 5 
0.00875764 0.00910018 5 
0.00874921 0.0108014 5 
0.00872275 0.0093447 5 
0.00871402 0.0092279 5 
0.00870658 0.00902162 5 
0.00859671 0.00942796 5 
0.00845662 0.00928997 5 
0.00843181 0.0099217 5 
0.00841257 0.00923218 5 
0.00834691 0.00848613 5 
0.00811236 0.00977821 5 
0.00809892 0.00880652 5 
0.00809615 0.00823329 5 
0.00795781 0.0084082 5 
0.00788507 0.00828782 5 
0.0261375 0.0261723 6 
0.021405 0.021498 6 
0.00714171 0.00727553 6 
0.00702603 0.00729115 6 
0.00688963 0.00746971 6 
0.00651819 0.00665334 6 
0.00635864 0.00638239 6 
0.00630738 0.00639782 6 
0.00611684 0.00618809 6 
0.00605296 0.00678541 6 
0.00604887 0.0065193 6 
0.00597427 0.00643825 6 
0.00587318 0.00621781 6 
0.00583004 0.00598304 6 
0.00569664 0.00583563 6 
0.00548905 0.0056399 6 
0.0054631 0.0056455 6 
0.00545812 0.00564846 6 
0.00539661 0.00552291 6 
0.00539128 0.00561312 6 
0.00528508 0.00533921 6 
0.00523918 0.0061333 6 
0.00518905 0.00610131 6 
0.00516098 0.00521789 6 
0.0051196 0.00539128 6 
0.0049967 0.00539372 6 
0.0049609 0.00512645 6 
0.00494316 0.00500867 6 
0.00491756 0.00529555 6 
0.00485157 0.00506627 6 
0.00479513 0.00569776 6 
0.00475967 0.00477745 6 
0.00475144 0.00476992 6 
0.00465557 0.00472069 6 
0.00456909 0.00515635 6 
0.0045614 0.00513873 6 
0.0045243 0.00481528 6 
0.00449945 0.00519437 6 
0.00445744 0.00465493 6 
0.00442419 0.00472069 6 
0.0044172 0.00456268 6 
0.0047099 0.00482815 7 
0.00416111 0.00441725 7 
0.00394509 0.00440595 7 
0.00379323 0.00386201 7 
0.00377404 0.00392512 7 
0.00353209 0.00381706 7 
0.00348489 0.00350266 7 
0.0034732 0.00356032 7 
0.00346131 0.00370627 7 
0.00334076 0.00390604 7 
0.00332969 0.00333067 7 
0.00327073 0.00336582 7 
0.0032588 0.0034652 7 
0.00321919 0.00339775 7 
0.00320533 0.0034368 7 
0.00301505 0.0030426 7 
0.00300331 0.00332634 7 
0.00295523 0.00298536 7 
0.00283584 0.00287322 7 
0.00277667 0.00289312 7 
0.00274365 0.00360077 7 
0.00269174 0.00311758 7 
0.00267657 0.00284501 7 
0.00248997 0.0025461 7 
0.00214837 0.00215857 7 
0.00284084 0.00316979 8 
0.00277963 0.00305941 8 
0.00270712 0.00278248 8 
0.00259118 0.0026024 8 
0.00257562 0.00262459 8 
0.0024253 0.00246118 8 
0.0023765 0.00247666 8 
0.00223792 0.0022606 8 
0.00221043 0.0023891 8 
0.00215335 0.00240893 8 
0.00214649 0.00250358 8 
0.00210266 0.00218556 8 
0.0020363 0.00205696 8 
0.00200639 0.00219031 8 
0.00196441 0.00246795 8 
0.0019076 0.00197202 8 
0.00185678 0.00255874 8 
0.0017653 0.00184917 8 
0.00168396 0.00182637 8 
0.0015716 0.00159567 8 
0.00898692 0.00899152 9 
0.00206517 0.00236182 9 
0.00205236 0.00221584 9 
0.00199882 0.00205239 9 
0.00179193 0.00181063 9 
0.00178318 0.00186067 9 
0.00171463 0.00182869 9 
0.00165643 0.00174389 9 
0.00161356 0.00184426 9 
0.00158735 0.00168278 9 
0.00156384 0.00171193 9 
0.00154575 0.0017566 9 
0.00145366 0.00146927 9 
0.00144267 0.00171275 9 
0.00143822 0.00154399 9 
0.00142674 0.00156755 9 
0.00135094 0.0018058 9 
0.00131788 0.00134188 9 
0.00129296 0.00132027 9 
0.00108506 0.00125548 9 
