0 0.493255 0 
0 0.495225 0 
0 0.497479 0 
0 0.499049 0 
0 0.501031 0 
0 0.501043 0 
0 0.502671 0 
0 0.50292 0 
0 0.503772 0 
0 0.504244 0 
0 0.504427 0 
0 0.505151 0 
0 0.505186 0 
0 0.505439 0 
0 0.505585 0 
0 0.50563 0 
0 0.505765 0 
0 0.505976 0 
0 0.50615 0 
0 0.506352 0 
0 0.506387 0 
0 0.506549 0 
0 0.506577 0 
0 0.506711 0 
0 0.506749 0 
0 0.506775 0 
0 0.506815 0 
0 0.506855 0 
0 0.506878 0 
0 0.506899 0 
0 0.507142 0 
0 0.507182 0 
0 0.507405 0 
0 0.507509 0 
0 0.507626 0 
0 0.507688 0 
0 0.507777 0 
0 0.507785 0 
0 0.507888 0 
0 0.507895 0 
0 0.508006 0 
0 0.508011 0 
0 0.508144 0 
0 0.508265 0 
0 0.508331 0 
0 0.508507 0 
0 0.508529 0 
0 0.508679 0 
0 0.508801 0 
0 0.508996 0 
0 0.509048 0 
0 0.509088 0 
0 0.509108 0 
0 0.509118 0 
0 0.509123 0 
0 0.509195 0 
0 0.509199 0 
0 0.509325 0 
0 0.509354 0 
0 0.509429 0 
0 0.50943 0 
0 0.509453 0 
0 0.509459 0 
0 0.509488 0 
0 0.509502 0 
0 0.509524 0 
0 0.509524 0 
0 0.509586 0 
0 0.509713 0 
0 0.509739 0 
0 0.509802 0 
0 0.50984 0 
0 0.509908 0 
0 0.509969 0 
0 0.509983 0 
0 0.510045 0 
0 0.51005 0 
0 0.510055 0 
0 0.510119 0 
0 0.510178 0 
0 0.510242 0 
0 0.510273 0 
0 0.510384 0 
0 0.51043 0 
0 0.510436 0 
0 0.510511 0 
0 0.510544 0 
0 0.51058 0 
0 0.510586 0 
0 0.510591 0 
0 0.510638 0 
0 0.510639 0 
0 0.510687 0 
0 0.510707 0 
0 0.510846 0 
0 0.510847 0 
0 0.510848 0 
0 0.510879 0 
0 0.51092 0 
0 0.51109 0 
0 0.511106 0 
0 0.51113 0 
0 0.511201 0 
0 0.511205 0 
0 0.511219 0 
0 0.511335 0 
0 0.511343 0 
0 0.511437 0 
0 0.511437 0 
0 0.511446 0 
0 0.511679 0 
0 0.511717 0 
0 0.511718 0 
0 0.511765 0 
0 0.511904 0 
0 0.511949 0 
0 0.511988 0 
0 0.512306 0 
0 0.512336 0 
0 0.51247 0 
0 0.512526 0 
0 0.512646 0 
0 0.512707 0 
0 0.513211 0 
0 0.513284 0 
0 0.513421 0 
0 0.51402 0 
0 inf 0 
0 0.19389 1 
0 0.194478 1 
0 0.196796 1 
0 0.197279 1 
0 0.197441 1 
0 0.197927 1 
0 0.198066 1 
0 0.198507 1 
0 0.198796 1 
0 0.198856 1 
0 0.199113 1 
0 0.199223 1 
0 0.199442 1 
0 0.199493 1 
0 0.199496 1 
0 0.199504 1 
0 0.199629 1 
0 0.199666 1 
0 0.199689 1 
0 0.199772 1 
0 0.199967 1 
0 0.199971 1 
0 0.200094 1 
0 0.200098 1 
0 0.200147 1 
0 0.200236 1 
0 0.200268 1 
0 0.200393 1 
0 0.200529 1 
0 0.200625 1 
0 0.200654 1 
0 0.200752 1 
0 0.200788 1 
0 0.200885 1 
0 0.201201 1 
0 0.201332 1 
0 0.201417 1 
0 0.201494 1 
0 0.201526 1 
0 0.201597 1 
0 0.201623 1 
0 0.201727 1 
0 0.201743 1 
0 0.201748 1 
0 0.201754 1 
0 0.201766 1 
0 0.201768 1 
0 0.201811 1 
0 0.20187 1 
0 0.20194 1 
0 0.201953 1 
0 0.201956 1 
0 0.202011 1 
0 0.202043 1 
0 0.202126 1 
0 0.202132 1 
0 0.202153 1 
0 0.202188 1 
0 0.202209 1 
0 0.202277 1 
0 0.202285 1 
0 0.202346 1 
0 0.202352 1 
0 0.202392 1 
0 0.202396 1 
0 0.202451 1 
0 0.202458 1 
0 0.202474 1 
0 0.202523 1 
0 0.202756 1 
0 0.20276 1 
0 0.202775 1 
0 0.20291 1 
0 0.202938 1 
0 0.203001 1 
0 0.203048 1 
0 0.203074 1 
0 0.203198 1 
0 0.203208 1 
0 0.203281 1 
0 0.203305 1 
0 0.203308 1 
0 0.203318 1 
0 0.203458 1 
0 0.203511 1 
0 0.203541 1 
0 0.203544 1 
0 0.203554 1 
0 0.203628 1 
0 0.203675 1 
0 0.203709 1 
0 0.203752 1 
0 0.203795 1 
0 0.203798 1 
0 0.203863 1 
0 0.203889 1 
0 0.203898 1 
0 0.204054 1 
0 0.20418 1 
0 0.204228 1 
0 0.204262 1 
0 0.204333 1 
0 0.204394 1 
0 0.204439 1 
0 0.204539 1 
0 0.204591 1 
0 0.204629 1 
0 0.204651 1 
0 0.204668 1 
0 0.20472 1 
0 0.20472 1 
0 0.204741 1 
0 0.204852 1 
0 0.205018 1 
0 0.205051 1 
0 0.205172 1 
0 0.205214 1 
0 0.205219 1 
0 0.205276 1 
0 0.205387 1 
0 0.205389 1 
0 0.205499 1 
0 0.205656 1 
0 0.20566 1 
0 0.205816 1 
0 0.206687 1 
0 0.206735 1 
0 inf 1 
0 0.081676 2 
0 0.0818293 2 
0 0.0824744 2 
0 0.0831221 2 
0 0.0835936 2 
0 0.0835942 2 
0 0.0836535 2 
0 0.0836736 2 
0 0.0838391 2 
0 0.083971 2 
0 0.0839742 2 
0 0.0840505 2 
0 0.0840807 2 
0 0.0842047 2 
0 0.0844172 2 
0 0.0844227 2 
0 0.0844307 2 
0 0.084512 2 
0 0.0845336 2 
0 0.084567 2 
0 0.0846496 2 
0 0.084666 2 
0 0.0847787 2 
0 0.0849281 2 
0 0.0849571 2 
0 0.0850735 2 
0 0.0851994 2 
0 0.0852401 2 
0 0.0852512 2 
0 0.0853502 2 
0 0.0854848 2 
0 0.0855498 2 
0 0.0855501 2 
0 0.0856069 2 
0 0.0856725 2 
0 0.0857598 2 
0 0.0857879 2 
0 0.0857893 2 
0 0.0858193 2 
0 0.0858956 2 
0 0.0859943 2 
0 0.0860136 2 
0 0.0860432 2 
0 0.0861129 2 
0 0.086143 2 
0 0.0861572 2 
0 0.0861658 2 
0 0.0862473 2 
0 0.086297 2 
0 0.0863113 2 
0 0.0863297 2 
0 0.0863635 2 
0 0.0863665 2 
0 0.086391 2 
0 0.086409 2 
0 0.0864312 2 
0 0.0864545 2 
0 0.0864981 2 
0 0.0865428 2 
0 0.0865537 2 
0 0.086584 2 
0 0.0866203 2 
0 0.0866367 2 
0 0.0866557 2 
0 0.0866761 2 
0 0.0866807 2 
0 0.0867397 2 
0 0.0867755 2 
0 0.0868494 2 
0 0.0869198 2 
0 0.0870276 2 
0 0.0870278 2 
0 0.0870932 2 
0 0.0871075 2 
0 0.0871256 2 
0 0.0871427 2 
0 0.0871542 2 
0 0.0871557 2 
0 0.0871797 2 
0 0.0872134 2 
0 0.0872187 2 
0 0.0872263 2 
0 0.0872586 2 
0 0.0872988 2 
0 0.0873055 2 
0 0.0873443 2 
0 0.0873504 2 
0 0.0874664 2 
0 0.0874767 2 
0 0.0875058 2 
0 0.0876053 2 
0 0.0876253 2 
0 0.087648 2 
0 0.0876657 2 
0 0.0877709 2 
0 0.0879011 2 
0 0.0880345 2 
0 0.0880743 2 
0 0.0880947 2 
0 0.0882168 2 
0 0.0882285 2 
0 0.0883424 2 
0 0.0883522 2 
0 0.0883549 2 
0 0.0884246 2 
0 0.0885347 2 
0 0.0885533 2 
0 0.0886654 2 
0 0.0886962 2 
0 0.0887587 2 
0 0.0888043 2 
0 0.0888076 2 
0 0.088891 2 
0 0.0888997 2 
0 0.0892572 2 
0 0.0892876 2 
0 0.0894423 2 
0 0.089494 2 
0 0.089504 2 
0 0.0896806 2 
0 0.0897537 2 
0 0.08987 2 
0 0.0900492 2 
0 0.0902391 2 
0 0.0907321 2 
0 0.0910795 2 
0 0.0913184 2 
0 inf 2 
0 0.0361819 3 
0 0.0362034 3 
0 0.0365261 3 
0 0.0368247 3 
0 0.0368819 3 
0 0.037236 3 
0 0.0373481 3 
0 0.0373773 3 
0 0.0374507 3 
0 0.0375454 3 
0 0.0375482 3 
0 0.0375581 3 
0 0.0376723 3 
0 0.0377186 3 
0 0.0377292 3 
0 0.0377593 3 
0 0.0378204 3 
0 0.037853 3 
0 0.0379014 3 
0 0.0379561 3 
0 0.0380277 3 
0 0.0380996 3 
0 0.0381194 3 
0 0.0381634 3 
0 0.0381986 3 
0 0.0382077 3 
0 0.0382821 3 
0 0.038287 3 
0 0.0382956 3 
0 0.0383508 3 
0 0.0383995 3 
0 0.0384818 3 
0 0.0385285 3 
0 0.038559 3 
0 0.0385786 3 
0 0.0385817 3 
0 0.0386007 3 
0 0.0386123 3 
0 0.0386324 3 
0 0.0386978 3 
0 0.0387011 3 
0 0.0387014 3 
0 0.0387099 3 
0 0.0387833 3 
0 0.0387895 3 
0 0.0387986 3 
0 0.0389206 3 
0 0.0389477 3 
0 0.0390042 3 
0 0.0390216 3 
0 0.0390271 3 
0 0.0390389 3 
0 0.0390432 3 
0 0.039064 3 
0 0.0390687 3 
0 0.0391678 3 
0 0.0391866 3 
0 0.0391917 3 
0 0.0391952 3 
0 0.039247 3 
0 0.0392642 3 
0 0.0393002 3 
0 0.039339 3 
0 0.039389 3 
0 0.0393915 3 
0 0.0394312 3 
0 0.0394332 3 
0 0.0394475 3 
0 0.0394669 3 
0 0.0394734 3 
0 0.0395009 3 
0 0.0395062 3 
0 0.0396319 3 
0 0.0396381 3 
0 0.0396417 3 
0 0.0396467 3 
0 0.0396496 3 
0 0.0396722 3 
0 0.0397287 3 
0 0.03975 3 
0 0.0397523 3 
0 0.0398278 3 
0 0.0398749 3 
0 0.0398948 3 
0 0.0399794 3 
0 0.0399795 3 
0 0.0399905 3 
0 0.0400036 3 
0 0.0400078 3 
0 0.0400917 3 
0 0.0401162 3 
0 0.0401383 3 
0 0.0401573 3 
0 0.0401623 3 
0 0.0401782 3 
0 0.0401862 3 
0 0.0402052 3 
0 0.0402078 3 
0 0.0402399 3 
0 0.0402615 3 
0 0.0405123 3 
0 0.0405729 3 
0 0.0405873 3 
0 0.0406151 3 
0 0.0406199 3 
0 0.0407127 3 
0 0.0407524 3 
0 0.0408146 3 
0 0.0408246 3 
0 0.0408681 3 
0 0.0409274 3 
0 0.0409325 3 
0 0.0409809 3 
0 0.041055 3 
0 0.0412776 3 
0 0.0414047 3 
0 0.0414056 3 
0 0.0415104 3 
0 0.0415956 3 
0 0.0416175 3 
0 0.0417493 3 
0 0.041754 3 
0 0.0417788 3 
0 0.0418268 3 
0 0.0423892 3 
0 0.0426516 3 
0 0.0427835 3 
0 inf 3 
0 0.0165587 4 
0 0.0167077 4 
0 0.0168417 4 
0 0.0168967 4 
0 0.0169856 4 
0 0.0172034 4 
0 0.0172676 4 
0 0.0173962 4 
0 0.0174244 4 
0 0.0174525 4 
0 0.0175625 4 
0 0.0175933 4 
0 0.0176139 4 
0 0.0176602 4 
0 0.017662 4 
0 0.0176913 4 
0 0.01774 4 
0 0.0177423 4 
0 0.0177583 4 
0 0.0177945 4 
0 0.0178044 4 
0 0.0178076 4 
0 0.0178187 4 
0 0.0178637 4 
0 0.0179044 4 
0 0.0179332 4 
0 0.0179387 4 
0 0.0179389 4 
0 0.017942 4 
0 0.0179669 4 
0 0.0179888 4 
0 0.0180031 4 
0 0.018007 4 
0 0.0180256 4 
0 0.0180786 4 
0 0.0180877 4 
0 0.0181032 4 
0 0.0181533 4 
0 0.0181583 4 
0 0.0181681 4 
0 0.0182067 4 
0 0.0182256 4 
0 0.0182402 4 
0 0.0182415 4 
0 0.0182521 4 
0 0.0182536 4 
0 0.0183327 4 
0 0.0183457 4 
0 0.0183565 4 
0 0.0183967 4 
0 0.0184216 4 
0 0.0184233 4 
0 0.0184248 4 
0 0.0184552 4 
0 0.0184578 4 
0 0.0184714 4 
0 0.018484 4 
0 0.0185333 4 
0 0.0185396 4 
0 0.0185465 4 
0 0.0185913 4 
0 0.0186022 4 
0 0.0186061 4 
0 0.0186065 4 
0 0.0186334 4 
0 0.0186629 4 
0 0.0186697 4 
0 0.0186731 4 
0 0.0186736 4 
0 0.0186991 4 
0 0.018713 4 
0 0.0187363 4 
0 0.0187573 4 
0 0.0187813 4 
0 0.0187872 4 
0 0.0188535 4 
0 0.0188672 4 
0 0.0188709 4 
0 0.0189015 4 
0 0.0189245 4 
0 0.0189434 4 
0 0.0189544 4 
0 0.0189654 4 
0 0.0189814 4 
0 0.0189946 4 
0 0.0190009 4 
0 0.0190088 4 
0 0.019022 4 
0 0.0190339 4 
0 0.019036 4 
0 0.0190518 4 
0 0.019055 4 
0 0.0190782 4 
0 0.0190972 4 
0 0.0191002 4 
0 0.0191212 4 
0 0.0191324 4 
0 0.0191785 4 
0 0.0192052 4 
0 0.0192195 4 
0 0.0192368 4 
0 0.0193083 4 
0 0.0193255 4 
0 0.019348 4 
0 0.0193893 4 
0 0.0194466 4 
0 0.0194506 4 
0 0.0195142 4 
0 0.0195858 4 
0 0.0196033 4 
0 0.0196545 4 
0 0.0196644 4 
0 0.0197226 4 
0 0.0198171 4 
0 0.0198589 4 
0 0.0198949 4 
0 0.0199878 4 
0 0.0200136 4 
0 0.0200393 4 
0 0.0200471 4 
0 0.0201621 4 
0 0.0202262 4 
0 0.0203823 4 
0 0.0204286 4 
0 0.0204861 4 
0 0.0208852 4 
0 0.0210294 4 
0 inf 4 
0 0.00773484 5 
0 0.00795745 5 
0 0.00797079 5 
0 0.0081267 5 
0 0.00814285 5 
0 0.0081706 5 
0 0.00824271 5 
0 0.00826304 5 
0 0.00830511 5 
0 0.00835019 5 
0 0.00839794 5 
0 0.00841185 5 
0 0.00845604 5 
0 0.00846014 5 
0 0.00846383 5 
0 0.00846809 5 
0 0.00849464 5 
0 0.00849545 5 
0 0.00852352 5 
0 0.00852947 5 
0 0.00857529 5 
0 0.00859363 5 
0 0.00861035 5 
0 0.00863503 5 
0 0.00863643 5 
0 0.00865139 5 
0 0.00866009 5 
0 0.00867327 5 
0 0.00872048 5 
0 0.00872949 5 
0 0.00875015 5 
0 0.00875483 5 
0 0.00875715 5 
0 0.00875908 5 
0 0.00876791 5 
0 0.00877359 5 
0 0.00879025 5 
0 0.00880233 5 
0 0.00880296 5 
0 0.00880847 5 
0 0.00882207 5 
0 0.00883435 5 
0 0.00883706 5 
0 0.0089029 5 
0 0.00890576 5 
0 0.00891775 5 
0 0.00892114 5 
0 0.00892486 5 
0 0.00895062 5 
0 0.00895194 5 
0 0.00898063 5 
0 0.00900766 5 
0 0.00901807 5 
0 0.00903525 5 
0 0.00904461 5 
0 0.00904478 5 
0 0.00905117 5 
0 0.00906223 5 
0 0.00906261 5 
0 0.00906763 5 
0 0.00907866 5 
0 0.00908009 5 
0 0.00908611 5 
0 0.00908703 5 
0 0.00909209 5 
0 0.00911311 5 
0 0.00912564 5 
0 0.00913375 5 
0 0.00914075 5 
0 0.00915315 5 
0 0.00916227 5 
0 0.00917189 5 
0 0.00917271 5 
0 0.00917605 5 
0 0.00918064 5 
0 0.00918105 5 
0 0.00918266 5 
0 0.0091925 5 
0 0.00919343 5 
0 0.00921222 5 
0 0.00923391 5 
0 0.00923732 5 
0 0.0092378 5 
0 0.00924022 5 
0 0.00925663 5 
0 0.00926001 5 
0 0.00927354 5 
0 0.00928353 5 
0 0.00929782 5 
0 0.0093013 5 
0 0.00932843 5 
0 0.00935093 5 
0 0.0093579 5 
0 0.00936322 5 
0 0.00936532 5 
0 0.00936743 5 
0 0.0093936 5 
0 0.00944505 5 
0 0.00944691 5 
0 0.0094501 5 
0 0.00945907 5 
0 0.00948143 5 
0 0.00948773 5 
0 0.00952982 5 
0 0.00960419 5 
0 0.00961638 5 
0 0.00964091 5 
0 0.00967816 5 
0 0.00967885 5 
0 0.00969576 5 
0 0.00975076 5 
0 0.00976373 5 
0 0.00977515 5 
0 0.00978612 5 
0 0.00979676 5 
0 0.00981034 5 
0 0.00985167 5 
0 0.00993749 5 
0 0.00994305 5 
0 0.0100422 5 
0 0.0100449 5 
0 0.010082 5 
0 0.0101097 5 
0 0.0102192 5 
0 0.0102353 5 
0 0.0105422 5 
0 0.0105626 5 
0 inf 5 
0 0.00370239 6 
0 0.00384765 6 
0 0.00388708 6 
0 0.00393847 6 
0 0.00399942 6 
0 0.00401813 6 
0 0.00402096 6 
0 0.00402105 6 
0 0.00404119 6 
0 0.00409438 6 
0 0.00410148 6 
0 0.00412043 6 
0 0.00412591 6 
0 0.0041286 6 
0 0.00413462 6 
0 0.00415937 6 
0 0.00417393 6 
0 0.00417707 6 
0 0.0041771 6 
0 0.00420275 6 
0 0.0042293 6 
0 0.00423686 6 
0 0.0042422 6 
0 0.00425485 6 
0 0.00425956 6 
0 0.00428861 6 
0 0.004295 6 
0 0.00429572 6 
0 0.00430531 6 
0 0.00431114 6 
0 0.00431523 6 
0 0.00431737 6 
0 0.00433111 6 
0 0.00433465 6 
0 0.00434138 6 
0 0.00435064 6 
0 0.00435383 6 
0 0.00438041 6 
0 0.00438319 6 
0 0.00440306 6 
0 0.00440974 6 
0 0.00441157 6 
0 0.00441528 6 
0 0.00443876 6 
0 0.00443965 6 
0 0.00446418 6 
0 0.00446508 6 
0 0.00446581 6 
0 0.00446965 6 
0 0.00447387 6 
0 0.00447559 6 
0 0.00447886 6 
0 0.00448475 6 
0 0.00448649 6 
0 0.00448744 6 
0 0.00449373 6 
0 0.00450512 6 
0 0.00450804 6 
0 0.00450974 6 
0 0.00452874 6 
0 0.00453182 6 
0 0.00453298 6 
0 0.00454314 6 
0 0.00454765 6 
0 0.00454856 6 
0 0.00454866 6 
0 0.00454915 6 
0 0.00454951 6 
0 0.0045555 6 
0 0.00455849 6 
0 0.00456441 6 
0 0.00458505 6 
0 0.00458977 6 
0 0.00459184 6 
0 0.00459231 6 
0 0.0045957 6 
0 0.00459697 6 
0 0.00461065 6 
0 0.00461396 6 
0 0.00461453 6 
0 0.00462099 6 
0 0.00462393 6 
0 0.00462607 6 
0 0.00462785 6 
0 0.00462887 6 
0 0.00463119 6 
0 0.004637 6 
0 0.00464101 6 
0 0.00466574 6 
0 0.00466703 6 
0 0.00467287 6 
0 0.0046882 6 
0 0.0047024 6 
0 0.00471365 6 
0 0.00471522 6 
0 0.00471678 6 
0 0.00472566 6 
0 0.00473517 6 
0 0.00474368 6 
0 0.00475294 6 
0 0.00476474 6 
0 0.00477987 6 
0 0.00480008 6 
0 0.00483657 6 
0 0.00484297 6 
0 0.00486149 6 
0 0.00487346 6 
0 0.00487417 6 
0 0.00488888 6 
0 0.00490491 6 
0 0.00490553 6 
0 0.00491334 6 
0 0.00493084 6 
0 0.00493159 6 
0 0.00495017 6 
0 0.0049532 6 
0 0.0049743 6 
0 0.0049987 6 
0 0.00505215 6 
0 0.0050673 6 
0 0.00510344 6 
0 0.00513123 6 
0 0.00518547 6 
0 0.00519026 6 
0 0.00523386 6 
0 0.00536272 6 
0 0.0054683 6 
0 inf 6 
0 0.00180883 7 
0 0.00189249 7 
0 0.00193829 7 
0 0.00193928 7 
0 0.0019816 7 
0 0.00199091 7 
0 0.00199549 7 
0 0.00199668 7 
0 0.00201052 7 
0 0.0020376 7 
0 0.00204652 7 
0 0.00205405 7 
0 0.00205979 7 
0 0.00206074 7 
0 0.00207989 7 
0 0.00208027 7 
0 0.0020967 7 
0 0.00209751 7 
0 0.002102 7 
0 0.0021034 7 
0 0.0021112 7 
0 0.00212114 7 
0 0.0021283 7 
0 0.00213254 7 
0 0.00213871 7 
0 0.00213876 7 
0 0.00214179 7 
0 0.00214494 7 
0 0.00217374 7 
0 0.00217761 7 
0 0.00217918 7 
0 0.00217935 7 
0 0.00219258 7 
0 0.002196 7 
0 0.00219605 7 
0 0.00220069 7 
0 0.002201 7 
0 0.00220659 7 
0 0.0022084 7 
0 0.00220842 7 
0 0.00221427 7 
0 0.00221739 7 
0 0.00222581 7 
0 0.00223449 7 
0 0.00223732 7 
0 0.00223854 7 
0 0.00223925 7 
0 0.00224711 7 
0 0.00224993 7 
0 0.00224999 7 
0 0.00225991 7 
0 0.00227044 7 
0 0.002275 7 
0 0.00228275 7 
0 0.00228292 7 
0 0.00228509 7 
0 0.00228695 7 
0 0.00229316 7 
0 0.00229474 7 
0 0.00229804 7 
0 0.00230186 7 
0 0.0023046 7 
0 0.00230594 7 
0 0.00230999 7 
0 0.00231013 7 
0 0.00231188 7 
0 0.0023159 7 
0 0.00231792 7 
0 0.00231916 7 
0 0.0023216 7 
0 0.00232509 7 
0 0.00232711 7 
0 0.00233385 7 
0 0.00233406 7 
0 0.00233844 7 
0 0.0023388 7 
0 0.00233904 7 
0 0.00233917 7 
0 0.00233917 7 
0 0.00234338 7 
0 0.00234631 7 
0 0.00235195 7 
0 0.00236288 7 
0 0.00236553 7 
0 0.00236868 7 
0 0.00237066 7 
0 0.00237312 7 
0 0.0023753 7 
0 0.00237883 7 
0 0.00238189 7 
0 0.00238496 7 
0 0.00239094 7 
0 0.00240288 7 
0 0.00241208 7 
0 0.00241911 7 
0 0.00242404 7 
0 0.00242406 7 
0 0.00242864 7 
0 0.00243075 7 
0 0.00243153 7 
0 0.00245365 7 
0 0.00245844 7 
0 0.00247123 7 
0 0.00247574 7 
0 0.00248002 7 
0 0.00248344 7 
0 0.00249657 7 
0 0.00249779 7 
0 0.0025041 7 
0 0.00250715 7 
0 0.00252194 7 
0 0.00252455 7 
0 0.00252917 7 
0 0.00253251 7 
0 0.00254151 7 
0 0.00255684 7 
0 0.00255757 7 
0 0.00255846 7 
0 0.00256656 7 
0 0.00259677 7 
0 0.00261685 7 
0 0.00262639 7 
0 0.00266878 7 
0 0.00267231 7 
0 0.00271365 7 
0 0.00277429 7 
0 0.00281901 7 
0 inf 7 
0 0.000899278 8 
0 0.000945697 8 
0 0.000969399 8 
0 0.000983062 8 
0 0.000993375 8 
0 0.00100264 8 
0 0.00100452 8 
0 0.00100883 8 
0 0.00102042 8 
0 0.00102683 8 
0 0.00103532 8 
0 0.00104369 8 
0 0.00104487 8 
0 0.00104519 8 
0 0.00104818 8 
0 0.00104985 8 
0 0.00105069 8 
0 0.00105399 8 
0 0.00107382 8 
0 0.00107588 8 
0 0.00108226 8 
0 0.00108629 8 
0 0.00108756 8 
0 0.00108773 8 
0 0.00108828 8 
0 0.00108971 8 
0 0.00109271 8 
0 0.0010944 8 
0 0.00109467 8 
0 0.00110272 8 
0 0.00110367 8 
0 0.00110681 8 
0 0.00110947 8 
0 0.00111085 8 
0 0.00111391 8 
0 0.00111812 8 
0 0.0011199 8 
0 0.00112354 8 
0 0.00112827 8 
0 0.00113258 8 
0 0.00113669 8 
0 0.00114055 8 
0 0.00114077 8 
0 0.00114916 8 
0 0.00114938 8 
0 0.00115014 8 
0 0.00115102 8 
0 0.00115214 8 
0 0.00115298 8 
0 0.00115495 8 
0 0.00116046 8 
0 0.00116085 8 
0 0.00116112 8 
0 0.00116182 8 
0 0.00116439 8 
0 0.00116447 8 
0 0.00116669 8 
0 0.00117083 8 
0 0.00117421 8 
0 0.00117624 8 
0 0.00117696 8 
0 0.00118166 8 
0 0.00118181 8 
0 0.00118342 8 
0 0.00118512 8 
0 0.00118844 8 
0 0.0011891 8 
0 0.00119319 8 
0 0.00119412 8 
0 0.00119539 8 
0 0.00119708 8 
0 0.00119976 8 
0 0.00120148 8 
0 0.0012022 8 
0 0.00120353 8 
0 0.00120656 8 
0 0.00120967 8 
0 0.00121234 8 
0 0.00121432 8 
0 0.00121642 8 
0 0.00121811 8 
0 0.00122213 8 
0 0.00122419 8 
0 0.00122775 8 
0 0.00122947 8 
0 0.00123314 8 
0 0.00123975 8 
0 0.00124174 8 
0 0.00124425 8 
0 0.00124448 8 
0 0.0012473 8 
0 0.00125002 8 
0 0.00125063 8 
0 0.0012523 8 
0 0.00125745 8 
0 0.00125934 8 
0 0.00125978 8 
0 0.00126222 8 
0 0.00126585 8 
0 0.00126806 8 
0 0.00126936 8 
0 0.00127157 8 
0 0.00127519 8 
0 0.00128009 8 
0 0.00128662 8 
0 0.0012905 8 
0 0.00129216 8 
0 0.00129375 8 
0 0.00129636 8 
0 0.00129716 8 
0 0.00130898 8 
0 0.0013159 8 
0 0.00131641 8 
0 0.00131675 8 
0 0.00132213 8 
0 0.0013228 8 
0 0.00132754 8 
0 0.00132911 8 
0 0.00133768 8 
0 0.00134204 8 
0 0.00135838 8 
0 0.00135906 8 
0 0.00139007 8 
0 0.00139115 8 
0 0.00142242 8 
0 0.00145589 8 
0 0.00146395 8 
0 inf 8 
0 0.00045386 9 
0 0.000479161 9 
0 0.00049085 9 
0 0.000505076 9 
0 0.000505678 9 
0 0.000511889 9 
0 0.000514492 9 
0 0.000517246 9 
0 0.000517526 9 
0 0.000526242 9 
0 0.000530659 9 
0 0.000532532 9 
0 0.000535616 9 
0 0.000535616 9 
0 0.000536275 9 
0 0.000536697 9 
0 0.000538361 9 
0 0.000542742 9 
0 0.000543057 9 
0 0.000547825 9 
0 0.000552971 9 
0 0.000554168 9 
0 0.000555105 9 
0 0.000561344 9 
0 0.00056143 9 
0 0.000561784 9 
0 0.000562505 9 
0 0.000564052 9 
0 0.000564729 9 
0 0.00056692 9 
0 0.000567079 9 
0 0.000568711 9 
0 0.000569864 9 
0 0.000574274 9 
0 0.000577588 9 
0 0.000577622 9 
0 0.000579716 9 
0 0.000579868 9 
0 0.000580916 9 
0 0.000581202 9 
0 0.000584791 9 
0 0.000585551 9 
0 0.00058654 9 
0 0.000588064 9 
0 0.000589246 9 
0 0.000594368 9 
0 0.000595801 9 
0 0.000596877 9 
0 0.000597229 9 
0 0.000597491 9 
0 0.000598202 9 
0 0.000599695 9 
0 0.000599864 9 
0 0.000602074 9 
0 0.000603051 9 
0 0.000604879 9 
0 0.000608509 9 
0 0.000608596 9 
0 0.00060936 9 
0 0.000611783 9 
0 0.000612014 9 
0 0.000612031 9 
0 0.000613454 9 
0 0.000614542 9 
0 0.000616274 9 
0 0.000616408 9 
0 0.000616988 9 
0 0.000618221 9 
0 0.000621511 9 
0 0.000621937 9 
0 0.000621998 9 
0 0.000623888 9 
0 0.000624324 9 
0 0.000625729 9 
0 0.000628014 9 
0 0.000632244 9 
0 0.000632348 9 
0 0.000632706 9 
0 0.000633714 9 
0 0.000634792 9 
0 0.000635646 9 
0 0.000637761 9 
0 0.000639116 9 
0 0.000639868 9 
0 0.000640346 9 
0 0.000640944 9 
0 0.000641478 9 
0 0.000645265 9 
0 0.000645322 9 
0 0.000648606 9 
0 0.000650536 9 
0 0.000650969 9 
0 0.000652871 9 
0 0.000657443 9 
0 0.000657807 9 
0 0.00065881 9 
0 0.000660638 9 
0 0.000663987 9 
0 0.000664097 9 
0 0.000666825 9 
0 0.000667781 9 
0 0.000668547 9 
0 0.000670464 9 
0 0.000671002 9 
0 0.000672461 9 
0 0.000672833 9 
0 0.000673536 9 
0 0.00067616 9 
0 0.000676658 9 
0 0.000677204 9 
0 0.000677861 9 
0 0.000681928 9 
0 0.000683341 9 
0 0.000693579 9 
0 0.000697464 9 
0 0.000698841 9 
0 0.000700375 9 
0 0.000701061 9 
0 0.000701274 9 
0 0.000708658 9 
0 0.00071094 9 
0 0.000713423 9 
0 0.000730968 9 
0 0.000731233 9 
0 0.000752176 9 
0 0.000758839 9 
0 0.000772418 9 
0 inf 9 
