0.522697 0.540902 0 
0.522663 0.538786 0 
0.522599 0.540712 0 
0.52255 0.539566 0 
0.522295 0.540875 0 
0.521671 0.540522 0 
0.521607 0.536239 0 
0.521442 0.541156 0 
0.521427 0.541511 0 
0.521412 0.543517 0 
0.521251 0.54153 0 
0.520979 0.540612 0 
0.520693 0.539254 0 
0.520631 0.542772 0 
0.520481 0.541571 0 
0.520427 0.543183 0 
0.520418 0.540576 0 
0.520243 0.539509 0 
0.520159 0.540191 0 
0.520071 0.54012 0 
0.51993 0.54012 0 
0.51989 0.543256 0 
0.519825 0.520735 0 
0.519808 0.542363 0 
0.519673 0.539675 0 
0.519621 0.538925 0 
0.519562 0.541478 0 
0.519561 0.540887 0 
0.519517 0.541129 0 
0.519506 0.539626 0 
0.519424 0.539272 0 
0.519407 0.540887 0 
0.519319 0.541976 0 
0.519275 0.539566 0 
0.519219 0.543387 0 
0.51917 0.542595 0 
0.519159 0.542624 0 
0.519152 0.541201 0 
0.519049 0.541525 0 
0.519034 0.539906 0 
0.519029 0.544059 0 
0.519008 0.519204 0 
0.518964 0.541451 0 
0.518901 0.520465 0 
0.518762 0.542244 0 
0.518754 0.54162 0 
0.518684 0.520023 0 
0.518647 0.519771 0 
0.518607 0.519375 0 
0.518571 0.540215 0 
0.518564 0.538786 0 
0.5185 0.518799 0 
0.518497 0.542723 0 
0.518488 0.542013 0 
0.518457 0.545451 0 
0.518403 0.539499 0 
0.51825 0.542285 0 
0.518224 0.518417 0 
0.51817 0.542409 0 
0.518066 0.541121 0 
0.518037 0.541094 0 
0.518025 0.541892 0 
0.518006 0.541981 0 
0.51797 0.518129 0 
0.517964 0.519392 0 
0.517947 0.539272 0 
0.517924 0.540724 0 
0.517898 0.519546 0 
0.517893 0.540544 0 
0.517893 0.541228 0 
0.517849 0.539468 0 
0.517837 0.520791 0 
0.517829 0.521319 0 
0.517756 0.517908 0 
0.517671 0.541303 0 
0.517593 0.517736 0 
0.517532 0.518269 0 
0.517436 0.517865 0 
0.517425 0.51958 0 
0.517388 0.517564 0 
0.517331 0.51924 0 
0.517305 0.540238 0 
0.517303 0.517714 0 
0.517288 0.541119 0 
0.51728 0.543227 0 
0.51724 0.519066 0 
0.517131 0.542218 0 
0.51713 0.539509 0 
0.517091 0.538359 0 
0.517023 0.517326 0 
0.516954 0.54013 0 
0.516876 0.519987 0 
0.516851 0.517155 0 
0.516799 0.517417 0 
0.516779 0.54226 0 
0.516767 0.54013 0 
0.516745 0.541228 0 
0.516738 0.541799 0 
0.516654 0.541926 0 
0.516629 0.517714 0 
0.516616 0.541513 0 
0.516602 0.51805 0 
0.516585 0.539468 0 
0.516534 0.519119 0 
0.516521 0.519697 0 
0.516496 0.541033 0 
0.516489 0.540452 0 
0.516414 0.519204 0 
0.516412 0.540413 0 
0.516393 0.520528 0 
0.516383 0.519049 0 
0.516378 0.518562 0 
0.516362 0.54013 0 
0.516308 0.516488 0 
0.516291 0.518649 0 
0.516264 0.519499 0 
0.516254 0.51915 0 
0.516195 0.517654 0 
0.516193 0.539143 0 
0.51618 0.538925 0 
0.516151 0.54009 0 
0.51614 0.52182 0 
0.516131 0.517654 0 
0.516106 0.53977 0 
0.516075 0.516476 0 
0.516053 0.520055 0 
0.516053 0.539134 0 
0.516033 0.541967 0 
0.516032 0.542672 0 
0.516011 0.520047 0 
0.516004 0.54122 0 
0.515969 0.516852 0 
0.515919 0.541098 0 
0.515908 0.521356 0 
0.515892 0.543504 0 
0.515887 0.520684 0 
0.515877 0.540474 0 
0.515849 0.517308 0 
0.515833 0.516704 0 
0.515831 0.518883 0 
0.515801 0.518869 0 
0.515782 0.539712 0 
0.515773 0.543184 0 
0.515753 0.539712 0 
0.515748 0.519491 0 
0.515739 0.541012 0 
0.515721 0.51721 0 
0.515696 0.541759 0 
0.515671 0.517557 0 
0.515657 0.542461 0 
0.515641 0.517564 0 
0.515616 0.542624 0 
0.515585 0.519111 0 
0.515496 0.517859 0 
0.51548 0.516969 0 
0.515463 0.517241 0 
0.515424 0.539971 0 
0.515403 0.521327 0 
0.515387 0.516412 0 
0.51537 0.516921 0 
0.515288 0.518754 0 
0.515287 0.539712 0 
0.515264 0.539499 0 
0.515261 0.538359 0 
0.515221 0.544272 0 
0.51522 0.517155 0 
0.515216 0.516095 0 
0.515198 0.543064 0 
0.515191 0.539482 0 
0.515178 0.541191 0 
0.515175 0.519375 0 
0.515152 0.518703 0 
0.515084 0.541012 0 
0.515083 0.516705 0 
0.515046 0.516903 0 
0.515045 0.517115 0 
0.51504 0.539468 0 
0.515012 0.520371 0 
0.515008 0.520735 0 
0.514994 0.521623 0 
0.514991 0.517911 0 
0.514988 0.539571 0 
0.51496 0.517352 0 
0.51495 0.541049 0 
0.514913 0.539272 0 
0.51491 0.541547 0 
0.514884 0.515665 0 
0.514878 0.517973 0 
0.514843 0.539626 0 
0.514837 0.520589 0 
0.51483 0.518869 0 
0.514824 0.515024 0 
0.514809 0.518562 0 
0.514794 0.515279 0 
0.514777 0.540492 0 
0.514762 0.542322 0 
0.514755 0.517239 0 
0.514692 0.539626 0 
0.51466 0.516743 0 
0.51465 0.539499 0 
0.514645 0.518267 0 
0.514621 0.516162 0 
0.514613 0.51795 0 
0.514609 0.537948 0 
0.514601 0.514674 0 
0.514592 0.517132 0 
0.514581 0.516671 0 
0.514576 0.542723 0 
0.514572 0.517666 0 
0.514568 0.518754 0 
0.514528 0.515531 0 
0.514512 0.517426 0 
0.514489 0.542082 0 
0.514449 0.520015 0 
0.514441 0.515948 0 
0.514428 0.517557 0 
0.514397 0.541657 0 
0.514392 0.540609 0 
0.514374 0.539134 0 
0.514366 0.539468 0 
0.514365 0.54012 0 
0.514361 0.543972 0 
0.514352 0.521822 0 
0.514331 0.518985 0 
0.514313 0.543231 0 
0.514302 0.542322 0 
0.514286 0.518991 0 
0.514281 0.539571 0 
0.514256 0.515531 0 
0.51424 0.516812 0 
0.514189 0.517921 0 
0.514172 0.520684 0 
0.514168 0.514445 0 
0.514136 0.517451 0 
0.514134 0.544514 0 
0.514132 0.545764 0 
0.514121 0.519558 0 
0.514103 0.51585 0 
0.514044 0.522158 0 
0.514036 0.542681 0 
0.51399 0.53977 0 
0.513969 0.519047 0 
0.513951 0.517973 0 
0.513932 0.51531 0 
0.513862 0.537948 0 
0.513858 0.540612 0 
0.513826 0.519831 0 
0.513804 0.515298 0 
0.51378 0.519392 0 
0.513751 0.515727 0 
0.513715 0.518145 0 
0.513713 0.517105 0 
0.513711 0.54226 0 
0.513704 0.517911 0 
0.513687 0.517012 0 
0.513661 0.538054 0 
0.51365 0.516735 0 
0.513599 0.514838 0 
0.513568 0.540238 0 
0.513481 0.538312 0 
0.51345 0.539254 0 
0.513445 0.54051 0 
0.513433 0.517241 0 
0.513421 0.51509 0 
0.513418 0.519903 0 
0.513418 0.539712 0 
0.513414 0.538359 0 
0.513413 0.515091 0 
0.513407 0.54006 0 
0.513389 0.520541 0 
0.513381 0.539653 0 
0.51335 0.54051 0 
0.513335 0.54226 0 
0.513327 0.543285 0 
0.513294 0.540712 0 
0.513279 0.537948 0 
0.513257 0.517934 0 
0.513246 0.516449 0 
0.513246 0.515677 0 
0.513213 0.519409 0 
0.51317 0.540544 0 
0.513169 0.518883 0 
0.51315 0.540851 0 
0.513149 0.542241 0 
0.513121 0.540541 0 
0.513098 0.519018 0 
0.513063 0.54009 0 
0.513045 0.542194 0 
0.513042 0.539653 0 
0.513029 0.539675 0 
0.513016 0.52182 0 
0.513012 0.513032 0 
0.513012 0.542677 0 
0.513008 0.520684 0 
0.513002 0.520684 0 
0.512964 0.53518 0 
0.512949 0.545212 0 
0.512931 0.51741 0 
0.51289 0.541419 0 
0.512886 0.543256 0 
0.512865 0.519491 0 
0.512831 0.520015 0 
0.512821 0.538359 0 
0.512785 0.54006 0 
0.512781 0.540413 0 
0.512762 0.539556 0 
0.512752 0.542241 0 
0.512738 0.540397 0 
0.512735 0.51777 0 
0.512727 0.517863 0 
0.512723 0.516116 0 
0.512697 0.539675 0 
0.512654 0.516706 0 
0.512654 0.539799 0 
0.512639 0.515918 0 
0.512629 0.54006 0 
0.512604 0.541249 0 
0.512598 0.536239 0 
0.512572 0.519018 0 
0.512553 0.518517 0 
0.512485 0.536857 0 
0.512438 0.539468 0 
0.512422 0.536239 0 
0.512411 0.540215 0 
0.512343 0.513821 0 
0.512333 0.53518 0 
0.512224 0.54364 0 
0.512164 0.539703 0 
0.51205 0.54012 0 
0.512019 0.538312 0 
0.512002 0.538054 0 
0.511994 0.540887 0 
0.511945 0.540902 0 
0.51186 0.539703 0 
0.51182 0.542082 0 
0.511805 0.541586 0 
0.511787 0.54051 0 
0.511747 0.53518 0 
0.511737 0.540673 0 
0.511722 0.54013 0 
0.511682 0.545959 0 
0.511632 0.542363 0 
0.511558 0.54012 0 
0.511542 0.512841 0 
0.511516 0.542772 0 
0.511499 0.542321 0 
0.511488 0.544731 0 
0.511421 0.538925 0 
0.511358 0.541094 0 
0.511353 0.536857 0 
0.511343 0.538786 0 
0.511299 0.538925 0 
0.511258 0.540545 0 
0.511241 0.543256 0 
0.511228 0.541121 0 
0.511226 0.539626 0 
0.511222 0.540474 0 
0.511217 0.540522 0 
0.511172 0.541536 0 
0.511147 0.541182 0 
0.511135 0.540576 0 
0.511036 0.542102 0 
0.510964 0.540902 0 
0.51096 0.54198 0 
0.51079 0.515953 0 
0.510713 0.541855 0 
0.510517 0.540851 0 
0.510456 0.541121 0 
0.510435 0.54316 0 
0.510427 0.510644 0 
0.510425 0.539978 0 
0.51027 0.517185 0 
0.51021 0.541201 0 
0.510067 0.541033 0 
0.510053 0.54214 0 
0.509976 0.544931 0 
0.50996 0.543306 0 
0.509902 0.543227 0 
0.509603 0.545634 0 
0.509573 0.545888 0 
0.508874 0.511873 0 
0.2181 0.221252 1 
0.218093 0.222144 1 
0.217101 0.224955 1 
0.217039 0.224286 1 
0.216398 0.226134 1 
0.216388 0.220146 1 
0.216188 0.229861 1 
0.215915 0.222752 1 
0.215682 0.222961 1 
0.215464 0.224857 1 
0.215422 0.225672 1 
0.215285 0.222387 1 
0.215208 0.225232 1 
0.215145 0.21994 1 
0.215046 0.223302 1 
0.215022 0.227471 1 
0.215012 0.22359 1 
0.214905 0.225968 1 
0.214897 0.222323 1 
0.21479 0.221856 1 
0.214431 0.225098 1 
0.214398 0.222825 1 
0.214398 0.22242 1 
0.214358 0.225634 1 
0.21429 0.220277 1 
0.214285 0.225961 1 
0.214283 0.221285 1 
0.214227 0.223752 1 
0.214182 0.221856 1 
0.214038 0.228514 1 
0.213958 0.223077 1 
0.213907 0.22313 1 
0.21377 0.221852 1 
0.213701 0.223737 1 
0.213669 0.223912 1 
0.213653 0.224955 1 
0.213537 0.229946 1 
0.213395 0.228187 1 
0.21337 0.222108 1 
0.213323 0.222423 1 
0.21326 0.222736 1 
0.213188 0.223876 1 
0.213135 0.220712 1 
0.213083 0.222825 1 
0.21307 0.229236 1 
0.213041 0.223495 1 
0.212879 0.223789 1 
0.212751 0.227394 1 
0.212742 0.215813 1 
0.212723 0.223592 1 
0.212613 0.224351 1 
0.212598 0.226015 1 
0.212555 0.221839 1 
0.21251 0.223346 1 
0.212494 0.224976 1 
0.212431 0.225293 1 
0.212295 0.221129 1 
0.212288 0.227898 1 
0.21224 0.222486 1 
0.212184 0.218789 1 
0.212149 0.222932 1 
0.212109 0.22362 1 
0.212079 0.219908 1 
0.212054 0.21994 1 
0.212033 0.222435 1 
0.212023 0.220712 1 
0.211891 0.223437 1 
0.211868 0.22055 1 
0.211719 0.22871 1 
0.211702 0.221306 1 
0.21167 0.223789 1 
0.211515 0.220673 1 
0.211445 0.223607 1 
0.211444 0.220741 1 
0.211424 0.225049 1 
0.211406 0.222094 1 
0.211392 0.222822 1 
0.21139 0.226222 1 
0.211373 0.219575 1 
0.21134 0.221252 1 
0.21134 0.223214 1 
0.211303 0.222403 1 
0.211287 0.225367 1 
0.211282 0.221095 1 
0.211185 0.225556 1 
0.21107 0.223933 1 
0.211049 0.222486 1 
0.211023 0.220972 1 
0.211005 0.222356 1 
0.210915 0.223903 1 
0.210863 0.225194 1 
0.210827 0.225998 1 
0.210818 0.225037 1 
0.210732 0.219575 1 
0.210718 0.220742 1 
0.210665 0.220223 1 
0.210649 0.219309 1 
0.210471 0.218789 1 
0.210446 0.221984 1 
0.210354 0.22333 1 
0.210347 0.222676 1 
0.210338 0.223663 1 
0.210284 0.221852 1 
0.210262 0.220972 1 
0.210209 0.222832 1 
0.210153 0.2235 1 
0.210149 0.210638 1 
0.210122 0.225038 1 
0.210114 0.221129 1 
0.210096 0.212064 1 
0.210021 0.220712 1 
0.21001 0.2233 1 
0.209937 0.222252 1 
0.209899 0.224328 1 
0.209812 0.221644 1 
0.209729 0.224857 1 
0.20972 0.209808 1 
0.209633 0.219309 1 
0.20962 0.22055 1 
0.209523 0.209545 1 
0.209495 0.225705 1 
0.209487 0.222918 1 
0.209485 0.210399 1 
0.209475 0.219908 1 
0.209457 0.227595 1 
0.209346 0.221129 1 
0.209299 0.224806 1 
0.209241 0.222323 1 
0.209207 0.221091 1 
0.209063 0.225563 1 
0.209029 0.225623 1 
0.209026 0.224368 1 
0.208833 0.229114 1 
0.208818 0.220673 1 
0.208757 0.221766 1 
0.208745 0.224368 1 
0.208731 0.209835 1 
0.208707 0.22055 1 
0.208658 0.223789 1 
0.208628 0.222918 1 
0.208554 0.219487 1 
0.208522 0.211358 1 
0.208511 0.220881 1 
0.208391 0.208698 1 
0.208307 0.210657 1 
0.208194 0.220318 1 
0.208126 0.208537 1 
0.208123 0.21813 1 
0.208036 0.22315 1 
0.208029 0.224057 1 
0.208028 0.215813 1 
0.208022 0.210126 1 
0.207949 0.221856 1 
0.207887 0.209011 1 
0.207878 0.208446 1 
0.207875 0.210105 1 
0.207853 0.208074 1 
0.207665 0.207889 1 
0.207645 0.208364 1 
0.207637 0.207799 1 
0.207627 0.221323 1 
0.207616 0.210512 1 
0.207611 0.209808 1 
0.207605 0.221285 1 
0.207593 0.210252 1 
0.207557 0.225445 1 
0.207537 0.226196 1 
0.207535 0.223663 1 
0.207526 0.223355 1 
0.207488 0.210861 1 
0.20743 0.209853 1 
0.207396 0.222346 1 
0.207377 0.207722 1 
0.207361 0.207397 1 
0.207359 0.208071 1 
0.207307 0.220223 1 
0.207247 0.208617 1 
0.207231 0.220806 1 
0.207218 0.222108 1 
0.20715 0.220223 1 
0.207144 0.210265 1 
0.207126 0.222486 1 
0.207108 0.208406 1 
0.207101 0.207285 1 
0.20691 0.221095 1 
0.206862 0.221212 1 
0.206847 0.207572 1 
0.206814 0.208315 1 
0.206812 0.207717 1 
0.206765 0.208238 1 
0.206757 0.21004 1 
0.206753 0.22055 1 
0.206698 0.207528 1 
0.206695 0.209953 1 
0.206655 0.209258 1 
0.206615 0.220881 1 
0.20661 0.219309 1 
0.20658 0.221984 1 
0.206568 0.21045 1 
0.20656 0.210999 1 
0.206481 0.207209 1 
0.206473 0.206964 1 
0.206459 0.210639 1 
0.20643 0.222951 1 
0.2064 0.206407 1 
0.206396 0.222752 1 
0.206363 0.209321 1 
0.206352 0.216169 1 
0.206294 0.206574 1 
0.206288 0.210725 1 
0.206208 0.210248 1 
0.206201 0.207567 1 
0.206193 0.227001 1 
0.206175 0.208207 1 
0.206138 0.207397 1 
0.206133 0.207617 1 
0.206129 0.221129 1 
0.206126 0.209642 1 
0.206092 0.226486 1 
0.20606 0.211078 1 
0.20605 0.209479 1 
0.20603 0.219487 1 
0.206029 0.210277 1 
0.206002 0.220277 1 
0.205979 0.216169 1 
0.205972 0.207805 1 
0.205966 0.208076 1 
0.205959 0.229429 1 
0.205911 0.209808 1 
0.205799 0.206491 1 
0.205669 0.207402 1 
0.205649 0.207299 1 
0.205625 0.222752 1 
0.205614 0.224928 1 
0.205605 0.206858 1 
0.205597 0.212124 1 
0.205594 0.2233 1 
0.205555 0.20609 1 
0.205532 0.221209 1 
0.205526 0.207752 1 
0.205461 0.209375 1 
0.205454 0.225107 1 
0.205444 0.222112 1 
0.205389 0.210639 1 
0.205366 0.207973 1 
0.205324 0.207269 1 
0.205321 0.2204 1 
0.205309 0.224362 1 
0.205258 0.209443 1 
0.205244 0.206385 1 
0.205242 0.210772 1 
0.205217 0.205835 1 
0.205203 0.210722 1 
0.205178 0.218456 1 
0.205144 0.20783 1 
0.205122 0.221091 1 
0.205077 0.205231 1 
0.205066 0.205992 1 
0.20506 0.205755 1 
0.205058 0.222057 1 
0.205032 0.206517 1 
0.205032 0.208897 1 
0.205027 0.221939 1 
0.205022 0.207234 1 
0.205021 0.207239 1 
0.204956 0.207391 1 
0.204935 0.21813 1 
0.204857 0.204985 1 
0.204847 0.207397 1 
0.204818 0.220741 1 
0.204809 0.207722 1 
0.204804 0.207606 1 
0.204773 0.208979 1 
0.20475 0.2233 1 
0.20475 0.207973 1 
0.204702 0.222401 1 
0.2047 0.218789 1 
0.204681 0.210514 1 
0.204645 0.224696 1 
0.204639 0.205246 1 
0.204633 0.218456 1 
0.204608 0.224377 1 
0.204591 0.221644 1 
0.204568 0.204651 1 
0.204561 0.219309 1 
0.204555 0.207833 1 
0.204523 0.213832 1 
0.204513 0.220673 1 
0.204499 0.215813 1 
0.204477 0.209884 1 
0.20443 0.222403 1 
0.204428 0.207376 1 
0.204386 0.218051 1 
0.204367 0.211949 1 
0.204353 0.222401 1 
0.204316 0.220806 1 
0.204295 0.205236 1 
0.204283 0.219908 1 
0.204265 0.222648 1 
0.204264 0.21276 1 
0.204262 0.220881 1 
0.204198 0.204283 1 
0.204195 0.22055 1 
0.20414 0.222092 1 
0.204128 0.223965 1 
0.204114 0.206032 1 
0.204082 0.208076 1 
0.204081 0.204583 1 
0.204053 0.205837 1 
0.204051 0.213832 1 
0.204051 0.21994 1 
0.204021 0.218051 1 
0.204014 0.218789 1 
0.204013 0.207391 1 
0.204004 0.205587 1 
0.203968 0.208549 1 
0.203959 0.220972 1 
0.203931 0.221839 1 
0.203877 0.213832 1 
0.203807 0.222387 1 
0.203797 0.2225 1 
0.203763 0.210399 1 
0.203722 0.207647 1 
0.203636 0.222825 1 
0.203597 0.20595 1 
0.203567 0.220972 1 
0.203559 0.208571 1 
0.203514 0.204116 1 
0.203498 0.222094 1 
0.203463 0.220742 1 
0.203442 0.21813 1 
0.203274 0.209727 1 
0.203267 0.221095 1 
0.203263 0.226151 1 
0.203158 0.220622 1 
0.203112 0.221095 1 
0.203097 0.222356 1 
0.202837 0.221209 1 
0.20272 0.203517 1 
0.202637 0.204583 1 
0.202556 0.208491 1 
0.202396 0.221285 1 
0.202359 0.222993 1 
0.202342 0.222568 1 
0.199202 0.201957 1 
0.0996475 0.103642 2 
0.0993742 0.103574 2 
0.0990071 0.102191 2 
0.0989728 0.100115 2 
0.0987558 0.100314 2 
0.0984789 0.100196 2 
0.0982218 0.0993853 2 
0.0980455 0.098458 2 
0.0977994 0.101751 2 
0.0976925 0.0979968 2 
0.0975627 0.10263 2 
0.0975138 0.0976638 2 
0.0974783 0.0982254 2 
0.0974495 0.102699 2 
0.0973684 0.0979694 2 
0.0972016 0.0976308 2 
0.0971942 0.097511 2 
0.0971915 0.0978649 2 
0.0971422 0.0978993 2 
0.0970938 0.102598 2 
0.0970751 0.100163 2 
0.0968301 0.0995742 2 
0.0968256 0.100071 2 
0.0967786 0.0981296 2 
0.0967062 0.0996084 2 
0.0966211 0.0971844 2 
0.0965522 0.101845 2 
0.0964187 0.098823 2 
0.0963919 0.0967226 2 
0.0962953 0.0977917 2 
0.0962389 0.0972445 2 
0.0961894 0.0971282 2 
0.096184 0.0969998 2 
0.0961349 0.100041 2 
0.0961158 0.0994953 2 
0.096095 0.098877 2 
0.0960607 0.101355 2 
0.0959329 0.0990217 2 
0.0959194 0.0963591 2 
0.0958653 0.096869 2 
0.0958184 0.0965414 2 
0.0958116 0.0999469 2 
0.0958034 0.0977488 2 
0.0956576 0.0988764 2 
0.0955854 0.0959111 2 
0.0954711 0.0978993 2 
0.0954319 0.0983197 2 
0.0954064 0.0977488 2 
0.0953632 0.0998207 2 
0.095312 0.098212 2 
0.0953075 0.0984982 2 
0.0952449 0.097618 2 
0.0952114 0.0993853 2 
0.0951786 0.0978097 2 
0.0950702 0.0967751 2 
0.0949768 0.1027 2 
0.0948219 0.0992813 2 
0.0947172 0.0983592 2 
0.0946829 0.099562 2 
0.09461 0.0984997 2 
0.0945664 0.0975576 2 
0.0945311 0.0952768 2 
0.0944065 0.0989386 2 
0.0944027 0.0980912 2 
0.0943153 0.0988324 2 
0.0943148 0.0970597 2 
0.0942576 0.0954343 2 
0.0942489 0.0944703 2 
0.0941751 0.0974568 2 
0.0941404 0.095724 2 
0.0941192 0.0969147 2 
0.0941058 0.0953279 2 
0.0940936 0.0945424 2 
0.0940828 0.0951419 2 
0.0940597 0.100495 2 
0.0940454 0.098862 2 
0.0939273 0.100118 2 
0.0939121 0.0981211 2 
0.0938117 0.0978062 2 
0.0937948 0.101194 2 
0.0937515 0.0965363 2 
0.0936633 0.0949496 2 
0.093635 0.096981 2 
0.0934771 0.0979422 2 
0.0934765 0.0978062 2 
0.0934724 0.0975647 2 
0.0932566 0.0941494 2 
0.0932349 0.0995079 2 
0.0932012 0.0963591 2 
0.0931792 0.095724 2 
0.0931337 0.0967854 2 
0.0931002 0.0951077 2 
0.0929839 0.0963277 2 
0.0929781 0.0971282 2 
0.0929667 0.0967751 2 
0.092925 0.0963591 2 
0.0928894 0.093059 2 
0.0928441 0.0972445 2 
0.0927277 0.0941494 2 
0.0927261 0.0995247 2 
0.0926948 0.0970334 2 
0.0926641 0.0951808 2 
0.0926175 0.0979591 2 
0.0926136 0.0951077 2 
0.0925939 0.0963277 2 
0.0925183 0.0958002 2 
0.0924956 0.0979422 2 
0.0924672 0.0964304 2 
0.0924632 0.0968708 2 
0.0924372 0.0959111 2 
0.0924254 0.0952559 2 
0.092409 0.0977488 2 
0.0923958 0.0971901 2 
0.0923127 0.0985953 2 
0.0922818 0.0937939 2 
0.0922745 0.0941906 2 
0.0922154 0.096538 2 
0.0921948 0.0987142 2 
0.0921592 0.0982614 2 
0.0921313 0.0959111 2 
0.0921013 0.0923562 2 
0.0920791 0.0953279 2 
0.0920745 0.0930391 2 
0.0920539 0.0943557 2 
0.0920049 0.0988583 2 
0.0919561 0.0961667 2 
0.0919188 0.0976638 2 
0.0918794 0.0925917 2 
0.0918599 0.0936055 2 
0.0918515 0.0987636 2 
0.0917589 0.0974483 2 
0.0917117 0.0933204 2 
0.0916885 0.0919663 2 
0.0916604 0.0978062 2 
0.0916434 0.0971844 2 
0.0916422 0.0983178 2 
0.0916396 0.102608 2 
0.0915662 0.0929958 2 
0.0914846 0.0923581 2 
0.0914688 0.093497 2 
0.0914253 0.0959307 2 
0.0913583 0.0933851 2 
0.0913554 0.0966523 2 
0.0913536 0.101947 2 
0.0913284 0.100159 2 
0.0913242 0.0913855 2 
0.0913148 0.0995329 2 
0.0913036 0.0913042 2 
0.0912645 0.0949496 2 
0.091264 0.0977983 2 
0.0912063 0.0970769 2 
0.0911569 0.0915196 2 
0.0910328 0.098155 2 
0.0909608 0.090969 2 
0.0909552 0.095724 2 
0.0909503 0.0915533 2 
0.0908419 0.0976308 2 
0.0908235 0.0998358 2 
0.0907662 0.0952768 2 
0.0907358 0.0984021 2 
0.0906672 0.0971719 2 
0.0906641 0.0960877 2 
0.0906398 0.0906627 2 
0.0905936 0.0958002 2 
0.0905889 0.0979591 2 
0.0905536 0.0907398 2 
0.0905188 0.0912842 2 
0.0905133 0.0907153 2 
0.0904958 0.0955086 2 
0.0904483 0.091686 2 
0.090427 0.0924176 2 
0.0904173 0.0917006 2 
0.0904126 0.0920306 2 
0.0903078 0.0951077 2 
0.090306 0.0976638 2 
0.0902354 0.0951808 2 
0.0902081 0.0968708 2 
0.0901043 0.0982614 2 
0.0900765 0.0923544 2 
0.0900523 0.0901253 2 
0.0900364 0.0933539 2 
0.0900052 0.0906186 2 
0.0899399 0.0924769 2 
0.089924 0.0903321 2 
0.0898898 0.0904597 2 
0.0898455 0.0919169 2 
0.0898379 0.092215 2 
0.0898341 0.0899049 2 
0.0898276 0.0967751 2 
0.0898255 0.0963591 2 
0.0898216 0.0908189 2 
0.0898032 0.0903691 2 
0.0897805 0.09338 2 
0.0897672 0.0969147 2 
0.0897596 0.0905883 2 
0.08972 0.0927795 2 
0.0896807 0.0898206 2 
0.089656 0.0926128 2 
0.0896321 0.0971926 2 
0.08962 0.100666 2 
0.0895465 0.0913071 2 
0.089526 0.0923581 2 
0.0894894 0.0900279 2 
0.0894757 0.0895395 2 
0.0894648 0.0952559 2 
0.089445 0.0928177 2 
0.0894265 0.0915286 2 
0.089419 0.089445 2 
0.089393 0.095724 2 
0.0893638 0.0951808 2 
0.0893423 0.0918046 2 
0.0892917 0.0992813 2 
0.0892872 0.0921518 2 
0.0892564 0.0894154 2 
0.0892392 0.0899898 2 
0.0892207 0.0953279 2 
0.0892072 0.0920193 2 
0.0891765 0.0905649 2 
0.0891517 0.0921824 2 
0.0891037 0.0928524 2 
0.0891021 0.0927803 2 
0.089085 0.0891701 2 
0.0890753 0.091604 2 
0.08907 0.0919862 2 
0.0890677 0.0935466 2 
0.0890071 0.0926812 2 
0.0890065 0.0956601 2 
0.0889648 0.09369 2 
0.0889516 0.100434 2 
0.0889411 0.0918046 2 
0.0889255 0.0910476 2 
0.0889234 0.09369 2 
0.0889211 0.0900248 2 
0.0888953 0.0935665 2 
0.088891 0.0943557 2 
0.0888322 0.0889238 2 
0.0888313 0.0987243 2 
0.0888276 0.0903462 2 
0.088802 0.0971007 2 
0.0887699 0.0978062 2 
0.0887519 0.0972203 2 
0.0887514 0.0949496 2 
0.0887299 0.0964304 2 
0.0886947 0.0933703 2 
0.0886916 0.097511 2 
0.0886462 0.0939709 2 
0.0886351 0.0929574 2 
0.0886324 0.0892498 2 
0.0886099 0.0933703 2 
0.0885684 0.0940731 2 
0.0885555 0.091208 2 
0.08855 0.0947484 2 
0.0885467 0.0960865 2 
0.0885338 0.0950728 2 
0.0885297 0.0976321 2 
0.0884927 0.0901253 2 
0.0884757 0.0887274 2 
0.0884563 0.0935665 2 
0.0884159 0.0900014 2 
0.0883619 0.0969998 2 
0.088336 0.0891488 2 
0.0883285 0.0896869 2 
0.0883151 0.0885887 2 
0.0883083 0.0887222 2 
0.0883034 0.0906234 2 
0.0882675 0.0899501 2 
0.0882579 0.0945463 2 
0.0882569 0.0967226 2 
0.0882455 0.0913903 2 
0.0882342 0.0885045 2 
0.0882176 0.0931233 2 
0.0881853 0.0885045 2 
0.0881533 0.0941035 2 
0.0881058 0.0894294 2 
0.0880959 0.0917768 2 
0.0880912 0.0951077 2 
0.0880738 0.0916856 2 
0.0880674 0.0970334 2 
0.0880573 0.0936055 2 
0.08805 0.0898885 2 
0.0880322 0.096981 2 
0.0880048 0.0898175 2 
0.087986 0.0952559 2 
0.0879466 0.0888824 2 
0.0879465 0.0970334 2 
0.0878435 0.0880818 2 
0.0878162 0.0936055 2 
0.0877904 0.0909148 2 
0.0877232 0.0963277 2 
0.0877076 0.0879861 2 
0.0877006 0.0960584 2 
0.0876928 0.0951419 2 
0.0876442 0.0888172 2 
0.0875937 0.0958002 2 
0.0875837 0.0971142 2 
0.0875766 0.0894577 2 
0.0875435 0.0958002 2 
0.0875231 0.0960877 2 
0.0875229 0.0973591 2 
0.0874867 0.0886871 2 
0.087478 0.0959307 2 
0.0874663 0.0894736 2 
0.0874575 0.0903271 2 
0.0874005 0.0923533 2 
0.0872505 0.0901148 2 
0.0872378 0.0969147 2 
0.0871804 0.0900014 2 
0.0871453 0.0875214 2 
0.0871296 0.0973451 2 
0.087128 0.0916217 2 
0.0871264 0.0871955 2 
0.0871068 0.0905772 2 
0.0870794 0.0914929 2 
0.0870553 0.0958675 2 
0.0869813 0.089327 2 
0.0868986 0.095724 2 
0.0868868 0.0952577 2 
0.0868513 0.0916214 2 
0.0868286 0.0963277 2 
0.0866608 0.0960865 2 
0.0865596 0.08709 2 
0.0863963 0.0966519 2 
0.0863772 0.0954343 2 
0.0862187 0.0863985 2 
0.0861838 0.0903271 2 
0.085713 0.0878716 2 
0.0837957 0.0867369 2 
0.0488354 0.0489176 3 
0.0474292 0.0480588 3 
0.0473268 0.048601 3 
0.0471847 0.0477721 3 
0.0470507 0.0482693 3 
0.0465961 0.0477146 3 
0.0464043 0.046518 3 
0.0461222 0.0461985 3 
0.046072 0.0471177 3 
0.0459687 0.0473469 3 
0.045751 0.0460615 3 
0.0456795 0.0457305 3 
0.0456202 0.0459808 3 
0.0455426 0.0457262 3 
0.0453889 0.0482791 3 
0.0452733 0.0457798 3 
0.0452487 0.0452526 3 
0.0452435 0.0453618 3 
0.0451745 0.0461896 3 
0.0450979 0.045732 3 
0.0450622 0.0455131 3 
0.0450003 0.0482791 3 
0.0449621 0.0459455 3 
0.0449413 0.0454742 3 
0.0448735 0.0455079 3 
0.0447271 0.0453305 3 
0.0446818 0.044784 3 
0.0445802 0.0447738 3 
0.044535 0.0447488 3 
0.0445228 0.0465517 3 
0.0445202 0.0451155 3 
0.0443153 0.0444112 3 
0.0443139 0.0470885 3 
0.0442248 0.0466893 3 
0.0442103 0.0446673 3 
0.0441816 0.04467 3 
0.0441797 0.0442058 3 
0.0441413 0.044957 3 
0.0440337 0.0442171 3 
0.0440141 0.0441564 3 
0.0439994 0.0444112 3 
0.0439737 0.044515 3 
0.0439065 0.0440491 3 
0.0438922 0.0440832 3 
0.04386 0.0446658 3 
0.0437844 0.0449309 3 
0.0437687 0.0454099 3 
0.0437665 0.044395 3 
0.043696 0.044637 3 
0.0435908 0.0457306 3 
0.0435282 0.0438642 3 
0.0435267 0.0443183 3 
0.0434906 0.0450959 3 
0.0434605 0.0436499 3 
0.0434533 0.0483601 3 
0.043446 0.0440056 3 
0.0434334 0.0434988 3 
0.0434111 0.0435358 3 
0.0434069 0.0445271 3 
0.0433371 0.0449169 3 
0.0433305 0.0448457 3 
0.0432822 0.0438401 3 
0.0432804 0.0440926 3 
0.0432462 0.0463318 3 
0.0432217 0.0452934 3 
0.0432012 0.0478579 3 
0.0431737 0.0438825 3 
0.0431218 0.043822 3 
0.0431183 0.0440344 3 
0.0430534 0.043517 3 
0.0430458 0.0438799 3 
0.0430451 0.0451466 3 
0.0430304 0.0438825 3 
0.0430282 0.0431812 3 
0.043022 0.0439327 3 
0.0430209 0.0437786 3 
0.043016 0.0452172 3 
0.0430123 0.0430306 3 
0.0430056 0.0449309 3 
0.0429879 0.0462786 3 
0.0429761 0.0443059 3 
0.0429335 0.0455329 3 
0.0429308 0.0439786 3 
0.0428516 0.042983 3 
0.04281 0.0443344 3 
0.0427994 0.0443059 3 
0.0427857 0.0454091 3 
0.0427799 0.0442546 3 
0.0427529 0.0441523 3 
0.0427466 0.0443515 3 
0.0427457 0.0446658 3 
0.0427002 0.0430084 3 
0.0426878 0.0434184 3 
0.0426649 0.0430353 3 
0.0426625 0.0433923 3 
0.0426567 0.0436047 3 
0.0426525 0.0426784 3 
0.0426408 0.0451129 3 
0.0426394 0.0432391 3 
0.0426237 0.0453486 3 
0.042598 0.0444112 3 
0.0425889 0.0439986 3 
0.0425465 0.0450959 3 
0.0425171 0.0461905 3 
0.0425033 0.0454556 3 
0.0424212 0.0432173 3 
0.042371 0.0437288 3 
0.0423539 0.0424714 3 
0.0423487 0.0454091 3 
0.0421869 0.044957 3 
0.0421216 0.0436047 3 
0.0420784 0.0439462 3 
0.0420735 0.0438987 3 
0.0420731 0.0429252 3 
0.0420275 0.0445305 3 
0.0420143 0.0421207 3 
0.041994 0.0435067 3 
0.0419763 0.0424621 3 
0.0419602 0.0438067 3 
0.0419558 0.0432809 3 
0.0418891 0.0420116 3 
0.0418323 0.0429243 3 
0.0418225 0.0424554 3 
0.0417995 0.0441228 3 
0.0417845 0.0434988 3 
0.0417761 0.0430884 3 
0.0417696 0.0426455 3 
0.0417623 0.0435601 3 
0.0417375 0.0436855 3 
0.0417141 0.0421777 3 
0.0416812 0.0424241 3 
0.0416525 0.0419352 3 
0.0416202 0.0430653 3 
0.041585 0.0443418 3 
0.0415566 0.0415712 3 
0.0415347 0.0439986 3 
0.0415276 0.04446 3 
0.0414983 0.0433367 3 
0.0414686 0.041736 3 
0.0414575 0.0438799 3 
0.0414324 0.0430306 3 
0.0414189 0.0431794 3 
0.0414057 0.0453632 3 
0.0414004 0.0429711 3 
0.0413715 0.0432391 3 
0.0413591 0.0422031 3 
0.0413424 0.043878 3 
0.0413415 0.0416285 3 
0.0413096 0.0467833 3 
0.0412684 0.0445295 3 
0.0412621 0.0445295 3 
0.0412473 0.0438043 3 
0.0412454 0.041266 3 
0.0412371 0.0438517 3 
0.0412109 0.0437354 3 
0.041195 0.0414148 3 
0.0411916 0.0428447 3 
0.0411774 0.0438799 3 
0.0411581 0.041659 3 
0.0411452 0.0455079 3 
0.0411279 0.045635 3 
0.041106 0.0444112 3 
0.0411052 0.0433917 3 
0.0410853 0.0423471 3 
0.0410416 0.0469942 3 
0.0410362 0.0428897 3 
0.0410267 0.0429112 3 
0.0410253 0.0422423 3 
0.0410045 0.0411212 3 
0.0409934 0.0429243 3 
0.0409803 0.0424601 3 
0.0409581 0.0434006 3 
0.040951 0.0418651 3 
0.0409486 0.0445305 3 
0.0409329 0.0429252 3 
0.0409258 0.0421308 3 
0.0409029 0.0430553 3 
0.0408569 0.0409805 3 
0.0408497 0.0435294 3 
0.0408488 0.042028 3 
0.0408383 0.0450111 3 
0.0408328 0.0418803 3 
0.040796 0.0442546 3 
0.0407876 0.0421308 3 
0.0407698 0.0411558 3 
0.0407592 0.0442171 3 
0.0407351 0.0412054 3 
0.0407326 0.0430306 3 
0.0407311 0.0426721 3 
0.0407071 0.0410445 3 
0.040692 0.0420321 3 
0.0406799 0.0427921 3 
0.0406743 0.0408819 3 
0.0406614 0.0435601 3 
0.0406321 0.0415492 3 
0.0406234 0.0427752 3 
0.0406084 0.0415712 3 
0.0406019 0.0417634 3 
0.0405887 0.0408933 3 
0.0405729 0.0418803 3 
0.0405719 0.0436105 3 
0.040568 0.0434007 3 
0.0405653 0.0436576 3 
0.0405612 0.0405714 3 
0.0405489 0.0427197 3 
0.0405483 0.0441564 3 
0.0405446 0.0412197 3 
0.0405378 0.0433923 3 
0.0405344 0.0438799 3 
0.040514 0.0446542 3 
0.0404959 0.0438401 3 
0.0404958 0.0439327 3 
0.0404848 0.0428756 3 
0.0404518 0.0404874 3 
0.0404502 0.0423459 3 
0.040426 0.0430602 3 
0.0404161 0.042619 3 
0.0403897 0.040982 3 
0.0403786 0.0440252 3 
0.0403522 0.0421543 3 
0.0403218 0.0443166 3 
0.040314 0.0409986 3 
0.0403027 0.0405308 3 
0.0402876 0.0433923 3 
0.0402822 0.0405402 3 
0.0402645 0.0435811 3 
0.0402581 0.0440491 3 
0.0402057 0.0424334 3 
0.040171 0.0407539 3 
0.0401648 0.0421974 3 
0.0401509 0.0448527 3 
0.0401477 0.0444647 3 
0.0401223 0.0433856 3 
0.0401099 0.0410888 3 
0.0400942 0.0401087 3 
0.0400617 0.0445295 3 
0.0400513 0.0414072 3 
0.0400411 0.0404467 3 
0.0400368 0.044579 3 
0.0400339 0.0443716 3 
0.0400211 0.0407104 3 
0.0400139 0.0422826 3 
0.0400086 0.041331 3 
0.0399695 0.042336 3 
0.0399643 0.0404236 3 
0.0399488 0.0405639 3 
0.0399208 0.0409805 3 
0.0399116 0.0439327 3 
0.0399025 0.0439462 3 
0.0398977 0.0430433 3 
0.0398847 0.0443839 3 
0.0398344 0.0422396 3 
0.0398025 0.0435548 3 
0.0397958 0.0451088 3 
0.0397651 0.0408214 3 
0.0397517 0.0433462 3 
0.0397052 0.0399386 3 
0.0395924 0.0399074 3 
0.0395914 0.0425143 3 
0.03958 0.0412488 3 
0.0395285 0.0404467 3 
0.0395197 0.040964 3 
0.039508 0.0414171 3 
0.039504 0.0416979 3 
0.039499 0.0405308 3 
0.0394678 0.0426007 3 
0.0394091 0.0437807 3 
0.039359 0.0436047 3 
0.0393589 0.0416979 3 
0.0393433 0.0398147 3 
0.0393148 0.0421815 3 
0.0391928 0.0395838 3 
0.0391617 0.0399555 3 
0.0391373 0.0432919 3 
0.039131 0.0435644 3 
0.0390358 0.0435606 3 
0.0387673 0.0390878 3 
0.038709 0.0439486 3 
0.0376663 0.0389483 3 
0.0229557 0.023447 4 
0.0228146 0.0228503 4 
0.0224286 0.0234134 4 
0.0222526 0.0234865 4 
0.0221221 0.0226445 4 
0.0220672 0.0225614 4 
0.0219584 0.0224478 4 
0.0218286 0.0225091 4 
0.021718 0.0234481 4 
0.0216073 0.0229163 4 
0.0215131 0.0216472 4 
0.0214896 0.0216055 4 
0.0214763 0.0217535 4 
0.0214569 0.0215802 4 
0.0213819 0.0220092 4 
0.0212695 0.0213588 4 
0.0212692 0.0215463 4 
0.0212635 0.0216831 4 
0.0212442 0.0222261 4 
0.0212259 0.0213667 4 
0.0212243 0.0216472 4 
0.0211888 0.0214009 4 
0.0211886 0.0211987 4 
0.0211815 0.022376 4 
0.0211748 0.0212613 4 
0.0211592 0.0220887 4 
0.0210897 0.0229024 4 
0.0210708 0.0214607 4 
0.0210161 0.0212536 4 
0.0209888 0.0219461 4 
0.020983 0.0210424 4 
0.0209822 0.0215168 4 
0.0209799 0.0210099 4 
0.0209707 0.0210254 4 
0.0209418 0.0213474 4 
0.0209211 0.0215428 4 
0.0209125 0.0219031 4 
0.0208938 0.0212613 4 
0.0208857 0.0213877 4 
0.0208609 0.0210245 4 
0.0207845 0.0218147 4 
0.0207835 0.0217406 4 
0.0207526 0.0209254 4 
0.0207459 0.0212053 4 
0.0207341 0.0209958 4 
0.0207153 0.0213588 4 
0.0207016 0.0207503 4 
0.0206664 0.0211286 4 
0.020662 0.0217371 4 
0.0206061 0.0214595 4 
0.0206042 0.0210584 4 
0.0205586 0.020949 4 
0.0205342 0.021979 4 
0.0205209 0.0210204 4 
0.0205133 0.0212854 4 
0.0205001 0.0214835 4 
0.0204924 0.020697 4 
0.0204893 0.0208152 4 
0.020475 0.0207227 4 
0.0204345 0.0209254 4 
0.0203978 0.0210024 4 
0.0203725 0.0217109 4 
0.0203635 0.0215451 4 
0.0203633 0.0216934 4 
0.0203181 0.0205619 4 
0.0203077 0.0205616 4 
0.0202436 0.0203319 4 
0.0202431 0.0205152 4 
0.0202006 0.0207607 4 
0.0201946 0.0203494 4 
0.0201895 0.0208815 4 
0.0201847 0.0211531 4 
0.0201654 0.0209906 4 
0.0201623 0.0205381 4 
0.0201487 0.0203286 4 
0.0201379 0.0209558 4 
0.020128 0.0214775 4 
0.0201194 0.0208249 4 
0.0201131 0.0207557 4 
0.0201066 0.020786 4 
0.0201026 0.0204115 4 
0.0200952 0.0203805 4 
0.0200367 0.0210217 4 
0.0200149 0.0209254 4 
0.0200034 0.0214957 4 
0.0199918 0.0201253 4 
0.0199907 0.0204378 4 
0.0199903 0.0204956 4 
0.0199694 0.0201139 4 
0.0199532 0.02124 4 
0.0199462 0.0207998 4 
0.0199107 0.0219031 4 
0.0199102 0.0202249 4 
0.0199097 0.020059 4 
0.019904 0.0208903 4 
0.0199015 0.0214664 4 
0.0198986 0.0225477 4 
0.0198895 0.0211531 4 
0.0198841 0.0205407 4 
0.0198837 0.0205052 4 
0.0198753 0.0200709 4 
0.019867 0.0200738 4 
0.0198385 0.0207943 4 
0.0198232 0.02121 4 
0.0198064 0.0227475 4 
0.0197706 0.0201446 4 
0.0197703 0.0205006 4 
0.0197345 0.020411 4 
0.0197337 0.0203122 4 
0.0197334 0.0205892 4 
0.0197256 0.021488 4 
0.0197114 0.019783 4 
0.0197023 0.0216601 4 
0.0197021 0.0209909 4 
0.0196923 0.0198162 4 
0.0196765 0.0207291 4 
0.0196643 0.0196919 4 
0.0196559 0.0208249 4 
0.0196412 0.0209685 4 
0.0196372 0.0212309 4 
0.0196312 0.0214994 4 
0.0196264 0.0196919 4 
0.0196212 0.0200414 4 
0.0196204 0.0211214 4 
0.0196186 0.0197149 4 
0.0196141 0.0200526 4 
0.0196133 0.0208266 4 
0.0196102 0.0215039 4 
0.019608 0.0205006 4 
0.0196028 0.0199189 4 
0.0195835 0.0207291 4 
0.019545 0.0204956 4 
0.0195422 0.0202634 4 
0.0195376 0.0207607 4 
0.0195245 0.0212536 4 
0.0195215 0.0204649 4 
0.0195078 0.0201253 4 
0.0195063 0.0205052 4 
0.0194979 0.0199089 4 
0.0194868 0.0204908 4 
0.0194531 0.0205616 4 
0.0194465 0.021272 4 
0.0194446 0.0204497 4 
0.0194262 0.0201522 4 
0.0194196 0.0195621 4 
0.0194145 0.0209184 4 
0.0194121 0.0197981 4 
0.0193864 0.019552 4 
0.0193608 0.0198919 4 
0.0193563 0.0201139 4 
0.0193531 0.0205407 4 
0.0193418 0.0204023 4 
0.0193207 0.020917 4 
0.0193092 0.0215463 4 
0.0193068 0.0205556 4 
0.0193053 0.0200242 4 
0.0193027 0.0204023 4 
0.0192844 0.0195824 4 
0.0192834 0.0205617 4 
0.019265 0.0193654 4 
0.019263 0.0209091 4 
0.0192499 0.0193654 4 
0.0192286 0.0194433 4 
0.0192149 0.0210099 4 
0.0192111 0.0207434 4 
0.0192047 0.0203624 4 
0.0192035 0.019387 4 
0.0192025 0.0205521 4 
0.0191683 0.0205768 4 
0.0191655 0.019794 4 
0.0191644 0.0212286 4 
0.0191478 0.0213564 4 
0.0191427 0.0205006 4 
0.0191321 0.019509 4 
0.0191283 0.0206653 4 
0.0191258 0.0210744 4 
0.0191136 0.0196588 4 
0.0191133 0.0204569 4 
0.0191057 0.0211286 4 
0.0190796 0.0204034 4 
0.0190589 0.0205575 4 
0.0190579 0.0209677 4 
0.0190502 0.0212309 4 
0.0190408 0.0195104 4 
0.019039 0.0204497 4 
0.0190345 0.0204908 4 
0.0190236 0.0196249 4 
0.0189935 0.0208815 4 
0.0189869 0.0190704 4 
0.0189865 0.0194717 4 
0.0189633 0.0194312 4 
0.0189025 0.0194432 4 
0.0188839 0.0198065 4 
0.0188764 0.0213776 4 
0.0188762 0.0191276 4 
0.0188741 0.01902 4 
0.0188351 0.0209677 4 
0.0187977 0.0204908 4 
0.0187962 0.0195621 4 
0.0187944 0.0206569 4 
0.0187769 0.0206479 4 
0.0187687 0.0210007 4 
0.0187678 0.0198394 4 
0.0187659 0.0190632 4 
0.0187555 0.0191611 4 
0.0187366 0.0216173 4 
0.0187164 0.0195824 4 
0.0187037 0.0199417 4 
0.0187023 0.0201299 4 
0.0186221 0.0189234 4 
0.0186114 0.0198017 4 
0.0185809 0.0198966 4 
0.0185637 0.0186452 4 
0.0185507 0.0200738 4 
0.0185471 0.0205525 4 
0.0184985 0.0190097 4 
0.0184902 0.0185755 4 
0.018465 0.0205299 4 
0.0182784 0.0203384 4 
0.0182722 0.0205535 4 
0.0181769 0.0182089 4 
0.0180836 0.0209829 4 
0.0178794 0.0181303 4 
0.0114706 0.0115823 5 
0.0113179 0.0116384 5 
0.0112282 0.011793 5 
0.0112175 0.0116713 5 
0.011078 0.0116788 5 
0.0108157 0.0108491 5 
0.010783 0.010929 5 
0.0107532 0.0109 5 
0.0107496 0.0112651 5 
0.0107488 0.0108331 5 
0.0107271 0.0111093 5 
0.0106386 0.0107977 5 
0.0106123 0.0106791 5 
0.0106119 0.0112105 5 
0.0105818 0.0105959 5 
0.0105784 0.0105995 5 
0.0105559 0.0108623 5 
0.0105341 0.0111438 5 
0.0105238 0.0105621 5 
0.010506 0.0107211 5 
0.0104891 0.0110488 5 
0.0104627 0.0109257 5 
0.0104374 0.0108638 5 
0.0104295 0.0104869 5 
0.0104258 0.0105792 5 
0.0104251 0.0106319 5 
0.0103852 0.0107027 5 
0.0103596 0.010655 5 
0.0103188 0.0107829 5 
0.010298 0.0103517 5 
0.0102807 0.0103796 5 
0.0102667 0.010671 5 
0.0102656 0.010399 5 
0.0102394 0.0103005 5 
0.0102377 0.0103062 5 
0.0102318 0.0103969 5 
0.0102178 0.0106415 5 
0.010209 0.0105224 5 
0.0101969 0.0102444 5 
0.0101732 0.0104226 5 
0.0101697 0.0104565 5 
0.0101662 0.0107172 5 
0.010129 0.0109168 5 
0.0101221 0.0101853 5 
0.0101198 0.0104337 5 
0.0101096 0.0102247 5 
0.0101009 0.0101561 5 
0.0100719 0.0102676 5 
0.0100176 0.010174 5 
0.010011 0.010427 5 
0.0100084 0.0101659 5 
0.0100066 0.0104565 5 
0.00999521 0.0103143 5 
0.00997909 0.0107006 5 
0.00997669 0.010174 5 
0.00997238 0.010034 5 
0.00997186 0.0108784 5 
0.00996414 0.0101458 5 
0.00996061 0.0102296 5 
0.00995473 0.0102089 5 
0.00995287 0.0101001 5 
0.0099485 0.00994943 5 
0.00994466 0.0100859 5 
0.00994449 0.0104849 5 
0.0099443 0.0103327 5 
0.00992905 0.0109253 5 
0.0099213 0.0103718 5 
0.00991293 0.010353 5 
0.00990718 0.00998062 5 
0.00988908 0.010222 5 
0.00988652 0.00994743 5 
0.00988467 0.0101352 5 
0.00987689 0.00994226 5 
0.00986272 0.00991436 5 
0.0098531 0.00994397 5 
0.00983874 0.0108002 5 
0.00982962 0.011238 5 
0.00982943 0.0103432 5 
0.00982782 0.0105325 5 
0.00981349 0.00997638 5 
0.0098062 0.010222 5 
0.00980574 0.0111149 5 
0.00979145 0.00988344 5 
0.00978294 0.00987779 5 
0.00977594 0.0100237 5 
0.00975389 0.0105078 5 
0.00973633 0.0103215 5 
0.00972131 0.0099447 5 
0.00971134 0.00994451 5 
0.00971107 0.0103782 5 
0.00969691 0.0101551 5 
0.00968898 0.0102079 5 
0.0096806 0.0102082 5 
0.00967432 0.00979037 5 
0.00967314 0.0105325 5 
0.00965873 0.00989332 5 
0.0096554 0.00979037 5 
0.00965265 0.0104795 5 
0.00965007 0.0100555 5 
0.00964884 0.0102322 5 
0.00964016 0.0102247 5 
0.00963928 0.0103331 5 
0.00963507 0.0103062 5 
0.00962978 0.00970143 5 
0.00961913 0.0103428 5 
0.00961062 0.0102508 5 
0.00960318 0.0103691 5 
0.00960042 0.0104567 5 
0.00958887 0.0100555 5 
0.00957775 0.00988384 5 
0.00957603 0.00986795 5 
0.00957508 0.00996195 5 
0.00957479 0.00991354 5 
0.00957293 0.0101232 5 
0.00957171 0.010165 5 
0.00956925 0.0106714 5 
0.00956474 0.010209 5 
0.00956454 0.0100882 5 
0.00956254 0.0105427 5 
0.00953789 0.00956704 5 
0.00953207 0.0098821 5 
0.00953185 0.00983624 5 
0.00953058 0.0102122 5 
0.00951873 0.0104279 5 
0.00951317 0.00992745 5 
0.00950443 0.00961529 5 
0.00948808 0.00989905 5 
0.00948025 0.00974597 5 
0.00947008 0.0101961 5 
0.0094614 0.00970143 5 
0.00945596 0.00979427 5 
0.00943343 0.0102236 5 
0.00943175 0.0105304 5 
0.00942903 0.00947569 5 
0.00942744 0.00984267 5 
0.00941106 0.0100608 5 
0.00940147 0.0097273 5 
0.00940037 0.00956704 5 
0.00939826 0.00947022 5 
0.00939457 0.0100484 5 
0.00939081 0.0101877 5 
0.00938846 0.00960291 5 
0.0093818 0.010237 5 
0.00937627 0.0102157 5 
0.00937294 0.0100683 5 
0.0093708 0.010165 5 
0.00936781 0.00939364 5 
0.00936749 0.010427 5 
0.00936597 0.00956704 5 
0.00935581 0.00960291 5 
0.0093507 0.0102504 5 
0.00934744 0.00968886 5 
0.00934476 0.0100596 5 
0.00934096 0.0101506 5 
0.00933876 0.010237 5 
0.00932188 0.00979037 5 
0.00931888 0.00984267 5 
0.00931673 0.0102105 5 
0.00930154 0.00973367 5 
0.00928579 0.00947022 5 
0.00928394 0.00955281 5 
0.00927168 0.00954125 5 
0.00924638 0.0101046 5 
0.00924636 0.0102026 5 
0.00923764 0.0101659 5 
0.00920855 0.0102608 5 
0.00920231 0.00940923 5 
0.00919312 0.0097534 5 
0.00918366 0.00930911 5 
0.00917887 0.00946096 5 
0.00916604 0.00942245 5 
0.00916348 0.0105242 5 
0.00915621 0.00923052 5 
0.00914506 0.00993936 5 
0.0091405 0.00965497 5 
0.00912359 0.0101458 5 
0.00911698 0.0102335 5 
0.00911212 0.0097575 5 
0.00907852 0.0105325 5 
0.00907348 0.00961529 5 
0.00901313 0.00993936 5 
0.00901139 0.0102141 5 
0.00900779 0.00940047 5 
0.00899188 0.0097635 5 
0.0089763 0.00925878 5 
0.00897396 0.0094864 5 
0.00897095 0.00988443 5 
0.00896453 0.00912196 5 
0.00882309 0.00974554 5 
0.0087892 0.0101365 5 
0.00874187 0.00900793 5 
0.00871715 0.0101557 5 
0.00590616 0.0061132 6 
0.00578455 0.00625269 6 
0.00565098 0.00569054 6 
0.00557574 0.00594449 6 
0.00547623 0.00583835 6 
0.00542389 0.00555413 6 
0.00541097 0.00544982 6 
0.00539126 0.00540605 6 
0.00538687 0.00544406 6 
0.00538319 0.00547717 6 
0.0053745 0.00540379 6 
0.00536825 0.00537538 6 
0.00535174 0.00544464 6 
0.00535056 0.00550732 6 
0.00534811 0.00559646 6 
0.00534285 0.00554969 6 
0.00533844 0.00557899 6 
0.00529924 0.00536752 6 
0.00528686 0.00536188 6 
0.00523226 0.00564963 6 
0.00522671 0.00530624 6 
0.00521307 0.00533657 6 
0.00519657 0.00526887 6 
0.00516835 0.00519523 6 
0.00516627 0.00524848 6 
0.00515966 0.00518044 6 
0.00514205 0.00521846 6 
0.00513604 0.00524573 6 
0.00513414 0.00517646 6 
0.00512262 0.00533178 6 
0.00511363 0.0051369 6 
0.00509677 0.00516673 6 
0.00509246 0.00516881 6 
0.00509146 0.00514585 6 
0.00508345 0.00520191 6 
0.00508324 0.00514662 6 
0.0050765 0.00526501 6 
0.00507311 0.00525066 6 
0.00505291 0.0052345 6 
0.00504919 0.00558492 6 
0.00504365 0.00520191 6 
0.00504317 0.00538444 6 
0.00504179 0.00509218 6 
0.00503943 0.00562841 6 
0.00502904 0.00507112 6 
0.00502832 0.00504434 6 
0.0050161 0.00517176 6 
0.00500929 0.00501066 6 
0.00500891 0.00524953 6 
0.00500879 0.00508948 6 
0.00500193 0.00501793 6 
0.00500174 0.00512247 6 
0.00499255 0.00506882 6 
0.0049876 0.00519071 6 
0.0049855 0.00538357 6 
0.00498147 0.00504434 6 
0.00498081 0.00524655 6 
0.00497951 0.00570728 6 
0.00496361 0.00505466 6 
0.00495886 0.00516558 6 
0.0049489 0.00513221 6 
0.00493954 0.00501045 6 
0.00491715 0.00507181 6 
0.00491431 0.00506316 6 
0.00490932 0.0050344 6 
0.00490597 0.00553221 6 
0.00490008 0.00536389 6 
0.00489876 0.00490221 6 
0.00489228 0.00490384 6 
0.00488207 0.00513751 6 
0.00488072 0.0049095 6 
0.00487643 0.00507181 6 
0.0048714 0.0052693 6 
0.00487038 0.00529193 6 
0.00486447 0.00517646 6 
0.0048615 0.00524953 6 
0.00485965 0.00514924 6 
0.00485058 0.0050588 6 
0.00484946 0.00491085 6 
0.00484455 0.00495593 6 
0.00484259 0.00509595 6 
0.00483937 0.00484006 6 
0.00483419 0.00526058 6 
0.00483059 0.00488753 6 
0.00482917 0.00483464 6 
0.00482848 0.00499447 6 
0.00482711 0.00523067 6 
0.00482585 0.00487862 6 
0.00482147 0.00508959 6 
0.00481796 0.00511843 6 
0.00481633 0.00515012 6 
0.00481293 0.00517559 6 
0.0048022 0.00494004 6 
0.0047961 0.00516881 6 
0.00479606 0.00518183 6 
0.00479114 0.00508939 6 
0.00478971 0.00482333 6 
0.00478965 0.00502141 6 
0.00478938 0.00503494 6 
0.00478839 0.0051751 6 
0.00478206 0.00505655 6 
0.00478149 0.00499958 6 
0.00477226 0.00533178 6 
0.00477108 0.00499324 6 
0.00476859 0.00532349 6 
0.00475191 0.00492818 6 
0.00475141 0.00512154 6 
0.00475048 0.0048156 6 
0.00474563 0.00535735 6 
0.00474258 0.00507108 6 
0.00474091 0.00482852 6 
0.0047342 0.00497098 6 
0.00473375 0.00484006 6 
0.00472641 0.00506043 6 
0.00472629 0.00504077 6 
0.00472454 0.0052176 6 
0.00472325 0.0050588 6 
0.00472217 0.0048846 6 
0.00471525 0.00502141 6 
0.00471364 0.00482268 6 
0.00471351 0.00517173 6 
0.00471255 0.00525497 6 
0.00471081 0.00473863 6 
0.00471054 0.00476493 6 
0.00468828 0.00501045 6 
0.00468528 0.00484006 6 
0.00468091 0.00509133 6 
0.00467464 0.00470127 6 
0.00467045 0.00472315 6 
0.00466801 0.00510088 6 
0.00465996 0.0050155 6 
0.00464852 0.00492818 6 
0.00464684 0.0048761 6 
0.00464422 0.00509133 6 
0.00464416 0.00496947 6 
0.00464154 0.00477921 6 
0.00464124 0.0051798 6 
0.0046347 0.00521051 6 
0.00463079 0.00514158 6 
0.00462622 0.00506079 6 
0.00462559 0.00510476 6 
0.00462487 0.00478201 6 
0.0046204 0.0046228 6 
0.00461519 0.00477159 6 
0.00461433 0.00510076 6 
0.00460918 0.00470127 6 
0.00459843 0.00476768 6 
0.00459615 0.00460089 6 
0.00459412 0.00471405 6 
0.00459016 0.00497213 6 
0.0045779 0.00517369 6 
0.00457758 0.00464403 6 
0.00457328 0.00473547 6 
0.00454301 0.00488548 6 
0.00452279 0.00455974 6 
0.00451964 0.00482916 6 
0.00451851 0.00509407 6 
0.00451716 0.00499748 6 
0.00451023 0.0047656 6 
0.00450838 0.00512639 6 
0.00450804 0.00514258 6 
0.00449907 0.00487642 6 
0.00449577 0.00451081 6 
0.00448213 0.00485564 6 
0.00446009 0.00537007 6 
0.00445128 0.00490221 6 
0.00443683 0.00482025 6 
0.00443214 0.00458372 6 
0.00442669 0.00461342 6 
0.00442158 0.00452297 6 
0.00441667 0.00445753 6 
0.00436628 0.0047542 6 
0.00432502 0.00509615 6 
0.00429196 0.00502113 6 
0.00427135 0.0044592 6 
0.0031204 0.00325131 7 
0.0030142 0.00326982 7 
0.00290478 0.00297531 7 
0.00286703 0.00301973 7 
0.00283139 0.00299406 7 
0.00281004 0.00290122 7 
0.00279501 0.00280681 7 
0.00277295 0.00281555 7 
0.00276572 0.0029129 7 
0.00275371 0.00275722 7 
0.00275033 0.00277872 7 
0.00274347 0.00280902 7 
0.00274106 0.00277082 7 
0.00273877 0.0028841 7 
0.0027103 0.00272832 7 
0.00269261 0.00270707 7 
0.00267764 0.00271924 7 
0.00266003 0.00267002 7 
0.00264542 0.00269244 7 
0.00264231 0.00269874 7 
0.0026331 0.00268789 7 
0.00263182 0.00267498 7 
0.00261561 0.00269788 7 
0.0026133 0.00273037 7 
0.00260163 0.00284345 7 
0.00260128 0.00260252 7 
0.00259055 0.00262525 7 
0.00258989 0.00267498 7 
0.00258584 0.00291228 7 
0.00258451 0.00259225 7 
0.00258424 0.00260696 7 
0.00258294 0.00259914 7 
0.00257023 0.00264933 7 
0.00257 0.00259225 7 
0.00256803 0.00271791 7 
0.00256326 0.0028859 7 
0.00256229 0.0027312 7 
0.00255948 0.00257658 7 
0.00255612 0.00256214 7 
0.00255608 0.00259881 7 
0.00255291 0.00267325 7 
0.0025475 0.00268028 7 
0.00253957 0.00265555 7 
0.00253885 0.00258455 7 
0.00253583 0.00261023 7 
0.00252252 0.0027533 7 
0.00250819 0.00259962 7 
0.0025027 0.00256491 7 
0.00249113 0.00260617 7 
0.00249106 0.00265378 7 
0.00248992 0.00257947 7 
0.00248478 0.00255252 7 
0.00248271 0.00252254 7 
0.00248162 0.00277951 7 
0.00247953 0.00258736 7 
0.00247867 0.00269016 7 
0.00247853 0.00265022 7 
0.00247741 0.00265625 7 
0.00247687 0.00264933 7 
0.00247427 0.00264759 7 
0.00247313 0.00266542 7 
0.00247253 0.00249348 7 
0.00246736 0.00257572 7 
0.00246648 0.00260252 7 
0.00246569 0.00268752 7 
0.00246434 0.00265378 7 
0.00246394 0.00257295 7 
0.0024576 0.00246225 7 
0.00245528 0.00257925 7 
0.00245382 0.00256827 7 
0.00245226 0.0026204 7 
0.00244279 0.00248489 7 
0.00243926 0.00250512 7 
0.00243914 0.00260911 7 
0.0024382 0.00253658 7 
0.00243766 0.00248598 7 
0.00243568 0.0025943 7 
0.002434 0.00251886 7 
0.00242906 0.00263938 7 
0.00242815 0.00255055 7 
0.00242636 0.00275453 7 
0.00242051 0.0025185 7 
0.00242019 0.00255823 7 
0.00242004 0.00252395 7 
0.00241988 0.00256689 7 
0.00241944 0.00269785 7 
0.00241543 0.00255627 7 
0.00241462 0.0025663 7 
0.00241453 0.00255352 7 
0.00241404 0.00251886 7 
0.0024113 0.00264845 7 
0.00240934 0.00249035 7 
0.0024089 0.00243619 7 
0.00240074 0.00255055 7 
0.0024 0.00257572 7 
0.00239445 0.00261478 7 
0.00238668 0.00258455 7 
0.00238632 0.00243355 7 
0.00238302 0.00269788 7 
0.00238238 0.00268651 7 
0.00237843 0.00265201 7 
0.00237538 0.00255823 7 
0.00237498 0.00256214 7 
0.00237205 0.00244694 7 
0.00237129 0.00248687 7 
0.00237125 0.00249035 7 
0.00236981 0.00256512 7 
0.00236119 0.00247717 7 
0.00236008 0.00249931 7 
0.00235709 0.00244955 7 
0.00235387 0.00236753 7 
0.00234804 0.00240568 7 
0.00234638 0.00260056 7 
0.0023449 0.00259516 7 
0.00234231 0.00256512 7 
0.00234224 0.00249464 7 
0.00233514 0.00233572 7 
0.00233492 0.00263581 7 
0.00232799 0.00233917 7 
0.00232769 0.00242105 7 
0.00232767 0.00236753 7 
0.00232483 0.00239037 7 
0.00232214 0.0025712 7 
0.00232194 0.00260617 7 
0.00231768 0.0024857 7 
0.00231605 0.00257739 7 
0.00231169 0.00242016 7 
0.00230824 0.00244005 7 
0.00230258 0.00246531 7 
0.00230102 0.00247753 7 
0.00230014 0.00254515 7 
0.00229413 0.00238543 7 
0.00229386 0.00258991 7 
0.00227669 0.00231359 7 
0.00227427 0.00249557 7 
0.00227261 0.00257741 7 
0.00226864 0.00232115 7 
0.00226836 0.00242891 7 
0.00224915 0.00228823 7 
0.00224602 0.00249348 7 
0.00224124 0.00242945 7 
0.00224115 0.0025943 7 
0.00223571 0.00279933 7 
0.0022327 0.002384 7 
0.00222408 0.00234085 7 
0.00221926 0.0023018 7 
0.00221915 0.00236413 7 
0.00221235 0.00232284 7 
0.00216822 0.00225276 7 
0.00216652 0.00255862 7 
0.00216348 0.00252895 7 
0.00166381 0.00173548 8 
0.00158525 0.00166174 8 
0.00151697 0.00156033 8 
0.00150412 0.00156921 8 
0.00149491 0.00150905 8 
0.0014505 0.00150403 8 
0.00144898 0.00152269 8 
0.00143591 0.00147001 8 
0.00142105 0.00144962 8 
0.00141445 0.00142316 8 
0.00139598 0.00142291 8 
0.00139447 0.00140108 8 
0.00139155 0.00140532 8 
0.00137562 0.0013999 8 
0.00137144 0.00143569 8 
0.00136523 0.00138497 8 
0.00136451 0.00137808 8 
0.00135748 0.00136236 8 
0.00135281 0.00146592 8 
0.00134954 0.00138497 8 
0.00134557 0.00136775 8 
0.00134286 0.00147246 8 
0.00133991 0.00140389 8 
0.00133682 0.00147574 8 
0.00133191 0.00135189 8 
0.00132966 0.00133578 8 
0.00132949 0.00133943 8 
0.00132614 0.00133578 8 
0.00132498 0.00132924 8 
0.00132198 0.00137808 8 
0.00132188 0.00132672 8 
0.00131743 0.00140526 8 
0.00131122 0.00143422 8 
0.00131078 0.00136032 8 
0.00131046 0.0014194 8 
0.00130342 0.0013303 8 
0.00130334 0.00131145 8 
0.00130063 0.00134805 8 
0.0012963 0.00137271 8 
0.00129574 0.0013401 8 
0.00129492 0.00131215 8 
0.00129424 0.00134422 8 
0.0012896 0.00137073 8 
0.00128715 0.00134245 8 
0.00128585 0.00137882 8 
0.00127957 0.0013512 8 
0.00127582 0.00133091 8 
0.00127569 0.00135253 8 
0.00127515 0.00134956 8 
0.00127508 0.00131089 8 
0.00127445 0.0013373 8 
0.00127196 0.0012859 8 
0.00127037 0.00132375 8 
0.00126723 0.00136534 8 
0.0012669 0.00130994 8 
0.00126606 0.00139928 8 
0.00126218 0.00136742 8 
0.00126119 0.00128072 8 
0.00125978 0.00128577 8 
0.0012595 0.00126126 8 
0.0012588 0.00127526 8 
0.00125854 0.00136728 8 
0.001257 0.00130004 8 
0.00125598 0.00140616 8 
0.0012544 0.00137985 8 
0.00125239 0.00130743 8 
0.00125224 0.00127913 8 
0.00125214 0.00127913 8 
0.00125185 0.00129878 8 
0.00125081 0.0013401 8 
0.0012503 0.0012696 8 
0.00124725 0.0012861 8 
0.00124584 0.00138497 8 
0.00124452 0.00134381 8 
0.00124406 0.0012589 8 
0.00124246 0.00130743 8 
0.00124103 0.00125968 8 
0.00123932 0.0012861 8 
0.00123786 0.00128577 8 
0.00123579 0.00133156 8 
0.00123515 0.0012731 8 
0.00123506 0.00132375 8 
0.00123427 0.00133148 8 
0.00123415 0.00124701 8 
0.00123399 0.00129154 8 
0.00122984 0.00129389 8 
0.00122863 0.00128252 8 
0.00122669 0.00124423 8 
0.00122667 0.0012447 8 
0.00122475 0.00135175 8 
0.00122309 0.00129883 8 
0.00122223 0.00139172 8 
0.0012208 0.00134805 8 
0.00122053 0.00134818 8 
0.0012169 0.00131331 8 
0.00121564 0.00123052 8 
0.0012147 0.00123975 8 
0.00121117 0.00134684 8 
0.00120881 0.0012383 8 
0.00120847 0.00142199 8 
0.00120101 0.00131424 8 
0.0011962 0.00120567 8 
0.0011957 0.00134296 8 
0.00119556 0.00130622 8 
0.00119527 0.0012683 8 
0.00119228 0.00120567 8 
0.0011914 0.00125945 8 
0.00119109 0.00129034 8 
0.00119006 0.00125494 8 
0.00118906 0.00127455 8 
0.00118774 0.00127593 8 
0.00118729 0.00124623 8 
0.00118694 0.00120891 8 
0.00118591 0.0012447 8 
0.00118489 0.00124149 8 
0.00118355 0.00119321 8 
0.00118293 0.00122598 8 
0.00118252 0.00133943 8 
0.00118193 0.00127531 8 
0.00117921 0.00126847 8 
0.0011789 0.00132924 8 
0.00117308 0.0013255 8 
0.00116905 0.00118088 8 
0.00116391 0.00118963 8 
0.00116367 0.00123751 8 
0.0011602 0.00126 8 
0.00115712 0.00120934 8 
0.00115628 0.00132058 8 
0.00115535 0.00131249 8 
0.00114801 0.00128072 8 
0.00114686 0.00133873 8 
0.001139 0.00119279 8 
0.00113836 0.00115064 8 
0.00113696 0.00117587 8 
0.00113688 0.00146043 8 
0.00113231 0.00122595 8 
0.00112948 0.00116035 8 
0.0011294 0.00116277 8 
0.00112925 0.00122595 8 
0.00112704 0.00116209 8 
0.00111889 0.00115779 8 
0.00110678 0.00127614 8 
0.00110078 0.00129452 8 
0.000893419 0.000929958 9 
0.000840278 0.000850501 9 
0.000809138 0.000812513 9 
0.000783462 0.000833158 9 
0.000768398 0.000773437 9 
0.000746849 0.000755468 9 
0.000746753 0.000781179 9 
0.000739224 0.000761527 9 
0.000734894 0.000752544 9 
0.00072807 0.000749745 9 
0.000724582 0.00074422 9 
0.000714279 0.000718322 9 
0.000710561 0.000719762 9 
0.000708096 0.000758168 9 
0.000706444 0.000732059 9 
0.000706279 0.000706597 9 
0.000704982 0.000705961 9 
0.000704887 0.000762636 9 
0.000704127 0.000749426 9 
0.0007026 0.000713609 9 
0.000702337 0.000719762 9 
0.000695664 0.00070646 9 
0.000693245 0.000725476 9 
0.000689305 0.000692441 9 
0.000689046 0.000692441 9 
0.000688571 0.000689819 9 
0.000686364 0.000748658 9 
0.000685753 0.00068957 9 
0.000684188 0.000731786 9 
0.000682418 0.000718322 9 
0.000679955 0.00068371 9 
0.000679444 0.000731496 9 
0.000679125 0.000699206 9 
0.000676747 0.000724944 9 
0.000676062 0.000685915 9 
0.00067583 0.000704036 9 
0.000673263 0.000703324 9 
0.000670658 0.000694262 9 
0.000668518 0.000715161 9 
0.000662945 0.000675809 9 
0.000662019 0.000708376 9 
0.000661925 0.000687053 9 
0.00066192 0.000692468 9 
0.000660641 0.000685271 9 
0.0006593 0.000661414 9 
0.000658831 0.0006743 9 
0.00065731 0.000671556 9 
0.000656921 0.000668641 9 
0.000656462 0.000722242 9 
0.000655925 0.000675809 9 
0.000654467 0.000692644 9 
0.000652079 0.000699805 9 
0.000651519 0.000653225 9 
0.000650649 0.000656107 9 
0.00065046 0.000709125 9 
0.000650149 0.000660634 9 
0.000649369 0.00071864 9 
0.000649033 0.000661414 9 
0.000646939 0.00065568 9 
0.000646112 0.000658562 9 
0.000645477 0.000708546 9 
0.000643914 0.000651166 9 
0.000643025 0.000696142 9 
0.000642251 0.000718437 9 
0.000641451 0.000651166 9 
0.000640708 0.000661091 9 
0.000640336 0.000660634 9 
0.00063951 0.00064157 9 
0.000639468 0.000721988 9 
0.000638413 0.000703212 9 
0.000637551 0.000637927 9 
0.000636075 0.000660585 9 
0.000635816 0.000728431 9 
0.000635683 0.000671462 9 
0.000634809 0.000660585 9 
0.000634714 0.000709411 9 
0.000633975 0.000688326 9 
0.000632832 0.000706314 9 
0.00063236 0.000654616 9 
0.00063109 0.000685271 9 
0.000629065 0.000678744 9 
0.000628503 0.000692606 9 
0.000626327 0.000641111 9 
0.000623688 0.000674797 9 
0.000622843 0.000651818 9 
0.000622276 0.000671627 9 
0.00062071 0.000748358 9 
0.000620492 0.000663637 9 
0.000620272 0.000691545 9 
0.000617989 0.000619509 9 
0.000616127 0.00067063 9 
0.000616038 0.000652724 9 
0.000615913 0.000651455 9 
0.000614959 0.000642028 9 
0.000612335 0.000619509 9 
0.000609723 0.000654305 9 
0.000608779 0.000643263 9 
0.000606778 0.000629128 9 
0.000605646 0.000615045 9 
0.000605172 0.000637231 9 
0.000604987 0.000673363 9 
0.000604696 0.00065878 9 
0.000603987 0.000683342 9 
0.000603334 0.000629268 9 
0.000603024 0.000612653 9 
0.000602291 0.000641605 9 
0.00060214 0.000618087 9 
0.000602086 0.000627754 9 
0.00060014 0.000686836 9 
0.000598192 0.000642041 9 
0.000597169 0.000610989 9 
0.000595835 0.000699206 9 
0.000592764 0.000656607 9 
0.000592415 0.000699932 9 
0.000591919 0.000758168 9 
0.000591807 0.000599223 9 
0.000588767 0.000619643 9 
0.000587483 0.000602638 9 
0.000585384 0.000671523 9 
0.000581355 0.000625459 9 
0.000579489 0.000610235 9 
0.000579062 0.000625459 9 
0.000577278 0.000590865 9 
0.000575849 0.000603741 9 
0.000574974 0.000578028 9 
0.000573051 0.000643392 9 
0.000569799 0.000607272 9 
0.000565762 0.000672097 9 
