0.524163 0.538701 0 
0.522941 0.538155 0 
0.522679 0.543499 0 
0.522456 0.539287 0 
0.521931 0.540653 0 
0.521659 0.540095 0 
0.521501 0.541725 0 
0.52147 0.541599 0 
0.521403 0.539156 0 
0.521399 0.543068 0 
0.521122 0.541406 0 
0.52108 0.542498 0 
0.521069 0.542318 0 
0.520833 0.541599 0 
0.520758 0.540419 0 
0.520556 0.543777 0 
0.520515 0.537637 0 
0.520425 0.538155 0 
0.520367 0.545304 0 
0.520364 0.542506 0 
0.520356 0.544069 0 
0.520314 0.540631 0 
0.520286 0.520445 0 
0.520225 0.54379 0 
0.520172 0.539287 0 
0.520128 0.541457 0 
0.520083 0.541599 0 
0.520037 0.542022 0 
0.520022 0.542498 0 
0.519988 0.538945 0 
0.519929 0.53976 0 
0.519808 0.54119 0 
0.519661 0.544037 0 
0.519629 0.5216 0 
0.519617 0.54031 0 
0.519607 0.541312 0 
0.51958 0.540504 0 
0.519522 0.543312 0 
0.51947 0.539198 0 
0.519426 0.541257 0 
0.519396 0.539105 0 
0.51937 0.540095 0 
0.519308 0.51975 0 
0.519211 0.520115 0 
0.519201 0.542728 0 
0.519169 0.542128 0 
0.519041 0.541911 0 
0.519011 0.519727 0 
0.51893 0.541837 0 
0.518907 0.539061 0 
0.5189 0.543232 0 
0.518888 0.541157 0 
0.518852 0.543184 0 
0.518848 0.54156 0 
0.518754 0.519864 0 
0.518748 0.520581 0 
0.518745 0.539674 0 
0.518727 0.540107 0 
0.518681 0.540107 0 
0.51867 0.542679 0 
0.518577 0.539859 0 
0.518539 0.542729 0 
0.518524 0.541406 0 
0.518508 0.540083 0 
0.518504 0.520416 0 
0.518496 0.540107 0 
0.518467 0.5435 0 
0.518461 0.540602 0 
0.518438 0.538155 0 
0.518413 0.543532 0 
0.518409 0.542648 0 
0.518358 0.520664 0 
0.518303 0.540263 0 
0.518175 0.541837 0 
0.518147 0.519284 0 
0.518127 0.540333 0 
0.518111 0.542022 0 
0.518061 0.540322 0 
0.517955 0.540923 0 
0.517949 0.544863 0 
0.517944 0.518252 0 
0.517888 0.518063 0 
0.517839 0.541575 0 
0.517768 0.545409 0 
0.517758 0.520398 0 
0.517713 0.542179 0 
0.517681 0.540897 0 
0.517632 0.51975 0 
0.517629 0.519123 0 
0.517625 0.54017 0 
0.517623 0.540107 0 
0.51758 0.542479 0 
0.517479 0.542154 0 
0.517464 0.518341 0 
0.517461 0.517934 0 
0.517384 0.517457 0 
0.517353 0.521228 0 
0.517336 0.537072 0 
0.517319 0.518373 0 
0.517294 0.518948 0 
0.517287 0.539895 0 
0.517265 0.545389 0 
0.517247 0.542988 0 
0.517239 0.541198 0 
0.517236 0.542225 0 
0.517201 0.517457 0 
0.517163 0.518574 0 
0.517118 0.541386 0 
0.517089 0.518766 0 
0.517008 0.54219 0 
0.516982 0.517823 0 
0.516975 0.518028 0 
0.516959 0.54085 0 
0.51695 0.52283 0 
0.516936 0.542027 0 
0.516901 0.541312 0 
0.51689 0.54156 0 
0.516884 0.538155 0 
0.516836 0.520696 0 
0.516794 0.517076 0 
0.516794 0.541709 0 
0.51676 0.518067 0 
0.516748 0.544059 0 
0.516741 0.542457 0 
0.516735 0.537637 0 
0.516718 0.540735 0 
0.516703 0.522058 0 
0.516679 0.543014 0 
0.516663 0.543209 0 
0.516656 0.537072 0 
0.516651 0.543349 0 
0.516641 0.537072 0 
0.516638 0.539061 0 
0.516636 0.517767 0 
0.516632 0.520485 0 
0.51662 0.516853 0 
0.516586 0.523473 0 
0.516581 0.517621 0 
0.516563 0.545274 0 
0.516554 0.517128 0 
0.516516 0.518754 0 
0.516483 0.517515 0 
0.516474 0.543463 0 
0.516461 0.540446 0 
0.516449 0.54031 0 
0.516447 0.541396 0 
0.516446 0.54156 0 
0.51644 0.517621 0 
0.516435 0.539068 0 
0.516427 0.543385 0 
0.516369 0.539061 0 
0.516345 0.539198 0 
0.516331 0.54119 0 
0.516254 0.542469 0 
0.516221 0.539287 0 
0.516189 0.517407 0 
0.516171 0.518207 0 
0.516167 0.541971 0 
0.516135 0.516207 0 
0.516103 0.542897 0 
0.5161 0.519369 0 
0.516051 0.518537 0 
0.516027 0.537072 0 
0.516004 0.543622 0 
0.515986 0.517446 0 
0.515933 0.519885 0 
0.51592 0.52106 0 
0.515905 0.542742 0 
0.51588 0.519189 0 
0.515872 0.542239 0 
0.515844 0.51734 0 
0.515838 0.516922 0 
0.515808 0.51681 0 
0.515777 0.516405 0 
0.515745 0.51825 0 
0.515704 0.537072 0 
0.515703 0.543758 0 
0.5157 0.541396 0 
0.515693 0.517651 0 
0.515692 0.516929 0 
0.515684 0.51834 0 
0.515684 0.543758 0 
0.515673 0.540784 0 
0.515661 0.540959 0 
0.515628 0.516276 0 
0.515609 0.520593 0 
0.515568 0.540419 0 
0.515567 0.541575 0 
0.515563 0.539061 0 
0.515548 0.541605 0 
0.515536 0.543145 0 
0.515422 0.542643 0 
0.515365 0.517685 0 
0.515352 0.542457 0 
0.515299 0.518618 0 
0.515298 0.542367 0 
0.515295 0.516205 0 
0.515295 0.519954 0 
0.515251 0.5153 0 
0.515237 0.517685 0 
0.515229 0.516604 0 
0.515225 0.542018 0 
0.515224 0.517631 0 
0.515221 0.537558 0 
0.515166 0.517654 0 
0.515148 0.518498 0 
0.515137 0.540923 0 
0.515078 0.51823 0 
0.515075 0.542154 0 
0.515068 0.540333 0 
0.515049 0.517463 0 
0.515044 0.515104 0 
0.515031 0.542481 0 
0.514974 0.537072 0 
0.514956 0.539061 0 
0.514951 0.544044 0 
0.514928 0.537558 0 
0.514907 0.517128 0 
0.514873 0.518028 0 
0.514834 0.514954 0 
0.514812 0.518037 0 
0.514783 0.543793 0 
0.514777 0.517074 0 
0.514763 0.516707 0 
0.514752 0.54119 0 
0.514751 0.540419 0 
0.514733 0.517724 0 
0.514714 0.518423 0 
0.514713 0.543337 0 
0.514707 0.539068 0 
0.514696 0.543337 0 
0.514681 0.54043 0 
0.514636 0.51655 0 
0.5146 0.520526 0 
0.514598 0.540446 0 
0.514586 0.519109 0 
0.514567 0.518618 0 
0.514502 0.516137 0 
0.514492 0.537637 0 
0.514482 0.54022 0 
0.514477 0.538945 0 
0.514468 0.51631 0 
0.514458 0.543669 0 
0.514379 0.541457 0 
0.514366 0.518458 0 
0.514337 0.518551 0 
0.514329 0.518766 0 
0.514315 0.518327 0 
0.514297 0.54017 0 
0.514295 0.541458 0 
0.514284 0.517746 0 
0.514275 0.516266 0 
0.514199 0.515931 0 
0.51418 0.541312 0 
0.514168 0.516155 0 
0.514163 0.517823 0 
0.514156 0.543391 0 
0.514137 0.539477 0 
0.514126 0.54119 0 
0.514112 0.540095 0 
0.514108 0.518352 0 
0.514033 0.514723 0 
0.514022 0.538056 0 
0.513936 0.538155 0 
0.51393 0.5418 0 
0.513909 0.516354 0 
0.513907 0.519885 0 
0.5139 0.540035 0 
0.513892 0.515245 0 
0.513883 0.541835 0 
0.513876 0.520526 0 
0.513839 0.51585 0 
0.513813 0.541052 0 
0.513787 0.53809 0 
0.513721 0.539713 0 
0.5137 0.51423 0 
0.513697 0.539068 0 
0.513654 0.544323 0 
0.513646 0.516406 0 
0.513631 0.516126 0 
0.513627 0.544539 0 
0.513627 0.517685 0 
0.513609 0.513975 0 
0.513586 0.522058 0 
0.513581 0.540083 0 
0.513552 0.513698 0 
0.513526 0.518358 0 
0.513511 0.520581 0 
0.513511 0.542369 0 
0.513497 0.540446 0 
0.513485 0.51439 0 
0.513482 0.541458 0 
0.513448 0.542318 0 
0.513441 0.541971 0 
0.513431 0.518019 0 
0.513398 0.519327 0 
0.513342 0.519493 0 
0.513287 0.519225 0 
0.51328 0.515632 0 
0.513247 0.542561 0 
0.513221 0.519954 0 
0.513135 0.539219 0 
0.513119 0.543532 0 
0.513048 0.538701 0 
0.513045 0.539287 0 
0.513038 0.515106 0 
0.513032 0.544547 0 
0.513023 0.539105 0 
0.513012 0.542367 0 
0.512991 0.54113 0 
0.512943 0.543853 0 
0.512935 0.544506 0 
0.512922 0.537072 0 
0.512843 0.520696 0 
0.512835 0.523466 0 
0.51273 0.539214 0 
0.512728 0.539156 0 
0.512726 0.540781 0 
0.512721 0.540832 0 
0.51272 0.522058 0 
0.512711 0.519189 0 
0.512709 0.516155 0 
0.512701 0.54017 0 
0.512699 0.519727 0 
0.512693 0.516391 0 
0.512674 0.520789 0 
0.512673 0.540653 0 
0.512663 0.54219 0 
0.512641 0.519442 0 
0.512635 0.522083 0 
0.512634 0.544258 0 
0.512632 0.542811 0 
0.512607 0.541396 0 
0.512549 0.538701 0 
0.512522 0.539859 0 
0.512508 0.523804 0 
0.512499 0.538945 0 
0.512456 0.540602 0 
0.512447 0.540035 0 
0.512423 0.542022 0 
0.512416 0.537558 0 
0.512411 0.54113 0 
0.512357 0.541628 0 
0.512274 0.514178 0 
0.512261 0.540891 0 
0.512233 0.542257 0 
0.512216 0.538056 0 
0.512203 0.544689 0 
0.512133 0.51231 0 
0.512116 0.542022 0 
0.512086 0.537637 0 
0.512061 0.538155 0 
0.511926 0.542954 0 
0.511908 0.540448 0 
0.511903 0.540735 0 
0.511871 0.54043 0 
0.511838 0.540631 0 
0.511802 0.540781 0 
0.511759 0.544153 0 
0.511741 0.54072 0 
0.511686 0.546907 0 
0.511684 0.543214 0 
0.511664 0.539219 0 
0.511625 0.543799 0 
0.51157 0.545063 0 
0.511522 0.540735 0 
0.511477 0.54664 0 
0.511414 0.544153 0 
0.511394 0.538945 0 
0.511386 0.542257 0 
0.511302 0.540322 0 
0.511301 0.5439 0 
0.511281 0.542318 0 
0.511257 0.546075 0 
0.511257 0.546837 0 
0.511229 0.544536 0 
0.511214 0.54085 0 
0.511195 0.540095 0 
0.511099 0.545846 0 
0.51099 0.541839 0 
0.51097 0.544724 0 
0.510921 0.539198 0 
0.510906 0.539895 0 
0.510883 0.512613 0 
0.510781 0.541248 0 
0.51078 0.543109 0 
0.510734 0.543758 0 
0.510676 0.512056 0 
0.510616 0.542457 0 
0.510599 0.54022 0 
0.510513 0.544388 0 
0.510374 0.543232 0 
0.510373 0.542239 0 
0.510319 0.546501 0 
0.510303 0.543303 0 
0.50993 0.540787 0 
0.509856 0.544044 0 
0.509734 0.54381 0 
0.509608 0.544807 0 
0.509321 0.512626 0 
0.509311 0.513047 0 
0.508541 0.545299 0 
0.220186 0.227088 1 
0.219535 0.228514 1 
0.21777 0.228632 1 
0.217664 0.226082 1 
0.217498 0.226114 1 
0.216974 0.228276 1 
0.216586 0.227816 1 
0.216299 0.220732 1 
0.216146 0.225915 1 
0.216099 0.224256 1 
0.215814 0.223919 1 
0.21575 0.222322 1 
0.215637 0.226378 1 
0.215562 0.224736 1 
0.215551 0.220351 1 
0.215526 0.219076 1 
0.21551 0.225252 1 
0.215337 0.225995 1 
0.215309 0.226145 1 
0.215219 0.224267 1 
0.215023 0.226381 1 
0.214927 0.222943 1 
0.214895 0.221884 1 
0.214881 0.222117 1 
0.214856 0.223405 1 
0.214815 0.224868 1 
0.21481 0.217193 1 
0.214805 0.222652 1 
0.21479 0.229688 1 
0.214744 0.228257 1 
0.214721 0.225176 1 
0.21472 0.223919 1 
0.214689 0.225735 1 
0.214685 0.22295 1 
0.214673 0.226114 1 
0.214585 0.222691 1 
0.21453 0.229363 1 
0.214528 0.226375 1 
0.214475 0.225805 1 
0.214441 0.225092 1 
0.214421 0.226482 1 
0.214367 0.223956 1 
0.214356 0.220935 1 
0.214277 0.225764 1 
0.214226 0.220507 1 
0.214225 0.224902 1 
0.214046 0.225514 1 
0.21402 0.227678 1 
0.213897 0.221596 1 
0.213872 0.223919 1 
0.213851 0.224608 1 
0.213827 0.223582 1 
0.2138 0.225056 1 
0.213745 0.226213 1 
0.213656 0.217786 1 
0.213634 0.224489 1 
0.213633 0.221269 1 
0.213629 0.22563 1 
0.213593 0.21806 1 
0.21359 0.2322 1 
0.213521 0.223271 1 
0.213474 0.225464 1 
0.213459 0.219892 1 
0.213416 0.225386 1 
0.213286 0.224563 1 
0.213252 0.226034 1 
0.213231 0.220255 1 
0.213202 0.225703 1 
0.213161 0.225768 1 
0.213156 0.222652 1 
0.213144 0.223954 1 
0.213083 0.222385 1 
0.213061 0.227403 1 
0.213027 0.224045 1 
0.212976 0.2278 1 
0.212969 0.223374 1 
0.212959 0.223405 1 
0.212924 0.225288 1 
0.21291 0.219194 1 
0.21289 0.22294 1 
0.212877 0.222514 1 
0.21286 0.227661 1 
0.212841 0.22714 1 
0.21281 0.218065 1 
0.212703 0.21969 1 
0.212692 0.224038 1 
0.21268 0.219038 1 
0.212658 0.21806 1 
0.212636 0.220935 1 
0.212574 0.228816 1 
0.212544 0.222556 1 
0.212537 0.227171 1 
0.212498 0.220255 1 
0.212453 0.217193 1 
0.21245 0.222616 1 
0.212392 0.226114 1 
0.21236 0.229928 1 
0.212284 0.21806 1 
0.212229 0.224038 1 
0.212176 0.221269 1 
0.212132 0.227043 1 
0.212083 0.227248 1 
0.212077 0.221014 1 
0.212031 0.225797 1 
0.212025 0.213038 1 
0.211948 0.221298 1 
0.211933 0.223552 1 
0.21187 0.212228 1 
0.211858 0.231293 1 
0.211847 0.223374 1 
0.211766 0.220986 1 
0.211724 0.223265 1 
0.211717 0.225371 1 
0.211637 0.222792 1 
0.211635 0.222545 1 
0.211623 0.223842 1 
0.211595 0.222559 1 
0.211465 0.227083 1 
0.21143 0.227403 1 
0.211407 0.222167 1 
0.211398 0.220935 1 
0.211394 0.227838 1 
0.211355 0.221797 1 
0.211332 0.223979 1 
0.211312 0.218065 1 
0.211194 0.220255 1 
0.211035 0.21996 1 
0.211019 0.221225 1 
0.210964 0.212603 1 
0.210865 0.219578 1 
0.210775 0.230742 1 
0.210772 0.22446 1 
0.210728 0.21806 1 
0.210684 0.223777 1 
0.210653 0.211561 1 
0.210573 0.222514 1 
0.210517 0.213859 1 
0.210499 0.221422 1 
0.210478 0.223552 1 
0.210464 0.217193 1 
0.210459 0.222117 1 
0.210405 0.213092 1 
0.210367 0.21996 1 
0.210333 0.224683 1 
0.210325 0.223825 1 
0.210317 0.217193 1 
0.210271 0.222616 1 
0.210236 0.227081 1 
0.210213 0.220893 1 
0.210206 0.225915 1 
0.210204 0.225371 1 
0.210186 0.222616 1 
0.210181 0.225363 1 
0.210104 0.224902 1 
0.210079 0.22172 1 
0.210012 0.223494 1 
0.209975 0.21969 1 
0.209893 0.223862 1 
0.209881 0.223582 1 
0.209866 0.221366 1 
0.209855 0.220991 1 
0.209794 0.211961 1 
0.209626 0.217786 1 
0.2096 0.225537 1 
0.209591 0.226134 1 
0.20958 0.222792 1 
0.209565 0.225764 1 
0.209558 0.222616 1 
0.209527 0.20995 1 
0.209518 0.222514 1 
0.209493 0.21969 1 
0.209484 0.224035 1 
0.209478 0.217193 1 
0.209477 0.225239 1 
0.209468 0.228269 1 
0.209467 0.226887 1 
0.209444 0.209519 1 
0.209368 0.223222 1 
0.209291 0.21996 1 
0.209287 0.220808 1 
0.209285 0.211488 1 
0.209266 0.210005 1 
0.209199 0.223157 1 
0.209187 0.21252 1 
0.20918 0.224267 1 
0.209092 0.229751 1 
0.209085 0.211408 1 
0.209036 0.228005 1 
0.209018 0.223768 1 
0.209 0.217193 1 
0.20883 0.226354 1 
0.208777 0.21996 1 
0.208556 0.208997 1 
0.208552 0.226581 1 
0.2085 0.223756 1 
0.208455 0.223036 1 
0.208446 0.226424 1 
0.208445 0.21806 1 
0.208441 0.210102 1 
0.208293 0.210446 1 
0.208264 0.208476 1 
0.20826 0.209611 1 
0.208193 0.220827 1 
0.208182 0.221686 1 
0.208167 0.224902 1 
0.208103 0.223805 1 
0.208091 0.222167 1 
0.208074 0.210293 1 
0.208048 0.209701 1 
0.207912 0.221788 1 
0.207877 0.208836 1 
0.207855 0.21281 1 
0.207739 0.223582 1 
0.207719 0.221014 1 
0.207713 0.209639 1 
0.207669 0.2086 1 
0.207653 0.224523 1 
0.207631 0.209106 1 
0.207494 0.207997 1 
0.207418 0.209014 1 
0.207415 0.209819 1 
0.207408 0.221422 1 
0.207357 0.219625 1 
0.20728 0.218361 1 
0.207271 0.220935 1 
0.207268 0.22172 1 
0.20723 0.220057 1 
0.207207 0.22208 1 
0.207187 0.209346 1 
0.207185 0.207925 1 
0.207178 0.207366 1 
0.207136 0.219194 1 
0.207129 0.221269 1 
0.207113 0.207436 1 
0.207053 0.224683 1 
0.207051 0.211237 1 
0.206998 0.212381 1 
0.206989 0.219076 1 
0.206946 0.225115 1 
0.206934 0.21969 1 
0.206904 0.207585 1 
0.206868 0.227775 1 
0.206866 0.223956 1 
0.20685 0.209157 1 
0.206841 0.209534 1 
0.2067 0.209015 1 
0.206625 0.223768 1 
0.206624 0.231192 1 
0.206613 0.207653 1 
0.206588 0.218065 1 
0.206581 0.210822 1 
0.20655 0.210152 1 
0.206548 0.209366 1 
0.206546 0.211614 1 
0.206517 0.223157 1 
0.206502 0.219038 1 
0.206478 0.220991 1 
0.206465 0.21969 1 
0.20645 0.22793 1 
0.206397 0.224035 1 
0.20638 0.207196 1 
0.206341 0.220057 1 
0.206315 0.223552 1 
0.206299 0.217786 1 
0.206249 0.206655 1 
0.206202 0.206719 1 
0.206192 0.207318 1 
0.206159 0.209636 1 
0.206133 0.220652 1 
0.206123 0.223825 1 
0.206108 0.208833 1 
0.206072 0.206443 1 
0.20599 0.220991 1 
0.205972 0.208205 1 
0.205944 0.209562 1 
0.205929 0.220827 1 
0.205927 0.208643 1 
0.20589 0.20745 1 
0.205877 0.229365 1 
0.205841 0.224267 1 
0.205828 0.218169 1 
0.205798 0.209101 1 
0.20575 0.221797 1 
0.20572 0.221225 1 
0.205654 0.207111 1 
0.205642 0.209009 1 
0.205624 0.206982 1 
0.205567 0.210243 1 
0.205542 0.205657 1 
0.205525 0.222053 1 
0.205494 0.209227 1 
0.205441 0.209237 1 
0.205437 0.221225 1 
0.205331 0.205731 1 
0.205328 0.205583 1 
0.205324 0.207436 1 
0.20527 0.205736 1 
0.205268 0.215934 1 
0.205248 0.206703 1 
0.205247 0.205541 1 
0.205224 0.22184 1 
0.205204 0.221366 1 
0.205154 0.219578 1 
0.205053 0.225371 1 
0.204999 0.210058 1 
0.204954 0.209606 1 
0.204951 0.210336 1 
0.204948 0.206175 1 
0.20492 0.217786 1 
0.204897 0.206661 1 
0.204796 0.208296 1 
0.204764 0.210755 1 
0.204761 0.223635 1 
0.204747 0.210336 1 
0.204746 0.208136 1 
0.204744 0.222559 1 
0.204743 0.211682 1 
0.204693 0.222385 1 
0.204612 0.219038 1 
0.204575 0.220351 1 
0.204554 0.20862 1 
0.20455 0.207896 1 
0.20454 0.220652 1 
0.204529 0.223756 1 
0.204525 0.206862 1 
0.204499 0.210117 1 
0.204415 0.20525 1 
0.204373 0.210046 1 
0.204363 0.205731 1 
0.204341 0.206443 1 
0.204324 0.224256 1 
0.204294 0.223829 1 
0.204274 0.227288 1 
0.204258 0.209366 1 
0.20421 0.220255 1 
0.20414 0.209588 1 
0.204127 0.205712 1 
0.204114 0.209819 1 
0.204102 0.20852 1 
0.204089 0.213408 1 
0.204083 0.219076 1 
0.204068 0.220986 1 
0.20404 0.218169 1 
0.204035 0.219194 1 
0.204033 0.220893 1 
0.204003 0.21806 1 
0.203965 0.224045 1 
0.203898 0.222052 1 
0.203764 0.217193 1 
0.203752 0.207427 1 
0.203717 0.221596 1 
0.20366 0.225309 1 
0.203645 0.204869 1 
0.203589 0.221422 1 
0.203587 0.221884 1 
0.203552 0.227081 1 
0.203192 0.208779 1 
0.202933 0.221269 1 
0.20288 0.22172 1 
0.20274 0.203277 1 
0.202683 0.222385 1 
0.202653 0.221686 1 
0.202646 0.219038 1 
0.101014 0.102066 2 
0.0999525 0.101082 2 
0.0995639 0.103462 2 
0.0994668 0.10235 2 
0.0988594 0.10086 2 
0.0988354 0.101304 2 
0.0988034 0.10549 2 
0.0987343 0.0989053 2 
0.0987192 0.100724 2 
0.0986011 0.0989638 2 
0.098593 0.100288 2 
0.0985131 0.103359 2 
0.0984363 0.100864 2 
0.0983724 0.10119 2 
0.0980774 0.099163 2 
0.0980564 0.0994519 2 
0.0978746 0.103087 2 
0.0978429 0.0987026 2 
0.0977487 0.101766 2 
0.0976304 0.0998477 2 
0.0976213 0.104764 2 
0.0975877 0.0998794 2 
0.0974037 0.101304 2 
0.0974003 0.0978861 2 
0.09738 0.103414 2 
0.0973714 0.100623 2 
0.0972912 0.0993991 2 
0.0972017 0.100526 2 
0.0971415 0.0994762 2 
0.0970841 0.099863 2 
0.097024 0.0987232 2 
0.0969812 0.0990254 2 
0.0969769 0.100118 2 
0.0969543 0.0993586 2 
0.0969536 0.100051 2 
0.0968888 0.0993767 2 
0.0967611 0.0984582 2 
0.0967538 0.0989053 2 
0.0967432 0.0998786 2 
0.0966964 0.100068 2 
0.0966541 0.0982878 2 
0.09665 0.0990963 2 
0.0965211 0.096668 2 
0.0964808 0.100382 2 
0.096401 0.0981159 2 
0.096298 0.0981698 2 
0.0962466 0.103646 2 
0.0962195 0.098748 2 
0.0962117 0.100288 2 
0.0962072 0.0994532 2 
0.0962066 0.0967641 2 
0.0961953 0.0998794 2 
0.096188 0.101357 2 
0.096132 0.101571 2 
0.0960326 0.10003 2 
0.0960179 0.101924 2 
0.0960162 0.0961678 2 
0.0959649 0.0982522 2 
0.095964 0.0968952 2 
0.0959067 0.0982999 2 
0.0958579 0.0987228 2 
0.0957574 0.0962764 2 
0.0957356 0.101414 2 
0.095728 0.0970097 2 
0.095663 0.101835 2 
0.095628 0.100824 2 
0.0956203 0.101883 2 
0.095571 0.102087 2 
0.0955428 0.0986676 2 
0.0954687 0.0963931 2 
0.0954007 0.0982999 2 
0.0953612 0.0986215 2 
0.0953278 0.10095 2 
0.095327 0.0956511 2 
0.0953222 0.0955819 2 
0.095284 0.0976992 2 
0.095192 0.0997956 2 
0.0951791 0.0981159 2 
0.0950922 0.103398 2 
0.0950531 0.0999483 2 
0.095015 0.0987081 2 
0.0949923 0.0987261 2 
0.0949875 0.0975954 2 
0.0949004 0.0976148 2 
0.0948779 0.0950317 2 
0.0947451 0.100791 2 
0.0947296 0.0969169 2 
0.0947034 0.101892 2 
0.0947026 0.0972335 2 
0.0946503 0.100313 2 
0.0946102 0.099592 2 
0.0943458 0.0957693 2 
0.0943037 0.0960888 2 
0.0942601 0.0951104 2 
0.094254 0.0970977 2 
0.0941912 0.0976929 2 
0.0941352 0.0961211 2 
0.0940888 0.0961778 2 
0.0940395 0.0972118 2 
0.0940384 0.095992 2 
0.0939915 0.0953826 2 
0.0939841 0.0957693 2 
0.0939724 0.10003 2 
0.0939016 0.0982363 2 
0.0938227 0.0964941 2 
0.0938165 0.100174 2 
0.0937825 0.0976959 2 
0.0936932 0.0960559 2 
0.0936721 0.0963931 2 
0.0936601 0.0991911 2 
0.0936284 0.0999601 2 
0.0935691 0.09433 2 
0.0935497 0.0981755 2 
0.0935348 0.0951098 2 
0.0935031 0.0982878 2 
0.0934993 0.104933 2 
0.0934766 0.0972118 2 
0.0934627 0.0979516 2 
0.0934345 0.0949007 2 
0.0933742 0.0944772 2 
0.0933646 0.0960236 2 
0.093337 0.0972118 2 
0.0932517 0.0957693 2 
0.0932322 0.0942466 2 
0.0932236 0.0933432 2 
0.0932117 0.0950727 2 
0.0932076 0.0939765 2 
0.0931975 0.0972961 2 
0.0931615 0.0972118 2 
0.0931572 0.0933432 2 
0.0930893 0.0971007 2 
0.0930827 0.0977463 2 
0.0930746 0.093225 2 
0.0930693 0.0962764 2 
0.093063 0.0940301 2 
0.0930573 0.0976959 2 
0.0930075 0.0994519 2 
0.0929938 0.100867 2 
0.0929885 0.093225 2 
0.0929663 0.0932973 2 
0.0929421 0.0984615 2 
0.0929101 0.0933537 2 
0.0928691 0.0958554 2 
0.0927621 0.0994519 2 
0.0927206 0.0976285 2 
0.0927083 0.095922 2 
0.0926301 0.0933338 2 
0.0925975 0.0949381 2 
0.0925374 0.0989638 2 
0.0925371 0.0985701 2 
0.0924899 0.0987081 2 
0.0924874 0.0979555 2 
0.0924864 0.0963931 2 
0.0924762 0.0970514 2 
0.0924562 0.0961421 2 
0.0924462 0.0987228 2 
0.0924201 0.0933901 2 
0.0923778 0.0997651 2 
0.0923059 0.0945177 2 
0.0922509 0.0994162 2 
0.0922498 0.0933432 2 
0.0922392 0.0990254 2 
0.0922381 0.0957357 2 
0.0921953 0.0963722 2 
0.0921527 0.0986709 2 
0.0921465 0.0982929 2 
0.0920146 0.0949381 2 
0.0919505 0.100197 2 
0.0919076 0.0939765 2 
0.0918927 0.0922505 2 
0.0918918 0.0990616 2 
0.0918804 0.0960516 2 
0.0918788 0.0979516 2 
0.0918504 0.0948736 2 
0.091819 0.0944578 2 
0.091792 0.0939795 2 
0.0917557 0.0987026 2 
0.0917293 0.0939609 2 
0.0916907 0.0987026 2 
0.0915279 0.0924487 2 
0.0914745 0.0963722 2 
0.0914435 0.0991122 2 
0.0914378 0.0939794 2 
0.0914038 0.0932071 2 
0.0913962 0.0961421 2 
0.091326 0.103078 2 
0.0913115 0.0974558 2 
0.0912998 0.0955407 2 
0.0912445 0.0913481 2 
0.0911947 0.0953826 2 
0.091191 0.100989 2 
0.0911829 0.0952827 2 
0.09117 0.0961778 2 
0.0911582 0.0913971 2 
0.0910655 0.0987228 2 
0.0910326 0.0915539 2 
0.091013 0.0931163 2 
0.0910055 0.102297 2 
0.090992 0.0952827 2 
0.0909497 0.0989329 2 
0.0908585 0.0949381 2 
0.0908402 0.0916895 2 
0.0908078 0.0945856 2 
0.0907573 0.0931572 2 
0.0907457 0.0908818 2 
0.0907385 0.0916134 2 
0.090738 0.0920865 2 
0.0906826 0.0942735 2 
0.0906638 0.0939765 2 
0.0906631 0.0914516 2 
0.0906087 0.091025 2 
0.0905856 0.0966343 2 
0.090547 0.0939765 2 
0.0905355 0.0977463 2 
0.0904976 0.0955407 2 
0.0904841 0.0916282 2 
0.0904759 0.0910974 2 
0.0904558 0.0925082 2 
0.0902387 0.0915476 2 
0.090234 0.0923652 2 
0.0901958 0.0986215 2 
0.0901275 0.0914065 2 
0.0900074 0.0970514 2 
0.0899857 0.0930964 2 
0.0899764 0.0940265 2 
0.0899723 0.0962764 2 
0.0899162 0.0956511 2 
0.0898999 0.0990963 2 
0.0898971 0.0903449 2 
0.0898773 0.0940768 2 
0.0898458 0.0919491 2 
0.0898432 0.0907189 2 
0.0898396 0.0933901 2 
0.0898302 0.0936871 2 
0.0898216 0.0938851 2 
0.0898113 0.0924487 2 
0.0897656 0.0957357 2 
0.0897655 0.0923631 2 
0.0897508 0.0950278 2 
0.08972 0.102454 2 
0.0896953 0.0914804 2 
0.0896667 0.0949381 2 
0.0895699 0.0933842 2 
0.089547 0.0959814 2 
0.0894787 0.0960516 2 
0.0894623 0.0986709 2 
0.0894457 0.0970514 2 
0.0894417 0.090602 2 
0.0894097 0.0894304 2 
0.0893903 0.0930506 2 
0.0893535 0.0939574 2 
0.0893405 0.0893911 2 
0.089319 0.0960559 2 
0.089316 0.0974558 2 
0.0892629 0.0920692 2 
0.0892491 0.0943074 2 
0.0892453 0.0993991 2 
0.0892145 0.0952431 2 
0.0892047 0.0960559 2 
0.08919 0.0943961 2 
0.0891701 0.0987081 2 
0.0890919 0.0912236 2 
0.0890296 0.0936255 2 
0.08901 0.0893255 2 
0.0889851 0.0925073 2 
0.0889316 0.0962764 2 
0.0888948 0.0937016 2 
0.0888733 0.097234 2 
0.0888656 0.0919208 2 
0.0888501 0.0902303 2 
0.0888111 0.0925833 2 
0.0888097 0.0922942 2 
0.0888022 0.0898716 2 
0.0887904 0.0938851 2 
0.0887867 0.0921693 2 
0.0887736 0.100313 2 
0.0887654 0.0925205 2 
0.0887522 0.0945177 2 
0.0887265 0.090226 2 
0.08869 0.0904629 2 
0.0886806 0.0933432 2 
0.0886756 0.0921927 2 
0.0886288 0.0893777 2 
0.088627 0.0891477 2 
0.0885671 0.0900847 2 
0.0885632 0.0893595 2 
0.0885567 0.0972335 2 
0.0885393 0.0918054 2 
0.0884903 0.0957693 2 
0.0884899 0.0896238 2 
0.0884887 0.0937702 2 
0.088456 0.0909753 2 
0.0884263 0.0886447 2 
0.0883872 0.0906152 2 
0.0883591 0.0952431 2 
0.0883466 0.0939574 2 
0.0883301 0.0914516 2 
0.0883077 0.0905174 2 
0.0883053 0.0990616 2 
0.0883032 0.0941144 2 
0.0883001 0.0884512 2 
0.0882673 0.0916282 2 
0.088261 0.0974648 2 
0.0882361 0.0967641 2 
0.0881908 0.0978023 2 
0.0881635 0.0933061 2 
0.0880535 0.0970097 2 
0.0879824 0.0922371 2 
0.0879405 0.0880478 2 
0.0878895 0.0978284 2 
0.0878785 0.0968952 2 
0.0878626 0.0959864 2 
0.0878355 0.0943074 2 
0.0878011 0.0931205 2 
0.0877304 0.0981698 2 
0.087647 0.0951098 2 
0.087614 0.0938851 2 
0.0875473 0.095922 2 
0.087478 0.0888656 2 
0.0874752 0.0961211 2 
0.0873713 0.0969789 2 
0.0873035 0.0961421 2 
0.0872828 0.0925073 2 
0.0872203 0.0961678 2 
0.0871757 0.0933901 2 
0.087174 0.096668 2 
0.087078 0.087583 2 
0.0870612 0.0961778 2 
0.0869385 0.097234 2 
0.0869016 0.0883575 2 
0.0867523 0.0883575 2 
0.08675 0.0908142 2 
0.0866122 0.0907643 2 
0.0864288 0.0891845 2 
0.0859475 0.0864813 2 
0.0493176 0.0497448 3 
0.0483731 0.0502056 3 
0.0480094 0.048885 3 
0.047712 0.0495284 3 
0.0475604 0.0486764 3 
0.0473144 0.0487215 3 
0.04689 0.047081 3 
0.046852 0.04709 3 
0.0468381 0.0468918 3 
0.0466769 0.0476065 3 
0.0464724 0.0485614 3 
0.0464303 0.0478476 3 
0.0463362 0.0475564 3 
0.0462309 0.0476874 3 
0.0462297 0.0466482 3 
0.046223 0.0467583 3 
0.0461122 0.0478117 3 
0.0460855 0.0466474 3 
0.0460663 0.0471186 3 
0.0460597 0.0461317 3 
0.0459144 0.048803 3 
0.0458112 0.0478306 3 
0.0457876 0.0464093 3 
0.045787 0.0473569 3 
0.0457167 0.0466244 3 
0.0456928 0.0461969 3 
0.045672 0.0473169 3 
0.0455844 0.0468266 3 
0.0454577 0.0459163 3 
0.0454422 0.0460176 3 
0.0453775 0.0454114 3 
0.0453736 0.0477797 3 
0.0452733 0.0466574 3 
0.0452242 0.0461397 3 
0.0451463 0.0461361 3 
0.0450083 0.0463487 3 
0.044921 0.0499179 3 
0.0449142 0.0464018 3 
0.0447972 0.0452871 3 
0.0447157 0.0448916 3 
0.0446945 0.044877 3 
0.0445798 0.0464093 3 
0.0445634 0.0463207 3 
0.0445242 0.0447096 3 
0.0444376 0.0467576 3 
0.0443629 0.0459479 3 
0.0443629 0.0465429 3 
0.0443617 0.0452279 3 
0.0443198 0.0459863 3 
0.0443175 0.0458362 3 
0.0442129 0.045545 3 
0.0440938 0.0455851 3 
0.0440919 0.0444923 3 
0.0440876 0.0451793 3 
0.0440836 0.0453151 3 
0.0440721 0.0468768 3 
0.044052 0.0451908 3 
0.0440503 0.0442351 3 
0.0440192 0.0453759 3 
0.0440088 0.0462851 3 
0.0440074 0.0454235 3 
0.044003 0.0448275 3 
0.0439375 0.0444923 3 
0.0438875 0.0439276 3 
0.0438793 0.0449767 3 
0.0438775 0.0444923 3 
0.0438688 0.044592 3 
0.0438265 0.0462245 3 
0.0437743 0.0442279 3 
0.043718 0.0448916 3 
0.0436865 0.0445447 3 
0.0436251 0.0449863 3 
0.0435655 0.0445294 3 
0.04356 0.0438956 3 
0.0435489 0.0451817 3 
0.0435326 0.0444723 3 
0.0434954 0.0438956 3 
0.0434515 0.045688 3 
0.0434428 0.0462245 3 
0.0434043 0.0456327 3 
0.043322 0.0462614 3 
0.0432927 0.0451561 3 
0.0432809 0.0448238 3 
0.0432251 0.0454544 3 
0.0431983 0.0440089 3 
0.0431959 0.0432949 3 
0.0431583 0.0460176 3 
0.0431112 0.043983 3 
0.0430636 0.0451817 3 
0.0430596 0.0456557 3 
0.0430406 0.0448275 3 
0.0430208 0.0459321 3 
0.0429971 0.0433832 3 
0.0429727 0.0434866 3 
0.0429587 0.0433299 3 
0.042945 0.0431092 3 
0.0429433 0.045169 3 
0.0429413 0.045197 3 
0.0429093 0.0435564 3 
0.0428871 0.0462497 3 
0.0428867 0.0431092 3 
0.0428579 0.0463997 3 
0.0428418 0.0460511 3 
0.0427753 0.0479196 3 
0.0427602 0.0463524 3 
0.0427498 0.0456781 3 
0.0427299 0.0430957 3 
0.0427238 0.0433779 3 
0.0427173 0.043451 3 
0.0427075 0.0436329 3 
0.0426405 0.0448482 3 
0.0426332 0.0485287 3 
0.0426231 0.043689 3 
0.0426207 0.0449893 3 
0.0425934 0.043983 3 
0.0425683 0.0436346 3 
0.0425292 0.0455722 3 
0.042519 0.0438708 3 
0.0425124 0.045567 3 
0.042474 0.0430277 3 
0.0424719 0.0438454 3 
0.0424089 0.0438956 3 
0.0423964 0.0448703 3 
0.0423941 0.0425676 3 
0.042376 0.0431165 3 
0.0423282 0.04301 3 
0.0423252 0.0431092 3 
0.0423099 0.0449483 3 
0.0422864 0.0460176 3 
0.0422488 0.04289 3 
0.0422474 0.0425781 3 
0.042225 0.0424184 3 
0.0422172 0.0424826 3 
0.042204 0.0434866 3 
0.0421727 0.0431401 3 
0.0421271 0.0428595 3 
0.0421174 0.0424666 3 
0.0421091 0.0433184 3 
0.0420968 0.0445428 3 
0.0419793 0.0440535 3 
0.0419512 0.042356 3 
0.0419334 0.0432301 3 
0.0419333 0.0434218 3 
0.0419308 0.0445294 3 
0.0419301 0.0446605 3 
0.0418676 0.0445599 3 
0.0418614 0.0424163 3 
0.0418545 0.0435152 3 
0.0417947 0.0423151 3 
0.0417644 0.0428638 3 
0.0417643 0.0432528 3 
0.041734 0.0444752 3 
0.041724 0.0434139 3 
0.0417161 0.0489247 3 
0.0416627 0.0418779 3 
0.0416593 0.0464093 3 
0.0416454 0.0458364 3 
0.0415972 0.0419005 3 
0.0415968 0.0443315 3 
0.041588 0.0415953 3 
0.0415648 0.0420871 3 
0.0415609 0.0436333 3 
0.0415516 0.045957 3 
0.0415167 0.0445674 3 
0.0415084 0.042767 3 
0.0414996 0.0443724 3 
0.0414754 0.0432943 3 
0.0414415 0.0435272 3 
0.0414009 0.0439276 3 
0.0413662 0.0422362 3 
0.0413596 0.041966 3 
0.0413579 0.0436389 3 
0.0413474 0.0442417 3 
0.0413344 0.0440542 3 
0.0413309 0.0455809 3 
0.0413258 0.0417168 3 
0.0413217 0.0436873 3 
0.0412952 0.0448 3 
0.0412806 0.0429836 3 
0.0412676 0.04369 3 
0.0412174 0.0424249 3 
0.0412079 0.0445528 3 
0.0411927 0.0413547 3 
0.0411756 0.043983 3 
0.0411726 0.043689 3 
0.0411341 0.0420807 3 
0.0410811 0.0416998 3 
0.0410712 0.0442668 3 
0.0410629 0.0414893 3 
0.0410571 0.0452279 3 
0.0410161 0.0425885 3 
0.0409996 0.0434699 3 
0.0409739 0.0425033 3 
0.040973 0.0459321 3 
0.0409707 0.0425575 3 
0.0409665 0.041849 3 
0.0409524 0.041261 3 
0.0409422 0.0410611 3 
0.0409415 0.0461397 3 
0.0409346 0.0418306 3 
0.0408862 0.045169 3 
0.0408682 0.0444752 3 
0.0408643 0.0433229 3 
0.0408611 0.0425055 3 
0.0408604 0.0435152 3 
0.0408346 0.0443862 3 
0.0408147 0.0417866 3 
0.0407766 0.0425575 3 
0.0407554 0.0411479 3 
0.0407517 0.0425575 3 
0.0407483 0.0427282 3 
0.0407336 0.0447096 3 
0.0407083 0.0432528 3 
0.0406504 0.0420727 3 
0.0406328 0.04344 3 
0.0406325 0.0462497 3 
0.0406006 0.0407875 3 
0.0405898 0.0443071 3 
0.0405663 0.0410405 3 
0.0405479 0.0412833 3 
0.0405284 0.0433487 3 
0.0405258 0.0425676 3 
0.0405236 0.0424044 3 
0.0405075 0.044597 3 
0.0404851 0.0437013 3 
0.0404445 0.0406185 3 
0.040423 0.041267 3 
0.0404165 0.0429426 3 
0.0403951 0.0448 3 
0.0403804 0.0444426 3 
0.0403609 0.0444376 3 
0.0403592 0.0436329 3 
0.0403564 0.0441164 3 
0.040347 0.044597 3 
0.0403112 0.0442869 3 
0.0403056 0.0430686 3 
0.0403028 0.0445688 3 
0.0402922 0.0404232 3 
0.040284 0.0436906 3 
0.0402733 0.0423929 3 
0.0402717 0.0440542 3 
0.0402678 0.0427282 3 
0.040232 0.0425575 3 
0.0402234 0.04289 3 
0.0402126 0.040619 3 
0.0402075 0.041183 3 
0.04018 0.0409176 3 
0.0401782 0.0448211 3 
0.0401762 0.0424184 3 
0.0400393 0.0436966 3 
0.0400349 0.04413 3 
0.0400115 0.0439242 3 
0.0399935 0.0448776 3 
0.0399583 0.0442424 3 
0.0399574 0.040148 3 
0.0399444 0.0432085 3 
0.0398983 0.0437993 3 
0.039806 0.0438454 3 
0.0397702 0.0454096 3 
0.0397313 0.043974 3 
0.0397167 0.0446069 3 
0.0395768 0.0401503 3 
0.039565 0.0430338 3 
0.0393945 0.0422826 3 
0.0393266 0.0402671 3 
0.0392785 0.0424819 3 
0.0391903 0.0422362 3 
0.0388963 0.0402671 3 
0.0387165 0.0407977 3 
0.0243915 0.0246548 4 
0.023254 0.0240622 4 
0.0231486 0.0234199 4 
0.0229784 0.0232239 4 
0.0229621 0.0231221 4 
0.0229351 0.0242289 4 
0.0226743 0.0227489 4 
0.0226681 0.0230332 4 
0.0224762 0.0232005 4 
0.02234 0.0246174 4 
0.0223162 0.022367 4 
0.0221744 0.0225349 4 
0.0221445 0.0224033 4 
0.0220164 0.0222387 4 
0.0220046 0.0228644 4 
0.0219674 0.0223944 4 
0.0219244 0.0227604 4 
0.0219116 0.02212 4 
0.0219095 0.0222852 4 
0.0219053 0.0221606 4 
0.0218326 0.0219124 4 
0.0218142 0.0220412 4 
0.0217674 0.0225541 4 
0.0217385 0.0224647 4 
0.0217241 0.021901 4 
0.0216894 0.0224917 4 
0.0216526 0.0218341 4 
0.0215541 0.0215633 4 
0.0215228 0.02231 4 
0.0214855 0.0215516 4 
0.021462 0.0216877 4 
0.0214339 0.0229553 4 
0.0213789 0.0218733 4 
0.0213447 0.0218014 4 
0.021301 0.0216272 4 
0.021289 0.0214756 4 
0.0212421 0.0216543 4 
0.0211204 0.021475 4 
0.0211114 0.0223038 4 
0.0211093 0.0221669 4 
0.0210476 0.0219142 4 
0.0210452 0.0210922 4 
0.0210326 0.021901 4 
0.0210271 0.021311 4 
0.0210137 0.02231 4 
0.0209868 0.0212267 4 
0.0209687 0.0219805 4 
0.0209662 0.0213954 4 
0.0209642 0.0221495 4 
0.0209572 0.02231 4 
0.0209346 0.0212322 4 
0.0209098 0.0210486 4 
0.0208988 0.0230044 4 
0.0208881 0.020919 4 
0.0208535 0.0210893 4 
0.0208516 0.0223475 4 
0.0208264 0.0219853 4 
0.0208243 0.0218875 4 
0.0208003 0.0209936 4 
0.0207872 0.0219542 4 
0.0207773 0.0215481 4 
0.0207713 0.0207916 4 
0.0207698 0.021852 4 
0.0207629 0.0208733 4 
0.020759 0.0223754 4 
0.0207446 0.0211713 4 
0.0207422 0.0208556 4 
0.0207391 0.0216543 4 
0.0206791 0.0207113 4 
0.0206529 0.0217987 4 
0.0206039 0.0210938 4 
0.0205939 0.0210585 4 
0.0205933 0.0211657 4 
0.0205919 0.0208733 4 
0.0205904 0.0222577 4 
0.0205797 0.0206038 4 
0.0205608 0.0214573 4 
0.0205377 0.0215716 4 
0.0205251 0.021956 4 
0.020525 0.0208143 4 
0.0205205 0.0219212 4 
0.0205036 0.0209141 4 
0.0204951 0.0215931 4 
0.0204819 0.0235843 4 
0.0204483 0.0219542 4 
0.0204425 0.0222363 4 
0.0204399 0.020919 4 
0.0204081 0.0206073 4 
0.020405 0.0208595 4 
0.0203975 0.0205424 4 
0.0203061 0.0213027 4 
0.0202976 0.0203013 4 
0.0202698 0.0208181 4 
0.0202659 0.0240157 4 
0.020241 0.020997 4 
0.0202286 0.0204614 4 
0.0202157 0.0211246 4 
0.0201858 0.0228161 4 
0.0201842 0.0213269 4 
0.0201788 0.0206816 4 
0.0201591 0.0209623 4 
0.0201566 0.0218093 4 
0.0201457 0.0208058 4 
0.0201439 0.0207513 4 
0.0201428 0.0204888 4 
0.0201368 0.0209279 4 
0.0201283 0.0220168 4 
0.020124 0.0207731 4 
0.0200911 0.0211628 4 
0.020084 0.0207699 4 
0.0200787 0.0203907 4 
0.0200647 0.0204746 4 
0.020047 0.0208195 4 
0.0200379 0.0204035 4 
0.0200222 0.0205717 4 
0.0200178 0.0214597 4 
0.0200077 0.021956 4 
0.0200016 0.0220614 4 
0.019995 0.0210417 4 
0.0199941 0.0211885 4 
0.0199782 0.0204165 4 
0.0199767 0.0212341 4 
0.0199684 0.0220415 4 
0.0199594 0.0212091 4 
0.0199524 0.020919 4 
0.0199511 0.0200125 4 
0.0199434 0.021423 4 
0.0199402 0.0223323 4 
0.0199401 0.0212609 4 
0.0199393 0.0200402 4 
0.0199369 0.0201098 4 
0.0198814 0.0204371 4 
0.0198743 0.0202416 4 
0.019849 0.0202929 4 
0.019844 0.0204888 4 
0.0198134 0.0221049 4 
0.0198113 0.020722 4 
0.0198051 0.0199472 4 
0.0197799 0.0206958 4 
0.0197745 0.0213298 4 
0.0197665 0.0205224 4 
0.0197467 0.0209449 4 
0.0197422 0.0217428 4 
0.0197357 0.0197647 4 
0.0197122 0.0209846 4 
0.0196858 0.0219797 4 
0.019679 0.0199114 4 
0.0196741 0.0197006 4 
0.0196704 0.0197905 4 
0.0196629 0.0214564 4 
0.0196605 0.0208733 4 
0.0196312 0.0213333 4 
0.0196229 0.0210708 4 
0.0196219 0.0209794 4 
0.0196183 0.0197164 4 
0.0195915 0.0214288 4 
0.0195874 0.020583 4 
0.0195732 0.0218482 4 
0.0195597 0.0222873 4 
0.0195486 0.0224349 4 
0.0195296 0.020997 4 
0.0195209 0.0202143 4 
0.0195066 0.0205614 4 
0.0194957 0.0199447 4 
0.0194879 0.0199447 4 
0.0194719 0.0209925 4 
0.0194413 0.0209936 4 
0.0194115 0.0194967 4 
0.0193989 0.0202741 4 
0.0193667 0.0205889 4 
0.0193616 0.0200626 4 
0.0193607 0.0208687 4 
0.0193532 0.0215632 4 
0.0193522 0.0205112 4 
0.0193364 0.0199557 4 
0.0193322 0.0211477 4 
0.0193241 0.0213476 4 
0.0193165 0.0218115 4 
0.0193113 0.0216989 4 
0.0192941 0.0199211 4 
0.0192925 0.0198831 4 
0.01928 0.0208636 4 
0.019278 0.0203181 4 
0.0192599 0.0209243 4 
0.0192518 0.02115 4 
0.0192248 0.0205424 4 
0.0192214 0.0195409 4 
0.0192167 0.0208074 4 
0.0191857 0.0202929 4 
0.019185 0.0210938 4 
0.0191787 0.0200381 4 
0.0191659 0.0206895 4 
0.0191652 0.0211563 4 
0.0191384 0.0199472 4 
0.0191284 0.0211507 4 
0.0191204 0.0213149 4 
0.0191078 0.0194098 4 
0.0190999 0.0209846 4 
0.019067 0.0193777 4 
0.0190631 0.0214573 4 
0.0190612 0.0208253 4 
0.0190325 0.0208253 4 
0.0190169 0.0206129 4 
0.0190148 0.0218093 4 
0.0190033 0.0215916 4 
0.0189987 0.0195858 4 
0.0189642 0.0192358 4 
0.0189639 0.0196069 4 
0.0189146 0.0206863 4 
0.0189111 0.0203545 4 
0.0188289 0.020583 4 
0.0188274 0.0209243 4 
0.0188101 0.0193449 4 
0.018809 0.020377 4 
0.0187751 0.0209995 4 
0.0187743 0.0191625 4 
0.0187561 0.0206602 4 
0.0185665 0.0206147 4 
0.0183712 0.0195137 4 
0.0183284 0.0196138 4 
0.018209 0.0191625 4 
0.0118303 0.0120789 5 
0.011684 0.012066 5 
0.0115346 0.0122776 5 
0.0114765 0.0114819 5 
0.0113871 0.0115592 5 
0.0113421 0.0113908 5 
0.0111771 0.0111975 5 
0.0111074 0.0114152 5 
0.0110724 0.0111473 5 
0.0109999 0.0110575 5 
0.0109294 0.0110395 5 
0.0108946 0.0111744 5 
0.0108726 0.0113201 5 
0.0108592 0.0110835 5 
0.0108394 0.0109123 5 
0.0107796 0.0109953 5 
0.0106792 0.0107813 5 
0.0106575 0.0109183 5 
0.0106547 0.0106675 5 
0.0106371 0.0107911 5 
0.0106334 0.0106834 5 
0.0106206 0.0107226 5 
0.010601 0.0106509 5 
0.0105934 0.0106328 5 
0.0105848 0.0109455 5 
0.0105845 0.0110069 5 
0.01057 0.0112085 5 
0.0105398 0.0106819 5 
0.010519 0.0110828 5 
0.0104974 0.0109123 5 
0.0104912 0.0112752 5 
0.010491 0.0107788 5 
0.010476 0.0105303 5 
0.0104498 0.0112218 5 
0.0104425 0.0108348 5 
0.0104152 0.0111296 5 
0.0104107 0.0107738 5 
0.0104101 0.0106083 5 
0.0103722 0.0107235 5 
0.0103593 0.0109049 5 
0.010341 0.0105765 5 
0.0103342 0.0108299 5 
0.0103133 0.0106396 5 
0.0103116 0.0111551 5 
0.0103106 0.0104393 5 
0.0102872 0.0106648 5 
0.010287 0.0104005 5 
0.010287 0.0110524 5 
0.0102592 0.0104535 5 
0.0102532 0.0102628 5 
0.0102402 0.0103119 5 
0.010239 0.010607 5 
0.0102299 0.010958 5 
0.0102217 0.0109052 5 
0.0102171 0.0106834 5 
0.0102035 0.0105868 5 
0.0102013 0.0102737 5 
0.0101717 0.0109977 5 
0.010168 0.0111193 5 
0.0101674 0.0108393 5 
0.0101663 0.0103797 5 
0.0101621 0.0104681 5 
0.0101487 0.0107625 5 
0.0101396 0.0119661 5 
0.0100907 0.0112871 5 
0.0100899 0.0108506 5 
0.0100791 0.0103029 5 
0.010071 0.0101311 5 
0.0100493 0.0105153 5 
0.0100387 0.0106185 5 
0.0100358 0.0105834 5 
0.0100202 0.0117218 5 
0.0100115 0.0105834 5 
0.0100101 0.0109095 5 
0.0100076 0.010619 5 
0.0099968 0.0108376 5 
0.00998884 0.0101614 5 
0.00998205 0.0101963 5 
0.00998202 0.010023 5 
0.00998131 0.010978 5 
0.00997692 0.0104446 5 
0.00997263 0.010314 5 
0.00996334 0.0104349 5 
0.00993852 0.0108358 5 
0.00992168 0.0104239 5 
0.00992069 0.0107113 5 
0.00991955 0.0105643 5 
0.00991519 0.0100736 5 
0.00990149 0.010169 5 
0.00989097 0.0107124 5 
0.00988897 0.0109384 5 
0.00988824 0.0102126 5 
0.00988786 0.0100879 5 
0.00987945 0.0109296 5 
0.00987094 0.010288 5 
0.00985565 0.0110004 5 
0.00985181 0.00994757 5 
0.00984316 0.0111157 5 
0.00983416 0.0100836 5 
0.0098311 0.0102383 5 
0.0098241 0.0104798 5 
0.00982069 0.0104762 5 
0.00981885 0.00997673 5 
0.00981287 0.0107864 5 
0.00981074 0.0099083 5 
0.00978596 0.00980549 5 
0.00978482 0.0101539 5 
0.00978354 0.00993167 5 
0.00977807 0.0107431 5 
0.00977569 0.0104376 5 
0.00974929 0.0099083 5 
0.00973672 0.0106925 5 
0.00973642 0.0110375 5 
0.00972997 0.00996872 5 
0.00971258 0.0103914 5 
0.00971236 0.0101171 5 
0.00971087 0.0110868 5 
0.00970137 0.00996352 5 
0.00970104 0.0102215 5 
0.0096717 0.0101713 5 
0.00964055 0.0104998 5 
0.00963893 0.0110917 5 
0.00961633 0.0101567 5 
0.00961505 0.0101058 5 
0.00960803 0.0105799 5 
0.00960107 0.0111157 5 
0.00956906 0.0107722 5 
0.00956678 0.00996352 5 
0.00955643 0.0106428 5 
0.00954719 0.0107105 5 
0.00954474 0.0104582 5 
0.0095374 0.0102133 5 
0.00953457 0.0102554 5 
0.00953163 0.00996658 5 
0.00951874 0.00996352 5 
0.00951584 0.0096513 5 
0.00950996 0.00966324 5 
0.00949499 0.0102197 5 
0.00948219 0.0106519 5 
0.00948139 0.0101614 5 
0.00948079 0.00976218 5 
0.00947376 0.010718 5 
0.00946902 0.00977919 5 
0.00946441 0.010071 5 
0.00945907 0.00980249 5 
0.00944829 0.00994282 5 
0.00944277 0.0102758 5 
0.00943083 0.0108785 5 
0.00942051 0.0105765 5 
0.00941692 0.0101567 5 
0.00941242 0.0099587 5 
0.00940114 0.0103832 5 
0.0093948 0.0107418 5 
0.00938563 0.0100104 5 
0.00936953 0.00984771 5 
0.00936615 0.00991695 5 
0.00935914 0.0093621 5 
0.00935755 0.0102576 5 
0.00934822 0.00962686 5 
0.0093316 0.0104376 5 
0.0093255 0.00950067 5 
0.00932309 0.00956524 5 
0.00932255 0.0101649 5 
0.0093158 0.0103301 5 
0.00930237 0.0108028 5 
0.00930146 0.0103951 5 
0.00929953 0.0101058 5 
0.00929507 0.00938274 5 
0.00929282 0.00956251 5 
0.00927067 0.0100964 5 
0.00925088 0.00958501 5 
0.00924203 0.00998331 5 
0.00924016 0.0101943 5 
0.00922457 0.0102847 5 
0.00921146 0.0098131 5 
0.0091725 0.00966324 5 
0.00916418 0.0102035 5 
0.0091172 0.0100017 5 
0.00910016 0.0102303 5 
0.00908056 0.00964951 5 
0.00897954 0.0102186 5 
0.00882373 0.00961266 5 
0.00882335 0.00940901 5 
0.00610198 0.00616136 6 
0.00607528 0.00609861 6 
0.0060132 0.00621646 6 
0.00586851 0.00587307 6 
0.00573735 0.00584688 6 
0.00562613 0.00591947 6 
0.00558972 0.00563341 6 
0.00554331 0.00562589 6 
0.00551232 0.00554586 6 
0.00549742 0.00555797 6 
0.00547113 0.00552653 6 
0.00545852 0.00555675 6 
0.00545368 0.00559179 6 
0.00543202 0.00563224 6 
0.0054312 0.00543242 6 
0.00542686 0.00545833 6 
0.00541667 0.00545314 6 
0.00541652 0.00552494 6 
0.00539216 0.00580303 6 
0.005377 0.00561823 6 
0.00536968 0.00540149 6 
0.00534562 0.00567643 6 
0.00530636 0.00575612 6 
0.00530108 0.00545132 6 
0.00528065 0.0053735 6 
0.00526462 0.00552653 6 
0.00526225 0.00547879 6 
0.005258 0.00566915 6 
0.00524916 0.00565322 6 
0.00524748 0.00546092 6 
0.00524687 0.00552494 6 
0.00524195 0.00535265 6 
0.00524132 0.00543962 6 
0.00522608 0.0052977 6 
0.0052232 0.00524056 6 
0.00521705 0.00529247 6 
0.00520899 0.00557209 6 
0.00520325 0.00553528 6 
0.00520213 0.00546572 6 
0.00518011 0.00556357 6 
0.00517596 0.00538308 6 
0.00517549 0.0060574 6 
0.00517022 0.00517204 6 
0.00516986 0.00563151 6 
0.0051659 0.00538908 6 
0.00516328 0.00561136 6 
0.00515302 0.00519846 6 
0.00515048 0.00547879 6 
0.0051434 0.0052844 6 
0.00514133 0.00518321 6 
0.00512542 0.00547289 6 
0.00512129 0.00562791 6 
0.00512128 0.00552599 6 
0.00511573 0.00529247 6 
0.00510986 0.0052844 6 
0.00510577 0.0054493 6 
0.00510385 0.00519561 6 
0.00509636 0.00520739 6 
0.00508607 0.00545412 6 
0.00508496 0.0053346 6 
0.00508404 0.00543089 6 
0.00508054 0.00549898 6 
0.00507565 0.00559359 6 
0.00506407 0.00561562 6 
0.00505933 0.00535497 6 
0.00505652 0.00512208 6 
0.00504892 0.00526107 6 
0.00504796 0.00548067 6 
0.00503453 0.00523075 6 
0.00503377 0.00506173 6 
0.00502566 0.00529731 6 
0.00501934 0.0055069 6 
0.00500826 0.00563151 6 
0.00500112 0.00562057 6 
0.00498635 0.0054378 6 
0.00498386 0.00525765 6 
0.00498346 0.00536237 6 
0.00498052 0.00597189 6 
0.00498026 0.00507176 6 
0.00497306 0.0055084 6 
0.00495623 0.00559359 6 
0.00495552 0.00514933 6 
0.0049437 0.00548744 6 
0.00494355 0.00508054 6 
0.00494078 0.00527726 6 
0.0049233 0.00508054 6 
0.00491677 0.00491951 6 
0.00491469 0.0049295 6 
0.00491374 0.00492618 6 
0.00490194 0.0050445 6 
0.00489376 0.00533996 6 
0.00489263 0.00560202 6 
0.00489098 0.00538291 6 
0.00488974 0.00494483 6 
0.0048872 0.00500358 6 
0.00488063 0.00525548 6 
0.00487235 0.00521883 6 
0.00487158 0.00534312 6 
0.0048709 0.00505921 6 
0.00486717 0.00492483 6 
0.0048622 0.0050747 6 
0.00484528 0.00535923 6 
0.00484259 0.00510105 6 
0.00483592 0.00557888 6 
0.00483436 0.00488384 6 
0.00483423 0.00513586 6 
0.00483351 0.00546979 6 
0.004832 0.00545299 6 
0.00483003 0.00504206 6 
0.00482186 0.00492483 6 
0.00481497 0.00562057 6 
0.00481408 0.00504291 6 
0.00481351 0.00485946 6 
0.00481199 0.00497611 6 
0.004809 0.00510377 6 
0.00480259 0.00568174 6 
0.00480118 0.00523791 6 
0.00479656 0.00535265 6 
0.00479586 0.00488464 6 
0.00479233 0.00481316 6 
0.00477796 0.00543962 6 
0.00477762 0.00492483 6 
0.00477556 0.005219 6 
0.00477523 0.00508102 6 
0.00476778 0.00502407 6 
0.00476434 0.00512488 6 
0.0047637 0.00484504 6 
0.00475795 0.00489279 6 
0.00475672 0.0047846 6 
0.00475575 0.00489278 6 
0.00475001 0.00499893 6 
0.00472774 0.00495224 6 
0.00472724 0.00539647 6 
0.00472505 0.00488248 6 
0.0047206 0.00472695 6 
0.00471529 0.00538079 6 
0.00470649 0.00526071 6 
0.00470413 0.00487278 6 
0.00470356 0.00533388 6 
0.0046795 0.00526713 6 
0.00467627 0.00509472 6 
0.00467096 0.00474767 6 
0.00466364 0.00488384 6 
0.00466146 0.00530537 6 
0.00465495 0.00553648 6 
0.00465222 0.00537445 6 
0.00465158 0.00501342 6 
0.00464283 0.00510105 6 
0.00463208 0.00502102 6 
0.00463167 0.0049174 6 
0.0046243 0.00470134 6 
0.00462426 0.00489305 6 
0.00461733 0.00513708 6 
0.00460891 0.00523182 6 
0.00460882 0.00479159 6 
0.00460791 0.00495643 6 
0.0046001 0.00510765 6 
0.00458616 0.00487278 6 
0.00457442 0.00503739 6 
0.00453859 0.00512551 6 
0.00451707 0.00500697 6 
0.00451401 0.00503804 6 
0.00449261 0.00503804 6 
0.00442822 0.00495224 6 
0.00439582 0.00472864 6 
0.00435105 0.00481316 6 
0.0031784 0.00318885 7 
0.00312513 0.0031844 7 
0.00303481 0.00306173 7 
0.00295532 0.00313885 7 
0.0028552 0.00285617 7 
0.00285148 0.00285309 7 
0.00284759 0.00285885 7 
0.0028351 0.00288096 7 
0.00283304 0.0028554 7 
0.00280254 0.0028915 7 
0.00278986 0.00297281 7 
0.00278456 0.00280941 7 
0.00276044 0.00277896 7 
0.00275652 0.00290318 7 
0.00273762 0.00285885 7 
0.00273483 0.00274184 7 
0.00273453 0.00277938 7 
0.00272977 0.00296122 7 
0.0027296 0.00279604 7 
0.00272172 0.00279324 7 
0.00271394 0.00279679 7 
0.0027099 0.00285893 7 
0.00270664 0.00279835 7 
0.00270435 0.00279096 7 
0.00269758 0.00270123 7 
0.00269565 0.00281037 7 
0.00269415 0.00287562 7 
0.00268955 0.00290435 7 
0.00268247 0.00278878 7 
0.00267953 0.00286965 7 
0.00267915 0.00310245 7 
0.00267089 0.00269835 7 
0.00267024 0.00292624 7 
0.00266161 0.00279604 7 
0.00265203 0.00283431 7 
0.00265079 0.00278889 7 
0.00264441 0.00276148 7 
0.00264045 0.0028106 7 
0.0026395 0.00287019 7 
0.00263747 0.00278992 7 
0.00263446 0.00282501 7 
0.00263029 0.00273355 7 
0.00262981 0.00267339 7 
0.00262787 0.00282265 7 
0.00262334 0.00291692 7 
0.00262156 0.00289681 7 
0.00262096 0.00277673 7 
0.00261519 0.00285192 7 
0.00260947 0.00278878 7 
0.00259845 0.00281154 7 
0.00259609 0.00273577 7 
0.00259478 0.00263578 7 
0.0025936 0.00267919 7 
0.00259302 0.0026561 7 
0.0025924 0.00286392 7 
0.00258711 0.00269531 7 
0.00258528 0.00270226 7 
0.00258294 0.00277576 7 
0.00257518 0.00273263 7 
0.00256791 0.0029285 7 
0.00256096 0.00278945 7 
0.00255769 0.00281872 7 
0.00255276 0.00274987 7 
0.00254156 0.00267279 7 
0.00254126 0.00306023 7 
0.00253761 0.00285192 7 
0.00252635 0.00261616 7 
0.00251814 0.00261579 7 
0.00251592 0.00270015 7 
0.00251222 0.00282736 7 
0.00251213 0.00277988 7 
0.0025088 0.00254796 7 
0.00250826 0.00251901 7 
0.00250528 0.002845 7 
0.00250448 0.00276336 7 
0.00249996 0.00269613 7 
0.00249923 0.00251684 7 
0.00249833 0.00259333 7 
0.00249511 0.00263765 7 
0.00249306 0.00261599 7 
0.00249273 0.00273316 7 
0.00249264 0.00292395 7 
0.00249209 0.00253169 7 
0.00249125 0.00257728 7 
0.00249047 0.00256418 7 
0.00248974 0.00278215 7 
0.00248886 0.00254796 7 
0.00248814 0.00263474 7 
0.00248628 0.00256013 7 
0.00248406 0.00256101 7 
0.00248083 0.00257249 7 
0.00248012 0.00281154 7 
0.00247729 0.00251515 7 
0.00247356 0.00283863 7 
0.00247232 0.00247428 7 
0.00246909 0.00250206 7 
0.00246554 0.00265853 7 
0.00245876 0.00254545 7 
0.00245864 0.00285163 7 
0.00245678 0.00287732 7 
0.00245406 0.00271702 7 
0.00245 0.00273316 7 
0.00244875 0.00275485 7 
0.00244858 0.0025269 7 
0.00243986 0.00247428 7 
0.00243595 0.00244005 7 
0.00243058 0.00252291 7 
0.00242878 0.00258276 7 
0.00242759 0.00249333 7 
0.00242535 0.002503 7 
0.00242239 0.00244949 7 
0.00242033 0.00278141 7 
0.00241839 0.00267279 7 
0.00241737 0.00276328 7 
0.00241494 0.00276214 7 
0.00240761 0.00270409 7 
0.00240517 0.00252407 7 
0.00240509 0.00252821 7 
0.00240164 0.00260047 7 
0.00240075 0.00243838 7 
0.00239843 0.00247966 7 
0.00239469 0.0024141 7 
0.00239218 0.00243723 7 
0.00238989 0.00251227 7 
0.00238429 0.00240555 7 
0.00238378 0.00250206 7 
0.00237638 0.00261629 7 
0.00236884 0.00285004 7 
0.00236868 0.00254442 7 
0.00236719 0.00265141 7 
0.00236505 0.00273621 7 
0.00236162 0.00257249 7 
0.00234719 0.0025028 7 
0.00234374 0.00250689 7 
0.00234157 0.00257927 7 
0.00233702 0.00243461 7 
0.0023358 0.00272932 7 
0.00233218 0.00249026 7 
0.00231329 0.0024141 7 
0.00231166 0.00263149 7 
0.00230993 0.0025897 7 
0.00229317 0.00254442 7 
0.00228897 0.00252371 7 
0.00228582 0.00264826 7 
0.00228471 0.00237248 7 
0.00227961 0.00250206 7 
0.00223975 0.00241952 7 
0.00223827 0.00244949 7 
0.00221636 0.00250474 7 
0.00166804 0.00166964 8 
0.00163726 0.00167514 8 
0.00157073 0.0016464 8 
0.00148826 0.00150167 8 
0.00147986 0.00150631 8 
0.00146392 0.00149465 8 
0.00145957 0.00151161 8 
0.00145515 0.0014704 8 
0.00145353 0.00148194 8 
0.00143899 0.00144073 8 
0.00143621 0.00146767 8 
0.00143595 0.0014842 8 
0.00143541 0.00151622 8 
0.00143482 0.0014437 8 
0.00142602 0.0014358 8 
0.00142049 0.00150542 8 
0.00141796 0.0015144 8 
0.00141586 0.00142817 8 
0.00141399 0.00145559 8 
0.00141381 0.001449 8 
0.00141326 0.00141483 8 
0.0014104 0.00141732 8 
0.00140598 0.00141327 8 
0.00140222 0.00143889 8 
0.00140145 0.00161902 8 
0.00139777 0.00147605 8 
0.00139653 0.00153196 8 
0.00139305 0.00143227 8 
0.00139221 0.00153288 8 
0.00138394 0.00144894 8 
0.00138 0.00143555 8 
0.00137997 0.00141846 8 
0.00137715 0.0014596 8 
0.00137661 0.00146738 8 
0.00137654 0.00146329 8 
0.00137524 0.00146166 8 
0.00137491 0.00144446 8 
0.00136664 0.00141321 8 
0.00136031 0.0014906 8 
0.00135775 0.0014882 8 
0.00135755 0.0014718 8 
0.00135666 0.00139951 8 
0.00135657 0.00138344 8 
0.00135405 0.00143639 8 
0.00135158 0.00144794 8 
0.00135091 0.00143325 8 
0.00134682 0.00139835 8 
0.00134561 0.00138229 8 
0.00134519 0.00139827 8 
0.00134179 0.00143889 8 
0.00133774 0.00137071 8 
0.00133581 0.00142609 8 
0.00133424 0.00154764 8 
0.00133412 0.00137129 8 
0.00133283 0.00145915 8 
0.00133246 0.00137129 8 
0.0013298 0.00148028 8 
0.00132912 0.00133073 8 
0.00132717 0.00134816 8 
0.00132526 0.00145206 8 
0.00132314 0.00146688 8 
0.00132149 0.0014446 8 
0.00132128 0.00132981 8 
0.00131662 0.0014724 8 
0.00131436 0.00141318 8 
0.00131415 0.00140601 8 
0.00131283 0.0015226 8 
0.00130529 0.00137658 8 
0.00130094 0.00158534 8 
0.00129935 0.00146067 8 
0.00129659 0.00150446 8 
0.00129644 0.00140378 8 
0.00129412 0.00137863 8 
0.00129295 0.00131387 8 
0.00128926 0.0014265 8 
0.00128872 0.00131308 8 
0.00128782 0.00146828 8 
0.00128623 0.0012945 8 
0.00128482 0.00130355 8 
0.00128384 0.00133526 8 
0.00128339 0.00128804 8 
0.00128067 0.00135642 8 
0.00127781 0.00131034 8 
0.00127633 0.0013 8 
0.0012755 0.00131712 8 
0.00127427 0.00134672 8 
0.00127166 0.00145445 8 
0.00127158 0.00149023 8 
0.00126967 0.00129087 8 
0.00126965 0.00132464 8 
0.00126901 0.00140378 8 
0.00126576 0.0012945 8 
0.00126423 0.00128918 8 
0.00126356 0.00147787 8 
0.00126304 0.00147293 8 
0.00126299 0.00128752 8 
0.00126111 0.00136186 8 
0.00125991 0.0014277 8 
0.00125855 0.00143114 8 
0.00125826 0.00130513 8 
0.00125746 0.00144387 8 
0.00125671 0.00136253 8 
0.00125512 0.0014258 8 
0.00125246 0.00127437 8 
0.0012504 0.00125925 8 
0.00124644 0.00135878 8 
0.00124479 0.00126239 8 
0.0012413 0.00124388 8 
0.00123997 0.00135216 8 
0.00123914 0.00134672 8 
0.00123877 0.0012631 8 
0.00123723 0.00126763 8 
0.00123663 0.00125746 8 
0.0012364 0.00135028 8 
0.00123623 0.00126771 8 
0.00123558 0.00137421 8 
0.00123173 0.00147215 8 
0.00122277 0.00138356 8 
0.00121983 0.00125863 8 
0.0012167 0.00131081 8 
0.00120957 0.00125406 8 
0.00120936 0.00132579 8 
0.00120143 0.00125292 8 
0.00119699 0.0012854 8 
0.00119202 0.00125471 8 
0.00118938 0.00130395 8 
0.00118661 0.00131262 8 
0.00118614 0.00140286 8 
0.00118466 0.00134461 8 
0.0011817 0.00121134 8 
0.00117772 0.00133583 8 
0.001173 0.00126239 8 
0.00116789 0.00127684 8 
0.00116677 0.00129087 8 
0.00116218 0.00125585 8 
0.00115814 0.00138799 8 
0.00115548 0.00127684 8 
0.0011439 0.00121327 8 
0.000880714 0.000881105 9 
0.000863684 0.000892237 9 
0.000842683 0.000857679 9 
0.000793871 0.000801053 9 
0.000777041 0.000786242 9 
0.000774616 0.000798835 9 
0.00077257 0.000779244 9 
0.00077056 0.000770618 9 
0.000765223 0.000782094 9 
0.000763671 0.000768848 9 
0.000758964 0.000786242 9 
0.000758393 0.000785164 9 
0.000756976 0.00077076 9 
0.000753422 0.000802962 9 
0.000753116 0.000757889 9 
0.000752394 0.000755833 9 
0.000746287 0.000765578 9 
0.000746013 0.000807942 9 
0.000743801 0.000756462 9 
0.000742126 0.000778118 9 
0.000740685 0.000753526 9 
0.000740516 0.000741175 9 
0.000739097 0.00084996 9 
0.000737706 0.000801612 9 
0.000735985 0.000743752 9 
0.000732969 0.000765535 9 
0.000732053 0.000743296 9 
0.000730151 0.000762125 9 
0.000729656 0.000764956 9 
0.000727126 0.000767119 9 
0.000723827 0.000761087 9 
0.000723544 0.000761026 9 
0.000722444 0.000761925 9 
0.00071952 0.000753278 9 
0.000719194 0.000780437 9 
0.000719088 0.000724994 9 
0.000716573 0.000751437 9 
0.00071604 0.000718478 9 
0.000715491 0.000731615 9 
0.000714003 0.000775813 9 
0.00070982 0.000722416 9 
0.000709603 0.000747239 9 
0.000707843 0.000740122 9 
0.000707069 0.000766855 9 
0.000706155 0.000732033 9 
0.000705602 0.000761092 9 
0.000704567 0.000711805 9 
0.000703671 0.000760539 9 
0.000703406 0.000720635 9 
0.00069986 0.000804248 9 
0.000699489 0.000737376 9 
0.000698917 0.000752134 9 
0.000698145 0.000704756 9 
0.000697215 0.00081274 9 
0.000697111 0.000773041 9 
0.000693717 0.00074066 9 
0.000690361 0.000768148 9 
0.000690285 0.000732721 9 
0.00069001 0.000724583 9 
0.000689805 0.000763312 9 
0.000689746 0.000727148 9 
0.000686044 0.000799863 9 
0.000684763 0.000690823 9 
0.00068177 0.000743752 9 
0.000681249 0.000722051 9 
0.000680903 0.000756684 9 
0.000679714 0.00074969 9 
0.000677287 0.000712121 9 
0.00067728 0.000677658 9 
0.000675348 0.00070161 9 
0.000674953 0.000761161 9 
0.000672667 0.000677084 9 
0.000672107 0.00082266 9 
0.000670251 0.000673469 9 
0.000668247 0.000700489 9 
0.000667633 0.000667727 9 
0.000667319 0.000762994 9 
0.000666979 0.00073996 9 
0.000666823 0.000777119 9 
0.000666076 0.000778827 9 
0.0006659 0.000677838 9 
0.000664886 0.000665092 9 
0.000664796 0.000728064 9 
0.000663793 0.000672201 9 
0.000663293 0.00069287 9 
0.000660671 0.000733871 9 
0.000659756 0.000684878 9 
0.000659486 0.000733871 9 
0.000658717 0.000663844 9 
0.00065774 0.000783048 9 
0.000657195 0.000717482 9 
0.000654314 0.000704812 9 
0.000651848 0.000665092 9 
0.000651543 0.000736305 9 
0.000651248 0.000750633 9 
0.000649445 0.000661292 9 
0.000647498 0.00072432 9 
0.00064541 0.000652854 9 
0.000644678 0.000769342 9 
0.000644518 0.00069287 9 
0.000642866 0.000683956 9 
0.000642554 0.00070526 9 
0.000639644 0.000754856 9 
0.000638672 0.000673036 9 
0.000638586 0.000654141 9 
0.000637711 0.000683956 9 
0.000628821 0.000657431 9 
0.000626575 0.000694237 9 
0.000626224 0.000657121 9 
0.000625855 0.000650331 9 
0.000624921 0.000651434 9 
0.000624348 0.000639548 9 
0.00062348 0.000657121 9 
0.00061831 0.000659011 9 
0.000616867 0.000671958 9 
0.000616416 0.000642741 9 
0.000614425 0.000728323 9 
0.000614057 0.000682969 9 
0.000612469 0.000659466 9 
0.00061204 0.000659466 9 
0.000609767 0.000618364 9 
0.000608519 0.000679658 9 
0.000605782 0.000666241 9 
0.000602162 0.000668344 9 
0.000601527 0.000693165 9 
0.000599571 0.000731526 9 
0.000579218 0.000627574 9 
