0.525063 0.543069 0 
0.524273 0.540902 0 
0.522566 0.541182 0 
0.522232 0.540423 0 
0.522223 0.541182 0 
0.522117 0.54264 0 
0.521831 0.543184 0 
0.521732 0.540901 0 
0.521699 0.542864 0 
0.521442 0.540877 0 
0.521267 0.54124 0 
0.521035 0.541245 0 
0.520946 0.54342 0 
0.520907 0.540456 0 
0.520857 0.54122 0 
0.520604 0.544647 0 
0.520548 0.540996 0 
0.520234 0.5231 0 
0.5201 0.543074 0 
0.519992 0.543286 0 
0.519979 0.538604 0 
0.519971 0.54122 0 
0.519957 0.5434 0 
0.519903 0.540197 0 
0.519854 0.520708 0 
0.51984 0.542959 0 
0.519837 0.520454 0 
0.519806 0.540763 0 
0.519742 0.541477 0 
0.519733 0.54115 0 
0.519658 0.543003 0 
0.519634 0.542399 0 
0.519608 0.54124 0 
0.519406 0.54342 0 
0.519379 0.539499 0 
0.519361 0.541348 0 
0.519315 0.540423 0 
0.519307 0.541257 0 
0.51926 0.542778 0 
0.519202 0.543607 0 
0.519202 0.539499 0 
0.519123 0.542126 0 
0.519073 0.542576 0 
0.519066 0.541994 0 
0.518998 0.542317 0 
0.51897 0.541257 0 
0.518888 0.539499 0 
0.518874 0.520291 0 
0.51884 0.520125 0 
0.518797 0.540322 0 
0.518744 0.523288 0 
0.518724 0.541023 0 
0.518722 0.541554 0 
0.518688 0.543261 0 
0.518674 0.542238 0 
0.518673 0.518756 0 
0.51865 0.540618 0 
0.518545 0.541554 0 
0.518496 0.541399 0 
0.518478 0.518529 0 
0.518445 0.543092 0 
0.51843 0.541118 0 
0.518411 0.540127 0 
0.518368 0.541189 0 
0.518367 0.540322 0 
0.518364 0.518489 0 
0.518308 0.518793 0 
0.518271 0.541513 0 
0.51825 0.541178 0 
0.518227 0.542576 0 
0.518226 0.541394 0 
0.518189 0.540197 0 
0.518167 0.541796 0 
0.518146 0.542071 0 
0.518137 0.54131 0 
0.518119 0.520988 0 
0.518066 0.5197 0 
0.518055 0.543716 0 
0.518035 0.541021 0 
0.518017 0.518869 0 
0.518017 0.542827 0 
0.517992 0.540303 0 
0.517778 0.517959 0 
0.517753 0.542507 0 
0.517677 0.520155 0 
0.517667 0.540456 0 
0.517655 0.543604 0 
0.517652 0.54083 0 
0.517622 0.541399 0 
0.517566 0.519454 0 
0.517525 0.539035 0 
0.517523 0.542793 0 
0.517521 0.543604 0 
0.517518 0.517561 0 
0.517502 0.539499 0 
0.517495 0.54128 0 
0.517474 0.517801 0 
0.517451 0.542668 0 
0.517447 0.543548 0 
0.517415 0.543735 0 
0.517399 0.541969 0 
0.517394 0.518267 0 
0.517298 0.542762 0 
0.517265 0.542206 0 
0.517259 0.519726 0 
0.517256 0.519726 0 
0.517145 0.517208 0 
0.517142 0.542779 0 
0.517109 0.540423 0 
0.517105 0.51878 0 
0.517036 0.517608 0 
0.517035 0.543573 0 
0.516995 0.541182 0 
0.516943 0.543537 0 
0.516937 0.517427 0 
0.516935 0.517701 0 
0.516917 0.54342 0 
0.516815 0.517997 0 
0.516809 0.517739 0 
0.516805 0.517608 0 
0.516795 0.539035 0 
0.516787 0.543657 0 
0.516774 0.540581 0 
0.516735 0.541178 0 
0.516722 0.541118 0 
0.516679 0.543261 0 
0.516619 0.517905 0 
0.51661 0.541178 0 
0.516594 0.542659 0 
0.516563 0.520473 0 
0.516558 0.517853 0 
0.516541 0.544819 0 
0.516521 0.541348 0 
0.516506 0.519279 0 
0.516486 0.539499 0 
0.516421 0.543093 0 
0.516418 0.517691 0 
0.516414 0.518373 0 
0.516405 0.520271 0 
0.516399 0.543805 0 
0.516379 0.516933 0 
0.516368 0.516933 0 
0.516358 0.51724 0 
0.516329 0.543899 0 
0.516328 0.542648 0 
0.516324 0.543298 0 
0.5163 0.544775 0 
0.516276 0.542475 0 
0.51627 0.517007 0 
0.516268 0.54083 0 
0.51625 0.517726 0 
0.516238 0.541994 0 
0.516236 0.540283 0 
0.516226 0.518051 0 
0.516205 0.543548 0 
0.516196 0.519602 0 
0.516166 0.51731 0 
0.516159 0.540637 0 
0.516117 0.543707 0 
0.516077 0.516459 0 
0.516075 0.520271 0 
0.516073 0.543861 0 
0.516073 0.540618 0 
0.516071 0.540581 0 
0.516015 0.540618 0 
0.516009 0.516594 0 
0.515999 0.517735 0 
0.515994 0.520827 0 
0.515991 0.542426 0 
0.515986 0.519338 0 
0.515953 0.542758 0 
0.51592 0.542772 0 
0.515913 0.542597 0 
0.515893 0.54102 0 
0.515868 0.542126 0 
0.515827 0.544455 0 
0.515761 0.519164 0 
0.515754 0.518543 0 
0.515738 0.517537 0 
0.515736 0.517127 0 
0.515734 0.516409 0 
0.515683 0.542627 0 
0.515681 0.542399 0 
0.515675 0.545224 0 
0.515669 0.520291 0 
0.515651 0.541021 0 
0.515641 0.516344 0 
0.515638 0.519776 0 
0.515625 0.517691 0 
0.515567 0.541178 0 
0.515558 0.542659 0 
0.515534 0.541257 0 
0.515517 0.519586 0 
0.515452 0.517382 0 
0.515443 0.519299 0 
0.515416 0.54267 0 
0.5154 0.540763 0 
0.515365 0.54131 0 
0.515364 0.54115 0 
0.515347 0.517714 0 
0.515345 0.540456 0 
0.51533 0.520492 0 
0.515324 0.517739 0 
0.515272 0.540618 0 
0.515252 0.519602 0 
0.515248 0.540739 0 
0.515248 0.518553 0 
0.515197 0.544647 0 
0.515175 0.517739 0 
0.515174 0.541276 0 
0.515173 0.517208 0 
0.515146 0.54253 0 
0.515131 0.518489 0 
0.51509 0.518489 0 
0.51508 0.542519 0 
0.515072 0.518397 0 
0.515059 0.517701 0 
0.515052 0.516339 0 
0.51505 0.51705 0 
0.515024 0.54261 0 
0.514975 0.540996 0 
0.514937 0.517691 0 
0.514921 0.538604 0 
0.51492 0.542206 0 
0.514919 0.543048 0 
0.514917 0.540901 0 
0.514908 0.543003 0 
0.514884 0.542123 0 
0.514859 0.541477 0 
0.514837 0.517046 0 
0.514824 0.541477 0 
0.514802 0.517739 0 
0.514798 0.515284 0 
0.514796 0.516738 0 
0.514796 0.519521 0 
0.514783 0.516693 0 
0.514761 0.540637 0 
0.514742 0.543537 0 
0.514736 0.541848 0 
0.51471 0.517537 0 
0.514698 0.515249 0 
0.514694 0.518936 0 
0.514694 0.521518 0 
0.514655 0.516397 0 
0.514651 0.516919 0 
0.514638 0.541178 0 
0.514626 0.540739 0 
0.514621 0.542627 0 
0.514616 0.541394 0 
0.514614 0.541245 0 
0.514596 0.542032 0 
0.514583 0.540877 0 
0.514556 0.540197 0 
0.51455 0.542818 0 
0.514515 0.541058 0 
0.514504 0.54227 0 
0.514493 0.547333 0 
0.514475 0.516545 0 
0.514468 0.515031 0 
0.51442 0.54342 0 
0.514406 0.540763 0 
0.514402 0.54083 0 
0.514388 0.540303 0 
0.514385 0.514627 0 
0.51433 0.514627 0 
0.514307 0.540763 0 
0.514298 0.517096 0 
0.514264 0.541394 0 
0.514242 0.516545 0 
0.51424 0.517599 0 
0.514228 0.540877 0 
0.514222 0.540456 0 
0.514217 0.547196 0 
0.514212 0.542032 0 
0.514189 0.541021 0 
0.514181 0.54344 0 
0.514178 0.541058 0 
0.514169 0.543573 0 
0.514167 0.540423 0 
0.514162 0.545709 0 
0.514162 0.51429 0 
0.514154 0.543948 0 
0.514133 0.541023 0 
0.51412 0.542772 0 
0.514061 0.51597 0 
0.514019 0.519158 0 
0.514014 0.545171 0 
0.514014 0.516371 0 
0.51401 0.538604 0 
0.513982 0.542215 0 
0.513972 0.541058 0 
0.513966 0.542519 0 
0.513955 0.541348 0 
0.513947 0.540996 0 
0.513936 0.54178 0 
0.513928 0.519776 0 
0.513928 0.548206 0 
0.513913 0.543657 0 
0.513911 0.540423 0 
0.513909 0.541245 0 
0.513897 0.51515 0 
0.513892 0.516117 0 
0.513856 0.54124 0 
0.513824 0.516339 0 
0.513821 0.515557 0 
0.513779 0.54253 0 
0.513741 0.545834 0 
0.513718 0.516939 0 
0.513679 0.541182 0 
0.513672 0.543261 0 
0.513671 0.514973 0 
0.513664 0.542627 0 
0.513656 0.540197 0 
0.513654 0.518769 0 
0.513651 0.514104 0 
0.513639 0.54102 0 
0.51362 0.540197 0 
0.513601 0.515264 0 
0.513589 0.542772 0 
0.513584 0.541127 0 
0.513544 0.540902 0 
0.513541 0.541899 0 
0.513521 0.520081 0 
0.513513 0.541303 0 
0.513512 0.541182 0 
0.513504 0.541021 0 
0.513496 0.544863 0 
0.513493 0.514984 0 
0.513492 0.541276 0 
0.513489 0.517239 0 
0.513486 0.519865 0 
0.513472 0.518793 0 
0.513453 0.545318 0 
0.51342 0.519338 0 
0.513344 0.541978 0 
0.513326 0.513583 0 
0.513324 0.542287 0 
0.513298 0.54124 0 
0.513273 0.542426 0 
0.513264 0.54342 0 
0.51325 0.540283 0 
0.513245 0.54227 0 
0.513244 0.520155 0 
0.513219 0.515486 0 
0.513175 0.541456 0 
0.513166 0.541021 0 
0.513163 0.54128 0 
0.513158 0.542643 0 
0.513143 0.524257 0 
0.51314 0.541951 0 
0.513121 0.543724 0 
0.513065 0.541399 0 
0.512817 0.543457 0 
0.512813 0.54124 0 
0.512806 0.539035 0 
0.512771 0.54083 0 
0.512769 0.54128 0 
0.512766 0.543865 0 
0.512762 0.518615 0 
0.512735 0.540902 0 
0.512734 0.541127 0 
0.512722 0.543003 0 
0.512687 0.54115 0 
0.512661 0.542583 0 
0.512632 0.542546 0 
0.512612 0.541245 0 
0.51251 0.541023 0 
0.512478 0.54115 0 
0.512373 0.54342 0 
0.512324 0.544647 0 
0.512252 0.545502 0 
0.51225 0.542815 0 
0.512241 0.515066 0 
0.512192 0.542758 0 
0.512185 0.545642 0 
0.512134 0.541127 0 
0.512067 0.541394 0 
0.512048 0.541978 0 
0.512039 0.546035 0 
0.511999 0.541348 0 
0.511882 0.541348 0 
0.51188 0.541189 0 
0.511818 0.541399 0 
0.511734 0.542491 0 
0.511667 0.541522 0 
0.511641 0.545223 0 
0.511608 0.54175 0 
0.511594 0.541865 0 
0.511582 0.511677 0 
0.511564 0.542032 0 
0.51156 0.542058 0 
0.511524 0.542606 0 
0.511514 0.544964 0 
0.511476 0.512325 0 
0.511474 0.54342 0 
0.511464 0.542659 0 
0.511457 0.541456 0 
0.511425 0.543081 0 
0.511361 0.542123 0 
0.511345 0.542165 0 
0.511282 0.543793 0 
0.511276 0.512819 0 
0.511248 0.544555 0 
0.511118 0.54329 0 
0.511072 0.541848 0 
0.511015 0.545081 0 
0.511012 0.541619 0 
0.511009 0.543537 0 
0.510995 0.544985 0 
0.510961 0.541848 0 
0.510929 0.544976 0 
0.510897 0.513962 0 
0.510877 0.544707 0 
0.510872 0.545697 0 
0.510871 0.542659 0 
0.510823 0.543919 0 
0.510681 0.544942 0 
0.510469 0.545803 0 
0.510447 0.547385 0 
0.510351 0.546288 0 
0.510156 0.546642 0 
0.510156 0.543491 0 
0.51001 0.545537 0 
0.509485 0.543919 0 
0.219179 0.226455 1 
0.218053 0.225995 1 
0.216849 0.225527 1 
0.216302 0.224474 1 
0.216032 0.225627 1 
0.216029 0.226641 1 
0.215916 0.226083 1 
0.215859 0.222063 1 
0.215804 0.221676 1 
0.215764 0.232895 1 
0.215608 0.224725 1 
0.215437 0.226178 1 
0.215431 0.222132 1 
0.215234 0.223719 1 
0.215132 0.227433 1 
0.215119 0.226685 1 
0.215007 0.22216 1 
0.214958 0.227315 1 
0.214898 0.227542 1 
0.214769 0.224968 1 
0.214681 0.227834 1 
0.214599 0.227745 1 
0.214531 0.224629 1 
0.214504 0.223536 1 
0.214497 0.225763 1 
0.214356 0.222348 1 
0.214305 0.231913 1 
0.214302 0.226772 1 
0.214232 0.224876 1 
0.214152 0.228393 1 
0.214117 0.223841 1 
0.214033 0.227638 1 
0.213977 0.223321 1 
0.213954 0.223719 1 
0.213908 0.220105 1 
0.213897 0.223028 1 
0.213881 0.224322 1 
0.213866 0.218724 1 
0.213815 0.231965 1 
0.213767 0.221776 1 
0.213738 0.223028 1 
0.213705 0.225917 1 
0.213635 0.232207 1 
0.213628 0.230445 1 
0.213595 0.222189 1 
0.213567 0.227645 1 
0.213529 0.221786 1 
0.213514 0.22378 1 
0.213496 0.223377 1 
0.213476 0.230776 1 
0.213423 0.222499 1 
0.213381 0.225572 1 
0.213374 0.221786 1 
0.213318 0.224595 1 
0.213306 0.224369 1 
0.213275 0.224715 1 
0.213264 0.223682 1 
0.213225 0.222014 1 
0.213141 0.226172 1 
0.213126 0.222743 1 
0.21305 0.221876 1 
0.213037 0.224384 1 
0.21303 0.221676 1 
0.21303 0.225283 1 
0.212981 0.22348 1 
0.21295 0.222132 1 
0.212924 0.228189 1 
0.212912 0.222834 1 
0.212912 0.220363 1 
0.21291 0.22205 1 
0.2129 0.223657 1 
0.212893 0.221876 1 
0.212807 0.229859 1 
0.212799 0.224968 1 
0.212741 0.225283 1 
0.212721 0.225358 1 
0.21271 0.225104 1 
0.212603 0.220105 1 
0.212588 0.22942 1 
0.212579 0.225198 1 
0.212579 0.222014 1 
0.212561 0.223307 1 
0.21256 0.229359 1 
0.212531 0.223119 1 
0.212519 0.224547 1 
0.212456 0.222743 1 
0.212454 0.225669 1 
0.212435 0.222014 1 
0.21242 0.223399 1 
0.212399 0.220363 1 
0.212398 0.22316 1 
0.212324 0.225917 1 
0.212308 0.224369 1 
0.212302 0.2261 1 
0.212291 0.22316 1 
0.212279 0.224314 1 
0.212278 0.226125 1 
0.212275 0.224629 1 
0.212224 0.223119 1 
0.212214 0.226745 1 
0.212184 0.226155 1 
0.212151 0.2279 1 
0.212144 0.226685 1 
0.212026 0.224045 1 
0.212013 0.22406 1 
0.212012 0.22132 1 
0.211993 0.225161 1 
0.211958 0.22205 1 
0.211899 0.225917 1 
0.211834 0.225763 1 
0.21179 0.212181 1 
0.211752 0.222458 1 
0.211644 0.225762 1 
0.211623 0.223321 1 
0.211609 0.224838 1 
0.211604 0.221792 1 
0.211596 0.225425 1 
0.211558 0.220363 1 
0.211553 0.224539 1 
0.211505 0.223884 1 
0.211383 0.223682 1 
0.211342 0.222458 1 
0.211339 0.224472 1 
0.211324 0.227083 1 
0.211316 0.225071 1 
0.211312 0.221676 1 
0.211284 0.224855 1 
0.211264 0.224166 1 
0.211172 0.224588 1 
0.211171 0.222976 1 
0.211149 0.222189 1 
0.211145 0.220363 1 
0.211049 0.221841 1 
0.210935 0.229152 1 
0.210907 0.223123 1 
0.210817 0.229152 1 
0.210721 0.222493 1 
0.210699 0.225627 1 
0.21065 0.224595 1 
0.210624 0.227084 1 
0.210618 0.223711 1 
0.210587 0.222132 1 
0.210524 0.224654 1 
0.210523 0.225376 1 
0.210518 0.228637 1 
0.210503 0.225669 1 
0.210499 0.23083 1 
0.210445 0.224187 1 
0.210408 0.223028 1 
0.210399 0.224317 1 
0.210364 0.224539 1 
0.21033 0.211524 1 
0.210326 0.224968 1 
0.210291 0.223536 1 
0.210288 0.222856 1 
0.210277 0.226453 1 
0.21026 0.210309 1 
0.210181 0.22378 1 
0.21017 0.223119 1 
0.210167 0.229089 1 
0.210156 0.221792 1 
0.21006 0.210804 1 
0.210053 0.225004 1 
0.209989 0.223841 1 
0.209983 0.225497 1 
0.209937 0.224684 1 
0.209925 0.226665 1 
0.209904 0.221201 1 
0.209859 0.227962 1 
0.209834 0.228688 1 
0.209741 0.224099 1 
0.209686 0.229582 1 
0.209611 0.229063 1 
0.209589 0.225143 1 
0.209585 0.209804 1 
0.209569 0.22348 1 
0.209545 0.210264 1 
0.2095 0.209635 1 
0.209496 0.224838 1 
0.209423 0.222499 1 
0.209389 0.224317 1 
0.209375 0.210687 1 
0.209354 0.222189 1 
0.209283 0.209308 1 
0.209243 0.223119 1 
0.209196 0.211155 1 
0.209126 0.222843 1 
0.209072 0.222493 1 
0.209024 0.210001 1 
0.208996 0.224384 1 
0.208986 0.220363 1 
0.20898 0.210906 1 
0.208978 0.209788 1 
0.208944 0.224326 1 
0.20893 0.209633 1 
0.208929 0.2255 1 
0.208808 0.225572 1 
0.208785 0.223536 1 
0.208661 0.210468 1 
0.208602 0.222932 1 
0.208581 0.221792 1 
0.208572 0.223884 1 
0.208527 0.224045 1 
0.208526 0.225281 1 
0.208467 0.223307 1 
0.20846 0.227083 1 
0.208454 0.225917 1 
0.208441 0.222843 1 
0.208413 0.209866 1 
0.2084 0.208796 1 
0.208378 0.229152 1 
0.208372 0.227328 1 
0.20835 0.222843 1 
0.208341 0.224291 1 
0.208327 0.221389 1 
0.208263 0.22132 1 
0.208258 0.223838 1 
0.208257 0.221876 1 
0.208221 0.221776 1 
0.208203 0.208355 1 
0.208165 0.209804 1 
0.20807 0.225572 1 
0.207987 0.211508 1 
0.207943 0.208558 1 
0.207936 0.226155 1 
0.207913 0.208439 1 
0.20786 0.224472 1 
0.207826 0.209418 1 
0.207801 0.221676 1 
0.207798 0.221389 1 
0.207795 0.207986 1 
0.207688 0.209598 1 
0.207655 0.222834 1 
0.207654 0.223028 1 
0.20765 0.20828 1 
0.207639 0.225904 1 
0.207617 0.225004 1 
0.207572 0.223145 1 
0.207555 0.210228 1 
0.207552 0.208785 1 
0.207509 0.225022 1 
0.207482 0.22406 1 
0.207472 0.226249 1 
0.207395 0.208433 1 
0.20737 0.207959 1 
0.207363 0.207537 1 
0.207363 0.207492 1 
0.207335 0.221861 1 
0.20733 0.223467 1 
0.207311 0.224472 1 
0.207307 0.226558 1 
0.207305 0.223399 1 
0.207303 0.207376 1 
0.207286 0.221861 1 
0.207272 0.225803 1 
0.207172 0.222493 1 
0.207167 0.221841 1 
0.207124 0.208158 1 
0.207117 0.226051 1 
0.207107 0.222132 1 
0.207097 0.226471 1 
0.20709 0.223307 1 
0.207089 0.222743 1 
0.207078 0.222743 1 
0.207 0.227942 1 
0.206997 0.222132 1 
0.206984 0.208432 1 
0.206983 0.218724 1 
0.206948 0.225283 1 
0.206927 0.22348 1 
0.206875 0.224472 1 
0.206862 0.223321 1 
0.20685 0.208012 1 
0.206844 0.2082 1 
0.206823 0.222499 1 
0.206766 0.207143 1 
0.206764 0.211132 1 
0.206739 0.208433 1 
0.206731 0.222932 1 
0.206724 0.223123 1 
0.206696 0.207838 1 
0.206682 0.221841 1 
0.20662 0.207204 1 
0.206607 0.223307 1 
0.206495 0.206556 1 
0.206468 0.222063 1 
0.206463 0.207164 1 
0.206441 0.224725 1 
0.206388 0.209059 1 
0.206371 0.2279 1 
0.20632 0.227057 1 
0.206277 0.22216 1 
0.206255 0.218724 1 
0.206235 0.222932 1 
0.206215 0.207492 1 
0.2062 0.22216 1 
0.206165 0.209422 1 
0.206113 0.223175 1 
0.206099 0.222348 1 
0.20608 0.223711 1 
0.206058 0.208676 1 
0.206009 0.206837 1 
0.205988 0.223842 1 
0.205981 0.208593 1 
0.205923 0.20718 1 
0.205893 0.223842 1 
0.205891 0.223255 1 
0.205881 0.222743 1 
0.205877 0.209735 1 
0.205865 0.222976 1 
0.205855 0.222856 1 
0.205821 0.222493 1 
0.205808 0.222894 1 
0.205776 0.207026 1 
0.205769 0.223878 1 
0.205768 0.205885 1 
0.205759 0.222063 1 
0.205759 0.226232 1 
0.205757 0.229056 1 
0.205636 0.221841 1 
0.20559 0.223255 1 
0.20555 0.224539 1 
0.205528 0.209106 1 
0.205507 0.220105 1 
0.205449 0.223255 1 
0.205443 0.224124 1 
0.205426 0.207062 1 
0.205362 0.223682 1 
0.205362 0.22361 1 
0.20535 0.225067 1 
0.205331 0.223028 1 
0.205327 0.209548 1 
0.20532 0.22316 1 
0.205285 0.22205 1 
0.205229 0.208861 1 
0.205227 0.210872 1 
0.205177 0.209527 1 
0.205084 0.223321 1 
0.205053 0.224099 1 
0.205051 0.22348 1 
0.205016 0.20877 1 
0.20501 0.227788 1 
0.204955 0.222348 1 
0.204948 0.205592 1 
0.204803 0.224595 1 
0.204732 0.224855 1 
0.204716 0.22216 1 
0.204704 0.223399 1 
0.204685 0.221876 1 
0.204678 0.230931 1 
0.204516 0.223546 1 
0.204495 0.2082 1 
0.204476 0.222063 1 
0.204475 0.204875 1 
0.204456 0.223377 1 
0.204375 0.204732 1 
0.204362 0.212092 1 
0.204342 0.224476 1 
0.204335 0.222856 1 
0.204314 0.209598 1 
0.204296 0.206099 1 
0.204267 0.205257 1 
0.204242 0.222063 1 
0.204229 0.224001 1 
0.204007 0.222856 1 
0.203858 0.223467 1 
0.203849 0.212874 1 
0.203812 0.224588 1 
0.203425 0.224857 1 
0.100408 0.105813 2 
0.100026 0.105236 2 
0.09946 0.100751 2 
0.0992943 0.100028 2 
0.0991434 0.100818 2 
0.0989922 0.100586 2 
0.0989809 0.101921 2 
0.0989731 0.104869 2 
0.0986781 0.105398 2 
0.0986214 0.098738 2 
0.0986111 0.100384 2 
0.0984861 0.098554 2 
0.0984004 0.100851 2 
0.0983638 0.101893 2 
0.0982964 0.102642 2 
0.098288 0.101502 2 
0.0981111 0.10452 2 
0.0980682 0.100769 2 
0.0978355 0.100178 2 
0.0978059 0.0984061 2 
0.097798 0.102637 2 
0.0977752 0.0989904 2 
0.0977095 0.099418 2 
0.0976322 0.101782 2 
0.0975591 0.103708 2 
0.0974759 0.104917 2 
0.09724 0.098738 2 
0.0971772 0.0987734 2 
0.0970795 0.0987803 2 
0.0969979 0.0988248 2 
0.096958 0.0976333 2 
0.0969201 0.103325 2 
0.0969138 0.100812 2 
0.0969023 0.0974716 2 
0.0967553 0.0985039 2 
0.0966518 0.0987562 2 
0.0966433 0.104701 2 
0.0966177 0.10071 2 
0.0966142 0.0998401 2 
0.0965812 0.1036 2 
0.0965743 0.102521 2 
0.0965213 0.0988609 2 
0.096493 0.0983699 2 
0.0964737 0.10024 2 
0.0964523 0.101068 2 
0.096441 0.0977925 2 
0.0964407 0.0970585 2 
0.0964026 0.100039 2 
0.096394 0.101815 2 
0.0963855 0.099418 2 
0.0963085 0.0972869 2 
0.0961893 0.0964541 2 
0.0961644 0.101341 2 
0.0961565 0.102792 2 
0.0961496 0.101219 2 
0.096144 0.0962664 2 
0.0961188 0.0982584 2 
0.096008 0.0979292 2 
0.0960052 0.0987275 2 
0.0958784 0.10269 2 
0.0958772 0.0980205 2 
0.0958609 0.0971921 2 
0.0958605 0.0994682 2 
0.0958225 0.0998401 2 
0.0958035 0.0996105 2 
0.0957902 0.0992903 2 
0.0957618 0.100434 2 
0.0956841 0.0975192 2 
0.0956451 0.0990927 2 
0.0955363 0.0987734 2 
0.0955099 0.0956946 2 
0.0954925 0.0978994 2 
0.0954913 0.0990927 2 
0.0953075 0.100293 2 
0.0952815 0.0955355 2 
0.0952263 0.0978994 2 
0.095225 0.0972121 2 
0.0951782 0.0956946 2 
0.0951754 0.0973259 2 
0.095154 0.0972121 2 
0.095106 0.0972869 2 
0.0951053 0.0955285 2 
0.0950963 0.103513 2 
0.0950952 0.0993083 2 
0.0950678 0.0976891 2 
0.0950506 0.0962967 2 
0.0950448 0.100812 2 
0.0950283 0.0975806 2 
0.0950145 0.0987584 2 
0.0950001 0.0993822 2 
0.0949895 0.0961816 2 
0.0949764 0.0998401 2 
0.0949522 0.0988613 2 
0.0949489 0.0979292 2 
0.0949139 0.0978742 2 
0.0948199 0.102207 2 
0.0947974 0.0962967 2 
0.0947674 0.0978742 2 
0.0947528 0.0998793 2 
0.0947523 0.0984285 2 
0.0947244 0.0977383 2 
0.0947213 0.0947475 2 
0.0946831 0.0980205 2 
0.0946827 0.0999029 2 
0.0946455 0.0995748 2 
0.0946229 0.0982236 2 
0.0945399 0.0994601 2 
0.0945198 0.0982236 2 
0.0944741 0.0949976 2 
0.0944552 0.0996421 2 
0.0944469 0.0962664 2 
0.0943909 0.102434 2 
0.0943865 0.10024 2 
0.0943788 0.0976891 2 
0.094347 0.0992903 2 
0.0943308 0.0973259 2 
0.0943207 0.0960267 2 
0.0942654 0.0989904 2 
0.0942349 0.102385 2 
0.0941926 0.0983012 2 
0.0941579 0.0955285 2 
0.0941545 0.0945402 2 
0.0940789 0.0970585 2 
0.094076 0.098291 2 
0.0940589 0.0994012 2 
0.0940251 0.0976136 2 
0.093993 0.0957116 2 
0.0939867 0.099333 2 
0.093985 0.0969509 2 
0.0939339 0.0948171 2 
0.0939151 0.0991587 2 
0.0938641 0.100004 2 
0.093842 0.0939286 2 
0.0938364 0.101367 2 
0.0938329 0.0997941 2 
0.0937773 0.0991587 2 
0.0937668 0.100788 2 
0.0937551 0.0985827 2 
0.0937053 0.097457 2 
0.0936996 0.101068 2 
0.0936821 0.102175 2 
0.0936718 0.0984025 2 
0.0936456 0.0976891 2 
0.0936191 0.0999882 2 
0.0935916 0.0975806 2 
0.0935829 0.0974981 2 
0.0935435 0.099137 2 
0.0934705 0.0980964 2 
0.0934282 0.100136 2 
0.0934202 0.0981451 2 
0.0933975 0.0989904 2 
0.0933788 0.0960211 2 
0.0933486 0.0987803 2 
0.0933394 0.0941102 2 
0.0933036 0.0988279 2 
0.0932385 0.0970585 2 
0.0932091 0.0979292 2 
0.0931981 0.101219 2 
0.0931916 0.0933555 2 
0.0931843 0.0935973 2 
0.0931152 0.102792 2 
0.0931131 0.0984428 2 
0.0930253 0.0936033 2 
0.0930051 0.0930231 2 
0.0929107 0.0977383 2 
0.0929094 0.0973259 2 
0.0928149 0.0985145 2 
0.0928059 0.0993822 2 
0.0927857 0.0957116 2 
0.0927464 0.0976891 2 
0.0927421 0.100764 2 
0.0927 0.0939009 2 
0.0926505 0.0936251 2 
0.0926433 0.0980724 2 
0.0926407 0.0962664 2 
0.0926204 0.0944037 2 
0.0925957 0.099769 2 
0.0925596 0.0997186 2 
0.0925418 0.0975291 2 
0.0925272 0.0996105 2 
0.0925216 0.0955285 2 
0.092507 0.0984428 2 
0.0925064 0.0975806 2 
0.0925009 0.0962622 2 
0.0924908 0.0973237 2 
0.0924753 0.0987486 2 
0.0924674 0.0984007 2 
0.0924329 0.0929127 2 
0.092254 0.093445 2 
0.0922365 0.101489 2 
0.0922243 0.0960267 2 
0.0922039 0.0926092 2 
0.0921966 0.0998401 2 
0.0921965 0.0976333 2 
0.0921954 0.0977383 2 
0.0921952 0.0987734 2 
0.092137 0.100571 2 
0.0921263 0.0992358 2 
0.0921165 0.0992358 2 
0.0920492 0.0973237 2 
0.0920349 0.0993083 2 
0.0920096 0.0991739 2 
0.091982 0.0980355 2 
0.0919759 0.0924263 2 
0.0919582 0.100427 2 
0.0919298 0.0977383 2 
0.091913 0.0973237 2 
0.091911 0.0995199 2 
0.0918897 0.0981451 2 
0.0918866 0.0933481 2 
0.0918865 0.101414 2 
0.0918802 0.100589 2 
0.09177 0.0975192 2 
0.091762 0.0935946 2 
0.0916569 0.0930684 2 
0.0916508 0.0995023 2 
0.0916501 0.0984269 2 
0.0916402 0.0982352 2 
0.0915644 0.0969509 2 
0.0915474 0.0933481 2 
0.0915327 0.0928341 2 
0.0915296 0.0984285 2 
0.0915185 0.0978994 2 
0.0914858 0.097457 2 
0.0914726 0.0929676 2 
0.0914723 0.0996678 2 
0.0914205 0.0983699 2 
0.0913956 0.0979292 2 
0.0913747 0.0915846 2 
0.0913585 0.0917615 2 
0.0913329 0.0932094 2 
0.0912634 0.0921219 2 
0.0912378 0.0964541 2 
0.0912343 0.0997932 2 
0.0912041 0.091708 2 
0.0911905 0.0982584 2 
0.0911182 0.0972869 2 
0.0910417 0.0980355 2 
0.0909896 0.0961816 2 
0.0909479 0.0964537 2 
0.0909446 0.0974981 2 
0.0908849 0.0991739 2 
0.0908403 0.0915281 2 
0.0907904 0.0982584 2 
0.0907901 0.0960652 2 
0.0907728 0.0964537 2 
0.0907614 0.0962967 2 
0.0906918 0.0969509 2 
0.0906784 0.0919228 2 
0.0906508 0.0971921 2 
0.0905768 0.0982236 2 
0.0905748 0.0982236 2 
0.0905257 0.0955285 2 
0.0904866 0.0976671 2 
0.0904846 0.097457 2 
0.0904696 0.0908539 2 
0.0904602 0.101195 2 
0.0904325 0.0909465 2 
0.0904263 0.0996105 2 
0.0904171 0.0941096 2 
0.0904032 0.0988044 2 
0.0903984 0.0962622 2 
0.0903954 0.0980724 2 
0.0903925 0.0960211 2 
0.0903309 0.0909825 2 
0.0902942 0.0980355 2 
0.0902679 0.097457 2 
0.0902614 0.0915714 2 
0.0902467 0.0980907 2 
0.0902205 0.0938276 2 
0.0902025 0.0923482 2 
0.0902006 0.0964541 2 
0.0901889 0.0978994 2 
0.0901625 0.0908016 2 
0.0901329 0.0957116 2 
0.0901161 0.102964 2 
0.0901143 0.0974981 2 
0.0901059 0.0903516 2 
0.090078 0.0984061 2 
0.0900775 0.0924263 2 
0.0900696 0.0955355 2 
0.0900306 0.0980724 2 
0.0900285 0.0937596 2 
0.0900209 0.0974716 2 
0.0899986 0.0915609 2 
0.0899886 0.0900572 2 
0.0899508 0.0924456 2 
0.0899384 0.0985827 2 
0.0899276 0.0989242 2 
0.0899244 0.0988279 2 
0.0899171 0.0972121 2 
0.0898793 0.090547 2 
0.089853 0.0960211 2 
0.0898527 0.102853 2 
0.0898497 0.0904552 2 
0.0898457 0.0937596 2 
0.0898127 0.0978829 2 
0.0897778 0.101815 2 
0.0897475 0.0910417 2 
0.089738 0.0970585 2 
0.0897266 0.0906007 2 
0.0896892 0.0935484 2 
0.0896525 0.0972121 2 
0.0895461 0.0965255 2 
0.0895279 0.0977383 2 
0.0894961 0.0923991 2 
0.089488 0.0980461 2 
0.0894793 0.0972121 2 
0.0894629 0.0976671 2 
0.0894381 0.0899316 2 
0.0893807 0.0906453 2 
0.0893692 0.0987305 2 
0.0893491 0.0895388 2 
0.0891506 0.0901671 2 
0.0891138 0.0982162 2 
0.0891121 0.0971921 2 
0.0891095 0.0920431 2 
0.0890637 0.0920518 2 
0.0890558 0.0894981 2 
0.0890495 0.0900818 2 
0.0890368 0.0917087 2 
0.0890353 0.0941096 2 
0.0890223 0.0969509 2 
0.0890125 0.0923257 2 
0.08888 0.0984007 2 
0.0887846 0.0982162 2 
0.0887809 0.0983468 2 
0.0887698 0.0908698 2 
0.0887626 0.0975474 2 
0.0886913 0.0977113 2 
0.0886507 0.0933905 2 
0.0886203 0.0965255 2 
0.0885809 0.0976136 2 
0.088554 0.0962967 2 
0.088514 0.0987305 2 
0.0884594 0.0982162 2 
0.0884427 0.0960211 2 
0.0884254 0.0976333 2 
0.088387 0.0980205 2 
0.0883714 0.097783 2 
0.0883303 0.0992903 2 
0.0883016 0.0965255 2 
0.0882741 0.0980907 2 
0.0882622 0.0945406 2 
0.0881634 0.0882593 2 
0.0880958 0.0982432 2 
0.0880803 0.099137 2 
0.0880657 0.0896427 2 
0.0880226 0.0980461 2 
0.0879884 0.0965255 2 
0.0879616 0.0976671 2 
0.0879554 0.0953554 2 
0.087891 0.0990281 2 
0.087786 0.0910185 2 
0.0877859 0.0978829 2 
0.0876138 0.0977113 2 
0.0874357 0.0875334 2 
0.0873774 0.0984042 2 
0.0868227 0.0870006 2 
0.0863576 0.0878325 2 
0.0498116 0.0500546 3 
0.0494848 0.0503377 3 
0.0489417 0.0497052 3 
0.0482635 0.0499605 3 
0.0478628 0.0498914 3 
0.0478583 0.0492309 3 
0.0478187 0.0485941 3 
0.0474824 0.0486459 3 
0.0474545 0.0481877 3 
0.0470047 0.0499546 3 
0.0469362 0.0493412 3 
0.0469349 0.0478044 3 
0.0469098 0.0488495 3 
0.0468493 0.0469822 3 
0.0467557 0.0468687 3 
0.0467381 0.0477469 3 
0.046561 0.0484306 3 
0.0464908 0.0493059 3 
0.0462109 0.0481797 3 
0.0462105 0.0469435 3 
0.0462051 0.0491154 3 
0.04613 0.047299 3 
0.0461047 0.0486693 3 
0.0460973 0.0467144 3 
0.0459488 0.0468682 3 
0.0459431 0.0461433 3 
0.0458952 0.0468061 3 
0.0458785 0.0468061 3 
0.0458052 0.0459993 3 
0.0455952 0.0472895 3 
0.0455935 0.045611 3 
0.0455785 0.0458208 3 
0.0455079 0.0460969 3 
0.0452825 0.0466971 3 
0.0452768 0.0459993 3 
0.0452567 0.0464297 3 
0.0452545 0.0454904 3 
0.045209 0.0474596 3 
0.0452082 0.0462996 3 
0.0451736 0.0461608 3 
0.0451131 0.0460969 3 
0.0450814 0.047673 3 
0.0450768 0.0452447 3 
0.045053 0.0469435 3 
0.0449919 0.0453 3 
0.0449572 0.0456251 3 
0.0449514 0.045642 3 
0.044899 0.0453629 3 
0.0448969 0.0459438 3 
0.0448183 0.0458877 3 
0.0447328 0.0449589 3 
0.0447201 0.0448473 3 
0.0447167 0.0447423 3 
0.0447074 0.0461029 3 
0.0446992 0.0454922 3 
0.0446847 0.0461201 3 
0.0446809 0.0450257 3 
0.0446749 0.045926 3 
0.044671 0.0455041 3 
0.0446657 0.0458692 3 
0.0446512 0.0452447 3 
0.0446441 0.0477004 3 
0.0446355 0.0485721 3 
0.0446337 0.0458452 3 
0.0446285 0.0460782 3 
0.0446184 0.0451069 3 
0.0446053 0.048958 3 
0.0445964 0.0449165 3 
0.0445212 0.0458714 3 
0.0444398 0.0457399 3 
0.0444333 0.0454211 3 
0.044403 0.0448749 3 
0.0443494 0.047129 3 
0.044335 0.0462723 3 
0.0442888 0.0459035 3 
0.0442819 0.0448473 3 
0.0442539 0.0468061 3 
0.0442282 0.0447159 3 
0.0442201 0.0465532 3 
0.0442164 0.0444398 3 
0.0441819 0.0477535 3 
0.0441668 0.0449075 3 
0.0441663 0.0478385 3 
0.0441313 0.045305 3 
0.0441284 0.0447326 3 
0.0441013 0.0451653 3 
0.0440938 0.044799 3 
0.0440589 0.0456093 3 
0.0440244 0.0442713 3 
0.0439928 0.0453852 3 
0.0439764 0.0457248 3 
0.0439664 0.0452434 3 
0.0439621 0.047299 3 
0.0439185 0.0466258 3 
0.0439175 0.0441483 3 
0.0439033 0.0456383 3 
0.043896 0.0457035 3 
0.0438887 0.0448473 3 
0.0438405 0.0466159 3 
0.0438381 0.044224 3 
0.0438376 0.0456383 3 
0.0438361 0.0457788 3 
0.0438187 0.0443616 3 
0.0438132 0.0484306 3 
0.0437755 0.0451446 3 
0.0437678 0.0460843 3 
0.0437559 0.046804 3 
0.0437552 0.0448582 3 
0.0437382 0.0439379 3 
0.0437262 0.0444698 3 
0.0437095 0.0446381 3 
0.0436934 0.045642 3 
0.0436718 0.0456186 3 
0.0436632 0.0438282 3 
0.0436384 0.045575 3 
0.0435575 0.0471306 3 
0.0435428 0.0436604 3 
0.0435393 0.0456424 3 
0.0435198 0.04485 3 
0.0434967 0.0451135 3 
0.0434967 0.0452093 3 
0.0434805 0.0452093 3 
0.0434723 0.0440254 3 
0.0434312 0.0462996 3 
0.0434282 0.0448749 3 
0.0433913 0.0436584 3 
0.0433885 0.0442713 3 
0.0433787 0.0437562 3 
0.0433502 0.0435079 3 
0.0433191 0.0445352 3 
0.0433082 0.0460969 3 
0.0432972 0.0440639 3 
0.0432547 0.0468948 3 
0.0432241 0.0443451 3 
0.0432044 0.0439376 3 
0.043199 0.0432336 3 
0.0431852 0.0448749 3 
0.0431834 0.0432618 3 
0.0431703 0.0459035 3 
0.0431624 0.0450883 3 
0.0431333 0.0468975 3 
0.0430966 0.045305 3 
0.043074 0.0432213 3 
0.0430275 0.0441589 3 
0.0430255 0.0439289 3 
0.0430003 0.0446038 3 
0.0429965 0.0456696 3 
0.0429765 0.0460347 3 
0.042956 0.0451843 3 
0.0429373 0.044435 3 
0.0429252 0.0435764 3 
0.0429222 0.0453458 3 
0.0429162 0.0447598 3 
0.0429028 0.044435 3 
0.0428864 0.0464915 3 
0.0428771 0.0453487 3 
0.0428506 0.0457035 3 
0.0428181 0.0453588 3 
0.0428173 0.0454167 3 
0.0428152 0.0443568 3 
0.0427697 0.0443926 3 
0.0427528 0.0449075 3 
0.0427502 0.0458108 3 
0.0426413 0.0454531 3 
0.0426406 0.0454904 3 
0.0426159 0.0452436 3 
0.0426066 0.0435241 3 
0.0425745 0.0488678 3 
0.0425726 0.0455326 3 
0.0425432 0.0435849 3 
0.0425292 0.0469225 3 
0.0425278 0.0458877 3 
0.0425208 0.0438864 3 
0.0425147 0.0432575 3 
0.0425046 0.0447716 3 
0.0424818 0.0442765 3 
0.0424734 0.044224 3 
0.0424724 0.0443568 3 
0.04245 0.0447423 3 
0.0424242 0.0446662 3 
0.0424215 0.0452463 3 
0.0423957 0.0427162 3 
0.0423801 0.0459148 3 
0.0423794 0.0432685 3 
0.0423566 0.0431385 3 
0.04235 0.0438464 3 
0.0423274 0.0439002 3 
0.0423161 0.0452434 3 
0.0423012 0.0435967 3 
0.0422954 0.0447716 3 
0.0422835 0.0446381 3 
0.0422581 0.0480768 3 
0.0422524 0.0439879 3 
0.0422262 0.0438864 3 
0.0421877 0.0422013 3 
0.0421793 0.0438958 3 
0.0421355 0.0438153 3 
0.0420795 0.0429862 3 
0.0420712 0.0424497 3 
0.0420389 0.042916 3 
0.0420352 0.0452447 3 
0.0420325 0.0447423 3 
0.0420256 0.045305 3 
0.0420131 0.0439376 3 
0.0419957 0.0430123 3 
0.0419909 0.0439467 3 
0.0419341 0.0451843 3 
0.0419263 0.0447336 3 
0.0419203 0.0449396 3 
0.0418888 0.0449075 3 
0.0418709 0.0442713 3 
0.0418369 0.0421022 3 
0.0418166 0.0453 3 
0.0417806 0.0418418 3 
0.0417654 0.0423042 3 
0.0417451 0.0419976 3 
0.0417262 0.0452941 3 
0.0417232 0.0435241 3 
0.0417177 0.0443887 3 
0.0416988 0.0452566 3 
0.0416284 0.0460843 3 
0.0416216 0.0439379 3 
0.041587 0.0421324 3 
0.0415795 0.0456424 3 
0.0415505 0.0452436 3 
0.041525 0.0421766 3 
0.0415102 0.0444333 3 
0.0415088 0.0433942 3 
0.0415052 0.045078 3 
0.0415036 0.0444333 3 
0.0414764 0.0438282 3 
0.041471 0.0443451 3 
0.0414687 0.0422572 3 
0.0414686 0.0453886 3 
0.0414459 0.0453614 3 
0.0414302 0.0444698 3 
0.041426 0.0416668 3 
0.0414237 0.0436321 3 
0.041421 0.0440639 3 
0.0414155 0.0477469 3 
0.0414097 0.0414468 3 
0.0413276 0.0416532 3 
0.0413015 0.0455595 3 
0.0412863 0.0420636 3 
0.0412658 0.0446662 3 
0.041264 0.045083 3 
0.0412638 0.0451843 3 
0.0412543 0.0419976 3 
0.0412359 0.0457399 3 
0.0411993 0.0437053 3 
0.0411748 0.0418665 3 
0.041172 0.0451446 3 
0.0411533 0.0446662 3 
0.0411502 0.0456251 3 
0.0411256 0.0417783 3 
0.0411153 0.0457248 3 
0.0411023 0.0452223 3 
0.0410976 0.0452774 3 
0.0410636 0.0433425 3 
0.0410546 0.0433025 3 
0.0410367 0.0440855 3 
0.0410348 0.0462427 3 
0.0410023 0.0429678 3 
0.0409967 0.0432618 3 
0.0409688 0.0433767 3 
0.0409218 0.042348 3 
0.0409031 0.0453487 3 
0.0408702 0.0448749 3 
0.0408121 0.0438282 3 
0.0407495 0.0420791 3 
0.0407374 0.0447598 3 
0.0407338 0.0443583 3 
0.0407324 0.0448583 3 
0.0407162 0.0455763 3 
0.0407024 0.0439376 3 
0.0406797 0.0446097 3 
0.0406708 0.0453869 3 
0.0406667 0.0448175 3 
0.0406423 0.0439948 3 
0.0405673 0.0448137 3 
0.040541 0.0446097 3 
0.0403462 0.0449589 3 
0.040329 0.0450948 3 
0.0403286 0.0448175 3 
0.0402886 0.0443593 3 
0.0402636 0.045083 3 
0.0402337 0.0457788 3 
0.0402217 0.0436584 3 
0.0402138 0.0425842 3 
0.0401294 0.0415339 3 
0.0401106 0.0453 3 
0.0400658 0.0453458 3 
0.0400463 0.0421446 3 
0.0400418 0.045086 3 
0.0399703 0.0456424 3 
0.039879 0.0451863 3 
0.039866 0.0453805 3 
0.0397817 0.0443887 3 
0.0396535 0.045078 3 
0.0392786 0.0395594 3 
0.0387188 0.0398447 3 
0.0242074 0.0242958 4 
0.0236822 0.0237488 4 
0.0236095 0.0242234 4 
0.0235566 0.0235726 4 
0.0235461 0.0238408 4 
0.0233535 0.0236486 4 
0.0232728 0.0238486 4 
0.0232154 0.0245363 4 
0.0231562 0.0239934 4 
0.0230619 0.0233617 4 
0.0227845 0.0228307 4 
0.0227799 0.0230152 4 
0.0227445 0.0228488 4 
0.022736 0.0238486 4 
0.0225377 0.0229717 4 
0.0224124 0.0226713 4 
0.0223999 0.0227201 4 
0.0222622 0.0226247 4 
0.0222006 0.0223313 4 
0.0221192 0.0225571 4 
0.0220979 0.0222361 4 
0.0220878 0.0244188 4 
0.0220692 0.0238549 4 
0.0220603 0.0237991 4 
0.0220438 0.0222272 4 
0.0220358 0.0221295 4 
0.0219608 0.0222088 4 
0.0219058 0.0228975 4 
0.0218907 0.0223865 4 
0.0218849 0.0219892 4 
0.0218665 0.0219878 4 
0.0218558 0.0223661 4 
0.0218545 0.0220949 4 
0.0218268 0.0221454 4 
0.0217941 0.021817 4 
0.0217899 0.0220599 4 
0.0217771 0.0228307 4 
0.0217631 0.0222033 4 
0.0217577 0.0223661 4 
0.0217523 0.0221556 4 
0.0217412 0.0220875 4 
0.0217203 0.0218862 4 
0.0217168 0.0219787 4 
0.0217034 0.022016 4 
0.0216698 0.0221295 4 
0.0216598 0.0217382 4 
0.0216124 0.0230568 4 
0.0215976 0.0220256 4 
0.0215448 0.0220752 4 
0.0215267 0.0216032 4 
0.0214895 0.0225849 4 
0.0214659 0.0222326 4 
0.0214527 0.0223947 4 
0.0214461 0.0215393 4 
0.0214439 0.0228307 4 
0.0213828 0.022622 4 
0.0213808 0.0214314 4 
0.0213749 0.0218244 4 
0.0213658 0.021626 4 
0.0213566 0.0218699 4 
0.0213482 0.0226805 4 
0.0213445 0.021554 4 
0.0213384 0.0219936 4 
0.0213357 0.0217521 4 
0.0213231 0.0221913 4 
0.0213141 0.022016 4 
0.0212876 0.0223865 4 
0.0212853 0.0236486 4 
0.0212791 0.022379 4 
0.0212578 0.0220875 4 
0.0212521 0.0215462 4 
0.0212453 0.0212723 4 
0.0212089 0.0215328 4 
0.0211987 0.0215264 4 
0.0211906 0.021318 4 
0.0211559 0.0228091 4 
0.0211506 0.0219507 4 
0.0211442 0.0213185 4 
0.0211025 0.0218244 4 
0.0210798 0.0213343 4 
0.0210741 0.021493 4 
0.0210686 0.0220543 4 
0.0210623 0.0218862 4 
0.0210608 0.0225225 4 
0.0210563 0.021433 4 
0.0210509 0.0215178 4 
0.0210474 0.0219754 4 
0.0210333 0.0220306 4 
0.0210319 0.0247111 4 
0.0210245 0.0217985 4 
0.020996 0.0216087 4 
0.0209725 0.022184 4 
0.0209355 0.0218767 4 
0.0209315 0.0226251 4 
0.0209052 0.0212423 4 
0.0208996 0.0213905 4 
0.0208926 0.0213052 4 
0.0208786 0.022184 4 
0.0208665 0.020963 4 
0.0208652 0.0215981 4 
0.0208501 0.0215632 4 
0.0208194 0.0213 4 
0.0207903 0.0214237 4 
0.0207898 0.0212895 4 
0.0207897 0.0224255 4 
0.0207837 0.0210343 4 
0.0207819 0.0219787 4 
0.0207819 0.0211236 4 
0.0207615 0.021976 4 
0.0207611 0.0220241 4 
0.0207589 0.0218487 4 
0.020739 0.0223541 4 
0.0207321 0.0218188 4 
0.0207261 0.0216751 4 
0.0206923 0.0218709 4 
0.0206839 0.0209142 4 
0.0206432 0.0223667 4 
0.0205861 0.0233161 4 
0.02056 0.0212522 4 
0.0205578 0.0208422 4 
0.0205513 0.0212141 4 
0.0205495 0.0222087 4 
0.0205397 0.0211488 4 
0.0205292 0.0217988 4 
0.0205236 0.021744 4 
0.0205099 0.0212141 4 
0.0204974 0.0209061 4 
0.0204738 0.0217786 4 
0.0204603 0.0206711 4 
0.0204522 0.0222227 4 
0.0204433 0.0206926 4 
0.0204215 0.0213159 4 
0.0204209 0.0209606 4 
0.0204146 0.0210359 4 
0.0203784 0.0212262 4 
0.0203772 0.0214584 4 
0.0203687 0.0207551 4 
0.0203657 0.0218878 4 
0.0203334 0.0215576 4 
0.0203239 0.0217984 4 
0.0203236 0.0206499 4 
0.0203125 0.021318 4 
0.0203004 0.0219303 4 
0.0202927 0.0210935 4 
0.0202918 0.0207627 4 
0.0202846 0.0209779 4 
0.0202748 0.0216032 4 
0.020264 0.0217268 4 
0.0202519 0.0203224 4 
0.0202479 0.0205584 4 
0.0202409 0.0205482 4 
0.0202154 0.0202923 4 
0.0201805 0.0209657 4 
0.0201798 0.0215264 4 
0.0201586 0.0214999 4 
0.0201496 0.0208703 4 
0.0201384 0.0202465 4 
0.0201361 0.0213749 4 
0.020131 0.021738 4 
0.0201287 0.0219787 4 
0.0200939 0.0219936 4 
0.0200909 0.0214952 4 
0.0200893 0.0214952 4 
0.0200814 0.0206499 4 
0.020067 0.020408 4 
0.0200524 0.0213863 4 
0.0200454 0.0230283 4 
0.0200373 0.0215438 4 
0.0200106 0.021512 4 
0.0199923 0.0215841 4 
0.0199851 0.0217741 4 
0.0199662 0.0212673 4 
0.0199576 0.0208652 4 
0.0199485 0.0217535 4 
0.0199395 0.0213863 4 
0.0199355 0.0220875 4 
0.0199004 0.021512 4 
0.0198803 0.0208983 4 
0.0198743 0.0219335 4 
0.0198711 0.0215897 4 
0.0198466 0.0215591 4 
0.019845 0.0204442 4 
0.019794 0.0202039 4 
0.0197933 0.0205822 4 
0.0197739 0.0201175 4 
0.0197649 0.0219295 4 
0.0197442 0.0199829 4 
0.0197437 0.021738 4 
0.0197365 0.0213551 4 
0.0197273 0.0202792 4 
0.0197042 0.0212675 4 
0.0196993 0.0206081 4 
0.0196958 0.0216087 4 
0.0196875 0.0205185 4 
0.0196849 0.0220256 4 
0.0196671 0.0213999 4 
0.0196488 0.0213786 4 
0.0196486 0.0214517 4 
0.0196125 0.0203836 4 
0.0196088 0.0219859 4 
0.0195964 0.0210479 4 
0.0195694 0.0215939 4 
0.0195528 0.0210715 4 
0.0195483 0.0215196 4 
0.0195332 0.0206094 4 
0.0195289 0.0216562 4 
0.0195189 0.0220357 4 
0.0195147 0.0219709 4 
0.0195097 0.0213159 4 
0.0194747 0.0214895 4 
0.0194286 0.0211536 4 
0.019401 0.0211926 4 
0.0193186 0.0206081 4 
0.0193169 0.0213 4 
0.019303 0.0216751 4 
0.0192951 0.0213395 4 
0.0192909 0.0213579 4 
0.0192903 0.0220489 4 
0.0192669 0.0214595 4 
0.0192572 0.0218487 4 
0.0192321 0.0215504 4 
0.0192104 0.0213339 4 
0.0192007 0.0205413 4 
0.0191996 0.0215632 4 
0.0191879 0.0194642 4 
0.0191758 0.0218699 4 
0.0191037 0.0216751 4 
0.0190789 0.0214217 4 
0.0190751 0.0216888 4 
0.0190524 0.0191414 4 
0.0190327 0.0213999 4 
0.0190284 0.0204723 4 
0.0190248 0.0201577 4 
0.0190234 0.0216032 4 
0.0190096 0.021738 4 
0.0189251 0.0203268 4 
0.0188668 0.0205848 4 
0.01886 0.0215422 4 
0.0188378 0.0215438 4 
0.0185436 0.0187498 4 
0.0179718 0.0188503 4 
0.011931 0.0122064 5 
0.0117806 0.0118275 5 
0.0117403 0.0117511 5 
0.0116459 0.0118127 5 
0.0114477 0.0117511 5 
0.0114277 0.0114355 5 
0.0113555 0.0127186 5 
0.0113073 0.0115233 5 
0.0112124 0.0118916 5 
0.0111764 0.0115569 5 
0.0111565 0.0112816 5 
0.0111485 0.0119769 5 
0.0110323 0.0111203 5 
0.0110273 0.0112413 5 
0.0110149 0.0112337 5 
0.0110028 0.011022 5 
0.0109554 0.0111942 5 
0.0109532 0.0110345 5 
0.0109291 0.011051 5 
0.0109274 0.0112354 5 
0.0109225 0.011062 5 
0.0109056 0.0109593 5 
0.0108343 0.0110659 5 
0.0108248 0.0113582 5 
0.0108222 0.0114009 5 
0.010774 0.0108456 5 
0.0107632 0.0109212 5 
0.0107338 0.0112725 5 
0.0107318 0.0108405 5 
0.010719 0.010743 5 
0.0107046 0.0112651 5 
0.0106994 0.0107165 5 
0.0106958 0.0112756 5 
0.0106925 0.0107721 5 
0.0106906 0.011347 5 
0.0106786 0.0110683 5 
0.0106747 0.012437 5 
0.0106721 0.0110095 5 
0.0106668 0.011017 5 
0.0106518 0.0109555 5 
0.0106399 0.0109241 5 
0.0106299 0.0106571 5 
0.0106269 0.0106488 5 
0.0106143 0.0112153 5 
0.0106051 0.0106488 5 
0.0106037 0.0107162 5 
0.0106036 0.0107366 5 
0.0105978 0.0106902 5 
0.0105974 0.0106287 5 
0.0105806 0.0106188 5 
0.0105741 0.0117933 5 
0.010572 0.010662 5 
0.01057 0.0109377 5 
0.0105639 0.0110368 5 
0.0105539 0.0106806 5 
0.010548 0.0111731 5 
0.0105099 0.011369 5 
0.0104775 0.0106009 5 
0.0104769 0.0107753 5 
0.0104662 0.0104956 5 
0.0104616 0.0104752 5 
0.0104406 0.0105961 5 
0.0104204 0.0109594 5 
0.0104047 0.0111869 5 
0.0104038 0.0111169 5 
0.010397 0.0106595 5 
0.0103938 0.010552 5 
0.0103852 0.010387 5 
0.0103808 0.0106532 5 
0.0103713 0.0109037 5 
0.0103581 0.0106263 5 
0.0103422 0.0104584 5 
0.0103421 0.0104155 5 
0.0103319 0.0106076 5 
0.0103156 0.0107165 5 
0.0103152 0.0107868 5 
0.0102968 0.0115778 5 
0.0102826 0.0109527 5 
0.0102713 0.0105433 5 
0.0102671 0.0105612 5 
0.0102634 0.0104967 5 
0.0102629 0.0109891 5 
0.0102552 0.0108513 5 
0.0102453 0.0103218 5 
0.0102445 0.0109891 5 
0.0102318 0.0106263 5 
0.0102202 0.010327 5 
0.0102151 0.0106114 5 
0.0102145 0.0106464 5 
0.0102027 0.0110005 5 
0.0101827 0.0110488 5 
0.0101826 0.010543 5 
0.0101632 0.0109294 5 
0.0101603 0.0105854 5 
0.0101497 0.011017 5 
0.0101467 0.0105908 5 
0.0101404 0.0101527 5 
0.0101305 0.0101527 5 
0.0101225 0.0101383 5 
0.0101212 0.0107721 5 
0.0101178 0.0103853 5 
0.0101066 0.010491 5 
0.0100972 0.0103745 5 
0.0100879 0.0105248 5 
0.0100867 0.010662 5 
0.0100854 0.0101255 5 
0.0100731 0.0105612 5 
0.0100672 0.0101015 5 
0.0100586 0.01019 5 
0.0100492 0.0104853 5 
0.0100441 0.0100581 5 
0.0100383 0.0101886 5 
0.0100141 0.0102522 5 
0.0100059 0.0100913 5 
0.0100029 0.0103404 5 
0.00999905 0.0104745 5 
0.00999856 0.0103375 5 
0.00998982 0.010124 5 
0.00998933 0.0113642 5 
0.00998391 0.0106114 5 
0.00997937 0.0112593 5 
0.00997743 0.0106318 5 
0.00997143 0.010553 5 
0.0099697 0.0104967 5 
0.00995907 0.010549 5 
0.00995483 0.0105872 5 
0.00995333 0.0106348 5 
0.0099478 0.010119 5 
0.00994739 0.0107532 5 
0.00994243 0.010119 5 
0.00992528 0.0103195 5 
0.00992459 0.0106444 5 
0.00992201 0.0104138 5 
0.0099174 0.00996403 5 
0.00991449 0.0110095 5 
0.00990665 0.0106014 5 
0.00989745 0.0103366 5 
0.0098903 0.0101185 5 
0.00989023 0.0105612 5 
0.00988842 0.0107056 5 
0.00988617 0.0100301 5 
0.00986677 0.0103432 5 
0.00986034 0.0105519 5 
0.0098552 0.0102357 5 
0.00984528 0.010813 5 
0.00984261 0.00986882 5 
0.00983769 0.0107162 5 
0.00982638 0.0106831 5 
0.00982489 0.0108374 5 
0.00982187 0.0105687 5 
0.00981409 0.0100794 5 
0.0098093 0.0106243 5 
0.00980796 0.010051 5 
0.00979141 0.0109299 5 
0.00978839 0.0100504 5 
0.0097841 0.0107384 5 
0.0097777 0.0103744 5 
0.00977354 0.0099276 5 
0.00977241 0.0105682 5 
0.00976831 0.010543 5 
0.00975928 0.0102065 5 
0.00974056 0.010867 5 
0.00972394 0.00998668 5 
0.00971145 0.00998668 5 
0.00970763 0.0109334 5 
0.00970524 0.0108056 5 
0.00969206 0.00996287 5 
0.00967315 0.0103931 5 
0.00966689 0.0105974 5 
0.00966192 0.010561 5 
0.00963545 0.0102514 5 
0.00962765 0.0101897 5 
0.00962497 0.0101606 5 
0.00960349 0.0109608 5 
0.00955575 0.0107165 5 
0.00953933 0.0110835 5 
0.00953083 0.0105881 5 
0.00953036 0.010352 5 
0.00952865 0.00976619 5 
0.00952451 0.0102038 5 
0.00951364 0.0110538 5 
0.00951235 0.0108359 5 
0.00950289 0.0097828 5 
0.00950002 0.0105803 5 
0.00949948 0.0106189 5 
0.00949104 0.010552 5 
0.00949054 0.0108056 5 
0.00948661 0.0104056 5 
0.00947243 0.0105974 5 
0.00943375 0.0104155 5 
0.00941886 0.0102744 5 
0.0094066 0.010124 5 
0.00936555 0.0104092 5 
0.00935681 0.0106625 5 
0.00932026 0.0104362 5 
0.00929729 0.00940169 5 
0.00929565 0.00985699 5 
0.00928395 0.0106595 5 
0.00928348 0.0104056 5 
0.0092831 0.0101197 5 
0.0092745 0.0106726 5 
0.00926699 0.0105545 5 
0.00926309 0.00971764 5 
0.00922795 0.0105854 5 
0.0092266 0.010561 5 
0.00922302 0.0102278 5 
0.00912823 0.00971764 5 
0.00908639 0.00912569 5 
0.00905078 0.00915182 5 
0.00866381 0.00917874 5 
0.00603913 0.00614239 6 
0.00594647 0.00660953 6 
0.00584812 0.00587317 6 
0.00580764 0.00602452 6 
0.0058051 0.00584474 6 
0.00580107 0.00602695 6 
0.00571878 0.0061464 6 
0.00569491 0.00574462 6 
0.00569174 0.00569604 6 
0.00569022 0.00569469 6 
0.00569015 0.00575373 6 
0.00568791 0.00569739 6 
0.00566896 0.0056904 6 
0.00563891 0.00570775 6 
0.00562739 0.00594711 6 
0.005595 0.00576068 6 
0.00558316 0.00573064 6 
0.00557859 0.00561837 6 
0.00556233 0.0057685 6 
0.00554524 0.00589906 6 
0.0055367 0.00573 6 
0.00552078 0.00635299 6 
0.00551153 0.00570524 6 
0.00550531 0.00573384 6 
0.00548816 0.00562087 6 
0.0054736 0.00551166 6 
0.00545794 0.0057388 6 
0.0054571 0.0054791 6 
0.0054461 0.00570775 6 
0.0054393 0.00564369 6 
0.00543643 0.00564291 6 
0.00542344 0.00560446 6 
0.00541266 0.00552475 6 
0.00538214 0.00585309 6 
0.00538132 0.00543314 6 
0.00537971 0.00550701 6 
0.00537893 0.00556444 6 
0.00536728 0.00550784 6 
0.00534336 0.00597087 6 
0.00534081 0.00559876 6 
0.00531196 0.00534567 6 
0.00530078 0.00537006 6 
0.00528226 0.00568694 6 
0.0052788 0.00529879 6 
0.00527631 0.00538433 6 
0.00527358 0.00533392 6 
0.00526763 0.00544943 6 
0.0052621 0.00563524 6 
0.00525247 0.00548922 6 
0.0052523 0.00595221 6 
0.00524839 0.00526137 6 
0.00524391 0.00559876 6 
0.00524318 0.00529951 6 
0.00523888 0.00533239 6 
0.00521546 0.00522279 6 
0.00520237 0.00551166 6 
0.00520141 0.00526137 6 
0.00518737 0.00551451 6 
0.00518114 0.00534602 6 
0.00517139 0.00536828 6 
0.00516467 0.00525398 6 
0.00516151 0.00525398 6 
0.00515746 0.00551166 6 
0.00515659 0.00516433 6 
0.00515524 0.00537006 6 
0.00515433 0.00515724 6 
0.00515279 0.00554902 6 
0.00514999 0.00524632 6 
0.0051458 0.00544063 6 
0.00513554 0.00548922 6 
0.00512921 0.00551188 6 
0.0051217 0.00522757 6 
0.00512115 0.00539838 6 
0.00512005 0.00547762 6 
0.00511491 0.0053137 6 
0.005094 0.00531457 6 
0.00509187 0.0052866 6 
0.00508683 0.00521505 6 
0.00508298 0.00572795 6 
0.00508145 0.00559214 6 
0.00507923 0.00522064 6 
0.00507262 0.00524633 6 
0.00507149 0.00513798 6 
0.00506577 0.0052363 6 
0.0050656 0.00527217 6 
0.00506548 0.00530363 6 
0.00506433 0.00543019 6 
0.00506207 0.00530905 6 
0.00505424 0.00539202 6 
0.00505199 0.0053123 6 
0.00505178 0.00511474 6 
0.00504831 0.00524372 6 
0.00504413 0.0050679 6 
0.00504293 0.00538635 6 
0.00504146 0.00517442 6 
0.00503497 0.00505307 6 
0.00503214 0.00539838 6 
0.00503186 0.00508576 6 
0.00503126 0.00546021 6 
0.00503104 0.00530908 6 
0.00503032 0.00546065 6 
0.00502988 0.00510609 6 
0.00502755 0.00506853 6 
0.00502068 0.00538212 6 
0.00501879 0.00544907 6 
0.00501852 0.00538556 6 
0.0050138 0.00534908 6 
0.00500588 0.00513127 6 
0.00500563 0.00510673 6 
0.00499968 0.00527761 6 
0.00499227 0.00512402 6 
0.00498802 0.00556444 6 
0.00498568 0.0054352 6 
0.00498059 0.00528614 6 
0.00497831 0.00539535 6 
0.00497375 0.00515702 6 
0.00497232 0.00520453 6 
0.0049686 0.00510774 6 
0.00496683 0.00538514 6 
0.00496313 0.00524632 6 
0.00495882 0.00508576 6 
0.00495684 0.0053137 6 
0.00495399 0.0052688 6 
0.00495231 0.00517433 6 
0.00494882 0.00525418 6 
0.00494635 0.00538756 6 
0.00494442 0.00513995 6 
0.00494259 0.00504872 6 
0.00493303 0.00538491 6 
0.00492966 0.00494236 6 
0.00491271 0.00518043 6 
0.00491157 0.0049191 6 
0.00490778 0.00543149 6 
0.00490557 0.0054791 6 
0.0048966 0.00494236 6 
0.00489152 0.00490557 6 
0.00488443 0.00491828 6 
0.00487547 0.00529839 6 
0.004871 0.00496455 6 
0.00487083 0.00520448 6 
0.00486726 0.00509583 6 
0.0048633 0.00517668 6 
0.00485978 0.00489474 6 
0.00485741 0.00536058 6 
0.00485464 0.00538756 6 
0.00485172 0.00514128 6 
0.00484716 0.00522436 6 
0.00484243 0.00525581 6 
0.00484056 0.00497594 6 
0.00483571 0.00554878 6 
0.00482359 0.00498069 6 
0.00481676 0.00544299 6 
0.00481325 0.00514666 6 
0.00480543 0.00495357 6 
0.0048032 0.00569422 6 
0.00479354 0.00525581 6 
0.00478599 0.00511889 6 
0.00478342 0.00512483 6 
0.00478118 0.00502378 6 
0.00475998 0.00552421 6 
0.00475044 0.00535492 6 
0.00472135 0.00534908 6 
0.00471867 0.0051991 6 
0.00471565 0.00540799 6 
0.00470458 0.00505352 6 
0.00468396 0.00510673 6 
0.00467876 0.00525418 6 
0.00466427 0.00525068 6 
0.00464119 0.00472736 6 
0.00463773 0.00518167 6 
0.00463479 0.00529393 6 
0.00463155 0.00545799 6 
0.00463085 0.00515702 6 
0.00462991 0.00532561 6 
0.00461426 0.00518059 6 
0.00459382 0.00484723 6 
0.00459298 0.00544907 6 
0.00457759 0.00529879 6 
0.00457003 0.00512483 6 
0.0045369 0.00456482 6 
0.00450924 0.00466444 6 
0.00449395 0.00466444 6 
0.00443913 0.00461044 6 
0.00427346 0.00457542 6 
0.00316193 0.00322104 7 
0.00314452 0.00347262 7 
0.00305975 0.00306336 7 
0.00304351 0.00310591 7 
0.00304035 0.00309279 7 
0.00298249 0.00298749 7 
0.00296871 0.00306699 7 
0.00296549 0.00320061 7 
0.00294403 0.00294753 7 
0.00293851 0.00293896 7 
0.00293673 0.00296489 7 
0.00293529 0.00301394 7 
0.00292476 0.0029341 7 
0.00290271 0.00297831 7 
0.00289888 0.00302046 7 
0.00289547 0.00329204 7 
0.00289209 0.00301832 7 
0.00287471 0.00304416 7 
0.00286104 0.00293206 7 
0.00286098 0.00290502 7 
0.0028581 0.00296748 7 
0.00283246 0.00291405 7 
0.00282853 0.00282857 7 
0.00282522 0.00298668 7 
0.00281809 0.00286916 7 
0.00280992 0.00283983 7 
0.00280028 0.00280971 7 
0.00279812 0.00280098 7 
0.00279799 0.00285685 7 
0.00278911 0.00279531 7 
0.00278482 0.00305107 7 
0.00276073 0.00280971 7 
0.00274464 0.0028591 7 
0.00274245 0.0028617 7 
0.00273931 0.00284054 7 
0.00273916 0.0027625 7 
0.00273732 0.00307745 7 
0.00273027 0.00288777 7 
0.00272621 0.00278114 7 
0.00272046 0.00303193 7 
0.00272018 0.00295939 7 
0.00269687 0.002859 7 
0.00269538 0.00286927 7 
0.00269462 0.00274468 7 
0.0026923 0.0027625 7 
0.00268669 0.00274811 7 
0.00266675 0.00269469 7 
0.00266581 0.00272253 7 
0.00266385 0.00271311 7 
0.00265981 0.00275329 7 
0.00265345 0.00267051 7 
0.00264943 0.00273309 7 
0.00264843 0.00277884 7 
0.00264734 0.00273673 7 
0.00264347 0.00268309 7 
0.00263892 0.00283045 7 
0.00263884 0.00266903 7 
0.00263645 0.00277433 7 
0.0026334 0.00278577 7 
0.00263168 0.00279874 7 
0.00262673 0.00292369 7 
0.00262672 0.00271095 7 
0.00262668 0.00281212 7 
0.00262554 0.00265421 7 
0.0026252 0.00281727 7 
0.00262482 0.00262868 7 
0.00262476 0.0026784 7 
0.00262102 0.00276362 7 
0.00261854 0.00279031 7 
0.00261538 0.00265027 7 
0.00261511 0.002808 7 
0.00261346 0.00280268 7 
0.00261272 0.00263193 7 
0.00261018 0.0026887 7 
0.00261014 0.00271559 7 
0.00260787 0.00263193 7 
0.00260406 0.00261146 7 
0.00260244 0.00272217 7 
0.00260205 0.00264754 7 
0.00260025 0.00268602 7 
0.00259953 0.00269033 7 
0.00259595 0.0026142 7 
0.00259459 0.00262705 7 
0.00259217 0.00271286 7 
0.00258721 0.00270193 7 
0.00258519 0.00260659 7 
0.00258319 0.00283009 7 
0.00257819 0.0026494 7 
0.00257131 0.00259229 7 
0.00256921 0.00262602 7 
0.00256915 0.00270233 7 
0.00256911 0.00277763 7 
0.00256807 0.00281967 7 
0.00256754 0.00273204 7 
0.00256683 0.00267112 7 
0.00256574 0.00273204 7 
0.00256153 0.00262133 7 
0.00255969 0.00275757 7 
0.00255952 0.00263585 7 
0.00255552 0.00266187 7 
0.00255219 0.00263669 7 
0.00255169 0.0028617 7 
0.00254957 0.00255144 7 
0.00254923 0.00268586 7 
0.0025483 0.00277884 7 
0.00254649 0.00260644 7 
0.00254325 0.00274872 7 
0.0025399 0.00255322 7 
0.00253848 0.00265691 7 
0.00253707 0.00272217 7 
0.00253464 0.00262705 7 
0.00253226 0.00275454 7 
0.0025306 0.00275755 7 
0.00252338 0.00258604 7 
0.00252278 0.00267063 7 
0.00252084 0.00273309 7 
0.00251256 0.00271258 7 
0.00251222 0.00257855 7 
0.00251203 0.00265026 7 
0.00251192 0.00259015 7 
0.00250905 0.00251504 7 
0.0024998 0.00267063 7 
0.00249421 0.00251822 7 
0.00249358 0.00267719 7 
0.00249013 0.00263424 7 
0.00248951 0.00265838 7 
0.00248367 0.00273858 7 
0.00247877 0.00284183 7 
0.00247343 0.00247486 7 
0.00247276 0.00269469 7 
0.00246921 0.00296341 7 
0.0024691 0.002636 7 
0.002469 0.00260436 7 
0.00246659 0.00258019 7 
0.00246584 0.00284001 7 
0.00246367 0.00265027 7 
0.00246289 0.00255869 7 
0.00245997 0.00270422 7 
0.00244712 0.0025161 7 
0.0024446 0.00252873 7 
0.00243936 0.00268256 7 
0.00243468 0.00244321 7 
0.00243319 0.00272004 7 
0.00241564 0.00271781 7 
0.00241472 0.00274468 7 
0.00240973 0.00247486 7 
0.00240673 0.00265547 7 
0.00239074 0.0026142 7 
0.00239012 0.00276362 7 
0.00238704 0.00269557 7 
0.00238501 0.00272781 7 
0.0023849 0.0025661 7 
0.00237717 0.0027098 7 
0.00237107 0.00257838 7 
0.00235764 0.00264056 7 
0.00235632 0.00276583 7 
0.0023525 0.00241904 7 
0.0023504 0.00265547 7 
0.00234997 0.00266074 7 
0.00234915 0.00260958 7 
0.00234857 0.00277146 7 
0.0023247 0.00269488 7 
0.00231745 0.00269876 7 
0.00230583 0.00260659 7 
0.00229257 0.00242497 7 
0.00224757 0.00226573 7 
0.00223749 0.00237895 7 
0.00220324 0.00226573 7 
0.00219936 0.00232349 7 
0.00166711 0.00167533 8 
0.00166412 0.00184471 8 
0.00160808 0.00162987 8 
0.00158312 0.00159695 8 
0.00156134 0.00156526 8 
0.00155066 0.00168537 8 
0.00154363 0.00159891 8 
0.00153516 0.00172684 8 
0.00152956 0.00156621 8 
0.00152827 0.00152977 8 
0.0015272 0.001596 8 
0.00152555 0.00152739 8 
0.00151444 0.00157708 8 
0.00150543 0.00156611 8 
0.00150229 0.00154221 8 
0.00147949 0.0015673 8 
0.00147921 0.00151217 8 
0.00146983 0.00149592 8 
0.00145664 0.00160955 8 
0.00145527 0.00146281 8 
0.00144857 0.00146405 8 
0.00144162 0.00149398 8 
0.00143036 0.00146665 8 
0.00142748 0.00143444 8 
0.00142644 0.00156252 8 
0.00142167 0.00144767 8 
0.00141811 0.00158282 8 
0.0014164 0.00155993 8 
0.00141491 0.00149786 8 
0.00141325 0.00152264 8 
0.00141205 0.00145156 8 
0.00141193 0.00149281 8 
0.00140065 0.00141795 8 
0.0013972 0.00149077 8 
0.00139717 0.0014824 8 
0.00139647 0.0014037 8 
0.00139578 0.00141833 8 
0.00139471 0.0014196 8 
0.00138915 0.00142842 8 
0.00138654 0.00141217 8 
0.0013835 0.00140236 8 
0.00137967 0.00138896 8 
0.00137646 0.00138154 8 
0.0013736 0.0015151 8 
0.00137147 0.00147838 8 
0.00136894 0.00141833 8 
0.00136536 0.00136646 8 
0.00136504 0.00140073 8 
0.00136427 0.00142555 8 
0.00136338 0.00146193 8 
0.00136042 0.00142508 8 
0.00135555 0.00140332 8 
0.0013553 0.00135711 8 
0.00135507 0.0014159 8 
0.00135198 0.00135542 8 
0.00135195 0.00146505 8 
0.00134998 0.00147472 8 
0.00134814 0.00137008 8 
0.00134783 0.00138566 8 
0.00134648 0.00144229 8 
0.00134561 0.00140593 8 
0.00134547 0.00135537 8 
0.00134521 0.001482 8 
0.00134414 0.00135539 8 
0.0013427 0.00143865 8 
0.00134183 0.00138564 8 
0.00133977 0.00142555 8 
0.00133965 0.00140168 8 
0.00133839 0.00141183 8 
0.00133805 0.00139775 8 
0.00133703 0.00135899 8 
0.0013358 0.00137593 8 
0.00133486 0.00138772 8 
0.00133209 0.00143076 8 
0.00133174 0.00141594 8 
0.00133093 0.00136164 8 
0.0013308 0.00139483 8 
0.0013306 0.0013775 8 
0.00132958 0.00136214 8 
0.00132905 0.00145162 8 
0.00132678 0.00135398 8 
0.00132627 0.00139775 8 
0.00132582 0.00136144 8 
0.00132531 0.00139466 8 
0.00132423 0.00136927 8 
0.00132398 0.00132709 8 
0.00132311 0.00149281 8 
0.00132071 0.00138149 8 
0.00131868 0.00134594 8 
0.00131852 0.00132843 8 
0.00131788 0.0013907 8 
0.00131681 0.00133431 8 
0.00131464 0.00137446 8 
0.00131444 0.0013648 8 
0.00131146 0.00134206 8 
0.0013107 0.00142487 8 
0.00131002 0.00139056 8 
0.00130913 0.00136214 8 
0.00130599 0.00131978 8 
0.00130562 0.00142784 8 
0.00130537 0.00135284 8 
0.00130514 0.00132843 8 
0.00130392 0.0013509 8 
0.00130027 0.00133432 8 
0.00129897 0.00139523 8 
0.00129465 0.0013833 8 
0.00129455 0.00140691 8 
0.0012941 0.00147445 8 
0.00129242 0.00137211 8 
0.00129134 0.00132361 8 
0.00128958 0.0013348 8 
0.00128746 0.00134331 8 
0.00128739 0.00155381 8 
0.00128672 0.00140824 8 
0.0012689 0.00135539 8 
0.00126884 0.00131784 8 
0.00126798 0.00131392 8 
0.00126713 0.00138813 8 
0.00126701 0.00146687 8 
0.0012649 0.00130125 8 
0.0012624 0.00139708 8 
0.00125718 0.00133432 8 
0.00125585 0.00139827 8 
0.0012509 0.0013101 8 
0.00124701 0.00139167 8 
0.00124673 0.00140331 8 
0.00124183 0.00141594 8 
0.00124099 0.00140528 8 
0.00123946 0.00143972 8 
0.0012371 0.00139537 8 
0.0012331 0.00124737 8 
0.00123111 0.00125407 8 
0.00123055 0.0012308 8 
0.00122853 0.00141311 8 
0.00122817 0.00144222 8 
0.00122546 0.00125453 8 
0.00122458 0.00139147 8 
0.00122365 0.00131657 8 
0.00122313 0.00122905 8 
0.00121652 0.00141185 8 
0.00121499 0.0013443 8 
0.00121349 0.00137756 8 
0.00120973 0.00139167 8 
0.00120933 0.00134502 8 
0.00120649 0.00141536 8 
0.00120494 0.00134915 8 
0.00119963 0.00135616 8 
0.00119664 0.0012791 8 
0.00118458 0.0014159 8 
0.00118131 0.00138069 8 
0.00116679 0.00124696 8 
0.00114384 0.00124696 8 
0.00113788 0.00119766 8 
0.00109022 0.00111257 8 
0.000887278 0.000985314 9 
0.000854938 0.000873259 9 
0.000829823 0.000839174 9 
0.000821029 0.000915436 9 
0.000816287 0.000895313 9 
0.000802679 0.000827874 9 
0.000801192 0.000851496 9 
0.00080034 0.000822188 9 
0.000794929 0.000819211 9 
0.000792929 0.000816193 9 
0.000782264 0.000827927 9 
0.00077003 0.000775829 9 
0.00076955 0.000779465 9 
0.000768559 0.000845808 9 
0.000767911 0.00077423 9 
0.000757769 0.000773354 9 
0.0007554 0.00081877 9 
0.000750752 0.000836943 9 
0.000748869 0.000804273 9 
0.000748191 0.000792086 9 
0.000747953 0.000763241 9 
0.000745163 0.000751522 9 
0.000744105 0.000830331 9 
0.000741768 0.000746004 9 
0.000734419 0.000790609 9 
0.000733239 0.000763748 9 
0.000733211 0.000773596 9 
0.000731173 0.000758243 9 
0.000730481 0.000773577 9 
0.000729333 0.000736795 9 
0.000728434 0.00073189 9 
0.000727293 0.000737581 9 
0.000725084 0.000750938 9 
0.000725061 0.000794081 9 
0.00072284 0.000787674 9 
0.000721167 0.000728211 9 
0.000718025 0.000722911 9 
0.000717471 0.000719996 9 
0.000717387 0.000735516 9 
0.000712409 0.000729631 9 
0.000710606 0.000738339 9 
0.000710006 0.00074461 9 
0.000709962 0.000749913 9 
0.00070918 0.000762847 9 
0.000709164 0.000773706 9 
0.000708325 0.000711878 9 
0.000707726 0.000738339 9 
0.000704427 0.000724628 9 
0.000704386 0.000721159 9 
0.00070437 0.000707334 9 
0.000703795 0.000728424 9 
0.00070356 0.000734199 9 
0.000702846 0.00077461 9 
0.000702115 0.000728399 9 
0.000701812 0.000769124 9 
0.00070144 0.00070331 9 
0.000700275 0.000749668 9 
0.000698557 0.000712217 9 
0.00069727 0.000715616 9 
0.000697035 0.000702362 9 
0.000696954 0.000722411 9 
0.000696848 0.000729646 9 
0.000696823 0.000712495 9 
0.000695255 0.000715659 9 
0.000694369 0.000752576 9 
0.000694164 0.000777547 9 
0.00069405 0.000753877 9 
0.000693823 0.000773157 9 
0.000693631 0.000721159 9 
0.000692875 0.000726211 9 
0.000690741 0.000751032 9 
0.000690692 0.000726078 9 
0.000689209 0.000723582 9 
0.000688889 0.000727622 9 
0.000687212 0.000713869 9 
0.000685636 0.000721163 9 
0.000685387 0.000741368 9 
0.000684309 0.000696516 9 
0.000683544 0.000752848 9 
0.000683257 0.000685989 9 
0.000682232 0.000689973 9 
0.000681478 0.000752415 9 
0.00067935 0.00071445 9 
0.000679099 0.000686019 9 
0.000679064 0.000748165 9 
0.000678726 0.000818378 9 
0.000678543 0.000707974 9 
0.000677811 0.000707931 9 
0.000675307 0.000724327 9 
0.000673559 0.000723283 9 
0.000673535 0.000738396 9 
0.00067327 0.000738217 9 
0.000671476 0.000681932 9 
0.00067022 0.00068423 9 
0.00066948 0.000688511 9 
0.000667911 0.000715659 9 
0.000665179 0.000676564 9 
0.000663845 0.000744571 9 
0.000663595 0.000669462 9 
0.00066215 0.000687582 9 
0.00066186 0.000687268 9 
0.000661743 0.00070945 9 
0.000660093 0.000701579 9 
0.00065978 0.000674679 9 
0.000659724 0.000725885 9 
0.000658884 0.000684247 9 
0.000656692 0.000657471 9 
0.000654725 0.000739438 9 
0.000654644 0.000742284 9 
0.00065426 0.000739718 9 
0.000652373 0.000763561 9 
0.000650862 0.000725213 9 
0.000648812 0.000724948 9 
0.000646409 0.00074176 9 
0.000646094 0.000761923 9 
0.00064538 0.000652332 9 
0.000639743 0.000671633 9 
0.000639382 0.000758736 9 
0.00063735 0.00067112 9 
0.000636996 0.000719931 9 
0.000635384 0.000716386 9 
0.000634294 0.000681265 9 
0.000634151 0.000696673 9 
0.000633521 0.000710033 9 
0.000632431 0.000691771 9 
0.000631967 0.000645408 9 
0.000630855 0.000712325 9 
0.000629864 0.000729631 9 
0.000629803 0.000651807 9 
0.000629461 0.000738396 9 
0.000629345 0.000728168 9 
0.000628105 0.000725232 9 
0.00062101 0.000722094 9 
0.00061035 0.000636733 9 
0.000610069 0.000752576 9 
0.000609878 0.000661302 9 
0.00059393 0.000650028 9 
0.000593042 0.0006249 9 
0.000545293 0.000556435 9 
