0 0.501452 0 
0 0.501572 0 
0 0.501901 0 
0 0.502242 0 
0 0.5025 0 
0 0.502567 0 
0 0.50266 0 
0 0.503663 0 
0 0.504084 0 
0 0.504236 0 
0 0.50518 0 
0 0.505224 0 
0 0.50524 0 
0 0.505314 0 
0 0.505516 0 
0 0.506044 0 
0 0.506161 0 
0 0.506248 0 
0 0.506262 0 
0 0.506281 0 
0 0.506348 0 
0 0.506558 0 
0 0.506801 0 
0 0.506856 0 
0 0.50688 0 
0 0.50689 0 
0 0.507116 0 
0 0.507352 0 
0 0.507388 0 
0 0.507442 0 
0 0.507561 0 
0 0.507699 0 
0 0.507763 0 
0 0.507787 0 
0 0.507807 0 
0 0.507811 0 
0 0.507839 0 
0 0.507952 0 
0 0.50821 0 
0 0.508277 0 
0 0.5083 0 
0 0.508372 0 
0 0.508389 0 
0 0.508447 0 
0 0.508481 0 
0 0.508482 0 
0 0.508594 0 
0 0.5086 0 
0 0.508647 0 
0 0.508689 0 
0 0.50883 0 
0 0.508932 0 
0 0.509091 0 
0 0.509117 0 
0 0.50917 0 
0 0.509228 0 
0 0.50923 0 
0 0.509236 0 
0 0.509249 0 
0 0.509262 0 
0 0.509273 0 
0 0.509282 0 
0 0.509296 0 
0 0.509318 0 
0 0.509365 0 
0 0.50946 0 
0 0.509497 0 
0 0.509499 0 
0 0.509545 0 
0 0.509568 0 
0 0.509571 0 
0 0.509626 0 
0 0.509661 0 
0 0.509687 0 
0 0.509707 0 
0 0.509768 0 
0 0.509786 0 
0 0.509823 0 
0 0.509967 0 
0 0.509994 0 
0 0.510063 0 
0 0.510171 0 
0 0.510188 0 
0 0.510201 0 
0 0.510227 0 
0 0.510259 0 
0 0.510272 0 
0 0.510331 0 
0 0.510334 0 
0 0.510343 0 
0 0.510426 0 
0 0.510463 0 
0 0.510506 0 
0 0.510514 0 
0 0.510514 0 
0 0.510536 0 
0 0.510646 0 
0 0.510674 0 
0 0.510684 0 
0 0.510733 0 
0 0.510753 0 
0 0.51076 0 
0 0.510809 0 
0 0.510856 0 
0 0.510863 0 
0 0.510879 0 
0 0.510881 0 
0 0.510921 0 
0 0.510977 0 
0 0.511091 0 
0 0.511195 0 
0 0.511216 0 
0 0.511248 0 
0 0.511269 0 
0 0.51131 0 
0 0.511524 0 
0 0.511543 0 
0 0.511552 0 
0 0.511651 0 
0 0.511688 0 
0 0.511778 0 
0 0.511922 0 
0 0.512348 0 
0 0.51279 0 
0 0.512905 0 
0 0.512928 0 
0 0.513293 0 
0 inf 0 
0 0.192075 1 
0 0.194504 1 
0 0.195145 1 
0 0.195566 1 
0 0.195637 1 
0 0.19594 1 
0 0.196545 1 
0 0.196703 1 
0 0.197531 1 
0 0.19765 1 
0 0.197711 1 
0 0.197791 1 
0 0.197856 1 
0 0.197974 1 
0 0.198007 1 
0 0.198148 1 
0 0.198301 1 
0 0.198363 1 
0 0.198375 1 
0 0.198494 1 
0 0.1985 1 
0 0.198522 1 
0 0.198563 1 
0 0.198586 1 
0 0.198676 1 
0 0.198825 1 
0 0.198835 1 
0 0.199016 1 
0 0.199277 1 
0 0.199342 1 
0 0.199355 1 
0 0.19941 1 
0 0.199415 1 
0 0.199443 1 
0 0.199617 1 
0 0.199843 1 
0 0.199891 1 
0 0.199909 1 
0 0.199916 1 
0 0.199981 1 
0 0.200016 1 
0 0.200028 1 
0 0.200141 1 
0 0.200178 1 
0 0.200188 1 
0 0.200264 1 
0 0.200304 1 
0 0.200356 1 
0 0.20037 1 
0 0.200494 1 
0 0.20051 1 
0 0.200521 1 
0 0.200532 1 
0 0.200547 1 
0 0.200587 1 
0 0.200762 1 
0 0.200767 1 
0 0.200804 1 
0 0.200821 1 
0 0.200998 1 
0 0.201007 1 
0 0.201027 1 
0 0.201044 1 
0 0.201198 1 
0 0.201208 1 
0 0.201244 1 
0 0.201247 1 
0 0.201311 1 
0 0.201328 1 
0 0.201372 1 
0 0.201417 1 
0 0.201477 1 
0 0.20148 1 
0 0.201489 1 
0 0.201527 1 
0 0.201546 1 
0 0.201559 1 
0 0.201667 1 
0 0.201726 1 
0 0.201767 1 
0 0.201776 1 
0 0.201825 1 
0 0.20188 1 
0 0.201957 1 
0 0.202061 1 
0 0.202144 1 
0 0.202217 1 
0 0.202309 1 
0 0.202386 1 
0 0.202476 1 
0 0.202502 1 
0 0.202532 1 
0 0.202587 1 
0 0.202589 1 
0 0.20268 1 
0 0.202682 1 
0 0.202709 1 
0 0.202721 1 
0 0.202795 1 
0 0.202818 1 
0 0.202825 1 
0 0.202858 1 
0 0.202967 1 
0 0.202988 1 
0 0.202998 1 
0 0.203023 1 
0 0.203079 1 
0 0.203193 1 
0 0.203211 1 
0 0.203269 1 
0 0.203431 1 
0 0.203565 1 
0 0.203724 1 
0 0.203839 1 
0 0.203852 1 
0 0.203902 1 
0 0.204 1 
0 0.204136 1 
0 0.204184 1 
0 0.204353 1 
0 0.204362 1 
0 0.204598 1 
0 0.204661 1 
0 0.205556 1 
0 0.205557 1 
0 0.205906 1 
0 0.206061 1 
0 inf 1 
0 0.0795582 2 
0 0.0799408 2 
0 0.0800741 2 
0 0.0811697 2 
0 0.0811738 2 
0 0.0813124 2 
0 0.0818744 2 
0 0.0819831 2 
0 0.0820652 2 
0 0.0820795 2 
0 0.0822074 2 
0 0.0822338 2 
0 0.082234 2 
0 0.0823697 2 
0 0.0826415 2 
0 0.0828115 2 
0 0.08286 2 
0 0.0829138 2 
0 0.0829824 2 
0 0.0831086 2 
0 0.0831771 2 
0 0.083306 2 
0 0.0833246 2 
0 0.0833361 2 
0 0.0834956 2 
0 0.0835321 2 
0 0.0835634 2 
0 0.0835758 2 
0 0.0837373 2 
0 0.0837889 2 
0 0.083851 2 
0 0.083901 2 
0 0.0839341 2 
0 0.0839493 2 
0 0.0840472 2 
0 0.0840681 2 
0 0.0842257 2 
0 0.0842447 2 
0 0.0842582 2 
0 0.084292 2 
0 0.0843361 2 
0 0.084384 2 
0 0.0844176 2 
0 0.0845594 2 
0 0.0845703 2 
0 0.084615 2 
0 0.0846796 2 
0 0.0847788 2 
0 0.084814 2 
0 0.0848146 2 
0 0.0848483 2 
0 0.0849679 2 
0 0.0849813 2 
0 0.0849898 2 
0 0.0851146 2 
0 0.0851362 2 
0 0.0852668 2 
0 0.0853681 2 
0 0.0854176 2 
0 0.0854879 2 
0 0.0855582 2 
0 0.0856004 2 
0 0.0856364 2 
0 0.0857461 2 
0 0.0857556 2 
0 0.0857713 2 
0 0.0857729 2 
0 0.085794 2 
0 0.0858557 2 
0 0.0858716 2 
0 0.0858778 2 
0 0.0858826 2 
0 0.0858859 2 
0 0.0859188 2 
0 0.0859189 2 
0 0.0859915 2 
0 0.0859967 2 
0 0.0860456 2 
0 0.086046 2 
0 0.0861452 2 
0 0.0861658 2 
0 0.0861875 2 
0 0.0862058 2 
0 0.0862121 2 
0 0.0862682 2 
0 0.0862879 2 
0 0.0862914 2 
0 0.0863354 2 
0 0.086438 2 
0 0.0864739 2 
0 0.0864801 2 
0 0.0865007 2 
0 0.0865327 2 
0 0.0865556 2 
0 0.0865787 2 
0 0.0866051 2 
0 0.0866502 2 
0 0.0867547 2 
0 0.0868549 2 
0 0.0869205 2 
0 0.0869468 2 
0 0.0869486 2 
0 0.0870471 2 
0 0.0871576 2 
0 0.0871698 2 
0 0.0872129 2 
0 0.0872818 2 
0 0.087301 2 
0 0.0873214 2 
0 0.0873681 2 
0 0.087461 2 
0 0.0875175 2 
0 0.0876028 2 
0 0.0880516 2 
0 0.0880989 2 
0 0.0881492 2 
0 0.0881686 2 
0 0.0881939 2 
0 0.0883493 2 
0 0.0887174 2 
0 0.0890727 2 
0 0.0891141 2 
0 0.0891592 2 
0 0.0893996 2 
0 0.0895183 2 
0 0.0897212 2 
0 0.0905616 2 
0 inf 2 
0 0.0346616 3 
0 0.0348325 3 
0 0.0351528 3 
0 0.0355311 3 
0 0.0357577 3 
0 0.0357611 3 
0 0.0358238 3 
0 0.0361347 3 
0 0.0361617 3 
0 0.0362125 3 
0 0.0363762 3 
0 0.0364217 3 
0 0.036579 3 
0 0.0366413 3 
0 0.0366506 3 
0 0.0366656 3 
0 0.0366781 3 
0 0.0367066 3 
0 0.0367234 3 
0 0.036813 3 
0 0.0368655 3 
0 0.0368822 3 
0 0.0369069 3 
0 0.0369445 3 
0 0.0369678 3 
0 0.0370399 3 
0 0.0370754 3 
0 0.0371312 3 
0 0.0372183 3 
0 0.0373329 3 
0 0.0374005 3 
0 0.0374578 3 
0 0.0374604 3 
0 0.0374794 3 
0 0.0375667 3 
0 0.0375814 3 
0 0.0375885 3 
0 0.0376014 3 
0 0.0376225 3 
0 0.0376416 3 
0 0.0376934 3 
0 0.0377185 3 
0 0.0377296 3 
0 0.0377943 3 
0 0.0377962 3 
0 0.0379833 3 
0 0.0380156 3 
0 0.0380172 3 
0 0.0380281 3 
0 0.0381904 3 
0 0.0382298 3 
0 0.0382759 3 
0 0.0382767 3 
0 0.0382789 3 
0 0.0383203 3 
0 0.0383451 3 
0 0.03835 3 
0 0.0383509 3 
0 0.0383804 3 
0 0.0383855 3 
0 0.0384749 3 
0 0.0385163 3 
0 0.0385206 3 
0 0.0385719 3 
0 0.0385749 3 
0 0.0386296 3 
0 0.0386724 3 
0 0.0386729 3 
0 0.0386916 3 
0 0.0387481 3 
0 0.0387555 3 
0 0.0387907 3 
0 0.0388075 3 
0 0.0388224 3 
0 0.0388406 3 
0 0.038844 3 
0 0.0389299 3 
0 0.0389492 3 
0 0.038969 3 
0 0.0391074 3 
0 0.0391973 3 
0 0.0391999 3 
0 0.0392158 3 
0 0.0392207 3 
0 0.0392235 3 
0 0.0392781 3 
0 0.0393544 3 
0 0.0393902 3 
0 0.0394337 3 
0 0.0394502 3 
0 0.0394587 3 
0 0.0394599 3 
0 0.0394664 3 
0 0.0395324 3 
0 0.039596 3 
0 0.0396639 3 
0 0.0397046 3 
0 0.0397371 3 
0 0.0397563 3 
0 0.0397769 3 
0 0.0397885 3 
0 0.0397891 3 
0 0.0397968 3 
0 0.0398025 3 
0 0.0398529 3 
0 0.0398994 3 
0 0.0399267 3 
0 0.0399586 3 
0 0.0399898 3 
0 0.0400124 3 
0 0.0400174 3 
0 0.0400359 3 
0 0.0402735 3 
0 0.0403068 3 
0 0.0403574 3 
0 0.040451 3 
0 0.0405241 3 
0 0.0406449 3 
0 0.0407746 3 
0 0.0408074 3 
0 0.0408983 3 
0 0.0409307 3 
0 0.041191 3 
0 0.0413286 3 
0 0.041331 3 
0 0.0416757 3 
0 0.043007 3 
0 inf 3 
0 0.0156916 4 
0 0.0159379 4 
0 0.0159655 4 
0 0.016275 4 
0 0.0163496 4 
0 0.0166405 4 
0 0.0166695 4 
0 0.0166956 4 
0 0.0168434 4 
0 0.0168635 4 
0 0.0168793 4 
0 0.0169258 4 
0 0.0169497 4 
0 0.0169596 4 
0 0.0169939 4 
0 0.0170432 4 
0 0.0170509 4 
0 0.0170607 4 
0 0.0170623 4 
0 0.0170905 4 
0 0.0171179 4 
0 0.0171283 4 
0 0.0171295 4 
0 0.0171744 4 
0 0.0172938 4 
0 0.0173448 4 
0 0.0173555 4 
0 0.0173665 4 
0 0.0174149 4 
0 0.0174251 4 
0 0.0174296 4 
0 0.0174601 4 
0 0.0174864 4 
0 0.0175696 4 
0 0.0175783 4 
0 0.0175877 4 
0 0.017606 4 
0 0.0176196 4 
0 0.0176493 4 
0 0.0176923 4 
0 0.0177013 4 
0 0.0177194 4 
0 0.017722 4 
0 0.0177259 4 
0 0.0177356 4 
0 0.0177375 4 
0 0.0177517 4 
0 0.0177916 4 
0 0.0178017 4 
0 0.0178423 4 
0 0.0178528 4 
0 0.0178598 4 
0 0.0178643 4 
0 0.017883 4 
0 0.0179394 4 
0 0.0179542 4 
0 0.0179861 4 
0 0.0179866 4 
0 0.0180429 4 
0 0.0181389 4 
0 0.0181487 4 
0 0.018149 4 
0 0.0181684 4 
0 0.0181898 4 
0 0.0182207 4 
0 0.0182257 4 
0 0.0182334 4 
0 0.0182415 4 
0 0.0182487 4 
0 0.0182634 4 
0 0.0182904 4 
0 0.0183031 4 
0 0.0183104 4 
0 0.0183397 4 
0 0.0183568 4 
0 0.0184179 4 
0 0.0184294 4 
0 0.0184354 4 
0 0.018444 4 
0 0.0184613 4 
0 0.0185191 4 
0 0.018535 4 
0 0.0185522 4 
0 0.018654 4 
0 0.0187267 4 
0 0.0187279 4 
0 0.0187384 4 
0 0.0187759 4 
0 0.0188187 4 
0 0.0188427 4 
0 0.0188428 4 
0 0.0188688 4 
0 0.0188987 4 
0 0.0189152 4 
0 0.0189284 4 
0 0.0189846 4 
0 0.0190013 4 
0 0.0190024 4 
0 0.0190411 4 
0 0.0190419 4 
0 0.0190579 4 
0 0.0190741 4 
0 0.0190881 4 
0 0.0190883 4 
0 0.0191028 4 
0 0.0191243 4 
0 0.0191526 4 
0 0.019234 4 
0 0.0192376 4 
0 0.0192499 4 
0 0.0192771 4 
0 0.0192778 4 
0 0.0193026 4 
0 0.0194095 4 
0 0.0194453 4 
0 0.0194484 4 
0 0.0194814 4 
0 0.0195191 4 
0 0.0196789 4 
0 0.0197428 4 
0 0.0197886 4 
0 0.0197979 4 
0 0.0198883 4 
0 0.0199957 4 
0 0.0199996 4 
0 0.0205192 4 
0 0.0209412 4 
0 inf 4 
0 0.00736188 5 
0 0.00752746 5 
0 0.00766245 5 
0 0.00767539 5 
0 0.00774354 5 
0 0.00784165 5 
0 0.00794169 5 
0 0.007975 5 
0 0.00797648 5 
0 0.00802623 5 
0 0.00805214 5 
0 0.00815834 5 
0 0.00817593 5 
0 0.00818851 5 
0 0.00819491 5 
0 0.00820961 5 
0 0.00821196 5 
0 0.0082197 5 
0 0.00825178 5 
0 0.00828355 5 
0 0.00831848 5 
0 0.00834196 5 
0 0.0083561 5 
0 0.00836827 5 
0 0.00838218 5 
0 0.00839274 5 
0 0.00839294 5 
0 0.00839433 5 
0 0.00846463 5 
0 0.00846944 5 
0 0.00847053 5 
0 0.00847739 5 
0 0.00848026 5 
0 0.00848195 5 
0 0.00848376 5 
0 0.00848488 5 
0 0.00853252 5 
0 0.00854125 5 
0 0.00855593 5 
0 0.00856909 5 
0 0.00857059 5 
0 0.00860308 5 
0 0.00862783 5 
0 0.00863003 5 
0 0.00864699 5 
0 0.00865029 5 
0 0.00865895 5 
0 0.00867091 5 
0 0.00869068 5 
0 0.00869543 5 
0 0.00869726 5 
0 0.00870245 5 
0 0.00871151 5 
0 0.00872417 5 
0 0.00872697 5 
0 0.00874811 5 
0 0.00877961 5 
0 0.00878918 5 
0 0.00878971 5 
0 0.00880647 5 
0 0.00883196 5 
0 0.00884383 5 
0 0.00884769 5 
0 0.00885841 5 
0 0.008864 5 
0 0.00886654 5 
0 0.00887925 5 
0 0.00889594 5 
0 0.00890521 5 
0 0.00891985 5 
0 0.00893458 5 
0 0.00895416 5 
0 0.00896147 5 
0 0.00900329 5 
0 0.00904092 5 
0 0.00904125 5 
0 0.00904509 5 
0 0.0090534 5 
0 0.00906852 5 
0 0.00907558 5 
0 0.00909209 5 
0 0.00912957 5 
0 0.00915795 5 
0 0.00917274 5 
0 0.00918179 5 
0 0.00920026 5 
0 0.00921391 5 
0 0.00921652 5 
0 0.00921861 5 
0 0.00921932 5 
0 0.00922108 5 
0 0.00922372 5 
0 0.00923197 5 
0 0.00923349 5 
0 0.00926793 5 
0 0.00941437 5 
0 0.00941831 5 
0 0.00942036 5 
0 0.00942111 5 
0 0.00942698 5 
0 0.0094285 5 
0 0.00942991 5 
0 0.00943938 5 
0 0.00944686 5 
0 0.00945334 5 
0 0.00946164 5 
0 0.00948006 5 
0 0.00950899 5 
0 0.00952855 5 
0 0.00953661 5 
0 0.00954534 5 
0 0.00955777 5 
0 0.00960323 5 
0 0.00960914 5 
0 0.00967265 5 
0 0.00968039 5 
0 0.00970745 5 
0 0.00974536 5 
0 0.00984056 5 
0 0.00990883 5 
0 0.00992927 5 
0 0.0099464 5 
0 0.0100128 5 
0 0.0100354 5 
0 0.0101308 5 
0 0.0101359 5 
0 0.0103415 5 
0 inf 5 
0 0.00356188 6 
0 0.00368707 6 
0 0.00372519 6 
0 0.00377287 6 
0 0.00378459 6 
0 0.00381674 6 
0 0.00382425 6 
0 0.00384702 6 
0 0.00389588 6 
0 0.00393482 6 
0 0.00395927 6 
0 0.00400132 6 
0 0.00400383 6 
0 0.00403313 6 
0 0.00404883 6 
0 0.00405239 6 
0 0.00408721 6 
0 0.00409988 6 
0 0.00410901 6 
0 0.00412797 6 
0 0.00414312 6 
0 0.0041468 6 
0 0.00415027 6 
0 0.00415163 6 
0 0.00415195 6 
0 0.00415792 6 
0 0.00418982 6 
0 0.00419874 6 
0 0.00420038 6 
0 0.00420228 6 
0 0.00420701 6 
0 0.00421733 6 
0 0.00422004 6 
0 0.00422325 6 
0 0.00423353 6 
0 0.00424158 6 
0 0.00424457 6 
0 0.00424738 6 
0 0.0042515 6 
0 0.00425296 6 
0 0.00425323 6 
0 0.00427017 6 
0 0.00427999 6 
0 0.00428019 6 
0 0.00431251 6 
0 0.00432634 6 
0 0.00432718 6 
0 0.00433975 6 
0 0.00434233 6 
0 0.00434358 6 
0 0.00435067 6 
0 0.00436761 6 
0 0.00437797 6 
0 0.0044003 6 
0 0.00440607 6 
0 0.00440695 6 
0 0.00440705 6 
0 0.00441345 6 
0 0.00441443 6 
0 0.00441689 6 
0 0.00441737 6 
0 0.0044286 6 
0 0.00444901 6 
0 0.00445302 6 
0 0.00446837 6 
0 0.0044753 6 
0 0.00448309 6 
0 0.00450125 6 
0 0.0045035 6 
0 0.00453465 6 
0 0.00453611 6 
0 0.0045459 6 
0 0.00454732 6 
0 0.00455077 6 
0 0.00455311 6 
0 0.00455983 6 
0 0.004563 6 
0 0.00456447 6 
0 0.00456737 6 
0 0.00456853 6 
0 0.0045688 6 
0 0.00457512 6 
0 0.00458169 6 
0 0.00458786 6 
0 0.00459347 6 
0 0.00459925 6 
0 0.00462546 6 
0 0.00463674 6 
0 0.00463819 6 
0 0.00464533 6 
0 0.00464878 6 
0 0.00466702 6 
0 0.00467496 6 
0 0.00468365 6 
0 0.0047096 6 
0 0.0047193 6 
0 0.00472478 6 
0 0.00473565 6 
0 0.00474472 6 
0 0.0047567 6 
0 0.00477553 6 
0 0.00477966 6 
0 0.00478111 6 
0 0.00478255 6 
0 0.00478564 6 
0 0.00479486 6 
0 0.00480128 6 
0 0.00480279 6 
0 0.00481468 6 
0 0.00482338 6 
0 0.00483829 6 
0 0.00484649 6 
0 0.00489296 6 
0 0.00490061 6 
0 0.00490202 6 
0 0.00491479 6 
0 0.00493072 6 
0 0.00493552 6 
0 0.00498519 6 
0 0.00503146 6 
0 0.00506589 6 
0 0.00514345 6 
0 0.00515097 6 
0 0.00516217 6 
0 0.00520333 6 
0 0.00520968 6 
0 0.00521227 6 
0 inf 6 
0 0.00177147 7 
0 0.00185013 7 
0 0.00185431 7 
0 0.00186458 7 
0 0.00186545 7 
0 0.00188013 7 
0 0.00190108 7 
0 0.00195265 7 
0 0.00195991 7 
0 0.00197048 7 
0 0.00197258 7 
0 0.00197845 7 
0 0.00200198 7 
0 0.00200455 7 
0 0.00202631 7 
0 0.00204728 7 
0 0.00204865 7 
0 0.00205269 7 
0 0.00208141 7 
0 0.00209271 7 
0 0.00209452 7 
0 0.00210277 7 
0 0.00210859 7 
0 0.00210875 7 
0 0.00211351 7 
0 0.00211747 7 
0 0.0021192 7 
0 0.00212102 7 
0 0.00212215 7 
0 0.00212346 7 
0 0.00212386 7 
0 0.00212666 7 
0 0.00213151 7 
0 0.00213822 7 
0 0.00213974 7 
0 0.00214269 7 
0 0.00214843 7 
0 0.00215431 7 
0 0.00216095 7 
0 0.00216224 7 
0 0.00217111 7 
0 0.00218028 7 
0 0.00218286 7 
0 0.00219009 7 
0 0.00219242 7 
0 0.00221233 7 
0 0.00221827 7 
0 0.00221983 7 
0 0.00222228 7 
0 0.00222447 7 
0 0.00223243 7 
0 0.00223777 7 
0 0.00224204 7 
0 0.0022425 7 
0 0.00224556 7 
0 0.00225301 7 
0 0.00225316 7 
0 0.00226321 7 
0 0.00226611 7 
0 0.00227343 7 
0 0.00227631 7 
0 0.00228112 7 
0 0.00228426 7 
0 0.00228625 7 
0 0.00229811 7 
0 0.00230039 7 
0 0.00230232 7 
0 0.00230257 7 
0 0.00230387 7 
0 0.00230462 7 
0 0.00231044 7 
0 0.00231979 7 
0 0.0023225 7 
0 0.00232932 7 
0 0.00233534 7 
0 0.00234213 7 
0 0.00234659 7 
0 0.0023555 7 
0 0.00235895 7 
0 0.00236198 7 
0 0.00236243 7 
0 0.00236731 7 
0 0.00236854 7 
0 0.00237144 7 
0 0.00237447 7 
0 0.00237513 7 
0 0.00237898 7 
0 0.0023833 7 
0 0.00238837 7 
0 0.00239564 7 
0 0.00239726 7 
0 0.00239953 7 
0 0.00240054 7 
0 0.00240176 7 
0 0.00240551 7 
0 0.00242504 7 
0 0.00242665 7 
0 0.00243791 7 
0 0.0024393 7 
0 0.00244723 7 
0 0.0024627 7 
0 0.00246696 7 
0 0.00247757 7 
0 0.0024782 7 
0 0.00247833 7 
0 0.00247898 7 
0 0.00248811 7 
0 0.00250226 7 
0 0.00250647 7 
0 0.00250811 7 
0 0.00251451 7 
0 0.00251879 7 
0 0.00252107 7 
0 0.00252569 7 
0 0.00252672 7 
0 0.00253159 7 
0 0.00254004 7 
0 0.00254384 7 
0 0.00256981 7 
0 0.0026264 7 
0 0.00263312 7 
0 0.00264459 7 
0 0.00266253 7 
0 0.00266474 7 
0 0.00270728 7 
0 0.00271202 7 
0 0.00273784 7 
0 inf 7 
0 0.000903458 8 
0 0.000924817 8 
0 0.000929308 8 
0 0.000934516 8 
0 0.000935992 8 
0 0.000965597 8 
0 0.000969029 8 
0 0.000978618 8 
0 0.000985688 8 
0 0.000998751 8 
0 0.00101245 8 
0 0.00101324 8 
0 0.00101806 8 
0 0.00104104 8 
0 0.00104314 8 
0 0.00105165 8 
0 0.00105568 8 
0 0.00105661 8 
0 0.00106147 8 
0 0.00106371 8 
0 0.00106402 8 
0 0.00106424 8 
0 0.00107238 8 
0 0.00107407 8 
0 0.00107526 8 
0 0.00108846 8 
0 0.00108869 8 
0 0.00109149 8 
0 0.00109312 8 
0 0.00109468 8 
0 0.00109592 8 
0 0.00109663 8 
0 0.00109912 8 
0 0.00110426 8 
0 0.00110948 8 
0 0.00110972 8 
0 0.00111739 8 
0 0.00111905 8 
0 0.00111982 8 
0 0.00112225 8 
0 0.001124 8 
0 0.00112505 8 
0 0.00113085 8 
0 0.00113486 8 
0 0.00113596 8 
0 0.0011433 8 
0 0.00115522 8 
0 0.00115524 8 
0 0.00115623 8 
0 0.00115795 8 
0 0.00115972 8 
0 0.00116018 8 
0 0.00116563 8 
0 0.00116813 8 
0 0.0011699 8 
0 0.00117034 8 
0 0.00117178 8 
0 0.0011743 8 
0 0.00117682 8 
0 0.00117807 8 
0 0.00117955 8 
0 0.00118416 8 
0 0.00118721 8 
0 0.00118732 8 
0 0.00118874 8 
0 0.00118886 8 
0 0.00120296 8 
0 0.00120355 8 
0 0.00120492 8 
0 0.00120954 8 
0 0.00121012 8 
0 0.00121432 8 
0 0.0012199 8 
0 0.00122044 8 
0 0.0012213 8 
0 0.00122547 8 
0 0.00123173 8 
0 0.00123242 8 
0 0.00123359 8 
0 0.0012373 8 
0 0.00123945 8 
0 0.00124044 8 
0 0.00124281 8 
0 0.001243 8 
0 0.00124339 8 
0 0.00124503 8 
0 0.00124693 8 
0 0.00124784 8 
0 0.0012493 8 
0 0.00125148 8 
0 0.00125925 8 
0 0.00126113 8 
0 0.00126211 8 
0 0.00126437 8 
0 0.00126441 8 
0 0.00127065 8 
0 0.00127088 8 
0 0.00127727 8 
0 0.00128156 8 
0 0.00128491 8 
0 0.00128501 8 
0 0.00128556 8 
0 0.00128704 8 
0 0.00128903 8 
0 0.00129338 8 
0 0.00129355 8 
0 0.00130718 8 
0 0.00130776 8 
0 0.00131207 8 
0 0.00131511 8 
0 0.00132021 8 
0 0.0013208 8 
0 0.00132209 8 
0 0.00132362 8 
0 0.00132651 8 
0 0.00133577 8 
0 0.00134201 8 
0 0.00135335 8 
0 0.00135902 8 
0 0.00136071 8 
0 0.00136333 8 
0 0.00137338 8 
0 0.00138396 8 
0 0.00138735 8 
0 0.00141706 8 
0 0.00144491 8 
0 0.00144964 8 
0 inf 8 
0 0.000464358 9 
0 0.000471361 9 
0 0.000471476 9 
0 0.000474344 9 
0 0.000480625 9 
0 0.000483527 9 
0 0.000498595 9 
0 0.000507618 9 
0 0.000515074 9 
0 0.000515211 9 
0 0.000524862 9 
0 0.000531011 9 
0 0.00053364 9 
0 0.000536481 9 
0 0.000536994 9 
0 0.000537883 9 
0 0.000541022 9 
0 0.000544073 9 
0 0.00055026 9 
0 0.000552757 9 
0 0.000554501 9 
0 0.00055838 9 
0 0.000560656 9 
0 0.00056121 9 
0 0.000569818 9 
0 0.000570216 9 
0 0.000570459 9 
0 0.000571244 9 
0 0.000571526 9 
0 0.000572153 9 
0 0.000572604 9 
0 0.000573122 9 
0 0.00057317 9 
0 0.00057351 9 
0 0.000574686 9 
0 0.000580696 9 
0 0.000582526 9 
0 0.000583396 9 
0 0.000584314 9 
0 0.000584585 9 
0 0.000585596 9 
0 0.000593511 9 
0 0.000596258 9 
0 0.00060155 9 
0 0.000601722 9 
0 0.000603222 9 
0 0.00060341 9 
0 0.000603792 9 
0 0.000604514 9 
0 0.000606242 9 
0 0.00060664 9 
0 0.000608247 9 
0 0.000609177 9 
0 0.000609501 9 
0 0.000609764 9 
0 0.000611389 9 
0 0.000611917 9 
0 0.000616127 9 
0 0.000619827 9 
0 0.000620156 9 
0 0.000621452 9 
0 0.000622303 9 
0 0.000622657 9 
0 0.000624816 9 
0 0.000625947 9 
0 0.000630986 9 
0 0.000631002 9 
0 0.000633709 9 
0 0.000638363 9 
0 0.000638826 9 
0 0.000639816 9 
0 0.000641758 9 
0 0.000643937 9 
0 0.000644661 9 
0 0.000645129 9 
0 0.00064528 9 
0 0.000645809 9 
0 0.000647708 9 
0 0.000648772 9 
0 0.000650645 9 
0 0.000650713 9 
0 0.000651778 9 
0 0.000652613 9 
0 0.000652858 9 
0 0.000654711 9 
0 0.000658123 9 
0 0.000659793 9 
0 0.00066319 9 
0 0.000663696 9 
0 0.000665172 9 
0 0.000665767 9 
0 0.000665781 9 
0 0.000666365 9 
0 0.00066655 9 
0 0.000670767 9 
0 0.000671212 9 
0 0.000673609 9 
0 0.00067879 9 
0 0.00067904 9 
0 0.000680821 9 
0 0.00068177 9 
0 0.000682833 9 
0 0.00068961 9 
0 0.000692469 9 
0 0.000692594 9 
0 0.000693816 9 
0 0.000696468 9 
0 0.000696507 9 
0 0.000696893 9 
0 0.00069701 9 
0 0.000698081 9 
0 0.00069987 9 
0 0.000700042 9 
0 0.00070587 9 
0 0.000705994 9 
0 0.000706009 9 
0 0.000706955 9 
0 0.000709627 9 
0 0.000709829 9 
0 0.000711751 9 
0 0.000719006 9 
0 0.000721787 9 
0 0.000725326 9 
0 0.000730019 9 
0 0.000733852 9 
0 0.000762689 9 
0 0.000778269 9 
0 inf 9 
