0 0.500487 0 
0 0.50213 0 
0 0.502693 0 
0 0.503997 0 
0 0.504399 0 
0 0.504447 0 
0 0.50446 0 
0 0.504468 0 
0 0.504646 0 
0 0.504809 0 
0 0.504911 0 
0 0.505079 0 
0 0.505158 0 
0 0.505238 0 
0 0.505591 0 
0 0.505791 0 
0 0.506024 0 
0 0.50605 0 
0 0.506128 0 
0 0.506189 0 
0 0.506284 0 
0 0.506367 0 
0 0.506391 0 
0 0.506474 0 
0 0.506573 0 
0 0.506582 0 
0 0.50677 0 
0 0.506863 0 
0 0.506907 0 
0 0.506991 0 
0 0.507172 0 
0 0.507231 0 
0 0.507263 0 
0 0.507392 0 
0 0.507542 0 
0 0.507605 0 
0 0.507607 0 
0 0.507655 0 
0 0.507722 0 
0 0.50777 0 
0 0.507786 0 
0 0.507876 0 
0 0.507877 0 
0 0.507901 0 
0 0.507918 0 
0 0.507946 0 
0 0.508011 0 
0 0.508191 0 
0 0.50828 0 
0 0.508317 0 
0 0.508331 0 
0 0.508374 0 
0 0.508376 0 
0 0.508427 0 
0 0.508463 0 
0 0.508501 0 
0 0.508505 0 
0 0.508565 0 
0 0.508602 0 
0 0.508607 0 
0 0.508627 0 
0 0.508642 0 
0 0.508646 0 
0 0.508705 0 
0 0.508801 0 
0 0.508828 0 
0 0.508945 0 
0 0.508951 0 
0 0.508999 0 
0 0.509138 0 
0 0.509142 0 
0 0.509195 0 
0 0.509238 0 
0 0.509256 0 
0 0.509397 0 
0 0.5094 0 
0 0.509416 0 
0 0.509428 0 
0 0.509498 0 
0 0.509544 0 
0 0.50965 0 
0 0.509752 0 
0 0.509767 0 
0 0.509787 0 
0 0.509837 0 
0 0.509932 0 
0 0.509956 0 
0 0.51004 0 
0 0.510109 0 
0 0.510116 0 
0 0.510137 0 
0 0.510149 0 
0 0.51017 0 
0 0.510275 0 
0 0.510299 0 
0 0.510324 0 
0 0.510341 0 
0 0.510362 0 
0 0.51037 0 
0 0.510422 0 
0 0.510516 0 
0 0.510588 0 
0 0.510626 0 
0 0.510626 0 
0 0.510692 0 
0 0.510723 0 
0 0.510753 0 
0 0.510769 0 
0 0.510789 0 
0 0.51079 0 
0 0.510878 0 
0 0.510895 0 
0 0.510896 0 
0 0.510899 0 
0 0.510973 0 
0 0.511108 0 
0 0.511603 0 
0 0.511775 0 
0 0.512176 0 
0 0.512243 0 
0 0.512258 0 
0 0.512344 0 
0 0.512473 0 
0 0.512493 0 
0 0.512599 0 
0 0.512662 0 
0 0.51434 0 
0 inf 0 
0 0.191824 1 
0 0.191945 1 
0 0.193131 1 
0 0.193526 1 
0 0.193711 1 
0 0.194499 1 
0 0.194838 1 
0 0.195362 1 
0 0.195578 1 
0 0.195616 1 
0 0.195802 1 
0 0.196698 1 
0 0.19689 1 
0 0.196912 1 
0 0.197103 1 
0 0.197235 1 
0 0.197334 1 
0 0.197468 1 
0 0.197591 1 
0 0.1977 1 
0 0.197727 1 
0 0.19781 1 
0 0.197897 1 
0 0.197949 1 
0 0.198038 1 
0 0.198083 1 
0 0.198214 1 
0 0.198347 1 
0 0.198362 1 
0 0.198474 1 
0 0.198494 1 
0 0.198552 1 
0 0.198661 1 
0 0.198787 1 
0 0.198852 1 
0 0.198984 1 
0 0.199096 1 
0 0.199101 1 
0 0.199149 1 
0 0.199203 1 
0 0.199267 1 
0 0.199381 1 
0 0.199387 1 
0 0.199454 1 
0 0.199601 1 
0 0.199722 1 
0 0.199768 1 
0 0.199808 1 
0 0.199824 1 
0 0.199971 1 
0 0.20018 1 
0 0.200181 1 
0 0.200196 1 
0 0.200243 1 
0 0.20027 1 
0 0.200271 1 
0 0.200311 1 
0 0.20042 1 
0 0.200421 1 
0 0.200465 1 
0 0.200495 1 
0 0.200521 1 
0 0.200612 1 
0 0.200684 1 
0 0.200711 1 
0 0.200911 1 
0 0.200988 1 
0 0.201036 1 
0 0.201101 1 
0 0.201127 1 
0 0.201142 1 
0 0.201166 1 
0 0.201243 1 
0 0.201256 1 
0 0.201294 1 
0 0.201315 1 
0 0.20132 1 
0 0.201366 1 
0 0.201386 1 
0 0.201419 1 
0 0.201578 1 
0 0.201647 1 
0 0.201657 1 
0 0.201671 1 
0 0.201726 1 
0 0.201801 1 
0 0.201812 1 
0 0.201819 1 
0 0.201867 1 
0 0.201906 1 
0 0.201969 1 
0 0.202018 1 
0 0.202063 1 
0 0.202103 1 
0 0.202133 1 
0 0.202134 1 
0 0.202138 1 
0 0.20217 1 
0 0.202179 1 
0 0.202225 1 
0 0.202375 1 
0 0.202459 1 
0 0.202608 1 
0 0.202638 1 
0 0.202651 1 
0 0.202735 1 
0 0.202784 1 
0 0.202879 1 
0 0.202905 1 
0 0.202923 1 
0 0.202971 1 
0 0.203029 1 
0 0.203077 1 
0 0.203114 1 
0 0.203258 1 
0 0.203293 1 
0 0.203339 1 
0 0.203341 1 
0 0.20336 1 
0 0.203443 1 
0 0.203637 1 
0 0.20375 1 
0 0.203877 1 
0 0.204168 1 
0 0.205077 1 
0 0.206079 1 
0 0.207911 1 
0 inf 1 
0 0.0782468 2 
0 0.0787348 2 
0 0.0787445 2 
0 0.0792304 2 
0 0.0792607 2 
0 0.0798252 2 
0 0.0799731 2 
0 0.0805904 2 
0 0.0809706 2 
0 0.0812178 2 
0 0.0816756 2 
0 0.0818603 2 
0 0.081955 2 
0 0.0822747 2 
0 0.0823047 2 
0 0.0824132 2 
0 0.082557 2 
0 0.0825836 2 
0 0.0825857 2 
0 0.082687 2 
0 0.0826969 2 
0 0.0827517 2 
0 0.0827631 2 
0 0.0829199 2 
0 0.0829387 2 
0 0.0829412 2 
0 0.0830244 2 
0 0.0830276 2 
0 0.0831265 2 
0 0.0831333 2 
0 0.0831568 2 
0 0.0832021 2 
0 0.0833371 2 
0 0.0833624 2 
0 0.0833793 2 
0 0.0833999 2 
0 0.0835164 2 
0 0.0836213 2 
0 0.0837037 2 
0 0.0838458 2 
0 0.0838646 2 
0 0.0838658 2 
0 0.0838799 2 
0 0.0839198 2 
0 0.0841648 2 
0 0.0842119 2 
0 0.0842806 2 
0 0.0843245 2 
0 0.0843345 2 
0 0.0844273 2 
0 0.0844799 2 
0 0.0845106 2 
0 0.0846006 2 
0 0.0846227 2 
0 0.0846888 2 
0 0.0847081 2 
0 0.0847198 2 
0 0.0847382 2 
0 0.0847975 2 
0 0.0848546 2 
0 0.084855 2 
0 0.0848554 2 
0 0.0849351 2 
0 0.0849949 2 
0 0.0850195 2 
0 0.0850869 2 
0 0.0851652 2 
0 0.0852926 2 
0 0.0853047 2 
0 0.0853162 2 
0 0.085339 2 
0 0.0853954 2 
0 0.0854063 2 
0 0.0854873 2 
0 0.0855474 2 
0 0.0855753 2 
0 0.0855868 2 
0 0.0856108 2 
0 0.0856693 2 
0 0.0856884 2 
0 0.0856962 2 
0 0.0857325 2 
0 0.0857348 2 
0 0.0857808 2 
0 0.0857844 2 
0 0.0858279 2 
0 0.0858321 2 
0 0.0858343 2 
0 0.0858376 2 
0 0.0858834 2 
0 0.0858841 2 
0 0.0858943 2 
0 0.0859014 2 
0 0.0859237 2 
0 0.085969 2 
0 0.0860156 2 
0 0.0860319 2 
0 0.0860339 2 
0 0.0861061 2 
0 0.0861096 2 
0 0.0861195 2 
0 0.0862602 2 
0 0.0863005 2 
0 0.0863877 2 
0 0.0865017 2 
0 0.0866827 2 
0 0.0866948 2 
0 0.0868246 2 
0 0.0870028 2 
0 0.0870971 2 
0 0.0871665 2 
0 0.0872162 2 
0 0.08723 2 
0 0.0872708 2 
0 0.0873166 2 
0 0.0873388 2 
0 0.0873728 2 
0 0.0874836 2 
0 0.0875468 2 
0 0.0878326 2 
0 0.088035 2 
0 0.0888983 2 
0 0.0889316 2 
0 0.0889462 2 
0 0.0891534 2 
0 0.089316 2 
0 0.0932582 2 
0 inf 2 
0 0.0336711 3 
0 0.0340421 3 
0 0.0344541 3 
0 0.0344671 3 
0 0.0344744 3 
0 0.0348507 3 
0 0.0351878 3 
0 0.0353349 3 
0 0.0355809 3 
0 0.0357081 3 
0 0.0359766 3 
0 0.0360996 3 
0 0.0361582 3 
0 0.0361702 3 
0 0.0361777 3 
0 0.0362285 3 
0 0.036285 3 
0 0.0363235 3 
0 0.036562 3 
0 0.0365679 3 
0 0.0366361 3 
0 0.0366454 3 
0 0.0367035 3 
0 0.0367257 3 
0 0.0367326 3 
0 0.0367487 3 
0 0.0367601 3 
0 0.0367895 3 
0 0.036822 3 
0 0.0368259 3 
0 0.036933 3 
0 0.0370724 3 
0 0.0371531 3 
0 0.037187 3 
0 0.0372004 3 
0 0.0372264 3 
0 0.0372328 3 
0 0.0373222 3 
0 0.0373529 3 
0 0.0374049 3 
0 0.0374374 3 
0 0.0374455 3 
0 0.0375083 3 
0 0.0375619 3 
0 0.037566 3 
0 0.0375824 3 
0 0.0375988 3 
0 0.0376256 3 
0 0.0376819 3 
0 0.037725 3 
0 0.0377359 3 
0 0.0378146 3 
0 0.037852 3 
0 0.0378636 3 
0 0.0379046 3 
0 0.037948 3 
0 0.0379818 3 
0 0.0379953 3 
0 0.0380466 3 
0 0.0380515 3 
0 0.0380988 3 
0 0.0381195 3 
0 0.0381219 3 
0 0.0381871 3 
0 0.0382062 3 
0 0.0382365 3 
0 0.0382666 3 
0 0.0382697 3 
0 0.0382826 3 
0 0.0382948 3 
0 0.0383129 3 
0 0.0383166 3 
0 0.0383298 3 
0 0.0383568 3 
0 0.0384021 3 
0 0.038451 3 
0 0.0384749 3 
0 0.038484 3 
0 0.0385179 3 
0 0.0385283 3 
0 0.0385324 3 
0 0.0385807 3 
0 0.0386061 3 
0 0.0386313 3 
0 0.038634 3 
0 0.0386839 3 
0 0.0387722 3 
0 0.0388005 3 
0 0.038836 3 
0 0.0389125 3 
0 0.038934 3 
0 0.0389511 3 
0 0.0389537 3 
0 0.0389599 3 
0 0.0389975 3 
0 0.0390212 3 
0 0.039072 3 
0 0.0391173 3 
0 0.0391174 3 
0 0.0391822 3 
0 0.0391873 3 
0 0.0392911 3 
0 0.0393673 3 
0 0.0394672 3 
0 0.0394838 3 
0 0.0395018 3 
0 0.0396547 3 
0 0.0396682 3 
0 0.0396707 3 
0 0.0396857 3 
0 0.0396884 3 
0 0.0397224 3 
0 0.0397694 3 
0 0.0398202 3 
0 0.0398309 3 
0 0.0398719 3 
0 0.0398838 3 
0 0.0400757 3 
0 0.0402702 3 
0 0.0405438 3 
0 0.0406819 3 
0 0.0408598 3 
0 0.0408758 3 
0 0.040973 3 
0 0.0409912 3 
0 0.0415796 3 
0 0.0441524 3 
0 inf 3 
0 0.0153782 4 
0 0.0154492 4 
0 0.015523 4 
0 0.0159331 4 
0 0.0159913 4 
0 0.0161053 4 
0 0.0161698 4 
0 0.0162332 4 
0 0.016326 4 
0 0.0163789 4 
0 0.0163919 4 
0 0.0164371 4 
0 0.016538 4 
0 0.0166776 4 
0 0.0167805 4 
0 0.0167935 4 
0 0.0168556 4 
0 0.0168723 4 
0 0.0169065 4 
0 0.0169383 4 
0 0.0169415 4 
0 0.0169631 4 
0 0.0169843 4 
0 0.0170311 4 
0 0.0170318 4 
0 0.0170345 4 
0 0.0170807 4 
0 0.017084 4 
0 0.0171033 4 
0 0.0171105 4 
0 0.01714 4 
0 0.0172093 4 
0 0.0172423 4 
0 0.0172429 4 
0 0.017255 4 
0 0.0173022 4 
0 0.0173227 4 
0 0.0173711 4 
0 0.0173775 4 
0 0.0173845 4 
0 0.0174053 4 
0 0.0174766 4 
0 0.017483 4 
0 0.0175714 4 
0 0.0175747 4 
0 0.017587 4 
0 0.0176077 4 
0 0.0176301 4 
0 0.0176408 4 
0 0.0176409 4 
0 0.0176476 4 
0 0.0177171 4 
0 0.0177276 4 
0 0.0177523 4 
0 0.017785 4 
0 0.0177865 4 
0 0.0177893 4 
0 0.0178125 4 
0 0.0178166 4 
0 0.0178285 4 
0 0.0178314 4 
0 0.0178354 4 
0 0.0178815 4 
0 0.0178985 4 
0 0.0179221 4 
0 0.0179539 4 
0 0.017973 4 
0 0.017983 4 
0 0.0180211 4 
0 0.0180963 4 
0 0.0180981 4 
0 0.0181125 4 
0 0.018114 4 
0 0.0181148 4 
0 0.0181229 4 
0 0.0181242 4 
0 0.0181441 4 
0 0.0181604 4 
0 0.0181906 4 
0 0.0182156 4 
0 0.0182242 4 
0 0.0182591 4 
0 0.0182643 4 
0 0.0182644 4 
0 0.0182707 4 
0 0.018271 4 
0 0.0182752 4 
0 0.0183627 4 
0 0.0183992 4 
0 0.0184071 4 
0 0.0184325 4 
0 0.0184652 4 
0 0.0185444 4 
0 0.0185478 4 
0 0.0185787 4 
0 0.0186486 4 
0 0.0186672 4 
0 0.0187085 4 
0 0.0187162 4 
0 0.018731 4 
0 0.0187405 4 
0 0.0187516 4 
0 0.0187566 4 
0 0.0187737 4 
0 0.0187809 4 
0 0.0188527 4 
0 0.0188927 4 
0 0.0189203 4 
0 0.0189355 4 
0 0.018977 4 
0 0.0190439 4 
0 0.0190872 4 
0 0.0191018 4 
0 0.0191034 4 
0 0.0191399 4 
0 0.0192076 4 
0 0.0192216 4 
0 0.0192257 4 
0 0.019236 4 
0 0.0192418 4 
0 0.0193254 4 
0 0.0194669 4 
0 0.0197771 4 
0 0.0198318 4 
0 0.0199027 4 
0 0.0202132 4 
0 0.0214002 4 
0 inf 4 
0 0.00724986 5 
0 0.00728625 5 
0 0.00740306 5 
0 0.00762984 5 
0 0.0076581 5 
0 0.00766383 5 
0 0.00771812 5 
0 0.00772371 5 
0 0.00772751 5 
0 0.00776356 5 
0 0.00776922 5 
0 0.00778524 5 
0 0.00790027 5 
0 0.00800258 5 
0 0.00802613 5 
0 0.00806902 5 
0 0.00807205 5 
0 0.0080946 5 
0 0.00809722 5 
0 0.00810045 5 
0 0.00810385 5 
0 0.00812389 5 
0 0.00815438 5 
0 0.00815631 5 
0 0.00815757 5 
0 0.00816508 5 
0 0.00817966 5 
0 0.00819883 5 
0 0.00821536 5 
0 0.00824379 5 
0 0.00824833 5 
0 0.00824914 5 
0 0.00827981 5 
0 0.00828699 5 
0 0.00830969 5 
0 0.00831209 5 
0 0.00834193 5 
0 0.00834763 5 
0 0.00837863 5 
0 0.00839903 5 
0 0.0084195 5 
0 0.00844769 5 
0 0.00845102 5 
0 0.00847448 5 
0 0.00849935 5 
0 0.00850201 5 
0 0.00850349 5 
0 0.00851138 5 
0 0.00851491 5 
0 0.00854967 5 
0 0.00856448 5 
0 0.00858513 5 
0 0.00860757 5 
0 0.00861009 5 
0 0.00861326 5 
0 0.00862299 5 
0 0.00862325 5 
0 0.00863138 5 
0 0.00864478 5 
0 0.00866436 5 
0 0.00866853 5 
0 0.0086707 5 
0 0.00871157 5 
0 0.00873831 5 
0 0.00874947 5 
0 0.00876009 5 
0 0.00876827 5 
0 0.00879005 5 
0 0.00879504 5 
0 0.00880738 5 
0 0.0088157 5 
0 0.00884415 5 
0 0.00885032 5 
0 0.00885504 5 
0 0.00885939 5 
0 0.00887867 5 
0 0.00887901 5 
0 0.00890642 5 
0 0.00893182 5 
0 0.00893431 5 
0 0.00893598 5 
0 0.00893892 5 
0 0.00897727 5 
0 0.00898945 5 
0 0.00899161 5 
0 0.00899481 5 
0 0.00901608 5 
0 0.00907088 5 
0 0.00907154 5 
0 0.00908677 5 
0 0.00910083 5 
0 0.00910736 5 
0 0.00913084 5 
0 0.00913398 5 
0 0.00913569 5 
0 0.00914902 5 
0 0.00916444 5 
0 0.00916576 5 
0 0.00917127 5 
0 0.00920245 5 
0 0.00922157 5 
0 0.00923509 5 
0 0.00924587 5 
0 0.0092568 5 
0 0.00928009 5 
0 0.00930088 5 
0 0.00933734 5 
0 0.00937601 5 
0 0.00937904 5 
0 0.00942956 5 
0 0.00943175 5 
0 0.00943209 5 
0 0.00944234 5 
0 0.00948295 5 
0 0.00948834 5 
0 0.00949735 5 
0 0.0094997 5 
0 0.00950137 5 
0 0.00952105 5 
0 0.00956707 5 
0 0.00964957 5 
0 0.00967315 5 
0 0.00978335 5 
0 0.00989756 5 
0 0.00998708 5 
0 0.0101429 5 
0 0.0105768 5 
0 inf 5 
0 0.00349267 6 
0 0.00354208 6 
0 0.0036872 6 
0 0.00369597 6 
0 0.00369733 6 
0 0.00372057 6 
0 0.00372188 6 
0 0.0037332 6 
0 0.00379575 6 
0 0.00381525 6 
0 0.00384671 6 
0 0.00387008 6 
0 0.00393226 6 
0 0.00393948 6 
0 0.00394558 6 
0 0.00395717 6 
0 0.0039613 6 
0 0.00397419 6 
0 0.00397478 6 
0 0.00397897 6 
0 0.00398565 6 
0 0.00399246 6 
0 0.00400255 6 
0 0.00401229 6 
0 0.00401307 6 
0 0.0040239 6 
0 0.004027 6 
0 0.00403632 6 
0 0.00405413 6 
0 0.00407493 6 
0 0.00409047 6 
0 0.00410507 6 
0 0.0041064 6 
0 0.00412495 6 
0 0.00412678 6 
0 0.00413158 6 
0 0.00415247 6 
0 0.00415586 6 
0 0.00416085 6 
0 0.00418605 6 
0 0.00419761 6 
0 0.00422042 6 
0 0.0042258 6 
0 0.00422681 6 
0 0.00423349 6 
0 0.00423368 6 
0 0.00423439 6 
0 0.00423477 6 
0 0.00423493 6 
0 0.00424333 6 
0 0.00424586 6 
0 0.0042529 6 
0 0.00425347 6 
0 0.00426662 6 
0 0.00428132 6 
0 0.0042825 6 
0 0.00428322 6 
0 0.00429086 6 
0 0.0042912 6 
0 0.00429945 6 
0 0.00431705 6 
0 0.00431764 6 
0 0.00432085 6 
0 0.00432803 6 
0 0.00433716 6 
0 0.00438103 6 
0 0.00438177 6 
0 0.00438254 6 
0 0.00438475 6 
0 0.00438979 6 
0 0.00440008 6 
0 0.00442738 6 
0 0.00443697 6 
0 0.00443727 6 
0 0.00448479 6 
0 0.00449501 6 
0 0.00451172 6 
0 0.00452379 6 
0 0.00452465 6 
0 0.00452653 6 
0 0.00452823 6 
0 0.0045294 6 
0 0.00453236 6 
0 0.00454261 6 
0 0.00454299 6 
0 0.00454966 6 
0 0.00455595 6 
0 0.00455649 6 
0 0.00456871 6 
0 0.00458351 6 
0 0.0045935 6 
0 0.00459506 6 
0 0.00460166 6 
0 0.00461007 6 
0 0.00461409 6 
0 0.00463777 6 
0 0.00464144 6 
0 0.00464228 6 
0 0.0046449 6 
0 0.00465083 6 
0 0.00466724 6 
0 0.00467976 6 
0 0.0046845 6 
0 0.00468897 6 
0 0.00469293 6 
0 0.00470028 6 
0 0.0047133 6 
0 0.0047339 6 
0 0.00473952 6 
0 0.00477352 6 
0 0.00477365 6 
0 0.00478745 6 
0 0.00478983 6 
0 0.00482554 6 
0 0.00482657 6 
0 0.00482713 6 
0 0.00484954 6 
0 0.00486665 6 
0 0.00487065 6 
0 0.00487998 6 
0 0.00490482 6 
0 0.00502247 6 
0 0.00502605 6 
0 0.00502709 6 
0 0.00506295 6 
0 0.00511797 6 
0 0.00530833 6 
0 inf 6 
0 0.00172952 7 
0 0.00176476 7 
0 0.00182506 7 
0 0.00183099 7 
0 0.00183263 7 
0 0.00183329 7 
0 0.0018436 7 
0 0.00185411 7 
0 0.00188393 7 
0 0.00192598 7 
0 0.00193581 7 
0 0.00195129 7 
0 0.00195645 7 
0 0.00196507 7 
0 0.00196525 7 
0 0.00196925 7 
0 0.00198433 7 
0 0.00199155 7 
0 0.00199185 7 
0 0.00200819 7 
0 0.0020155 7 
0 0.00203011 7 
0 0.0020353 7 
0 0.00203823 7 
0 0.00204304 7 
0 0.00204542 7 
0 0.00204898 7 
0 0.00205399 7 
0 0.00205882 7 
0 0.00206543 7 
0 0.00207986 7 
0 0.00208125 7 
0 0.00208482 7 
0 0.00208818 7 
0 0.00208877 7 
0 0.00209817 7 
0 0.00209826 7 
0 0.00210467 7 
0 0.00210848 7 
0 0.00211503 7 
0 0.00212198 7 
0 0.00212502 7 
0 0.0021283 7 
0 0.00213571 7 
0 0.0021433 7 
0 0.00214433 7 
0 0.00215848 7 
0 0.00215871 7 
0 0.00217013 7 
0 0.00217067 7 
0 0.00217284 7 
0 0.00217359 7 
0 0.00217414 7 
0 0.00218444 7 
0 0.00218518 7 
0 0.00218938 7 
0 0.00219 7 
0 0.00219229 7 
0 0.00219391 7 
0 0.00219644 7 
0 0.00220498 7 
0 0.00220818 7 
0 0.00220962 7 
0 0.00221454 7 
0 0.00221936 7 
0 0.00222245 7 
0 0.00222332 7 
0 0.0022287 7 
0 0.00223402 7 
0 0.00223945 7 
0 0.00224781 7 
0 0.0022526 7 
0 0.00225268 7 
0 0.00225425 7 
0 0.00227945 7 
0 0.00228348 7 
0 0.002294 7 
0 0.0023127 7 
0 0.00231755 7 
0 0.00231817 7 
0 0.00232033 7 
0 0.00232517 7 
0 0.00232777 7 
0 0.00233951 7 
0 0.00234406 7 
0 0.00234748 7 
0 0.00235001 7 
0 0.00235526 7 
0 0.0023615 7 
0 0.00236964 7 
0 0.00236981 7 
0 0.00237669 7 
0 0.00237751 7 
0 0.00237813 7 
0 0.00238134 7 
0 0.00238144 7 
0 0.00238924 7 
0 0.0023925 7 
0 0.00239426 7 
0 0.00240481 7 
0 0.00241552 7 
0 0.00242473 7 
0 0.00242857 7 
0 0.0024306 7 
0 0.00244315 7 
0 0.00244485 7 
0 0.00245733 7 
0 0.00245835 7 
0 0.00246335 7 
0 0.00246409 7 
0 0.00246541 7 
0 0.00246773 7 
0 0.00247516 7 
0 0.00247614 7 
0 0.00248371 7 
0 0.00248754 7 
0 0.00248918 7 
0 0.00250742 7 
0 0.00251784 7 
0 0.0025434 7 
0 0.00256056 7 
0 0.00256238 7 
0 0.00256919 7 
0 0.00266474 7 
0 0.00266884 7 
0 0.00267419 7 
0 0.0027011 7 
0 inf 7 
0 0.000877986 8 
0 0.000897798 8 
0 0.000918354 8 
0 0.000919291 8 
0 0.000922721 8 
0 0.000927802 8 
0 0.000929136 8 
0 0.000932381 8 
0 0.000941903 8 
0 0.000969177 8 
0 0.000989783 8 
0 0.000991484 8 
0 0.000992005 8 
0 0.000994619 8 
0 0.000995643 8 
0 0.00100065 8 
0 0.00101388 8 
0 0.00101897 8 
0 0.0010262 8 
0 0.00102636 8 
0 0.00103314 8 
0 0.00103587 8 
0 0.00104521 8 
0 0.00105174 8 
0 0.00105306 8 
0 0.00105688 8 
0 0.00105885 8 
0 0.00106226 8 
0 0.00106602 8 
0 0.00106848 8 
0 0.00107108 8 
0 0.00107201 8 
0 0.0010742 8 
0 0.00107558 8 
0 0.00108013 8 
0 0.00108766 8 
0 0.00108825 8 
0 0.00108911 8 
0 0.00109071 8 
0 0.00109126 8 
0 0.00109567 8 
0 0.00110337 8 
0 0.00110917 8 
0 0.00111468 8 
0 0.00111719 8 
0 0.00111836 8 
0 0.00112076 8 
0 0.00112204 8 
0 0.00112449 8 
0 0.0011249 8 
0 0.00112656 8 
0 0.0011285 8 
0 0.00112854 8 
0 0.001131 8 
0 0.00113452 8 
0 0.00113581 8 
0 0.00113911 8 
0 0.00114359 8 
0 0.00114373 8 
0 0.00114763 8 
0 0.00114883 8 
0 0.00114955 8 
0 0.00115194 8 
0 0.00115251 8 
0 0.00115603 8 
0 0.0011591 8 
0 0.00115992 8 
0 0.00116177 8 
0 0.00116423 8 
0 0.00116444 8 
0 0.00116608 8 
0 0.00116647 8 
0 0.00116671 8 
0 0.00116833 8 
0 0.0011717 8 
0 0.00118111 8 
0 0.00118357 8 
0 0.00118362 8 
0 0.00120241 8 
0 0.00120298 8 
0 0.00120305 8 
0 0.00120616 8 
0 0.00121808 8 
0 0.00122236 8 
0 0.00123137 8 
0 0.00123438 8 
0 0.0012358 8 
0 0.00123781 8 
0 0.00124051 8 
0 0.00124123 8 
0 0.00124169 8 
0 0.0012427 8 
0 0.00124604 8 
0 0.00124795 8 
0 0.00124882 8 
0 0.00125106 8 
0 0.00125361 8 
0 0.00125669 8 
0 0.00125803 8 
0 0.0012591 8 
0 0.00126237 8 
0 0.00126255 8 
0 0.00126464 8 
0 0.00126974 8 
0 0.00127178 8 
0 0.00127539 8 
0 0.00128739 8 
0 0.0012909 8 
0 0.00129704 8 
0 0.00129866 8 
0 0.00129989 8 
0 0.00130011 8 
0 0.0013015 8 
0 0.00130665 8 
0 0.00130935 8 
0 0.00131112 8 
0 0.00132363 8 
0 0.00132446 8 
0 0.00132827 8 
0 0.00134509 8 
0 0.00134633 8 
0 0.00136508 8 
0 0.0013712 8 
0 0.00139278 8 
0 0.00140568 8 
0 0.00143724 8 
0 0.0014519 8 
0 inf 8 
0 0.000455947 9 
0 0.000460603 9 
0 0.000465286 9 
0 0.000468508 9 
0 0.000474995 9 
0 0.000475574 9 
0 0.000480353 9 
0 0.000481735 9 
0 0.000485725 9 
0 0.000488933 9 
0 0.00050418 9 
0 0.000508057 9 
0 0.00050945 9 
0 0.00051061 9 
0 0.000512797 9 
0 0.000516336 9 
0 0.000516692 9 
0 0.000517844 9 
0 0.000528838 9 
0 0.000533184 9 
0 0.000537281 9 
0 0.000543793 9 
0 0.000548413 9 
0 0.000553124 9 
0 0.000554181 9 
0 0.000555297 9 
0 0.000556737 9 
0 0.000556826 9 
0 0.000557984 9 
0 0.000559187 9 
0 0.000560358 9 
0 0.000561715 9 
0 0.000562158 9 
0 0.000563145 9 
0 0.000564286 9 
0 0.000569224 9 
0 0.000575052 9 
0 0.000575893 9 
0 0.000577682 9 
0 0.000577983 9 
0 0.000578104 9 
0 0.00057924 9 
0 0.000580114 9 
0 0.000580643 9 
0 0.000580708 9 
0 0.000581499 9 
0 0.00058419 9 
0 0.000590992 9 
0 0.000593164 9 
0 0.000594759 9 
0 0.000595793 9 
0 0.000597723 9 
0 0.000599275 9 
0 0.000599996 9 
0 0.00060157 9 
0 0.000601739 9 
0 0.000603276 9 
0 0.000603452 9 
0 0.000606201 9 
0 0.000607357 9 
0 0.000607908 9 
0 0.000608255 9 
0 0.000610011 9 
0 0.000610507 9 
0 0.000614868 9 
0 0.00061508 9 
0 0.000615269 9 
0 0.000617002 9 
0 0.000617162 9 
0 0.000620223 9 
0 0.000621366 9 
0 0.00062323 9 
0 0.000623531 9 
0 0.000623949 9 
0 0.000625033 9 
0 0.000626078 9 
0 0.000627531 9 
0 0.000629503 9 
0 0.000630151 9 
0 0.000633654 9 
0 0.000633795 9 
0 0.000637409 9 
0 0.000638514 9 
0 0.000640467 9 
0 0.000641422 9 
0 0.000642861 9 
0 0.000646354 9 
0 0.000647233 9 
0 0.000647477 9 
0 0.000648288 9 
0 0.000650125 9 
0 0.000651168 9 
0 0.000651292 9 
0 0.000653735 9 
0 0.000655594 9 
0 0.000655876 9 
0 0.000659501 9 
0 0.000662248 9 
0 0.000663695 9 
0 0.000668574 9 
0 0.00066888 9 
0 0.000669179 9 
0 0.000669714 9 
0 0.000669911 9 
0 0.000671705 9 
0 0.000679927 9 
0 0.000686439 9 
0 0.000688636 9 
0 0.000689867 9 
0 0.000690835 9 
0 0.000691662 9 
0 0.000692106 9 
0 0.000693311 9 
0 0.000696646 9 
0 0.000700566 9 
0 0.000702667 9 
0 0.000709831 9 
0 0.000710039 9 
0 0.000711425 9 
0 0.000719129 9 
0 0.000727665 9 
0 0.000741148 9 
0 0.000743431 9 
0 0.000747611 9 
0 0.000750167 9 
0 0.000782411 9 
0 0.000792266 9 
0 inf 9 
