0 0.498905 0 
0 0.500103 0 
0 0.500175 0 
0 0.50081 0 
0 0.502009 0 
0 0.502787 0 
0 0.502801 0 
0 0.503069 0 
0 0.503573 0 
0 0.503798 0 
0 0.504008 0 
0 0.504067 0 
0 0.504134 0 
0 0.504177 0 
0 0.504299 0 
0 0.504486 0 
0 0.504603 0 
0 0.504659 0 
0 0.50468 0 
0 0.504994 0 
0 0.505166 0 
0 0.505197 0 
0 0.505258 0 
0 0.505269 0 
0 0.505448 0 
0 0.505467 0 
0 0.505498 0 
0 0.505523 0 
0 0.505572 0 
0 0.505593 0 
0 0.505623 0 
0 0.505628 0 
0 0.505654 0 
0 0.505708 0 
0 0.505987 0 
0 0.506007 0 
0 0.506216 0 
0 0.506257 0 
0 0.506264 0 
0 0.506461 0 
0 0.506461 0 
0 0.506466 0 
0 0.506477 0 
0 0.506584 0 
0 0.5066 0 
0 0.50665 0 
0 0.506747 0 
0 0.506768 0 
0 0.506796 0 
0 0.50689 0 
0 0.506934 0 
0 0.506942 0 
0 0.507012 0 
0 0.507047 0 
0 0.507067 0 
0 0.507087 0 
0 0.50715 0 
0 0.507173 0 
0 0.507179 0 
0 0.507204 0 
0 0.507212 0 
0 0.507252 0 
0 0.507313 0 
0 0.507412 0 
0 0.507447 0 
0 0.507478 0 
0 0.507514 0 
0 0.50753 0 
0 0.507575 0 
0 0.507583 0 
0 0.507708 0 
0 0.507716 0 
0 0.507735 0 
0 0.507759 0 
0 0.507768 0 
0 0.507792 0 
0 0.507848 0 
0 0.507892 0 
0 0.507899 0 
0 0.507933 0 
0 0.508005 0 
0 0.508038 0 
0 0.508041 0 
0 0.508094 0 
0 0.508185 0 
0 0.5082 0 
0 0.508319 0 
0 0.508398 0 
0 0.508422 0 
0 0.508446 0 
0 0.508453 0 
0 0.50852 0 
0 0.508539 0 
0 0.508605 0 
0 0.508714 0 
0 0.508753 0 
0 0.508955 0 
0 0.508982 0 
0 0.508994 0 
0 0.509031 0 
0 0.509076 0 
0 0.509102 0 
0 0.509157 0 
0 0.509184 0 
0 0.509224 0 
0 0.509273 0 
0 0.509354 0 
0 0.509402 0 
0 0.509503 0 
0 0.509541 0 
0 0.509574 0 
0 0.509599 0 
0 0.509661 0 
0 0.509719 0 
0 0.509736 0 
0 0.509783 0 
0 0.509856 0 
0 0.510002 0 
0 0.510194 0 
0 0.510402 0 
0 0.510553 0 
0 0.510749 0 
0 0.51088 0 
0 0.510959 0 
0 0.511266 0 
0 0.512213 0 
0 0.512541 0 
0 inf 0 
0 0.189644 1 
0 0.19159 1 
0 0.191771 1 
0 0.192624 1 
0 0.193749 1 
0 0.193775 1 
0 0.194031 1 
0 0.194142 1 
0 0.194483 1 
0 0.194523 1 
0 0.194651 1 
0 0.194972 1 
0 0.195027 1 
0 0.195146 1 
0 0.195253 1 
0 0.195265 1 
0 0.195355 1 
0 0.195384 1 
0 0.195493 1 
0 0.195782 1 
0 0.196011 1 
0 0.196141 1 
0 0.196331 1 
0 0.196449 1 
0 0.196499 1 
0 0.19662 1 
0 0.196628 1 
0 0.19664 1 
0 0.196721 1 
0 0.196746 1 
0 0.196754 1 
0 0.196765 1 
0 0.196828 1 
0 0.196961 1 
0 0.196991 1 
0 0.197009 1 
0 0.197069 1 
0 0.197094 1 
0 0.197227 1 
0 0.197347 1 
0 0.197406 1 
0 0.197453 1 
0 0.197545 1 
0 0.197559 1 
0 0.197608 1 
0 0.197767 1 
0 0.197811 1 
0 0.197818 1 
0 0.197829 1 
0 0.197885 1 
0 0.197909 1 
0 0.198068 1 
0 0.198193 1 
0 0.198196 1 
0 0.198299 1 
0 0.198349 1 
0 0.198385 1 
0 0.198443 1 
0 0.198544 1 
0 0.198577 1 
0 0.198662 1 
0 0.198684 1 
0 0.198685 1 
0 0.198709 1 
0 0.198789 1 
0 0.198812 1 
0 0.198849 1 
0 0.198869 1 
0 0.198917 1 
0 0.19892 1 
0 0.198975 1 
0 0.199004 1 
0 0.199074 1 
0 0.199132 1 
0 0.199146 1 
0 0.199298 1 
0 0.199344 1 
0 0.19938 1 
0 0.199409 1 
0 0.199512 1 
0 0.199522 1 
0 0.199526 1 
0 0.199568 1 
0 0.19961 1 
0 0.199656 1 
0 0.199733 1 
0 0.199794 1 
0 0.199798 1 
0 0.1998 1 
0 0.19991 1 
0 0.200096 1 
0 0.20011 1 
0 0.200122 1 
0 0.200124 1 
0 0.200167 1 
0 0.200242 1 
0 0.200347 1 
0 0.200367 1 
0 0.20039 1 
0 0.200407 1 
0 0.200553 1 
0 0.200638 1 
0 0.200683 1 
0 0.200765 1 
0 0.200802 1 
0 0.201087 1 
0 0.201374 1 
0 0.201397 1 
0 0.201535 1 
0 0.201736 1 
0 0.201879 1 
0 0.20203 1 
0 0.202089 1 
0 0.202115 1 
0 0.202417 1 
0 0.202524 1 
0 0.202757 1 
0 0.202877 1 
0 0.202921 1 
0 0.203076 1 
0 0.203143 1 
0 0.20333 1 
0 0.203989 1 
0 0.204103 1 
0 0.204223 1 
0 0.205989 1 
0 0.206595 1 
0 inf 1 
0 0.0764281 2 
0 0.0783944 2 
0 0.0790264 2 
0 0.0792127 2 
0 0.079295 2 
0 0.0800389 2 
0 0.0800998 2 
0 0.0801357 2 
0 0.0801412 2 
0 0.0803629 2 
0 0.0804517 2 
0 0.0804536 2 
0 0.0805379 2 
0 0.0805627 2 
0 0.0806159 2 
0 0.0807218 2 
0 0.0809362 2 
0 0.0810301 2 
0 0.0810647 2 
0 0.0810717 2 
0 0.0811974 2 
0 0.0812129 2 
0 0.081257 2 
0 0.0812611 2 
0 0.0813337 2 
0 0.0815183 2 
0 0.0816058 2 
0 0.0818635 2 
0 0.0818981 2 
0 0.0819111 2 
0 0.0822529 2 
0 0.0823964 2 
0 0.0823998 2 
0 0.0824494 2 
0 0.0824848 2 
0 0.0825063 2 
0 0.0825473 2 
0 0.0825861 2 
0 0.082598 2 
0 0.0826435 2 
0 0.0826915 2 
0 0.0827085 2 
0 0.0828387 2 
0 0.0828734 2 
0 0.0828973 2 
0 0.0829793 2 
0 0.0829924 2 
0 0.083068 2 
0 0.0830768 2 
0 0.0830953 2 
0 0.0830955 2 
0 0.0831019 2 
0 0.0831459 2 
0 0.0831882 2 
0 0.0833777 2 
0 0.0833797 2 
0 0.083382 2 
0 0.0834284 2 
0 0.0834473 2 
0 0.0834503 2 
0 0.0834707 2 
0 0.0835141 2 
0 0.0835271 2 
0 0.0835499 2 
0 0.0836165 2 
0 0.0836279 2 
0 0.0836541 2 
0 0.0838009 2 
0 0.083835 2 
0 0.0838911 2 
0 0.0839558 2 
0 0.0840799 2 
0 0.0841232 2 
0 0.0841318 2 
0 0.0841345 2 
0 0.0841511 2 
0 0.084185 2 
0 0.0842608 2 
0 0.0842633 2 
0 0.0843048 2 
0 0.0844031 2 
0 0.0844035 2 
0 0.0844565 2 
0 0.0844631 2 
0 0.08457 2 
0 0.084688 2 
0 0.08475 2 
0 0.0848225 2 
0 0.0848916 2 
0 0.084908 2 
0 0.0849112 2 
0 0.0849135 2 
0 0.0849703 2 
0 0.0849805 2 
0 0.0853051 2 
0 0.0853654 2 
0 0.0853961 2 
0 0.0855004 2 
0 0.0855647 2 
0 0.0859927 2 
0 0.086054 2 
0 0.0860978 2 
0 0.0861558 2 
0 0.0862103 2 
0 0.0862941 2 
0 0.0863346 2 
0 0.0864601 2 
0 0.0866924 2 
0 0.086743 2 
0 0.0867703 2 
0 0.0869332 2 
0 0.0870736 2 
0 0.087244 2 
0 0.0873048 2 
0 0.0873303 2 
0 0.0873568 2 
0 0.0874933 2 
0 0.0877274 2 
0 0.0881902 2 
0 0.0885882 2 
0 0.0885895 2 
0 0.0887585 2 
0 0.0901227 2 
0 0.090773 2 
0 0.0908646 2 
0 0.0918225 2 
0 0.0940838 2 
0 inf 2 
0 0.0325003 3 
0 0.0339504 3 
0 0.0341165 3 
0 0.034403 3 
0 0.0346701 3 
0 0.0347102 3 
0 0.0348046 3 
0 0.0349806 3 
0 0.0350538 3 
0 0.0351303 3 
0 0.0352209 3 
0 0.035245 3 
0 0.0353164 3 
0 0.0353749 3 
0 0.0354153 3 
0 0.0355582 3 
0 0.035635 3 
0 0.0356701 3 
0 0.0356738 3 
0 0.0358923 3 
0 0.0358951 3 
0 0.0359105 3 
0 0.0359124 3 
0 0.0360894 3 
0 0.0361338 3 
0 0.0362138 3 
0 0.0362729 3 
0 0.036274 3 
0 0.0363957 3 
0 0.0364541 3 
0 0.0365805 3 
0 0.0366017 3 
0 0.0366285 3 
0 0.0367044 3 
0 0.0367328 3 
0 0.0367452 3 
0 0.03678 3 
0 0.0367876 3 
0 0.0367991 3 
0 0.0368173 3 
0 0.0368218 3 
0 0.0368391 3 
0 0.0368779 3 
0 0.0369321 3 
0 0.0369683 3 
0 0.0369721 3 
0 0.037019 3 
0 0.0370239 3 
0 0.0372157 3 
0 0.0372511 3 
0 0.0372518 3 
0 0.037277 3 
0 0.0372793 3 
0 0.0373041 3 
0 0.0373085 3 
0 0.0373504 3 
0 0.0373737 3 
0 0.0374288 3 
0 0.0374357 3 
0 0.0374417 3 
0 0.0374866 3 
0 0.0375081 3 
0 0.0375651 3 
0 0.0376521 3 
0 0.0376616 3 
0 0.0376623 3 
0 0.03769 3 
0 0.0377093 3 
0 0.0377285 3 
0 0.0377608 3 
0 0.0378291 3 
0 0.0378397 3 
0 0.0379171 3 
0 0.0379501 3 
0 0.0379567 3 
0 0.0379687 3 
0 0.0379879 3 
0 0.0380463 3 
0 0.0380695 3 
0 0.0381075 3 
0 0.03812 3 
0 0.0382306 3 
0 0.0382672 3 
0 0.0382824 3 
0 0.0383436 3 
0 0.03845 3 
0 0.0385489 3 
0 0.0385745 3 
0 0.0385862 3 
0 0.0386478 3 
0 0.0387298 3 
0 0.0387378 3 
0 0.0388844 3 
0 0.039008 3 
0 0.0391482 3 
0 0.0391656 3 
0 0.0391945 3 
0 0.0392472 3 
0 0.0392782 3 
0 0.0392915 3 
0 0.0394118 3 
0 0.0394466 3 
0 0.0395339 3 
0 0.0396237 3 
0 0.0396347 3 
0 0.0397105 3 
0 0.0398037 3 
0 0.0398223 3 
0 0.039839 3 
0 0.0398477 3 
0 0.0399125 3 
0 0.0400109 3 
0 0.0401577 3 
0 0.0403224 3 
0 0.0403581 3 
0 0.0405787 3 
0 0.0409758 3 
0 0.0409994 3 
0 0.0410417 3 
0 0.0411517 3 
0 0.0415437 3 
0 0.041678 3 
0 0.0426584 3 
0 0.0443811 3 
0 0.0443857 3 
0 0.045721 3 
0 0.0464678 3 
0 inf 3 
0 0.0144517 4 
0 0.0155916 4 
0 0.01561 4 
0 0.0156723 4 
0 0.0157119 4 
0 0.0159078 4 
0 0.0159603 4 
0 0.0159784 4 
0 0.0160156 4 
0 0.01603 4 
0 0.0161004 4 
0 0.0161689 4 
0 0.0161934 4 
0 0.0163351 4 
0 0.0164998 4 
0 0.0165018 4 
0 0.0165124 4 
0 0.0165335 4 
0 0.016578 4 
0 0.0165962 4 
0 0.0166127 4 
0 0.0166462 4 
0 0.0166797 4 
0 0.0167222 4 
0 0.0167292 4 
0 0.0168989 4 
0 0.0169178 4 
0 0.0169676 4 
0 0.0170539 4 
0 0.0170647 4 
0 0.0171208 4 
0 0.017132 4 
0 0.0171409 4 
0 0.0172629 4 
0 0.0172634 4 
0 0.017299 4 
0 0.0173115 4 
0 0.0173148 4 
0 0.0173296 4 
0 0.0173434 4 
0 0.0173673 4 
0 0.0173929 4 
0 0.0174664 4 
0 0.0174872 4 
0 0.0175208 4 
0 0.0175443 4 
0 0.0175696 4 
0 0.0175849 4 
0 0.0175852 4 
0 0.0175954 4 
0 0.0176243 4 
0 0.0176246 4 
0 0.0177009 4 
0 0.0177299 4 
0 0.0177689 4 
0 0.0177749 4 
0 0.0178091 4 
0 0.0178485 4 
0 0.0178707 4 
0 0.0178847 4 
0 0.0178907 4 
0 0.0179141 4 
0 0.01794 4 
0 0.0179447 4 
0 0.0179485 4 
0 0.0179604 4 
0 0.0179783 4 
0 0.0179791 4 
0 0.0179808 4 
0 0.018 4 
0 0.0180147 4 
0 0.018021 4 
0 0.0180434 4 
0 0.0180467 4 
0 0.0180751 4 
0 0.0181066 4 
0 0.0181338 4 
0 0.0181363 4 
0 0.0182481 4 
0 0.018265 4 
0 0.0182997 4 
0 0.0183557 4 
0 0.0183925 4 
0 0.0184926 4 
0 0.0185077 4 
0 0.0185242 4 
0 0.0185396 4 
0 0.0185585 4 
0 0.0185904 4 
0 0.0186643 4 
0 0.0186691 4 
0 0.0186833 4 
0 0.0187153 4 
0 0.0187405 4 
0 0.0187551 4 
0 0.018785 4 
0 0.0188356 4 
0 0.0188391 4 
0 0.0188914 4 
0 0.0189032 4 
0 0.0189259 4 
0 0.0189948 4 
0 0.0190629 4 
0 0.0190697 4 
0 0.019131 4 
0 0.0191411 4 
0 0.0191505 4 
0 0.0192621 4 
0 0.0194381 4 
0 0.0194547 4 
0 0.0195711 4 
0 0.0197141 4 
0 0.0198902 4 
0 0.019904 4 
0 0.0199507 4 
0 0.0202333 4 
0 0.020346 4 
0 0.0205068 4 
0 0.0205883 4 
0 0.0206523 4 
0 0.0209221 4 
0 0.0211776 4 
0 0.0212153 4 
0 0.0228877 4 
0 0.023163 4 
0 0.024441 4 
0 0.024836 4 
0 inf 4 
0 0.00667585 5 
0 0.00734847 5 
0 0.00738054 5 
0 0.00751906 5 
0 0.00755941 5 
0 0.00756617 5 
0 0.00757686 5 
0 0.00761093 5 
0 0.00774705 5 
0 0.00780313 5 
0 0.00781373 5 
0 0.00781637 5 
0 0.00781902 5 
0 0.00782395 5 
0 0.0078794 5 
0 0.00793175 5 
0 0.00794063 5 
0 0.00796043 5 
0 0.00796911 5 
0 0.00799018 5 
0 0.00804044 5 
0 0.00809809 5 
0 0.00812198 5 
0 0.00817256 5 
0 0.00819358 5 
0 0.0082326 5 
0 0.00825335 5 
0 0.00825387 5 
0 0.00827555 5 
0 0.00829217 5 
0 0.00832432 5 
0 0.00835838 5 
0 0.00836126 5 
0 0.00838759 5 
0 0.00839608 5 
0 0.00840925 5 
0 0.00846558 5 
0 0.00847414 5 
0 0.00848554 5 
0 0.00849268 5 
0 0.00859651 5 
0 0.00862135 5 
0 0.00868001 5 
0 0.00868262 5 
0 0.00871126 5 
0 0.00872715 5 
0 0.00874112 5 
0 0.00874306 5 
0 0.00874936 5 
0 0.00876407 5 
0 0.00876725 5 
0 0.00880044 5 
0 0.0088032 5 
0 0.00881057 5 
0 0.00882014 5 
0 0.00884944 5 
0 0.00885842 5 
0 0.00888248 5 
0 0.00888777 5 
0 0.00891641 5 
0 0.00892698 5 
0 0.00895653 5 
0 0.00895824 5 
0 0.0090148 5 
0 0.00902563 5 
0 0.00904069 5 
0 0.00904255 5 
0 0.00905101 5 
0 0.00905993 5 
0 0.00906323 5 
0 0.00908286 5 
0 0.0090832 5 
0 0.00911936 5 
0 0.00912749 5 
0 0.0091356 5 
0 0.00913813 5 
0 0.00916348 5 
0 0.00917288 5 
0 0.009177 5 
0 0.00922952 5 
0 0.00924112 5 
0 0.00924856 5 
0 0.00926111 5 
0 0.00926784 5 
0 0.00929124 5 
0 0.0093356 5 
0 0.00934019 5 
0 0.00937535 5 
0 0.0093836 5 
0 0.0094016 5 
0 0.00940538 5 
0 0.00940923 5 
0 0.00941069 5 
0 0.00941971 5 
0 0.0094215 5 
0 0.00943004 5 
0 0.00950368 5 
0 0.00962435 5 
0 0.00963623 5 
0 0.0096553 5 
0 0.00965871 5 
0 0.00967352 5 
0 0.00972055 5 
0 0.00972553 5 
0 0.00976563 5 
0 0.00987318 5 
0 0.00994274 5 
0 0.00996312 5 
0 0.00999249 5 
0 0.00999557 5 
0 0.00999616 5 
0 0.0100055 5 
0 0.0100127 5 
0 0.0102584 5 
0 0.010279 5 
0 0.0103978 5 
0 0.0104366 5 
0 0.0104813 5 
0 0.0106288 5 
0 0.0108123 5 
0 0.0110918 5 
0 0.0111241 5 
0 0.0113134 5 
0 0.0122388 5 
0 0.0123957 5 
0 0.0133416 5 
0 0.0139569 5 
0 inf 5 
0 0.00319572 6 
0 0.00355958 6 
0 0.0035963 6 
0 0.00361212 6 
0 0.00369269 6 
0 0.00369327 6 
0 0.00379929 6 
0 0.00385696 6 
0 0.00386189 6 
0 0.00387494 6 
0 0.00389199 6 
0 0.00389932 6 
0 0.00390365 6 
0 0.00395513 6 
0 0.00398453 6 
0 0.00398852 6 
0 0.00399843 6 
0 0.00403482 6 
0 0.00403929 6 
0 0.0040542 6 
0 0.00406824 6 
0 0.00409409 6 
0 0.00415599 6 
0 0.00416031 6 
0 0.00416081 6 
0 0.00417287 6 
0 0.00417594 6 
0 0.00418264 6 
0 0.00420519 6 
0 0.00420555 6 
0 0.00421283 6 
0 0.00422153 6 
0 0.00424803 6 
0 0.00425208 6 
0 0.00426901 6 
0 0.00428312 6 
0 0.00428842 6 
0 0.00430523 6 
0 0.00438432 6 
0 0.00440941 6 
0 0.00441454 6 
0 0.00442414 6 
0 0.00442961 6 
0 0.00443647 6 
0 0.00444752 6 
0 0.00446973 6 
0 0.00448861 6 
0 0.00449071 6 
0 0.00449624 6 
0 0.00450023 6 
0 0.00451065 6 
0 0.00451901 6 
0 0.00452487 6 
0 0.00453972 6 
0 0.00454463 6 
0 0.00459245 6 
0 0.00459329 6 
0 0.00462936 6 
0 0.00462961 6 
0 0.0046367 6 
0 0.00464181 6 
0 0.00464569 6 
0 0.00464822 6 
0 0.00467689 6 
0 0.00469132 6 
0 0.00470145 6 
0 0.0047112 6 
0 0.00471229 6 
0 0.00472069 6 
0 0.00472461 6 
0 0.00473253 6 
0 0.0047401 6 
0 0.00474988 6 
0 0.00476551 6 
0 0.00476929 6 
0 0.00476965 6 
0 0.00481335 6 
0 0.00482281 6 
0 0.00482892 6 
0 0.00483408 6 
0 0.00484599 6 
0 0.00486023 6 
0 0.00487714 6 
0 0.00487774 6 
0 0.00488904 6 
0 0.00489096 6 
0 0.00490518 6 
0 0.0049061 6 
0 0.00491369 6 
0 0.00492582 6 
0 0.00495283 6 
0 0.00495442 6 
0 0.00496078 6 
0 0.00496762 6 
0 0.00497227 6 
0 0.00500746 6 
0 0.00507321 6 
0 0.00507615 6 
0 0.00507631 6 
0 0.00508211 6 
0 0.00509575 6 
0 0.00514042 6 
0 0.00516765 6 
0 0.005182 6 
0 0.00519058 6 
0 0.00519836 6 
0 0.00521762 6 
0 0.00526498 6 
0 0.00528119 6 
0 0.00528705 6 
0 0.00531188 6 
0 0.00538629 6 
0 0.00538863 6 
0 0.00549086 6 
0 0.00564332 6 
0 0.00564982 6 
0 0.00573485 6 
0 0.00579766 6 
0 0.00582617 6 
0 0.005886 6 
0 0.0059429 6 
0 0.00641963 6 
0 0.00642667 6 
0 0.00673376 6 
0 0.00699026 6 
0 0.00778468 6 
0 0.0080089 6 
0 inf 6 
0 0.0015883 7 
0 0.00177163 7 
0 0.00178077 7 
0 0.00181446 7 
0 0.00183315 7 
0 0.00185289 7 
0 0.00190819 7 
0 0.00192492 7 
0 0.00197153 7 
0 0.00201105 7 
0 0.0020127 7 
0 0.0020403 7 
0 0.00205484 7 
0 0.00205861 7 
0 0.00208821 7 
0 0.00210897 7 
0 0.00211429 7 
0 0.00211903 7 
0 0.00212664 7 
0 0.00212957 7 
0 0.00213275 7 
0 0.00213716 7 
0 0.00213822 7 
0 0.00214462 7 
0 0.0021467 7 
0 0.00215697 7 
0 0.00216542 7 
0 0.00217747 7 
0 0.00218525 7 
0 0.00219635 7 
0 0.00220975 7 
0 0.00221189 7 
0 0.00221407 7 
0 0.00223178 7 
0 0.00224419 7 
0 0.0022721 7 
0 0.00227503 7 
0 0.0022813 7 
0 0.00228468 7 
0 0.00230258 7 
0 0.0023086 7 
0 0.0023173 7 
0 0.00232146 7 
0 0.00232659 7 
0 0.00233908 7 
0 0.00234217 7 
0 0.0023695 7 
0 0.00237436 7 
0 0.00237451 7 
0 0.00240335 7 
0 0.0024204 7 
0 0.00242194 7 
0 0.00244435 7 
0 0.00245091 7 
0 0.00245958 7 
0 0.00247222 7 
0 0.00247978 7 
0 0.0024853 7 
0 0.00248872 7 
0 0.00250645 7 
0 0.00250803 7 
0 0.00251796 7 
0 0.00251833 7 
0 0.00252117 7 
0 0.0025212 7 
0 0.00252502 7 
0 0.00252531 7 
0 0.002529 7 
0 0.00253645 7 
0 0.00253822 7 
0 0.0025392 7 
0 0.0025453 7 
0 0.00254848 7 
0 0.00255086 7 
0 0.00255752 7 
0 0.00257832 7 
0 0.0025826 7 
0 0.00259559 7 
0 0.0026026 7 
0 0.00260338 7 
0 0.00261164 7 
0 0.00261763 7 
0 0.00261767 7 
0 0.00261912 7 
0 0.00262084 7 
0 0.0026376 7 
0 0.00265664 7 
0 0.00266719 7 
0 0.00267228 7 
0 0.00267719 7 
0 0.0027044 7 
0 0.00272914 7 
0 0.0027381 7 
0 0.00273946 7 
0 0.00274237 7 
0 0.00277636 7 
0 0.00279942 7 
0 0.00280596 7 
0 0.00281833 7 
0 0.0028275 7 
0 0.00283124 7 
0 0.0028323 7 
0 0.00288727 7 
0 0.00288741 7 
0 0.00288906 7 
0 0.00289262 7 
0 0.00290666 7 
0 0.00292083 7 
0 0.00293429 7 
0 0.00300675 7 
0 0.00302375 7 
0 0.00304506 7 
0 0.00307256 7 
0 0.003113 7 
0 0.00316342 7 
0 0.00319194 7 
0 0.0032694 7 
0 0.00329322 7 
0 0.00334607 7 
0 0.00337749 7 
0 0.0034002 7 
0 0.00341809 7 
0 0.00384592 7 
0 0.00384852 7 
0 0.00395166 7 
0 0.00480422 7 
0 0.00481517 7 
0 inf 7 
0 0.000823919 8 
0 0.000886758 8 
0 0.000923146 8 
0 0.000926949 8 
0 0.000947136 8 
0 0.000955946 8 
0 0.000976567 8 
0 0.000993776 8 
0 0.00104493 8 
0 0.00106983 8 
0 0.00108521 8 
0 0.00109826 8 
0 0.00110234 8 
0 0.00110761 8 
0 0.00111075 8 
0 0.00111654 8 
0 0.00112126 8 
0 0.00112299 8 
0 0.00113418 8 
0 0.00113444 8 
0 0.00114127 8 
0 0.00115622 8 
0 0.00115757 8 
0 0.00116582 8 
0 0.00117063 8 
0 0.00117169 8 
0 0.00117899 8 
0 0.00118024 8 
0 0.00119138 8 
0 0.00119486 8 
0 0.00119504 8 
0 0.0011962 8 
0 0.00119886 8 
0 0.00119967 8 
0 0.00121298 8 
0 0.00121485 8 
0 0.00121646 8 
0 0.00121961 8 
0 0.00122779 8 
0 0.00123309 8 
0 0.00124668 8 
0 0.00125852 8 
0 0.00126087 8 
0 0.00126293 8 
0 0.00127 8 
0 0.00127707 8 
0 0.00127948 8 
0 0.00128117 8 
0 0.0012815 8 
0 0.00129102 8 
0 0.00131064 8 
0 0.00131966 8 
0 0.00133189 8 
0 0.00134302 8 
0 0.00134596 8 
0 0.00134738 8 
0 0.00135579 8 
0 0.00135919 8 
0 0.00136035 8 
0 0.00136681 8 
0 0.00137469 8 
0 0.00138288 8 
0 0.00138446 8 
0 0.00138545 8 
0 0.0013896 8 
0 0.00139167 8 
0 0.00140126 8 
0 0.00141021 8 
0 0.00141227 8 
0 0.00142696 8 
0 0.00142784 8 
0 0.00142845 8 
0 0.00143981 8 
0 0.00144071 8 
0 0.00144145 8 
0 0.00144359 8 
0 0.00144616 8 
0 0.00145122 8 
0 0.00145254 8 
0 0.00145733 8 
0 0.0014685 8 
0 0.00147379 8 
0 0.00147429 8 
0 0.00148026 8 
0 0.00148607 8 
0 0.00149703 8 
0 0.00150321 8 
0 0.00150699 8 
0 0.00152501 8 
0 0.00152834 8 
0 0.00153137 8 
0 0.00153204 8 
0 0.00153235 8 
0 0.00153783 8 
0 0.00154268 8 
0 0.00154311 8 
0 0.00156005 8 
0 0.00159069 8 
0 0.00159263 8 
0 0.00159868 8 
0 0.00161525 8 
0 0.00164327 8 
0 0.00165161 8 
0 0.0016583 8 
0 0.00166759 8 
0 0.00168179 8 
0 0.00169377 8 
0 0.00170443 8 
0 0.00171381 8 
0 0.001717 8 
0 0.00172076 8 
0 0.00172184 8 
0 0.00173865 8 
0 0.00173978 8 
0 0.00176345 8 
0 0.00177184 8 
0 0.00182376 8 
0 0.00187801 8 
0 0.00188217 8 
0 0.00192333 8 
0 0.00198709 8 
0 0.00207542 8 
0 0.00216734 8 
0 0.00227121 8 
0 0.00229337 8 
0 0.00299978 8 
0 0.00308401 8 
0 inf 8 
0 0.000448709 9 
0 0.000453896 9 
0 0.000477029 9 
0 0.000498723 9 
0 0.000507394 9 
0 0.000508075 9 
0 0.000511463 9 
0 0.000538693 9 
0 0.000560239 9 
0 0.000576291 9 
0 0.000584233 9 
0 0.000586248 9 
0 0.000594478 9 
0 0.000613847 9 
0 0.000615879 9 
0 0.000616051 9 
0 0.000617659 9 
0 0.000620781 9 
0 0.000622195 9 
0 0.000623108 9 
0 0.000625627 9 
0 0.000628817 9 
0 0.000629961 9 
0 0.000642158 9 
0 0.000646095 9 
0 0.000646993 9 
0 0.000648427 9 
0 0.000649639 9 
0 0.000652247 9 
0 0.000653956 9 
0 0.000661858 9 
0 0.000662237 9 
0 0.000671832 9 
0 0.000677337 9 
0 0.000678597 9 
0 0.000683615 9 
0 0.000683942 9 
0 0.000687052 9 
0 0.000691394 9 
0 0.000691808 9 
0 0.000693366 9 
0 0.000710664 9 
0 0.000712141 9 
0 0.000713175 9 
0 0.000713657 9 
0 0.000714824 9 
0 0.000719538 9 
0 0.000720473 9 
0 0.000720659 9 
0 0.000720729 9 
0 0.000726663 9 
0 0.000726817 9 
0 0.000729243 9 
0 0.00073074 9 
0 0.000736816 9 
0 0.000748438 9 
0 0.000761996 9 
0 0.00076949 9 
0 0.00077037 9 
0 0.00077712 9 
0 0.000778627 9 
0 0.000782252 9 
0 0.000795163 9 
0 0.000796282 9 
0 0.000796384 9 
0 0.000800481 9 
0 0.000801961 9 
0 0.000809244 9 
0 0.000810471 9 
0 0.000816486 9 
0 0.000818209 9 
0 0.000821926 9 
0 0.000824188 9 
0 0.000824943 9 
0 0.000831173 9 
0 0.000833438 9 
0 0.000842223 9 
0 0.000843623 9 
0 0.000845293 9 
0 0.000847916 9 
0 0.000852162 9 
0 0.000853793 9 
0 0.000854962 9 
0 0.000855669 9 
0 0.000857777 9 
0 0.000857922 9 
0 0.00085991 9 
0 0.000860051 9 
0 0.000868661 9 
0 0.000880461 9 
0 0.00088202 9 
0 0.000885937 9 
0 0.000886369 9 
0 0.000895473 9 
0 0.000898499 9 
0 0.000940189 9 
0 0.000940679 9 
0 0.000941851 9 
0 0.000942355 9 
0 0.000947524 9 
0 0.000952456 9 
0 0.000957138 9 
0 0.000959297 9 
0 0.000972582 9 
0 0.000979198 9 
0 0.000981426 9 
0 0.000984191 9 
0 0.000984742 9 
0 0.000984804 9 
0 0.000991934 9 
0 0.00100856 9 
0 0.00101844 9 
0 0.00103621 9 
0 0.00104258 9 
0 0.0010444 9 
0 0.00106263 9 
0 0.00107876 9 
0 0.00108684 9 
0 0.00111282 9 
0 0.00113332 9 
0 0.00116799 9 
0 0.00122801 9 
0 0.00131612 9 
0 0.00136454 9 
0 0.00137968 9 
0 0.00191573 9 
0 0.00202713 9 
0 inf 9 
