0.524416 0.539798 0 
0.523402 0.540462 0 
0.522866 0.538841 0 
0.522657 0.540462 0 
0.522198 0.542382 0 
0.521985 0.54006 0 
0.521838 0.537554 0 
0.521813 0.541732 0 
0.521518 0.54006 0 
0.521487 0.542003 0 
0.521477 0.539686 0 
0.521349 0.54006 0 
0.52097 0.52243 0 
0.520877 0.543086 0 
0.5207 0.542192 0 
0.520389 0.538255 0 
0.520356 0.520686 0 
0.520282 0.543032 0 
0.520176 0.540739 0 
0.520054 0.543914 0 
0.519966 0.540568 0 
0.519828 0.544583 0 
0.519826 0.543072 0 
0.51979 0.519841 0 
0.519789 0.544253 0 
0.519788 0.541685 0 
0.519755 0.537554 0 
0.519744 0.542779 0 
0.519728 0.539798 0 
0.519622 0.541259 0 
0.519611 0.542536 0 
0.519598 0.543444 0 
0.519594 0.538545 0 
0.519593 0.543443 0 
0.519569 0.543838 0 
0.519489 0.541103 0 
0.519486 0.541045 0 
0.51948 0.543002 0 
0.519427 0.543949 0 
0.519423 0.543869 0 
0.519398 0.544727 0 
0.519376 0.542333 0 
0.519311 0.54376 0 
0.519252 0.539686 0 
0.519055 0.542575 0 
0.519023 0.519192 0 
0.518958 0.543179 0 
0.518943 0.541014 0 
0.518921 0.519612 0 
0.518875 0.542919 0 
0.518773 0.520289 0 
0.518682 0.545385 0 
0.518606 0.519342 0 
0.518542 0.543993 0 
0.518532 0.519795 0 
0.518481 0.542753 0 
0.518456 0.519261 0 
0.518411 0.545733 0 
0.51841 0.542003 0 
0.518354 0.519908 0 
0.518343 0.518546 0 
0.518342 0.544824 0 
0.518306 0.518349 0 
0.518297 0.543443 0 
0.518194 0.542575 0 
0.518166 0.518738 0 
0.518096 0.53761 0 
0.518078 0.544662 0 
0.518028 0.540737 0 
0.518027 0.518355 0 
0.517997 0.519323 0 
0.517963 0.518012 0 
0.517882 0.539798 0 
0.517861 0.540929 0 
0.51786 0.519539 0 
0.517825 0.543415 0 
0.517752 0.539695 0 
0.517739 0.542926 0 
0.517723 0.541619 0 
0.517714 0.539686 0 
0.517623 0.544212 0 
0.517613 0.544756 0 
0.51761 0.544007 0 
0.517606 0.540426 0 
0.517575 0.518243 0 
0.517488 0.54152 0 
0.517445 0.541192 0 
0.517425 0.521962 0 
0.517411 0.519072 0 
0.517406 0.518082 0 
0.517384 0.541411 0 
0.517379 0.546298 0 
0.517371 0.543861 0 
0.517308 0.518065 0 
0.517291 0.540645 0 
0.517285 0.519832 0 
0.517242 0.518991 0 
0.517217 0.520382 0 
0.51713 0.540929 0 
0.517079 0.51747 0 
0.517062 0.544331 0 
0.517058 0.539686 0 
0.517034 0.542972 0 
0.517029 0.542365 0 
0.516949 0.540807 0 
0.516897 0.518355 0 
0.516896 0.542443 0 
0.516882 0.543709 0 
0.516867 0.518135 0 
0.516867 0.541901 0 
0.516823 0.518037 0 
0.516793 0.540903 0 
0.516791 0.539695 0 
0.516664 0.516938 0 
0.516656 0.520905 0 
0.516649 0.518087 0 
0.51656 0.519841 0 
0.51656 0.520843 0 
0.516543 0.539798 0 
0.516486 0.521145 0 
0.516427 0.521957 0 
0.516393 0.516584 0 
0.516379 0.54367 0 
0.516378 0.541962 0 
0.51637 0.517117 0 
0.516367 0.544591 0 
0.516305 0.516885 0 
0.516279 0.546298 0 
0.51621 0.545217 0 
0.516194 0.540929 0 
0.51618 0.517326 0 
0.516179 0.51815 0 
0.516172 0.517362 0 
0.516161 0.544293 0 
0.516084 0.516305 0 
0.516055 0.516885 0 
0.516052 0.543187 0 
0.516042 0.518785 0 
0.516041 0.542553 0 
0.515999 0.539798 0 
0.515992 0.518401 0 
0.515924 0.518964 0 
0.51592 0.516916 0 
0.515859 0.515981 0 
0.515851 0.517705 0 
0.515831 0.518803 0 
0.515825 0.541669 0 
0.515795 0.538444 0 
0.51579 0.516834 0 
0.515733 0.518656 0 
0.515678 0.544705 0 
0.515665 0.541996 0 
0.515651 0.539695 0 
0.51564 0.542185 0 
0.515629 0.518536 0 
0.515613 0.543002 0 
0.515603 0.543445 0 
0.515597 0.516423 0 
0.51559 0.540737 0 
0.515572 0.543702 0 
0.51555 0.542138 0 
0.515524 0.518268 0 
0.515472 0.518665 0 
0.515464 0.540084 0 
0.515433 0.542382 0 
0.515371 0.520304 0 
0.515276 0.517691 0 
0.515268 0.515861 0 
0.515265 0.53858 0 
0.515212 0.539695 0 
0.515206 0.520326 0 
0.515186 0.51729 0 
0.515183 0.543345 0 
0.515172 0.521308 0 
0.51516 0.538255 0 
0.515155 0.542016 0 
0.515144 0.520222 0 
0.515124 0.518956 0 
0.515094 0.545495 0 
0.515083 0.545463 0 
0.515078 0.543139 0 
0.515039 0.518965 0 
0.515036 0.538545 0 
0.514983 0.54381 0 
0.514968 0.516458 0 
0.514967 0.546228 0 
0.514949 0.521308 0 
0.514931 0.518722 0 
0.514922 0.540021 0 
0.514904 0.520289 0 
0.514901 0.545288 0 
0.514891 0.517037 0 
0.514874 0.53761 0 
0.514873 0.541045 0 
0.514873 0.514955 0 
0.51487 0.540021 0 
0.51486 0.541909 0 
0.514854 0.543651 0 
0.514822 0.543445 0 
0.514787 0.540955 0 
0.514771 0.515086 0 
0.514768 0.518738 0 
0.514652 0.540737 0 
0.514651 0.520289 0 
0.514636 0.540402 0 
0.514624 0.518243 0 
0.514602 0.540737 0 
0.514601 0.515711 0 
0.514563 0.521684 0 
0.514536 0.539288 0 
0.514523 0.517529 0 
0.51445 0.518616 0 
0.51441 0.514893 0 
0.514397 0.539288 0 
0.514391 0.518991 0 
0.514311 0.54007 0 
0.514242 0.517303 0 
0.514235 0.538545 0 
0.514226 0.51459 0 
0.514196 0.517037 0 
0.514191 0.519123 0 
0.514183 0.54132 0 
0.514179 0.517544 0 
0.514106 0.52077 0 
0.5141 0.519542 0 
0.51408 0.538255 0 
0.514049 0.516116 0 
0.514019 0.514339 0 
0.513992 0.537554 0 
0.513991 0.515327 0 
0.513984 0.542553 0 
0.513933 0.540956 0 
0.513905 0.537554 0 
0.513893 0.517102 0 
0.513889 0.540082 0 
0.513878 0.543709 0 
0.513852 0.518616 0 
0.513809 0.519358 0 
0.513807 0.54006 0 
0.5138 0.518074 0 
0.513782 0.53761 0 
0.51377 0.516188 0 
0.513769 0.544838 0 
0.513623 0.540709 0 
0.513608 0.541344 0 
0.51357 0.544936 0 
0.51356 0.540807 0 
0.513527 0.538255 0 
0.513518 0.516531 0 
0.513494 0.546552 0 
0.513481 0.541304 0 
0.513448 0.519539 0 
0.513442 0.51958 0 
0.513435 0.538444 0 
0.513425 0.521495 0 
0.513416 0.520326 0 
0.51335 0.541901 0 
0.513347 0.544836 0 
0.513333 0.53761 0 
0.513317 0.516617 0 
0.513308 0.517026 0 
0.513296 0.514955 0 
0.513292 0.540568 0 
0.513291 0.540021 0 
0.51328 0.541704 0 
0.513221 0.540082 0 
0.51322 0.540402 0 
0.513186 0.544457 0 
0.513183 0.519418 0 
0.513179 0.537554 0 
0.513169 0.51961 0 
0.513164 0.54275 0 
0.51314 0.540737 0 
0.513136 0.545905 0 
0.513128 0.53858 0 
0.513103 0.540082 0 
0.513061 0.540084 0 
0.513052 0.538841 0 
0.51297 0.51729 0 
0.512968 0.545395 0 
0.512956 0.52182 0 
0.512952 0.516333 0 
0.512939 0.51813 0 
0.512929 0.537554 0 
0.512928 0.540462 0 
0.512886 0.541304 0 
0.512881 0.540084 0 
0.512876 0.543096 0 
0.512834 0.53858 0 
0.512809 0.541555 0 
0.512807 0.541909 0 
0.512782 0.541552 0 
0.512765 0.515124 0 
0.512738 0.519678 0 
0.512718 0.540251 0 
0.512718 0.540402 0 
0.512693 0.540929 0 
0.512692 0.542716 0 
0.512659 0.542192 0 
0.512642 0.540956 0 
0.512641 0.544786 0 
0.512609 0.519986 0 
0.512578 0.542574 0 
0.512477 0.540904 0 
0.512463 0.540402 0 
0.512432 0.540426 0 
0.512429 0.538444 0 
0.512415 0.540709 0 
0.512393 0.540904 0 
0.51234 0.540251 0 
0.512318 0.540807 0 
0.512304 0.543709 0 
0.512241 0.543659 0 
0.512233 0.543113 0 
0.512192 0.513038 0 
0.512177 0.544823 0 
0.512135 0.518965 0 
0.512093 0.540903 0 
0.51209 0.519986 0 
0.512083 0.515439 0 
0.512075 0.541259 0 
0.511972 0.538841 0 
0.511962 0.543833 0 
0.511958 0.543759 0 
0.511949 0.541719 0 
0.511945 0.540956 0 
0.511896 0.515224 0 
0.511896 0.540739 0 
0.511811 0.543789 0 
0.511807 0.544457 0 
0.511739 0.543415 0 
0.511714 0.542613 0 
0.511696 0.542972 0 
0.511597 0.54301 0 
0.511543 0.545738 0 
0.511519 0.520116 0 
0.5115 0.543912 0 
0.511465 0.513044 0 
0.511458 0.544124 0 
0.511456 0.542405 0 
0.511378 0.545077 0 
0.511376 0.541883 0 
0.511354 0.517337 0 
0.511294 0.544783 0 
0.511255 0.51151 0 
0.511251 0.541454 0 
0.511218 0.54495 0 
0.511217 0.545393 0 
0.511178 0.540462 0 
0.511142 0.542739 0 
0.511125 0.541259 0 
0.511078 0.542016 0 
0.511027 0.542575 0 
0.511002 0.511447 0 
0.510869 0.543179 0 
0.510821 0.543503 0 
0.510791 0.546403 0 
0.510675 0.545062 0 
0.510625 0.546224 0 
0.51062 0.544833 0 
0.510491 0.543105 0 
0.510328 0.540951 0 
0.510314 0.543869 0 
0.51017 0.543993 0 
0.510125 0.545463 0 
0.510019 0.544517 0 
0.5099 0.54715 0 
0.509721 0.512315 0 
0.509238 0.54749 0 
0.21877 0.229568 1 
0.218424 0.226563 1 
0.218277 0.228199 1 
0.218131 0.226243 1 
0.217592 0.230048 1 
0.217519 0.224145 1 
0.217512 0.227881 1 
0.21748 0.221959 1 
0.217371 0.226164 1 
0.217366 0.228529 1 
0.216949 0.226969 1 
0.216729 0.225891 1 
0.216728 0.228112 1 
0.2167 0.227297 1 
0.216611 0.224676 1 
0.216593 0.221043 1 
0.216524 0.229172 1 
0.21641 0.224678 1 
0.216285 0.221043 1 
0.216265 0.224611 1 
0.216106 0.227426 1 
0.216006 0.229393 1 
0.216 0.227821 1 
0.215955 0.230897 1 
0.215915 0.221043 1 
0.215895 0.226456 1 
0.215794 0.22299 1 
0.215614 0.220712 1 
0.215531 0.228141 1 
0.215469 0.227826 1 
0.215451 0.227315 1 
0.215379 0.225428 1 
0.215366 0.221959 1 
0.21533 0.224243 1 
0.215209 0.225769 1 
0.215186 0.224211 1 
0.215177 0.223622 1 
0.215088 0.226164 1 
0.215046 0.22739 1 
0.215038 0.22491 1 
0.214858 0.22609 1 
0.214839 0.227717 1 
0.214739 0.223376 1 
0.214664 0.218505 1 
0.214654 0.22257 1 
0.21464 0.223568 1 
0.214592 0.226094 1 
0.214591 0.225033 1 
0.21458 0.220712 1 
0.214468 0.225058 1 
0.21446 0.230051 1 
0.214387 0.226243 1 
0.214383 0.226121 1 
0.21429 0.220515 1 
0.214231 0.230956 1 
0.21417 0.227611 1 
0.214147 0.228516 1 
0.214144 0.228806 1 
0.214093 0.222404 1 
0.213974 0.229354 1 
0.213944 0.225846 1 
0.213847 0.223087 1 
0.213761 0.230123 1 
0.213724 0.231738 1 
0.213692 0.227739 1 
0.213643 0.214425 1 
0.213579 0.225824 1 
0.213534 0.227821 1 
0.213489 0.227647 1 
0.213475 0.225591 1 
0.213471 0.222537 1 
0.213468 0.22604 1 
0.213433 0.224176 1 
0.213362 0.221043 1 
0.213297 0.228902 1 
0.213219 0.229272 1 
0.213203 0.21835 1 
0.213199 0.220634 1 
0.21313 0.2243 1 
0.213062 0.227254 1 
0.213033 0.227143 1 
0.212989 0.22659 1 
0.212979 0.22618 1 
0.212969 0.221718 1 
0.212955 0.225061 1 
0.212946 0.227767 1 
0.212928 0.225829 1 
0.212923 0.225846 1 
0.212785 0.217525 1 
0.212752 0.221718 1 
0.2127 0.227368 1 
0.212675 0.227627 1 
0.212572 0.220634 1 
0.212471 0.212891 1 
0.212442 0.22432 1 
0.212404 0.223609 1 
0.2124 0.212831 1 
0.212384 0.218625 1 
0.212375 0.212732 1 
0.212309 0.228225 1 
0.212221 0.230257 1 
0.212206 0.228453 1 
0.212184 0.221374 1 
0.21214 0.229149 1 
0.212036 0.217525 1 
0.21199 0.22668 1 
0.211984 0.213648 1 
0.211977 0.225182 1 
0.211953 0.2243 1 
0.211936 0.224724 1 
0.211748 0.221635 1 
0.211681 0.226186 1 
0.211586 0.226667 1 
0.211545 0.211572 1 
0.211421 0.222331 1 
0.211416 0.228349 1 
0.211379 0.225829 1 
0.211372 0.226493 1 
0.211288 0.222003 1 
0.211262 0.224703 1 
0.211226 0.220713 1 
0.211212 0.21149 1 
0.211126 0.228464 1 
0.211107 0.211306 1 
0.211093 0.224411 1 
0.211059 0.211606 1 
0.210965 0.211699 1 
0.210958 0.227593 1 
0.210956 0.221879 1 
0.210944 0.220713 1 
0.210934 0.221043 1 
0.210893 0.218842 1 
0.210882 0.22594 1 
0.210872 0.221931 1 
0.210738 0.223743 1 
0.210688 0.227519 1 
0.210642 0.221879 1 
0.210573 0.211119 1 
0.210569 0.224511 1 
0.210565 0.228831 1 
0.210504 0.220713 1 
0.210493 0.22393 1 
0.210461 0.229074 1 
0.210444 0.221797 1 
0.210406 0.224511 1 
0.210361 0.211038 1 
0.210293 0.225041 1 
0.210036 0.221718 1 
0.210032 0.228225 1 
0.209938 0.221644 1 
0.209897 0.225061 1 
0.209886 0.218505 1 
0.209851 0.222642 1 
0.209817 0.21835 1 
0.209723 0.210454 1 
0.209704 0.225086 1 
0.209635 0.210347 1 
0.209552 0.211337 1 
0.209533 0.212073 1 
0.209476 0.225963 1 
0.20947 0.222609 1 
0.209363 0.212055 1 
0.209338 0.213132 1 
0.209307 0.21006 1 
0.209296 0.227012 1 
0.20929 0.231601 1 
0.209232 0.210411 1 
0.209165 0.214214 1 
0.209121 0.221374 1 
0.209084 0.226881 1 
0.209054 0.222632 1 
0.209051 0.210765 1 
0.20902 0.221462 1 
0.208979 0.226924 1 
0.208969 0.219734 1 
0.208966 0.220944 1 
0.208946 0.228523 1 
0.20893 0.228972 1 
0.208921 0.214302 1 
0.208885 0.211096 1 
0.208754 0.208964 1 
0.20873 0.223539 1 
0.208712 0.224678 1 
0.208627 0.213819 1 
0.208609 0.221462 1 
0.208609 0.221462 1 
0.208566 0.223227 1 
0.208479 0.2243 1 
0.20843 0.218625 1 
0.208428 0.220712 1 
0.208372 0.208738 1 
0.208347 0.227012 1 
0.208344 0.222686 1 
0.208319 0.209079 1 
0.208312 0.221462 1 
0.208261 0.208885 1 
0.20826 0.224961 1 
0.208256 0.219734 1 
0.208251 0.20906 1 
0.208091 0.210386 1 
0.208072 0.210404 1 
0.208039 0.224133 1 
0.208033 0.211803 1 
0.20801 0.208044 1 
0.207897 0.220634 1 
0.207818 0.218505 1 
0.207817 0.217525 1 
0.207804 0.209877 1 
0.207794 0.220712 1 
0.207791 0.208885 1 
0.207785 0.223838 1 
0.207651 0.221959 1 
0.207627 0.220634 1 
0.207627 0.207657 1 
0.207603 0.220639 1 
0.207467 0.221797 1 
0.207423 0.20964 1 
0.207375 0.221879 1 
0.207316 0.224853 1 
0.207252 0.208475 1 
0.207219 0.229093 1 
0.207211 0.222954 1 
0.207162 0.231727 1 
0.207153 0.218505 1 
0.207123 0.20851 1 
0.207102 0.221879 1 
0.207099 0.222331 1 
0.207091 0.210562 1 
0.20706 0.221959 1 
0.207051 0.210708 1 
0.207043 0.207943 1 
0.20704 0.210152 1 
0.207001 0.207649 1 
0.206987 0.227593 1 
0.206962 0.207023 1 
0.206941 0.226885 1 
0.206929 0.222335 1 
0.206918 0.208477 1 
0.206813 0.209265 1 
0.206801 0.211199 1 
0.206782 0.222371 1 
0.206773 0.225086 1 
0.206771 0.224961 1 
0.206764 0.225196 1 
0.206697 0.227832 1 
0.206678 0.22257 1 
0.206637 0.209422 1 
0.206593 0.230052 1 
0.206576 0.224243 1 
0.206549 0.206641 1 
0.20653 0.20971 1 
0.206498 0.208435 1 
0.206478 0.210518 1 
0.20647 0.20897 1 
0.206463 0.207649 1 
0.206386 0.225428 1 
0.206378 0.208054 1 
0.206377 0.206757 1 
0.20637 0.221374 1 
0.206367 0.211149 1 
0.206333 0.219395 1 
0.206285 0.220944 1 
0.206263 0.22331 1 
0.206185 0.206801 1 
0.206141 0.22299 1 
0.206131 0.225981 1 
0.206093 0.214526 1 
0.206048 0.207023 1 
0.206045 0.210366 1 
0.206036 0.207209 1 
0.205926 0.208403 1 
0.205908 0.21335 1 
0.20586 0.206038 1 
0.205828 0.210546 1 
0.205793 0.210759 1 
0.205777 0.223437 1 
0.205768 0.222538 1 
0.205608 0.209334 1 
0.205545 0.222734 1 
0.205529 0.211063 1 
0.20549 0.221644 1 
0.20546 0.219395 1 
0.205441 0.209087 1 
0.205367 0.222954 1 
0.205317 0.208329 1 
0.20531 0.21835 1 
0.2053 0.218625 1 
0.20524 0.205336 1 
0.205206 0.223227 1 
0.2052 0.220639 1 
0.205164 0.211199 1 
0.205146 0.218842 1 
0.20513 0.218625 1 
0.205112 0.211747 1 
0.2051 0.207569 1 
0.205098 0.210912 1 
0.205084 0.209139 1 
0.204997 0.226094 1 
0.204969 0.211167 1 
0.204968 0.212162 1 
0.204943 0.209192 1 
0.204942 0.222413 1 
0.204899 0.221931 1 
0.204894 0.211716 1 
0.204891 0.220515 1 
0.204765 0.224243 1 
0.20473 0.224133 1 
0.204712 0.207874 1 
0.204676 0.222404 1 
0.204667 0.210509 1 
0.204661 0.205075 1 
0.204638 0.213111 1 
0.204496 0.222371 1 
0.204423 0.221879 1 
0.204389 0.217525 1 
0.204324 0.219395 1 
0.204255 0.20899 1 
0.204244 0.217525 1 
0.204236 0.204383 1 
0.20421 0.222331 1 
0.204194 0.224211 1 
0.204145 0.220639 1 
0.204125 0.218842 1 
0.204103 0.222686 1 
0.204076 0.217525 1 
0.204033 0.225428 1 
0.204033 0.22393 1 
0.204027 0.221797 1 
0.203955 0.210231 1 
0.203811 0.227709 1 
0.20363 0.204461 1 
0.203492 0.226563 1 
0.203428 0.225781 1 
0.203339 0.226164 1 
0.203255 0.220515 1 
0.201638 0.204002 1 
0.103512 0.10427 2 
0.102273 0.102689 2 
0.101696 0.10236 2 
0.10158 0.103033 2 
0.101219 0.102756 2 
0.101101 0.101468 2 
0.101063 0.102374 2 
0.100997 0.103795 2 
0.100833 0.103752 2 
0.100434 0.104789 2 
0.100092 0.10088 2 
0.0999379 0.103109 2 
0.0998062 0.101849 2 
0.0997496 0.100622 2 
0.099678 0.102484 2 
0.0995768 0.101531 2 
0.0994728 0.101405 2 
0.0994608 0.104508 2 
0.0993549 0.104497 2 
0.099175 0.102763 2 
0.0991188 0.0996974 2 
0.0990218 0.100367 2 
0.0989044 0.102103 2 
0.0988555 0.0991182 2 
0.0985986 0.105019 2 
0.0985837 0.0992304 2 
0.0984673 0.101108 2 
0.0984504 0.0992304 2 
0.0983913 0.101389 2 
0.0983897 0.101552 2 
0.0983457 0.101482 2 
0.0982602 0.100543 2 
0.0982331 0.0996168 2 
0.0981392 0.103001 2 
0.097987 0.101283 2 
0.0979573 0.0990294 2 
0.0979401 0.101405 2 
0.097795 0.0987168 2 
0.0977025 0.100835 2 
0.0976936 0.100435 2 
0.0976767 0.101269 2 
0.0976536 0.0977226 2 
0.0975907 0.104697 2 
0.0975832 0.100209 2 
0.097536 0.102374 2 
0.097491 0.100191 2 
0.097476 0.100594 2 
0.097437 0.101269 2 
0.0973654 0.102744 2 
0.0972724 0.101659 2 
0.097267 0.101579 2 
0.0972537 0.0978229 2 
0.0972166 0.101495 2 
0.0972068 0.0975151 2 
0.0971933 0.100261 2 
0.097177 0.102666 2 
0.0969985 0.0970977 2 
0.0969837 0.0982563 2 
0.0969675 0.101055 2 
0.0969208 0.0996647 2 
0.0967888 0.0982051 2 
0.0967571 0.100112 2 
0.0967107 0.0990955 2 
0.0966581 0.0970922 2 
0.0966075 0.0979572 2 
0.0965841 0.0987687 2 
0.0965492 0.100843 2 
0.0965406 0.102031 2 
0.0964182 0.0975151 2 
0.096401 0.098639 2 
0.0963462 0.101698 2 
0.0963334 0.100275 2 
0.0962567 0.100205 2 
0.0961569 0.100042 2 
0.0961499 0.100548 2 
0.0961448 0.0990955 2 
0.0961325 0.100368 2 
0.096006 0.101012 2 
0.0959878 0.103328 2 
0.0959522 0.0996647 2 
0.0959086 0.103945 2 
0.0958248 0.101535 2 
0.0958017 0.102301 2 
0.0956845 0.102746 2 
0.0956773 0.102301 2 
0.0956683 0.0962539 2 
0.0956453 0.0967568 2 
0.0956391 0.10163 2 
0.0956215 0.0996443 2 
0.0955803 0.0984809 2 
0.0955483 0.102369 2 
0.0955318 0.0964833 2 
0.0955143 0.102851 2 
0.0954899 0.0996974 2 
0.0953372 0.100433 2 
0.0952435 0.0986712 2 
0.0952004 0.0986712 2 
0.0950877 0.0965039 2 
0.0950786 0.101017 2 
0.0950268 0.101535 2 
0.0949562 0.0986927 2 
0.0948374 0.0960673 2 
0.0947311 0.0995051 2 
0.0947025 0.0972102 2 
0.094701 0.102744 2 
0.0946128 0.0964833 2 
0.0946056 0.101698 2 
0.0945712 0.0983232 2 
0.0945198 0.0949343 2 
0.0944849 0.0945026 2 
0.0944822 0.0953037 2 
0.0944153 0.0958816 2 
0.0943561 0.0961764 2 
0.0943294 0.0987207 2 
0.0942814 0.105055 2 
0.0941983 0.0978992 2 
0.0941926 0.0942619 2 
0.0941351 0.0957857 2 
0.0940848 0.0945378 2 
0.0940263 0.102446 2 
0.0939917 0.0971142 2 
0.0939757 0.095735 2 
0.0939281 0.0963605 2 
0.0939169 0.0951029 2 
0.0938461 0.0939633 2 
0.0938129 0.100289 2 
0.0938019 0.0967381 2 
0.0937861 0.0972322 2 
0.0937026 0.0991098 2 
0.0936693 0.0981908 2 
0.0935942 0.0941455 2 
0.0935513 0.094566 2 
0.0935339 0.094625 2 
0.0934966 0.0959255 2 
0.0934801 0.0964861 2 
0.0934275 0.102801 2 
0.0933792 0.0975151 2 
0.0933148 0.101418 2 
0.0933028 0.0997864 2 
0.093295 0.0999643 2 
0.0932733 0.0958816 2 
0.0932346 0.0995276 2 
0.0932142 0.0937073 2 
0.0931714 0.0987207 2 
0.0930572 0.0948786 2 
0.0930453 0.0948975 2 
0.0930217 0.0931924 2 
0.0930024 0.0944462 2 
0.0929795 0.09755 2 
0.0929436 0.0933475 2 
0.0929425 0.0948035 2 
0.0929416 0.0946062 2 
0.0928657 0.0944605 2 
0.0928487 0.0929164 2 
0.0928476 0.0956042 2 
0.0928321 0.0945481 2 
0.0928313 0.093071 2 
0.0928134 0.0985254 2 
0.0927946 0.0933785 2 
0.0927645 0.0994183 2 
0.0927365 0.0951062 2 
0.0927183 0.094066 2 
0.0926866 0.095735 2 
0.0926796 0.0963605 2 
0.0926742 0.0999643 2 
0.0926579 0.101482 2 
0.0926515 0.0938419 2 
0.0926194 0.0950783 2 
0.0925988 0.0959378 2 
0.0925958 0.0960673 2 
0.0925388 0.0979252 2 
0.0925296 0.0934831 2 
0.0925267 0.0955428 2 
0.0924732 0.0939698 2 
0.0924719 0.0935525 2 
0.0924356 0.0959378 2 
0.0923078 0.0986712 2 
0.0923041 0.0963077 2 
0.0923006 0.0953037 2 
0.092299 0.0950543 2 
0.0922544 0.0999591 2 
0.0921824 0.0960376 2 
0.0921266 0.0930796 2 
0.0921137 0.10212 2 
0.0920406 0.0999643 2 
0.0920177 0.100289 2 
0.0919059 0.0956476 2 
0.0919042 0.0931592 2 
0.0918958 0.0926024 2 
0.09189 0.0977885 2 
0.0918683 0.10122 2 
0.091864 0.0994176 2 
0.091772 0.0984809 2 
0.0917707 0.0996776 2 
0.0917649 0.092582 2 
0.0917361 0.0997864 2 
0.0917032 0.0970922 2 
0.0916201 0.095735 2 
0.0916152 0.0930777 2 
0.0916063 0.0926132 2 
0.0915977 0.0930773 2 
0.0914629 0.0935747 2 
0.09145 0.0931758 2 
0.0913453 0.0956899 2 
0.0913302 0.0950496 2 
0.091259 0.0959378 2 
0.0911962 0.0950496 2 
0.091188 0.0990384 2 
0.0911339 0.0922159 2 
0.091098 0.0958066 2 
0.0910825 0.101535 2 
0.0910356 0.0989406 2 
0.0910208 0.100638 2 
0.0910161 0.0939935 2 
0.0910067 0.0929335 2 
0.0909921 0.0964842 2 
0.0909266 0.0928336 2 
0.0909251 0.0944788 2 
0.090924 0.0993906 2 
0.0909165 0.0910954 2 
0.090866 0.0959378 2 
0.0908622 0.0978229 2 
0.0908515 0.0914568 2 
0.0908292 0.0914597 2 
0.0908017 0.0914911 2 
0.0907984 0.0970922 2 
0.0907911 0.0918856 2 
0.0907752 0.0967209 2 
0.0907449 0.0963605 2 
0.09071 0.0928081 2 
0.0907084 0.0920313 2 
0.0906986 0.091204 2 
0.0906336 0.0950668 2 
0.0906105 0.103596 2 
0.0904764 0.0990384 2 
0.0904041 0.0950668 2 
0.0903838 0.0997864 2 
0.0903571 0.0940602 2 
0.0903555 0.0940429 2 
0.0902615 0.0909561 2 
0.0902557 0.0925674 2 
0.0902312 0.0956042 2 
0.0901459 0.0959025 2 
0.0900439 0.0960376 2 
0.0900127 0.0989332 2 
0.0899843 0.0974193 2 
0.0899717 0.0920392 2 
0.0899329 0.0963605 2 
0.089891 0.0953037 2 
0.0898897 0.0987687 2 
0.0897912 0.0949751 2 
0.0897886 0.0899726 2 
0.0897834 0.100435 2 
0.089783 0.0971685 2 
0.0897814 0.0950543 2 
0.089761 0.0973121 2 
0.0897433 0.0900277 2 
0.0897245 0.0919778 2 
0.0897244 0.0983646 2 
0.0896932 0.0902219 2 
0.0896929 0.0974193 2 
0.0896841 0.0920453 2 
0.089617 0.0921565 2 
0.0895763 0.0905254 2 
0.0895617 0.0929477 2 
0.0895543 0.0971374 2 
0.0895288 0.091074 2 
0.0894899 0.0929295 2 
0.08945 0.0971142 2 
0.0894296 0.0963077 2 
0.0894004 0.0936958 2 
0.0893926 0.0915965 2 
0.0893369 0.0978992 2 
0.0893265 0.0977226 2 
0.0893111 0.0935544 2 
0.0892771 0.0931659 2 
0.0891819 0.0916387 2 
0.0891575 0.0931372 2 
0.0891406 0.0971142 2 
0.0890677 0.0950543 2 
0.0889791 0.0898435 2 
0.0889541 0.0903777 2 
0.0889351 0.0893203 2 
0.0889142 0.0980156 2 
0.0889065 0.0914271 2 
0.0888231 0.098639 2 
0.088815 0.0979671 2 
0.088768 0.0963605 2 
0.0887321 0.0951734 2 
0.0886784 0.100387 2 
0.0885999 0.100093 2 
0.0885433 0.0989406 2 
0.0885393 0.094698 2 
0.0885345 0.0942813 2 
0.0885108 0.0945026 2 
0.0884065 0.0885727 2 
0.0883808 0.0931924 2 
0.0883705 0.0940429 2 
0.0883605 0.0891422 2 
0.0882724 0.0964861 2 
0.0882395 0.0962279 2 
0.0882179 0.0945536 2 
0.0880546 0.092251 2 
0.0880059 0.0914271 2 
0.0879812 0.0967568 2 
0.0879672 0.0964842 2 
0.0879495 0.0930773 2 
0.0879251 0.0982051 2 
0.0879014 0.0911774 2 
0.0878758 0.0958816 2 
0.0877485 0.0983232 2 
0.0877439 0.0940574 2 
0.0875986 0.0947109 2 
0.0875615 0.0942676 2 
0.087547 0.0948514 2 
0.0874928 0.0950668 2 
0.087432 0.0945026 2 
0.0873411 0.0963717 2 
0.0873376 0.101414 2 
0.0873204 0.0973121 2 
0.0871795 0.0880414 2 
0.0868452 0.0950496 2 
0.0868288 0.087995 2 
0.0860518 0.0876939 2 
0.0495742 0.0497877 3 
0.0488176 0.04993 3 
0.0486925 0.0496843 3 
0.0485951 0.0490016 3 
0.0484511 0.0499178 3 
0.048178 0.0489318 3 
0.0481546 0.0484858 3 
0.0479085 0.048107 3 
0.0474925 0.0486217 3 
0.047336 0.0477311 3 
0.0472112 0.0478908 3 
0.0471341 0.0483789 3 
0.0470871 0.0476523 3 
0.0470847 0.0480068 3 
0.0469392 0.0473966 3 
0.0469361 0.0470143 3 
0.0469281 0.0475322 3 
0.0467986 0.0478792 3 
0.0466624 0.047325 3 
0.0466596 0.0482641 3 
0.0466023 0.0478959 3 
0.0465067 0.047858 3 
0.0464715 0.0468801 3 
0.0464179 0.0471114 3 
0.0463003 0.0468309 3 
0.0461771 0.0475364 3 
0.0461578 0.0484159 3 
0.0460873 0.0477425 3 
0.0460471 0.0488055 3 
0.0460149 0.0475352 3 
0.0459719 0.0482641 3 
0.0459564 0.0482753 3 
0.0459321 0.0466402 3 
0.0458972 0.0482168 3 
0.0458579 0.0483146 3 
0.0458548 0.0471582 3 
0.0458266 0.0462637 3 
0.0456919 0.0476104 3 
0.0456835 0.0473425 3 
0.0456833 0.0468309 3 
0.0456661 0.0490877 3 
0.0456546 0.0461232 3 
0.0456295 0.0459701 3 
0.0455897 0.0456203 3 
0.0455532 0.0456374 3 
0.0454945 0.0483789 3 
0.0454515 0.0457502 3 
0.0454293 0.0461566 3 
0.0454116 0.0499206 3 
0.0453757 0.0463581 3 
0.0452688 0.0453273 3 
0.0452024 0.0453409 3 
0.0451936 0.0466838 3 
0.0451243 0.0480219 3 
0.0451197 0.047352 3 
0.0450426 0.0456203 3 
0.0449933 0.0474394 3 
0.0448799 0.0455057 3 
0.0447984 0.0455502 3 
0.0447771 0.0471582 3 
0.0446745 0.0453225 3 
0.0445573 0.0461436 3 
0.044462 0.0492452 3 
0.0444176 0.0457216 3 
0.0443579 0.0445134 3 
0.044345 0.0446082 3 
0.0442649 0.0455225 3 
0.0442538 0.0480068 3 
0.0441932 0.0449461 3 
0.044182 0.0456203 3 
0.0441757 0.0449694 3 
0.0441526 0.0457432 3 
0.0441154 0.0462612 3 
0.0440795 0.0443608 3 
0.0440568 0.0441231 3 
0.0440475 0.0456219 3 
0.0440286 0.0478012 3 
0.044023 0.0459951 3 
0.0439882 0.0450778 3 
0.0439593 0.045134 3 
0.0439491 0.0461676 3 
0.0439394 0.0455105 3 
0.043917 0.0463176 3 
0.0438939 0.0443099 3 
0.0438777 0.0455057 3 
0.0438639 0.0439511 3 
0.043781 0.0439511 3 
0.0437493 0.0475768 3 
0.0437296 0.0454861 3 
0.0437197 0.0473951 3 
0.0437159 0.0447513 3 
0.0436865 0.0472193 3 
0.0436859 0.0479963 3 
0.0436839 0.0451986 3 
0.0436532 0.044268 3 
0.043633 0.0483338 3 
0.0436096 0.0447584 3 
0.0435944 0.0450232 3 
0.0435941 0.0452642 3 
0.0435444 0.0480596 3 
0.0435367 0.0441689 3 
0.043515 0.0448805 3 
0.043503 0.0457432 3 
0.0434772 0.043485 3 
0.0434523 0.0450483 3 
0.0434463 0.0442771 3 
0.0434311 0.044252 3 
0.0434216 0.045029 3 
0.043392 0.0435087 3 
0.0433878 0.0435311 3 
0.0433497 0.0455757 3 
0.0433062 0.043911 3 
0.0433061 0.0447584 3 
0.0432976 0.0460333 3 
0.0432842 0.0454352 3 
0.0432579 0.0438071 3 
0.0432316 0.0444688 3 
0.0432043 0.045801 3 
0.0431628 0.0452955 3 
0.0431345 0.0439915 3 
0.0430951 0.0441311 3 
0.043071 0.046362 3 
0.0430288 0.0452642 3 
0.0430037 0.0439084 3 
0.0429944 0.0449387 3 
0.0429686 0.0443818 3 
0.0429684 0.0442811 3 
0.0429549 0.0480744 3 
0.0429384 0.0457432 3 
0.0429117 0.046779 3 
0.0428602 0.0448236 3 
0.0428102 0.0434291 3 
0.0428001 0.0460333 3 
0.0427396 0.0454352 3 
0.0427396 0.0437069 3 
0.0427149 0.0463148 3 
0.0425454 0.0457591 3 
0.0425352 0.0437164 3 
0.0425294 0.0456981 3 
0.0425026 0.0437962 3 
0.0424933 0.0431783 3 
0.0424891 0.0470233 3 
0.0424836 0.0437477 3 
0.0424711 0.045076 3 
0.0424425 0.0424848 3 
0.0424414 0.0427632 3 
0.0423565 0.0463784 3 
0.0423503 0.0486952 3 
0.0423433 0.0449692 3 
0.0423398 0.0434138 3 
0.0423067 0.0461537 3 
0.042303 0.0431783 3 
0.0422719 0.0435711 3 
0.0422109 0.0435087 3 
0.0421997 0.0436892 3 
0.0421855 0.0442045 3 
0.0421641 0.0427907 3 
0.0421298 0.0450232 3 
0.0421264 0.0427276 3 
0.042067 0.0444449 3 
0.0420612 0.0427276 3 
0.0419929 0.0441917 3 
0.0419803 0.0460834 3 
0.0419686 0.043485 3 
0.0419647 0.0422183 3 
0.0419592 0.0447584 3 
0.0419551 0.0460471 3 
0.0418722 0.0461232 3 
0.0418662 0.0455899 3 
0.0418473 0.0429108 3 
0.0417326 0.0454516 3 
0.0417279 0.0430158 3 
0.0416261 0.0448567 3 
0.0416258 0.043911 3 
0.0416155 0.0443099 3 
0.0416129 0.0417789 3 
0.0415775 0.0448567 3 
0.0415752 0.0463581 3 
0.0415259 0.0454384 3 
0.0415136 0.0463524 3 
0.0415125 0.0449071 3 
0.0415057 0.0419787 3 
0.041495 0.0440786 3 
0.0414848 0.0448989 3 
0.041475 0.0467997 3 
0.0414662 0.0447613 3 
0.0414577 0.0453225 3 
0.04141 0.0429787 3 
0.0414087 0.0432867 3 
0.0413635 0.0462353 3 
0.0413428 0.0429603 3 
0.0413127 0.046621 3 
0.0412788 0.0448914 3 
0.0412739 0.0449071 3 
0.0412634 0.0446048 3 
0.0412408 0.0413177 3 
0.0412401 0.0453273 3 
0.0412078 0.0419591 3 
0.0411894 0.0415627 3 
0.0411814 0.0450379 3 
0.0411681 0.0459712 3 
0.0410896 0.0453273 3 
0.0410226 0.0456887 3 
0.0410207 0.0426351 3 
0.0410168 0.0459816 3 
0.0409872 0.0455262 3 
0.0409542 0.043911 3 
0.0409424 0.0442644 3 
0.0409361 0.0444508 3 
0.0408981 0.0426173 3 
0.0408679 0.0431559 3 
0.0408398 0.0419017 3 
0.0408393 0.0413815 3 
0.0408323 0.040951 3 
0.0408056 0.0458638 3 
0.0407902 0.0426141 3 
0.0407862 0.0428899 3 
0.0407581 0.0432494 3 
0.0407442 0.0426351 3 
0.0407041 0.0455662 3 
0.0405734 0.0439511 3 
0.0405521 0.0427276 3 
0.040542 0.0452683 3 
0.0404597 0.0423324 3 
0.0404271 0.0450379 3 
0.0403791 0.0441688 3 
0.0403267 0.0409708 3 
0.0403193 0.0426173 3 
0.0402973 0.0440317 3 
0.0402908 0.0453409 3 
0.0402752 0.0437164 3 
0.0402259 0.0427548 3 
0.0402241 0.0404343 3 
0.040202 0.0436613 3 
0.0401818 0.0434058 3 
0.0401435 0.0449258 3 
0.0401311 0.0441454 3 
0.039984 0.0439511 3 
0.0399206 0.0459701 3 
0.0398153 0.0469278 3 
0.0398138 0.0432908 3 
0.0397683 0.0439639 3 
0.0397394 0.0456577 3 
0.0397096 0.0442644 3 
0.0394789 0.0404343 3 
0.0392038 0.0439829 3 
0.0391768 0.0400921 3 
0.0253993 0.0256264 4 
0.0246388 0.0248345 4 
0.0245536 0.0254779 4 
0.0237149 0.0241689 4 
0.0232558 0.0236498 4 
0.0232254 0.0232741 4 
0.0230425 0.0237148 4 
0.0230052 0.0236205 4 
0.0229969 0.0236444 4 
0.0229752 0.0236229 4 
0.0229554 0.0229835 4 
0.0229517 0.0231452 4 
0.0228552 0.0235341 4 
0.0228109 0.0231408 4 
0.0228039 0.0229862 4 
0.0227999 0.0229132 4 
0.0227931 0.0233083 4 
0.0227471 0.0228691 4 
0.0226066 0.0245069 4 
0.0225566 0.0233225 4 
0.0225557 0.0232127 4 
0.0225124 0.0241966 4 
0.0224798 0.0225424 4 
0.022352 0.0230039 4 
0.0223486 0.0224393 4 
0.0222635 0.02368 4 
0.0222628 0.0230818 4 
0.0222164 0.0228691 4 
0.0221613 0.0230339 4 
0.022091 0.0232548 4 
0.0220388 0.0224565 4 
0.0220351 0.0242377 4 
0.0220308 0.0228042 4 
0.0220266 0.022162 4 
0.021963 0.0222467 4 
0.0219306 0.0224317 4 
0.0218465 0.0233144 4 
0.0218015 0.0228907 4 
0.0217377 0.0222602 4 
0.0216908 0.0220135 4 
0.021685 0.0232712 4 
0.0216796 0.0221229 4 
0.0216626 0.0222987 4 
0.0216247 0.0217235 4 
0.0216177 0.0224317 4 
0.0216177 0.0236911 4 
0.0215543 0.0221318 4 
0.0215293 0.0222039 4 
0.021517 0.021926 4 
0.0215146 0.0237226 4 
0.0214995 0.0221537 4 
0.0214837 0.0220456 4 
0.0214637 0.0230385 4 
0.0214542 0.0220121 4 
0.0214498 0.0220362 4 
0.0214224 0.0223004 4 
0.0214179 0.0231486 4 
0.0214157 0.0220598 4 
0.0213912 0.0220362 4 
0.021372 0.0214293 4 
0.021365 0.0218821 4 
0.0213472 0.0223036 4 
0.021342 0.0220598 4 
0.0213355 0.0215065 4 
0.0213303 0.0233764 4 
0.0212722 0.0233357 4 
0.0212705 0.0213742 4 
0.0212608 0.0218033 4 
0.0211933 0.0215111 4 
0.0211894 0.0215989 4 
0.0211871 0.0230919 4 
0.021187 0.0222919 4 
0.0211764 0.0241425 4 
0.0211643 0.0224432 4 
0.0211611 0.0222801 4 
0.0211583 0.0215764 4 
0.0211448 0.0213102 4 
0.0211193 0.0214583 4 
0.0211085 0.022156 4 
0.0210977 0.0211673 4 
0.0210901 0.0227549 4 
0.0210654 0.0217333 4 
0.0210577 0.0210918 4 
0.0210291 0.0223225 4 
0.0210202 0.0215547 4 
0.0210106 0.0218572 4 
0.0209748 0.0220598 4 
0.020969 0.0212029 4 
0.0209271 0.0222647 4 
0.0209075 0.0243575 4 
0.0209074 0.0215176 4 
0.0208666 0.0209213 4 
0.0208386 0.0222039 4 
0.0208309 0.021325 4 
0.0208113 0.0231406 4 
0.0208104 0.0212686 4 
0.0208011 0.0210877 4 
0.0207796 0.0222653 4 
0.0207757 0.0231335 4 
0.0207135 0.0220688 4 
0.0207099 0.0224581 4 
0.0207034 0.0208263 4 
0.0206875 0.0228186 4 
0.0206762 0.0220047 4 
0.0206742 0.0216521 4 
0.0206416 0.0213166 4 
0.0206228 0.0218353 4 
0.0206185 0.0212551 4 
0.0205876 0.0212306 4 
0.0205805 0.0220121 4 
0.0205614 0.0208118 4 
0.0205303 0.0221229 4 
0.0205048 0.0207031 4 
0.0204725 0.0219018 4 
0.0203738 0.0205186 4 
0.0203559 0.0221638 4 
0.0203538 0.0208853 4 
0.02034 0.0233755 4 
0.0203373 0.020579 4 
0.0203291 0.0206197 4 
0.0203173 0.0224565 4 
0.0203101 0.0225646 4 
0.0203054 0.0226253 4 
0.020285 0.0205703 4 
0.0202805 0.0216208 4 
0.0202628 0.0204657 4 
0.0202607 0.0223515 4 
0.0202513 0.02201 4 
0.0202314 0.0217337 4 
0.0201724 0.021926 4 
0.0201683 0.0224473 4 
0.0201664 0.0205402 4 
0.0201353 0.0203163 4 
0.0201277 0.0214054 4 
0.0201016 0.0213251 4 
0.0200948 0.0215593 4 
0.020091 0.0209419 4 
0.0200689 0.0211503 4 
0.0200672 0.0223225 4 
0.0200485 0.0218915 4 
0.020024 0.0204547 4 
0.0199905 0.0214939 4 
0.0199871 0.0231758 4 
0.0199777 0.0215464 4 
0.0199683 0.0215739 4 
0.0199317 0.0205765 4 
0.0199183 0.0216439 4 
0.0198675 0.0223095 4 
0.0198154 0.0224779 4 
0.0198127 0.0212029 4 
0.0197775 0.0221122 4 
0.0197718 0.0201022 4 
0.0197662 0.0205212 4 
0.0197631 0.0218915 4 
0.0197514 0.0223321 4 
0.0197268 0.0205525 4 
0.019725 0.0229862 4 
0.0197207 0.0200387 4 
0.0197107 0.0224361 4 
0.0197092 0.0206341 4 
0.01968 0.0200809 4 
0.0196719 0.0203494 4 
0.0196573 0.021325 4 
0.0195875 0.0207314 4 
0.0195745 0.0204547 4 
0.0195479 0.0205759 4 
0.0195376 0.0217636 4 
0.0195359 0.0199771 4 
0.0195182 0.020967 4 
0.0194884 0.021345 4 
0.0194651 0.0221904 4 
0.0194638 0.0205212 4 
0.0194599 0.0214054 4 
0.019402 0.0219108 4 
0.0193895 0.0205525 4 
0.0193681 0.0220605 4 
0.0193591 0.02063 4 
0.0193588 0.0206341 4 
0.0193516 0.021807 4 
0.0193201 0.0205186 4 
0.0192989 0.0214121 4 
0.0192719 0.0214054 4 
0.0192568 0.0226639 4 
0.0192448 0.0219628 4 
0.0192244 0.0198606 4 
0.0192236 0.0194816 4 
0.0191601 0.0215547 4 
0.0191415 0.0207812 4 
0.0191342 0.0209455 4 
0.0190951 0.022156 4 
0.0190362 0.0190547 4 
0.0190239 0.0217944 4 
0.0189946 0.0217944 4 
0.0187745 0.0209566 4 
0.0186945 0.0194816 4 
0.0186741 0.0192292 4 
0.0185552 0.0205796 4 
0.0127383 0.0130622 5 
0.0125798 0.0127462 5 
0.0120833 0.0121736 5 
0.0120389 0.0120685 5 
0.0119485 0.0120419 5 
0.0118861 0.012046 5 
0.0118535 0.0119074 5 
0.0118322 0.0118631 5 
0.0118063 0.0121023 5 
0.0117834 0.0118631 5 
0.011772 0.0118421 5 
0.0115774 0.0116411 5 
0.0115138 0.0116457 5 
0.0115083 0.0123208 5 
0.011502 0.0117506 5 
0.0113868 0.0116607 5 
0.0113839 0.011478 5 
0.0113609 0.0119098 5 
0.011329 0.0121039 5 
0.0113235 0.0120451 5 
0.0113219 0.011651 5 
0.0112723 0.0115545 5 
0.0112406 0.0112435 5 
0.0112216 0.012212 5 
0.011182 0.0112205 5 
0.0111262 0.0114304 5 
0.0111123 0.0117328 5 
0.0110972 0.0115387 5 
0.011075 0.0119006 5 
0.011028 0.0119515 5 
0.011016 0.0110392 5 
0.0110153 0.0112435 5 
0.0109805 0.0113731 5 
0.0109511 0.0110422 5 
0.0109246 0.0110865 5 
0.010916 0.0115346 5 
0.0108958 0.0110865 5 
0.0108863 0.0120931 5 
0.0108811 0.0108819 5 
0.0107968 0.0113353 5 
0.0107909 0.0109123 5 
0.0107872 0.0127464 5 
0.0107828 0.0108025 5 
0.0107787 0.0111447 5 
0.0107725 0.0122276 5 
0.0107672 0.0114467 5 
0.0107552 0.0111741 5 
0.0107428 0.0112373 5 
0.0107423 0.0114026 5 
0.0107412 0.0116299 5 
0.0107348 0.0116286 5 
0.0107274 0.0116818 5 
0.0107223 0.0110433 5 
0.0107096 0.0110106 5 
0.0107095 0.0109674 5 
0.0107079 0.0114007 5 
0.0106869 0.0113542 5 
0.0106517 0.0109446 5 
0.0106372 0.0121039 5 
0.0106298 0.010677 5 
0.0106262 0.0113534 5 
0.0106186 0.010735 5 
0.0106038 0.0115523 5 
0.0105991 0.0109123 5 
0.0105981 0.010885 5 
0.0105746 0.0111518 5 
0.0105728 0.0108245 5 
0.0105636 0.0111112 5 
0.0105478 0.0108124 5 
0.0105292 0.0111825 5 
0.0105214 0.0110422 5 
0.0105021 0.0111702 5 
0.0104828 0.0109652 5 
0.0104804 0.0108722 5 
0.0104724 0.0116686 5 
0.0104711 0.0110433 5 
0.0104656 0.0107616 5 
0.0104338 0.0110357 5 
0.0104286 0.0117494 5 
0.0103991 0.0106923 5 
0.0103894 0.0106048 5 
0.0103788 0.0105393 5 
0.010376 0.0107591 5 
0.0103605 0.0106278 5 
0.0103603 0.011155 5 
0.0103583 0.0111272 5 
0.0103581 0.0105375 5 
0.0103474 0.010473 5 
0.0103104 0.0109441 5 
0.0102895 0.0107591 5 
0.010286 0.0116621 5 
0.01027 0.0107383 5 
0.010265 0.0113153 5 
0.0102638 0.0111426 5 
0.010252 0.0110383 5 
0.0102152 0.0108589 5 
0.0101687 0.0104405 5 
0.0101593 0.0118847 5 
0.0101489 0.0106504 5 
0.0101397 0.0108333 5 
0.0101228 0.0102435 5 
0.0101123 0.0112992 5 
0.0101104 0.0106504 5 
0.0101103 0.0102333 5 
0.0101081 0.0104405 5 
0.0100778 0.0105375 5 
0.0100758 0.0107535 5 
0.0100621 0.0112131 5 
0.0100454 0.010574 5 
0.0100295 0.0101752 5 
0.0100248 0.0111806 5 
0.0100057 0.0113336 5 
0.00999478 0.0105263 5 
0.00999234 0.0102819 5 
0.00994491 0.0107448 5 
0.00991871 0.0106223 5 
0.00991548 0.0106941 5 
0.00991079 0.0101031 5 
0.00990576 0.0107616 5 
0.00990188 0.01026 5 
0.00989001 0.0110302 5 
0.0098785 0.0111349 5 
0.00987681 0.0107448 5 
0.00986569 0.0112131 5 
0.00986492 0.0100704 5 
0.00985604 0.0108267 5 
0.00985335 0.0105604 5 
0.00984341 0.0109081 5 
0.00983072 0.00988461 5 
0.00982814 0.0101475 5 
0.00979215 0.0100131 5 
0.00976746 0.0100131 5 
0.00974833 0.00987672 5 
0.00971789 0.0110031 5 
0.00968136 0.0100885 5 
0.00967594 0.0101475 5 
0.00967359 0.0115957 5 
0.00967243 0.0104788 5 
0.00966516 0.0104947 5 
0.00965251 0.0104137 5 
0.00964384 0.0106471 5 
0.00964145 0.0111305 5 
0.00963595 0.0109882 5 
0.0096338 0.0106504 5 
0.0096321 0.0101664 5 
0.00962998 0.0111962 5 
0.00962143 0.0101938 5 
0.0095924 0.0104858 5 
0.00956763 0.00972054 5 
0.00956372 0.0099213 5 
0.00954697 0.0101108 5 
0.0095455 0.0107958 5 
0.00954409 0.0107985 5 
0.00953877 0.0105904 5 
0.00953497 0.0111939 5 
0.00952404 0.0107791 5 
0.0095065 0.010163 5 
0.0094664 0.0108424 5 
0.00941817 0.00948802 5 
0.00941688 0.0102474 5 
0.00941516 0.0107739 5 
0.00940331 0.0109489 5 
0.00937016 0.0110889 5 
0.00923817 0.00928091 5 
0.00921156 0.00958303 5 
0.00915155 0.00972054 5 
0.00907627 0.010163 5 
0.00679094 0.00684385 6 
0.0066807 0.00681697 6 
0.00633611 0.00640958 6 
0.00625855 0.0064835 6 
0.00625353 0.00629661 6 
0.00620695 0.00627412 6 
0.00607599 0.00614372 6 
0.00606807 0.00614402 6 
0.00604973 0.00616083 6 
0.00599554 0.0061339 6 
0.00597323 0.0062998 6 
0.0059629 0.00631012 6 
0.00587432 0.00624437 6 
0.00587353 0.00596813 6 
0.0058391 0.00592866 6 
0.0058276 0.00605881 6 
0.00582678 0.00630512 6 
0.00582276 0.00592815 6 
0.00581829 0.00617618 6 
0.00579193 0.00617429 6 
0.00576939 0.00605518 6 
0.00576163 0.00578033 6 
0.00575728 0.0061909 6 
0.00575627 0.0058696 6 
0.00574482 0.00580652 6 
0.00572697 0.00656793 6 
0.00571892 0.00622365 6 
0.00569813 0.0057208 6 
0.00569412 0.00581408 6 
0.00569067 0.0057208 6 
0.00567201 0.00578033 6 
0.00564573 0.00576906 6 
0.00563696 0.00573813 6 
0.00563477 0.00566025 6 
0.00563046 0.00563191 6 
0.0056245 0.00580999 6 
0.00562099 0.00623166 6 
0.00561339 0.00626144 6 
0.00558806 0.00573464 6 
0.00557618 0.00565989 6 
0.00557382 0.00562248 6 
0.00556777 0.00577511 6 
0.00556205 0.00619387 6 
0.00555586 0.00593373 6 
0.00555561 0.00557876 6 
0.0055535 0.0058045 6 
0.00555307 0.0057351 6 
0.00553938 0.00575174 6 
0.00552217 0.005688 6 
0.00551424 0.00587802 6 
0.00550134 0.00552187 6 
0.00549809 0.00597848 6 
0.00548672 0.00557713 6 
0.0054729 0.00556775 6 
0.00546858 0.0057731 6 
0.00546139 0.0060123 6 
0.00546048 0.00551458 6 
0.00545178 0.00596052 6 
0.00543125 0.00569763 6 
0.00543094 0.00563379 6 
0.00542702 0.00550995 6 
0.00542422 0.00553845 6 
0.00542367 0.00578096 6 
0.005417 0.00551605 6 
0.00540473 0.0057351 6 
0.0054016 0.00571895 6 
0.00537955 0.00573278 6 
0.00537303 0.00555636 6 
0.00537124 0.00556634 6 
0.00537093 0.00543512 6 
0.0053699 0.00539173 6 
0.00536668 0.00575248 6 
0.00536037 0.00569768 6 
0.00536031 0.00540483 6 
0.00535079 0.00576698 6 
0.0053411 0.00538516 6 
0.00533734 0.00619713 6 
0.00533673 0.00611327 6 
0.0053305 0.00558829 6 
0.00531811 0.00574256 6 
0.00530858 0.00585986 6 
0.00530469 0.00592162 6 
0.00529864 0.00530382 6 
0.0052899 0.00585957 6 
0.00527845 0.00534657 6 
0.0052755 0.00581518 6 
0.00527549 0.00546167 6 
0.00525645 0.00543116 6 
0.0052496 0.00530382 6 
0.00524855 0.00557638 6 
0.00524205 0.00542231 6 
0.00523688 0.00538295 6 
0.00522027 0.00546167 6 
0.00520441 0.00593249 6 
0.00520071 0.00543231 6 
0.00519216 0.00524674 6 
0.00518217 0.00581926 6 
0.00518116 0.00528102 6 
0.00515422 0.00543218 6 
0.00515357 0.00520895 6 
0.00515077 0.00557612 6 
0.00513728 0.00548105 6 
0.00513608 0.00538578 6 
0.00512648 0.00560567 6 
0.00511676 0.00512714 6 
0.00510265 0.00521399 6 
0.00510153 0.00546711 6 
0.00508697 0.00521636 6 
0.00507039 0.00564382 6 
0.00506957 0.00554392 6 
0.00506366 0.00554392 6 
0.0050526 0.00544467 6 
0.00503951 0.00541994 6 
0.00503171 0.00540898 6 
0.00502514 0.00560216 6 
0.00502416 0.00558729 6 
0.00502414 0.00510778 6 
0.00502349 0.00506883 6 
0.00501437 0.00581408 6 
0.00498597 0.00502051 6 
0.00497365 0.00539719 6 
0.00497122 0.0052811 6 
0.00495469 0.00559453 6 
0.00495192 0.00559033 6 
0.00494687 0.00543116 6 
0.00494195 0.00604022 6 
0.00493695 0.00517603 6 
0.00493119 0.00537219 6 
0.00492622 0.00526053 6 
0.0049237 0.00589165 6 
0.0048977 0.00498338 6 
0.004895 0.00497615 6 
0.00488527 0.00536607 6 
0.00488497 0.00558623 6 
0.00487932 0.00507955 6 
0.00487878 0.00557357 6 
0.00485938 0.00512714 6 
0.00484886 0.00496934 6 
0.00484726 0.00531147 6 
0.00484478 0.00558729 6 
0.00483851 0.00519313 6 
0.00483796 0.00564284 6 
0.0048197 0.00538992 6 
0.00479632 0.00509962 6 
0.00479384 0.00514299 6 
0.00478433 0.00553521 6 
0.00477215 0.00563381 6 
0.00473444 0.00538153 6 
0.00473285 0.00547953 6 
0.00470669 0.00565787 6 
0.00466451 0.00489534 6 
0.00459309 0.00497615 6 
0.00458027 0.00499576 6 
0.00371076 0.00372319 7 
0.00353003 0.00360454 7 
0.00338399 0.00341186 7 
0.00338261 0.00339049 7 
0.00333609 0.00336586 7 
0.00332461 0.00334857 7 
0.00324758 0.00331147 7 
0.00324459 0.00325594 7 
0.00322312 0.00322365 7 
0.00321194 0.0032235 7 
0.00318568 0.00328987 7 
0.00313735 0.00324064 7 
0.00311518 0.0031588 7 
0.00310538 0.00339662 7 
0.00309476 0.00332643 7 
0.0030943 0.00325594 7 
0.00309017 0.0032007 7 
0.00308818 0.00317041 7 
0.00307034 0.00332468 7 
0.00305847 0.00330334 7 
0.00302956 0.00305612 7 
0.00302699 0.00303166 7 
0.00302328 0.00305515 7 
0.00301222 0.00302546 7 
0.00300409 0.00303291 7 
0.00300334 0.00307068 7 
0.00299998 0.00313511 7 
0.00299349 0.00313995 7 
0.00298974 0.00305453 7 
0.00298041 0.00321276 7 
0.00297628 0.00332175 7 
0.00297599 0.00298132 7 
0.00296993 0.00297439 7 
0.0029669 0.00303446 7 
0.0029507 0.00297899 7 
0.00294957 0.00323428 7 
0.0029257 0.00297146 7 
0.00291498 0.00313037 7 
0.00290767 0.00314572 7 
0.00289165 0.00292512 7 
0.00288621 0.00289467 7 
0.0028861 0.0029458 7 
0.00287804 0.00300752 7 
0.00287631 0.00330849 7 
0.00287241 0.00307813 7 
0.00287186 0.0029334 7 
0.00286855 0.00304504 7 
0.00285787 0.00314349 7 
0.0028554 0.00300151 7 
0.00285132 0.00286661 7 
0.00284288 0.00298181 7 
0.00284272 0.00288043 7 
0.00284183 0.00286791 7 
0.0028404 0.00290134 7 
0.00283276 0.00301691 7 
0.00283181 0.00288335 7 
0.00282749 0.00304672 7 
0.00282686 0.00295209 7 
0.00281929 0.00301895 7 
0.00281796 0.00306606 7 
0.00281402 0.00285137 7 
0.00281397 0.00297216 7 
0.00280566 0.00288971 7 
0.00280353 0.00285379 7 
0.00279896 0.00294158 7 
0.00279761 0.00288152 7 
0.0027935 0.00305781 7 
0.00278556 0.00306246 7 
0.00277776 0.00282189 7 
0.00277768 0.00305734 7 
0.00277354 0.00324147 7 
0.00277066 0.002779 7 
0.0027686 0.00294462 7 
0.00275398 0.00316134 7 
0.00274978 0.00277479 7 
0.00274779 0.00281151 7 
0.00274566 0.00284032 7 
0.00274201 0.00307068 7 
0.00273923 0.00280776 7 
0.00272912 0.00286555 7 
0.00272528 0.00287661 7 
0.00271949 0.00273398 7 
0.00269865 0.00287543 7 
0.00269709 0.00311608 7 
0.00269439 0.00275091 7 
0.0026852 0.00273601 7 
0.00268313 0.00274833 7 
0.0026816 0.00276676 7 
0.00268153 0.00270074 7 
0.00266093 0.00283907 7 
0.00265889 0.00287107 7 
0.00265524 0.00286686 7 
0.00265129 0.0029803 7 
0.00264955 0.00283907 7 
0.00263124 0.00282677 7 
0.00262877 0.00264247 7 
0.00261777 0.00270487 7 
0.00261386 0.00292889 7 
0.0026078 0.002893 7 
0.00259843 0.00290027 7 
0.00259491 0.00303291 7 
0.00259452 0.00291507 7 
0.00259264 0.00279186 7 
0.00258839 0.00282189 7 
0.00258795 0.00265608 7 
0.00257975 0.0031711 7 
0.00257074 0.00312164 7 
0.00256867 0.00278784 7 
0.00256393 0.0026923 7 
0.00255608 0.00259665 7 
0.00255526 0.00279261 7 
0.00255083 0.00277286 7 
0.00254927 0.00281151 7 
0.00254816 0.00294337 7 
0.00254434 0.00259858 7 
0.00254398 0.00270417 7 
0.00254197 0.00256581 7 
0.00253493 0.0029063 7 
0.00252301 0.00272216 7 
0.00250948 0.0028998 7 
0.00250419 0.00282384 7 
0.00250235 0.00294148 7 
0.00250161 0.00276154 7 
0.00249702 0.00260257 7 
0.0024875 0.00285875 7 
0.0024821 0.00273601 7 
0.00248145 0.00259611 7 
0.00248032 0.00281576 7 
0.00247868 0.00291294 7 
0.00247557 0.00258124 7 
0.00244717 0.0024994 7 
0.00242172 0.0026294 7 
0.00241127 0.002504 7 
0.00240722 0.00300146 7 
0.00237695 0.00259665 7 
0.00236582 0.00249159 7 
0.00204535 0.00204619 8 
0.00187594 0.00192542 8 
0.00178272 0.00181149 8 
0.00175096 0.00175222 8 
0.00171833 0.00176913 8 
0.00171089 0.00185763 8 
0.00167376 0.00167657 8 
0.00166587 0.00180713 8 
0.00166323 0.0017121 8 
0.00166311 0.00168513 8 
0.00165039 0.00171824 8 
0.00164709 0.00175475 8 
0.00163686 0.00178529 8 
0.001621 0.00162481 8 
0.00161819 0.00178173 8 
0.00161159 0.00161358 8 
0.00160645 0.00166395 8 
0.00158651 0.00159242 8 
0.00158353 0.00159614 8 
0.00158049 0.00177809 8 
0.00157254 0.00159242 8 
0.00157126 0.00160489 8 
0.00156937 0.00167831 8 
0.00156871 0.0017122 8 
0.00156707 0.00159057 8 
0.00156125 0.0015953 8 
0.00154721 0.00165401 8 
0.00154519 0.00156437 8 
0.00154232 0.00163153 8 
0.00154003 0.00158144 8 
0.00153465 0.00164644 8 
0.00153019 0.00154669 8 
0.00152418 0.00163112 8 
0.00152404 0.00156947 8 
0.00152202 0.00152577 8 
0.00152181 0.00155396 8 
0.0015101 0.00156248 8 
0.00150797 0.00152503 8 
0.00150481 0.00166395 8 
0.00150381 0.0015431 8 
0.00149721 0.00159332 8 
0.00149692 0.00160615 8 
0.00149647 0.00153534 8 
0.00149536 0.00156117 8 
0.00149477 0.00153565 8 
0.00149019 0.00163769 8 
0.00147802 0.00174521 8 
0.0014765 0.00159593 8 
0.00147511 0.00165329 8 
0.00147145 0.00159057 8 
0.00147038 0.00153263 8 
0.00147031 0.00161886 8 
0.00146462 0.00150912 8 
0.00146398 0.00160874 8 
0.00146175 0.00147594 8 
0.00145964 0.00152365 8 
0.00145657 0.00146686 8 
0.00145009 0.00156535 8 
0.00144485 0.00144932 8 
0.00144164 0.00146139 8 
0.00143487 0.0014736 8 
0.00142927 0.00155056 8 
0.00142438 0.00147741 8 
0.00142046 0.0014309 8 
0.00142011 0.00143057 8 
0.00141994 0.00167774 8 
0.00141936 0.00142129 8 
0.00141009 0.00146522 8 
0.00140584 0.00147741 8 
0.00140452 0.00140466 8 
0.00139115 0.00151531 8 
0.0013888 0.00154754 8 
0.00138483 0.00152528 8 
0.00138473 0.00144769 8 
0.00138198 0.00143083 8 
0.00137734 0.00152403 8 
0.00137397 0.00148762 8 
0.00137152 0.00151403 8 
0.00137068 0.0016677 8 
0.00136913 0.00149941 8 
0.0013661 0.00161358 8 
0.00136444 0.00161419 8 
0.0013625 0.00152462 8 
0.00136208 0.00166389 8 
0.00136196 0.00143057 8 
0.00135917 0.0015089 8 
0.00135531 0.00137496 8 
0.00135408 0.00153747 8 
0.00135157 0.00146201 8 
0.00134506 0.00135691 8 
0.00134165 0.00157083 8 
0.00133781 0.00152544 8 
0.0013325 0.00133689 8 
0.00132601 0.00145703 8 
0.00132511 0.00140394 8 
0.00132275 0.00142413 8 
0.0013206 0.00151796 8 
0.00131969 0.00146695 8 
0.00131583 0.00145055 8 
0.00131401 0.00155411 8 
0.00131327 0.00145012 8 
0.00131176 0.00139985 8 
0.00131148 0.0015289 8 
0.00130308 0.00133885 8 
0.00130303 0.00132469 8 
0.00129971 0.00140847 8 
0.00129606 0.00133301 8 
0.0012918 0.00137739 8 
0.00128878 0.00150378 8 
0.00127426 0.00137496 8 
0.0012675 0.00129744 8 
0.00126454 0.0016178 8 
0.00124363 0.00138409 8 
0.00124221 0.00127237 8 
0.00124079 0.00126083 8 
0.00121605 0.00123546 8 
0.0010017 0.0010371 9 
0.000988412 0.00100164 9 
0.000954254 0.00100892 9 
0.000935619 0.000960437 9 
0.000919926 0.000931421 9 
0.00090723 0.000908077 9 
0.000905095 0.000971117 9 
0.000896882 0.000916706 9 
0.000889691 0.000917304 9 
0.000889061 0.000889762 9 
0.000881442 0.000964736 9 
0.000881057 0.000973755 9 
0.000868957 0.000885876 9 
0.000868495 0.000952787 9 
0.000864362 0.000937512 9 
0.00085751 0.000891444 9 
0.000839932 0.000878353 9 
0.000837228 0.000850233 9 
0.000830838 0.000836991 9 
0.000829459 0.000878942 9 
0.000820894 0.000821149 9 
0.000817944 0.000888368 9 
0.000817813 0.000820569 9 
0.000816826 0.000928765 9 
0.000812049 0.000826136 9 
0.000810777 0.00092434 9 
0.000807337 0.000913616 9 
0.00080656 0.000812195 9 
0.000805795 0.000839072 9 
0.000803728 0.000861333 9 
0.000803413 0.000869055 9 
0.000803275 0.000861886 9 
0.000801295 0.000869055 9 
0.0008009 0.000836352 9 
0.000798702 0.000865421 9 
0.000797637 0.000824215 9 
0.000797202 0.000872107 9 
0.000796138 0.000811711 9 
0.000794025 0.000859727 9 
0.000791077 0.000822294 9 
0.000786282 0.000831639 9 
0.0007862 0.000800009 9 
0.000781309 0.000793349 9 
0.000778235 0.000820569 9 
0.000777853 0.000801156 9 
0.000777336 0.000853817 9 
0.000776865 0.00085341 9 
0.000774377 0.000779578 9 
0.00075947 0.000787471 9 
0.000758246 0.000827955 9 
0.000757744 0.000803866 9 
0.000756166 0.000771067 9 
0.000754956 0.000779578 9 
0.000754281 0.000891383 9 
0.000751847 0.000760886 9 
0.000750895 0.000782308 9 
0.000750005 0.000761619 9 
0.000747543 0.000822294 9 
0.000745484 0.00075976 9 
0.000742918 0.00074466 9 
0.000739904 0.000766902 9 
0.000739009 0.000887342 9 
0.000737666 0.000793349 9 
0.000736888 0.000832974 9 
0.000736434 0.000769419 9 
0.000733987 0.000801926 9 
0.000733669 0.000873086 9 
0.000732977 0.000813232 9 
0.000732522 0.000788184 9 
0.000731886 0.000733423 9 
0.000731824 0.000799908 9 
0.000730009 0.000815993 9 
0.000729705 0.000792558 9 
0.000728274 0.000895344 9 
0.000727095 0.000736426 9 
0.000723049 0.000841869 9 
0.000721877 0.000860054 9 
0.000720385 0.000800544 9 
0.000719667 0.000879566 9 
0.00071101 0.000774458 9 
0.000710419 0.000773245 9 
0.000708258 0.00080496 9 
0.00070577 0.000734975 9 
0.000705745 0.000769827 9 
0.000704717 0.000774576 9 
0.000703759 0.000773436 9 
0.000701832 0.000801209 9 
0.000699054 0.000812198 9 
0.000698526 0.000821772 9 
0.000696399 0.000705031 9 
0.000694515 0.000803408 9 
0.000692825 0.000736426 9 
0.000690348 0.00073737 9 
0.000690057 0.000739866 9 
0.000689068 0.000692718 9 
0.000688585 0.000864546 9 
0.000681547 0.000733829 9 
0.000679774 0.000758897 9 
0.000677782 0.000707012 9 
0.000675554 0.000679952 9 
0.000647388 0.000742999 9 
0.000633751 0.000648584 9 
