0.523531 0.540162 0 
0.523081 0.539806 0 
0.522328 0.539012 0 
0.522069 0.541091 0 
0.521647 0.539362 0 
0.521572 0.539472 0 
0.521393 0.540769 0 
0.521379 0.535364 0 
0.521254 0.539499 0 
0.521111 0.539592 0 
0.520902 0.54179 0 
0.52068 0.541204 0 
0.52065 0.539592 0 
0.520402 0.540227 0 
0.520352 0.540162 0 
0.520284 0.539904 0 
0.520105 0.540227 0 
0.5201 0.535364 0 
0.520034 0.541487 0 
0.519962 0.520271 0 
0.519929 0.540227 0 
0.51992 0.538556 0 
0.519837 0.541587 0 
0.519715 0.53921 0 
0.519685 0.543588 0 
0.519645 0.538822 0 
0.519372 0.539362 0 
0.519359 0.543511 0 
0.519337 0.51949 0 
0.51932 0.519792 0 
0.519308 0.542646 0 
0.519256 0.539981 0 
0.519168 0.541197 0 
0.519161 0.541905 0 
0.519103 0.541113 0 
0.519097 0.541197 0 
0.51908 0.520448 0 
0.519009 0.542647 0 
0.518982 0.53731 0 
0.518706 0.542268 0 
0.518695 0.536417 0 
0.51869 0.543253 0 
0.518679 0.539362 0 
0.518636 0.538487 0 
0.518549 0.520808 0 
0.518499 0.541266 0 
0.518474 0.539711 0 
0.518409 0.540328 0 
0.518397 0.536417 0 
0.518359 0.541113 0 
0.518352 0.540962 0 
0.51833 0.54281 0 
0.518318 0.539731 0 
0.518278 0.543836 0 
0.518234 0.518293 0 
0.518221 0.542693 0 
0.518202 0.519855 0 
0.518185 0.538373 0 
0.51818 0.542577 0 
0.518124 0.540188 0 
0.518066 0.518301 0 
0.518057 0.542789 0 
0.518026 0.542104 0 
0.518014 0.539994 0 
0.517987 0.542257 0 
0.517943 0.543725 0 
0.517901 0.542074 0 
0.517895 0.535364 0 
0.517893 0.539669 0 
0.517891 0.538373 0 
0.517837 0.538822 0 
0.517823 0.51949 0 
0.517798 0.540227 0 
0.517776 0.518816 0 
0.517763 0.543069 0 
0.517723 0.544983 0 
0.51768 0.517906 0 
0.517678 0.517961 0 
0.517606 0.518272 0 
0.517542 0.543821 0 
0.51744 0.53921 0 
0.517269 0.539994 0 
0.517243 0.518559 0 
0.51722 0.540986 0 
0.51716 0.517269 0 
0.517157 0.517172 0 
0.517099 0.519879 0 
0.517063 0.540252 0 
0.516995 0.543153 0 
0.516923 0.542299 0 
0.516912 0.543935 0 
0.516885 0.518436 0 
0.516838 0.540487 0 
0.516787 0.517369 0 
0.516711 0.519194 0 
0.516709 0.540206 0 
0.516704 0.538645 0 
0.5167 0.517231 0 
0.516672 0.51802 0 
0.516665 0.519749 0 
0.516644 0.518682 0 
0.516618 0.535364 0 
0.516613 0.543974 0 
0.516582 0.519269 0 
0.516577 0.543253 0 
0.516519 0.538556 0 
0.51651 0.543841 0 
0.516493 0.540328 0 
0.516485 0.517765 0 
0.516474 0.517337 0 
0.516459 0.541999 0 
0.51645 0.517983 0 
0.516435 0.520041 0 
0.516419 0.542931 0 
0.516411 0.539652 0 
0.516399 0.520438 0 
0.516357 0.541963 0 
0.516337 0.545131 0 
0.516326 0.516872 0 
0.516322 0.539176 0 
0.516302 0.539994 0 
0.516283 0.516402 0 
0.516275 0.518249 0 
0.516217 0.5407 0 
0.516205 0.522011 0 
0.516185 0.541632 0 
0.516171 0.538822 0 
0.516164 0.51651 0 
0.516055 0.54125 0 
0.516051 0.518559 0 
0.516038 0.516939 0 
0.516006 0.543592 0 
0.515993 0.516413 0 
0.515989 0.542352 0 
0.515988 0.519285 0 
0.515959 0.542147 0 
0.515931 0.540857 0 
0.515869 0.539669 0 
0.515857 0.540318 0 
0.515818 0.544163 0 
0.515794 0.543821 0 
0.515737 0.541113 0 
0.51573 0.518354 0 
0.51572 0.540328 0 
0.515704 0.516624 0 
0.515691 0.540491 0 
0.51566 0.517186 0 
0.515655 0.517423 0 
0.51565 0.539362 0 
0.515642 0.517738 0 
0.515633 0.518897 0 
0.515626 0.543253 0 
0.515623 0.542691 0 
0.515607 0.539619 0 
0.515578 0.517262 0 
0.515565 0.518644 0 
0.515504 0.519003 0 
0.515496 0.543529 0 
0.515452 0.51689 0 
0.515445 0.517642 0 
0.515408 0.543666 0 
0.515371 0.516513 0 
0.515341 0.519364 0 
0.515332 0.519457 0 
0.51529 0.546492 0 
0.515263 0.515699 0 
0.515251 0.51644 0 
0.515251 0.516607 0 
0.515243 0.541266 0 
0.515209 0.517361 0 
0.515187 0.51802 0 
0.515174 0.540318 0 
0.515153 0.517989 0 
0.515142 0.541113 0 
0.515137 0.538645 0 
0.515119 0.51615 0 
0.515109 0.517262 0 
0.515027 0.540765 0 
0.515014 0.543781 0 
0.514967 0.518255 0 
0.514919 0.517423 0 
0.51489 0.51931 0 
0.514881 0.514902 0 
0.514803 0.517855 0 
0.5148 0.516998 0 
0.514798 0.540857 0 
0.514731 0.542131 0 
0.51472 0.53731 0 
0.514699 0.539806 0 
0.514698 0.541651 0 
0.514691 0.517089 0 
0.51469 0.515721 0 
0.514681 0.516276 0 
0.514676 0.518436 0 
0.514672 0.541198 0 
0.514657 0.540105 0 
0.514653 0.516998 0 
0.514603 0.53731 0 
0.514577 0.54192 0 
0.51457 0.518018 0 
0.514562 0.539806 0 
0.514546 0.5406 0 
0.514543 0.518373 0 
0.514529 0.544349 0 
0.514528 0.517423 0 
0.514519 0.541266 0 
0.514504 0.51802 0 
0.514497 0.5202 0 
0.514494 0.516434 0 
0.514486 0.519571 0 
0.514465 0.540105 0 
0.514459 0.540724 0 
0.514453 0.519675 0 
0.514423 0.541619 0 
0.514409 0.546714 0 
0.514383 0.536417 0 
0.51437 0.540739 0 
0.514368 0.545257 0 
0.514368 0.541385 0 
0.514364 0.518654 0 
0.514334 0.51754 0 
0.514333 0.518637 0 
0.514323 0.540135 0 
0.514257 0.515408 0 
0.514238 0.539733 0 
0.514222 0.515251 0 
0.51421 0.516025 0 
0.514173 0.519313 0 
0.514083 0.515671 0 
0.514073 0.540092 0 
0.514013 0.517089 0 
0.513986 0.538373 0 
0.513982 0.541479 0 
0.513938 0.518027 0 
0.513932 0.515222 0 
0.51392 0.518187 0 
0.513872 0.516913 0 
0.51387 0.535364 0 
0.51385 0.539711 0 
0.513843 0.518289 0 
0.513818 0.51507 0 
0.513804 0.539499 0 
0.513768 0.539981 0 
0.513732 0.541619 0 
0.51372 0.540203 0 
0.513655 0.517281 0 
0.513653 0.516653 0 
0.513652 0.5412 0 
0.513648 0.539592 0 
0.513632 0.542244 0 
0.513604 0.540046 0 
0.513597 0.513619 0 
0.513584 0.516503 0 
0.513564 0.51933 0 
0.513559 0.51427 0 
0.51355 0.519855 0 
0.513547 0.520003 0 
0.513536 0.542947 0 
0.513515 0.540664 0 
0.513473 0.521661 0 
0.513465 0.518299 0 
0.513453 0.516391 0 
0.513444 0.514433 0 
0.513425 0.517018 0 
0.513405 0.540487 0 
0.513397 0.541362 0 
0.513322 0.516402 0 
0.513276 0.543867 0 
0.513267 0.539592 0 
0.513266 0.540487 0 
0.513182 0.53947 0 
0.513176 0.541204 0 
0.513154 0.514712 0 
0.513137 0.513235 0 
0.513053 0.538556 0 
0.513031 0.515117 0 
0.513026 0.51346 0 
0.513025 0.539472 0 
0.513012 0.515699 0 
0.512997 0.516352 0 
0.512982 0.541761 0 
0.512951 0.516811 0 
0.51295 0.516891 0 
0.51292 0.538487 0 
0.512914 0.54391 0 
0.512891 0.540206 0 
0.512876 0.539619 0 
0.512873 0.521614 0 
0.51284 0.538487 0 
0.512833 0.516628 0 
0.51281 0.518178 0 
0.512803 0.539762 0 
0.512793 0.516932 0 
0.51278 0.541197 0 
0.512765 0.513769 0 
0.512763 0.51428 0 
0.51276 0.543588 0 
0.512737 0.519465 0 
0.512718 0.539472 0 
0.512713 0.540924 0 
0.512663 0.516735 0 
0.512661 0.538195 0 
0.512645 0.519562 0 
0.512632 0.515132 0 
0.512626 0.518036 0 
0.5126 0.520365 0 
0.512566 0.539178 0 
0.512545 0.519776 0 
0.512507 0.535364 0 
0.512495 0.540665 0 
0.51249 0.518272 0 
0.512468 0.538556 0 
0.51246 0.517191 0 
0.51246 0.51865 0 
0.512449 0.542831 0 
0.512397 0.542297 0 
0.51236 0.514464 0 
0.51234 0.538556 0 
0.51233 0.541197 0 
0.51233 0.540105 0 
0.512307 0.540594 0 
0.512291 0.543248 0 
0.512289 0.538547 0 
0.512286 0.542199 0 
0.512265 0.539669 0 
0.512252 0.539291 0 
0.512185 0.544599 0 
0.512172 0.538822 0 
0.512085 0.539176 0 
0.51206 0.539669 0 
0.512059 0.514449 0 
0.512056 0.515117 0 
0.512045 0.513673 0 
0.512015 0.541936 0 
0.511972 0.51617 0 
0.51195 0.539715 0 
0.511943 0.54426 0 
0.511938 0.5406 0 
0.511934 0.520438 0 
0.511922 0.518438 0 
0.511921 0.544118 0 
0.511919 0.540594 0 
0.51191 0.540105 0 
0.511866 0.540175 0 
0.511854 0.514464 0 
0.511834 0.542199 0 
0.511818 0.544599 0 
0.511815 0.542231 0 
0.51181 0.539652 0 
0.511785 0.516702 0 
0.511782 0.516913 0 
0.511644 0.518689 0 
0.511595 0.540312 0 
0.511565 0.540681 0 
0.511548 0.540471 0 
0.511512 0.514868 0 
0.511453 0.544673 0 
0.511439 0.546499 0 
0.511435 0.541198 0 
0.511419 0.543631 0 
0.511412 0.541756 0 
0.511318 0.541198 0 
0.511316 0.544587 0 
0.511293 0.541407 0 
0.511292 0.541385 0 
0.51126 0.541088 0 
0.511239 0.542929 0 
0.511233 0.540092 0 
0.511215 0.513834 0 
0.511209 0.517689 0 
0.511188 0.539715 0 
0.511115 0.541651 0 
0.511065 0.539799 0 
0.511032 0.543078 0 
0.510773 0.540038 0 
0.510753 0.544863 0 
0.510672 0.541113 0 
0.510663 0.543241 0 
0.510598 0.541223 0 
0.510408 0.544388 0 
0.510406 0.540769 0 
0.51014 0.54113 0 
0.509889 0.541349 0 
0.509183 0.548844 0 
0.508804 0.54225 0 
0.217153 0.222269 1 
0.21639 0.221814 1 
0.216088 0.223189 1 
0.216076 0.224561 1 
0.215875 0.21972 1 
0.215562 0.22783 1 
0.21541 0.226165 1 
0.215217 0.223634 1 
0.215048 0.230873 1 
0.215014 0.228166 1 
0.214935 0.228402 1 
0.214733 0.225739 1 
0.214731 0.230757 1 
0.214686 0.224045 1 
0.214583 0.223956 1 
0.21457 0.224159 1 
0.214557 0.226594 1 
0.214556 0.223239 1 
0.214517 0.223665 1 
0.214503 0.220686 1 
0.214381 0.224211 1 
0.214266 0.225485 1 
0.214199 0.221075 1 
0.214197 0.224696 1 
0.214131 0.221075 1 
0.214074 0.221814 1 
0.213965 0.228646 1 
0.213925 0.225951 1 
0.213919 0.220364 1 
0.213909 0.225662 1 
0.21377 0.223976 1 
0.21376 0.226823 1 
0.213752 0.224949 1 
0.213544 0.230782 1 
0.213434 0.220501 1 
0.213404 0.225834 1 
0.213364 0.226171 1 
0.213321 0.22102 1 
0.213227 0.226667 1 
0.21322 0.224045 1 
0.213192 0.226423 1 
0.213171 0.225323 1 
0.213154 0.225958 1 
0.213146 0.222865 1 
0.212977 0.219822 1 
0.212912 0.221278 1 
0.212886 0.225911 1 
0.212852 0.222433 1 
0.212828 0.215179 1 
0.212765 0.227839 1 
0.212737 0.220418 1 
0.212717 0.224567 1 
0.212716 0.224526 1 
0.212695 0.22102 1 
0.212694 0.220292 1 
0.212677 0.228912 1 
0.212674 0.229237 1 
0.212508 0.226762 1 
0.212426 0.21434 1 
0.212408 0.219106 1 
0.212379 0.228124 1 
0.212354 0.226186 1 
0.212334 0.221819 1 
0.212248 0.220675 1 
0.212246 0.219167 1 
0.212179 0.225802 1 
0.212169 0.222144 1 
0.212143 0.221226 1 
0.212139 0.228627 1 
0.212139 0.220009 1 
0.212127 0.223856 1 
0.212096 0.224091 1 
0.212085 0.223627 1 
0.212053 0.227274 1 
0.212028 0.221239 1 
0.212018 0.22102 1 
0.211993 0.221278 1 
0.211958 0.222865 1 
0.211926 0.22351 1 
0.211901 0.219106 1 
0.21188 0.225814 1 
0.211847 0.225153 1 
0.211703 0.227111 1 
0.211678 0.222639 1 
0.21167 0.21434 1 
0.211661 0.225814 1 
0.211651 0.224509 1 
0.211625 0.222639 1 
0.211565 0.218818 1 
0.211502 0.212129 1 
0.21147 0.219822 1 
0.211439 0.220292 1 
0.211439 0.222865 1 
0.21141 0.23441 1 
0.211354 0.220406 1 
0.211308 0.220861 1 
0.211303 0.220033 1 
0.211256 0.226667 1 
0.211104 0.222434 1 
0.211086 0.224089 1 
0.211056 0.211143 1 
0.211022 0.222124 1 
0.210907 0.227514 1 
0.21089 0.22211 1 
0.210809 0.228124 1 
0.210767 0.223377 1 
0.210721 0.22208 1 
0.210718 0.21972 1 
0.210639 0.221624 1 
0.21058 0.223953 1 
0.210529 0.221278 1 
0.210528 0.22102 1 
0.210521 0.220292 1 
0.2105 0.224512 1 
0.210489 0.220463 1 
0.210321 0.225898 1 
0.210246 0.216513 1 
0.210146 0.223856 1 
0.210127 0.225662 1 
0.210092 0.223429 1 
0.210012 0.222468 1 
0.209957 0.219167 1 
0.209868 0.223266 1 
0.209858 0.222434 1 
0.209837 0.210125 1 
0.209804 0.222671 1 
0.209717 0.21434 1 
0.20967 0.220978 1 
0.209638 0.210373 1 
0.209619 0.222235 1 
0.209598 0.224558 1 
0.209592 0.222002 1 
0.209525 0.209574 1 
0.209512 0.22021 1 
0.209419 0.220448 1 
0.20934 0.221834 1 
0.209334 0.222124 1 
0.209302 0.210237 1 
0.209273 0.220292 1 
0.209238 0.209409 1 
0.209047 0.209143 1 
0.208946 0.219164 1 
0.208877 0.210045 1 
0.208819 0.222431 1 
0.20879 0.215179 1 
0.208769 0.227197 1 
0.208733 0.226567 1 
0.2087 0.212202 1 
0.208678 0.224091 1 
0.208673 0.209981 1 
0.20866 0.220897 1 
0.208579 0.219167 1 
0.208555 0.22021 1 
0.208532 0.222721 1 
0.208459 0.222639 1 
0.208434 0.21972 1 
0.208405 0.219167 1 
0.20839 0.226847 1 
0.20835 0.209451 1 
0.208339 0.227197 1 
0.208323 0.224045 1 
0.208308 0.226144 1 
0.208275 0.210394 1 
0.208269 0.221286 1 
0.208266 0.216513 1 
0.208257 0.208377 1 
0.208237 0.20824 1 
0.208219 0.228247 1 
0.208216 0.223169 1 
0.208137 0.210014 1 
0.208137 0.223071 1 
0.208021 0.208202 1 
0.20802 0.223951 1 
0.207964 0.220211 1 
0.207962 0.222657 1 
0.207909 0.208302 1 
0.207895 0.221235 1 
0.207827 0.208197 1 
0.207767 0.223098 1 
0.207746 0.21434 1 
0.207723 0.208443 1 
0.207699 0.223358 1 
0.207679 0.210499 1 
0.207648 0.210454 1 
0.207638 0.221664 1 
0.207606 0.223169 1 
0.207586 0.21434 1 
0.207563 0.22112 1 
0.207455 0.21079 1 
0.207452 0.225323 1 
0.207439 0.209388 1 
0.207421 0.222764 1 
0.207416 0.221235 1 
0.207396 0.22102 1 
0.207387 0.219106 1 
0.207382 0.208021 1 
0.207356 0.208015 1 
0.207335 0.207877 1 
0.207297 0.221075 1 
0.207271 0.209151 1 
0.207252 0.210097 1 
0.207251 0.208387 1 
0.207209 0.221819 1 
0.207202 0.208775 1 
0.207126 0.222404 1 
0.207038 0.209409 1 
0.206968 0.224546 1 
0.206945 0.222269 1 
0.206939 0.222405 1 
0.206915 0.222261 1 
0.206868 0.224236 1 
0.206867 0.207497 1 
0.206866 0.207111 1 
0.206865 0.221089 1 
0.206733 0.22041 1 
0.206712 0.206895 1 
0.206711 0.207064 1 
0.206706 0.222864 1 
0.20668 0.220024 1 
0.206674 0.206754 1 
0.206633 0.223239 1 
0.206633 0.210324 1 
0.206632 0.226103 1 
0.206628 0.211149 1 
0.206567 0.20756 1 
0.206552 0.210146 1 
0.206524 0.22021 1 
0.206471 0.212082 1 
0.206416 0.224045 1 
0.206398 0.208096 1 
0.206378 0.208137 1 
0.206341 0.209599 1 
0.206336 0.220211 1 
0.206312 0.222796 1 
0.206276 0.2065 1 
0.206275 0.209823 1 
0.206274 0.208121 1 
0.206262 0.207509 1 
0.206254 0.208667 1 
0.206135 0.220463 1 
0.206116 0.220364 1 
0.205961 0.221235 1 
0.205912 0.221756 1 
0.205903 0.223069 1 
0.205889 0.207441 1 
0.205832 0.206754 1 
0.205815 0.222721 1 
0.2058 0.207 1 
0.205792 0.227048 1 
0.205724 0.220463 1 
0.205705 0.220686 1 
0.205705 0.209245 1 
0.205692 0.220448 1 
0.20568 0.209459 1 
0.20568 0.208922 1 
0.205678 0.223831 1 
0.205638 0.221239 1 
0.205616 0.206362 1 
0.205562 0.22504 1 
0.20554 0.207749 1 
0.20553 0.205818 1 
0.205521 0.207288 1 
0.205488 0.205979 1 
0.205484 0.205761 1 
0.205436 0.210371 1 
0.205425 0.207733 1 
0.205398 0.206133 1 
0.205392 0.208681 1 
0.205361 0.205779 1 
0.205331 0.208345 1 
0.205314 0.210425 1 
0.205309 0.221484 1 
0.205244 0.209417 1 
0.205225 0.221075 1 
0.205217 0.20876 1 
0.205216 0.215179 1 
0.205165 0.205952 1 
0.205094 0.206399 1 
0.205057 0.210855 1 
0.204984 0.205937 1 
0.204973 0.206304 1 
0.204952 0.206819 1 
0.204867 0.220406 1 
0.20486 0.207314 1 
0.204855 0.206929 1 
0.20483 0.224206 1 
0.204783 0.208646 1 
0.204753 0.222404 1 
0.204742 0.208663 1 
0.204736 0.210432 1 
0.2047 0.205937 1 
0.204623 0.220897 1 
0.204614 0.205291 1 
0.20459 0.204591 1 
0.204577 0.207293 1 
0.204568 0.207088 1 
0.204567 0.205044 1 
0.204534 0.211971 1 
0.204463 0.20478 1 
0.204461 0.221584 1 
0.20444 0.207733 1 
0.204383 0.205671 1 
0.204327 0.224511 1 
0.204324 0.222468 1 
0.20432 0.222404 1 
0.204315 0.21972 1 
0.204296 0.209667 1 
0.204232 0.219164 1 
0.204214 0.20575 1 
0.204147 0.222764 1 
0.204091 0.209875 1 
0.204049 0.204258 1 
0.204031 0.207701 1 
0.20398 0.207866 1 
0.203974 0.22021 1 
0.203954 0.206305 1 
0.203921 0.223429 1 
0.203882 0.2199 1 
0.203875 0.212282 1 
0.203872 0.21434 1 
0.203845 0.22041 1 
0.203815 0.223543 1 
0.203804 0.220463 1 
0.203675 0.210632 1 
0.203634 0.220364 1 
0.203611 0.209047 1 
0.203597 0.222032 1 
0.203562 0.218767 1 
0.20354 0.220686 1 
0.203502 0.216513 1 
0.203218 0.223933 1 
0.203203 0.207834 1 
0.203115 0.220033 1 
0.203078 0.218818 1 
0.203074 0.208462 1 
0.203026 0.209323 1 
0.203017 0.218818 1 
0.202957 0.208234 1 
0.202956 0.21972 1 
0.202613 0.218933 1 
0.20256 0.220501 1 
0.202541 0.220849 1 
0.202479 0.221226 1 
0.202381 0.207565 1 
0.202283 0.207293 1 
0.202156 0.221286 1 
0.0999642 0.104016 2 
0.0998353 0.104415 2 
0.0997637 0.102654 2 
0.0994035 0.102785 2 
0.0992281 0.104435 2 
0.0991082 0.0999598 2 
0.0990765 0.100818 2 
0.0987034 0.100771 2 
0.0985644 0.1031 2 
0.0984149 0.10198 2 
0.098395 0.103473 2 
0.0983866 0.0992409 2 
0.0983414 0.0983611 2 
0.0978226 0.100421 2 
0.0977345 0.0996265 2 
0.0976235 0.101225 2 
0.0976077 0.0992469 2 
0.0975427 0.101848 2 
0.097529 0.0999084 2 
0.0974871 0.0988164 2 
0.0974625 0.0981676 2 
0.0973389 0.102059 2 
0.0973342 0.0988582 2 
0.0972829 0.098187 2 
0.0971363 0.0997404 2 
0.097094 0.101212 2 
0.0970762 0.107005 2 
0.0969482 0.0996005 2 
0.0968869 0.100285 2 
0.0967974 0.100645 2 
0.0966663 0.0970149 2 
0.0966095 0.101016 2 
0.0964819 0.102361 2 
0.0964346 0.0994414 2 
0.0964279 0.0964982 2 
0.0963416 0.0964982 2 
0.0963111 0.102059 2 
0.0963098 0.0988801 2 
0.0961898 0.0993689 2 
0.0961832 0.0993011 2 
0.096158 0.0964546 2 
0.0960678 0.101549 2 
0.0960372 0.103419 2 
0.095963 0.100306 2 
0.0958469 0.0977754 2 
0.0957505 0.0987377 2 
0.0957503 0.100306 2 
0.0957225 0.0997772 2 
0.0957094 0.0996265 2 
0.0955732 0.0963044 2 
0.0955406 0.099531 2 
0.0955252 0.0956406 2 
0.0955065 0.0978735 2 
0.0954802 0.096811 2 
0.0954772 0.099651 2 
0.0954678 0.0966916 2 
0.0954576 0.0956344 2 
0.0954492 0.100666 2 
0.0954262 0.0971447 2 
0.0953927 0.0970674 2 
0.0953681 0.0964546 2 
0.0953478 0.0977277 2 
0.0953366 0.0987998 2 
0.0952066 0.0957842 2 
0.0950868 0.10075 2 
0.0950363 0.098778 2 
0.0949007 0.0949199 2 
0.0948798 0.0971483 2 
0.0948694 0.0961109 2 
0.0948675 0.0977754 2 
0.0948462 0.0992809 2 
0.0947456 0.0957301 2 
0.0947423 0.096709 2 
0.0947207 0.0972328 2 
0.0946724 0.0974087 2 
0.0945894 0.0949199 2 
0.0944937 0.0994111 2 
0.0944924 0.0947653 2 
0.0944878 0.101426 2 
0.0944167 0.0949297 2 
0.0944139 0.0953708 2 
0.0943755 0.0953626 2 
0.0942664 0.0974511 2 
0.0942573 0.0970661 2 
0.0942486 0.0963982 2 
0.0942162 0.0993476 2 
0.0942161 0.0974087 2 
0.0941498 0.0977754 2 
0.094114 0.0971483 2 
0.0940873 0.0954945 2 
0.0940776 0.0999266 2 
0.094075 0.0993689 2 
0.0940741 0.102019 2 
0.0940713 0.0971447 2 
0.0940404 0.095441 2 
0.0940319 0.0954921 2 
0.0940235 0.0974511 2 
0.0939273 0.0982515 2 
0.0936945 0.0990346 2 
0.0936941 0.0964546 2 
0.0936832 0.094117 2 
0.0936786 0.0982615 2 
0.0936586 0.0984665 2 
0.0936124 0.0957301 2 
0.0933818 0.0980027 2 
0.093372 0.0934008 2 
0.0932984 0.0971446 2 
0.0932099 0.095441 2 
0.0931948 0.100265 2 
0.0931933 0.0996265 2 
0.093183 0.0954962 2 
0.0931642 0.101879 2 
0.0931307 0.095441 2 
0.0931211 0.0957301 2 
0.0931051 0.0971804 2 
0.0930555 0.0972328 2 
0.0930246 0.0971298 2 
0.0929576 0.099531 2 
0.0928599 0.0930521 2 
0.0928321 0.0953449 2 
0.0928309 0.100487 2 
0.0927668 0.0954962 2 
0.0926961 0.0970661 2 
0.092688 0.0983149 2 
0.0926876 0.0932602 2 
0.092639 0.10127 2 
0.0926061 0.0977095 2 
0.0925376 0.0967388 2 
0.0924875 0.0971483 2 
0.092487 0.0973897 2 
0.0924635 0.0949875 2 
0.0924374 0.0939733 2 
0.0924321 0.0927611 2 
0.0923881 0.0932006 2 
0.0923867 0.0934215 2 
0.0923674 0.100265 2 
0.0923319 0.095441 2 
0.0922938 0.0926271 2 
0.0922469 0.0932006 2 
0.0922236 0.0968141 2 
0.0921864 0.0949836 2 
0.0920721 0.0957246 2 
0.092045 0.0924655 2 
0.0919253 0.0998648 2 
0.0919155 0.0972403 2 
0.0918795 0.0973574 2 
0.0918241 0.0926553 2 
0.0917319 0.0930526 2 
0.091707 0.0956783 2 
0.0916896 0.0964479 2 
0.0916434 0.0916479 2 
0.091557 0.0942269 2 
0.0915554 0.0976 2 
0.0915304 0.0980687 2 
0.0915032 0.0928807 2 
0.0914965 0.0915737 2 
0.0914628 0.0983584 2 
0.0914458 0.0976 2 
0.0913517 0.0937784 2 
0.0913427 0.0993222 2 
0.0912838 0.0944844 2 
0.091225 0.0950899 2 
0.0912236 0.0926997 2 
0.0912029 0.092982 2 
0.0911743 0.0913287 2 
0.0911479 0.0957246 2 
0.0910934 0.0961398 2 
0.091089 0.0947653 2 
0.0910843 0.0917688 2 
0.0910327 0.0916569 2 
0.0909437 0.0919741 2 
0.090913 0.0910539 2 
0.0908567 0.0975279 2 
0.0908549 0.0915737 2 
0.0908192 0.0949875 2 
0.0908156 0.0964982 2 
0.0907549 0.0929345 2 
0.0907493 0.0941606 2 
0.0907069 0.0908945 2 
0.0906993 0.0985414 2 
0.0906561 0.0965586 2 
0.0906498 0.0910539 2 
0.0906436 0.0957301 2 
0.0906096 0.0913079 2 
0.0906023 0.0966916 2 
0.0905433 0.0987083 2 
0.0905415 0.0961109 2 
0.090509 0.0935478 2 
0.0904737 0.0930427 2 
0.0904715 0.0973661 2 
0.0904515 0.0920613 2 
0.0903971 0.0908851 2 
0.0903811 0.0971446 2 
0.0903371 0.0970435 2 
0.0903338 0.0973574 2 
0.0903116 0.0920613 2 
0.0902888 0.0912852 2 
0.090221 0.09083 2 
0.0902024 0.0965586 2 
0.0901405 0.0950899 2 
0.0901214 0.0939733 2 
0.0900695 0.0942269 2 
0.0900643 0.0933209 2 
0.0900078 0.0948196 2 
0.0899683 0.0967388 2 
0.0899549 0.0906033 2 
0.0899458 0.0957855 2 
0.0899418 0.0934561 2 
0.089916 0.092337 2 
0.0898663 0.0999708 2 
0.0898555 0.0934234 2 
0.0898387 0.0913194 2 
0.0897704 0.08988 2 
0.089717 0.098187 2 
0.0897109 0.0970748 2 
0.0896755 0.0944761 2 
0.0896674 0.0909663 2 
0.089654 0.0920709 2 
0.0896531 0.0909747 2 
0.0896271 0.0913649 2 
0.0895741 0.0906134 2 
0.0895443 0.0904013 2 
0.0895347 0.0909498 2 
0.0895201 0.0987083 2 
0.089508 0.09105 2 
0.0894981 0.0928139 2 
0.0894973 0.090483 2 
0.0894717 0.0962395 2 
0.0894402 0.0928228 2 
0.089425 0.0913649 2 
0.0894077 0.0925606 2 
0.0893972 0.0939733 2 
0.0893877 0.0963376 2 
0.0893504 0.0970748 2 
0.0893356 0.0964982 2 
0.0893106 0.0931136 2 
0.0892306 0.0957246 2 
0.089227 0.0893058 2 
0.0892001 0.0934623 2 
0.0891943 0.089318 2 
0.0891596 0.0965586 2 
0.0891413 0.0939733 2 
0.0891381 0.0935394 2 
0.0890439 0.0898574 2 
0.0890285 0.091782 2 
0.0890027 0.0894266 2 
0.0889702 0.0941193 2 
0.0889651 0.0956783 2 
0.0889599 0.0949836 2 
0.0888904 0.0893438 2 
0.088868 0.090483 2 
0.088865 0.0902994 2 
0.0888441 0.0962395 2 
0.088833 0.100875 2 
0.0888273 0.0916724 2 
0.0887835 0.0956406 2 
0.0887417 0.0949836 2 
0.0887128 0.093018 2 
0.0886653 0.0894266 2 
0.0886195 0.0965586 2 
0.0886083 0.0903308 2 
0.0886027 0.0949875 2 
0.0885886 0.0929027 2 
0.0885836 0.0950907 2 
0.0885705 0.0889429 2 
0.0885681 0.0975017 2 
0.088544 0.0896218 2 
0.08854 0.0901853 2 
0.088534 0.0973519 2 
0.0884135 0.0956406 2 
0.0883462 0.0964232 2 
0.0883372 0.0984665 2 
0.0882124 0.090201 2 
0.088183 0.0928932 2 
0.088157 0.0949875 2 
0.0881341 0.0932329 2 
0.0881202 0.0912404 2 
0.0881151 0.0948196 2 
0.0881011 0.0909663 2 
0.0881005 0.0890762 2 
0.0880581 0.090327 2 
0.088039 0.0887694 2 
0.088026 0.0956344 2 
0.0880145 0.0982995 2 
0.0879075 0.0990855 2 
0.0879 0.0895827 2 
0.0878942 0.0916176 2 
0.0878716 0.0947424 2 
0.0878638 0.0953708 2 
0.0878355 0.0881058 2 
0.087785 0.0893058 2 
0.087656 0.091655 2 
0.0876235 0.0902654 2 
0.0875746 0.0944844 2 
0.0875574 0.0893184 2 
0.0875461 0.093995 2 
0.0875298 0.0950668 2 
0.0875047 0.0915144 2 
0.0874611 0.0952868 2 
0.087451 0.0928305 2 
0.0874397 0.0964166 2 
0.0874258 0.0985414 2 
0.0874097 0.0926047 2 
0.0873892 0.0983986 2 
0.0873854 0.0886321 2 
0.0873409 0.0891103 2 
0.0873103 0.0919912 2 
0.087302 0.094117 2 
0.0872086 0.0894087 2 
0.0871769 0.0956344 2 
0.0871282 0.0944235 2 
0.0870453 0.0965156 2 
0.0869551 0.0906836 2 
0.0869468 0.0907851 2 
0.0869278 0.094809 2 
0.0867991 0.0907851 2 
0.0867676 0.094117 2 
0.0866454 0.0953708 2 
0.0866394 0.0961109 2 
0.0865878 0.0952605 2 
0.0865844 0.09545 2 
0.0865786 0.0966546 2 
0.0865128 0.0906782 2 
0.0864665 0.0909003 2 
0.0861877 0.0936481 2 
0.08618 0.0888973 2 
0.0488459 0.049085 3 
0.0486203 0.0495547 3 
0.0482319 0.0495119 3 
0.0474594 0.0477595 3 
0.0473728 0.0478244 3 
0.0472786 0.0475741 3 
0.0470801 0.0472769 3 
0.0470246 0.0507711 3 
0.0468876 0.0474423 3 
0.0467479 0.0478244 3 
0.04674 0.04686 3 
0.0465278 0.0469556 3 
0.0463943 0.0476553 3 
0.0462497 0.0476138 3 
0.0460695 0.0490473 3 
0.0459198 0.0470156 3 
0.0458778 0.0465239 3 
0.0457333 0.0465365 3 
0.0456741 0.0457956 3 
0.0456436 0.0465239 3 
0.0456232 0.0463863 3 
0.0454852 0.0458082 3 
0.0454256 0.0457146 3 
0.0453692 0.0467546 3 
0.0453599 0.0467717 3 
0.0452377 0.0454063 3 
0.0450866 0.0451235 3 
0.0450131 0.0451827 3 
0.0449702 0.0477608 3 
0.0448448 0.0457468 3 
0.0447471 0.047516 3 
0.0446843 0.0465999 3 
0.0446479 0.0450999 3 
0.044593 0.0469252 3 
0.0445912 0.0451463 3 
0.0445388 0.0459693 3 
0.0444591 0.0449987 3 
0.0444375 0.0457075 3 
0.0443513 0.0450374 3 
0.0443277 0.0451235 3 
0.0442549 0.0480651 3 
0.0442362 0.04425 3 
0.0442214 0.0456224 3 
0.0441881 0.0457876 3 
0.0441712 0.0446909 3 
0.0441675 0.0460204 3 
0.0440963 0.0441501 3 
0.0440893 0.0481642 3 
0.0440034 0.0447504 3 
0.0439333 0.0441361 3 
0.0439128 0.0444901 3 
0.0438944 0.0456689 3 
0.0438125 0.0460204 3 
0.0437103 0.0442654 3 
0.043698 0.0439133 3 
0.0436866 0.0439874 3 
0.0436784 0.0460556 3 
0.0436095 0.0439141 3 
0.0435601 0.0440395 3 
0.0435478 0.0438463 3 
0.0434751 0.0461858 3 
0.0434152 0.0437418 3 
0.0433868 0.0446012 3 
0.0433645 0.0449674 3 
0.0433426 0.0476063 3 
0.0433301 0.0448738 3 
0.0433056 0.0458815 3 
0.0432983 0.0440928 3 
0.0432737 0.0444231 3 
0.0432634 0.0433465 3 
0.0432575 0.0434547 3 
0.0432507 0.0437521 3 
0.0431689 0.0448096 3 
0.0431667 0.0437156 3 
0.0431618 0.0436449 3 
0.0431529 0.0459157 3 
0.0430711 0.0431398 3 
0.0430591 0.0433465 3 
0.0430288 0.044333 3 
0.0429579 0.0443992 3 
0.0429211 0.043488 3 
0.0429191 0.0429315 3 
0.0428927 0.0443351 3 
0.0428302 0.043659 3 
0.0428149 0.04282 3 
0.0427747 0.0446999 3 
0.0427733 0.0463103 3 
0.0426789 0.0429694 3 
0.0426483 0.04282 3 
0.0425645 0.0446999 3 
0.0425097 0.0444714 3 
0.0424802 0.0427333 3 
0.0424618 0.0426784 3 
0.0424487 0.0434337 3 
0.0424399 0.0453608 3 
0.0424162 0.0450605 3 
0.0424157 0.0428863 3 
0.042356 0.0440547 3 
0.0423559 0.0434523 3 
0.0423417 0.0431719 3 
0.0423401 0.0430366 3 
0.0423282 0.0448332 3 
0.0422933 0.0456743 3 
0.0422626 0.0439874 3 
0.0422544 0.0433219 3 
0.0422537 0.0440395 3 
0.042253 0.0427113 3 
0.0422082 0.0422707 3 
0.0421755 0.0422103 3 
0.0421166 0.0435299 3 
0.0421107 0.0434409 3 
0.0421028 0.0421971 3 
0.0421019 0.0423421 3 
0.0420538 0.0443632 3 
0.0420367 0.0437156 3 
0.0420308 0.0468724 3 
0.0419833 0.0442216 3 
0.0419783 0.0435345 3 
0.0419361 0.0423421 3 
0.0419101 0.0438463 3 
0.0419086 0.0427082 3 
0.0418758 0.042679 3 
0.0418544 0.0429464 3 
0.0418308 0.0429694 3 
0.0418214 0.0435345 3 
0.0417903 0.044244 3 
0.0417896 0.0421971 3 
0.0417891 0.0420082 3 
0.0417763 0.0434875 3 
0.0417567 0.0423758 3 
0.0417437 0.0422461 3 
0.0417275 0.0420962 3 
0.0417164 0.0441839 3 
0.0416948 0.0427113 3 
0.0416752 0.0442708 3 
0.0416621 0.0443562 3 
0.0416167 0.0437906 3 
0.041601 0.0435845 3 
0.0415927 0.0446919 3 
0.04158 0.0435848 3 
0.0415722 0.042482 3 
0.0415682 0.0449674 3 
0.0415543 0.0428971 3 
0.0415387 0.0441833 3 
0.0415218 0.0427631 3 
0.0415177 0.0438707 3 
0.0415145 0.0415227 3 
0.0414344 0.0456743 3 
0.0414083 0.0435176 3 
0.0413897 0.0415112 3 
0.041364 0.0422103 3 
0.0413556 0.0419002 3 
0.0413542 0.0428221 3 
0.0413387 0.042482 3 
0.0413188 0.0436601 3 
0.0413062 0.0445013 3 
0.0412872 0.0441256 3 
0.0412703 0.0427548 3 
0.0412533 0.0450374 3 
0.0412532 0.0433783 3 
0.0412241 0.0449673 3 
0.041222 0.0435299 3 
0.041216 0.0440591 3 
0.0412123 0.0448549 3 
0.0412037 0.0443632 3 
0.0412019 0.042116 3 
0.0411951 0.041495 3 
0.0411403 0.0415544 3 
0.041138 0.0426481 3 
0.0411233 0.0435056 3 
0.0411009 0.0418087 3 
0.0410592 0.0433502 3 
0.0410459 0.04282 3 
0.041039 0.0418611 3 
0.0410238 0.0439197 3 
0.0410227 0.0415384 3 
0.0410186 0.0443026 3 
0.0409833 0.0427113 3 
0.0409759 0.0410752 3 
0.0409436 0.0415282 3 
0.0409374 0.0434337 3 
0.0409346 0.0433219 3 
0.0409338 0.0413548 3 
0.0408879 0.0420082 3 
0.0408646 0.0443026 3 
0.0408162 0.043716 3 
0.0407917 0.0431398 3 
0.0407805 0.0413548 3 
0.0407646 0.0427601 3 
0.0407057 0.043586 3 
0.0407044 0.043987 3 
0.040649 0.043659 3 
0.0406395 0.0437156 3 
0.040639 0.0414537 3 
0.0406167 0.044708 3 
0.0405692 0.043716 3 
0.0405604 0.0455176 3 
0.0405556 0.04476 3 
0.0405397 0.0409451 3 
0.0405176 0.0447316 3 
0.0405176 0.0433465 3 
0.0404834 0.0445858 3 
0.040479 0.0409774 3 
0.0404684 0.0421292 3 
0.0404616 0.0434875 3 
0.0404554 0.0469865 3 
0.0404482 0.0426554 3 
0.0404435 0.0409774 3 
0.0404012 0.0439336 3 
0.0403589 0.0406122 3 
0.0403452 0.0429315 3 
0.0403432 0.0415365 3 
0.0402144 0.0436863 3 
0.0401956 0.0420456 3 
0.0401534 0.043586 3 
0.0401277 0.04561 3 
0.0400994 0.0437913 3 
0.0400861 0.0418975 3 
0.0400653 0.0447681 3 
0.0400608 0.0425207 3 
0.040033 0.0400487 3 
0.0399862 0.0432188 3 
0.0399712 0.0412971 3 
0.0399481 0.0422972 3 
0.0399385 0.0421704 3 
0.039932 0.0439716 3 
0.0399262 0.0441164 3 
0.0399192 0.0429315 3 
0.0399041 0.0428971 3 
0.0399007 0.045253 3 
0.0398752 0.040135 3 
0.0398698 0.0437675 3 
0.0398522 0.0410793 3 
0.0398476 0.0421292 3 
0.0398427 0.044606 3 
0.0398043 0.0413435 3 
0.0397828 0.0427333 3 
0.0397799 0.0440667 3 
0.0397077 0.0429402 3 
0.0396766 0.0429682 3 
0.0396718 0.0434138 3 
0.0396422 0.0408966 3 
0.039586 0.0430971 3 
0.0395409 0.043716 3 
0.0394571 0.0436518 3 
0.0394464 0.0444676 3 
0.0394322 0.0422103 3 
0.0394318 0.0437418 3 
0.0394194 0.0455573 3 
0.0393407 0.0424128 3 
0.0393098 0.0418038 3 
0.0392532 0.040588 3 
0.0392499 0.0418431 3 
0.0392314 0.0413697 3 
0.0391993 0.0430971 3 
0.0391954 0.043998 3 
0.0391807 0.0403889 3 
0.0390969 0.0441108 3 
0.0389188 0.0433587 3 
0.0235334 0.0240957 4 
0.0234394 0.0247483 4 
0.0232017 0.0232284 4 
0.022952 0.0240051 4 
0.0224529 0.0226971 4 
0.0223271 0.0224159 4 
0.0223007 0.0230943 4 
0.0222277 0.0231058 4 
0.0221175 0.0224097 4 
0.0219686 0.0229313 4 
0.0218249 0.0233354 4 
0.0217899 0.0220683 4 
0.0217594 0.02185 4 
0.0216752 0.0217242 4 
0.0216576 0.0218852 4 
0.0216358 0.0234161 4 
0.0216035 0.0221916 4 
0.0215707 0.0219673 4 
0.0215149 0.0216925 4 
0.0215061 0.0216647 4 
0.021409 0.022132 4 
0.0213841 0.0217183 4 
0.0213405 0.0218054 4 
0.0213224 0.0219374 4 
0.0212591 0.0218557 4 
0.0212503 0.0217101 4 
0.021218 0.0223827 4 
0.0211824 0.0212193 4 
0.0210187 0.021288 4 
0.0209972 0.0221003 4 
0.0209867 0.0210841 4 
0.0209411 0.0233766 4 
0.0209312 0.0209494 4 
0.0208839 0.0210559 4 
0.0208653 0.0211062 4 
0.020846 0.0210881 4 
0.0208278 0.0216787 4 
0.0208234 0.021218 4 
0.0208234 0.0210033 4 
0.0208212 0.0210033 4 
0.0208156 0.0211981 4 
0.020813 0.0224763 4 
0.0207959 0.0212473 4 
0.0207945 0.0208472 4 
0.0207353 0.0216704 4 
0.0207318 0.0211039 4 
0.0207147 0.0212449 4 
0.0206818 0.0209712 4 
0.020645 0.0216839 4 
0.0206356 0.0208773 4 
0.0206347 0.0219548 4 
0.0206344 0.0228801 4 
0.0206107 0.0206877 4 
0.0205151 0.0211981 4 
0.0204929 0.0210513 4 
0.0204247 0.021461 4 
0.0204116 0.0208801 4 
0.0204109 0.0206241 4 
0.0204002 0.0219908 4 
0.0203816 0.0205576 4 
0.020344 0.0204968 4 
0.0203419 0.0213398 4 
0.0203164 0.0203276 4 
0.0203142 0.0205882 4 
0.0203127 0.0206656 4 
0.0202755 0.0214235 4 
0.0202744 0.0204853 4 
0.0202692 0.0215656 4 
0.020262 0.020405 4 
0.020245 0.0208688 4 
0.0202268 0.0210771 4 
0.0202223 0.0202646 4 
0.0202098 0.0209975 4 
0.0202083 0.0211545 4 
0.0202058 0.0202712 4 
0.0201969 0.0213143 4 
0.0201795 0.0205681 4 
0.0201659 0.0206592 4 
0.0201637 0.0203343 4 
0.0201622 0.0214312 4 
0.0201477 0.0204463 4 
0.0201312 0.0203122 4 
0.0201068 0.0215499 4 
0.0200784 0.0213711 4 
0.020074 0.0220939 4 
0.0200482 0.0206593 4 
0.0200217 0.021288 4 
0.0200172 0.0219584 4 
0.020013 0.0201878 4 
0.02001 0.0207234 4 
0.0199952 0.0206656 4 
0.0199924 0.0208619 4 
0.0199838 0.0207378 4 
0.0199823 0.0214118 4 
0.0199609 0.0206466 4 
0.0199576 0.0209056 4 
0.0199296 0.0202964 4 
0.0199167 0.020477 4 
0.0199152 0.0209476 4 
0.0199109 0.0202348 4 
0.0198996 0.0202518 4 
0.0198901 0.0199895 4 
0.0198865 0.0212213 4 
0.0198849 0.0203412 4 
0.0198752 0.0213183 4 
0.0198709 0.0209955 4 
0.0198454 0.0211221 4 
0.0198009 0.020237 4 
0.0197888 0.0210232 4 
0.0197845 0.0202712 4 
0.019782 0.0204013 4 
0.0197501 0.0212396 4 
0.0197453 0.0216116 4 
0.0197203 0.0211062 4 
0.0197068 0.0203419 4 
0.0196742 0.0206328 4 
0.0196544 0.0212145 4 
0.0196427 0.0202712 4 
0.0196398 0.0204878 4 
0.0196386 0.0205592 4 
0.0196195 0.0200377 4 
0.0195947 0.0199709 4 
0.01959 0.0213014 4 
0.0195859 0.0206937 4 
0.0195637 0.0201599 4 
0.0195628 0.0206593 4 
0.0195451 0.0200952 4 
0.0195444 0.0204968 4 
0.0195251 0.0197605 4 
0.0195141 0.0195246 4 
0.0195058 0.0216501 4 
0.0195056 0.0207296 4 
0.0195036 0.0209955 4 
0.0194999 0.0207483 4 
0.0194943 0.0202656 4 
0.0194733 0.0204764 4 
0.0194637 0.0210959 4 
0.0194446 0.0197478 4 
0.019439 0.0204502 4 
0.0194344 0.0196217 4 
0.0194041 0.020849 4 
0.0193993 0.0214646 4 
0.019391 0.0208552 4 
0.0193847 0.0218054 4 
0.0193754 0.0210559 4 
0.0193594 0.0201379 4 
0.0193546 0.021626 4 
0.0193504 0.0208552 4 
0.0193297 0.0227063 4 
0.0193285 0.0204529 4 
0.0193008 0.0214593 4 
0.0192658 0.0196598 4 
0.0192629 0.0210724 4 
0.0192399 0.019562 4 
0.0192364 0.0195628 4 
0.0192256 0.0192354 4 
0.0192168 0.0202689 4 
0.0192121 0.0199927 4 
0.0191882 0.0207175 4 
0.0191605 0.0206987 4 
0.0191458 0.019562 4 
0.0191416 0.0203157 4 
0.0191161 0.0207029 4 
0.0191159 0.0194957 4 
0.0191136 0.0217136 4 
0.0191053 0.019968 4 
0.0190666 0.0203676 4 
0.0190652 0.0209494 4 
0.0190486 0.0207175 4 
0.0190317 0.0199709 4 
0.0190119 0.0211179 4 
0.0190086 0.0200716 4 
0.0189808 0.0215393 4 
0.0189779 0.0206241 4 
0.0189713 0.0204699 4 
0.0189282 0.0205371 4 
0.0189156 0.0213532 4 
0.0189044 0.0197383 4 
0.0188988 0.0214049 4 
0.018873 0.0209056 4 
0.0188691 0.0204719 4 
0.0188465 0.018957 4 
0.0188394 0.0215649 4 
0.0188253 0.0197264 4 
0.0188201 0.0202059 4 
0.0187994 0.020822 4 
0.0187581 0.0198992 4 
0.0187468 0.0211327 4 
0.0187273 0.020838 4 
0.0187028 0.0217571 4 
0.0186959 0.0208053 4 
0.0186784 0.0191021 4 
0.018656 0.0213845 4 
0.018654 0.0204246 4 
0.0186536 0.0191815 4 
0.0186389 0.0198222 4 
0.0186086 0.0204237 4 
0.018583 0.0194381 4 
0.018569 0.0200919 4 
0.018563 0.0204611 4 
0.0185582 0.0210959 4 
0.0184027 0.0194499 4 
0.0183849 0.0200811 4 
0.0183282 0.0208509 4 
0.0182775 0.0200525 4 
0.0179042 0.0179138 4 
0.0121313 0.0124806 5 
0.011889 0.0122953 5 
0.0117128 0.0120335 5 
0.01158 0.0116309 5 
0.0113153 0.0114857 5 
0.0112328 0.0114511 5 
0.0111115 0.0112826 5 
0.0110427 0.0113378 5 
0.0110331 0.0110785 5 
0.0110272 0.0116015 5 
0.0109384 0.0110012 5 
0.0109383 0.010985 5 
0.0108553 0.010911 5 
0.0108482 0.0115381 5 
0.0108106 0.0109875 5 
0.0107905 0.0111202 5 
0.0107467 0.0109055 5 
0.0107188 0.010803 5 
0.0106961 0.0112676 5 
0.0105713 0.010868 5 
0.0105697 0.0106326 5 
0.0105592 0.0106972 5 
0.0105582 0.011036 5 
0.0105135 0.0108084 5 
0.0104734 0.0115714 5 
0.0104536 0.0105053 5 
0.0103997 0.0104608 5 
0.0103929 0.0110012 5 
0.0103896 0.0111743 5 
0.0103824 0.0105037 5 
0.0103785 0.0105539 5 
0.0103355 0.0105879 5 
0.0103354 0.0115709 5 
0.0103169 0.0108566 5 
0.0103126 0.0112621 5 
0.0102849 0.0107182 5 
0.0102665 0.0103688 5 
0.0102526 0.0105165 5 
0.0102491 0.0108614 5 
0.0102378 0.0104578 5 
0.0102281 0.0103676 5 
0.0101661 0.0110021 5 
0.0101277 0.0103176 5 
0.0101059 0.0102629 5 
0.0100958 0.01037 5 
0.0100941 0.010255 5 
0.0100761 0.0105897 5 
0.0100728 0.0106315 5 
0.0100722 0.010436 5 
0.0100579 0.0109423 5 
0.0100546 0.0100794 5 
0.010051 0.0106326 5 
0.0100387 0.0106063 5 
0.0100346 0.0101916 5 
0.0100093 0.0104495 5 
0.0100019 0.0108739 5 
0.0100006 0.0101187 5 
0.00999993 0.0104441 5 
0.00999977 0.0100075 5 
0.00996358 0.00998762 5 
0.00996198 0.0109307 5 
0.00994399 0.0105266 5 
0.00993317 0.0103634 5 
0.00991805 0.0100868 5 
0.00990353 0.0103948 5 
0.00989543 0.0100632 5 
0.0098929 0.0102703 5 
0.00988823 0.0100642 5 
0.00988212 0.0101597 5 
0.00987535 0.0102258 5 
0.00987108 0.010378 5 
0.00986863 0.0100809 5 
0.00986829 0.0102249 5 
0.009865 0.0103486 5 
0.00986022 0.0102935 5 
0.00985409 0.0102555 5 
0.00982526 0.0104098 5 
0.0098183 0.00985099 5 
0.00979048 0.0100022 5 
0.00978125 0.010213 5 
0.00977037 0.0102407 5 
0.00976849 0.0099729 5 
0.00976425 0.0100862 5 
0.00976006 0.0102887 5 
0.00975671 0.0101204 5 
0.00974292 0.0100633 5 
0.00974289 0.0102965 5 
0.00974106 0.010259 5 
0.00974011 0.0104598 5 
0.00973948 0.0104746 5 
0.00973598 0.010135 5 
0.00973469 0.0105396 5 
0.00973019 0.0101873 5 
0.00972688 0.0103885 5 
0.009703 0.00989129 5 
0.00969984 0.00992777 5 
0.00969454 0.0105539 5 
0.00968044 0.0101196 5 
0.00966541 0.0100289 5 
0.00965144 0.00984644 5 
0.0096317 0.00997872 5 
0.00962306 0.0101426 5 
0.00961699 0.00982599 5 
0.0096141 0.00975933 5 
0.00961025 0.0101488 5 
0.00959908 0.00995114 5 
0.00958867 0.0104746 5 
0.00958811 0.00980285 5 
0.00958511 0.00996964 5 
0.0095826 0.00983302 5 
0.00957763 0.00985926 5 
0.00957736 0.0100677 5 
0.00956187 0.00999811 5 
0.00955738 0.00970402 5 
0.0095565 0.00979314 5 
0.00954606 0.010239 5 
0.0095448 0.0112605 5 
0.00954356 0.0101426 5 
0.00953502 0.010259 5 
0.00953245 0.0106542 5 
0.00951613 0.0102942 5 
0.0095017 0.00991185 5 
0.00949176 0.00961691 5 
0.00949173 0.0106065 5 
0.00949069 0.0107216 5 
0.00948168 0.0102247 5 
0.00945823 0.0105779 5 
0.00945075 0.00949842 5 
0.0094498 0.00996205 5 
0.00942533 0.0101836 5 
0.00942273 0.00991294 5 
0.00941141 0.0100632 5 
0.00940924 0.0102965 5 
0.00939433 0.0100226 5 
0.00938827 0.00941614 5 
0.00937983 0.00980773 5 
0.00937956 0.0100979 5 
0.00937829 0.0099037 5 
0.0093724 0.00953136 5 
0.0093692 0.0104907 5 
0.00935764 0.00988497 5 
0.00935323 0.00997872 5 
0.009351 0.0106027 5 
0.009337 0.0100226 5 
0.00933082 0.0100319 5 
0.00932721 0.0104202 5 
0.00931734 0.00961691 5 
0.00930672 0.0106553 5 
0.0092941 0.0104387 5 
0.00929174 0.0101204 5 
0.00924861 0.00995856 5 
0.00924268 0.00979819 5 
0.00923611 0.010449 5 
0.00923556 0.010667 5 
0.00922877 0.00939 5 
0.00922478 0.00952554 5 
0.00920742 0.0107083 5 
0.00920677 0.0100075 5 
0.00918951 0.00947585 5 
0.00918219 0.0102306 5 
0.00917805 0.0104628 5 
0.00916942 0.00922618 5 
0.00916402 0.0105203 5 
0.00915936 0.010135 5 
0.00914118 0.0101455 5 
0.00913458 0.00991294 5 
0.00912956 0.0104044 5 
0.00911814 0.00952543 5 
0.00910448 0.00995114 5 
0.00910043 0.0105975 5 
0.00904842 0.0101745 5 
0.0090288 0.0091655 5 
0.00899753 0.00942035 5 
0.00899163 0.0102212 5 
0.00893593 0.0102212 5 
0.00891392 0.00958494 5 
0.00890096 0.0100378 5 
0.00887243 0.0100669 5 
0.00857487 0.00865943 5 
0.00635963 0.00636658 6 
0.0061059 0.0061973 6 
0.00607329 0.00613768 6 
0.00600561 0.00612088 6 
0.00585661 0.00590293 6 
0.00577666 0.0059909 6 
0.00577031 0.00578114 6 
0.0056663 0.0058742 6 
0.00564263 0.00571035 6 
0.00559329 0.00572553 6 
0.00556404 0.00557038 6 
0.00553015 0.00564754 6 
0.00551992 0.0057868 6 
0.00550453 0.005547 6 
0.00549776 0.00555568 6 
0.00549257 0.00551074 6 
0.0054907 0.00553964 6 
0.00548231 0.00580705 6 
0.00547198 0.00560793 6 
0.00546966 0.00550587 6 
0.0054372 0.00583782 6 
0.00542498 0.00564372 6 
0.00542181 0.00560673 6 
0.00538728 0.00544535 6 
0.00534734 0.00572553 6 
0.00533798 0.00536417 6 
0.0053346 0.00582611 6 
0.00530993 0.00550523 6 
0.00528033 0.00560366 6 
0.00526017 0.00546367 6 
0.0052549 0.00548112 6 
0.00525392 0.00528853 6 
0.00523189 0.00554324 6 
0.00521078 0.00548946 6 
0.00518117 0.00582611 6 
0.00515893 0.00536931 6 
0.0051553 0.00521304 6 
0.00514357 0.00534506 6 
0.00514248 0.00517415 6 
0.00514205 0.00554071 6 
0.00513987 0.00522058 6 
0.00512976 0.00517446 6 
0.00512468 0.00537908 6 
0.00511457 0.00518746 6 
0.00508417 0.00511975 6 
0.00506891 0.00541126 6 
0.00506419 0.00528527 6 
0.00506368 0.00555617 6 
0.00505552 0.0052663 6 
0.00503787 0.00521915 6 
0.00502681 0.00514196 6 
0.00502336 0.00514446 6 
0.0050216 0.00518981 6 
0.00502002 0.005096 6 
0.00500101 0.00506304 6 
0.00499949 0.00500997 6 
0.00498878 0.00521294 6 
0.0049885 0.00518642 6 
0.00498807 0.00506299 6 
0.00498639 0.00523704 6 
0.00498421 0.00518981 6 
0.00497647 0.00506761 6 
0.00496363 0.00530898 6 
0.00495224 0.00532318 6 
0.00494596 0.00498823 6 
0.0049454 0.00508048 6 
0.00494499 0.00502108 6 
0.00492796 0.00526052 6 
0.00492556 0.00523638 6 
0.00491846 0.00496239 6 
0.00491654 0.00496824 6 
0.00491549 0.00518746 6 
0.00491455 0.00532318 6 
0.00491276 0.00497196 6 
0.00491175 0.00499455 6 
0.00491145 0.00530878 6 
0.00490918 0.00499314 6 
0.00490439 0.00498456 6 
0.00490398 0.00503778 6 
0.00490317 0.00514418 6 
0.00490026 0.00525855 6 
0.00489481 0.00517285 6 
0.00489458 0.00503778 6 
0.00489352 0.00505479 6 
0.00488297 0.00511644 6 
0.00488261 0.00509542 6 
0.00487761 0.00526452 6 
0.00487252 0.0053179 6 
0.00486698 0.00509617 6 
0.00485282 0.00496024 6 
0.00484295 0.00504195 6 
0.00484234 0.00503183 6 
0.00484226 0.00524505 6 
0.00483941 0.00539854 6 
0.00483432 0.00526452 6 
0.0048296 0.00522234 6 
0.00482922 0.00483305 6 
0.00482534 0.00504017 6 
0.00482457 0.00506864 6 
0.00482194 0.0052568 6 
0.00482034 0.00489625 6 
0.00481913 0.00568438 6 
0.00480724 0.00522785 6 
0.00480129 0.00492651 6 
0.00479495 0.00508223 6 
0.0047841 0.00548958 6 
0.00478389 0.00504195 6 
0.00478251 0.00528371 6 
0.00478232 0.00488965 6 
0.00477504 0.00485899 6 
0.00476812 0.0052165 6 
0.00476568 0.00500997 6 
0.00475907 0.00502482 6 
0.00475774 0.00513639 6 
0.00475114 0.00499455 6 
0.00472943 0.00509261 6 
0.00472151 0.00474213 6 
0.00471513 0.00524994 6 
0.00470924 0.00522234 6 
0.00470877 0.00496728 6 
0.00470712 0.00501586 6 
0.00470301 0.00494303 6 
0.00469566 0.00494303 6 
0.00468604 0.00490499 6 
0.00468592 0.00473954 6 
0.0046845 0.0047893 6 
0.00468107 0.00486408 6 
0.00468007 0.00492651 6 
0.00467868 0.0053313 6 
0.00467369 0.00542349 6 
0.00466333 0.00487103 6 
0.00466195 0.00508657 6 
0.00465607 0.00466269 6 
0.00464989 0.00516129 6 
0.004646 0.00514418 6 
0.00464373 0.0052573 6 
0.00463223 0.00483305 6 
0.00461195 0.00502857 6 
0.00460005 0.00523742 6 
0.00459945 0.00478896 6 
0.0045947 0.00510074 6 
0.00459375 0.00506822 6 
0.00458902 0.00532681 6 
0.00458454 0.00525064 6 
0.00458095 0.00520974 6 
0.00457722 0.00543823 6 
0.00457338 0.00503352 6 
0.00457165 0.0051106 6 
0.00456685 0.00526413 6 
0.00456516 0.00467582 6 
0.00456234 0.00507206 6 
0.00456087 0.00471034 6 
0.00455952 0.00504017 6 
0.00455293 0.00513549 6 
0.00452868 0.00496708 6 
0.00450077 0.00474582 6 
0.00450031 0.00503183 6 
0.00448604 0.00510668 6 
0.00447247 0.00515788 6 
0.00446601 0.00510668 6 
0.00443938 0.005077 6 
0.00442691 0.0048497 6 
0.00423474 0.00429509 6 
0.00315367 0.00326793 7 
0.00297739 0.00316022 7 
0.00294828 0.00297742 7 
0.00290138 0.00290525 7 
0.00289617 0.00296931 7 
0.00287292 0.00291146 7 
0.00286639 0.0029839 7 
0.00285943 0.0029341 7 
0.00285037 0.00297742 7 
0.00283932 0.00294479 7 
0.00283581 0.0029474 7 
0.00283247 0.00290901 7 
0.00282441 0.00294695 7 
0.00280472 0.00297287 7 
0.00279474 0.00302261 7 
0.00279211 0.00286618 7 
0.00274495 0.00280713 7 
0.00273566 0.0027904 7 
0.00271942 0.00285362 7 
0.00271192 0.00280944 7 
0.00269395 0.00278472 7 
0.00269156 0.002918 7 
0.0026869 0.00270438 7 
0.00268149 0.00269314 7 
0.00267982 0.00269301 7 
0.0026673 0.00285439 7 
0.00266579 0.00273271 7 
0.00265985 0.00281916 7 
0.00265302 0.00266733 7 
0.00262963 0.00297287 7 
0.00262941 0.00263901 7 
0.00261408 0.00284481 7 
0.00260541 0.00282555 7 
0.00259909 0.0027012 7 
0.00259896 0.00271464 7 
0.00259317 0.00259355 7 
0.00259152 0.00269335 7 
0.00258618 0.00261047 7 
0.00258338 0.00258583 7 
0.00256695 0.00261906 7 
0.0025666 0.00266137 7 
0.00256225 0.00262201 7 
0.00255925 0.00261177 7 
0.00254724 0.00265007 7 
0.00254694 0.002687 7 
0.00254331 0.00263669 7 
0.00253419 0.00269335 7 
0.00252766 0.0026828 7 
0.00252623 0.00256235 7 
0.00252581 0.00269597 7 
0.00252129 0.00273676 7 
0.00251678 0.00275222 7 
0.00251084 0.00261834 7 
0.00250649 0.00254146 7 
0.00250327 0.00265891 7 
0.00250251 0.00250575 7 
0.00248721 0.00255972 7 
0.00248329 0.00261482 7 
0.00248257 0.00253851 7 
0.00248079 0.0026828 7 
0.00248009 0.00263549 7 
0.00247389 0.00260111 7 
0.00247366 0.00252287 7 
0.00247208 0.00268968 7 
0.00247195 0.00252184 7 
0.00247087 0.00258535 7 
0.00246887 0.00265298 7 
0.00246744 0.00254297 7 
0.0024671 0.00258307 7 
0.00246699 0.00265448 7 
0.00246694 0.00268968 7 
0.00246583 0.00266048 7 
0.00246539 0.00259655 7 
0.00246315 0.00272534 7 
0.00246122 0.00290113 7 
0.00246064 0.00273018 7 
0.002455 0.00267205 7 
0.0024534 0.00252455 7 
0.00245196 0.00255338 7 
0.00244423 0.00254888 7 
0.00244284 0.00254888 7 
0.00244102 0.00282622 7 
0.00244036 0.00251813 7 
0.00243496 0.00246082 7 
0.00243103 0.00269783 7 
0.00242967 0.00243803 7 
0.00242855 0.00245433 7 
0.00242838 0.00265891 7 
0.00242499 0.00247346 7 
0.0024245 0.00271766 7 
0.00242429 0.00262042 7 
0.00242017 0.00245187 7 
0.00241543 0.0027408 7 
0.00241137 0.00258624 7 
0.00241029 0.00247448 7 
0.00240937 0.00251257 7 
0.00240314 0.00247102 7 
0.00239914 0.00246314 7 
0.00239476 0.00266191 7 
0.00239404 0.00247448 7 
0.00239311 0.00269609 7 
0.0023866 0.00250887 7 
0.00238009 0.00242773 7 
0.00237872 0.00279184 7 
0.00237711 0.00261267 7 
0.00236968 0.00247346 7 
0.00236519 0.00259557 7 
0.00236506 0.00255338 7 
0.00236378 0.00267417 7 
0.00235795 0.00265349 7 
0.00235695 0.0024708 7 
0.00235605 0.00247261 7 
0.0023479 0.00262201 7 
0.0023469 0.00246084 7 
0.00234504 0.00279195 7 
0.00234493 0.0026343 7 
0.00234145 0.00247164 7 
0.00234061 0.00258751 7 
0.00233898 0.0024561 7 
0.00233326 0.00254911 7 
0.00232877 0.00234796 7 
0.00232449 0.00233385 7 
0.0023244 0.00259667 7 
0.00232253 0.00251539 7 
0.00232234 0.00258624 7 
0.00231246 0.00252455 7 
0.00230164 0.00274462 7 
0.00229821 0.00256019 7 
0.00229564 0.00271 7 
0.00229018 0.00244097 7 
0.00228371 0.00260168 7 
0.00228281 0.0025807 7 
0.0022817 0.00267764 7 
0.00228021 0.00267089 7 
0.00225831 0.00258444 7 
0.0022531 0.00256421 7 
0.00224143 0.00249726 7 
0.00223906 0.00256149 7 
0.00223806 0.00224259 7 
0.00217291 0.00217407 7 
0.00215263 0.00217407 7 
0.00167268 0.00167449 8 
0.00154598 0.00162728 8 
0.0015274 0.00154078 8 
0.00151688 0.00153068 8 
0.00151405 0.00154808 8 
0.0015096 0.00152461 8 
0.0014987 0.00156429 8 
0.00149825 0.0015103 8 
0.00149718 0.00151201 8 
0.00149705 0.00150343 8 
0.0014919 0.00153316 8 
0.00147741 0.00158377 8 
0.00147565 0.00156809 8 
0.001473 0.00151684 8 
0.00146105 0.00146356 8 
0.00144807 0.00147599 8 
0.00142438 0.00142527 8 
0.00142297 0.00145968 8 
0.00142197 0.00144208 8 
0.00141479 0.00147185 8 
0.00141319 0.00145621 8 
0.00140761 0.00150603 8 
0.00139862 0.00149049 8 
0.00139575 0.00141577 8 
0.00139356 0.00148765 8 
0.00137976 0.00138405 8 
0.00137951 0.0014052 8 
0.00136539 0.00145132 8 
0.00136374 0.00136875 8 
0.00135899 0.00140829 8 
0.00135465 0.00147957 8 
0.00135058 0.00136779 8 
0.00134887 0.00139978 8 
0.00134841 0.00153316 8 
0.00133904 0.00137136 8 
0.00132937 0.00134385 8 
0.00132833 0.00132936 8 
0.00132662 0.001338 8 
0.0013242 0.00138183 8 
0.00132395 0.00136195 8 
0.001319 0.00136875 8 
0.00131693 0.00133214 8 
0.00131481 0.00136761 8 
0.00131231 0.00140166 8 
0.00131022 0.00138183 8 
0.00130978 0.00143141 8 
0.00130714 0.0013192 8 
0.0013039 0.00135256 8 
0.00130147 0.00138358 8 
0.0012996 0.0013048 8 
0.00129871 0.00141601 8 
0.00129079 0.00131469 8 
0.00128894 0.0013573 8 
0.00128801 0.00131978 8 
0.00128621 0.00129279 8 
0.0012844 0.00131685 8 
0.00128437 0.00137276 8 
0.00127842 0.00136709 8 
0.00127812 0.00137038 8 
0.00127758 0.00139139 8 
0.00127302 0.00136266 8 
0.00127049 0.00138889 8 
0.00126928 0.00127957 8 
0.00126763 0.00132342 8 
0.001267 0.00149587 8 
0.00126506 0.00139484 8 
0.00126501 0.00133 8 
0.00126453 0.00131109 8 
0.00126434 0.0013858 8 
0.0012643 0.00131478 8 
0.00126223 0.0014769 8 
0.00126191 0.00131752 8 
0.00126174 0.00141699 8 
0.00126153 0.00133644 8 
0.0012596 0.00136875 8 
0.0012593 0.00131836 8 
0.00125923 0.00130629 8 
0.00125753 0.00125957 8 
0.00125638 0.00125962 8 
0.00125492 0.00135314 8 
0.00125472 0.00128381 8 
0.00125119 0.00129069 8 
0.0012477 0.00131564 8 
0.00124658 0.00132872 8 
0.00124319 0.00137179 8 
0.00124104 0.00135481 8 
0.00124009 0.00130723 8 
0.00123738 0.00135442 8 
0.00123715 0.0013793 8 
0.00123715 0.00125962 8 
0.0012343 0.00126076 8 
0.00123343 0.0013706 8 
0.0012333 0.00137386 8 
0.00123217 0.00135629 8 
0.00122933 0.00126125 8 
0.00122858 0.00144548 8 
0.00122795 0.00135054 8 
0.00122633 0.00131978 8 
0.00122535 0.00135819 8 
0.00122427 0.00127109 8 
0.00122162 0.0012217 8 
0.00121954 0.00132247 8 
0.00121883 0.00128125 8 
0.00121828 0.00145067 8 
0.00121571 0.0012612 8 
0.00121546 0.00132342 8 
0.00121472 0.0012859 8 
0.00120988 0.0012623 8 
0.00120896 0.00127405 8 
0.00120701 0.0013037 8 
0.0012045 0.00136818 8 
0.00120221 0.00130224 8 
0.0012016 0.00134186 8 
0.0011995 0.00128381 8 
0.00119407 0.00141727 8 
0.00119324 0.00121433 8 
0.00118331 0.00138496 8 
0.00118328 0.0012217 8 
0.00117988 0.00128034 8 
0.0011792 0.00119635 8 
0.00117879 0.00131925 8 
0.00117683 0.00130857 8 
0.00117636 0.00134078 8 
0.00117615 0.0013651 8 
0.00117198 0.00138395 8 
0.00115934 0.00130299 8 
0.00115838 0.00131644 8 
0.00115816 0.00131951 8 
0.00115511 0.00133269 8 
0.00115409 0.00116961 8 
0.00115226 0.00133558 8 
0.00106719 0.00111848 8 
0.000807635 0.000838352 9 
0.000798306 0.000836259 9 
0.00079754 0.000806131 9 
0.000791965 0.000804629 9 
0.000788761 0.00081835 9 
0.000787621 0.000835025 9 
0.000779561 0.000842631 9 
0.000769591 0.000789351 9 
0.000759074 0.000759617 9 
0.000757967 0.000771172 9 
0.000756023 0.000788735 9 
0.000751476 0.000756092 9 
0.000745308 0.000761969 9 
0.000743819 0.000757459 9 
0.000743215 0.000768225 9 
0.000741978 0.000761198 9 
0.000741923 0.000784213 9 
0.00073944 0.00078658 9 
0.000736034 0.00074087 9 
0.000735463 0.000799969 9 
0.000719672 0.000746407 9 
0.000718416 0.000723497 9 
0.000718144 0.000723069 9 
0.000715826 0.00071674 9 
0.000715248 0.000743677 9 
0.000711288 0.000775361 9 
0.000706322 0.000733461 9 
0.000701598 0.00070848 9 
0.000697737 0.000700366 9 
0.000697636 0.0007055 9 
0.000697508 0.000797518 9 
0.000696264 0.0007055 9 
0.000696065 0.000709162 9 
0.000695014 0.000702392 9 
0.000694836 0.000698926 9 
0.000693494 0.000699781 9 
0.000690499 0.000729721 9 
0.000688763 0.000706586 9 
0.000687913 0.000702101 9 
0.000685882 0.0007183 9 
0.000685078 0.0007183 9 
0.000684843 0.000706921 9 
0.000683453 0.000688018 9 
0.000681032 0.000738106 9 
0.0006792 0.000757154 9 
0.000678424 0.000707811 9 
0.00067765 0.000712557 9 
0.00067638 0.00067946 9 
0.000675982 0.000676984 9 
0.000675692 0.000733542 9 
0.000673133 0.000705806 9 
0.000672363 0.000680089 9 
0.00067004 0.000729721 9 
0.000669601 0.000704446 9 
0.000668601 0.000787497 9 
0.000667518 0.000715296 9 
0.000666041 0.000711789 9 
0.000665823 0.000714281 9 
0.000665818 0.00072674 9 
0.000665785 0.000700366 9 
0.00066567 0.000713967 9 
0.000664854 0.000693391 9 
0.000660738 0.000719531 9 
0.000660317 0.000671542 9 
0.000660172 0.000777552 9 
0.000656996 0.000709369 9 
0.000655666 0.000681058 9 
0.000655502 0.000709575 9 
0.000654782 0.00068563 9 
0.000653419 0.000710226 9 
0.000651469 0.000702392 9 
0.000651135 0.000734347 9 
0.000650659 0.000675761 9 
0.000648366 0.000687473 9 
0.000647827 0.000695365 9 
0.000647685 0.000697596 9 
0.000646677 0.000706246 9 
0.000646248 0.000660281 9 
0.000645578 0.00071852 9 
0.000644743 0.000688703 9 
0.000644163 0.00070986 9 
0.000643969 0.000719688 9 
0.000643714 0.000670071 9 
0.000642306 0.00075355 9 
0.000641861 0.000665109 9 
0.000641167 0.000661525 9 
0.000641149 0.000688018 9 
0.000638911 0.000653026 9 
0.000638469 0.000721062 9 
0.000637337 0.00065443 9 
0.000636687 0.000751718 9 
0.00063628 0.000649405 9 
0.000635608 0.00069183 9 
0.000633947 0.000651027 9 
0.000631797 0.000712751 9 
0.000629007 0.000681797 9 
0.000628746 0.000660281 9 
0.000628119 0.000698669 9 
0.000627634 0.000747575 9 
0.000627544 0.000681058 9 
0.000627353 0.000652289 9 
0.000626865 0.000659765 9 
0.000626691 0.000671939 9 
0.000625494 0.000630317 9 
0.000624412 0.000716789 9 
0.000618045 0.000718151 9 
0.000617421 0.000684137 9 
0.000617093 0.000635326 9 
0.00061636 0.000625167 9 
0.000615935 0.000681557 9 
0.000613498 0.000707274 9 
0.000613435 0.000683176 9 
0.000608967 0.000712751 9 
0.000608757 0.000680527 9 
0.000604282 0.000604705 9 
0.000603591 0.000664159 9 
0.000601422 0.00067946 9 
0.00060129 0.000616318 9 
0.000600742 0.000700338 9 
0.000599589 0.000689954 9 
0.00059608 0.000709546 9 
0.000595194 0.000612402 9 
0.000590515 0.000690779 9 
0.000536157 0.000583016 9 
