0 0.501132 0 
0 0.502016 0 
0 0.502304 0 
0 0.502318 0 
0 0.502849 0 
0 0.503067 0 
0 0.50328 0 
0 0.503375 0 
0 0.503947 0 
0 0.504398 0 
0 0.50456 0 
0 0.504788 0 
0 0.504977 0 
0 0.505137 0 
0 0.505151 0 
0 0.505304 0 
0 0.505774 0 
0 0.505792 0 
0 0.505803 0 
0 0.50621 0 
0 0.50654 0 
0 0.50665 0 
0 0.506689 0 
0 0.506845 0 
0 0.506857 0 
0 0.506977 0 
0 0.507154 0 
0 0.507214 0 
0 0.507278 0 
0 0.507379 0 
0 0.507439 0 
0 0.507595 0 
0 0.507651 0 
0 0.507664 0 
0 0.507826 0 
0 0.507842 0 
0 0.507893 0 
0 0.507913 0 
0 0.507938 0 
0 0.508145 0 
0 0.508207 0 
0 0.508227 0 
0 0.508278 0 
0 0.508282 0 
0 0.5084 0 
0 0.508421 0 
0 0.508451 0 
0 0.508455 0 
0 0.50854 0 
0 0.508573 0 
0 0.508625 0 
0 0.508637 0 
0 0.508726 0 
0 0.508808 0 
0 0.508856 0 
0 0.508969 0 
0 0.50897 0 
0 0.509045 0 
0 0.509049 0 
0 0.509096 0 
0 0.509137 0 
0 0.509173 0 
0 0.509324 0 
0 0.509384 0 
0 0.509444 0 
0 0.509477 0 
0 0.509532 0 
0 0.509546 0 
0 0.509552 0 
0 0.509569 0 
0 0.509577 0 
0 0.509624 0 
0 0.509642 0 
0 0.509688 0 
0 0.509701 0 
0 0.509707 0 
0 0.509781 0 
0 0.509798 0 
0 0.509801 0 
0 0.509868 0 
0 0.509921 0 
0 0.509922 0 
0 0.509953 0 
0 0.509979 0 
0 0.509985 0 
0 0.510091 0 
0 0.510103 0 
0 0.510246 0 
0 0.510264 0 
0 0.510269 0 
0 0.510333 0 
0 0.510377 0 
0 0.510381 0 
0 0.510473 0 
0 0.510504 0 
0 0.510618 0 
0 0.510656 0 
0 0.510691 0 
0 0.510765 0 
0 0.510771 0 
0 0.510819 0 
0 0.510844 0 
0 0.510854 0 
0 0.510919 0 
0 0.510938 0 
0 0.510957 0 
0 0.511119 0 
0 0.511124 0 
0 0.51127 0 
0 0.511386 0 
0 0.511651 0 
0 0.511654 0 
0 0.511733 0 
0 0.511842 0 
0 0.511862 0 
0 0.511919 0 
0 0.511954 0 
0 0.512019 0 
0 0.512376 0 
0 0.512391 0 
0 0.512487 0 
0 0.512706 0 
0 0.512812 0 
0 0.512902 0 
0 0.51299 0 
0 0.51312 0 
0 0.513291 0 
0 inf 0 
0 0.192924 1 
0 0.194598 1 
0 0.195215 1 
0 0.197673 1 
0 0.197692 1 
0 0.198521 1 
0 0.198754 1 
0 0.198763 1 
0 0.198816 1 
0 0.199035 1 
0 0.199054 1 
0 0.199218 1 
0 0.199562 1 
0 0.199767 1 
0 0.199817 1 
0 0.199928 1 
0 0.199978 1 
0 0.200013 1 
0 0.20007 1 
0 0.20016 1 
0 0.200244 1 
0 0.200291 1 
0 0.200396 1 
0 0.200407 1 
0 0.200535 1 
0 0.200559 1 
0 0.200606 1 
0 0.200647 1 
0 0.200678 1 
0 0.200685 1 
0 0.200695 1 
0 0.200718 1 
0 0.200736 1 
0 0.200753 1 
0 0.200776 1 
0 0.200809 1 
0 0.200813 1 
0 0.200835 1 
0 0.200911 1 
0 0.201141 1 
0 0.201169 1 
0 0.201184 1 
0 0.201248 1 
0 0.201268 1 
0 0.201305 1 
0 0.201311 1 
0 0.201323 1 
0 0.201466 1 
0 0.201468 1 
0 0.201496 1 
0 0.201545 1 
0 0.201584 1 
0 0.201585 1 
0 0.201623 1 
0 0.201644 1 
0 0.201652 1 
0 0.201659 1 
0 0.201669 1 
0 0.201681 1 
0 0.20171 1 
0 0.201725 1 
0 0.201733 1 
0 0.201823 1 
0 0.201944 1 
0 0.201948 1 
0 0.202007 1 
0 0.20209 1 
0 0.202096 1 
0 0.202122 1 
0 0.202166 1 
0 0.20217 1 
0 0.20228 1 
0 0.202312 1 
0 0.202366 1 
0 0.20239 1 
0 0.202398 1 
0 0.202465 1 
0 0.2025 1 
0 0.202515 1 
0 0.202516 1 
0 0.202529 1 
0 0.202546 1 
0 0.202685 1 
0 0.20276 1 
0 0.202762 1 
0 0.20278 1 
0 0.202781 1 
0 0.202837 1 
0 0.202845 1 
0 0.202894 1 
0 0.202917 1 
0 0.202936 1 
0 0.202968 1 
0 0.202974 1 
0 0.203126 1 
0 0.203195 1 
0 0.203223 1 
0 0.203231 1 
0 0.203262 1 
0 0.203317 1 
0 0.203328 1 
0 0.203388 1 
0 0.203496 1 
0 0.203505 1 
0 0.20353 1 
0 0.203628 1 
0 0.203628 1 
0 0.203633 1 
0 0.203639 1 
0 0.203689 1 
0 0.20369 1 
0 0.20396 1 
0 0.203973 1 
0 0.204109 1 
0 0.204272 1 
0 0.204317 1 
0 0.20432 1 
0 0.204518 1 
0 0.204607 1 
0 0.204624 1 
0 0.204692 1 
0 0.204705 1 
0 0.204715 1 
0 0.204786 1 
0 0.205261 1 
0 0.205478 1 
0 0.205756 1 
0 inf 1 
0 0.0793985 2 
0 0.0794818 2 
0 0.0820185 2 
0 0.0832304 2 
0 0.0833976 2 
0 0.0836244 2 
0 0.0836729 2 
0 0.083801 2 
0 0.0838272 2 
0 0.0838715 2 
0 0.0839906 2 
0 0.0841016 2 
0 0.0841102 2 
0 0.0842695 2 
0 0.0842699 2 
0 0.0843109 2 
0 0.084355 2 
0 0.0845807 2 
0 0.0845995 2 
0 0.0846994 2 
0 0.0847455 2 
0 0.08478 2 
0 0.0848238 2 
0 0.084841 2 
0 0.0849212 2 
0 0.0849829 2 
0 0.0851074 2 
0 0.0851364 2 
0 0.0851934 2 
0 0.0852744 2 
0 0.0853167 2 
0 0.0854203 2 
0 0.0854206 2 
0 0.0854419 2 
0 0.0854436 2 
0 0.085504 2 
0 0.0855427 2 
0 0.0856021 2 
0 0.0856621 2 
0 0.0856676 2 
0 0.0856884 2 
0 0.0857298 2 
0 0.085746 2 
0 0.0857468 2 
0 0.085754 2 
0 0.0857651 2 
0 0.0857739 2 
0 0.0857921 2 
0 0.085822 2 
0 0.0858292 2 
0 0.0858345 2 
0 0.0858483 2 
0 0.0858553 2 
0 0.0858978 2 
0 0.0859714 2 
0 0.0859924 2 
0 0.0860111 2 
0 0.0860955 2 
0 0.0861038 2 
0 0.0861641 2 
0 0.0861959 2 
0 0.0862355 2 
0 0.0862978 2 
0 0.0863415 2 
0 0.0863725 2 
0 0.0864042 2 
0 0.0864064 2 
0 0.0864426 2 
0 0.0864446 2 
0 0.0864569 2 
0 0.0864746 2 
0 0.0865192 2 
0 0.0865201 2 
0 0.0865725 2 
0 0.0866243 2 
0 0.0866286 2 
0 0.0866293 2 
0 0.0867244 2 
0 0.0867577 2 
0 0.0867876 2 
0 0.086853 2 
0 0.0868898 2 
0 0.0869313 2 
0 0.0869315 2 
0 0.0869407 2 
0 0.0869485 2 
0 0.0869498 2 
0 0.0869862 2 
0 0.0870225 2 
0 0.0870722 2 
0 0.0871264 2 
0 0.0871553 2 
0 0.0871676 2 
0 0.0871693 2 
0 0.0871893 2 
0 0.087225 2 
0 0.0872931 2 
0 0.0873672 2 
0 0.0873943 2 
0 0.0874487 2 
0 0.0874778 2 
0 0.0875634 2 
0 0.0876411 2 
0 0.0877491 2 
0 0.0878004 2 
0 0.0878322 2 
0 0.0878652 2 
0 0.0879205 2 
0 0.0879341 2 
0 0.0879774 2 
0 0.0880025 2 
0 0.0881586 2 
0 0.088289 2 
0 0.0882924 2 
0 0.0883518 2 
0 0.0883584 2 
0 0.0884328 2 
0 0.0885093 2 
0 0.0886107 2 
0 0.0886484 2 
0 0.0887247 2 
0 0.0892296 2 
0 0.0892752 2 
0 0.0896362 2 
0 0.0897204 2 
0 0.0897826 2 
0 0.0917763 2 
0 inf 2 
0 0.0341578 3 
0 0.0346479 3 
0 0.0364232 3 
0 0.0366888 3 
0 0.0369078 3 
0 0.0369801 3 
0 0.037159 3 
0 0.0373193 3 
0 0.0373452 3 
0 0.0373709 3 
0 0.0375348 3 
0 0.0375529 3 
0 0.0375893 3 
0 0.0377035 3 
0 0.0377204 3 
0 0.0378033 3 
0 0.0378411 3 
0 0.0379012 3 
0 0.0379266 3 
0 0.0379471 3 
0 0.0379514 3 
0 0.0379944 3 
0 0.0380219 3 
0 0.0380309 3 
0 0.0381613 3 
0 0.0381941 3 
0 0.0382116 3 
0 0.0382168 3 
0 0.0382562 3 
0 0.0382825 3 
0 0.0383162 3 
0 0.0384106 3 
0 0.0384236 3 
0 0.0384352 3 
0 0.0384743 3 
0 0.0384758 3 
0 0.0384815 3 
0 0.0385619 3 
0 0.0385741 3 
0 0.0385843 3 
0 0.0386259 3 
0 0.038674 3 
0 0.0387013 3 
0 0.0387066 3 
0 0.0387265 3 
0 0.0387332 3 
0 0.038737 3 
0 0.038737 3 
0 0.0388191 3 
0 0.0388222 3 
0 0.0388267 3 
0 0.0388316 3 
0 0.0388434 3 
0 0.0389432 3 
0 0.0389692 3 
0 0.0389779 3 
0 0.0389805 3 
0 0.0390005 3 
0 0.0390082 3 
0 0.0390519 3 
0 0.0390608 3 
0 0.0390642 3 
0 0.0391087 3 
0 0.0391235 3 
0 0.0391319 3 
0 0.03921 3 
0 0.0392418 3 
0 0.0392606 3 
0 0.0392719 3 
0 0.0392726 3 
0 0.0392772 3 
0 0.0392992 3 
0 0.0393066 3 
0 0.0393184 3 
0 0.0393233 3 
0 0.0393277 3 
0 0.0393481 3 
0 0.0393705 3 
0 0.0393832 3 
0 0.0393891 3 
0 0.0394079 3 
0 0.0394145 3 
0 0.039415 3 
0 0.0394325 3 
0 0.0394329 3 
0 0.0394467 3 
0 0.0394494 3 
0 0.0394703 3 
0 0.0395026 3 
0 0.0395092 3 
0 0.0395684 3 
0 0.0395892 3 
0 0.0396164 3 
0 0.0396307 3 
0 0.0396632 3 
0 0.0396821 3 
0 0.0396937 3 
0 0.0397438 3 
0 0.0397459 3 
0 0.0397735 3 
0 0.0398171 3 
0 0.0398889 3 
0 0.0400134 3 
0 0.0400295 3 
0 0.040032 3 
0 0.0400569 3 
0 0.0400914 3 
0 0.0401025 3 
0 0.0402095 3 
0 0.0402566 3 
0 0.0402806 3 
0 0.040303 3 
0 0.0403689 3 
0 0.0403934 3 
0 0.0404225 3 
0 0.0404392 3 
0 0.0404736 3 
0 0.0405799 3 
0 0.0406048 3 
0 0.0408355 3 
0 0.0413798 3 
0 0.0414508 3 
0 0.0415022 3 
0 0.0415143 3 
0 0.0415736 3 
0 0.0423638 3 
0 0.0430516 3 
0 inf 3 
0 0.0154622 4 
0 0.015772 4 
0 0.0166009 4 
0 0.0167052 4 
0 0.0170104 4 
0 0.0170498 4 
0 0.0171102 4 
0 0.0172796 4 
0 0.0174334 4 
0 0.0174743 4 
0 0.0174843 4 
0 0.0175387 4 
0 0.0175902 4 
0 0.0176001 4 
0 0.0176134 4 
0 0.0176318 4 
0 0.0176397 4 
0 0.0176402 4 
0 0.017754 4 
0 0.0177655 4 
0 0.0177708 4 
0 0.0177838 4 
0 0.0178168 4 
0 0.0178416 4 
0 0.0178421 4 
0 0.0178436 4 
0 0.0178746 4 
0 0.0179139 4 
0 0.0179317 4 
0 0.0179622 4 
0 0.0179657 4 
0 0.0179664 4 
0 0.0179844 4 
0 0.0180031 4 
0 0.0180362 4 
0 0.0180394 4 
0 0.0180461 4 
0 0.0180507 4 
0 0.0181096 4 
0 0.0181232 4 
0 0.0181783 4 
0 0.0181824 4 
0 0.0181887 4 
0 0.0182036 4 
0 0.0182067 4 
0 0.0182128 4 
0 0.0182147 4 
0 0.0182342 4 
0 0.0182684 4 
0 0.0182779 4 
0 0.0182978 4 
0 0.0183026 4 
0 0.0183085 4 
0 0.0183239 4 
0 0.0183274 4 
0 0.0183395 4 
0 0.0183735 4 
0 0.018383 4 
0 0.0183939 4 
0 0.018401 4 
0 0.0184174 4 
0 0.0184374 4 
0 0.0184867 4 
0 0.0185057 4 
0 0.0185207 4 
0 0.0185303 4 
0 0.0185533 4 
0 0.0185621 4 
0 0.018573 4 
0 0.0185752 4 
0 0.0185983 4 
0 0.018609 4 
0 0.0186322 4 
0 0.0186337 4 
0 0.0186339 4 
0 0.0186408 4 
0 0.0186664 4 
0 0.0186739 4 
0 0.018684 4 
0 0.0187041 4 
0 0.0187084 4 
0 0.0187143 4 
0 0.0187201 4 
0 0.0187258 4 
0 0.0187278 4 
0 0.0187321 4 
0 0.0187442 4 
0 0.0187481 4 
0 0.0187708 4 
0 0.0187759 4 
0 0.0187765 4 
0 0.0187815 4 
0 0.0188085 4 
0 0.0188124 4 
0 0.0188341 4 
0 0.0188611 4 
0 0.0188843 4 
0 0.0189482 4 
0 0.0189508 4 
0 0.0189778 4 
0 0.0189918 4 
0 0.0189939 4 
0 0.0190456 4 
0 0.019071 4 
0 0.0191522 4 
0 0.019183 4 
0 0.0191966 4 
0 0.0192349 4 
0 0.0192364 4 
0 0.0192383 4 
0 0.0192722 4 
0 0.0192855 4 
0 0.0193129 4 
0 0.0193276 4 
0 0.0193302 4 
0 0.0193384 4 
0 0.0193403 4 
0 0.0194267 4 
0 0.0194988 4 
0 0.0196654 4 
0 0.0196693 4 
0 0.019818 4 
0 0.0198851 4 
0 0.0201498 4 
0 0.0205792 4 
0 0.0207672 4 
0 0.0209603 4 
0 inf 4 
0 0.00731752 5 
0 0.00742288 5 
0 0.00781654 5 
0 0.0078634 5 
0 0.00812254 5 
0 0.00813808 5 
0 0.00814085 5 
0 0.00815311 5 
0 0.00817691 5 
0 0.00835378 5 
0 0.00835435 5 
0 0.00837658 5 
0 0.00839843 5 
0 0.00844349 5 
0 0.00847652 5 
0 0.00848533 5 
0 0.00848634 5 
0 0.00849753 5 
0 0.00854612 5 
0 0.00856551 5 
0 0.00857548 5 
0 0.00858177 5 
0 0.00858738 5 
0 0.00858838 5 
0 0.00860909 5 
0 0.00863223 5 
0 0.00863225 5 
0 0.00863821 5 
0 0.00865014 5 
0 0.00866397 5 
0 0.00867928 5 
0 0.00869639 5 
0 0.00871832 5 
0 0.00871894 5 
0 0.00872384 5 
0 0.0087428 5 
0 0.00874456 5 
0 0.00875221 5 
0 0.00875304 5 
0 0.00875957 5 
0 0.00876855 5 
0 0.00879684 5 
0 0.0087976 5 
0 0.00880741 5 
0 0.00880753 5 
0 0.00881463 5 
0 0.00882405 5 
0 0.00884348 5 
0 0.00885842 5 
0 0.00887841 5 
0 0.00889345 5 
0 0.00890176 5 
0 0.00890183 5 
0 0.00892122 5 
0 0.00894013 5 
0 0.00896514 5 
0 0.00896758 5 
0 0.00897305 5 
0 0.00897309 5 
0 0.0089877 5 
0 0.00898855 5 
0 0.00899812 5 
0 0.00900263 5 
0 0.009018 5 
0 0.00902834 5 
0 0.00904521 5 
0 0.00905644 5 
0 0.00907801 5 
0 0.00908162 5 
0 0.00908285 5 
0 0.00908727 5 
0 0.00908796 5 
0 0.00908836 5 
0 0.00909662 5 
0 0.00910962 5 
0 0.00911927 5 
0 0.00912616 5 
0 0.00912895 5 
0 0.00914358 5 
0 0.00915141 5 
0 0.00916454 5 
0 0.00916577 5 
0 0.00917782 5 
0 0.00918023 5 
0 0.00918587 5 
0 0.00918659 5 
0 0.00919044 5 
0 0.00920619 5 
0 0.00921013 5 
0 0.00921941 5 
0 0.00923493 5 
0 0.00925661 5 
0 0.00926149 5 
0 0.0092881 5 
0 0.0092987 5 
0 0.00929951 5 
0 0.00930402 5 
0 0.00931562 5 
0 0.00933353 5 
0 0.00934708 5 
0 0.00934803 5 
0 0.00934985 5 
0 0.00938641 5 
0 0.0093939 5 
0 0.00941604 5 
0 0.00942189 5 
0 0.00942365 5 
0 0.00944782 5 
0 0.00945357 5 
0 0.00946337 5 
0 0.00948788 5 
0 0.00952547 5 
0 0.00954056 5 
0 0.00954301 5 
0 0.0095458 5 
0 0.00955007 5 
0 0.00955012 5 
0 0.00956753 5 
0 0.00961731 5 
0 0.00963051 5 
0 0.00966928 5 
0 0.00974864 5 
0 0.00981435 5 
0 0.0099287 5 
0 0.010206 5 
0 0.0104603 5 
0 0.0106784 5 
0 inf 5 
0 0.00358707 6 
0 0.00359452 6 
0 0.00377942 6 
0 0.00380726 6 
0 0.00391641 6 
0 0.00397101 6 
0 0.00398022 6 
0 0.00399049 6 
0 0.00399374 6 
0 0.00401804 6 
0 0.0040304 6 
0 0.00406074 6 
0 0.00409096 6 
0 0.00413266 6 
0 0.00416311 6 
0 0.00416352 6 
0 0.00416882 6 
0 0.00418557 6 
0 0.0041995 6 
0 0.00421026 6 
0 0.00421388 6 
0 0.00421487 6 
0 0.00423006 6 
0 0.00423736 6 
0 0.00424904 6 
0 0.0042525 6 
0 0.00427144 6 
0 0.00427529 6 
0 0.00429379 6 
0 0.00429431 6 
0 0.004296 6 
0 0.00429962 6 
0 0.00430386 6 
0 0.00431172 6 
0 0.00432655 6 
0 0.0043306 6 
0 0.00433069 6 
0 0.00434206 6 
0 0.00435484 6 
0 0.00435915 6 
0 0.00436027 6 
0 0.00436238 6 
0 0.00436324 6 
0 0.0043684 6 
0 0.00437205 6 
0 0.00437386 6 
0 0.00437505 6 
0 0.00437852 6 
0 0.00439327 6 
0 0.0044104 6 
0 0.00441128 6 
0 0.00441746 6 
0 0.0044194 6 
0 0.00442295 6 
0 0.00443393 6 
0 0.00445197 6 
0 0.00445378 6 
0 0.00445735 6 
0 0.00446174 6 
0 0.00446836 6 
0 0.00447573 6 
0 0.00448778 6 
0 0.00449199 6 
0 0.00451265 6 
0 0.00451425 6 
0 0.00453129 6 
0 0.00453138 6 
0 0.0045318 6 
0 0.00453569 6 
0 0.00455007 6 
0 0.00455039 6 
0 0.00455133 6 
0 0.00457171 6 
0 0.0045763 6 
0 0.00457665 6 
0 0.00458047 6 
0 0.00458452 6 
0 0.00458452 6 
0 0.00458488 6 
0 0.00458608 6 
0 0.00459989 6 
0 0.00460854 6 
0 0.00461512 6 
0 0.00461701 6 
0 0.00462203 6 
0 0.00462483 6 
0 0.00462897 6 
0 0.00464021 6 
0 0.00464162 6 
0 0.00464188 6 
0 0.0046499 6 
0 0.00465118 6 
0 0.00465121 6 
0 0.00465306 6 
0 0.00465528 6 
0 0.00468015 6 
0 0.00468379 6 
0 0.00468596 6 
0 0.00469016 6 
0 0.0047024 6 
0 0.00470267 6 
0 0.0047051 6 
0 0.0047104 6 
0 0.00471535 6 
0 0.00473197 6 
0 0.00473403 6 
0 0.00474847 6 
0 0.0047499 6 
0 0.00475019 6 
0 0.00475269 6 
0 0.00475315 6 
0 0.00478191 6 
0 0.00479609 6 
0 0.00479684 6 
0 0.00479831 6 
0 0.00480409 6 
0 0.00481803 6 
0 0.00483331 6 
0 0.00484438 6 
0 0.00487548 6 
0 0.0048795 6 
0 0.00493236 6 
0 0.00494628 6 
0 0.00496592 6 
0 0.00508722 6 
0 0.00536084 6 
0 0.00554685 6 
0 inf 6 
0 0.00177136 7 
0 0.00181945 7 
0 0.00186835 7 
0 0.00188843 7 
0 0.00192951 7 
0 0.00195549 7 
0 0.00197107 7 
0 0.00197516 7 
0 0.00198661 7 
0 0.00199808 7 
0 0.00201163 7 
0 0.00201203 7 
0 0.00202688 7 
0 0.00203919 7 
0 0.00204301 7 
0 0.00205148 7 
0 0.0020562 7 
0 0.00207845 7 
0 0.00208793 7 
0 0.00209775 7 
0 0.00210698 7 
0 0.00210794 7 
0 0.00212695 7 
0 0.00214884 7 
0 0.00215022 7 
0 0.00215293 7 
0 0.00215424 7 
0 0.00215456 7 
0 0.00216233 7 
0 0.0021664 7 
0 0.00217083 7 
0 0.0021737 7 
0 0.00218026 7 
0 0.00218378 7 
0 0.00218441 7 
0 0.00218632 7 
0 0.00218834 7 
0 0.00219164 7 
0 0.00219251 7 
0 0.00219269 7 
0 0.00219365 7 
0 0.00219832 7 
0 0.00219903 7 
0 0.00220232 7 
0 0.0022123 7 
0 0.00221277 7 
0 0.00221414 7 
0 0.00221585 7 
0 0.00221635 7 
0 0.00223132 7 
0 0.00223285 7 
0 0.00223624 7 
0 0.0022366 7 
0 0.00223961 7 
0 0.00224633 7 
0 0.00224855 7 
0 0.00224992 7 
0 0.00225441 7 
0 0.00225497 7 
0 0.00226037 7 
0 0.00226044 7 
0 0.00226574 7 
0 0.00226938 7 
0 0.00226975 7 
0 0.00227641 7 
0 0.00228793 7 
0 0.00229132 7 
0 0.00229378 7 
0 0.00229483 7 
0 0.00229578 7 
0 0.0022981 7 
0 0.00230093 7 
0 0.00230966 7 
0 0.00230997 7 
0 0.00231162 7 
0 0.00231909 7 
0 0.00232673 7 
0 0.00233042 7 
0 0.00233564 7 
0 0.00234088 7 
0 0.0023425 7 
0 0.00234554 7 
0 0.00234705 7 
0 0.00234852 7 
0 0.00235202 7 
0 0.00235244 7 
0 0.002353 7 
0 0.00235314 7 
0 0.00235998 7 
0 0.00236321 7 
0 0.00236416 7 
0 0.00236513 7 
0 0.00236933 7 
0 0.00237332 7 
0 0.00237636 7 
0 0.00237969 7 
0 0.00238626 7 
0 0.0023934 7 
0 0.00239621 7 
0 0.00239667 7 
0 0.00240713 7 
0 0.00241066 7 
0 0.00241069 7 
0 0.00241253 7 
0 0.00241698 7 
0 0.00241977 7 
0 0.00242355 7 
0 0.0024295 7 
0 0.00243528 7 
0 0.00244652 7 
0 0.00244783 7 
0 0.0024637 7 
0 0.00247205 7 
0 0.00247351 7 
0 0.00247475 7 
0 0.00247747 7 
0 0.0024853 7 
0 0.0024859 7 
0 0.00249701 7 
0 0.00249945 7 
0 0.00251238 7 
0 0.00252625 7 
0 0.00253311 7 
0 0.00256593 7 
0 0.00258569 7 
0 0.00278511 7 
0 0.00291708 7 
0 inf 7 
0 0.000890694 8 
0 0.000941184 8 
0 0.000942673 8 
0 0.000956211 8 
0 0.000963775 8 
0 0.000971378 8 
0 0.0009741 8 
0 0.000998143 8 
0 0.00101273 8 
0 0.00101278 8 
0 0.0010135 8 
0 0.00101693 8 
0 0.0010185 8 
0 0.00102226 8 
0 0.00102356 8 
0 0.0010242 8 
0 0.00103341 8 
0 0.00105046 8 
0 0.00105124 8 
0 0.00105276 8 
0 0.00106705 8 
0 0.00106729 8 
0 0.00107081 8 
0 0.00107906 8 
0 0.001101 8 
0 0.00110333 8 
0 0.00110452 8 
0 0.00110452 8 
0 0.00110583 8 
0 0.00110819 8 
0 0.00110869 8 
0 0.00110911 8 
0 0.00111432 8 
0 0.00111465 8 
0 0.00111554 8 
0 0.00111811 8 
0 0.0011184 8 
0 0.00111937 8 
0 0.00111975 8 
0 0.00112356 8 
0 0.00112411 8 
0 0.00112436 8 
0 0.00112496 8 
0 0.00112675 8 
0 0.00112759 8 
0 0.00112786 8 
0 0.00113178 8 
0 0.00113191 8 
0 0.00113613 8 
0 0.0011393 8 
0 0.00114039 8 
0 0.00114042 8 
0 0.00114061 8 
0 0.00114158 8 
0 0.00114295 8 
0 0.00114428 8 
0 0.00114936 8 
0 0.00115294 8 
0 0.00115654 8 
0 0.00115683 8 
0 0.0011586 8 
0 0.00115867 8 
0 0.00115914 8 
0 0.00116195 8 
0 0.00116268 8 
0 0.00116859 8 
0 0.00116951 8 
0 0.00117091 8 
0 0.0011754 8 
0 0.00117738 8 
0 0.00117804 8 
0 0.00117998 8 
0 0.00118578 8 
0 0.00118678 8 
0 0.00118822 8 
0 0.0011998 8 
0 0.00120028 8 
0 0.00120166 8 
0 0.00120221 8 
0 0.00120334 8 
0 0.00120448 8 
0 0.00120485 8 
0 0.00120645 8 
0 0.00120943 8 
0 0.00121225 8 
0 0.0012146 8 
0 0.00121615 8 
0 0.00121822 8 
0 0.00121901 8 
0 0.0012211 8 
0 0.00122297 8 
0 0.00122592 8 
0 0.00122692 8 
0 0.00122786 8 
0 0.00123007 8 
0 0.00123193 8 
0 0.00123243 8 
0 0.00123289 8 
0 0.00123335 8 
0 0.0012352 8 
0 0.00123785 8 
0 0.00124588 8 
0 0.00124762 8 
0 0.00124937 8 
0 0.00125152 8 
0 0.00125407 8 
0 0.00126014 8 
0 0.00126629 8 
0 0.00126756 8 
0 0.00127341 8 
0 0.00127515 8 
0 0.00127996 8 
0 0.00128057 8 
0 0.00128148 8 
0 0.00128326 8 
0 0.00128472 8 
0 0.00128977 8 
0 0.00129423 8 
0 0.0012953 8 
0 0.00129585 8 
0 0.0013036 8 
0 0.00130778 8 
0 0.00131392 8 
0 0.0013309 8 
0 0.00135515 8 
0 0.00146204 8 
0 0.00154092 8 
0 inf 8 
0 0.00045476 9 
0 0.000480423 9 
0 0.000481874 9 
0 0.000485431 9 
0 0.000492744 9 
0 0.000497121 9 
0 0.00049796 9 
0 0.000509583 9 
0 0.000511176 9 
0 0.000515582 9 
0 0.000516378 9 
0 0.000516802 9 
0 0.000518037 9 
0 0.000518241 9 
0 0.000524279 9 
0 0.000526776 9 
0 0.000533954 9 
0 0.000536073 9 
0 0.000537341 9 
0 0.000539379 9 
0 0.00054252 9 
0 0.000546449 9 
0 0.000546596 9 
0 0.000549434 9 
0 0.000550272 9 
0 0.000559528 9 
0 0.000561545 9 
0 0.00056227 9 
0 0.00056478 9 
0 0.000565359 9 
0 0.00057095 9 
0 0.000572007 9 
0 0.000573364 9 
0 0.000574188 9 
0 0.000574225 9 
0 0.000576143 9 
0 0.000576255 9 
0 0.000577116 9 
0 0.000577217 9 
0 0.000577538 9 
0 0.000578511 9 
0 0.000582693 9 
0 0.000583936 9 
0 0.000585561 9 
0 0.000585951 9 
0 0.000586546 9 
0 0.000586863 9 
0 0.000587565 9 
0 0.000588477 9 
0 0.000589817 9 
0 0.000589898 9 
0 0.000590137 9 
0 0.000592391 9 
0 0.000593187 9 
0 0.000593307 9 
0 0.00059461 9 
0 0.000595397 9 
0 0.000595784 9 
0 0.000596182 9 
0 0.000596249 9 
0 0.00059953 9 
0 0.000599902 9 
0 0.000603188 9 
0 0.00060339 9 
0 0.000604199 9 
0 0.000606673 9 
0 0.000608228 9 
0 0.000608252 9 
0 0.00060936 9 
0 0.000612648 9 
0 0.000613792 9 
0 0.000617948 9 
0 0.000618526 9 
0 0.000619734 9 
0 0.000620695 9 
0 0.000621009 9 
0 0.000623942 9 
0 0.000624112 9 
0 0.000624562 9 
0 0.000624851 9 
0 0.000625737 9 
0 0.000627396 9 
0 0.000628515 9 
0 0.000628724 9 
0 0.000629165 9 
0 0.000629638 9 
0 0.000630164 9 
0 0.000632594 9 
0 0.000633318 9 
0 0.000634283 9 
0 0.000635756 9 
0 0.000635772 9 
0 0.000635942 9 
0 0.000641007 9 
0 0.000641104 9 
0 0.00064315 9 
0 0.000644164 9 
0 0.000645329 9 
0 0.000646057 9 
0 0.000646139 9 
0 0.000646468 9 
0 0.000647001 9 
0 0.000648555 9 
0 0.000650222 9 
0 0.000656033 9 
0 0.000658571 9 
0 0.000659346 9 
0 0.00065962 9 
0 0.00066096 9 
0 0.000663359 9 
0 0.000664389 9 
0 0.000664415 9 
0 0.000667572 9 
0 0.000668703 9 
0 0.000669378 9 
0 0.000672831 9 
0 0.000675557 9 
0 0.000677531 9 
0 0.000680539 9 
0 0.000680857 9 
0 0.000685149 9 
0 0.000688707 9 
0 0.000690459 9 
0 0.000701828 9 
0 0.000705965 9 
0 0.000773649 9 
0 0.000819252 9 
0 inf 9 
