0 0.49892 0 
0 0.499461 0 
0 0.499523 0 
0 0.500488 0 
0 0.501831 0 
0 0.50221 0 
0 0.504104 0 
0 0.504225 0 
0 0.504549 0 
0 0.504575 0 
0 0.504644 0 
0 0.504814 0 
0 0.504883 0 
0 0.505014 0 
0 0.505058 0 
0 0.505122 0 
0 0.505153 0 
0 0.505193 0 
0 0.505673 0 
0 0.505778 0 
0 0.505803 0 
0 0.505832 0 
0 0.506236 0 
0 0.506262 0 
0 0.506303 0 
0 0.506332 0 
0 0.506626 0 
0 0.506633 0 
0 0.506643 0 
0 0.506666 0 
0 0.506688 0 
0 0.506789 0 
0 0.506835 0 
0 0.506888 0 
0 0.507103 0 
0 0.507103 0 
0 0.507111 0 
0 0.507523 0 
0 0.507713 0 
0 0.507738 0 
0 0.507827 0 
0 0.50793 0 
0 0.507953 0 
0 0.508011 0 
0 0.508054 0 
0 0.508146 0 
0 0.508244 0 
0 0.508278 0 
0 0.50829 0 
0 0.50843 0 
0 0.508457 0 
0 0.50856 0 
0 0.50859 0 
0 0.508643 0 
0 0.508698 0 
0 0.508782 0 
0 0.508803 0 
0 0.508832 0 
0 0.508837 0 
0 0.508922 0 
0 0.508956 0 
0 0.50899 0 
0 0.509007 0 
0 0.509081 0 
0 0.509091 0 
0 0.509142 0 
0 0.509215 0 
0 0.509257 0 
0 0.509259 0 
0 0.509275 0 
0 0.509373 0 
0 0.509386 0 
0 0.509419 0 
0 0.509449 0 
0 0.509504 0 
0 0.509512 0 
0 0.509531 0 
0 0.509648 0 
0 0.509663 0 
0 0.509663 0 
0 0.509677 0 
0 0.509794 0 
0 0.509946 0 
0 0.509994 0 
0 0.509999 0 
0 0.510014 0 
0 0.510082 0 
0 0.510091 0 
0 0.51011 0 
0 0.510295 0 
0 0.510363 0 
0 0.510487 0 
0 0.510519 0 
0 0.510525 0 
0 0.510531 0 
0 0.510532 0 
0 0.510597 0 
0 0.510623 0 
0 0.510673 0 
0 0.510707 0 
0 0.510734 0 
0 0.510735 0 
0 0.511283 0 
0 0.511296 0 
0 0.511388 0 
0 0.511428 0 
0 0.511501 0 
0 0.51151 0 
0 0.511589 0 
0 0.511629 0 
0 0.511651 0 
0 0.511741 0 
0 0.511754 0 
0 0.511878 0 
0 0.511895 0 
0 0.512129 0 
0 0.512295 0 
0 0.512436 0 
0 0.512479 0 
0 0.512508 0 
0 0.512573 0 
0 0.512762 0 
0 0.513131 0 
0 0.513375 0 
0 0.513478 0 
0 0.513657 0 
0 0.513791 0 
0 inf 0 
0 0.195922 1 
0 0.197308 1 
0 0.197872 1 
0 0.197909 1 
0 0.197933 1 
0 0.198463 1 
0 0.198485 1 
0 0.198561 1 
0 0.198612 1 
0 0.198642 1 
0 0.19871 1 
0 0.199003 1 
0 0.199053 1 
0 0.19913 1 
0 0.199177 1 
0 0.199181 1 
0 0.199401 1 
0 0.199482 1 
0 0.19952 1 
0 0.199525 1 
0 0.199784 1 
0 0.199921 1 
0 0.199927 1 
0 0.199942 1 
0 0.199965 1 
0 0.200092 1 
0 0.200106 1 
0 0.200242 1 
0 0.200255 1 
0 0.200277 1 
0 0.200343 1 
0 0.20039 1 
0 0.200507 1 
0 0.200562 1 
0 0.200583 1 
0 0.200627 1 
0 0.200655 1 
0 0.200818 1 
0 0.200841 1 
0 0.200873 1 
0 0.200953 1 
0 0.201043 1 
0 0.201232 1 
0 0.201324 1 
0 0.201346 1 
0 0.201374 1 
0 0.201405 1 
0 0.201423 1 
0 0.201428 1 
0 0.201507 1 
0 0.201557 1 
0 0.20169 1 
0 0.201704 1 
0 0.201777 1 
0 0.201793 1 
0 0.201847 1 
0 0.201909 1 
0 0.202026 1 
0 0.202098 1 
0 0.202246 1 
0 0.202249 1 
0 0.202252 1 
0 0.202256 1 
0 0.202276 1 
0 0.202277 1 
0 0.202295 1 
0 0.202327 1 
0 0.202338 1 
0 0.202344 1 
0 0.202411 1 
0 0.202468 1 
0 0.202478 1 
0 0.202548 1 
0 0.202566 1 
0 0.202614 1 
0 0.202615 1 
0 0.202621 1 
0 0.202629 1 
0 0.202636 1 
0 0.202643 1 
0 0.202685 1 
0 0.202764 1 
0 0.202764 1 
0 0.202797 1 
0 0.202819 1 
0 0.202838 1 
0 0.202892 1 
0 0.202895 1 
0 0.20292 1 
0 0.202952 1 
0 0.202956 1 
0 0.202991 1 
0 0.203049 1 
0 0.203068 1 
0 0.203162 1 
0 0.203191 1 
0 0.203229 1 
0 0.203232 1 
0 0.203298 1 
0 0.203313 1 
0 0.203383 1 
0 0.203392 1 
0 0.203495 1 
0 0.203518 1 
0 0.203545 1 
0 0.203562 1 
0 0.203576 1 
0 0.203611 1 
0 0.203726 1 
0 0.203753 1 
0 0.203784 1 
0 0.203973 1 
0 0.204003 1 
0 0.204351 1 
0 0.204376 1 
0 0.204432 1 
0 0.204444 1 
0 0.204468 1 
0 0.204582 1 
0 0.204666 1 
0 0.204991 1 
0 0.205147 1 
0 0.205379 1 
0 0.205537 1 
0 0.205914 1 
0 0.206103 1 
0 0.206217 1 
0 inf 1 
0 0.0817525 2 
0 0.0817773 2 
0 0.0820559 2 
0 0.0822456 2 
0 0.0828523 2 
0 0.0829924 2 
0 0.0830401 2 
0 0.0830662 2 
0 0.0830689 2 
0 0.0832429 2 
0 0.0832885 2 
0 0.0833523 2 
0 0.0833715 2 
0 0.083482 2 
0 0.0835427 2 
0 0.0836846 2 
0 0.0838131 2 
0 0.084002 2 
0 0.0841908 2 
0 0.0842814 2 
0 0.0843249 2 
0 0.084366 2 
0 0.0845617 2 
0 0.0845743 2 
0 0.0846504 2 
0 0.0846692 2 
0 0.0849651 2 
0 0.0849898 2 
0 0.0850884 2 
0 0.0852116 2 
0 0.0852775 2 
0 0.0852976 2 
0 0.0853248 2 
0 0.0853361 2 
0 0.0853527 2 
0 0.0853809 2 
0 0.0853899 2 
0 0.0854103 2 
0 0.0854334 2 
0 0.0855046 2 
0 0.0855403 2 
0 0.0855536 2 
0 0.0855671 2 
0 0.085604 2 
0 0.0856487 2 
0 0.0856789 2 
0 0.0857167 2 
0 0.0857216 2 
0 0.0857245 2 
0 0.0857613 2 
0 0.0857696 2 
0 0.0857704 2 
0 0.0857735 2 
0 0.0857835 2 
0 0.0858457 2 
0 0.0858843 2 
0 0.0858983 2 
0 0.0859011 2 
0 0.0859737 2 
0 0.0859754 2 
0 0.0859905 2 
0 0.0860162 2 
0 0.0860165 2 
0 0.0861107 2 
0 0.0861221 2 
0 0.0861373 2 
0 0.086147 2 
0 0.0861767 2 
0 0.0861958 2 
0 0.086256 2 
0 0.0862583 2 
0 0.0862886 2 
0 0.0863028 2 
0 0.0863066 2 
0 0.0863685 2 
0 0.0863737 2 
0 0.0863969 2 
0 0.0864141 2 
0 0.0864243 2 
0 0.0864447 2 
0 0.0866059 2 
0 0.0867055 2 
0 0.0867259 2 
0 0.0867822 2 
0 0.0868848 2 
0 0.0869064 2 
0 0.0869269 2 
0 0.0869346 2 
0 0.0869373 2 
0 0.0869718 2 
0 0.0869941 2 
0 0.087172 2 
0 0.0872365 2 
0 0.0872996 2 
0 0.0873089 2 
0 0.0873154 2 
0 0.0874098 2 
0 0.0875523 2 
0 0.0875608 2 
0 0.0876864 2 
0 0.0876978 2 
0 0.0877301 2 
0 0.0877332 2 
0 0.0877746 2 
0 0.0879555 2 
0 0.0879908 2 
0 0.088078 2 
0 0.0881327 2 
0 0.0881606 2 
0 0.088212 2 
0 0.0882711 2 
0 0.0883517 2 
0 0.0884352 2 
0 0.0887061 2 
0 0.088932 2 
0 0.0891621 2 
0 0.0892379 2 
0 0.0893279 2 
0 0.0893866 2 
0 0.0894292 2 
0 0.0895436 2 
0 0.0896576 2 
0 0.0896803 2 
0 0.0901634 2 
0 0.0906372 2 
0 0.0913903 2 
0 0.0917194 2 
0 inf 2 
0 0.0358103 3 
0 0.0359653 3 
0 0.0361762 3 
0 0.036298 3 
0 0.0364418 3 
0 0.0365247 3 
0 0.0365484 3 
0 0.0366704 3 
0 0.0366744 3 
0 0.0367219 3 
0 0.0367587 3 
0 0.0367697 3 
0 0.0368263 3 
0 0.0368741 3 
0 0.0369629 3 
0 0.0370198 3 
0 0.0371931 3 
0 0.0372765 3 
0 0.037537 3 
0 0.0375977 3 
0 0.0376309 3 
0 0.0376789 3 
0 0.0378161 3 
0 0.0378231 3 
0 0.0378302 3 
0 0.0378867 3 
0 0.03792 3 
0 0.0379596 3 
0 0.0379996 3 
0 0.0381032 3 
0 0.038106 3 
0 0.0381218 3 
0 0.0381628 3 
0 0.0381727 3 
0 0.0381769 3 
0 0.0381925 3 
0 0.0382336 3 
0 0.0382426 3 
0 0.0382508 3 
0 0.0382516 3 
0 0.0382851 3 
0 0.038305 3 
0 0.0383258 3 
0 0.0383504 3 
0 0.0384385 3 
0 0.0385068 3 
0 0.0385762 3 
0 0.0385841 3 
0 0.0386132 3 
0 0.038644 3 
0 0.038674 3 
0 0.0386907 3 
0 0.0386944 3 
0 0.038711 3 
0 0.0387203 3 
0 0.0387231 3 
0 0.038772 3 
0 0.0388553 3 
0 0.038858 3 
0 0.0388836 3 
0 0.0388938 3 
0 0.0389161 3 
0 0.0389226 3 
0 0.0389333 3 
0 0.0389443 3 
0 0.0389639 3 
0 0.038967 3 
0 0.0389782 3 
0 0.0389892 3 
0 0.0390023 3 
0 0.0390069 3 
0 0.0390588 3 
0 0.0390819 3 
0 0.0391306 3 
0 0.039135 3 
0 0.0391709 3 
0 0.0391772 3 
0 0.0392255 3 
0 0.0392824 3 
0 0.0392852 3 
0 0.039328 3 
0 0.039331 3 
0 0.0393732 3 
0 0.0393942 3 
0 0.0394001 3 
0 0.0394131 3 
0 0.0394727 3 
0 0.03954 3 
0 0.0395942 3 
0 0.0396825 3 
0 0.0397044 3 
0 0.0397322 3 
0 0.0397477 3 
0 0.0397784 3 
0 0.0398464 3 
0 0.0399229 3 
0 0.0399883 3 
0 0.0399918 3 
0 0.0400068 3 
0 0.0400181 3 
0 0.0400251 3 
0 0.0401514 3 
0 0.0402085 3 
0 0.0402511 3 
0 0.0402835 3 
0 0.0403865 3 
0 0.0404227 3 
0 0.0404748 3 
0 0.0405805 3 
0 0.0406262 3 
0 0.0406975 3 
0 0.0407645 3 
0 0.0408568 3 
0 0.0410087 3 
0 0.0410262 3 
0 0.0410955 3 
0 0.0411276 3 
0 0.0411504 3 
0 0.0411597 3 
0 0.0413383 3 
0 0.041355 3 
0 0.0413641 3 
0 0.0414511 3 
0 0.0422306 3 
0 0.0422553 3 
0 0.0438113 3 
0 0.0441478 3 
0 inf 3 
0 0.0162166 4 
0 0.0165049 4 
0 0.0165984 4 
0 0.0166989 4 
0 0.0167374 4 
0 0.016761 4 
0 0.0167959 4 
0 0.0168144 4 
0 0.0169419 4 
0 0.016956 4 
0 0.016964 4 
0 0.0170299 4 
0 0.0170634 4 
0 0.0171019 4 
0 0.0171717 4 
0 0.0172544 4 
0 0.0172647 4 
0 0.017271 4 
0 0.0172946 4 
0 0.0173797 4 
0 0.017447 4 
0 0.0175295 4 
0 0.0175408 4 
0 0.0175645 4 
0 0.0175755 4 
0 0.0175906 4 
0 0.017598 4 
0 0.0176296 4 
0 0.0176885 4 
0 0.0177016 4 
0 0.0177059 4 
0 0.0177167 4 
0 0.0177612 4 
0 0.0177646 4 
0 0.0177765 4 
0 0.0177944 4 
0 0.0178298 4 
0 0.0178351 4 
0 0.0178422 4 
0 0.0178934 4 
0 0.0179052 4 
0 0.0179535 4 
0 0.0179683 4 
0 0.0179957 4 
0 0.0179984 4 
0 0.0180469 4 
0 0.0180502 4 
0 0.0181179 4 
0 0.0181195 4 
0 0.0181348 4 
0 0.0181418 4 
0 0.0181475 4 
0 0.0181809 4 
0 0.0182114 4 
0 0.0182224 4 
0 0.0182566 4 
0 0.0182601 4 
0 0.0182629 4 
0 0.0183054 4 
0 0.0183265 4 
0 0.0183608 4 
0 0.0183625 4 
0 0.0183717 4 
0 0.018373 4 
0 0.0183738 4 
0 0.0183928 4 
0 0.0184024 4 
0 0.0184457 4 
0 0.0184568 4 
0 0.0184856 4 
0 0.0185001 4 
0 0.0185041 4 
0 0.01851 4 
0 0.0185137 4 
0 0.0185288 4 
0 0.0185358 4 
0 0.0185389 4 
0 0.0185436 4 
0 0.0185496 4 
0 0.0185697 4 
0 0.0185833 4 
0 0.0186036 4 
0 0.018605 4 
0 0.018705 4 
0 0.0187103 4 
0 0.0187322 4 
0 0.0187615 4 
0 0.0187652 4 
0 0.0187757 4 
0 0.0188427 4 
0 0.0188938 4 
0 0.0189083 4 
0 0.0189304 4 
0 0.0189411 4 
0 0.0189523 4 
0 0.0189879 4 
0 0.0190512 4 
0 0.0190577 4 
0 0.0190596 4 
0 0.0190771 4 
0 0.019226 4 
0 0.0192326 4 
0 0.0192474 4 
0 0.0192615 4 
0 0.0192628 4 
0 0.0192938 4 
0 0.01932 4 
0 0.0193465 4 
0 0.0193617 4 
0 0.0194248 4 
0 0.0194741 4 
0 0.0194922 4 
0 0.0195225 4 
0 0.0195378 4 
0 0.0196336 4 
0 0.0196884 4 
0 0.0197117 4 
0 0.0197932 4 
0 0.0198357 4 
0 0.0199237 4 
0 0.0199366 4 
0 0.019994 4 
0 0.0202288 4 
0 0.0204011 4 
0 0.0205652 4 
0 0.0215924 4 
0 0.0220574 4 
0 inf 4 
0 0.00757291 5 
0 0.00773898 5 
0 0.00783289 5 
0 0.00787788 5 
0 0.00789876 5 
0 0.00794792 5 
0 0.00798728 5 
0 0.00805907 5 
0 0.00810915 5 
0 0.00812607 5 
0 0.00813377 5 
0 0.008151 5 
0 0.00815308 5 
0 0.00815753 5 
0 0.00824581 5 
0 0.0082708 5 
0 0.00827371 5 
0 0.00827476 5 
0 0.00830045 5 
0 0.00830577 5 
0 0.00832358 5 
0 0.00832375 5 
0 0.00833012 5 
0 0.00833454 5 
0 0.00842733 5 
0 0.00842896 5 
0 0.00844433 5 
0 0.00847225 5 
0 0.00851273 5 
0 0.00851549 5 
0 0.00852023 5 
0 0.00854302 5 
0 0.00854557 5 
0 0.00856232 5 
0 0.00857192 5 
0 0.00858486 5 
0 0.00859163 5 
0 0.00859534 5 
0 0.00859568 5 
0 0.0085963 5 
0 0.00863154 5 
0 0.00867514 5 
0 0.00867852 5 
0 0.00868626 5 
0 0.00869674 5 
0 0.0086986 5 
0 0.0087068 5 
0 0.00871693 5 
0 0.00873734 5 
0 0.00875368 5 
0 0.00876282 5 
0 0.00876689 5 
0 0.00877116 5 
0 0.00880153 5 
0 0.00881046 5 
0 0.00881656 5 
0 0.0088207 5 
0 0.00883613 5 
0 0.00885504 5 
0 0.00886845 5 
0 0.00887268 5 
0 0.00889945 5 
0 0.00891598 5 
0 0.00893514 5 
0 0.0089444 5 
0 0.00894442 5 
0 0.0089683 5 
0 0.00897675 5 
0 0.00898186 5 
0 0.0089875 5 
0 0.00899904 5 
0 0.00900309 5 
0 0.00901963 5 
0 0.00902243 5 
0 0.00903616 5 
0 0.00903806 5 
0 0.00903962 5 
0 0.00904125 5 
0 0.00905893 5 
0 0.00906006 5 
0 0.00906103 5 
0 0.00907096 5 
0 0.00908668 5 
0 0.00909603 5 
0 0.00912303 5 
0 0.0091236 5 
0 0.00913821 5 
0 0.00916621 5 
0 0.00919585 5 
0 0.00919637 5 
0 0.0091989 5 
0 0.00920204 5 
0 0.00921588 5 
0 0.0092283 5 
0 0.00925472 5 
0 0.00925953 5 
0 0.00928285 5 
0 0.00930628 5 
0 0.00932208 5 
0 0.00932862 5 
0 0.00936579 5 
0 0.00937597 5 
0 0.00942669 5 
0 0.00944527 5 
0 0.00946366 5 
0 0.0094674 5 
0 0.00947674 5 
0 0.00949481 5 
0 0.00949971 5 
0 0.00954243 5 
0 0.00956569 5 
0 0.00959254 5 
0 0.00959821 5 
0 0.00960159 5 
0 0.00966064 5 
0 0.0097135 5 
0 0.00975551 5 
0 0.00980997 5 
0 0.00981617 5 
0 0.009909 5 
0 0.00992564 5 
0 0.0100024 5 
0 0.0100119 5 
0 0.0101912 5 
0 0.0102355 5 
0 0.0108444 5 
0 0.0111568 5 
0 inf 5 
0 0.00362451 6 
0 0.00371773 6 
0 0.00373203 6 
0 0.00380876 6 
0 0.00381029 6 
0 0.0039048 6 
0 0.00391046 6 
0 0.0039408 6 
0 0.00394545 6 
0 0.00397526 6 
0 0.00397965 6 
0 0.00398334 6 
0 0.00398637 6 
0 0.00400928 6 
0 0.00403751 6 
0 0.00404029 6 
0 0.00405271 6 
0 0.00405423 6 
0 0.00405743 6 
0 0.00406643 6 
0 0.00408905 6 
0 0.00409653 6 
0 0.00410598 6 
0 0.00411158 6 
0 0.00415066 6 
0 0.00415205 6 
0 0.00415277 6 
0 0.00415812 6 
0 0.00416144 6 
0 0.00417429 6 
0 0.00419018 6 
0 0.00419278 6 
0 0.00420153 6 
0 0.00420895 6 
0 0.00421626 6 
0 0.00423484 6 
0 0.00423645 6 
0 0.00424493 6 
0 0.0042502 6 
0 0.0042528 6 
0 0.00426531 6 
0 0.0042664 6 
0 0.00427469 6 
0 0.00429543 6 
0 0.00430077 6 
0 0.00430392 6 
0 0.00430711 6 
0 0.00430811 6 
0 0.00431451 6 
0 0.00431582 6 
0 0.00431627 6 
0 0.00432542 6 
0 0.00433233 6 
0 0.00433267 6 
0 0.00433808 6 
0 0.0043381 6 
0 0.0043514 6 
0 0.00435327 6 
0 0.00436323 6 
0 0.00436641 6 
0 0.00439188 6 
0 0.00439847 6 
0 0.00441624 6 
0 0.00442569 6 
0 0.00443217 6 
0 0.00443258 6 
0 0.00443782 6 
0 0.00444567 6 
0 0.00444795 6 
0 0.00447931 6 
0 0.00448274 6 
0 0.00449109 6 
0 0.00449264 6 
0 0.00449959 6 
0 0.00449963 6 
0 0.00450333 6 
0 0.00450827 6 
0 0.00451154 6 
0 0.00451854 6 
0 0.00453061 6 
0 0.00453755 6 
0 0.00453922 6 
0 0.00454113 6 
0 0.00454173 6 
0 0.0045449 6 
0 0.00455112 6 
0 0.00455582 6 
0 0.00455927 6 
0 0.0045602 6 
0 0.00456597 6 
0 0.00457145 6 
0 0.00458399 6 
0 0.00459882 6 
0 0.00460221 6 
0 0.00460883 6 
0 0.00461176 6 
0 0.00462382 6 
0 0.00462432 6 
0 0.00463822 6 
0 0.00465013 6 
0 0.00465788 6 
0 0.00470461 6 
0 0.0047121 6 
0 0.00473017 6 
0 0.00473097 6 
0 0.00473321 6 
0 0.00475489 6 
0 0.0047714 6 
0 0.00477485 6 
0 0.004807 6 
0 0.00482078 6 
0 0.0048266 6 
0 0.00483491 6 
0 0.00483588 6 
0 0.00484783 6 
0 0.00488991 6 
0 0.00490873 6 
0 0.00495757 6 
0 0.00496455 6 
0 0.00497545 6 
0 0.00497883 6 
0 0.0050472 6 
0 0.00514077 6 
0 0.00518942 6 
0 0.00524871 6 
0 0.00551841 6 
0 0.00573233 6 
0 inf 6 
0 0.00177034 7 
0 0.00180743 7 
0 0.00182154 7 
0 0.00186675 7 
0 0.00187957 7 
0 0.00194077 7 
0 0.00194815 7 
0 0.0019537 7 
0 0.00195451 7 
0 0.00196242 7 
0 0.00196949 7 
0 0.00198145 7 
0 0.0019904 7 
0 0.00200063 7 
0 0.00201327 7 
0 0.00201919 7 
0 0.00203406 7 
0 0.00203757 7 
0 0.00203973 7 
0 0.00204244 7 
0 0.00205183 7 
0 0.00205655 7 
0 0.00205785 7 
0 0.00206097 7 
0 0.00206751 7 
0 0.0020745 7 
0 0.00207971 7 
0 0.00208288 7 
0 0.00208692 7 
0 0.00209078 7 
0 0.00209621 7 
0 0.00209869 7 
0 0.00210526 7 
0 0.00211371 7 
0 0.00212095 7 
0 0.00212401 7 
0 0.0021303 7 
0 0.0021331 7 
0 0.00213633 7 
0 0.00213662 7 
0 0.00213984 7 
0 0.00214001 7 
0 0.00214226 7 
0 0.00214446 7 
0 0.00214791 7 
0 0.00214874 7 
0 0.00215012 7 
0 0.00215441 7 
0 0.00215909 7 
0 0.00216212 7 
0 0.00216599 7 
0 0.00216924 7 
0 0.00217386 7 
0 0.00217471 7 
0 0.00217913 7 
0 0.00218033 7 
0 0.00218501 7 
0 0.00219191 7 
0 0.00219761 7 
0 0.00220164 7 
0 0.00221001 7 
0 0.00221601 7 
0 0.00222142 7 
0 0.00222161 7 
0 0.00222454 7 
0 0.00222828 7 
0 0.0022368 7 
0 0.00224058 7 
0 0.00224365 7 
0 0.00224962 7 
0 0.0022591 7 
0 0.00226628 7 
0 0.00227279 7 
0 0.00227513 7 
0 0.00227666 7 
0 0.00227672 7 
0 0.00228238 7 
0 0.00228533 7 
0 0.00228756 7 
0 0.00229199 7 
0 0.00229289 7 
0 0.00229514 7 
0 0.00229787 7 
0 0.00230298 7 
0 0.00230342 7 
0 0.00230374 7 
0 0.00231089 7 
0 0.00231091 7 
0 0.00231571 7 
0 0.00231746 7 
0 0.00231898 7 
0 0.00232014 7 
0 0.00232425 7 
0 0.00232716 7 
0 0.00233787 7 
0 0.00234556 7 
0 0.00234712 7 
0 0.00235401 7 
0 0.00236862 7 
0 0.00237562 7 
0 0.00237715 7 
0 0.00237911 7 
0 0.00238398 7 
0 0.00239439 7 
0 0.00239526 7 
0 0.00240519 7 
0 0.00241274 7 
0 0.00242142 7 
0 0.00242852 7 
0 0.00243103 7 
0 0.00244442 7 
0 0.00244498 7 
0 0.00244983 7 
0 0.00245243 7 
0 0.00247106 7 
0 0.00248472 7 
0 0.0024929 7 
0 0.0025016 7 
0 0.00251558 7 
0 0.0025444 7 
0 0.00255473 7 
0 0.00258333 7 
0 0.00261576 7 
0 0.00263598 7 
0 0.00274987 7 
0 0.00283713 7 
0 0.00297958 7 
0 inf 7 
0 0.000879803 8 
0 0.000888199 8 
0 0.000907368 8 
0 0.000926796 8 
0 0.000942067 8 
0 0.000956641 8 
0 0.000972472 8 
0 0.000980035 8 
0 0.000994481 8 
0 0.000995894 8 
0 0.000999313 8 
0 0.00100142 8 
0 0.0010032 8 
0 0.00101708 8 
0 0.00102238 8 
0 0.00102362 8 
0 0.00102691 8 
0 0.00102791 8 
0 0.00103352 8 
0 0.00103854 8 
0 0.00103968 8 
0 0.00104768 8 
0 0.00105211 8 
0 0.00105362 8 
0 0.00105493 8 
0 0.0010554 8 
0 0.00106061 8 
0 0.00106121 8 
0 0.00106171 8 
0 0.00106239 8 
0 0.00106449 8 
0 0.0010727 8 
0 0.00107294 8 
0 0.00107316 8 
0 0.00107475 8 
0 0.0010756 8 
0 0.00107891 8 
0 0.00107974 8 
0 0.00108008 8 
0 0.00108301 8 
0 0.00108309 8 
0 0.00108334 8 
0 0.00108369 8 
0 0.00108811 8 
0 0.00108867 8 
0 0.00109189 8 
0 0.00109236 8 
0 0.00109795 8 
0 0.0010984 8 
0 0.00109888 8 
0 0.00110058 8 
0 0.00110364 8 
0 0.00110677 8 
0 0.00110742 8 
0 0.00110827 8 
0 0.00110923 8 
0 0.001112 8 
0 0.00111599 8 
0 0.00111639 8 
0 0.00111777 8 
0 0.00112613 8 
0 0.0011317 8 
0 0.00113199 8 
0 0.001136 8 
0 0.00114092 8 
0 0.00114263 8 
0 0.00114415 8 
0 0.00114691 8 
0 0.00115074 8 
0 0.00115382 8 
0 0.0011565 8 
0 0.00115968 8 
0 0.00116077 8 
0 0.00116244 8 
0 0.00116403 8 
0 0.00116499 8 
0 0.00116544 8 
0 0.00116708 8 
0 0.00116721 8 
0 0.0011697 8 
0 0.00117032 8 
0 0.00117169 8 
0 0.00117287 8 
0 0.00117726 8 
0 0.00117939 8 
0 0.00117946 8 
0 0.0011857 8 
0 0.00118759 8 
0 0.00119258 8 
0 0.00119539 8 
0 0.00119604 8 
0 0.00119657 8 
0 0.0011992 8 
0 0.00119939 8 
0 0.00120182 8 
0 0.00120538 8 
0 0.00120606 8 
0 0.00121124 8 
0 0.00121265 8 
0 0.0012194 8 
0 0.00121957 8 
0 0.00121976 8 
0 0.0012206 8 
0 0.00122321 8 
0 0.00122855 8 
0 0.00122881 8 
0 0.00122898 8 
0 0.00122938 8 
0 0.00124876 8 
0 0.00125259 8 
0 0.00125818 8 
0 0.00126078 8 
0 0.00126624 8 
0 0.0012673 8 
0 0.00126873 8 
0 0.0012689 8 
0 0.00127848 8 
0 0.00128299 8 
0 0.00129133 8 
0 0.00131039 8 
0 0.00131912 8 
0 0.00132296 8 
0 0.00133493 8 
0 0.00134404 8 
0 0.00146046 8 
0 0.00147131 8 
0 0.00156299 8 
0 inf 8 
0 0.000442411 9 
0 0.00044391 9 
0 0.000458441 9 
0 0.000465081 9 
0 0.000475564 9 
0 0.000478499 9 
0 0.000489987 9 
0 0.000501414 9 
0 0.000502276 9 
0 0.000511516 9 
0 0.000514315 9 
0 0.000514585 9 
0 0.000515344 9 
0 0.000516228 9 
0 0.000524492 9 
0 0.000524869 9 
0 0.000524875 9 
0 0.00053192 9 
0 0.000532024 9 
0 0.000534613 9 
0 0.000536893 9 
0 0.0005379 9 
0 0.000538258 9 
0 0.000540129 9 
0 0.000541962 9 
0 0.000542297 9 
0 0.000542429 9 
0 0.00054259 9 
0 0.000545783 9 
0 0.000546104 9 
0 0.000547392 9 
0 0.00054822 9 
0 0.000548492 9 
0 0.000549278 9 
0 0.000550664 9 
0 0.000551258 9 
0 0.000551801 9 
0 0.000551904 9 
0 0.000553113 9 
0 0.000554676 9 
0 0.000554879 9 
0 0.000558755 9 
0 0.000558791 9 
0 0.000559523 9 
0 0.000560383 9 
0 0.000560731 9 
0 0.000561114 9 
0 0.000563024 9 
0 0.000564946 9 
0 0.000565021 9 
0 0.000565447 9 
0 0.000568644 9 
0 0.000569686 9 
0 0.000570072 9 
0 0.000570373 9 
0 0.000573082 9 
0 0.000576177 9 
0 0.000579253 9 
0 0.000579567 9 
0 0.000579642 9 
0 0.000580229 9 
0 0.000581154 9 
0 0.000585701 9 
0 0.000586736 9 
0 0.00058726 9 
0 0.000588116 9 
0 0.000589781 9 
0 0.000590386 9 
0 0.000590764 9 
0 0.00059124 9 
0 0.000591744 9 
0 0.000595298 9 
0 0.00059536 9 
0 0.000597326 9 
0 0.000597848 9 
0 0.000598025 9 
0 0.000599677 9 
0 0.0006008 9 
0 0.000601353 9 
0 0.000602359 9 
0 0.000604189 9 
0 0.000606416 9 
0 0.00060706 9 
0 0.000608574 9 
0 0.000611241 9 
0 0.000611789 9 
0 0.0006124 9 
0 0.000614427 9 
0 0.000618087 9 
0 0.000619396 9 
0 0.000619506 9 
0 0.000621242 9 
0 0.000621318 9 
0 0.000622678 9 
0 0.000622839 9 
0 0.000622961 9 
0 0.000624062 9 
0 0.000624515 9 
0 0.00062475 9 
0 0.000625292 9 
0 0.000628683 9 
0 0.000628832 9 
0 0.000630571 9 
0 0.00063558 9 
0 0.00063836 9 
0 0.000642338 9 
0 0.000645843 9 
0 0.000646651 9 
0 0.000648324 9 
0 0.000649162 9 
0 0.000652025 9 
0 0.000652689 9 
0 0.000652818 9 
0 0.000657651 9 
0 0.000664113 9 
0 0.000664389 9 
0 0.000669478 9 
0 0.000670533 9 
0 0.000672208 9 
0 0.000672595 9 
0 0.000673928 9 
0 0.000682706 9 
0 0.000694755 9 
0 0.000696189 9 
0 0.000763175 9 
0 0.000784207 9 
0 0.000826185 9 
0 inf 9 
