0 0.49846 0 
0 0.502191 0 
0 0.502205 0 
0 0.502341 0 
0 0.503366 0 
0 0.503926 0 
0 0.504567 0 
0 0.504667 0 
0 0.505439 0 
0 0.505599 0 
0 0.505651 0 
0 0.505692 0 
0 0.505855 0 
0 0.505888 0 
0 0.505917 0 
0 0.505944 0 
0 0.506235 0 
0 0.506248 0 
0 0.506479 0 
0 0.506665 0 
0 0.506723 0 
0 0.507102 0 
0 0.507254 0 
0 0.507331 0 
0 0.507438 0 
0 0.507516 0 
0 0.507573 0 
0 0.507591 0 
0 0.50779 0 
0 0.507809 0 
0 0.507938 0 
0 0.508033 0 
0 0.508208 0 
0 0.508348 0 
0 0.508437 0 
0 0.508465 0 
0 0.50853 0 
0 0.508628 0 
0 0.508647 0 
0 0.508807 0 
0 0.508876 0 
0 0.508975 0 
0 0.509058 0 
0 0.509117 0 
0 0.509157 0 
0 0.509247 0 
0 0.509278 0 
0 0.509293 0 
0 0.509355 0 
0 0.509382 0 
0 0.509529 0 
0 0.509635 0 
0 0.509646 0 
0 0.509668 0 
0 0.509696 0 
0 0.50972 0 
0 0.509736 0 
0 0.509791 0 
0 0.509869 0 
0 0.509931 0 
0 0.510005 0 
0 0.510021 0 
0 0.510022 0 
0 0.510031 0 
0 0.510048 0 
0 0.510064 0 
0 0.510124 0 
0 0.510224 0 
0 0.510258 0 
0 0.510308 0 
0 0.510327 0 
0 0.510338 0 
0 0.510352 0 
0 0.510367 0 
0 0.510403 0 
0 0.51048 0 
0 0.510504 0 
0 0.510546 0 
0 0.510546 0 
0 0.510579 0 
0 0.510595 0 
0 0.5106 0 
0 0.51063 0 
0 0.510645 0 
0 0.510652 0 
0 0.510653 0 
0 0.510716 0 
0 0.510746 0 
0 0.510754 0 
0 0.510806 0 
0 0.510822 0 
0 0.510867 0 
0 0.510919 0 
0 0.51098 0 
0 0.510996 0 
0 0.511 0 
0 0.511062 0 
0 0.511084 0 
0 0.511134 0 
0 0.511143 0 
0 0.511151 0 
0 0.511167 0 
0 0.511173 0 
0 0.511176 0 
0 0.511468 0 
0 0.511577 0 
0 0.511782 0 
0 0.511812 0 
0 0.511831 0 
0 0.51186 0 
0 0.511928 0 
0 0.512011 0 
0 0.512061 0 
0 0.512083 0 
0 0.512189 0 
0 0.512209 0 
0 0.512322 0 
0 0.512394 0 
0 0.512428 0 
0 0.512488 0 
0 0.512583 0 
0 0.512714 0 
0 0.512851 0 
0 0.512935 0 
0 0.51319 0 
0 0.513442 0 
0 0.513551 0 
0 inf 0 
0 0.193586 1 
0 0.19471 1 
0 0.196357 1 
0 0.196528 1 
0 0.196878 1 
0 0.197104 1 
0 0.197104 1 
0 0.197218 1 
0 0.197406 1 
0 0.197424 1 
0 0.197548 1 
0 0.197632 1 
0 0.198531 1 
0 0.198532 1 
0 0.198675 1 
0 0.199168 1 
0 0.199169 1 
0 0.199174 1 
0 0.199225 1 
0 0.199293 1 
0 0.199402 1 
0 0.199454 1 
0 0.199692 1 
0 0.199747 1 
0 0.199854 1 
0 0.199882 1 
0 0.199889 1 
0 0.199941 1 
0 0.20004 1 
0 0.200054 1 
0 0.200122 1 
0 0.200216 1 
0 0.200222 1 
0 0.200262 1 
0 0.20036 1 
0 0.200366 1 
0 0.200399 1 
0 0.200467 1 
0 0.200618 1 
0 0.200687 1 
0 0.200819 1 
0 0.200852 1 
0 0.200854 1 
0 0.20086 1 
0 0.200914 1 
0 0.200932 1 
0 0.200943 1 
0 0.200954 1 
0 0.200955 1 
0 0.201094 1 
0 0.201131 1 
0 0.201154 1 
0 0.201187 1 
0 0.20122 1 
0 0.201287 1 
0 0.201305 1 
0 0.201307 1 
0 0.201308 1 
0 0.201381 1 
0 0.201388 1 
0 0.201452 1 
0 0.201511 1 
0 0.201542 1 
0 0.201563 1 
0 0.201603 1 
0 0.201611 1 
0 0.201677 1 
0 0.201722 1 
0 0.201751 1 
0 0.201916 1 
0 0.201939 1 
0 0.201965 1 
0 0.201983 1 
0 0.201988 1 
0 0.201989 1 
0 0.20203 1 
0 0.202048 1 
0 0.202081 1 
0 0.202101 1 
0 0.202125 1 
0 0.202169 1 
0 0.202177 1 
0 0.202225 1 
0 0.20223 1 
0 0.202259 1 
0 0.202273 1 
0 0.202336 1 
0 0.202404 1 
0 0.202404 1 
0 0.202421 1 
0 0.202451 1 
0 0.202458 1 
0 0.202485 1 
0 0.202515 1 
0 0.202568 1 
0 0.202605 1 
0 0.202608 1 
0 0.202644 1 
0 0.202662 1 
0 0.202663 1 
0 0.202674 1 
0 0.202696 1 
0 0.202753 1 
0 0.202778 1 
0 0.202789 1 
0 0.202836 1 
0 0.202898 1 
0 0.202951 1 
0 0.203063 1 
0 0.203065 1 
0 0.203162 1 
0 0.203179 1 
0 0.20323 1 
0 0.203325 1 
0 0.203338 1 
0 0.203344 1 
0 0.203416 1 
0 0.203827 1 
0 0.203864 1 
0 0.203891 1 
0 0.203983 1 
0 0.204028 1 
0 0.204216 1 
0 0.204273 1 
0 0.20443 1 
0 0.205156 1 
0 0.206896 1 
0 inf 1 
0 0.0785972 2 
0 0.0807161 2 
0 0.0808348 2 
0 0.0814132 2 
0 0.0814922 2 
0 0.0819549 2 
0 0.0819568 2 
0 0.0819639 2 
0 0.0820904 2 
0 0.0823713 2 
0 0.0824612 2 
0 0.0825429 2 
0 0.0825928 2 
0 0.0827716 2 
0 0.0830608 2 
0 0.0830744 2 
0 0.0831077 2 
0 0.0833689 2 
0 0.0834476 2 
0 0.083483 2 
0 0.0838268 2 
0 0.0838485 2 
0 0.0839745 2 
0 0.0839832 2 
0 0.0841954 2 
0 0.0842335 2 
0 0.0842539 2 
0 0.0842551 2 
0 0.0842708 2 
0 0.0842873 2 
0 0.0843 2 
0 0.0844297 2 
0 0.0844846 2 
0 0.0845116 2 
0 0.084559 2 
0 0.084619 2 
0 0.0846761 2 
0 0.084724 2 
0 0.0847984 2 
0 0.0848424 2 
0 0.0848546 2 
0 0.0848989 2 
0 0.0849099 2 
0 0.0849111 2 
0 0.0849518 2 
0 0.084965 2 
0 0.0850452 2 
0 0.0851001 2 
0 0.0851294 2 
0 0.0851453 2 
0 0.0851653 2 
0 0.0852467 2 
0 0.0853199 2 
0 0.0853631 2 
0 0.0853821 2 
0 0.0854342 2 
0 0.0854362 2 
0 0.0854946 2 
0 0.0854953 2 
0 0.0855063 2 
0 0.0855342 2 
0 0.0855552 2 
0 0.0855656 2 
0 0.085593 2 
0 0.0856128 2 
0 0.0856377 2 
0 0.0856686 2 
0 0.085708 2 
0 0.0857305 2 
0 0.0857461 2 
0 0.0857657 2 
0 0.0857935 2 
0 0.0858425 2 
0 0.0858481 2 
0 0.0859176 2 
0 0.0859547 2 
0 0.0859554 2 
0 0.0860415 2 
0 0.0860532 2 
0 0.0860784 2 
0 0.0860858 2 
0 0.086109 2 
0 0.0861126 2 
0 0.0861171 2 
0 0.0861183 2 
0 0.0861523 2 
0 0.0861576 2 
0 0.0861591 2 
0 0.0861735 2 
0 0.0862067 2 
0 0.0862781 2 
0 0.0863741 2 
0 0.0864238 2 
0 0.0864632 2 
0 0.0865349 2 
0 0.0865551 2 
0 0.0865611 2 
0 0.0866609 2 
0 0.0867223 2 
0 0.0867306 2 
0 0.0867475 2 
0 0.0868002 2 
0 0.0868921 2 
0 0.0870688 2 
0 0.0871658 2 
0 0.08721 2 
0 0.0872305 2 
0 0.0872678 2 
0 0.0872884 2 
0 0.0873037 2 
0 0.0873159 2 
0 0.0873369 2 
0 0.08741 2 
0 0.0874129 2 
0 0.0874768 2 
0 0.0874876 2 
0 0.087644 2 
0 0.0876967 2 
0 0.0878939 2 
0 0.0880103 2 
0 0.0881688 2 
0 0.0882601 2 
0 0.0885015 2 
0 0.0891122 2 
0 0.089215 2 
0 0.0898009 2 
0 0.0916474 2 
0 inf 2 
0 0.0332885 3 
0 0.0349712 3 
0 0.0354423 3 
0 0.0355593 3 
0 0.0356835 3 
0 0.0357793 3 
0 0.0358105 3 
0 0.0358751 3 
0 0.0358917 3 
0 0.0362338 3 
0 0.0362345 3 
0 0.0363963 3 
0 0.0364775 3 
0 0.0366168 3 
0 0.0366881 3 
0 0.0367594 3 
0 0.0367869 3 
0 0.0368179 3 
0 0.0368445 3 
0 0.0369462 3 
0 0.0369986 3 
0 0.0370267 3 
0 0.0371569 3 
0 0.0371746 3 
0 0.037193 3 
0 0.0372348 3 
0 0.0372558 3 
0 0.037259 3 
0 0.0373915 3 
0 0.0374311 3 
0 0.0374435 3 
0 0.0374803 3 
0 0.0375726 3 
0 0.0376074 3 
0 0.037651 3 
0 0.0377227 3 
0 0.0377695 3 
0 0.0378031 3 
0 0.037819 3 
0 0.037837 3 
0 0.0379098 3 
0 0.0379312 3 
0 0.037949 3 
0 0.037973 3 
0 0.0379909 3 
0 0.0380247 3 
0 0.0380334 3 
0 0.0380366 3 
0 0.0380713 3 
0 0.0381089 3 
0 0.0381415 3 
0 0.0381556 3 
0 0.0381856 3 
0 0.0381917 3 
0 0.0382112 3 
0 0.0382132 3 
0 0.0382239 3 
0 0.0382429 3 
0 0.0382488 3 
0 0.0382737 3 
0 0.0382974 3 
0 0.0383514 3 
0 0.0383564 3 
0 0.0383711 3 
0 0.0383727 3 
0 0.0384174 3 
0 0.0384385 3 
0 0.038446 3 
0 0.0384705 3 
0 0.0384851 3 
0 0.0384939 3 
0 0.0385541 3 
0 0.0385575 3 
0 0.0385605 3 
0 0.0386218 3 
0 0.0386485 3 
0 0.038678 3 
0 0.0386838 3 
0 0.0386871 3 
0 0.0387226 3 
0 0.0387456 3 
0 0.0387499 3 
0 0.038755 3 
0 0.0387635 3 
0 0.0387914 3 
0 0.0388126 3 
0 0.0388192 3 
0 0.0388212 3 
0 0.0388443 3 
0 0.0389124 3 
0 0.0389847 3 
0 0.0390365 3 
0 0.0390477 3 
0 0.0390527 3 
0 0.0390537 3 
0 0.0390649 3 
0 0.0390689 3 
0 0.0391418 3 
0 0.0391712 3 
0 0.0392686 3 
0 0.0393278 3 
0 0.0393349 3 
0 0.0394084 3 
0 0.0394331 3 
0 0.0394613 3 
0 0.0395012 3 
0 0.0395028 3 
0 0.0395183 3 
0 0.0396378 3 
0 0.0396566 3 
0 0.0398583 3 
0 0.0399474 3 
0 0.0400296 3 
0 0.0400416 3 
0 0.0400731 3 
0 0.0401566 3 
0 0.0401686 3 
0 0.0401926 3 
0 0.040218 3 
0 0.0403653 3 
0 0.0405028 3 
0 0.0405449 3 
0 0.040707 3 
0 0.0414003 3 
0 0.0419529 3 
0 0.0426034 3 
0 0.0426905 3 
0 inf 3 
0 0.0145672 4 
0 0.0158211 4 
0 0.0160942 4 
0 0.0161228 4 
0 0.0161364 4 
0 0.0162461 4 
0 0.016313 4 
0 0.016531 4 
0 0.0165608 4 
0 0.0165735 4 
0 0.0167392 4 
0 0.0167564 4 
0 0.0167702 4 
0 0.0168045 4 
0 0.0168258 4 
0 0.016839 4 
0 0.0168788 4 
0 0.0169079 4 
0 0.0169373 4 
0 0.0169798 4 
0 0.0171138 4 
0 0.0171297 4 
0 0.0171798 4 
0 0.017181 4 
0 0.0171824 4 
0 0.0171898 4 
0 0.017201 4 
0 0.0172728 4 
0 0.0173044 4 
0 0.0173058 4 
0 0.0174387 4 
0 0.0174548 4 
0 0.0174629 4 
0 0.0174737 4 
0 0.0174779 4 
0 0.0174923 4 
0 0.0175113 4 
0 0.0175123 4 
0 0.0175139 4 
0 0.0175264 4 
0 0.0175284 4 
0 0.0175298 4 
0 0.0175334 4 
0 0.0175419 4 
0 0.0176032 4 
0 0.0176153 4 
0 0.0176634 4 
0 0.0176671 4 
0 0.0176751 4 
0 0.0176964 4 
0 0.0176988 4 
0 0.0177055 4 
0 0.0177265 4 
0 0.0177838 4 
0 0.0178127 4 
0 0.017829 4 
0 0.0178493 4 
0 0.017867 4 
0 0.0178812 4 
0 0.0179023 4 
0 0.0179176 4 
0 0.0179456 4 
0 0.0179482 4 
0 0.0179551 4 
0 0.0179561 4 
0 0.0179803 4 
0 0.0179973 4 
0 0.0180211 4 
0 0.0180297 4 
0 0.0180343 4 
0 0.0180348 4 
0 0.0180468 4 
0 0.0180618 4 
0 0.0180773 4 
0 0.0181121 4 
0 0.0181273 4 
0 0.0181355 4 
0 0.0181383 4 
0 0.0181422 4 
0 0.0181488 4 
0 0.0181651 4 
0 0.0181935 4 
0 0.0182022 4 
0 0.0182207 4 
0 0.0182351 4 
0 0.0182389 4 
0 0.0182552 4 
0 0.0182574 4 
0 0.0182575 4 
0 0.0182822 4 
0 0.0182926 4 
0 0.0183186 4 
0 0.0183205 4 
0 0.0184124 4 
0 0.0184214 4 
0 0.0184461 4 
0 0.0184505 4 
0 0.0184869 4 
0 0.0184973 4 
0 0.0185084 4 
0 0.018515 4 
0 0.0185201 4 
0 0.0185601 4 
0 0.018589 4 
0 0.0185934 4 
0 0.0186455 4 
0 0.0186687 4 
0 0.0187587 4 
0 0.0188536 4 
0 0.0188825 4 
0 0.0188938 4 
0 0.0189385 4 
0 0.0189644 4 
0 0.0190036 4 
0 0.0190153 4 
0 0.0190274 4 
0 0.0190384 4 
0 0.0191927 4 
0 0.0193037 4 
0 0.0193093 4 
0 0.0193244 4 
0 0.0193784 4 
0 0.0193894 4 
0 0.020051 4 
0 0.0203735 4 
0 0.0204861 4 
0 0.0210954 4 
0 inf 4 
0 0.00654936 5 
0 0.00741074 5 
0 0.00754565 5 
0 0.00756315 5 
0 0.00759178 5 
0 0.00759475 5 
0 0.00763172 5 
0 0.00777495 5 
0 0.00781247 5 
0 0.00782523 5 
0 0.0079162 5 
0 0.00792653 5 
0 0.00793981 5 
0 0.00795599 5 
0 0.00797378 5 
0 0.00805666 5 
0 0.00805878 5 
0 0.0081059 5 
0 0.00813158 5 
0 0.00814288 5 
0 0.00815948 5 
0 0.00816475 5 
0 0.00818208 5 
0 0.00818238 5 
0 0.00819884 5 
0 0.00820375 5 
0 0.00820475 5 
0 0.00821228 5 
0 0.0082189 5 
0 0.00825986 5 
0 0.0082638 5 
0 0.00831103 5 
0 0.00831112 5 
0 0.00831695 5 
0 0.00831961 5 
0 0.00832226 5 
0 0.00836087 5 
0 0.00836706 5 
0 0.00837155 5 
0 0.00838504 5 
0 0.00839625 5 
0 0.00840013 5 
0 0.00840489 5 
0 0.00840515 5 
0 0.00841277 5 
0 0.00843265 5 
0 0.00844978 5 
0 0.00845026 5 
0 0.00845101 5 
0 0.008457 5 
0 0.00847386 5 
0 0.00851903 5 
0 0.00854534 5 
0 0.00855113 5 
0 0.00856456 5 
0 0.00859253 5 
0 0.00859464 5 
0 0.00860125 5 
0 0.00861305 5 
0 0.00862893 5 
0 0.00863566 5 
0 0.00863572 5 
0 0.00866247 5 
0 0.00866296 5 
0 0.00866812 5 
0 0.0086774 5 
0 0.00868258 5 
0 0.00868301 5 
0 0.00868698 5 
0 0.00868772 5 
0 0.00869135 5 
0 0.00869141 5 
0 0.00869295 5 
0 0.00870948 5 
0 0.00871116 5 
0 0.00873714 5 
0 0.0087503 5 
0 0.00875263 5 
0 0.00877551 5 
0 0.00877883 5 
0 0.00878245 5 
0 0.00878448 5 
0 0.00879229 5 
0 0.00880188 5 
0 0.00880873 5 
0 0.0088174 5 
0 0.00883138 5 
0 0.00883616 5 
0 0.00884042 5 
0 0.00884479 5 
0 0.00884679 5 
0 0.00887388 5 
0 0.00889166 5 
0 0.008892 5 
0 0.0089242 5 
0 0.00893091 5 
0 0.00893392 5 
0 0.00895609 5 
0 0.00898915 5 
0 0.00899112 5 
0 0.00900939 5 
0 0.00902288 5 
0 0.00902965 5 
0 0.00905123 5 
0 0.009056 5 
0 0.00906343 5 
0 0.0090983 5 
0 0.00915926 5 
0 0.00922983 5 
0 0.009242 5 
0 0.00925434 5 
0 0.00925638 5 
0 0.00925709 5 
0 0.00926187 5 
0 0.0092756 5 
0 0.00934272 5 
0 0.00938536 5 
0 0.00940355 5 
0 0.00941501 5 
0 0.00946804 5 
0 0.00949951 5 
0 0.00951828 5 
0 0.00955343 5 
0 0.00964636 5 
0 0.0101145 5 
0 0.010183 5 
0 0.0106943 5 
0 inf 5 
0 0.00301495 6 
0 0.00356821 6 
0 0.00363342 6 
0 0.0036371 6 
0 0.00364937 6 
0 0.00365156 6 
0 0.00368058 6 
0 0.00373537 6 
0 0.00375377 6 
0 0.00377848 6 
0 0.00379709 6 
0 0.00384572 6 
0 0.00387017 6 
0 0.00389212 6 
0 0.00389807 6 
0 0.00392671 6 
0 0.00393705 6 
0 0.00393748 6 
0 0.00396985 6 
0 0.00397985 6 
0 0.00398684 6 
0 0.00398773 6 
0 0.00399819 6 
0 0.00400606 6 
0 0.00401216 6 
0 0.00401619 6 
0 0.00402383 6 
0 0.00402609 6 
0 0.00402869 6 
0 0.00403132 6 
0 0.00403135 6 
0 0.00404492 6 
0 0.00404729 6 
0 0.00404811 6 
0 0.00405048 6 
0 0.004075 6 
0 0.00408043 6 
0 0.00408742 6 
0 0.00409521 6 
0 0.00410334 6 
0 0.00410494 6 
0 0.00411127 6 
0 0.00412362 6 
0 0.00412441 6 
0 0.00414022 6 
0 0.00414029 6 
0 0.0041424 6 
0 0.00414613 6 
0 0.00415278 6 
0 0.00416511 6 
0 0.00416522 6 
0 0.00417433 6 
0 0.00417875 6 
0 0.00418246 6 
0 0.00420804 6 
0 0.00421033 6 
0 0.00421202 6 
0 0.00421401 6 
0 0.00421915 6 
0 0.0042407 6 
0 0.00424238 6 
0 0.00424717 6 
0 0.0042482 6 
0 0.00424902 6 
0 0.00425542 6 
0 0.00425906 6 
0 0.00426678 6 
0 0.00426723 6 
0 0.00426735 6 
0 0.00427869 6 
0 0.00428124 6 
0 0.0042911 6 
0 0.00429322 6 
0 0.00430277 6 
0 0.00430373 6 
0 0.00430611 6 
0 0.00431617 6 
0 0.00431959 6 
0 0.00432283 6 
0 0.00432832 6 
0 0.00432987 6 
0 0.00433917 6 
0 0.00434901 6 
0 0.00435583 6 
0 0.00435685 6 
0 0.00436012 6 
0 0.00436128 6 
0 0.00437093 6 
0 0.00437406 6 
0 0.00437644 6 
0 0.00438299 6 
0 0.00440265 6 
0 0.00441116 6 
0 0.00442007 6 
0 0.00442026 6 
0 0.00442394 6 
0 0.00442445 6 
0 0.00443607 6 
0 0.00443622 6 
0 0.00444522 6 
0 0.00444955 6 
0 0.00448428 6 
0 0.00449984 6 
0 0.00450827 6 
0 0.00451621 6 
0 0.00455883 6 
0 0.0045653 6 
0 0.00459351 6 
0 0.00459506 6 
0 0.00461123 6 
0 0.00461543 6 
0 0.00461676 6 
0 0.00461774 6 
0 0.00463568 6 
0 0.00463732 6 
0 0.004657 6 
0 0.00468718 6 
0 0.00471064 6 
0 0.00473025 6 
0 0.00474458 6 
0 0.00475422 6 
0 0.00475949 6 
0 0.00477465 6 
0 0.00482984 6 
0 0.00509582 6 
0 0.00515389 6 
0 0.00552068 6 
0 inf 6 
0 0.00141771 7 
0 0.00175586 7 
0 0.00177342 7 
0 0.00177579 7 
0 0.00179695 7 
0 0.00180104 7 
0 0.00181398 7 
0 0.00182588 7 
0 0.0018552 7 
0 0.00186065 7 
0 0.00186427 7 
0 0.00188677 7 
0 0.00191723 7 
0 0.0019238 7 
0 0.00192504 7 
0 0.00194917 7 
0 0.00196604 7 
0 0.00196761 7 
0 0.00197286 7 
0 0.00198307 7 
0 0.00198371 7 
0 0.00198538 7 
0 0.00198711 7 
0 0.00198919 7 
0 0.00198944 7 
0 0.00200214 7 
0 0.00200509 7 
0 0.00200766 7 
0 0.00201098 7 
0 0.00201111 7 
0 0.00201232 7 
0 0.00201845 7 
0 0.00202259 7 
0 0.00202409 7 
0 0.00202681 7 
0 0.00202733 7 
0 0.00203524 7 
0 0.00203699 7 
0 0.00203735 7 
0 0.00204238 7 
0 0.00204498 7 
0 0.00205459 7 
0 0.00205474 7 
0 0.00205529 7 
0 0.00205715 7 
0 0.00205853 7 
0 0.00207121 7 
0 0.00207628 7 
0 0.00207691 7 
0 0.00207699 7 
0 0.00208105 7 
0 0.00208232 7 
0 0.00208251 7 
0 0.00208379 7 
0 0.00208658 7 
0 0.00208701 7 
0 0.00209646 7 
0 0.00210158 7 
0 0.00210168 7 
0 0.00210602 7 
0 0.00211154 7 
0 0.0021219 7 
0 0.00212443 7 
0 0.00212697 7 
0 0.00212704 7 
0 0.00213013 7 
0 0.00213292 7 
0 0.00214129 7 
0 0.00214187 7 
0 0.00214429 7 
0 0.00214482 7 
0 0.0021455 7 
0 0.00214569 7 
0 0.00214572 7 
0 0.00214623 7 
0 0.00215671 7 
0 0.00216646 7 
0 0.00217472 7 
0 0.00217578 7 
0 0.00218 7 
0 0.00218745 7 
0 0.00218748 7 
0 0.00218917 7 
0 0.00218987 7 
0 0.00219377 7 
0 0.00219381 7 
0 0.00219888 7 
0 0.0022019 7 
0 0.00220604 7 
0 0.00220864 7 
0 0.00220938 7 
0 0.00221102 7 
0 0.00222188 7 
0 0.0022227 7 
0 0.00223299 7 
0 0.00223929 7 
0 0.00224208 7 
0 0.00224316 7 
0 0.00224626 7 
0 0.00224662 7 
0 0.0022511 7 
0 0.00225302 7 
0 0.00228212 7 
0 0.00229773 7 
0 0.00229942 7 
0 0.00230541 7 
0 0.00231307 7 
0 0.00231608 7 
0 0.00233556 7 
0 0.00233819 7 
0 0.00233937 7 
0 0.00234058 7 
0 0.00234467 7 
0 0.00234651 7 
0 0.00236502 7 
0 0.00237074 7 
0 0.00237327 7 
0 0.00237631 7 
0 0.00237956 7 
0 0.00238733 7 
0 0.00240634 7 
0 0.00240785 7 
0 0.00241653 7 
0 0.00244907 7 
0 0.00260826 7 
0 0.00262012 7 
0 0.00288846 7 
0 inf 7 
0 0.000679585 8 
0 0.000876611 8 
0 0.000879155 8 
0 0.000879776 8 
0 0.000894192 8 
0 0.000903502 8 
0 0.000906273 8 
0 0.000920733 8 
0 0.000923039 8 
0 0.000927662 8 
0 0.000934815 8 
0 0.000944423 8 
0 0.000955463 8 
0 0.000975222 8 
0 0.000979014 8 
0 0.000979473 8 
0 0.000987808 8 
0 0.000988859 8 
0 0.000993525 8 
0 0.00099689 8 
0 0.000999472 8 
0 0.0010015 8 
0 0.0010049 8 
0 0.00100639 8 
0 0.00100819 8 
0 0.00101002 8 
0 0.00101317 8 
0 0.0010145 8 
0 0.0010158 8 
0 0.00101587 8 
0 0.00101898 8 
0 0.00102104 8 
0 0.00102473 8 
0 0.00102662 8 
0 0.00102721 8 
0 0.00102751 8 
0 0.00102904 8 
0 0.00103025 8 
0 0.00103138 8 
0 0.00103246 8 
0 0.00103394 8 
0 0.00103582 8 
0 0.00103758 8 
0 0.00103963 8 
0 0.00104053 8 
0 0.00104159 8 
0 0.0010424 8 
0 0.00104267 8 
0 0.00104317 8 
0 0.00104532 8 
0 0.00104793 8 
0 0.00105593 8 
0 0.00105775 8 
0 0.00105858 8 
0 0.00106212 8 
0 0.00106446 8 
0 0.00106506 8 
0 0.00106818 8 
0 0.00106818 8 
0 0.00107012 8 
0 0.00107029 8 
0 0.00107189 8 
0 0.00107271 8 
0 0.00107287 8 
0 0.00107324 8 
0 0.00107694 8 
0 0.00107696 8 
0 0.00107959 8 
0 0.00108307 8 
0 0.00108312 8 
0 0.00108435 8 
0 0.00108518 8 
0 0.00108771 8 
0 0.00108921 8 
0 0.00109409 8 
0 0.00109606 8 
0 0.00109989 8 
0 0.00110709 8 
0 0.00111087 8 
0 0.00111255 8 
0 0.00111488 8 
0 0.00111746 8 
0 0.00111927 8 
0 0.00111962 8 
0 0.00112149 8 
0 0.00112373 8 
0 0.0011241 8 
0 0.00112712 8 
0 0.00113266 8 
0 0.00113436 8 
0 0.00113556 8 
0 0.00113656 8 
0 0.00113662 8 
0 0.00113869 8 
0 0.00114271 8 
0 0.00114757 8 
0 0.00114845 8 
0 0.00115192 8 
0 0.00115719 8 
0 0.00116204 8 
0 0.00116609 8 
0 0.00116732 8 
0 0.0011679 8 
0 0.00117803 8 
0 0.00118582 8 
0 0.00118634 8 
0 0.00118656 8 
0 0.00118818 8 
0 0.00118978 8 
0 0.00119529 8 
0 0.00120227 8 
0 0.00120406 8 
0 0.00120688 8 
0 0.00120848 8 
0 0.00120883 8 
0 0.0012095 8 
0 0.00121154 8 
0 0.00121464 8 
0 0.00121535 8 
0 0.00121641 8 
0 0.00122813 8 
0 0.00123889 8 
0 0.00123964 8 
0 0.00124964 8 
0 0.00134583 8 
0 0.00135174 8 
0 0.00152683 8 
0 inf 8 
0 0.000331444 9 
0 0.000438057 9 
0 0.00044241 9 
0 0.000446451 9 
0 0.000446833 9 
0 0.000459454 9 
0 0.000461958 9 
0 0.000463287 9 
0 0.000464955 9 
0 0.000473871 9 
0 0.000475001 9 
0 0.000481691 9 
0 0.000489392 9 
0 0.000492136 9 
0 0.000496593 9 
0 0.000501549 9 
0 0.000503626 9 
0 0.000504129 9 
0 0.000506995 9 
0 0.000507423 9 
0 0.000510315 9 
0 0.000510536 9 
0 0.00051218 9 
0 0.000513325 9 
0 0.000513963 9 
0 0.000514313 9 
0 0.000514706 9 
0 0.000514724 9 
0 0.000517105 9 
0 0.000517582 9 
0 0.000520276 9 
0 0.000520611 9 
0 0.000520801 9 
0 0.00052297 9 
0 0.000524331 9 
0 0.000525563 9 
0 0.000526306 9 
0 0.000526599 9 
0 0.000526711 9 
0 0.000526759 9 
0 0.000527315 9 
0 0.000528646 9 
0 0.000528702 9 
0 0.000531228 9 
0 0.000531849 9 
0 0.000532201 9 
0 0.000533114 9 
0 0.000537055 9 
0 0.000537447 9 
0 0.00053766 9 
0 0.000538257 9 
0 0.000538619 9 
0 0.000538625 9 
0 0.00053955 9 
0 0.000540075 9 
0 0.000542515 9 
0 0.000542682 9 
0 0.000543067 9 
0 0.000545543 9 
0 0.000546303 9 
0 0.00054632 9 
0 0.000546605 9 
0 0.000547704 9 
0 0.000552064 9 
0 0.000552523 9 
0 0.000552563 9 
0 0.000553929 9 
0 0.000554134 9 
0 0.000554341 9 
0 0.000554652 9 
0 0.000555468 9 
0 0.000557108 9 
0 0.000557409 9 
0 0.000557659 9 
0 0.000563034 9 
0 0.000563364 9 
0 0.000567149 9 
0 0.000571729 9 
0 0.000574488 9 
0 0.000576157 9 
0 0.000577082 9 
0 0.000577994 9 
0 0.000578284 9 
0 0.000578693 9 
0 0.00057872 9 
0 0.00058032 9 
0 0.000582631 9 
0 0.000582928 9 
0 0.000584965 9 
0 0.000587173 9 
0 0.000588304 9 
0 0.000590483 9 
0 0.000591202 9 
0 0.000593512 9 
0 0.000594029 9 
0 0.000595945 9 
0 0.00059702 9 
0 0.000598275 9 
0 0.000601002 9 
0 0.000602308 9 
0 0.00060482 9 
0 0.000607291 9 
0 0.000607359 9 
0 0.000609885 9 
0 0.000611325 9 
0 0.000613821 9 
0 0.000616022 9 
0 0.000616655 9 
0 0.000617431 9 
0 0.00061771 9 
0 0.000619191 9 
0 0.000622715 9 
0 0.000624445 9 
0 0.000624703 9 
0 0.000624803 9 
0 0.000627445 9 
0 0.000629331 9 
0 0.000630164 9 
0 0.000632851 9 
0 0.000633383 9 
0 0.00063682 9 
0 0.000641809 9 
0 0.000642264 9 
0 0.00064743 9 
0 0.000697452 9 
0 0.000707485 9 
0 0.000813558 9 
0 inf 9 
