0.52429 0.539326 0 
0.523938 0.541028 0 
0.523468 0.541318 0 
0.523386 0.543922 0 
0.523298 0.543148 0 
0.522631 0.538176 0 
0.522152 0.541026 0 
0.522111 0.544098 0 
0.522109 0.544005 0 
0.521942 0.544159 0 
0.521915 0.541917 0 
0.521662 0.540699 0 
0.521585 0.544969 0 
0.521504 0.541685 0 
0.521392 0.522245 0 
0.521355 0.543111 0 
0.521026 0.538002 0 
0.520952 0.543365 0 
0.520829 0.543275 0 
0.520808 0.521551 0 
0.52063 0.540958 0 
0.520431 0.520887 0 
0.520429 0.543789 0 
0.520406 0.543201 0 
0.520173 0.541179 0 
0.520158 0.543888 0 
0.520132 0.537233 0 
0.520103 0.543201 0 
0.519894 0.541828 0 
0.519822 0.520545 0 
0.519685 0.543107 0 
0.519674 0.545639 0 
0.519628 0.543102 0 
0.519511 0.541318 0 
0.519429 0.540871 0 
0.519421 0.541073 0 
0.519421 0.543532 0 
0.519421 0.519531 0 
0.519418 0.542049 0 
0.519392 0.520083 0 
0.519332 0.542927 0 
0.519319 0.541878 0 
0.519278 0.542426 0 
0.519268 0.540729 0 
0.519205 0.54549 0 
0.519175 0.54395 0 
0.519157 0.542548 0 
0.519117 0.520473 0 
0.519012 0.519084 0 
0.519001 0.519915 0 
0.518916 0.519233 0 
0.518824 0.541657 0 
0.518799 0.519686 0 
0.518787 0.519515 0 
0.518768 0.543646 0 
0.518735 0.54555 0 
0.518707 0.54267 0 
0.51867 0.542715 0 
0.518623 0.541028 0 
0.51855 0.544854 0 
0.51838 0.544778 0 
0.518338 0.54299 0 
0.518332 0.544681 0 
0.518307 0.544851 0 
0.518297 0.519216 0 
0.518276 0.543199 0 
0.518264 0.544238 0 
0.518192 0.518449 0 
0.518129 0.518749 0 
0.518059 0.545507 0 
0.51802 0.54202 0 
0.51799 0.54322 0 
0.517951 0.518904 0 
0.51793 0.545865 0 
0.517918 0.539326 0 
0.517889 0.541129 0 
0.517883 0.541073 0 
0.517842 0.543148 0 
0.517824 0.539113 0 
0.517774 0.518904 0 
0.517741 0.539113 0 
0.5177 0.542477 0 
0.517667 0.541404 0 
0.51765 0.543374 0 
0.517646 0.520272 0 
0.517615 0.54322 0 
0.517598 0.541259 0 
0.517568 0.518425 0 
0.517543 0.5442 0 
0.517542 0.545157 0 
0.517506 0.546456 0 
0.517442 0.540729 0 
0.517275 0.517532 0 
0.517267 0.517612 0 
0.517197 0.519515 0 
0.517197 0.520108 0 
0.517139 0.517603 0 
0.517114 0.518615 0 
0.517097 0.517775 0 
0.517077 0.518956 0 
0.51707 0.517779 0 
0.51702 0.544413 0 
0.516996 0.541356 0 
0.516975 0.543534 0 
0.516948 0.541275 0 
0.516909 0.542307 0 
0.516897 0.543888 0 
0.516876 0.538743 0 
0.516844 0.543534 0 
0.516762 0.517806 0 
0.516757 0.543333 0 
0.516717 0.539064 0 
0.516709 0.519315 0 
0.516685 0.519315 0 
0.516629 0.545377 0 
0.516628 0.518064 0 
0.516592 0.51806 0 
0.516565 0.543221 0 
0.516543 0.518876 0 
0.516511 0.539733 0 
0.51649 0.520885 0 
0.51649 0.518554 0 
0.516419 0.517093 0 
0.516394 0.517151 0 
0.51637 0.516873 0 
0.51634 0.520887 0 
0.516326 0.538824 0 
0.516301 0.518615 0 
0.516298 0.544712 0 
0.516268 0.520313 0 
0.516267 0.517503 0 
0.516253 0.516497 0 
0.516237 0.541947 0 
0.516236 0.520083 0 
0.516232 0.541439 0 
0.51623 0.519417 0 
0.516208 0.516993 0 
0.516146 0.542301 0 
0.516127 0.538391 0 
0.516121 0.521314 0 
0.51609 0.518164 0 
0.516078 0.537233 0 
0.516069 0.538208 0 
0.516052 0.540623 0 
0.516041 0.518211 0 
0.516013 0.516515 0 
0.516012 0.516707 0 
0.515973 0.542547 0 
0.515971 0.537763 0 
0.515968 0.545111 0 
0.515934 0.517962 0 
0.515919 0.520141 0 
0.515918 0.518206 0 
0.515848 0.539326 0 
0.515818 0.517612 0 
0.515807 0.542426 0 
0.515805 0.519686 0 
0.515804 0.521747 0 
0.515772 0.5173 0 
0.515756 0.543295 0 
0.515748 0.541367 0 
0.515693 0.537233 0 
0.51568 0.518963 0 
0.515674 0.541878 0 
0.515664 0.545094 0 
0.515663 0.517036 0 
0.515641 0.518287 0 
0.515625 0.541794 0 
0.515597 0.515857 0 
0.515547 0.54115 0 
0.515508 0.51721 0 
0.51548 0.518548 0 
0.515474 0.543201 0 
0.51545 0.538743 0 
0.515411 0.518919 0 
0.515361 0.517144 0 
0.515331 0.516036 0 
0.515326 0.515755 0 
0.515315 0.521538 0 
0.51531 0.518193 0 
0.515294 0.541828 0 
0.51529 0.519101 0 
0.515281 0.516693 0 
0.515275 0.519482 0 
0.51526 0.538756 0 
0.515209 0.519615 0 
0.515187 0.541488 0 
0.515156 0.517064 0 
0.515101 0.541531 0 
0.515092 0.515777 0 
0.51505 0.541026 0 
0.51503 0.537233 0 
0.51503 0.544231 0 
0.51493 0.543638 0 
0.514911 0.515324 0 
0.514908 0.519084 0 
0.514908 0.5185 0 
0.514893 0.541028 0 
0.514881 0.519417 0 
0.514879 0.543147 0 
0.51487 0.54318 0 
0.514866 0.5185 0 
0.514858 0.543199 0 
0.514849 0.516794 0 
0.514798 0.519216 0 
0.514796 0.519045 0 
0.514787 0.516693 0 
0.514757 0.543518 0 
0.514723 0.539733 0 
0.51472 0.546113 0 
0.514709 0.542341 0 
0.514651 0.540384 0 
0.514625 0.544136 0 
0.51462 0.516815 0 
0.514552 0.542794 0 
0.514473 0.515576 0 
0.514405 0.514744 0 
0.514382 0.543397 0 
0.514358 0.520023 0 
0.514337 0.518919 0 
0.51429 0.516572 0 
0.514276 0.542341 0 
0.514248 0.518097 0 
0.514242 0.544696 0 
0.514193 0.519046 0 
0.514154 0.545909 0 
0.514148 0.538176 0 
0.514147 0.541129 0 
0.5141 0.542548 0 
0.514074 0.544231 0 
0.514054 0.516605 0 
0.514028 0.54614 0 
0.514006 0.517335 0 
0.513997 0.519182 0 
0.513954 0.516612 0 
0.513944 0.517578 0 
0.513941 0.518614 0 
0.513939 0.541129 0 
0.513913 0.537233 0 
0.513879 0.52054 0 
0.513852 0.542301 0 
0.513838 0.515354 0 
0.513836 0.543789 0 
0.513833 0.521476 0 
0.513824 0.519243 0 
0.513767 0.539021 0 
0.513766 0.519474 0 
0.513749 0.539113 0 
0.513729 0.519795 0 
0.513724 0.542548 0 
0.513702 0.539566 0 
0.513649 0.540399 0 
0.51364 0.518835 0 
0.513629 0.513756 0 
0.513613 0.516812 0 
0.513605 0.542027 0 
0.513602 0.516057 0 
0.51354 0.541164 0 
0.513462 0.517796 0 
0.513457 0.520561 0 
0.513406 0.539733 0 
0.513352 0.52 0 
0.513345 0.513785 0 
0.51334 0.522082 0 
0.513294 0.515755 0 
0.513294 0.545507 0 
0.513285 0.538743 0 
0.51318 0.537763 0 
0.513161 0.542426 0 
0.513133 0.522507 0 
0.513102 0.518619 0 
0.513102 0.516363 0 
0.513044 0.518152 0 
0.513007 0.519152 0 
0.512996 0.538391 0 
0.512993 0.543601 0 
0.512956 0.516625 0 
0.51295 0.538824 0 
0.512931 0.521542 0 
0.512914 0.514522 0 
0.512907 0.514708 0 
0.512905 0.519531 0 
0.512903 0.542414 0 
0.512901 0.518193 0 
0.512834 0.540623 0 
0.512832 0.514708 0 
0.512745 0.514365 0 
0.512707 0.519795 0 
0.512695 0.514372 0 
0.51269 0.517428 0 
0.512653 0.538743 0 
0.51264 0.51615 0 
0.512623 0.541282 0 
0.512601 0.540623 0 
0.512584 0.538208 0 
0.512582 0.541026 0 
0.512572 0.543534 0 
0.512491 0.539733 0 
0.512471 0.540623 0 
0.512451 0.538208 0 
0.512441 0.518963 0 
0.512431 0.516905 0 
0.512409 0.513154 0 
0.512409 0.515369 0 
0.512407 0.538208 0 
0.512387 0.515618 0 
0.512335 0.513909 0 
0.512333 0.542227 0 
0.512327 0.540623 0 
0.512233 0.541367 0 
0.512197 0.515885 0 
0.512195 0.519963 0 
0.512131 0.543397 0 
0.512116 0.515381 0 
0.512074 0.539287 0 
0.512055 0.515996 0 
0.512032 0.539566 0 
0.51202 0.540384 0 
0.511996 0.514617 0 
0.511962 0.541275 0 
0.51196 0.538391 0 
0.511948 0.541874 0 
0.511938 0.539021 0 
0.511925 0.512277 0 
0.511922 0.545564 0 
0.511917 0.541282 0 
0.511897 0.520405 0 
0.511867 0.541677 0 
0.51185 0.515865 0 
0.511843 0.542302 0 
0.511825 0.515618 0 
0.511768 0.539064 0 
0.51174 0.541282 0 
0.511664 0.513477 0 
0.511541 0.541028 0 
0.511539 0.542818 0 
0.511496 0.511642 0 
0.511474 0.541179 0 
0.51146 0.547301 0 
0.511437 0.54267 0 
0.51143 0.540699 0 
0.511393 0.512037 0 
0.511321 0.539566 0 
0.511305 0.53996 0 
0.511263 0.512689 0 
0.511237 0.542178 0 
0.511166 0.545796 0 
0.5111 0.539064 0 
0.510991 0.540551 0 
0.510968 0.511886 0 
0.51095 0.541179 0 
0.510936 0.541566 0 
0.510897 0.539566 0 
0.510876 0.514985 0 
0.510868 0.54289 0 
0.510821 0.543102 0 
0.510808 0.540551 0 
0.510791 0.54115 0 
0.510772 0.542049 0 
0.510745 0.541407 0 
0.510725 0.542178 0 
0.510596 0.5458 0 
0.510531 0.543102 0 
0.510509 0.54702 0 
0.510487 0.541685 0 
0.510454 0.542776 0 
0.510375 0.544691 0 
0.510371 0.539021 0 
0.510368 0.542477 0 
0.510293 0.542414 0 
0.51005 0.543596 0 
0.510017 0.545198 0 
0.509983 0.543026 0 
0.509948 0.544701 0 
0.509922 0.544136 0 
0.509858 0.544726 0 
0.509752 0.545094 0 
0.509365 0.543697 0 
0.509296 0.546331 0 
0.508871 0.511314 0 
0.508525 0.542225 0 
0.508434 0.515451 0 
0.21988 0.227397 1 
0.219786 0.229607 1 
0.219553 0.225844 1 
0.219464 0.226584 1 
0.219047 0.231155 1 
0.218819 0.225855 1 
0.218368 0.228683 1 
0.218303 0.226691 1 
0.218282 0.225959 1 
0.217993 0.220622 1 
0.217875 0.226213 1 
0.217869 0.226701 1 
0.217753 0.230279 1 
0.217723 0.231775 1 
0.217691 0.229835 1 
0.217677 0.226552 1 
0.217647 0.228397 1 
0.217247 0.23059 1 
0.217173 0.225358 1 
0.216957 0.227958 1 
0.216889 0.222113 1 
0.216841 0.222798 1 
0.216814 0.231008 1 
0.216626 0.226282 1 
0.216621 0.230776 1 
0.216598 0.224094 1 
0.216437 0.228976 1 
0.216366 0.230918 1 
0.216263 0.221371 1 
0.216245 0.228063 1 
0.216196 0.221403 1 
0.216157 0.229934 1 
0.216154 0.226996 1 
0.216135 0.226027 1 
0.216113 0.227157 1 
0.216113 0.226052 1 
0.215883 0.226789 1 
0.21588 0.224834 1 
0.215865 0.222896 1 
0.215799 0.225741 1 
0.215745 0.223821 1 
0.215699 0.218374 1 
0.215689 0.225639 1 
0.215528 0.224664 1 
0.215496 0.224696 1 
0.215486 0.215706 1 
0.215442 0.222847 1 
0.215416 0.223024 1 
0.215394 0.228443 1 
0.215391 0.228029 1 
0.215385 0.227764 1 
0.215337 0.223921 1 
0.215314 0.222233 1 
0.215247 0.228962 1 
0.215206 0.218485 1 
0.215153 0.225303 1 
0.215056 0.222817 1 
0.215055 0.227339 1 
0.215053 0.225067 1 
0.21504 0.227027 1 
0.215009 0.226996 1 
0.214994 0.229912 1 
0.214989 0.223786 1 
0.214981 0.2276 1 
0.214873 0.226789 1 
0.214852 0.222986 1 
0.214847 0.226561 1 
0.21484 0.229539 1 
0.214819 0.226001 1 
0.214816 0.223928 1 
0.214547 0.227093 1 
0.214495 0.222896 1 
0.214384 0.218374 1 
0.214323 0.2276 1 
0.214282 0.229331 1 
0.214274 0.233034 1 
0.21427 0.225374 1 
0.214122 0.218087 1 
0.21409 0.227099 1 
0.214083 0.226413 1 
0.213983 0.225457 1 
0.21398 0.214359 1 
0.213906 0.222628 1 
0.213781 0.222724 1 
0.213741 0.222865 1 
0.213741 0.224538 1 
0.213585 0.224048 1 
0.213552 0.222847 1 
0.21354 0.229571 1 
0.213529 0.219195 1 
0.213402 0.231854 1 
0.213382 0.226041 1 
0.213354 0.226363 1 
0.213327 0.213753 1 
0.213311 0.2244 1 
0.213232 0.227242 1 
0.213195 0.22538 1 
0.213171 0.220622 1 
0.213105 0.225422 1 
0.212856 0.219557 1 
0.212797 0.227764 1 
0.212791 0.227622 1 
0.212773 0.220537 1 
0.212689 0.22563 1 
0.212594 0.226552 1 
0.212585 0.226048 1 
0.212457 0.214708 1 
0.212446 0.224635 1 
0.212439 0.22464 1 
0.212279 0.231066 1 
0.212198 0.225513 1 
0.212101 0.224696 1 
0.212082 0.226413 1 
0.211967 0.225513 1 
0.211812 0.219782 1 
0.211715 0.211985 1 
0.211702 0.230232 1 
0.211655 0.213453 1 
0.211555 0.224834 1 
0.211539 0.221579 1 
0.211531 0.223588 1 
0.211484 0.224513 1 
0.211374 0.221371 1 
0.21115 0.223588 1 
0.211143 0.212425 1 
0.211072 0.225457 1 
0.210947 0.223968 1 
0.210921 0.22584 1 
0.210877 0.2253 1 
0.210848 0.226048 1 
0.210735 0.217813 1 
0.21066 0.226048 1 
0.210585 0.219195 1 
0.210561 0.212811 1 
0.210507 0.226413 1 
0.210493 0.222628 1 
0.210484 0.212887 1 
0.210475 0.223594 1 
0.21043 0.229911 1 
0.21042 0.223594 1 
0.210256 0.223584 1 
0.210188 0.223538 1 
0.210134 0.230645 1 
0.210121 0.217889 1 
0.210106 0.220622 1 
0.210103 0.211884 1 
0.210087 0.22378 1 
0.210003 0.211377 1 
0.209991 0.224892 1 
0.209985 0.221403 1 
0.209856 0.227397 1 
0.209844 0.218087 1 
0.209831 0.22464 1 
0.209826 0.230007 1 
0.209821 0.211784 1 
0.20981 0.222904 1 
0.209799 0.218876 1 
0.209743 0.228694 1 
0.20969 0.223024 1 
0.209684 0.219774 1 
0.209606 0.228574 1 
0.209505 0.220122 1 
0.209499 0.210517 1 
0.209469 0.210361 1 
0.209449 0.226048 1 
0.209441 0.221579 1 
0.209439 0.21208 1 
0.209327 0.21056 1 
0.209258 0.220122 1 
0.209218 0.222233 1 
0.209205 0.210361 1 
0.209204 0.218087 1 
0.209182 0.220537 1 
0.209098 0.213156 1 
0.209063 0.224985 1 
0.209056 0.224476 1 
0.20904 0.221579 1 
0.208998 0.216286 1 
0.208942 0.227424 1 
0.208887 0.222233 1 
0.208874 0.223967 1 
0.208859 0.2103 1 
0.208794 0.220789 1 
0.208775 0.209196 1 
0.208698 0.22835 1 
0.208634 0.212546 1 
0.208626 0.226171 1 
0.208608 0.222233 1 
0.208605 0.224834 1 
0.2085 0.217889 1 
0.208476 0.210245 1 
0.2084 0.2116 1 
0.2083 0.210417 1 
0.208189 0.211677 1 
0.208172 0.223007 1 
0.208153 0.211547 1 
0.208134 0.222896 1 
0.208057 0.208572 1 
0.208015 0.21354 1 
0.207971 0.210143 1 
0.207941 0.211188 1 
0.207922 0.210755 1 
0.207897 0.224696 1 
0.207869 0.21159 1 
0.207844 0.212376 1 
0.207791 0.208857 1 
0.207751 0.222904 1 
0.207749 0.209822 1 
0.2077 0.213721 1 
0.207663 0.218876 1 
0.207573 0.225904 1 
0.207407 0.208901 1 
0.207407 0.220122 1 
0.207319 0.209396 1 
0.207291 0.21206 1 
0.207277 0.210143 1 
0.207207 0.224586 1 
0.207189 0.210953 1 
0.207126 0.217889 1 
0.207076 0.210161 1 
0.20705 0.207573 1 
0.20698 0.207591 1 
0.206978 0.225844 1 
0.206905 0.221871 1 
0.206896 0.209343 1 
0.206832 0.207187 1 
0.206825 0.212069 1 
0.206823 0.208803 1 
0.20678 0.22376 1 
0.20675 0.207321 1 
0.206723 0.226421 1 
0.206693 0.222817 1 
0.206657 0.209707 1 
0.206655 0.219557 1 
0.206625 0.220197 1 
0.206615 0.215201 1 
0.206575 0.208762 1 
0.206497 0.225143 1 
0.206487 0.20837 1 
0.206391 0.20933 1 
0.20629 0.222847 1 
0.206235 0.217889 1 
0.206232 0.221579 1 
0.20623 0.229372 1 
0.206191 0.2063 1 
0.20616 0.219557 1 
0.206047 0.211687 1 
0.205904 0.212069 1 
0.205902 0.222233 1 
0.205828 0.212417 1 
0.205826 0.20638 1 
0.205792 0.211824 1 
0.205791 0.218087 1 
0.205731 0.208016 1 
0.205721 0.223945 1 
0.205651 0.210318 1 
0.205627 0.224048 1 
0.205622 0.221591 1 
0.205562 0.208671 1 
0.205556 0.210432 1 
0.20553 0.207876 1 
0.205527 0.218087 1 
0.205489 0.210392 1 
0.205469 0.223945 1 
0.205464 0.222865 1 
0.205426 0.211766 1 
0.205389 0.219782 1 
0.205331 0.220537 1 
0.205251 0.205911 1 
0.205162 0.208587 1 
0.205109 0.206351 1 
0.205104 0.207881 1 
0.205083 0.206299 1 
0.205043 0.208814 1 
0.205024 0.205911 1 
0.204882 0.207215 1 
0.204881 0.22464 1 
0.204874 0.207881 1 
0.204855 0.204867 1 
0.204848 0.226363 1 
0.204836 0.213191 1 
0.204804 0.211163 1 
0.204643 0.220789 1 
0.204598 0.225844 1 
0.204595 0.208862 1 
0.204587 0.205676 1 
0.204566 0.228798 1 
0.204548 0.210916 1 
0.204506 0.224577 1 
0.204502 0.210459 1 
0.204462 0.211836 1 
0.204439 0.217813 1 
0.204433 0.207115 1 
0.204363 0.206096 1 
0.204303 0.209742 1 
0.204275 0.207776 1 
0.204274 0.224834 1 
0.204261 0.222896 1 
0.204248 0.219782 1 
0.204209 0.218876 1 
0.20416 0.222904 1 
0.204085 0.204277 1 
0.203979 0.220122 1 
0.20397 0.21381 1 
0.203962 0.20903 1 
0.20396 0.220496 1 
0.203921 0.207303 1 
0.203907 0.205519 1 
0.203853 0.207665 1 
0.203778 0.222113 1 
0.203767 0.225358 1 
0.203673 0.224872 1 
0.203661 0.220789 1 
0.203502 0.223928 1 
0.203444 0.204364 1 
0.203436 0.206319 1 
0.203369 0.222798 1 
0.203289 0.223856 1 
0.203195 0.220789 1 
0.203195 0.20816 1 
0.20311 0.204581 1 
0.203043 0.221591 1 
0.20274 0.223856 1 
0.202664 0.225468 1 
0.202584 0.203463 1 
0.202123 0.222798 1 
0.202065 0.205519 1 
0.201557 0.203676 1 
0.200274 0.2015 1 
0.199138 0.203553 1 
0.10311 0.104999 2 
0.102857 0.105907 2 
0.102826 0.10435 2 
0.102205 0.105324 2 
0.102193 0.105278 2 
0.102062 0.10258 2 
0.102045 0.105389 2 
0.101801 0.103858 2 
0.101537 0.10464 2 
0.101321 0.101897 2 
0.101229 0.101418 2 
0.101025 0.103075 2 
0.101002 0.101055 2 
0.100628 0.106825 2 
0.100624 0.103042 2 
0.100587 0.102025 2 
0.100447 0.101677 2 
0.100295 0.101704 2 
0.100134 0.102569 2 
0.100054 0.100576 2 
0.0999718 0.101854 2 
0.0999627 0.104134 2 
0.0998843 0.103621 2 
0.0997511 0.102184 2 
0.0996959 0.103507 2 
0.0996669 0.100587 2 
0.099658 0.101776 2 
0.099297 0.101313 2 
0.0992615 0.101093 2 
0.0991742 0.100968 2 
0.0991646 0.101035 2 
0.0990726 0.100266 2 
0.0990314 0.0998039 2 
0.0990279 0.0999393 2 
0.0989248 0.100937 2 
0.0988027 0.101411 2 
0.0987093 0.104546 2 
0.0987028 0.102175 2 
0.098598 0.100832 2 
0.098552 0.101035 2 
0.0984875 0.100319 2 
0.0984764 0.10169 2 
0.0984704 0.102112 2 
0.0983873 0.104032 2 
0.0983694 0.101347 2 
0.0983251 0.0993283 2 
0.0982721 0.0987535 2 
0.0981958 0.102139 2 
0.098072 0.101026 2 
0.0979312 0.100873 2 
0.0979169 0.103115 2 
0.0977702 0.0983339 2 
0.0977574 0.102759 2 
0.0976279 0.104287 2 
0.097625 0.101782 2 
0.0976121 0.100361 2 
0.0975674 0.104169 2 
0.0974728 0.102466 2 
0.0974457 0.0980831 2 
0.0974085 0.0995794 2 
0.0973594 0.0984185 2 
0.0973432 0.0993654 2 
0.0973278 0.0979254 2 
0.0972052 0.0979254 2 
0.0971885 0.0973468 2 
0.0969502 0.098613 2 
0.096924 0.102072 2 
0.0968677 0.097633 2 
0.0965879 0.0980196 2 
0.0965218 0.100937 2 
0.0961152 0.0991984 2 
0.0961089 0.0965192 2 
0.0960706 0.0987365 2 
0.0960535 0.0991687 2 
0.0960321 0.0991006 2 
0.095987 0.099577 2 
0.09598 0.097622 2 
0.0959434 0.104533 2 
0.0959326 0.103339 2 
0.0958652 0.104169 2 
0.0958096 0.0999393 2 
0.0957578 0.0979083 2 
0.0957486 0.0996842 2 
0.0957485 0.0995137 2 
0.0957225 0.100242 2 
0.0955635 0.0978336 2 
0.0955356 0.101858 2 
0.0953982 0.102072 2 
0.0953084 0.100937 2 
0.0953016 0.099577 2 
0.0952849 0.096316 2 
0.095171 0.101154 2 
0.095106 0.0953127 2 
0.0950722 0.102678 2 
0.0950332 0.0987998 2 
0.0950201 0.0983578 2 
0.0949996 0.0955217 2 
0.0949684 0.0990475 2 
0.0949488 0.0987194 2 
0.0949082 0.0987365 2 
0.0948399 0.0949319 2 
0.0947595 0.0987194 2 
0.0947119 0.0951587 2 
0.0947081 0.0965017 2 
0.0946255 0.0955732 2 
0.0945887 0.0993829 2 
0.0945619 0.100242 2 
0.094551 0.100518 2 
0.0944953 0.0974304 2 
0.0944753 0.0998827 2 
0.0944735 0.0965192 2 
0.0944625 0.0975091 2 
0.0944407 0.0995794 2 
0.0943793 0.0966282 2 
0.094235 0.100242 2 
0.0941648 0.102388 2 
0.0940889 0.0941363 2 
0.094005 0.0987095 2 
0.0939759 0.0970634 2 
0.093909 0.100242 2 
0.0938061 0.0974534 2 
0.0937808 0.101776 2 
0.0937486 0.0963047 2 
0.0936908 0.0944333 2 
0.0936219 0.0941363 2 
0.0935693 0.100904 2 
0.0935573 0.0937785 2 
0.0935482 0.097622 2 
0.0934747 0.0987194 2 
0.09347 0.0987095 2 
0.0934598 0.0954016 2 
0.0934218 0.0992282 2 
0.0933279 0.0974534 2 
0.0933107 0.0983116 2 
0.0932492 0.0993829 2 
0.0931631 0.0937881 2 
0.0931216 0.0935955 2 
0.0929988 0.0974534 2 
0.0929791 0.100798 2 
0.0929525 0.0960721 2 
0.0929138 0.0948529 2 
0.0928595 0.101943 2 
0.092859 0.0948837 2 
0.092855 0.0948837 2 
0.0928503 0.0961275 2 
0.0928153 0.0929438 2 
0.0927422 0.097104 2 
0.0927181 0.0954333 2 
0.0927116 0.0954087 2 
0.0926494 0.0939122 2 
0.0926465 0.0948837 2 
0.0926252 0.100345 2 
0.0925933 0.0978259 2 
0.092586 0.0981871 2 
0.0924988 0.0943244 2 
0.0924831 0.0954747 2 
0.0923901 0.098811 2 
0.0922976 0.0979559 2 
0.0922907 0.097622 2 
0.0922902 0.0992818 2 
0.0922299 0.0945465 2 
0.0921785 0.0980831 2 
0.0921562 0.0942258 2 
0.0921402 0.0924548 2 
0.0918829 0.0992555 2 
0.0918727 0.0963165 2 
0.091801 0.0960721 2 
0.0917599 0.0934768 2 
0.0917457 0.0961901 2 
0.0917225 0.0959744 2 
0.0916566 0.0923501 2 
0.09163 0.0958696 2 
0.0916177 0.0933965 2 
0.091603 0.0917525 2 
0.0915971 0.0943244 2 
0.0915904 0.0993654 2 
0.0915895 0.0956328 2 
0.0915559 0.10036 2 
0.0914632 0.0932239 2 
0.0914454 0.095587 2 
0.091443 0.0940943 2 
0.0914156 0.0936237 2 
0.0914154 0.10333 2 
0.0913808 0.0950808 2 
0.0913706 0.0974037 2 
0.0913705 0.0997828 2 
0.091288 0.0946838 2 
0.091271 0.0979254 2 
0.0912417 0.0915078 2 
0.0912233 0.0929438 2 
0.0912027 0.102977 2 
0.0911822 0.0969323 2 
0.0911768 0.0993489 2 
0.0911481 0.0941035 2 
0.0911081 0.0960721 2 
0.0910671 0.0958898 2 
0.0910469 0.100574 2 
0.0910418 0.0981871 2 
0.0910212 0.0925248 2 
0.0909929 0.0951974 2 
0.0909822 0.0947282 2 
0.090978 0.0979559 2 
0.0909577 0.0992387 2 
0.0909029 0.0931971 2 
0.0908242 0.0919603 2 
0.0907998 0.0930349 2 
0.090775 0.0912262 2 
0.0906724 0.094519 2 
0.0906329 0.0936572 2 
0.0906301 0.0917385 2 
0.0906244 0.0936154 2 
0.0906223 0.0940943 2 
0.0906188 0.0949963 2 
0.0905595 0.0934775 2 
0.090475 0.0947715 2 
0.0904559 0.0946612 2 
0.0904081 0.10019 2 
0.0903923 0.0919087 2 
0.0903632 0.0988751 2 
0.0903184 0.097633 2 
0.0902972 0.101026 2 
0.0902753 0.0953505 2 
0.0902556 0.0930979 2 
0.0902393 0.0982056 2 
0.0902358 0.0917972 2 
0.0901149 0.0949319 2 
0.0900748 0.0911245 2 
0.0900673 0.0933495 2 
0.0900602 0.0976592 2 
0.0900484 0.0979559 2 
0.090033 0.0961901 2 
0.0899282 0.0933997 2 
0.0898744 0.0911222 2 
0.0898651 0.0957141 2 
0.089857 0.0976058 2 
0.08985 0.0901771 2 
0.0898316 0.0901813 2 
0.089709 0.0954468 2 
0.0896847 0.0987194 2 
0.0896831 0.0929438 2 
0.0896634 0.0946284 2 
0.0896589 0.0974037 2 
0.0896453 0.0957562 2 
0.0895415 0.10036 2 
0.0895375 0.0942434 2 
0.089507 0.0993666 2 
0.0895031 0.0913729 2 
0.0894269 0.0974534 2 
0.0892951 0.0897762 2 
0.0891279 0.0918945 2 
0.0890989 0.0961274 2 
0.0890149 0.0961901 2 
0.0890025 0.0908521 2 
0.088943 0.0892979 2 
0.0888725 0.0917785 2 
0.0887757 0.0967995 2 
0.0887702 0.0894652 2 
0.0886245 0.0961901 2 
0.0886164 0.0951974 2 
0.0885998 0.0979254 2 
0.0885953 0.089119 2 
0.0885353 0.0918488 2 
0.0885173 0.0964027 2 
0.0885149 0.0972196 2 
0.0885022 0.092454 2 
0.0884752 0.0969323 2 
0.0883231 0.0945074 2 
0.0883231 0.0920038 2 
0.0883177 0.0896097 2 
0.0882486 0.0882501 2 
0.0882085 0.0905796 2 
0.0881942 0.0980831 2 
0.0881887 0.0972487 2 
0.0881859 0.0962802 2 
0.088101 0.098664 2 
0.0880988 0.0916119 2 
0.0880615 0.0934775 2 
0.0880053 0.100488 2 
0.0879426 0.0902185 2 
0.0879037 0.0970634 2 
0.0878403 0.0960721 2 
0.0877201 0.0901093 2 
0.0875852 0.0987998 2 
0.0875824 0.0972487 2 
0.0875615 0.0887338 2 
0.0875184 0.0941067 2 
0.0873313 0.098664 2 
0.0872124 0.0943244 2 
0.0871613 0.0885096 2 
0.0871529 0.0996842 2 
0.086477 0.0880697 2 
0.0864438 0.0891127 2 
0.0861384 0.088226 2 
0.0859655 0.0863033 2 
0.0855644 0.0881031 2 
0.0854346 0.0855237 2 
0.0848313 0.0870809 2 
0.0507853 0.0513997 3 
0.0488202 0.0493094 3 
0.0482653 0.0493413 3 
0.0481898 0.0489875 3 
0.047883 0.04814 3 
0.0477372 0.0487245 3 
0.0477251 0.0483851 3 
0.0477211 0.0493413 3 
0.0476997 0.048091 3 
0.047688 0.0491045 3 
0.0476218 0.0494629 3 
0.0474283 0.0486839 3 
0.0473712 0.0479085 3 
0.0471292 0.0476046 3 
0.047117 0.0486928 3 
0.0469857 0.0498739 3 
0.0469578 0.0493381 3 
0.0466856 0.0481641 3 
0.0464156 0.0483404 3 
0.0463066 0.0467036 3 
0.0461497 0.0470775 3 
0.0460382 0.0474142 3 
0.0460362 0.0483838 3 
0.0460345 0.0462678 3 
0.0460307 0.0463946 3 
0.045935 0.0485552 3 
0.0459233 0.046767 3 
0.0457895 0.0460859 3 
0.0457472 0.0458427 3 
0.0457237 0.047966 3 
0.0457034 0.0461886 3 
0.0456497 0.0459304 3 
0.0456393 0.0462247 3 
0.0456288 0.0467866 3 
0.0456249 0.0471582 3 
0.045522 0.0455529 3 
0.0454665 0.0460707 3 
0.0453541 0.0461178 3 
0.0453261 0.0458399 3 
0.0453191 0.045353 3 
0.0453113 0.0462003 3 
0.0452888 0.0465917 3 
0.0452352 0.0454095 3 
0.0452332 0.0460911 3 
0.0451841 0.0464259 3 
0.0451686 0.0456525 3 
0.0451321 0.0459929 3 
0.0450672 0.0467535 3 
0.0450447 0.0459844 3 
0.0450273 0.0456844 3 
0.0449966 0.0450272 3 
0.0448908 0.0455264 3 
0.0448771 0.0462003 3 
0.0448562 0.0454235 3 
0.0448165 0.045737 3 
0.0448056 0.046767 3 
0.0447718 0.0454147 3 
0.0447647 0.0459304 3 
0.0447426 0.0477504 3 
0.0447244 0.0461132 3 
0.0446974 0.0453407 3 
0.0446889 0.0472883 3 
0.044685 0.0490919 3 
0.044624 0.0461034 3 
0.0446089 0.0448527 3 
0.0445547 0.046767 3 
0.0445035 0.0466067 3 
0.0444928 0.0449088 3 
0.0444887 0.0456432 3 
0.0444369 0.0463385 3 
0.0444351 0.0449503 3 
0.0444212 0.0469375 3 
0.0443571 0.0485129 3 
0.0443465 0.0472426 3 
0.0443445 0.0454521 3 
0.0443114 0.0446495 3 
0.0441261 0.0450019 3 
0.0441017 0.0444217 3 
0.0440816 0.0450524 3 
0.0440345 0.0445687 3 
0.0440098 0.0450694 3 
0.043976 0.045353 3 
0.0439428 0.0450025 3 
0.0438918 0.047197 3 
0.0438817 0.0456245 3 
0.0438762 0.046065 3 
0.0438334 0.0452178 3 
0.0438117 0.0484282 3 
0.0437372 0.0442372 3 
0.0437161 0.0452342 3 
0.0437099 0.043754 3 
0.0436893 0.0442372 3 
0.0436606 0.0454095 3 
0.043579 0.045353 3 
0.0434857 0.0449519 3 
0.0434602 0.0453011 3 
0.0434242 0.04714 3 
0.0434017 0.045386 3 
0.0433798 0.0461404 3 
0.043371 0.046025 3 
0.0433613 0.043807 3 
0.0433585 0.043762 3 
0.043356 0.0439391 3 
0.0433411 0.0458183 3 
0.0432877 0.0441448 3 
0.0432368 0.0478305 3 
0.0432262 0.0436165 3 
0.0431914 0.0436123 3 
0.0431027 0.0457025 3 
0.0431024 0.0442904 3 
0.0430836 0.0445687 3 
0.0430038 0.0441017 3 
0.0429959 0.0457025 3 
0.042988 0.0443304 3 
0.0429759 0.0454442 3 
0.0429472 0.0446324 3 
0.0429386 0.0466313 3 
0.042924 0.0452341 3 
0.0429182 0.0457209 3 
0.0428815 0.0470004 3 
0.0428631 0.0440504 3 
0.0428546 0.047197 3 
0.0428329 0.0463896 3 
0.0428251 0.0462043 3 
0.0428169 0.0442011 3 
0.042787 0.0469572 3 
0.0427819 0.0450933 3 
0.042778 0.0444217 3 
0.042754 0.0458183 3 
0.042753 0.0450843 3 
0.042726 0.0450019 3 
0.0427248 0.0447323 3 
0.0426822 0.0452178 3 
0.0426292 0.0464269 3 
0.0426184 0.0433769 3 
0.0426116 0.0460958 3 
0.042604 0.0429442 3 
0.0425949 0.0454839 3 
0.0425602 0.0431966 3 
0.0425567 0.042853 3 
0.0425154 0.0456185 3 
0.0424951 0.0456633 3 
0.0424726 0.0449917 3 
0.0424637 0.0455529 3 
0.0424594 0.0445687 3 
0.0424458 0.0431032 3 
0.0424195 0.042598 3 
0.0424178 0.0450272 3 
0.0424027 0.0428488 3 
0.0423774 0.0442011 3 
0.0423372 0.042598 3 
0.0422316 0.0430219 3 
0.0422255 0.0447503 3 
0.0421915 0.0443317 3 
0.0421709 0.0459061 3 
0.0421704 0.0455119 3 
0.0421454 0.0436994 3 
0.0420999 0.0460801 3 
0.04205 0.0455653 3 
0.0419832 0.0461986 3 
0.0419718 0.0459061 3 
0.0419375 0.0429685 3 
0.041909 0.0459203 3 
0.0419068 0.0437383 3 
0.0418864 0.0432692 3 
0.0418779 0.0443884 3 
0.0418534 0.0459427 3 
0.0418158 0.0470004 3 
0.0418062 0.0455001 3 
0.0417612 0.042071 3 
0.0417498 0.044863 3 
0.0417364 0.0454975 3 
0.0417185 0.0443884 3 
0.0417043 0.0419901 3 
0.0417011 0.0432538 3 
0.0416776 0.0457025 3 
0.0416337 0.0455436 3 
0.0416192 0.0447323 3 
0.0415483 0.0426856 3 
0.0415319 0.0454585 3 
0.041413 0.04502 3 
0.0413535 0.042263 3 
0.0413206 0.0421523 3 
0.0413144 0.0459427 3 
0.0413115 0.045465 3 
0.0412888 0.0440399 3 
0.0412789 0.0415278 3 
0.0412436 0.0460145 3 
0.0411795 0.0431521 3 
0.0411741 0.0438186 3 
0.0411229 0.0452422 3 
0.0410939 0.0420527 3 
0.0410387 0.0447067 3 
0.0410328 0.0425109 3 
0.0410047 0.0454265 3 
0.0409937 0.0440314 3 
0.0409917 0.0460859 3 
0.0409348 0.0432887 3 
0.0408743 0.0456633 3 
0.0408671 0.0461132 3 
0.040839 0.0432781 3 
0.0408161 0.0443858 3 
0.0408151 0.0421523 3 
0.0408067 0.0460571 3 
0.0407134 0.0418193 3 
0.0406677 0.0471314 3 
0.040612 0.0411577 3 
0.0406076 0.0422146 3 
0.0404689 0.0463946 3 
0.0403626 0.0414621 3 
0.0402487 0.0430669 3 
0.040238 0.0461213 3 
0.04006 0.0447821 3 
0.0400521 0.0443858 3 
0.0400152 0.0410019 3 
0.0399689 0.0458753 3 
0.0399184 0.0408487 3 
0.0398131 0.0462247 3 
0.0397395 0.0416854 3 
0.0396869 0.0408447 3 
0.0396211 0.0415517 3 
0.039305 0.0404182 3 
0.0390233 0.0426891 3 
0.0390017 0.0398876 3 
0.0386197 0.0391288 3 
0.0379131 0.0394978 3 
0.0244657 0.024736 4 
0.0241971 0.0250041 4 
0.0241612 0.0254572 4 
0.0241456 0.0243529 4 
0.0240372 0.0240689 4 
0.0239552 0.0240054 4 
0.0239355 0.0240436 4 
0.0237068 0.0249103 4 
0.0236967 0.0238384 4 
0.0232911 0.0237354 4 
0.0232101 0.0233289 4 
0.0231875 0.0232441 4 
0.0231517 0.0232504 4 
0.0231482 0.0238666 4 
0.0229629 0.0234374 4 
0.0228751 0.0240756 4 
0.0228357 0.0228713 4 
0.022834 0.0237086 4 
0.0228315 0.0228416 4 
0.0227879 0.0227953 4 
0.0226703 0.0227252 4 
0.0225617 0.0241447 4 
0.02254 0.0227122 4 
0.0225101 0.0225241 4 
0.0224319 0.022481 4 
0.0223858 0.0232184 4 
0.0223412 0.0223417 4 
0.0222514 0.0227734 4 
0.0222388 0.0226231 4 
0.0221778 0.0241043 4 
0.0221727 0.023304 4 
0.0221217 0.0230174 4 
0.0221164 0.0224549 4 
0.0220997 0.0222048 4 
0.0220829 0.023734 4 
0.0220329 0.0234566 4 
0.0220284 0.0222868 4 
0.0219953 0.0227606 4 
0.0219888 0.0241304 4 
0.021967 0.022409 4 
0.0219578 0.0230402 4 
0.0219171 0.0225585 4 
0.0219057 0.022884 4 
0.0218517 0.0220695 4 
0.0218499 0.0222474 4 
0.0218245 0.0227467 4 
0.0218208 0.0229881 4 
0.0218044 0.022539 4 
0.0216991 0.0219266 4 
0.0216269 0.0222741 4 
0.021606 0.0219781 4 
0.0215652 0.0220366 4 
0.0215381 0.0220847 4 
0.0215356 0.0219266 4 
0.0215184 0.021642 4 
0.0215103 0.0215264 4 
0.0214668 0.0216512 4 
0.0214508 0.0220778 4 
0.0214202 0.0217847 4 
0.0214155 0.0232804 4 
0.0213569 0.0219649 4 
0.0213342 0.0233166 4 
0.0213301 0.0215781 4 
0.0213079 0.0213911 4 
0.021304 0.0222042 4 
0.0212984 0.0232184 4 
0.0212486 0.0222961 4 
0.0212345 0.0231155 4 
0.0212237 0.021875 4 
0.0212194 0.0222042 4 
0.0212119 0.0220415 4 
0.0211799 0.0221935 4 
0.0211789 0.0225395 4 
0.0211722 0.0215642 4 
0.0211553 0.0223101 4 
0.0211416 0.022672 4 
0.0211196 0.0220778 4 
0.0211069 0.0218585 4 
0.0210921 0.0214521 4 
0.0210632 0.0225395 4 
0.0210622 0.0212246 4 
0.021036 0.0210409 4 
0.0210155 0.0221744 4 
0.0210128 0.0228701 4 
0.0209985 0.0212682 4 
0.0209859 0.0224944 4 
0.0209855 0.0230921 4 
0.0209667 0.0213874 4 
0.0209339 0.0214137 4 
0.0209159 0.0231382 4 
0.0209157 0.0222003 4 
0.0208973 0.0210886 4 
0.0208903 0.0215817 4 
0.0208805 0.0208876 4 
0.0208774 0.0215606 4 
0.0208702 0.0225376 4 
0.0208602 0.0214759 4 
0.0208385 0.0229296 4 
0.0208121 0.0222042 4 
0.0208075 0.0219417 4 
0.0208043 0.0222153 4 
0.0207893 0.0221679 4 
0.0207723 0.0226312 4 
0.0207576 0.0219874 4 
0.0207176 0.0229296 4 
0.0207033 0.0218422 4 
0.0206809 0.021986 4 
0.0206804 0.0214005 4 
0.0206723 0.0225376 4 
0.0206503 0.0218463 4 
0.0206388 0.0210304 4 
0.0206327 0.0220537 4 
0.0206134 0.0206295 4 
0.0205922 0.0212084 4 
0.0205771 0.0219417 4 
0.02049 0.0222242 4 
0.0204866 0.0218463 4 
0.020463 0.0229826 4 
0.0204069 0.0227674 4 
0.0203691 0.0211497 4 
0.0203528 0.0220847 4 
0.0203512 0.0222048 4 
0.0203427 0.0220424 4 
0.0203192 0.022505 4 
0.0203098 0.0221935 4 
0.0203087 0.0207634 4 
0.0202997 0.0227739 4 
0.0202975 0.022383 4 
0.0202914 0.0226053 4 
0.0202717 0.0225603 4 
0.0202561 0.0206295 4 
0.0202509 0.0203608 4 
0.0201661 0.0203048 4 
0.0201538 0.0210165 4 
0.0201411 0.0212662 4 
0.0201383 0.0231051 4 
0.0201158 0.0223843 4 
0.020113 0.0207907 4 
0.0201031 0.0223467 4 
0.0200862 0.0223979 4 
0.0199464 0.0216258 4 
0.0199057 0.0230663 4 
0.0199027 0.0216258 4 
0.0199001 0.0219988 4 
0.019894 0.022687 4 
0.0198868 0.0227122 4 
0.0198444 0.0214137 4 
0.0198324 0.0222887 4 
0.0197869 0.0215923 4 
0.0197702 0.0206937 4 
0.0197654 0.0225615 4 
0.0197136 0.0205159 4 
0.0196829 0.0212155 4 
0.0196454 0.0200138 4 
0.0196292 0.0201072 4 
0.0196226 0.0197533 4 
0.0196102 0.0206791 4 
0.0196014 0.0200008 4 
0.0195907 0.0227856 4 
0.0195512 0.0212987 4 
0.0194711 0.0204745 4 
0.0194638 0.0200227 4 
0.0194164 0.0197736 4 
0.0194102 0.0219162 4 
0.0193865 0.0228022 4 
0.0193672 0.019824 4 
0.0193315 0.0198631 4 
0.0192544 0.0209717 4 
0.0192469 0.021159 4 
0.0191456 0.0203194 4 
0.0190733 0.0225499 4 
0.0189901 0.0197252 4 
0.0189876 0.0222303 4 
0.0188249 0.0202129 4 
0.0185365 0.018889 4 
0.0185169 0.0204765 4 
0.0184673 0.0186304 4 
0.0184341 0.0193947 4 
0.0182492 0.0186718 4 
0.018018 0.0187114 4 
0.0128904 0.0131763 5 
0.0127765 0.0128982 5 
0.0127359 0.0127371 5 
0.01218 0.0122716 5 
0.0120946 0.0121071 5 
0.0120131 0.0120759 5 
0.0117938 0.0122716 5 
0.0116911 0.012033 5 
0.0116879 0.0120718 5 
0.0116761 0.0124674 5 
0.0116233 0.0118122 5 
0.0115871 0.0116207 5 
0.0115411 0.0116035 5 
0.0115284 0.0115685 5 
0.0115207 0.0121994 5 
0.011516 0.0122523 5 
0.0114893 0.0116068 5 
0.0114043 0.0120151 5 
0.0114039 0.0116795 5 
0.0113908 0.0115394 5 
0.0112994 0.01143 5 
0.0112828 0.01151 5 
0.0112637 0.011787 5 
0.0112545 0.0121271 5 
0.0112286 0.0116096 5 
0.0111863 0.0113715 5 
0.0111741 0.0116722 5 
0.0111571 0.0113138 5 
0.0111232 0.0115283 5 
0.0111123 0.0114769 5 
0.0110654 0.0118003 5 
0.0110639 0.0112556 5 
0.0109829 0.0113835 5 
0.0109471 0.0118061 5 
0.0109248 0.0110631 5 
0.0109093 0.0113183 5 
0.010908 0.0117294 5 
0.0108599 0.0113183 5 
0.0108592 0.0108723 5 
0.0108515 0.0110346 5 
0.0108329 0.0111773 5 
0.0108117 0.0115862 5 
0.0108085 0.0111357 5 
0.0108048 0.0108723 5 
0.0108029 0.0112458 5 
0.0108022 0.0116112 5 
0.0107994 0.0114303 5 
0.0107899 0.0119348 5 
0.0107791 0.0112149 5 
0.0107778 0.0108303 5 
0.0107732 0.0112827 5 
0.0107584 0.0110466 5 
0.0107567 0.0119366 5 
0.0107523 0.0108985 5 
0.0107401 0.0115283 5 
0.0107302 0.0112892 5 
0.0106787 0.0111511 5 
0.0106684 0.0113566 5 
0.0106547 0.0109482 5 
0.0106351 0.0107516 5 
0.0106299 0.0110644 5 
0.0106266 0.0112149 5 
0.0106072 0.0106924 5 
0.0106003 0.0107167 5 
0.0105802 0.0113093 5 
0.0105797 0.010899 5 
0.0105649 0.0112166 5 
0.0105554 0.0108874 5 
0.010552 0.0113722 5 
0.0105519 0.0115473 5 
0.0105216 0.0111204 5 
0.0105154 0.0106821 5 
0.0105056 0.0109869 5 
0.010497 0.0120409 5 
0.010489 0.0119366 5 
0.0104793 0.0115528 5 
0.0104743 0.0105484 5 
0.0104719 0.0114726 5 
0.0104703 0.0115379 5 
0.0104667 0.0107609 5 
0.0104654 0.0105519 5 
0.0104552 0.0106784 5 
0.0104376 0.0107735 5 
0.010425 0.0114244 5 
0.0103812 0.0115528 5 
0.0103461 0.0115598 5 
0.0103312 0.0110166 5 
0.0103257 0.0106834 5 
0.010321 0.0112892 5 
0.0103078 0.0108082 5 
0.0103054 0.0117629 5 
0.010287 0.0111356 5 
0.010287 0.01143 5 
0.0102748 0.0119387 5 
0.0102667 0.0109992 5 
0.0102394 0.0111279 5 
0.0102359 0.0107972 5 
0.0102239 0.0108503 5 
0.0102074 0.0106166 5 
0.0101923 0.011356 5 
0.0101725 0.0112552 5 
0.0101714 0.0107735 5 
0.0101462 0.0112291 5 
0.0101316 0.0109482 5 
0.0101131 0.0101672 5 
0.0100961 0.011556 5 
0.0100847 0.0112906 5 
0.0100553 0.0105339 5 
0.010054 0.0103858 5 
0.0100211 0.0115111 5 
0.0100147 0.0108628 5 
0.0100116 0.0105699 5 
0.0100079 0.0110083 5 
0.0100024 0.011831 5 
0.00994817 0.0112171 5 
0.00993761 0.0100736 5 
0.00991167 0.0105921 5 
0.00990217 0.0102911 5 
0.00989993 0.0104074 5 
0.00989833 0.0116004 5 
0.00982722 0.0100233 5 
0.00981768 0.0102095 5 
0.00977548 0.0107861 5 
0.00977275 0.0106993 5 
0.00973945 0.0103948 5 
0.00973543 0.0103882 5 
0.00972424 0.0106343 5 
0.00971257 0.0101662 5 
0.00970215 0.00999651 5 
0.00968943 0.00978348 5 
0.00967316 0.0111917 5 
0.00966671 0.0114244 5 
0.00963272 0.0107073 5 
0.00959487 0.00975469 5 
0.00958387 0.0102526 5 
0.00958052 0.00981333 5 
0.00955756 0.00983775 5 
0.00950513 0.0106924 5 
0.00938952 0.0111803 5 
0.00937121 0.0113818 5 
0.00934739 0.00986303 5 
0.00921969 0.00993884 5 
0.0091312 0.0102874 5 
0.00899953 0.00909239 5 
0.00898227 0.00932868 5 
0.00895683 0.00952604 5 
0.00887939 0.00932968 5 
0.00660221 0.00664693 6 
0.00644692 0.00674198 6 
0.00632719 0.00664693 6 
0.00621234 0.00639282 6 
0.00617559 0.0062258 6 
0.00616444 0.00645272 6 
0.00612601 0.00620049 6 
0.00610578 0.0063523 6 
0.00609991 0.00630874 6 
0.00609143 0.00627864 6 
0.00608572 0.00628225 6 
0.00601449 0.00611185 6 
0.00598107 0.00606378 6 
0.00597198 0.00598776 6 
0.00593545 0.00605183 6 
0.00592416 0.00617143 6 
0.00591205 0.00651493 6 
0.00587853 0.00605245 6 
0.00586478 0.00603659 6 
0.00581424 0.00605245 6 
0.00580117 0.00584801 6 
0.0058006 0.0058806 6 
0.00579832 0.00584801 6 
0.00578802 0.00589505 6 
0.00578189 0.00586684 6 
0.00577453 0.00592285 6 
0.00576093 0.00603586 6 
0.00575473 0.00597189 6 
0.00575031 0.00589664 6 
0.00574281 0.0059437 6 
0.00572036 0.00611154 6 
0.00568823 0.00627029 6 
0.00567745 0.0056946 6 
0.00564694 0.00607709 6 
0.00564603 0.0060287 6 
0.00564274 0.0060467 6 
0.00564247 0.00576613 6 
0.00561282 0.00578816 6 
0.00560957 0.00604551 6 
0.00559035 0.00636122 6 
0.00558887 0.00628572 6 
0.00558213 0.0056946 6 
0.00557987 0.00567567 6 
0.00557917 0.00586561 6 
0.00557555 0.00595133 6 
0.00555811 0.00558067 6 
0.00555289 0.00625615 6 
0.00553454 0.00562117 6 
0.00553395 0.00625615 6 
0.00552543 0.0056273 6 
0.00551717 0.00589799 6 
0.00551476 0.00607069 6 
0.00551194 0.00560434 6 
0.00551062 0.00587444 6 
0.00550797 0.00559686 6 
0.00547339 0.00632348 6 
0.00543706 0.00595133 6 
0.00541761 0.00597514 6 
0.00541731 0.00565535 6 
0.00541471 0.00560434 6 
0.00541419 0.00591304 6 
0.00540927 0.00603659 6 
0.00540612 0.00548412 6 
0.00540424 0.0060655 6 
0.00539943 0.00611913 6 
0.00538419 0.00615746 6 
0.0053619 0.00562117 6 
0.00535759 0.00545143 6 
0.00534829 0.00574375 6 
0.00534269 0.00566583 6 
0.00533536 0.00553949 6 
0.00532633 0.00579032 6 
0.0053222 0.00559321 6 
0.00532185 0.0060375 6 
0.00532165 0.00580696 6 
0.00531495 0.00554792 6 
0.00530519 0.00559801 6 
0.00529649 0.00590261 6 
0.00529036 0.00594633 6 
0.00528501 0.00569511 6 
0.00527317 0.00534403 6 
0.00526929 0.00556315 6 
0.00526365 0.0059672 6 
0.00525921 0.00558096 6 
0.0052454 0.00593293 6 
0.0052444 0.00570821 6 
0.00521972 0.00575606 6 
0.00521305 0.00580721 6 
0.00520804 0.00560798 6 
0.00520736 0.00620333 6 
0.0051815 0.00542897 6 
0.00517448 0.00525439 6 
0.00517065 0.00560944 6 
0.00517012 0.00554792 6 
0.00516594 0.00544405 6 
0.00515853 0.00520713 6 
0.00515665 0.00571282 6 
0.00515545 0.00541964 6 
0.00514519 0.00558952 6 
0.00513437 0.00597398 6 
0.00511674 0.00535594 6 
0.00511334 0.00539852 6 
0.0050949 0.00617312 6 
0.00509137 0.00513189 6 
0.00508466 0.00534631 6 
0.00506676 0.00533428 6 
0.00505248 0.0052759 6 
0.00504331 0.00575852 6 
0.00501129 0.00512271 6 
0.00500545 0.00594147 6 
0.00500486 0.00510552 6 
0.00498926 0.00512447 6 
0.00497142 0.00548187 6 
0.00491614 0.00557069 6 
0.00490677 0.00492701 6 
0.00488706 0.00489039 6 
0.00488132 0.00506245 6 
0.00487822 0.00533951 6 
0.00487009 0.00490693 6 
0.00486791 0.00533 6 
0.00485957 0.00546318 6 
0.00485141 0.00579745 6 
0.00485041 0.00504019 6 
0.00484985 0.00534819 6 
0.00480201 0.00502829 6 
0.00476863 0.00537395 6 
0.00473156 0.00500838 6 
0.00471869 0.00574305 6 
0.00465124 0.00472475 6 
0.00464518 0.00513723 6 
0.00453376 0.00460143 6 
0.00449423 0.00463841 6 
0.00448895 0.00482645 6 
0.00448727 0.00480388 6 
0.00365188 0.00368534 7 
0.00346326 0.00351177 7 
0.00339715 0.00342194 7 
0.00336784 0.00354367 7 
0.00333889 0.00337104 7 
0.00332085 0.0034201 7 
0.00332083 0.00352216 7 
0.00329866 0.00336333 7 
0.0032783 0.00329994 7 
0.00321289 0.00324201 7 
0.00321043 0.00322333 7 
0.00319028 0.00327541 7 
0.00318321 0.00325954 7 
0.00317687 0.00357515 7 
0.0031406 0.00324964 7 
0.00312083 0.00325708 7 
0.00311876 0.00322199 7 
0.00309987 0.00326172 7 
0.00309334 0.00331693 7 
0.00308775 0.00324964 7 
0.00307737 0.00325954 7 
0.00305463 0.0032812 7 
0.00304727 0.00342936 7 
0.00303975 0.00323305 7 
0.00303656 0.003132 7 
0.00303066 0.00334324 7 
0.00301971 0.00311526 7 
0.00301405 0.00325152 7 
0.00300978 0.00323239 7 
0.00300164 0.00317648 7 
0.0029961 0.00301425 7 
0.0029934 0.00334353 7 
0.00298503 0.00302048 7 
0.00298437 0.00305912 7 
0.00298097 0.00332724 7 
0.00296843 0.00318829 7 
0.00296226 0.00323211 7 
0.00296223 0.00318656 7 
0.00294281 0.00294895 7 
0.00294171 0.00305689 7 
0.0029373 0.0030991 7 
0.00292778 0.00308404 7 
0.00292429 0.00310613 7 
0.00292031 0.00332724 7 
0.00290989 0.00295265 7 
0.00290542 0.00323305 7 
0.00289532 0.00338811 7 
0.00289464 0.00311978 7 
0.00288948 0.00319691 7 
0.00288704 0.0030571 7 
0.00288265 0.00309377 7 
0.0028795 0.00302917 7 
0.00286426 0.00314795 7 
0.00286302 0.00332952 7 
0.00285021 0.00315936 7 
0.00284371 0.00300798 7 
0.00284067 0.00290449 7 
0.0028404 0.00295636 7 
0.00284033 0.00312067 7 
0.00283421 0.00290695 7 
0.00283203 0.0032395 7 
0.0028224 0.00294039 7 
0.00281924 0.00283658 7 
0.00281808 0.00289687 7 
0.00281796 0.0030991 7 
0.00280804 0.00317839 7 
0.0028056 0.00294255 7 
0.00279532 0.00285588 7 
0.00278365 0.003132 7 
0.00277835 0.00297096 7 
0.00274697 0.00275753 7 
0.00274326 0.00283571 7 
0.0027414 0.00306397 7 
0.00273593 0.00297148 7 
0.00273209 0.00294708 7 
0.00273085 0.00297372 7 
0.00272973 0.0027716 7 
0.0027249 0.00295946 7 
0.00272294 0.00278193 7 
0.00271735 0.00319788 7 
0.00270904 0.0030506 7 
0.00270776 0.00276308 7 
0.00270775 0.00294895 7 
0.0027048 0.00304508 7 
0.00270403 0.00304225 7 
0.00270192 0.00284385 7 
0.00269764 0.00271445 7 
0.00269675 0.00270349 7 
0.00269646 0.00327246 7 
0.00269155 0.0030506 7 
0.00269059 0.00285588 7 
0.00268778 0.00290315 7 
0.00268144 0.00284249 7 
0.00266854 0.00278774 7 
0.00265626 0.00276749 7 
0.00265305 0.00320177 7 
0.00264323 0.0027277 7 
0.00263709 0.00265294 7 
0.00262262 0.00310664 7 
0.00261877 0.00276153 7 
0.0025782 0.00265786 7 
0.00257416 0.00286671 7 
0.00254057 0.00288322 7 
0.00253866 0.00304912 7 
0.00251537 0.00269454 7 
0.00251264 0.00256055 7 
0.00251148 0.00264287 7 
0.00250898 0.00283571 7 
0.00248717 0.002587 7 
0.00247916 0.00280346 7 
0.00246565 0.00261609 7 
0.00245789 0.00276867 7 
0.0024458 0.00294074 7 
0.00242678 0.00280138 7 
0.0023941 0.00261541 7 
0.0023872 0.0024348 7 
0.00235486 0.00256055 7 
0.00232062 0.00253558 7 
0.00227246 0.00242549 7 
0.00184589 0.00187371 8 
0.00183514 0.00191934 8 
0.00182266 0.00182345 8 
0.00180993 0.00191126 8 
0.00176544 0.00184332 8 
0.00174201 0.00191168 8 
0.00173158 0.00173247 8 
0.00171984 0.00183886 8 
0.00171791 0.00178023 8 
0.00171708 0.00178892 8 
0.00171462 0.00172513 8 
0.00170464 0.00176645 8 
0.00170197 0.00177711 8 
0.00170052 0.00174213 8 
0.00169936 0.00174213 8 
0.00169361 0.00180947 8 
0.00169186 0.00177063 8 
0.00166887 0.00182913 8 
0.00165872 0.00185787 8 
0.00165693 0.00175968 8 
0.00165388 0.00172671 8 
0.00165226 0.00179983 8 
0.00163762 0.00176528 8 
0.00163251 0.00179265 8 
0.00163042 0.00177393 8 
0.0016236 0.00175968 8 
0.00162018 0.00171681 8 
0.00161827 0.00176205 8 
0.00160412 0.00165129 8 
0.00160361 0.00176205 8 
0.00160125 0.00164287 8 
0.00159489 0.00167617 8 
0.00158397 0.00176404 8 
0.00158396 0.00161149 8 
0.00158297 0.00172127 8 
0.00157499 0.00167098 8 
0.00157384 0.00164654 8 
0.00157206 0.00158575 8 
0.00156161 0.00179265 8 
0.00155834 0.00161673 8 
0.001551 0.0018051 8 
0.00154279 0.00164125 8 
0.00153672 0.00160757 8 
0.00153621 0.00158993 8 
0.00152319 0.00167051 8 
0.00152287 0.00156728 8 
0.00152169 0.00170312 8 
0.00151978 0.00179725 8 
0.00151823 0.00152309 8 
0.00151506 0.00152832 8 
0.00151184 0.00156031 8 
0.00151011 0.00160081 8 
0.001509 0.00166448 8 
0.001499 0.00151779 8 
0.00149466 0.00150874 8 
0.00149086 0.00158368 8 
0.00148919 0.0016329 8 
0.00148829 0.00160258 8 
0.00148289 0.00164211 8 
0.00147955 0.0015648 8 
0.00147705 0.0016651 8 
0.00147561 0.00172693 8 
0.00147059 0.00163412 8 
0.00146664 0.00148757 8 
0.00146036 0.00154539 8 
0.0014585 0.00148648 8 
0.00145542 0.00151534 8 
0.00145312 0.00161097 8 
0.00144805 0.00171431 8 
0.00144457 0.0017079 8 
0.00144226 0.00158575 8 
0.00143578 0.00155946 8 
0.00143392 0.00151072 8 
0.00143254 0.00165049 8 
0.0014245 0.00165798 8 
0.00142348 0.00147513 8 
0.00142275 0.00149867 8 
0.0014221 0.00154016 8 
0.00141778 0.00143088 8 
0.00140968 0.0016595 8 
0.00140943 0.00180051 8 
0.00140814 0.0014646 8 
0.00140329 0.00162379 8 
0.00139742 0.00165798 8 
0.00139169 0.00146574 8 
0.00138509 0.00158537 8 
0.00137922 0.00138426 8 
0.00137641 0.00140433 8 
0.00137395 0.00146163 8 
0.00136405 0.00152986 8 
0.00135231 0.001537 8 
0.0013332 0.00136386 8 
0.00132907 0.0014082 8 
0.00132676 0.0013809 8 
0.00130596 0.00131888 8 
0.00129963 0.00130608 8 
0.00129575 0.00146743 8 
0.00128939 0.00147783 8 
0.0012819 0.00152398 8 
0.0012756 0.00132716 8 
0.00126256 0.00127079 8 
0.00126159 0.00142866 8 
0.001257 0.00145343 8 
0.00124629 0.00138517 8 
0.00124463 0.00140136 8 
0.00122078 0.00136449 8 
0.00120234 0.00131146 8 
0.00103564 0.00105999 9 
0.00103536 0.00106007 9 
0.000994511 0.0010241 9 
0.000986506 0.000986758 9 
0.00097254 0.00102712 9 
0.00096623 0.000967116 9 
0.00095786 0.00101875 9 
0.000954497 0.000971508 9 
0.000953382 0.000977027 9 
0.000951845 0.00101041 9 
0.00095096 0.000997888 9 
0.000942307 0.00099269 9 
0.000937338 0.000981229 9 
0.000921599 0.000955678 9 
0.000919816 0.00095683 9 
0.000910978 0.000942043 9 
0.000906186 0.000977493 9 
0.00090546 0.000949468 9 
0.000904071 0.000928449 9 
0.000901767 0.00097293 9 
0.00089949 0.00100809 9 
0.000898641 0.000972699 9 
0.000894982 0.000942043 9 
0.000891499 0.000966008 9 
0.000886544 0.000958419 9 
0.000884585 0.000918541 9 
0.000882071 0.000949739 9 
0.00087843 0.000878744 9 
0.00087686 0.000911285 9 
0.000874146 0.000969979 9 
0.000871821 0.00088252 9 
0.000870081 0.000878365 9 
0.000866808 0.000869544 9 
0.000855568 0.000872278 9 
0.00085414 0.000959659 9 
0.000853332 0.00086958 9 
0.000852206 0.0008804 9 
0.000848614 0.00089939 9 
0.000847964 0.000958294 9 
0.000843629 0.000961082 9 
0.000840088 0.000853839 9 
0.000832357 0.00084384 9 
0.000826761 0.000899408 9 
0.000822867 0.000934223 9 
0.000819405 0.0008804 9 
0.000819035 0.000950608 9 
0.000818519 0.0008226 9 
0.000815734 0.000818471 9 
0.000813841 0.00093532 9 
0.000813151 0.000856661 9 
0.000812135 0.00087524 9 
0.000811901 0.000911722 9 
0.000811645 0.000890138 9 
0.000807792 0.000953564 9 
0.000804077 0.000810652 9 
0.000803527 0.000818005 9 
0.000802427 0.000887083 9 
0.000797399 0.000822435 9 
0.000797109 0.000814946 9 
0.000796504 0.000817052 9 
0.000794979 0.000839181 9 
0.000794821 0.000824585 9 
0.000793309 0.0008835 9 
0.000791909 0.000918767 9 
0.000787934 0.000897123 9 
0.000787061 0.000834028 9 
0.000785837 0.000836696 9 
0.000785641 0.000882912 9 
0.000785033 0.000884537 9 
0.000784954 0.000788556 9 
0.000784398 0.000836079 9 
0.000780758 0.000835816 9 
0.000779752 0.000868385 9 
0.000775341 0.000976486 9 
0.00076512 0.000824397 9 
0.000763278 0.000878744 9 
0.000762372 0.000800917 9 
0.000761029 0.000833578 9 
0.000758013 0.000764091 9 
0.000755892 0.000772262 9 
0.000755108 0.000916917 9 
0.000750294 0.00075472 9 
0.000749125 0.000873472 9 
0.000749121 0.000801606 9 
0.000741714 0.000916917 9 
0.000735285 0.000764091 9 
0.000729041 0.000831693 9 
0.000726402 0.000731389 9 
0.000714849 0.000759952 9 
0.000713594 0.000716837 9 
0.000710738 0.000723439 9 
0.0006882 0.000790117 9 
0.00068756 0.000688595 9 
0.000680958 0.000701677 9 
0.000678215 0.000773294 9 
0.000677734 0.000801197 9 
0.000668838 0.000694686 9 
0.000661649 0.000748123 9 
0.000660146 0.00075229 9 
0.000657743 0.00075229 9 
0.00065484 0.000757711 9 
0.000651752 0.000745712 9 
0.00064781 0.000724142 9 
