0 0.499647 0 
0 0.500023 0 
0 0.500367 0 
0 0.502223 0 
0 0.502313 0 
0 0.502323 0 
0 0.502858 0 
0 0.50392 0 
0 0.504125 0 
0 0.504276 0 
0 0.504478 0 
0 0.504706 0 
0 0.504785 0 
0 0.504859 0 
0 0.505178 0 
0 0.505222 0 
0 0.505301 0 
0 0.505369 0 
0 0.505705 0 
0 0.505707 0 
0 0.50574 0 
0 0.506003 0 
0 0.506067 0 
0 0.506069 0 
0 0.506151 0 
0 0.506269 0 
0 0.506492 0 
0 0.506554 0 
0 0.506659 0 
0 0.506763 0 
0 0.506885 0 
0 0.506983 0 
0 0.50699 0 
0 0.507046 0 
0 0.507052 0 
0 0.507275 0 
0 0.507304 0 
0 0.507321 0 
0 0.507414 0 
0 0.507489 0 
0 0.507638 0 
0 0.507878 0 
0 0.507889 0 
0 0.507889 0 
0 0.507892 0 
0 0.507922 0 
0 0.507972 0 
0 0.508107 0 
0 0.508109 0 
0 0.508211 0 
0 0.508229 0 
0 0.5084 0 
0 0.508435 0 
0 0.50854 0 
0 0.50856 0 
0 0.508722 0 
0 0.508723 0 
0 0.508774 0 
0 0.508792 0 
0 0.508796 0 
0 0.508798 0 
0 0.508819 0 
0 0.508861 0 
0 0.508906 0 
0 0.508954 0 
0 0.508971 0 
0 0.508979 0 
0 0.509026 0 
0 0.509027 0 
0 0.509133 0 
0 0.509145 0 
0 0.509212 0 
0 0.5093 0 
0 0.509356 0 
0 0.509443 0 
0 0.509503 0 
0 0.509525 0 
0 0.509615 0 
0 0.509649 0 
0 0.509797 0 
0 0.509802 0 
0 0.509876 0 
0 0.509909 0 
0 0.509967 0 
0 0.510053 0 
0 0.510056 0 
0 0.510099 0 
0 0.510185 0 
0 0.51019 0 
0 0.510194 0 
0 0.51021 0 
0 0.510264 0 
0 0.510311 0 
0 0.510348 0 
0 0.510396 0 
0 0.510475 0 
0 0.510476 0 
0 0.510517 0 
0 0.510522 0 
0 0.510542 0 
0 0.510691 0 
0 0.51072 0 
0 0.510737 0 
0 0.510848 0 
0 0.510928 0 
0 0.510992 0 
0 0.510997 0 
0 0.511035 0 
0 0.511035 0 
0 0.511063 0 
0 0.511066 0 
0 0.511066 0 
0 0.511087 0 
0 0.511094 0 
0 0.511273 0 
0 0.511314 0 
0 0.51141 0 
0 0.511425 0 
0 0.511506 0 
0 0.511709 0 
0 0.511958 0 
0 0.512282 0 
0 0.512586 0 
0 0.512825 0 
0 0.512993 0 
0 0.513681 0 
0 0.513978 0 
0 inf 0 
0 0.191328 1 
0 0.194495 1 
0 0.194838 1 
0 0.194896 1 
0 0.194907 1 
0 0.195263 1 
0 0.195591 1 
0 0.195916 1 
0 0.196134 1 
0 0.19634 1 
0 0.196481 1 
0 0.19655 1 
0 0.196596 1 
0 0.19676 1 
0 0.196848 1 
0 0.197046 1 
0 0.19745 1 
0 0.197502 1 
0 0.197598 1 
0 0.197629 1 
0 0.197743 1 
0 0.197812 1 
0 0.197903 1 
0 0.197965 1 
0 0.197976 1 
0 0.198161 1 
0 0.198206 1 
0 0.198326 1 
0 0.198378 1 
0 0.198567 1 
0 0.198595 1 
0 0.198805 1 
0 0.198901 1 
0 0.199093 1 
0 0.199097 1 
0 0.199173 1 
0 0.199184 1 
0 0.199186 1 
0 0.199223 1 
0 0.199256 1 
0 0.199368 1 
0 0.199377 1 
0 0.199424 1 
0 0.199435 1 
0 0.199669 1 
0 0.199672 1 
0 0.199791 1 
0 0.199841 1 
0 0.199917 1 
0 0.199957 1 
0 0.199971 1 
0 0.200001 1 
0 0.200025 1 
0 0.200063 1 
0 0.200156 1 
0 0.20018 1 
0 0.200238 1 
0 0.200244 1 
0 0.200263 1 
0 0.200295 1 
0 0.200313 1 
0 0.200356 1 
0 0.200382 1 
0 0.200395 1 
0 0.200403 1 
0 0.200418 1 
0 0.200478 1 
0 0.200563 1 
0 0.200572 1 
0 0.200622 1 
0 0.200648 1 
0 0.200709 1 
0 0.200747 1 
0 0.200765 1 
0 0.200969 1 
0 0.201014 1 
0 0.201077 1 
0 0.201172 1 
0 0.201189 1 
0 0.201197 1 
0 0.201206 1 
0 0.201392 1 
0 0.201415 1 
0 0.201439 1 
0 0.201458 1 
0 0.201488 1 
0 0.201505 1 
0 0.201643 1 
0 0.201649 1 
0 0.201797 1 
0 0.201882 1 
0 0.201895 1 
0 0.201919 1 
0 0.201957 1 
0 0.201983 1 
0 0.202125 1 
0 0.20218 1 
0 0.202191 1 
0 0.202282 1 
0 0.202324 1 
0 0.202431 1 
0 0.202433 1 
0 0.202459 1 
0 0.202514 1 
0 0.20252 1 
0 0.202545 1 
0 0.202703 1 
0 0.202704 1 
0 0.202821 1 
0 0.202833 1 
0 0.202834 1 
0 0.20292 1 
0 0.20297 1 
0 0.202981 1 
0 0.203088 1 
0 0.203498 1 
0 0.203506 1 
0 0.203756 1 
0 0.203863 1 
0 0.203938 1 
0 0.204186 1 
0 0.204189 1 
0 0.204337 1 
0 0.204445 1 
0 0.20469 1 
0 0.205169 1 
0 0.205772 1 
0 inf 1 
0 0.0780577 2 
0 0.0799408 2 
0 0.0805703 2 
0 0.0806444 2 
0 0.0810127 2 
0 0.0810936 2 
0 0.0812036 2 
0 0.0814624 2 
0 0.0815065 2 
0 0.0816364 2 
0 0.0816891 2 
0 0.0817323 2 
0 0.081819 2 
0 0.0818232 2 
0 0.0819097 2 
0 0.081918 2 
0 0.0821458 2 
0 0.0821548 2 
0 0.0824044 2 
0 0.0824681 2 
0 0.0826062 2 
0 0.0826254 2 
0 0.0826793 2 
0 0.0826972 2 
0 0.0827276 2 
0 0.0828329 2 
0 0.0828502 2 
0 0.0828977 2 
0 0.0833149 2 
0 0.0833738 2 
0 0.0834024 2 
0 0.0834271 2 
0 0.0835148 2 
0 0.0836446 2 
0 0.0836472 2 
0 0.0837059 2 
0 0.0837842 2 
0 0.0837981 2 
0 0.0838105 2 
0 0.0838979 2 
0 0.0839752 2 
0 0.084052 2 
0 0.0840611 2 
0 0.084167 2 
0 0.0841856 2 
0 0.0842154 2 
0 0.0842355 2 
0 0.0842434 2 
0 0.0842555 2 
0 0.0842979 2 
0 0.0843284 2 
0 0.0843593 2 
0 0.0843624 2 
0 0.0844521 2 
0 0.0844793 2 
0 0.0846283 2 
0 0.0847117 2 
0 0.0847245 2 
0 0.0848302 2 
0 0.0848883 2 
0 0.0848933 2 
0 0.084991 2 
0 0.085006 2 
0 0.0850546 2 
0 0.0851719 2 
0 0.0851756 2 
0 0.0851909 2 
0 0.0852094 2 
0 0.085234 2 
0 0.0854106 2 
0 0.0854176 2 
0 0.0854547 2 
0 0.0855092 2 
0 0.0855215 2 
0 0.0856032 2 
0 0.0856208 2 
0 0.0856538 2 
0 0.0857418 2 
0 0.0857817 2 
0 0.0858582 2 
0 0.0858692 2 
0 0.0859529 2 
0 0.0859796 2 
0 0.085998 2 
0 0.0862032 2 
0 0.0862103 2 
0 0.0862672 2 
0 0.0862819 2 
0 0.0863414 2 
0 0.0863459 2 
0 0.0863504 2 
0 0.0863815 2 
0 0.0864585 2 
0 0.0865049 2 
0 0.0865534 2 
0 0.0865739 2 
0 0.0867835 2 
0 0.0869035 2 
0 0.0869428 2 
0 0.0870067 2 
0 0.0870287 2 
0 0.0871404 2 
0 0.0871756 2 
0 0.0873108 2 
0 0.0874019 2 
0 0.0874196 2 
0 0.0874266 2 
0 0.0874959 2 
0 0.0875013 2 
0 0.0875433 2 
0 0.0875489 2 
0 0.0875878 2 
0 0.0877436 2 
0 0.0877511 2 
0 0.0877829 2 
0 0.0879034 2 
0 0.0880414 2 
0 0.0881089 2 
0 0.0881382 2 
0 0.0881746 2 
0 0.0883695 2 
0 0.0884448 2 
0 0.088544 2 
0 0.0886449 2 
0 0.0886777 2 
0 0.0891048 2 
0 0.0903747 2 
0 inf 2 
0 0.0338779 3 
0 0.0351012 3 
0 0.0352828 3 
0 0.0353755 3 
0 0.035528 3 
0 0.0355632 3 
0 0.0355952 3 
0 0.035629 3 
0 0.0356546 3 
0 0.0356872 3 
0 0.0357502 3 
0 0.0357743 3 
0 0.0358558 3 
0 0.0359689 3 
0 0.036074 3 
0 0.0363431 3 
0 0.036356 3 
0 0.0364156 3 
0 0.0365055 3 
0 0.0366655 3 
0 0.0367402 3 
0 0.0367895 3 
0 0.0368188 3 
0 0.0369099 3 
0 0.0369401 3 
0 0.0369524 3 
0 0.0369683 3 
0 0.0370196 3 
0 0.0370376 3 
0 0.0370628 3 
0 0.0371038 3 
0 0.0371215 3 
0 0.0371485 3 
0 0.0371686 3 
0 0.037174 3 
0 0.0371861 3 
0 0.0372054 3 
0 0.0372605 3 
0 0.0373264 3 
0 0.0373567 3 
0 0.0374007 3 
0 0.0374125 3 
0 0.0374782 3 
0 0.037498 3 
0 0.0375219 3 
0 0.0377239 3 
0 0.037727 3 
0 0.0377442 3 
0 0.0378226 3 
0 0.0378866 3 
0 0.0379533 3 
0 0.0379699 3 
0 0.0379805 3 
0 0.0380574 3 
0 0.0380652 3 
0 0.0380682 3 
0 0.0381417 3 
0 0.0381429 3 
0 0.0381487 3 
0 0.038181 3 
0 0.0382385 3 
0 0.0382391 3 
0 0.0382576 3 
0 0.0382705 3 
0 0.0383289 3 
0 0.0383602 3 
0 0.038394 3 
0 0.0384053 3 
0 0.0384242 3 
0 0.0385169 3 
0 0.0385208 3 
0 0.0385493 3 
0 0.038585 3 
0 0.0386769 3 
0 0.0386833 3 
0 0.0386921 3 
0 0.0387227 3 
0 0.0387282 3 
0 0.0388183 3 
0 0.0388453 3 
0 0.0388817 3 
0 0.0388844 3 
0 0.0389489 3 
0 0.0390186 3 
0 0.0390195 3 
0 0.0391957 3 
0 0.039359 3 
0 0.0393859 3 
0 0.0394072 3 
0 0.0394443 3 
0 0.0394599 3 
0 0.0395379 3 
0 0.039544 3 
0 0.0395451 3 
0 0.0396003 3 
0 0.039742 3 
0 0.0397505 3 
0 0.0397858 3 
0 0.0397876 3 
0 0.0398646 3 
0 0.0399067 3 
0 0.0399724 3 
0 0.0399998 3 
0 0.040026 3 
0 0.0400884 3 
0 0.0401198 3 
0 0.0401217 3 
0 0.0401321 3 
0 0.040157 3 
0 0.040167 3 
0 0.0402546 3 
0 0.0402565 3 
0 0.0403682 3 
0 0.0404396 3 
0 0.0406178 3 
0 0.04063 3 
0 0.0406502 3 
0 0.0406878 3 
0 0.0406948 3 
0 0.0408924 3 
0 0.0410323 3 
0 0.0410978 3 
0 0.0411556 3 
0 0.0413795 3 
0 0.0414221 3 
0 0.0419242 3 
0 0.0419591 3 
0 inf 3 
0 0.0154876 4 
0 0.0160121 4 
0 0.0161109 4 
0 0.016161 4 
0 0.0162052 4 
0 0.0162666 4 
0 0.0164004 4 
0 0.0164553 4 
0 0.0164567 4 
0 0.0165059 4 
0 0.0165499 4 
0 0.0165963 4 
0 0.0166723 4 
0 0.0166874 4 
0 0.0167286 4 
0 0.0167504 4 
0 0.0167869 4 
0 0.016909 4 
0 0.0169354 4 
0 0.01705 4 
0 0.0170529 4 
0 0.0171081 4 
0 0.0171396 4 
0 0.0171438 4 
0 0.0171834 4 
0 0.0171909 4 
0 0.0172056 4 
0 0.0172087 4 
0 0.0172473 4 
0 0.0172495 4 
0 0.0172735 4 
0 0.0172973 4 
0 0.0173102 4 
0 0.0173148 4 
0 0.0173278 4 
0 0.0173521 4 
0 0.0173701 4 
0 0.0174441 4 
0 0.0174477 4 
0 0.0174943 4 
0 0.0175064 4 
0 0.0175092 4 
0 0.0175614 4 
0 0.0175646 4 
0 0.0175851 4 
0 0.0177036 4 
0 0.0177586 4 
0 0.0177831 4 
0 0.0178035 4 
0 0.0178535 4 
0 0.0178603 4 
0 0.0179444 4 
0 0.0179616 4 
0 0.0179834 4 
0 0.0180016 4 
0 0.0180029 4 
0 0.018014 4 
0 0.0180273 4 
0 0.0180419 4 
0 0.0180479 4 
0 0.0180604 4 
0 0.0180885 4 
0 0.0181296 4 
0 0.0181591 4 
0 0.0181598 4 
0 0.0181603 4 
0 0.0181727 4 
0 0.0182172 4 
0 0.0182176 4 
0 0.0182261 4 
0 0.0182396 4 
0 0.0182814 4 
0 0.0183657 4 
0 0.0183761 4 
0 0.0183805 4 
0 0.0183935 4 
0 0.0184019 4 
0 0.0184136 4 
0 0.0184227 4 
0 0.0184399 4 
0 0.0184439 4 
0 0.0184859 4 
0 0.0184861 4 
0 0.0186117 4 
0 0.0186569 4 
0 0.0186912 4 
0 0.0186962 4 
0 0.018769 4 
0 0.0188258 4 
0 0.0188692 4 
0 0.0188999 4 
0 0.0189366 4 
0 0.0189382 4 
0 0.0189966 4 
0 0.0190016 4 
0 0.0191165 4 
0 0.0191224 4 
0 0.019126 4 
0 0.0191508 4 
0 0.0191764 4 
0 0.0191859 4 
0 0.0191893 4 
0 0.0192417 4 
0 0.0192431 4 
0 0.0192601 4 
0 0.0192773 4 
0 0.0192877 4 
0 0.0193139 4 
0 0.0193407 4 
0 0.0194695 4 
0 0.0194722 4 
0 0.0194818 4 
0 0.0195187 4 
0 0.0195195 4 
0 0.0196064 4 
0 0.019613 4 
0 0.0197568 4 
0 0.0197628 4 
0 0.0198829 4 
0 0.0199883 4 
0 0.0200137 4 
0 0.0200455 4 
0 0.0202021 4 
0 0.0202411 4 
0 0.0202751 4 
0 0.0205921 4 
0 0.0208466 4 
0 inf 4 
0 0.00737989 5 
0 0.00751869 5 
0 0.00756584 5 
0 0.00758594 5 
0 0.00769074 5 
0 0.00775816 5 
0 0.00786221 5 
0 0.00793199 5 
0 0.00796983 5 
0 0.00797999 5 
0 0.00800485 5 
0 0.00804249 5 
0 0.00805781 5 
0 0.00806643 5 
0 0.00807737 5 
0 0.00808241 5 
0 0.00810094 5 
0 0.00811624 5 
0 0.00815028 5 
0 0.00819252 5 
0 0.00820647 5 
0 0.0082258 5 
0 0.00823252 5 
0 0.00825637 5 
0 0.00827075 5 
0 0.00827902 5 
0 0.00829937 5 
0 0.00830689 5 
0 0.00831474 5 
0 0.00833403 5 
0 0.00833869 5 
0 0.00836534 5 
0 0.00837374 5 
0 0.0083844 5 
0 0.0083924 5 
0 0.00840009 5 
0 0.0084338 5 
0 0.008476 5 
0 0.00849216 5 
0 0.00850432 5 
0 0.00854476 5 
0 0.00855092 5 
0 0.00856449 5 
0 0.00857242 5 
0 0.00857312 5 
0 0.00858781 5 
0 0.00860675 5 
0 0.00862876 5 
0 0.00865098 5 
0 0.00872327 5 
0 0.00873504 5 
0 0.0087488 5 
0 0.00875188 5 
0 0.00878378 5 
0 0.00879635 5 
0 0.00880497 5 
0 0.00882188 5 
0 0.00885026 5 
0 0.0088789 5 
0 0.00890823 5 
0 0.0089133 5 
0 0.00891667 5 
0 0.00893616 5 
0 0.00894324 5 
0 0.00895297 5 
0 0.00896175 5 
0 0.00897948 5 
0 0.00899312 5 
0 0.00899437 5 
0 0.00901028 5 
0 0.00902285 5 
0 0.00903746 5 
0 0.00904609 5 
0 0.00904817 5 
0 0.00906329 5 
0 0.00909103 5 
0 0.00909794 5 
0 0.00909956 5 
0 0.00910474 5 
0 0.00913204 5 
0 0.00913245 5 
0 0.00914798 5 
0 0.00915027 5 
0 0.00917649 5 
0 0.00918334 5 
0 0.00918813 5 
0 0.00918879 5 
0 0.00919239 5 
0 0.00920958 5 
0 0.00921876 5 
0 0.00925959 5 
0 0.00926026 5 
0 0.00930576 5 
0 0.0093339 5 
0 0.0094396 5 
0 0.00949012 5 
0 0.009495 5 
0 0.00950264 5 
0 0.00951356 5 
0 0.00951953 5 
0 0.00953588 5 
0 0.00954179 5 
0 0.00954603 5 
0 0.00956028 5 
0 0.00956331 5 
0 0.00956593 5 
0 0.00964877 5 
0 0.00966364 5 
0 0.00970257 5 
0 0.00974859 5 
0 0.00978584 5 
0 0.00979047 5 
0 0.00980239 5 
0 0.00981216 5 
0 0.00982927 5 
0 0.00984643 5 
0 0.00984745 5 
0 0.00988881 5 
0 0.00995039 5 
0 0.00997693 5 
0 0.0100764 5 
0 0.0101037 5 
0 0.0101112 5 
0 0.0103331 5 
0 0.0103757 5 
0 0.0106648 5 
0 0.0107592 5 
0 inf 5 
0 0.00360564 6 
0 0.00363232 6 
0 0.00365868 6 
0 0.00373176 6 
0 0.00375257 6 
0 0.0037578 6 
0 0.00384107 6 
0 0.00385868 6 
0 0.00395337 6 
0 0.00400188 6 
0 0.00401537 6 
0 0.00401966 6 
0 0.00402064 6 
0 0.00402224 6 
0 0.00402867 6 
0 0.00405156 6 
0 0.00405161 6 
0 0.00405597 6 
0 0.0040658 6 
0 0.00407445 6 
0 0.00407465 6 
0 0.00407983 6 
0 0.00408215 6 
0 0.00409694 6 
0 0.00410944 6 
0 0.004113 6 
0 0.00412036 6 
0 0.00414403 6 
0 0.00414695 6 
0 0.00414819 6 
0 0.00415992 6 
0 0.00417224 6 
0 0.00417351 6 
0 0.0041837 6 
0 0.00420487 6 
0 0.00423526 6 
0 0.00423543 6 
0 0.00423597 6 
0 0.00424897 6 
0 0.00426168 6 
0 0.00426874 6 
0 0.00427451 6 
0 0.0042786 6 
0 0.00428907 6 
0 0.00431031 6 
0 0.00432347 6 
0 0.00433613 6 
0 0.00434503 6 
0 0.00436454 6 
0 0.00437261 6 
0 0.00442232 6 
0 0.00442236 6 
0 0.00442832 6 
0 0.00443582 6 
0 0.00443602 6 
0 0.00446058 6 
0 0.00446117 6 
0 0.00446905 6 
0 0.00446989 6 
0 0.00447094 6 
0 0.00447219 6 
0 0.00448473 6 
0 0.00449114 6 
0 0.00451612 6 
0 0.00452311 6 
0 0.00453418 6 
0 0.00454035 6 
0 0.00454947 6 
0 0.00455204 6 
0 0.00456012 6 
0 0.00457017 6 
0 0.00457299 6 
0 0.00457343 6 
0 0.00459154 6 
0 0.00459395 6 
0 0.00459591 6 
0 0.00459917 6 
0 0.00460354 6 
0 0.00461137 6 
0 0.00461255 6 
0 0.00462351 6 
0 0.00464306 6 
0 0.00465446 6 
0 0.0046613 6 
0 0.00466185 6 
0 0.00467537 6 
0 0.00467724 6 
0 0.00468143 6 
0 0.00468294 6 
0 0.00469173 6 
0 0.00474135 6 
0 0.00474172 6 
0 0.00474643 6 
0 0.00476545 6 
0 0.00477835 6 
0 0.0047882 6 
0 0.00480361 6 
0 0.00482986 6 
0 0.00486157 6 
0 0.00486947 6 
0 0.00487723 6 
0 0.00487949 6 
0 0.00488058 6 
0 0.00489768 6 
0 0.00489801 6 
0 0.0049062 6 
0 0.00490787 6 
0 0.00494352 6 
0 0.00499624 6 
0 0.00502718 6 
0 0.00503139 6 
0 0.00504595 6 
0 0.00506445 6 
0 0.0050703 6 
0 0.00507261 6 
0 0.00508394 6 
0 0.00509643 6 
0 0.00510247 6 
0 0.00516814 6 
0 0.00517836 6 
0 0.00518616 6 
0 0.00519092 6 
0 0.00521902 6 
0 0.00536603 6 
0 0.00544616 6 
0 0.00551185 6 
0 0.00561984 6 
0 inf 6 
0 0.00177264 7 
0 0.00180582 7 
0 0.00182586 7 
0 0.00183421 7 
0 0.00187635 7 
0 0.00188368 7 
0 0.00192 7 
0 0.00197633 7 
0 0.00198949 7 
0 0.00202612 7 
0 0.00203556 7 
0 0.00204985 7 
0 0.00204991 7 
0 0.00205413 7 
0 0.00205999 7 
0 0.00206093 7 
0 0.00206121 7 
0 0.00206519 7 
0 0.00206553 7 
0 0.00206592 7 
0 0.00206737 7 
0 0.00206886 7 
0 0.00206934 7 
0 0.00207161 7 
0 0.00208087 7 
0 0.002103 7 
0 0.00210558 7 
0 0.00210878 7 
0 0.0021135 7 
0 0.00211561 7 
0 0.00212091 7 
0 0.00213331 7 
0 0.00213682 7 
0 0.00214469 7 
0 0.00216322 7 
0 0.00217312 7 
0 0.00217406 7 
0 0.00218008 7 
0 0.00218067 7 
0 0.00218776 7 
0 0.0021917 7 
0 0.00219538 7 
0 0.00221104 7 
0 0.00221134 7 
0 0.00221143 7 
0 0.00223858 7 
0 0.00224368 7 
0 0.00224442 7 
0 0.00225055 7 
0 0.00225345 7 
0 0.00225933 7 
0 0.00226731 7 
0 0.00227014 7 
0 0.00227083 7 
0 0.00227825 7 
0 0.00228285 7 
0 0.00228534 7 
0 0.00229308 7 
0 0.0022963 7 
0 0.0022998 7 
0 0.00230569 7 
0 0.00231264 7 
0 0.00231398 7 
0 0.00231955 7 
0 0.00233077 7 
0 0.00233637 7 
0 0.00234559 7 
0 0.00234645 7 
0 0.00234682 7 
0 0.00235227 7 
0 0.00235912 7 
0 0.00236095 7 
0 0.00236111 7 
0 0.00236172 7 
0 0.00236665 7 
0 0.00236744 7 
0 0.00237473 7 
0 0.00238406 7 
0 0.00238979 7 
0 0.0023932 7 
0 0.00239333 7 
0 0.00243284 7 
0 0.00244247 7 
0 0.00244249 7 
0 0.00244583 7 
0 0.00244926 7 
0 0.00245235 7 
0 0.00245649 7 
0 0.00246017 7 
0 0.00246537 7 
0 0.00246834 7 
0 0.00246918 7 
0 0.00248303 7 
0 0.00248447 7 
0 0.00248927 7 
0 0.00249466 7 
0 0.00250133 7 
0 0.00251186 7 
0 0.00252832 7 
0 0.00253471 7 
0 0.00253997 7 
0 0.00254052 7 
0 0.00255516 7 
0 0.00256538 7 
0 0.00256601 7 
0 0.0025759 7 
0 0.00257592 7 
0 0.00258728 7 
0 0.00262013 7 
0 0.00262088 7 
0 0.00262934 7 
0 0.00265089 7 
0 0.00265647 7 
0 0.0026692 7 
0 0.00267283 7 
0 0.00267518 7 
0 0.00268175 7 
0 0.00268441 7 
0 0.00271462 7 
0 0.00272586 7 
0 0.00273717 7 
0 0.00278227 7 
0 0.00280268 7 
0 0.00284262 7 
0 0.00284272 7 
0 0.00288013 7 
0 0.0029914 7 
0 inf 7 
0 0.000892365 8 
0 0.000900083 8 
0 0.000909172 8 
0 0.000930397 8 
0 0.000945954 8 
0 0.000970791 8 
0 0.000987997 8 
0 0.00102722 8 
0 0.0010373 8 
0 0.00103969 8 
0 0.00104387 8 
0 0.0010565 8 
0 0.0010605 8 
0 0.00106199 8 
0 0.00106382 8 
0 0.00106412 8 
0 0.00106825 8 
0 0.00106963 8 
0 0.00107106 8 
0 0.00107309 8 
0 0.00107358 8 
0 0.0010737 8 
0 0.00107436 8 
0 0.00107849 8 
0 0.00107934 8 
0 0.00108002 8 
0 0.00108283 8 
0 0.0010951 8 
0 0.00110209 8 
0 0.00110493 8 
0 0.00110689 8 
0 0.00111667 8 
0 0.00111783 8 
0 0.00112292 8 
0 0.00113432 8 
0 0.00113456 8 
0 0.00113874 8 
0 0.00113905 8 
0 0.00114052 8 
0 0.00114414 8 
0 0.0011442 8 
0 0.00115711 8 
0 0.00115876 8 
0 0.00116758 8 
0 0.00116948 8 
0 0.00117016 8 
0 0.00117141 8 
0 0.00117229 8 
0 0.00117321 8 
0 0.00117417 8 
0 0.00117569 8 
0 0.00117692 8 
0 0.00118451 8 
0 0.00118709 8 
0 0.00119307 8 
0 0.00119901 8 
0 0.0012049 8 
0 0.0012057 8 
0 0.00120802 8 
0 0.00121139 8 
0 0.0012152 8 
0 0.00121602 8 
0 0.00121604 8 
0 0.00121677 8 
0 0.00121851 8 
0 0.0012201 8 
0 0.00122418 8 
0 0.00122468 8 
0 0.0012308 8 
0 0.00123124 8 
0 0.00123228 8 
0 0.00123363 8 
0 0.00123607 8 
0 0.0012404 8 
0 0.00124226 8 
0 0.00124281 8 
0 0.001248 8 
0 0.00125562 8 
0 0.00126823 8 
0 0.001273 8 
0 0.00127831 8 
0 0.00127987 8 
0 0.00128086 8 
0 0.00128909 8 
0 0.00129076 8 
0 0.0012924 8 
0 0.00129724 8 
0 0.00129988 8 
0 0.00130275 8 
0 0.0013033 8 
0 0.00130399 8 
0 0.00131183 8 
0 0.00131498 8 
0 0.0013157 8 
0 0.00132232 8 
0 0.00132233 8 
0 0.00132275 8 
0 0.00132366 8 
0 0.00133138 8 
0 0.00133722 8 
0 0.00133743 8 
0 0.00133968 8 
0 0.00134448 8 
0 0.00134449 8 
0 0.00134519 8 
0 0.00136137 8 
0 0.0013753 8 
0 0.00138267 8 
0 0.00138541 8 
0 0.00138617 8 
0 0.00140501 8 
0 0.00141446 8 
0 0.00142146 8 
0 0.0014247 8 
0 0.00142483 8 
0 0.00143577 8 
0 0.00145235 8 
0 0.0014531 8 
0 0.00145756 8 
0 0.00148535 8 
0 0.00150249 8 
0 0.00150456 8 
0 0.00151513 8 
0 0.00151994 8 
0 0.00152334 8 
0 0.00152978 8 
0 0.00161792 8 
0 inf 8 
0 0.000449823 9 
0 0.000459671 9 
0 0.000465674 9 
0 0.00046729 9 
0 0.000496835 9 
0 0.00050075 9 
0 0.000512836 9 
0 0.000525931 9 
0 0.000535799 9 
0 0.000541237 9 
0 0.000551195 9 
0 0.000553181 9 
0 0.000554936 9 
0 0.000557374 9 
0 0.000558309 9 
0 0.000559083 9 
0 0.000560869 9 
0 0.000561091 9 
0 0.000562638 9 
0 0.000567114 9 
0 0.000568281 9 
0 0.000569051 9 
0 0.00057072 9 
0 0.000570901 9 
0 0.000571609 9 
0 0.000571832 9 
0 0.000577876 9 
0 0.000578457 9 
0 0.000582224 9 
0 0.000582384 9 
0 0.000583787 9 
0 0.000584382 9 
0 0.000592379 9 
0 0.000597062 9 
0 0.000597367 9 
0 0.000598385 9 
0 0.000600029 9 
0 0.000602496 9 
0 0.000603653 9 
0 0.000609407 9 
0 0.000613999 9 
0 0.000616745 9 
0 0.000622648 9 
0 0.000623394 9 
0 0.000625695 9 
0 0.000626916 9 
0 0.000626971 9 
0 0.000627536 9 
0 0.00062823 9 
0 0.000628698 9 
0 0.000630216 9 
0 0.000631666 9 
0 0.000633017 9 
0 0.000633271 9 
0 0.000635656 9 
0 0.000635934 9 
0 0.000638413 9 
0 0.00064296 9 
0 0.00064446 9 
0 0.000647768 9 
0 0.00064788 9 
0 0.000650669 9 
0 0.000651167 9 
0 0.000651306 9 
0 0.000651984 9 
0 0.000652339 9 
0 0.000652495 9 
0 0.000652604 9 
0 0.000654106 9 
0 0.000654849 9 
0 0.000655475 9 
0 0.000656723 9 
0 0.000659708 9 
0 0.000660161 9 
0 0.00066121 9 
0 0.000661677 9 
0 0.000668737 9 
0 0.000674241 9 
0 0.000675909 9 
0 0.000677415 9 
0 0.000678263 9 
0 0.000681031 9 
0 0.000681745 9 
0 0.000682421 9 
0 0.000686783 9 
0 0.00068716 9 
0 0.000692261 9 
0 0.000692402 9 
0 0.000692443 9 
0 0.000692807 9 
0 0.000693932 9 
0 0.000699015 9 
0 0.000705172 9 
0 0.000708767 9 
0 0.000713537 9 
0 0.000713611 9 
0 0.000716603 9 
0 0.000717464 9 
0 0.000717623 9 
0 0.00071927 9 
0 0.000719498 9 
0 0.000721241 9 
0 0.000721432 9 
0 0.000724679 9 
0 0.000728186 9 
0 0.000730467 9 
0 0.000731866 9 
0 0.000731986 9 
0 0.000738555 9 
0 0.000742365 9 
0 0.000759785 9 
0 0.000771429 9 
0 0.00077282 9 
0 0.000781013 9 
0 0.000786251 9 
0 0.00078653 9 
0 0.000789261 9 
0 0.00079376 9 
0 0.000804313 9 
0 0.000807177 9 
0 0.000812745 9 
0 0.00081409 9 
0 0.00081783 9 
0 0.000824846 9 
0 0.000826589 9 
0 0.000843964 9 
0 0.000887477 9 
0 inf 9 
