0.524267 0.540112 0 
0.523352 0.539149 0 
0.523264 0.536715 0 
0.52278 0.535804 0 
0.522634 0.537104 0 
0.522613 0.540401 0 
0.522335 0.538499 0 
0.522251 0.53806 0 
0.522057 0.537743 0 
0.521836 0.538585 0 
0.521652 0.535804 0 
0.521271 0.540729 0 
0.521216 0.540495 0 
0.521201 0.536778 0 
0.521099 0.5381 0 
0.520772 0.538917 0 
0.520705 0.539167 0 
0.520656 0.520974 0 
0.520656 0.540635 0 
0.52058 0.539135 0 
0.520343 0.538025 0 
0.520124 0.537743 0 
0.519989 0.540255 0 
0.519931 0.538345 0 
0.519707 0.540059 0 
0.519665 0.53866 0 
0.519617 0.539235 0 
0.519486 0.542466 0 
0.51946 0.539149 0 
0.519434 0.538071 0 
0.519416 0.538469 0 
0.519413 0.540133 0 
0.519359 0.539849 0 
0.519334 0.539143 0 
0.51926 0.540322 0 
0.519168 0.538521 0 
0.519106 0.540511 0 
0.519061 0.538025 0 
0.519024 0.537674 0 
0.519021 0.540127 0 
0.51899 0.538903 0 
0.518986 0.540398 0 
0.518903 0.538536 0 
0.518846 0.539607 0 
0.518742 0.538578 0 
0.518722 0.539456 0 
0.518717 0.540681 0 
0.51869 0.538994 0 
0.51864 0.543484 0 
0.518561 0.541491 0 
0.518549 0.53917 0 
0.518446 0.542724 0 
0.518346 0.518388 0 
0.518288 0.54011 0 
0.518233 0.519627 0 
0.518221 0.518355 0 
0.518188 0.519054 0 
0.518182 0.541356 0 
0.51818 0.543828 0 
0.518172 0.540112 0 
0.518142 0.54011 0 
0.51813 0.51898 0 
0.518118 0.52015 0 
0.518082 0.520974 0 
0.51803 0.539648 0 
0.518026 0.537674 0 
0.517967 0.518014 0 
0.517916 0.539167 0 
0.517872 0.518131 0 
0.517848 0.537777 0 
0.517821 0.538994 0 
0.517798 0.539014 0 
0.517753 0.519447 0 
0.517738 0.540947 0 
0.517732 0.541336 0 
0.517718 0.538236 0 
0.517665 0.540934 0 
0.517612 0.517764 0 
0.517591 0.538469 0 
0.517573 0.519721 0 
0.517571 0.517651 0 
0.517557 0.538585 0 
0.517549 0.542759 0 
0.51754 0.518166 0 
0.517502 0.541356 0 
0.517432 0.519792 0 
0.517404 0.521076 0 
0.517373 0.520115 0 
0.517312 0.520544 0 
0.517312 0.545229 0 
0.51725 0.517774 0 
0.517233 0.541279 0 
0.517216 0.517578 0 
0.517204 0.517808 0 
0.517163 0.518764 0 
0.517151 0.539648 0 
0.517128 0.54024 0 
0.51708 0.51839 0 
0.517058 0.519461 0 
0.517048 0.539672 0 
0.516964 0.517607 0 
0.516958 0.521076 0 
0.516956 0.51797 0 
0.516948 0.540246 0 
0.51685 0.517666 0 
0.516845 0.541045 0 
0.516825 0.540167 0 
0.516808 0.518122 0 
0.516761 0.541703 0 
0.51676 0.540703 0 
0.516724 0.517774 0 
0.516666 0.539534 0 
0.516629 0.516927 0 
0.516616 0.517474 0 
0.516579 0.519627 0 
0.516536 0.541956 0 
0.516502 0.520655 0 
0.516488 0.518009 0 
0.516483 0.54046 0 
0.516479 0.517751 0 
0.516435 0.516646 0 
0.516431 0.517043 0 
0.516403 0.540087 0 
0.516403 0.518764 0 
0.516321 0.51974 0 
0.516312 0.516384 0 
0.516296 0.540133 0 
0.51629 0.517207 0 
0.516284 0.539858 0 
0.516241 0.518579 0 
0.516203 0.51624 0 
0.516195 0.516259 0 
0.516165 0.541239 0 
0.516111 0.541139 0 
0.516109 0.51683 0 
0.516067 0.517042 0 
0.515971 0.516879 0 
0.515971 0.516068 0 
0.515943 0.519355 0 
0.515939 0.516943 0 
0.515933 0.519144 0 
0.515932 0.519799 0 
0.515901 0.516777 0 
0.515885 0.518746 0 
0.515884 0.516269 0 
0.515857 0.539834 0 
0.515855 0.520544 0 
0.515827 0.539341 0 
0.515786 0.54052 0 
0.515761 0.519315 0 
0.515726 0.540694 0 
0.515725 0.51797 0 
0.515712 0.538236 0 
0.515698 0.518575 0 
0.515689 0.518086 0 
0.515687 0.540102 0 
0.515633 0.51694 0 
0.515606 0.51624 0 
0.515598 0.537743 0 
0.515594 0.542352 0 
0.515584 0.539006 0 
0.515578 0.538412 0 
0.515566 0.517191 0 
0.515541 0.51746 0 
0.515537 0.516731 0 
0.515526 0.517564 0 
0.515526 0.516822 0 
0.515523 0.539648 0 
0.515487 0.51839 0 
0.515473 0.516697 0 
0.515465 0.517542 0 
0.515461 0.517103 0 
0.515439 0.519683 0 
0.515434 0.516306 0 
0.515408 0.515589 0 
0.515394 0.539341 0 
0.515371 0.539014 0 
0.515363 0.517853 0 
0.51535 0.539641 0 
0.515266 0.536715 0 
0.515263 0.516612 0 
0.515249 0.517297 0 
0.515178 0.517529 0 
0.515176 0.536715 0 
0.515167 0.52096 0 
0.515163 0.516003 0 
0.515143 0.541896 0 
0.515141 0.538531 0 
0.515136 0.517043 0 
0.515131 0.518323 0 
0.515121 0.515589 0 
0.515093 0.515149 0 
0.515091 0.517994 0 
0.515057 0.518095 0 
0.515032 0.518579 0 
0.515032 0.518455 0 
0.515026 0.539094 0 
0.514955 0.517801 0 
0.514954 0.539651 0 
0.51495 0.541213 0 
0.514949 0.516303 0 
0.514935 0.516097 0 
0.514921 0.540059 0 
0.514892 0.518703 0 
0.514891 0.51691 0 
0.514864 0.515481 0 
0.514862 0.516095 0 
0.514835 0.540419 0 
0.514821 0.517006 0 
0.514817 0.518495 0 
0.514811 0.519493 0 
0.514799 0.516209 0 
0.514785 0.520575 0 
0.514769 0.517033 0 
0.514762 0.540695 0 
0.514761 0.540167 0 
0.514747 0.519217 0 
0.514732 0.52077 0 
0.514702 0.517554 0 
0.514669 0.51556 0 
0.51465 0.541408 0 
0.514644 0.519876 0 
0.514641 0.535804 0 
0.514641 0.518275 0 
0.514631 0.539648 0 
0.514571 0.540167 0 
0.514567 0.538025 0 
0.514557 0.518171 0 
0.514549 0.518219 0 
0.514547 0.515209 0 
0.514531 0.519583 0 
0.514522 0.517439 0 
0.514428 0.51459 0 
0.514404 0.51989 0 
0.514388 0.538389 0 
0.514332 0.52015 0 
0.51432 0.518061 0 
0.514318 0.519217 0 
0.514306 0.518244 0 
0.514272 0.519733 0 
0.514249 0.519135 0 
0.514245 0.517191 0 
0.514201 0.539856 0 
0.514163 0.517394 0 
0.514142 0.519967 0 
0.514133 0.514909 0 
0.514125 0.51649 0 
0.514094 0.539278 0 
0.514065 0.51693 0 
0.514059 0.544238 0 
0.51402 0.539098 0 
0.513994 0.538585 0 
0.513981 0.518086 0 
0.513978 0.537771 0 
0.513978 0.541508 0 
0.513971 0.5211 0 
0.513948 0.517774 0 
0.513946 0.515211 0 
0.513932 0.516143 0 
0.513928 0.516484 0 
0.513918 0.519523 0 
0.513875 0.514509 0 
0.513857 0.538994 0 
0.513847 0.542177 0 
0.513834 0.517869 0 
0.513829 0.517639 0 
0.513822 0.518096 0 
0.513811 0.541674 0 
0.51381 0.521814 0 
0.513782 0.540255 0 
0.513745 0.516919 0 
0.513716 0.539094 0 
0.513688 0.514789 0 
0.513658 0.517333 0 
0.513643 0.518086 0 
0.513634 0.514383 0 
0.513563 0.517059 0 
0.513507 0.520073 0 
0.513492 0.518166 0 
0.513487 0.517417 0 
0.513421 0.518495 0 
0.513401 0.513704 0 
0.513396 0.540059 0 
0.513372 0.541582 0 
0.513357 0.516143 0 
0.513319 0.520575 0 
0.513284 0.541756 0 
0.51327 0.540947 0 
0.513263 0.54198 0 
0.513195 0.538071 0 
0.513142 0.520743 0 
0.513137 0.515352 0 
0.513135 0.519876 0 
0.513115 0.519135 0 
0.513111 0.51868 0 
0.513098 0.537104 0 
0.513093 0.537777 0 
0.513072 0.519523 0 
0.513072 0.520273 0 
0.513059 0.540059 0 
0.513005 0.519561 0 
0.513003 0.541029 0 
0.51299 0.519746 0 
0.512982 0.520369 0 
0.512961 0.536715 0 
0.512935 0.515204 0 
0.512921 0.5211 0 
0.512903 0.520677 0 
0.512893 0.51989 0 
0.512841 0.54046 0 
0.512838 0.515046 0 
0.512833 0.513279 0 
0.512827 0.5211 0 
0.512814 0.520655 0 
0.512787 0.519883 0 
0.512771 0.520575 0 
0.512734 0.543721 0 
0.512731 0.538044 0 
0.512686 0.520825 0 
0.512675 0.519091 0 
0.512658 0.514857 0 
0.512636 0.516216 0 
0.51259 0.539094 0 
0.512533 0.520933 0 
0.512504 0.514248 0 
0.512499 0.520825 0 
0.512484 0.54052 0 
0.512434 0.519164 0 
0.512429 0.522533 0 
0.512367 0.541674 0 
0.51234 0.540167 0 
0.512329 0.53806 0 
0.51231 0.520273 0 
0.512288 0.538953 0 
0.51225 0.520655 0 
0.512164 0.515648 0 
0.512132 0.514014 0 
0.512111 0.544855 0 
0.512105 0.539098 0 
0.512091 0.537771 0 
0.512089 0.535804 0 
0.51205 0.539278 0 
0.512035 0.538236 0 
0.512029 0.53954 0 
0.512 0.51689 0 
0.511978 0.516949 0 
0.511975 0.538499 0 
0.511947 0.543992 0 
0.511913 0.521265 0 
0.511857 0.538025 0 
0.511832 0.538994 0 
0.511798 0.518056 0 
0.511789 0.513462 0 
0.511772 0.512505 0 
0.511701 0.520846 0 
0.511651 0.511791 0 
0.511617 0.537674 0 
0.511533 0.536715 0 
0.511506 0.540027 0 
0.511455 0.542891 0 
0.511412 0.539278 0 
0.511367 0.539728 0 
0.511353 0.51585 0 
0.511341 0.539554 0 
0.511311 0.539797 0 
0.511283 0.541706 0 
0.511231 0.512003 0 
0.511212 0.54052 0 
0.511189 0.539149 0 
0.51118 0.518087 0 
0.511172 0.539014 0 
0.511147 0.541059 0 
0.511135 0.540246 0 
0.511121 0.541352 0 
0.511085 0.512003 0 
0.511081 0.52096 0 
0.511074 0.519493 0 
0.510991 0.522533 0 
0.51099 0.539858 0 
0.510989 0.543721 0 
0.510904 0.54116 0 
0.510811 0.539149 0 
0.510773 0.541707 0 
0.510706 0.540027 0 
0.510691 0.538345 0 
0.510649 0.540419 0 
0.510644 0.547379 0 
0.510542 0.54136 0 
0.510481 0.535804 0 
0.510456 0.540059 0 
0.510347 0.537104 0 
0.510241 0.520677 0 
0.510232 0.543138 0 
0.510123 0.517417 0 
0.510116 0.539607 0 
0.509788 0.537104 0 
0.509415 0.53917 0 
0.509366 0.541792 0 
0.218412 0.226468 1 
0.216014 0.229515 1 
0.215458 0.223707 1 
0.214947 0.221217 1 
0.2149 0.219844 1 
0.214854 0.225198 1 
0.214835 0.218605 1 
0.214639 0.221803 1 
0.214612 0.221082 1 
0.214486 0.219734 1 
0.214438 0.218511 1 
0.214424 0.224419 1 
0.214315 0.226467 1 
0.214235 0.219844 1 
0.214123 0.219815 1 
0.214086 0.224211 1 
0.214062 0.223707 1 
0.213815 0.222267 1 
0.213815 0.218109 1 
0.213708 0.22159 1 
0.213647 0.21847 1 
0.213533 0.221282 1 
0.21352 0.220284 1 
0.21347 0.221534 1 
0.213359 0.227635 1 
0.21335 0.221163 1 
0.213272 0.222065 1 
0.213211 0.220873 1 
0.213207 0.218498 1 
0.212987 0.218109 1 
0.212959 0.220115 1 
0.212829 0.222945 1 
0.212826 0.215328 1 
0.212811 0.219399 1 
0.212719 0.223879 1 
0.212595 0.216232 1 
0.212452 0.22178 1 
0.212422 0.219025 1 
0.212416 0.221156 1 
0.212385 0.220327 1 
0.21236 0.22164 1 
0.21235 0.225133 1 
0.212303 0.216706 1 
0.212285 0.222992 1 
0.212268 0.224416 1 
0.212262 0.215828 1 
0.212257 0.221439 1 
0.212222 0.218176 1 
0.212084 0.219154 1 
0.212061 0.218176 1 
0.212036 0.215328 1 
0.211996 0.218045 1 
0.211957 0.220284 1 
0.211881 0.227064 1 
0.211828 0.219501 1 
0.211795 0.219393 1 
0.211781 0.220198 1 
0.211753 0.223093 1 
0.2117 0.218286 1 
0.211697 0.221534 1 
0.211641 0.218814 1 
0.211599 0.220071 1 
0.211592 0.222157 1 
0.211541 0.218286 1 
0.211538 0.221796 1 
0.211511 0.222836 1 
0.211484 0.22616 1 
0.21147 0.219154 1 
0.211446 0.21757 1 
0.211428 0.221506 1 
0.211421 0.22616 1 
0.21133 0.221439 1 
0.211306 0.219686 1 
0.211079 0.221282 1 
0.211065 0.232328 1 
0.211045 0.220878 1 
0.211039 0.220006 1 
0.210864 0.22362 1 
0.210858 0.219004 1 
0.210848 0.221421 1 
0.210719 0.227093 1 
0.21067 0.219423 1 
0.210666 0.22806 1 
0.210647 0.218279 1 
0.210639 0.223075 1 
0.210598 0.220071 1 
0.210449 0.22341 1 
0.210437 0.223106 1 
0.210365 0.223426 1 
0.210359 0.220635 1 
0.21033 0.222631 1 
0.210304 0.210407 1 
0.210255 0.22038 1 
0.210243 0.223837 1 
0.210234 0.220635 1 
0.210219 0.221583 1 
0.210183 0.22112 1 
0.210179 0.222267 1 
0.210172 0.218694 1 
0.210053 0.220071 1 
0.209911 0.222574 1 
0.209899 0.220154 1 
0.209794 0.222107 1 
0.2097 0.218511 1 
0.209544 0.218286 1 
0.209417 0.222311 1 
0.209399 0.219534 1 
0.209392 0.221511 1 
0.209388 0.219305 1 
0.209376 0.220706 1 
0.209368 0.223972 1 
0.20933 0.211017 1 
0.209318 0.220793 1 
0.209275 0.223633 1 
0.209275 0.220071 1 
0.209149 0.21757 1 
0.209148 0.218774 1 
0.209067 0.223769 1 
0.209064 0.222063 1 
0.209044 0.222049 1 
0.209007 0.219968 1 
0.208984 0.211726 1 
0.208981 0.220683 1 
0.20897 0.218334 1 
0.208912 0.221008 1 
0.208813 0.209688 1 
0.208759 0.20888 1 
0.208758 0.20912 1 
0.208758 0.210098 1 
0.208708 0.219221 1 
0.208386 0.220546 1 
0.208313 0.222814 1 
0.208269 0.209183 1 
0.208196 0.221082 1 
0.20807 0.220635 1 
0.208058 0.21006 1 
0.208058 0.219686 1 
0.208044 0.21006 1 
0.207959 0.208981 1 
0.207933 0.208929 1 
0.207887 0.208315 1 
0.207804 0.22342 1 
0.207776 0.208101 1 
0.207709 0.222063 1 
0.207668 0.219815 1 
0.207656 0.207744 1 
0.207647 0.208872 1 
0.207613 0.207946 1 
0.207593 0.218045 1 
0.207517 0.210099 1 
0.207507 0.209189 1 
0.207501 0.222814 1 
0.207499 0.209781 1 
0.207463 0.208393 1 
0.207454 0.22502 1 
0.207425 0.210739 1 
0.207328 0.219501 1 
0.207327 0.208344 1 
0.207283 0.223576 1 
0.207255 0.20815 1 
0.207196 0.221055 1 
0.207171 0.208872 1 
0.207162 0.208655 1 
0.207087 0.208389 1 
0.207069 0.208226 1 
0.206977 0.223483 1 
0.206929 0.219432 1 
0.206919 0.207032 1 
0.206829 0.219534 1 
0.20679 0.209539 1 
0.206758 0.209107 1 
0.20673 0.220352 1 
0.206688 0.207092 1 
0.206664 0.208274 1 
0.206588 0.215828 1 
0.206579 0.208389 1 
0.206573 0.220793 1 
0.206549 0.221255 1 
0.20644 0.222045 1 
0.206421 0.220144 1 
0.206415 0.221156 1 
0.206379 0.218286 1 
0.206343 0.220349 1 
0.206336 0.22032 1 
0.206311 0.207515 1 
0.206274 0.218109 1 
0.206194 0.220349 1 
0.206189 0.207026 1 
0.206167 0.206353 1 
0.206082 0.207313 1 
0.206025 0.208545 1 
0.206016 0.208466 1 
0.205998 0.220706 1 
0.205967 0.206153 1 
0.205958 0.207293 1 
0.205881 0.206285 1 
0.205871 0.206113 1 
0.205817 0.206339 1 
0.205757 0.219154 1 
0.205755 0.207812 1 
0.205754 0.215828 1 
0.205685 0.20807 1 
0.205627 0.215328 1 
0.205625 0.207275 1 
0.205618 0.210382 1 
0.205554 0.207323 1 
0.205532 0.221163 1 
0.205494 0.222678 1 
0.205486 0.218464 1 
0.205484 0.206779 1 
0.205452 0.218605 1 
0.205432 0.209942 1 
0.205405 0.206489 1 
0.205377 0.206459 1 
0.205371 0.206582 1 
0.205333 0.205572 1 
0.205326 0.208786 1 
0.205229 0.220349 1 
0.205225 0.20902 1 
0.205204 0.207744 1 
0.205187 0.20591 1 
0.205126 0.205929 1 
0.205104 0.208042 1 
0.205102 0.207491 1 
0.205074 0.212303 1 
0.205054 0.205184 1 
0.205049 0.21757 1 
0.205021 0.206641 1 
0.205019 0.209317 1 
0.205015 0.209018 1 
0.205008 0.22159 1 
0.204967 0.208435 1 
0.204959 0.205606 1 
0.204874 0.207778 1 
0.204843 0.220635 1 
0.204834 0.210795 1 
0.204801 0.206511 1 
0.204791 0.208121 1 
0.204781 0.221511 1 
0.204762 0.21142 1 
0.204756 0.206246 1 
0.204724 0.222913 1 
0.204713 0.221506 1 
0.204693 0.218694 1 
0.204631 0.206337 1 
0.204625 0.218522 1 
0.204585 0.219534 1 
0.20456 0.215828 1 
0.204487 0.219025 1 
0.204485 0.219844 1 
0.204464 0.207041 1 
0.204441 0.206814 1 
0.204412 0.206036 1 
0.204403 0.208043 1 
0.204378 0.20932 1 
0.204342 0.205 1 
0.204323 0.205499 1 
0.204318 0.205828 1 
0.204315 0.207483 1 
0.20431 0.219816 1 
0.204239 0.208307 1 
0.204202 0.206641 1 
0.204194 0.20551 1 
0.204191 0.208119 1 
0.204172 0.207275 1 
0.204153 0.21847 1 
0.204143 0.216706 1 
0.20412 0.206632 1 
0.204069 0.219844 1 
0.204051 0.205419 1 
0.204002 0.206807 1 
0.203944 0.207443 1 
0.203912 0.207402 1 
0.203904 0.221421 1 
0.203873 0.205732 1 
0.203867 0.208273 1 
0.203864 0.211699 1 
0.203768 0.206381 1 
0.203728 0.221398 1 
0.20369 0.209781 1 
0.203663 0.207313 1 
0.203634 0.204745 1 
0.20362 0.204623 1 
0.203615 0.205188 1 
0.203603 0.206223 1 
0.203562 0.204843 1 
0.203534 0.208249 1 
0.203491 0.207721 1 
0.203455 0.204097 1 
0.203454 0.2071 1 
0.203407 0.216706 1 
0.203369 0.206273 1 
0.203356 0.210249 1 
0.203338 0.20767 1 
0.20329 0.207424 1 
0.203264 0.218279 1 
0.203262 0.208074 1 
0.203234 0.207723 1 
0.203219 0.206186 1 
0.203208 0.209112 1 
0.203152 0.218176 1 
0.203151 0.208275 1 
0.203147 0.20353 1 
0.203069 0.221156 1 
0.203054 0.209516 1 
0.203022 0.220101 1 
0.202966 0.219686 1 
0.202955 0.215328 1 
0.2029 0.205184 1 
0.202899 0.218109 1 
0.202868 0.204116 1 
0.202868 0.218045 1 
0.202851 0.220706 1 
0.20285 0.205369 1 
0.202842 0.207721 1 
0.202793 0.215828 1 
0.202778 0.215328 1 
0.202726 0.221082 1 
0.202711 0.216706 1 
0.202701 0.211699 1 
0.202685 0.209564 1 
0.202669 0.203502 1 
0.202662 0.20591 1 
0.202623 0.208717 1 
0.202609 0.207744 1 
0.202587 0.220006 1 
0.202532 0.207333 1 
0.20253 0.20394 1 
0.202509 0.202675 1 
0.202348 0.210382 1 
0.202146 0.206807 1 
0.20212 0.219332 1 
0.202102 0.206153 1 
0.201932 0.204521 1 
0.201878 0.209557 1 
0.201716 0.206292 1 
0.201401 0.207763 1 
0.0997492 0.103543 2 
0.0983785 0.0995109 2 
0.0978882 0.101015 2 
0.0977076 0.102293 2 
0.0973501 0.0987872 2 
0.0972961 0.101086 2 
0.097245 0.0986425 2 
0.0971345 0.098291 2 
0.0971013 0.105708 2 
0.0971011 0.0995338 2 
0.0970535 0.100082 2 
0.0968684 0.0969864 2 
0.0965084 0.0976593 2 
0.0963119 0.0988533 2 
0.0957579 0.100082 2 
0.0956845 0.0959411 2 
0.095677 0.0977073 2 
0.0956404 0.0963966 2 
0.0956153 0.0959041 2 
0.0955262 0.0968485 2 
0.0954703 0.100316 2 
0.0954637 0.0994985 2 
0.0954303 0.10206 2 
0.0952129 0.0979433 2 
0.0947881 0.0959411 2 
0.0947718 0.0956423 2 
0.094761 0.0981823 2 
0.0947384 0.095102 2 
0.0946778 0.0956858 2 
0.0946532 0.0969101 2 
0.0945211 0.0964023 2 
0.0943968 0.0969864 2 
0.094394 0.0967123 2 
0.0943524 0.0964293 2 
0.0943077 0.0964293 2 
0.0942225 0.0973655 2 
0.0942003 0.0979691 2 
0.0941973 0.0964157 2 
0.0941081 0.0979058 2 
0.0940576 0.0960598 2 
0.093998 0.0979265 2 
0.0939544 0.0946406 2 
0.0939188 0.0976206 2 
0.0937692 0.0948407 2 
0.0937571 0.0989101 2 
0.0937009 0.0954804 2 
0.0936827 0.0964409 2 
0.0936684 0.0961639 2 
0.0936204 0.0969621 2 
0.093584 0.095398 2 
0.0935472 0.0969875 2 
0.0934903 0.0941531 2 
0.093481 0.0963189 2 
0.0934578 0.0974561 2 
0.093366 0.0954133 2 
0.0932947 0.0940809 2 
0.0932636 0.0974835 2 
0.0932297 0.095102 2 
0.0931766 0.0931943 2 
0.0931064 0.0948574 2 
0.0930978 0.0958654 2 
0.0930878 0.0961236 2 
0.0930845 0.0947782 2 
0.0930372 0.097908 2 
0.0929432 0.0956858 2 
0.0929273 0.0972629 2 
0.0928929 0.0978024 2 
0.0928781 0.0947782 2 
0.092846 0.0955148 2 
0.0928283 0.0947022 2 
0.0927599 0.0931294 2 
0.0927147 0.0939619 2 
0.0926709 0.0931661 2 
0.0925966 0.0957282 2 
0.0924131 0.0940748 2 
0.0923969 0.0959416 2 
0.0923712 0.0970126 2 
0.0923257 0.0947782 2 
0.0923236 0.098137 2 
0.092257 0.0953399 2 
0.09223 0.0935076 2 
0.0921503 0.0928251 2 
0.0921388 0.0947904 2 
0.0920271 0.0969875 2 
0.0920123 0.0930384 2 
0.0920119 0.0965623 2 
0.091942 0.0923776 2 
0.0919407 0.0961898 2 
0.0919137 0.0947823 2 
0.0919025 0.0960782 2 
0.0918702 0.0922567 2 
0.091848 0.0940793 2 
0.0918342 0.0925076 2 
0.0918275 0.0920657 2 
0.0917917 0.0931661 2 
0.0917706 0.0952678 2 
0.0917212 0.0931661 2 
0.0917174 0.0925325 2 
0.0914879 0.0947782 2 
0.0914787 0.0922657 2 
0.0914527 0.0948407 2 
0.0914361 0.095518 2 
0.0914318 0.0920981 2 
0.0913549 0.096149 2 
0.0913403 0.0922647 2 
0.0912976 0.0944463 2 
0.0912774 0.0954896 2 
0.0912658 0.0918775 2 
0.0912622 0.0919256 2 
0.0912586 0.0937628 2 
0.0912407 0.0948511 2 
0.0912048 0.0977419 2 
0.0911799 0.0913894 2 
0.0911489 0.0969875 2 
0.0910517 0.0987441 2 
0.0910448 0.0913417 2 
0.091036 0.0945121 2 
0.0909718 0.0954804 2 
0.0909157 0.0912838 2 
0.0908204 0.0911585 2 
0.0907968 0.095102 2 
0.0907602 0.0956858 2 
0.090745 0.0947022 2 
0.0906978 0.0963034 2 
0.0906708 0.0973572 2 
0.0906452 0.0953006 2 
0.0905334 0.0965302 2 
0.0905198 0.0920524 2 
0.0904665 0.0956423 2 
0.090435 0.0944423 2 
0.0904266 0.0964409 2 
0.0903806 0.095669 2 
0.090376 0.0960782 2 
0.090186 0.0924942 2 
0.0901608 0.0941023 2 
0.0900777 0.0909935 2 
0.0900353 0.0963966 2 
0.0900289 0.091812 2 
0.0899987 0.0906355 2 
0.0899956 0.0903074 2 
0.089826 0.0931661 2 
0.0898226 0.0900925 2 
0.0898032 0.0901279 2 
0.0897885 0.0900652 2 
0.0897261 0.0912819 2 
0.089718 0.0940034 2 
0.0896716 0.095669 2 
0.0895223 0.0912819 2 
0.0894686 0.0909689 2 
0.0894161 0.0905702 2 
0.089385 0.0894563 2 
0.0893491 0.0895013 2 
0.089339 0.0901093 2 
0.0893384 0.0935076 2 
0.0893014 0.0901067 2 
0.0892606 0.0940748 2 
0.0891562 0.0951305 2 
0.089121 0.0912099 2 
0.089115 0.0925325 2 
0.0891113 0.095268 2 
0.0891054 0.0915452 2 
0.0890921 0.0945137 2 
0.0890675 0.0942467 2 
0.0890428 0.0899707 2 
0.0890213 0.0896191 2 
0.0889844 0.0896191 2 
0.0889679 0.0924268 2 
0.0889437 0.0923064 2 
0.0889374 0.0903737 2 
0.0888959 0.0898499 2 
0.0888473 0.0960598 2 
0.0887969 0.0898097 2 
0.0887419 0.0922713 2 
0.0887382 0.0916514 2 
0.0887027 0.090165 2 
0.0886615 0.0944581 2 
0.0886222 0.0895013 2 
0.0886207 0.0931294 2 
0.0886195 0.0953399 2 
0.0886122 0.0912763 2 
0.0886063 0.0975895 2 
0.0886038 0.0931356 2 
0.0885969 0.0950201 2 
0.0885852 0.0942374 2 
0.0885746 0.0889244 2 
0.0885189 0.0896759 2 
0.088436 0.0914634 2 
0.088435 0.090717 2 
0.0884047 0.0889107 2 
0.0883908 0.0902757 2 
0.088382 0.090171 2 
0.08838 0.090258 2 
0.0883722 0.0915359 2 
0.0883605 0.0941531 2 
0.088336 0.0897664 2 
0.0883159 0.0883253 2 
0.0882866 0.0885331 2 
0.0882718 0.0895621 2 
0.0882718 0.095102 2 
0.088248 0.0915575 2 
0.0882455 0.0923966 2 
0.0882438 0.0882626 2 
0.0882403 0.0894487 2 
0.0882134 0.0922657 2 
0.0880782 0.0886908 2 
0.0880676 0.0910584 2 
0.0879911 0.0892247 2 
0.0879724 0.0953399 2 
0.0879656 0.0938602 2 
0.0879497 0.0897137 2 
0.0879002 0.0886787 2 
0.0878925 0.0915359 2 
0.0878845 0.0954478 2 
0.0878836 0.0896457 2 
0.0878786 0.0881721 2 
0.0878657 0.0938878 2 
0.0878431 0.0914795 2 
0.0878362 0.0961898 2 
0.087796 0.0916951 2 
0.0877783 0.0947022 2 
0.0877692 0.0913417 2 
0.0877637 0.088485 2 
0.087695 0.0922657 2 
0.0876695 0.0950644 2 
0.0876557 0.0889491 2 
0.087646 0.088016 2 
0.0876295 0.0940507 2 
0.0875699 0.0883469 2 
0.0875695 0.0953399 2 
0.0875647 0.0961898 2 
0.0875614 0.0940034 2 
0.0874868 0.087819 2 
0.0874756 0.0883248 2 
0.0874613 0.089465 2 
0.0873987 0.0899187 2 
0.0873912 0.0939619 2 
0.0873091 0.0874309 2 
0.0873005 0.0888616 2 
0.0873001 0.0960782 2 
0.0872867 0.0959416 2 
0.0872787 0.0908201 2 
0.0871837 0.0908211 2 
0.0871625 0.0901627 2 
0.0871299 0.0888795 2 
0.0870618 0.0950201 2 
0.0870509 0.0897892 2 
0.0870496 0.0920918 2 
0.0869997 0.0870549 2 
0.0869907 0.0902428 2 
0.0869542 0.0893018 2 
0.0869019 0.0872463 2 
0.086803 0.0872062 2 
0.0867932 0.0894889 2 
0.0867878 0.0870644 2 
0.0867852 0.0899798 2 
0.0867589 0.0948574 2 
0.0867546 0.0936662 2 
0.0867395 0.0886159 2 
0.0867019 0.0904316 2 
0.0866579 0.0911294 2 
0.086638 0.089577 2 
0.0866335 0.0877012 2 
0.0866157 0.0880583 2 
0.0866151 0.0919914 2 
0.0866052 0.0912985 2 
0.0866027 0.0877606 2 
0.0865952 0.0938878 2 
0.0865711 0.0948407 2 
0.0865612 0.0937628 2 
0.0865377 0.0891134 2 
0.0865356 0.0898148 2 
0.0865334 0.0878467 2 
0.0864926 0.0915359 2 
0.0864762 0.0891643 2 
0.0864538 0.0889107 2 
0.0863742 0.0883295 2 
0.0863655 0.0931294 2 
0.086349 0.0887186 2 
0.0862893 0.0887352 2 
0.0862114 0.087828 2 
0.0861989 0.0905393 2 
0.0860648 0.0900322 2 
0.0860541 0.0920838 2 
0.0860332 0.0862148 2 
0.0859577 0.0882787 2 
0.0858663 0.0913567 2 
0.0858411 0.0882787 2 
0.0858212 0.0902664 2 
0.085806 0.0872169 2 
0.0857794 0.0912131 2 
0.0857735 0.0920918 2 
0.0856456 0.0883989 2 
0.0855441 0.0860319 2 
0.0855157 0.0904554 2 
0.0852866 0.0856293 2 
0.0852352 0.089972 2 
0.0852248 0.0866597 2 
0.0851431 0.0942542 2 
0.0849461 0.0852803 2 
0.0848181 0.0922321 2 
0.0489616 0.0491628 3 
0.0479101 0.0488337 3 
0.0475395 0.0500335 3 
0.047051 0.0474638 3 
0.0459922 0.0480857 3 
0.0459668 0.046216 3 
0.0459328 0.0464091 3 
0.0456975 0.0461609 3 
0.044947 0.0451869 3 
0.0448035 0.0459885 3 
0.0447366 0.044961 3 
0.044561 0.0450373 3 
0.044493 0.0445526 3 
0.0444155 0.0455844 3 
0.0441036 0.0447807 3 
0.0439967 0.0447697 3 
0.0438926 0.0446281 3 
0.0437136 0.0441218 3 
0.0436909 0.0443431 3 
0.0436413 0.0444378 3 
0.0436102 0.0436144 3 
0.0435935 0.0439009 3 
0.0435802 0.0438791 3 
0.0434976 0.0436144 3 
0.0434381 0.0441536 3 
0.0434189 0.0441218 3 
0.0433874 0.0436311 3 
0.0432948 0.0436653 3 
0.043192 0.0445577 3 
0.0431028 0.0449275 3 
0.0431019 0.0431833 3 
0.0430356 0.0432622 3 
0.0430171 0.0430637 3 
0.0429491 0.0443359 3 
0.0429008 0.0433264 3 
0.0428781 0.0430309 3 
0.0428633 0.0440015 3 
0.0428526 0.043071 3 
0.0427917 0.0435099 3 
0.0426574 0.0446567 3 
0.0426497 0.0439417 3 
0.0426129 0.0427699 3 
0.0425854 0.0430377 3 
0.0425625 0.0428619 3 
0.0425383 0.0425875 3 
0.0424873 0.0433113 3 
0.0424685 0.0433304 3 
0.0424381 0.0426524 3 
0.0424083 0.0430578 3 
0.0423934 0.0440919 3 
0.0423575 0.0429922 3 
0.0423208 0.0431366 3 
0.0423127 0.0442385 3 
0.0422737 0.0444934 3 
0.0422241 0.0441218 3 
0.0422199 0.0426123 3 
0.0422021 0.0431734 3 
0.0421958 0.0433749 3 
0.0421858 0.0426309 3 
0.0421792 0.0445591 3 
0.042115 0.0437929 3 
0.0421049 0.0425875 3 
0.0420683 0.044012 3 
0.0420473 0.0426195 3 
0.0420262 0.0436814 3 
0.0419158 0.043311 3 
0.0418755 0.0451995 3 
0.0418454 0.0431163 3 
0.0418451 0.0439417 3 
0.0418125 0.0436332 3 
0.0418022 0.0422121 3 
0.0417762 0.0427701 3 
0.0417669 0.0425231 3 
0.0417033 0.0422333 3 
0.0416664 0.0426123 3 
0.0416272 0.0440946 3 
0.0416023 0.0418166 3 
0.0415828 0.0420164 3 
0.0415352 0.0434233 3 
0.0415152 0.0420451 3 
0.0414954 0.0441469 3 
0.0414161 0.0419814 3 
0.0414067 0.0433113 3 
0.0413646 0.0415708 3 
0.0413237 0.0435701 3 
0.0413199 0.0423521 3 
0.0412451 0.0417211 3 
0.041202 0.0419563 3 
0.0411633 0.0418964 3 
0.0411434 0.0423845 3 
0.0411189 0.0422603 3 
0.0411027 0.0414844 3 
0.0410727 0.0420927 3 
0.0410443 0.0411496 3 
0.0410307 0.0414422 3 
0.0410263 0.0414897 3 
0.0409936 0.0428687 3 
0.0409635 0.042906 3 
0.0409612 0.0426829 3 
0.0409517 0.0428136 3 
0.0409345 0.0412448 3 
0.0409315 0.0414071 3 
0.0409273 0.0423129 3 
0.0408863 0.0410001 3 
0.0408536 0.0429529 3 
0.0408495 0.0445227 3 
0.0408444 0.0411228 3 
0.0408069 0.0434448 3 
0.0408029 0.0424266 3 
0.0408023 0.0415744 3 
0.0407956 0.0421483 3 
0.0407923 0.0414664 3 
0.0407844 0.0412996 3 
0.0407828 0.0416124 3 
0.0407641 0.0408642 3 
0.0407504 0.0411496 3 
0.0407119 0.0427062 3 
0.0407007 0.0431163 3 
0.0406256 0.0444604 3 
0.0406012 0.0438329 3 
0.04058 0.0430253 3 
0.0405773 0.0410275 3 
0.0405684 0.0410626 3 
0.040566 0.0406111 3 
0.0405629 0.0410266 3 
0.0405427 0.043174 3 
0.0405164 0.0430637 3 
0.0404369 0.0413597 3 
0.0404245 0.0404832 3 
0.040424 0.0427906 3 
0.040419 0.0411477 3 
0.0403948 0.0428158 3 
0.0403853 0.0427106 3 
0.0403771 0.0421656 3 
0.0403458 0.0421713 3 
0.0403291 0.0447207 3 
0.0403087 0.0430061 3 
0.0403015 0.0417743 3 
0.0402952 0.04193 3 
0.0402926 0.0430637 3 
0.0402838 0.0410315 3 
0.0402751 0.0411197 3 
0.0402698 0.0418841 3 
0.0402671 0.0426861 3 
0.0402609 0.0413714 3 
0.0402383 0.0412603 3 
0.040209 0.0442357 3 
0.0402041 0.0417468 3 
0.040188 0.043044 3 
0.040188 0.0424949 3 
0.0401737 0.041 3 
0.0401457 0.0426861 3 
0.0400904 0.0427701 3 
0.0400711 0.0415163 3 
0.0400583 0.0446129 3 
0.0400371 0.0412448 3 
0.0400092 0.0403766 3 
0.0400048 0.0427889 3 
0.0399862 0.041841 3 
0.0399661 0.0404862 3 
0.0399076 0.0428687 3 
0.0398813 0.0427889 3 
0.0398797 0.04193 3 
0.0397956 0.0437027 3 
0.0397697 0.0422294 3 
0.0397671 0.0403058 3 
0.0397172 0.0420264 3 
0.0397157 0.0419217 3 
0.0397079 0.0420282 3 
0.0396969 0.039987 3 
0.0396798 0.0406873 3 
0.0396639 0.0397505 3 
0.0396522 0.0406069 3 
0.0396318 0.0402001 3 
0.0396183 0.0411531 3 
0.0396086 0.0427699 3 
0.0395956 0.0416656 3 
0.039576 0.043161 3 
0.0395738 0.0409227 3 
0.0395732 0.0406548 3 
0.0395519 0.0410275 3 
0.0395459 0.0435951 3 
0.0395295 0.0433113 3 
0.0394915 0.0403483 3 
0.0394705 0.0396888 3 
0.0394699 0.0402067 3 
0.0394442 0.0411496 3 
0.0394219 0.0424266 3 
0.0394218 0.0398237 3 
0.0393485 0.0437027 3 
0.0393325 0.0401762 3 
0.0393083 0.0419534 3 
0.0392291 0.0399199 3 
0.0392116 0.0396269 3 
0.0392113 0.0400782 3 
0.0392074 0.0419534 3 
0.0392052 0.0430963 3 
0.0391936 0.0409733 3 
0.0391286 0.0429687 3 
0.0390949 0.0426968 3 
0.039078 0.0405737 3 
0.0390713 0.0399981 3 
0.0390162 0.0430637 3 
0.0390124 0.0403515 3 
0.0389909 0.0412697 3 
0.0389652 0.0413683 3 
0.0389463 0.0408545 3 
0.0389257 0.0398645 3 
0.0389175 0.0410315 3 
0.0388265 0.0406717 3 
0.0387485 0.0428684 3 
0.0387382 0.0409654 3 
0.0387357 0.0407501 3 
0.0387247 0.0408545 3 
0.0387067 0.0426449 3 
0.0386797 0.0408649 3 
0.0386624 0.0403809 3 
0.0386064 0.0416584 3 
0.0385508 0.041159 3 
0.0384338 0.0389133 3 
0.0384225 0.0412748 3 
0.0384203 0.0398169 3 
0.0383853 0.0422068 3 
0.0382872 0.0422994 3 
0.0382603 0.0395459 3 
0.0382396 0.0408545 3 
0.0382288 0.0419834 3 
0.0381798 0.0395159 3 
0.0381527 0.0403968 3 
0.0381387 0.042292 3 
0.0380646 0.0395459 3 
0.0380526 0.0417482 3 
0.0379466 0.0388271 3 
0.0378804 0.0431513 3 
0.0377272 0.0382485 3 
0.037697 0.0379433 3 
0.0376479 0.0423898 3 
0.0241276 0.0242996 4 
0.0230283 0.0234069 4 
0.0221361 0.0224998 4 
0.0218009 0.0221994 4 
0.021712 0.0217721 4 
0.0215672 0.0216133 4 
0.0211433 0.021429 4 
0.021133 0.0213799 4 
0.0210701 0.0211939 4 
0.0209968 0.0211156 4 
0.0209815 0.0220135 4 
0.0209202 0.0213965 4 
0.0208603 0.0209423 4 
0.0207463 0.020789 4 
0.0207047 0.021099 4 
0.0206082 0.0211117 4 
0.0205831 0.0206449 4 
0.0205228 0.0214158 4 
0.0204826 0.0209463 4 
0.0204713 0.0205979 4 
0.0204527 0.0208808 4 
0.0204328 0.0207233 4 
0.0204089 0.0208462 4 
0.0203953 0.0207317 4 
0.0203708 0.0210067 4 
0.0203663 0.0212819 4 
0.0203419 0.0207329 4 
0.0203091 0.0203452 4 
0.0203037 0.0203439 4 
0.0202555 0.0207861 4 
0.0202392 0.0203565 4 
0.0202215 0.0205285 4 
0.0201524 0.0210236 4 
0.0201367 0.0201758 4 
0.0201305 0.0201695 4 
0.0201136 0.020196 4 
0.0201119 0.0206226 4 
0.0200923 0.0206827 4 
0.0200708 0.0206226 4 
0.0200382 0.0201638 4 
0.0200131 0.0201511 4 
0.0199932 0.0205213 4 
0.0199778 0.0200314 4 
0.0199528 0.0207233 4 
0.019938 0.020336 4 
0.0199045 0.0207857 4 
0.0198913 0.0203231 4 
0.0198516 0.0199764 4 
0.0198337 0.0199797 4 
0.0198203 0.020713 4 
0.0198063 0.02136 4 
0.019801 0.0200221 4 
0.0197938 0.0198454 4 
0.0197733 0.0201605 4 
0.0197452 0.0203839 4 
0.0197088 0.0197829 4 
0.0197001 0.020022 4 
0.0196807 0.0201557 4 
0.0196498 0.0199175 4 
0.0196472 0.0200775 4 
0.0196253 0.0214207 4 
0.0196189 0.0199322 4 
0.0196141 0.0199185 4 
0.0195958 0.0218783 4 
0.0195893 0.020382 4 
0.0195777 0.0203181 4 
0.0195586 0.0201501 4 
0.0195506 0.0202757 4 
0.0195504 0.0199089 4 
0.0195405 0.0200419 4 
0.0195348 0.019878 4 
0.019523 0.0207161 4 
0.0195176 0.020023 4 
0.0195163 0.0196512 4 
0.0194873 0.021171 4 
0.0194441 0.0198727 4 
0.0194394 0.0196693 4 
0.019434 0.0197699 4 
0.0194166 0.0202683 4 
0.0194134 0.0202876 4 
0.0193981 0.0198924 4 
0.0193829 0.0201048 4 
0.0193777 0.0195043 4 
0.0193672 0.0223419 4 
0.0193629 0.0200415 4 
0.0193588 0.0211943 4 
0.0193565 0.0208055 4 
0.019324 0.0210338 4 
0.0193239 0.0200268 4 
0.0193055 0.0199346 4 
0.0192765 0.0197083 4 
0.019269 0.020196 4 
0.0192664 0.0203452 4 
0.0192414 0.0202415 4 
0.0192344 0.0193905 4 
0.0192238 0.0202228 4 
0.0192116 0.0201731 4 
0.0191964 0.0204055 4 
0.0191918 0.0193566 4 
0.0191489 0.0199834 4 
0.0191473 0.0201007 4 
0.0191434 0.0198223 4 
0.0191276 0.0195755 4 
0.0191162 0.0193905 4 
0.019109 0.0203452 4 
0.0191001 0.0195727 4 
0.0190795 0.0195307 4 
0.0190332 0.020196 4 
0.0190234 0.0199401 4 
0.0190218 0.0191974 4 
0.0190216 0.0198913 4 
0.0189843 0.0192457 4 
0.0189798 0.0199039 4 
0.0189794 0.0203484 4 
0.0189595 0.0203565 4 
0.0189575 0.0206915 4 
0.0189536 0.0199355 4 
0.0189484 0.0208808 4 
0.0189468 0.0196068 4 
0.0189381 0.0201557 4 
0.0189267 0.020287 4 
0.0189252 0.0189669 4 
0.0189192 0.0192197 4 
0.018918 0.0195812 4 
0.0189167 0.0191192 4 
0.0189153 0.0198083 4 
0.01891 0.020331 4 
0.0189033 0.0199075 4 
0.0188994 0.0202401 4 
0.0188882 0.0199175 4 
0.0188695 0.0201731 4 
0.0188611 0.0192105 4 
0.018854 0.019331 4 
0.0188335 0.0195261 4 
0.0188314 0.0204387 4 
0.0188051 0.0200153 4 
0.0187844 0.0195261 4 
0.0187737 0.0192151 4 
0.018763 0.0203694 4 
0.0187433 0.0214785 4 
0.0187063 0.0187526 4 
0.0186916 0.020558 4 
0.0186676 0.0196054 4 
0.018649 0.021143 4 
0.0186275 0.0203868 4 
0.0186204 0.0193104 4 
0.0185905 0.0186436 4 
0.0185493 0.0188607 4 
0.0185475 0.0206512 4 
0.0185216 0.0201894 4 
0.0185177 0.0204173 4 
0.0185172 0.0188445 4 
0.0185167 0.0185672 4 
0.0185149 0.0185614 4 
0.0185004 0.0187272 4 
0.0184488 0.0195812 4 
0.0184476 0.0184723 4 
0.0184205 0.0187943 4 
0.0184187 0.0195043 4 
0.0184147 0.0189695 4 
0.0184118 0.0191838 4 
0.0183983 0.0190231 4 
0.0183653 0.0193104 4 
0.0183624 0.0187714 4 
0.018336 0.0198924 4 
0.0183349 0.0197296 4 
0.0183011 0.0205227 4 
0.0182758 0.0195883 4 
0.0182732 0.0194361 4 
0.018262 0.020558 4 
0.0182599 0.0188607 4 
0.0181843 0.0188923 4 
0.0181666 0.0202924 4 
0.0181621 0.018774 4 
0.0181329 0.0196148 4 
0.0181255 0.0192893 4 
0.018101 0.018872 4 
0.018094 0.0183663 4 
0.018041 0.018544 4 
0.0180183 0.0196642 4 
0.0180114 0.0200606 4 
0.0179945 0.0200728 4 
0.0179444 0.0198897 4 
0.0179286 0.0199834 4 
0.017925 0.020104 4 
0.0179213 0.0197621 4 
0.0179212 0.0189658 4 
0.0178717 0.0193743 4 
0.0178708 0.0197735 4 
0.0178656 0.018872 4 
0.0178655 0.0199764 4 
0.0178621 0.0185497 4 
0.0178523 0.0186907 4 
0.0178071 0.0199089 4 
0.0176949 0.0180973 4 
0.0176704 0.0192893 4 
0.0175915 0.0202975 4 
0.0175881 0.0191019 4 
0.0175515 0.0201758 4 
0.0175426 0.0186047 4 
0.0174907 0.0176127 4 
0.0173597 0.0178234 4 
0.0109576 0.0112153 5 
0.0107787 0.0109592 5 
0.0106435 0.0111783 5 
0.0105 0.0106195 5 
0.0104484 0.0106925 5 
0.0104381 0.0106906 5 
0.0104201 0.0106846 5 
0.0103963 0.0104639 5 
0.0102329 0.0106418 5 
0.0102034 0.0104047 5 
0.0101859 0.0102203 5 
0.0101595 0.0103317 5 
0.0101146 0.0103623 5 
0.0101099 0.0103998 5 
0.0100754 0.0103443 5 
0.0100618 0.0104168 5 
0.0100143 0.0100486 5 
0.0099699 0.0103615 5 
0.00995546 0.0100733 5 
0.00995302 0.0100978 5 
0.00989778 0.00994985 5 
0.00989499 0.0104824 5 
0.00988748 0.0102558 5 
0.00986989 0.0108808 5 
0.00986035 0.0101928 5 
0.00984398 0.0100267 5 
0.00981387 0.00990242 5 
0.0098095 0.0100215 5 
0.00978077 0.00987576 5 
0.00977964 0.010046 5 
0.00977818 0.00983891 5 
0.00976839 0.0100486 5 
0.00976561 0.0112816 5 
0.00976539 0.00992249 5 
0.00975982 0.00995482 5 
0.00975489 0.00992979 5 
0.00974864 0.00983021 5 
0.0097383 0.00982463 5 
0.00971567 0.00997523 5 
0.00966537 0.00966652 5 
0.00965502 0.00999993 5 
0.00964444 0.00978053 5 
0.00963975 0.00982486 5 
0.0096172 0.0100039 5 
0.00961481 0.00961515 5 
0.00961331 0.00968559 5 
0.00960367 0.00991466 5 
0.00957736 0.00974384 5 
0.00957259 0.00961113 5 
0.00957049 0.00990242 5 
0.00957006 0.0102783 5 
0.00956995 0.0102816 5 
0.0095479 0.00992862 5 
0.00954506 0.0103444 5 
0.00953769 0.00966693 5 
0.00953603 0.0101022 5 
0.0095231 0.00990917 5 
0.00951928 0.00992649 5 
0.00951525 0.00974285 5 
0.00951338 0.0110896 5 
0.00949534 0.00960366 5 
0.00948856 0.0102535 5 
0.00948157 0.0100354 5 
0.00948077 0.00959346 5 
0.00948013 0.00994985 5 
0.0094785 0.00993405 5 
0.00947723 0.00957135 5 
0.00946293 0.0100588 5 
0.00945395 0.00987576 5 
0.00943363 0.00970079 5 
0.00942079 0.00987336 5 
0.00941015 0.00982005 5 
0.00939149 0.00951561 5 
0.00938889 0.00957188 5 
0.0093884 0.00981002 5 
0.0093793 0.00993787 5 
0.00937832 0.00956911 5 
0.00937672 0.00985492 5 
0.00937609 0.00966652 5 
0.00936911 0.0098618 5 
0.00936828 0.00979016 5 
0.00936561 0.0094527 5 
0.0093543 0.00948251 5 
0.00935048 0.00995878 5 
0.0093412 0.0105467 5 
0.00933843 0.00937451 5 
0.00933048 0.00937806 5 
0.00930988 0.00947188 5 
0.00930968 0.0104592 5 
0.00929607 0.00945001 5 
0.00927401 0.00974081 5 
0.00927018 0.00957188 5 
0.00926756 0.00957962 5 
0.00926487 0.00993965 5 
0.00925028 0.00933024 5 
0.00924261 0.00984798 5 
0.00922388 0.00990661 5 
0.00921668 0.0100754 5 
0.00921163 0.00979135 5 
0.00917786 0.0097787 5 
0.00917203 0.00993001 5 
0.00917116 0.0109592 5 
0.00917025 0.00953664 5 
0.00916879 0.00985777 5 
0.00916836 0.00986119 5 
0.00916697 0.00948251 5 
0.00916382 0.00961515 5 
0.00913886 0.0101179 5 
0.00913322 0.00918704 5 
0.00911266 0.00939871 5 
0.00910713 0.00982167 5 
0.00909991 0.00945168 5 
0.00909312 0.0101043 5 
0.00909281 0.0091756 5 
0.00908882 0.00999915 5 
0.0090874 0.00926409 5 
0.00907803 0.00974747 5 
0.00905302 0.00914131 5 
0.00904584 0.00955693 5 
0.00904504 0.0099198 5 
0.00903978 0.00993001 5 
0.00903389 0.0102329 5 
0.00900448 0.00945001 5 
0.00900369 0.00916331 5 
0.00898584 0.00905237 5 
0.00897466 0.0100769 5 
0.00896556 0.00953977 5 
0.00895574 0.00912924 5 
0.00895477 0.00920162 5 
0.00894761 0.00912863 5 
0.00892643 0.00915267 5 
0.00891441 0.00943694 5 
0.00889831 0.0098711 5 
0.0088976 0.00911571 5 
0.00887647 0.00897473 5 
0.00885315 0.00904166 5 
0.00884766 0.00953428 5 
0.00883204 0.00948214 5 
0.00882471 0.00992126 5 
0.00882367 0.00965535 5 
0.00881984 0.00882413 5 
0.00881046 0.00883516 5 
0.00880142 0.00989759 5 
0.00880106 0.00926409 5 
0.0087802 0.00959114 5 
0.00877089 0.00960228 5 
0.00876223 0.00893851 5 
0.00875223 0.00937163 5 
0.00874695 0.00960294 5 
0.00874458 0.00911571 5 
0.00874163 0.00997523 5 
0.00874065 0.00971672 5 
0.00873295 0.00977302 5 
0.00871613 0.00966564 5 
0.0087069 0.00911725 5 
0.00869631 0.00888495 5 
0.0086889 0.00968249 5 
0.00867862 0.00899348 5 
0.00866836 0.0097585 5 
0.00865235 0.00898212 5 
0.0086487 0.00896255 5 
0.0086469 0.0098831 5 
0.00863948 0.00963018 5 
0.00862776 0.00940861 5 
0.00857338 0.00961661 5 
0.00856639 0.00970079 5 
0.00853768 0.00868515 5 
0.00853405 0.00898212 5 
0.00851654 0.00910532 5 
0.00849254 0.009275 5 
0.00846611 0.00981468 5 
0.00844254 0.00979016 5 
0.00843783 0.00918237 5 
0.00840342 0.00844564 5 
0.00836796 0.00907946 5 
0.00835231 0.00911217 5 
0.00822741 0.00857081 5 
0.00560068 0.00574419 6 
0.00551618 0.00564875 6 
0.00545579 0.00546527 6 
0.00535881 0.00554356 6 
0.00532621 0.00535166 6 
0.00531935 0.00534083 6 
0.00525457 0.00551953 6 
0.00521053 0.00534949 6 
0.00514088 0.0053048 6 
0.0051117 0.00515238 6 
0.00510682 0.00523267 6 
0.00507299 0.00525513 6 
0.00507195 0.00563593 6 
0.00505083 0.00535187 6 
0.00505058 0.00545206 6 
0.00503043 0.00524645 6 
0.00502835 0.00516848 6 
0.00500753 0.0050488 6 
0.00498345 0.00592428 6 
0.00498087 0.00499605 6 
0.00493996 0.00497371 6 
0.00491715 0.00504938 6 
0.00491624 0.00497798 6 
0.00489728 0.00495272 6 
0.00487798 0.00499314 6 
0.00487322 0.00491341 6 
0.00487146 0.00490443 6 
0.00485991 0.00497399 6 
0.00484592 0.00513289 6 
0.00484536 0.00508006 6 
0.00484168 0.00509873 6 
0.00484157 0.00497062 6 
0.00483323 0.00493471 6 
0.00483163 0.0050061 6 
0.00482448 0.00488646 6 
0.00482139 0.00535231 6 
0.00481269 0.00487915 6 
0.00480459 0.00507581 6 
0.00480219 0.00487379 6 
0.00479967 0.00482913 6 
0.00479564 0.00495557 6 
0.00478782 0.00553858 6 
0.00478211 0.00495706 6 
0.00477867 0.00509898 6 
0.00476953 0.0051047 6 
0.00476869 0.00478087 6 
0.0047533 0.00483306 6 
0.00474895 0.00490319 6 
0.00474583 0.00504418 6 
0.00474391 0.00506199 6 
0.00474356 0.00484495 6 
0.0047364 0.00495378 6 
0.00472996 0.00475272 6 
0.00472236 0.00475272 6 
0.00471423 0.00483062 6 
0.00471264 0.00477006 6 
0.0047116 0.00480917 6 
0.0047006 0.00487491 6 
0.00469431 0.00488214 6 
0.00469094 0.00489619 6 
0.00468852 0.00518799 6 
0.00468438 0.00486488 6 
0.00468292 0.00471381 6 
0.00468103 0.00487983 6 
0.00467557 0.00468245 6 
0.00466959 0.00489524 6 
0.00466582 0.0051074 6 
0.00466252 0.00482392 6 
0.00465393 0.00491632 6 
0.00465114 0.00474133 6 
0.0046267 0.00509461 6 
0.00461434 0.00547376 6 
0.0045984 0.00460305 6 
0.00459521 0.00484041 6 
0.00459215 0.00482392 6 
0.00458666 0.00515025 6 
0.00458317 0.00471421 6 
0.00457369 0.00471883 6 
0.00457024 0.00495765 6 
0.00456913 0.00465027 6 
0.00456171 0.00460076 6 
0.00455927 0.00487659 6 
0.00455866 0.00492151 6 
0.0045581 0.00492371 6 
0.00455136 0.00472657 6 
0.00454817 0.00513131 6 
0.00454293 0.00484984 6 
0.00453961 0.00467601 6 
0.00453787 0.00472481 6 
0.00453748 0.00480788 6 
0.00453058 0.00458208 6 
0.00452709 0.00469051 6 
0.00452221 0.00475177 6 
0.004519 0.00495557 6 
0.00451079 0.00477212 6 
0.00449741 0.00475613 6 
0.00449452 0.00516041 6 
0.00448502 0.00495557 6 
0.00447998 0.00475278 6 
0.00447519 0.00473459 6 
0.00447498 0.00455712 6 
0.00446514 0.00454583 6 
0.00446176 0.00498221 6 
0.00445976 0.00451703 6 
0.00444158 0.00483733 6 
0.00443848 0.00474232 6 
0.00443211 0.00469758 6 
0.00443072 0.00502039 6 
0.00440915 0.00490178 6 
0.00440817 0.00491244 6 
0.00440722 0.00459463 6 
0.00439805 0.00506199 6 
0.00439423 0.00483306 6 
0.00439419 0.00473603 6 
0.0043904 0.00465027 6 
0.00438594 0.00478602 6 
0.00438118 0.00449911 6 
0.00437495 0.00447074 6 
0.00436884 0.00478975 6 
0.00436501 0.00500526 6 
0.00436411 0.00481636 6 
0.00435907 0.00454737 6 
0.00435373 0.00484866 6 
0.00434799 0.00442953 6 
0.00432961 0.0049847 6 
0.00432904 0.00469051 6 
0.00432544 0.00445062 6 
0.00431864 0.00476902 6 
0.00430781 0.00478144 6 
0.00430611 0.00440413 6 
0.00430126 0.00472406 6 
0.00428385 0.00435019 6 
0.00428321 0.00475578 6 
0.0042829 0.00436954 6 
0.00427812 0.00487348 6 
0.00427496 0.00488214 6 
0.00424411 0.00495706 6 
0.00421979 0.00470051 6 
0.0042077 0.00451259 6 
0.00419559 0.00440405 6 
0.00419497 0.00491225 6 
0.0041928 0.00474733 6 
0.00418746 0.00454024 6 
0.00418587 0.00426236 6 
0.00418492 0.00431236 6 
0.00418395 0.00456503 6 
0.00417627 0.00485787 6 
0.00416909 0.00477602 6 
0.00414747 0.00415409 6 
0.00412845 0.00438216 6 
0.00409678 0.0044527 6 
0.00408442 0.00460305 6 
0.00398751 0.00421981 6 
0.00289837 0.00292681 7 
0.00285084 0.0028627 7 
0.00280001 0.00292304 7 
0.00274274 0.00287353 7 
0.00268534 0.00270156 7 
0.00266432 0.00275075 7 
0.00264489 0.00295896 7 
0.00264135 0.00269822 7 
0.00261993 0.00288105 7 
0.0026166 0.00264334 7 
0.00260331 0.00266227 7 
0.00259753 0.00281152 7 
0.0025942 0.00263703 7 
0.00258812 0.00313171 7 
0.00257596 0.00262656 7 
0.00257204 0.0025962 7 
0.00254317 0.00278785 7 
0.00254265 0.00258714 7 
0.00250018 0.00254825 7 
0.0024961 0.00260524 7 
0.00249148 0.00254446 7 
0.00248613 0.00252072 7 
0.00247892 0.00252105 7 
0.00247704 0.00252584 7 
0.00247679 0.0026355 7 
0.00247354 0.00252447 7 
0.00247246 0.00261746 7 
0.00246821 0.00250621 7 
0.00246247 0.00253352 7 
0.00245808 0.00279048 7 
0.00245441 0.00254116 7 
0.00244537 0.00246374 7 
0.00244452 0.00265522 7 
0.0024431 0.00248483 7 
0.00243197 0.00245469 7 
0.00242316 0.00261516 7 
0.00242186 0.00246192 7 
0.00242066 0.00249169 7 
0.00241883 0.00255126 7 
0.00240722 0.00258721 7 
0.00240691 0.00263551 7 
0.0024057 0.002595 7 
0.00240483 0.00241289 7 
0.00240351 0.00242833 7 
0.00240255 0.00251151 7 
0.00239046 0.00246927 7 
0.00238917 0.00239923 7 
0.0023851 0.00243069 7 
0.00238295 0.00248062 7 
0.00237582 0.00247767 7 
0.00237576 0.00275243 7 
0.00236873 0.00256182 7 
0.00236495 0.00237973 7 
0.00235675 0.00247718 7 
0.00235166 0.0023605 7 
0.00234606 0.00243117 7 
0.00234346 0.00246702 7 
0.0023433 0.00237021 7 
0.00234176 0.00243399 7 
0.00234139 0.00237021 7 
0.00233473 0.0024225 7 
0.002331 0.00238314 7 
0.00232251 0.002403 7 
0.00232119 0.00241743 7 
0.00231947 0.00273199 7 
0.00231947 0.00237826 7 
0.00231808 0.00234012 7 
0.00231795 0.00236834 7 
0.00231693 0.00235501 7 
0.00231525 0.00256004 7 
0.00231307 0.00248773 7 
0.00231286 0.00246702 7 
0.00230811 0.00256121 7 
0.00230345 0.00246434 7 
0.00230243 0.00254717 7 
0.0023022 0.00241773 7 
0.00229444 0.00237396 7 
0.00229189 0.00230818 7 
0.00227526 0.00231012 7 
0.00227283 0.00244677 7 
0.00227215 0.00262224 7 
0.00226876 0.00237464 7 
0.00226848 0.00236565 7 
0.00226477 0.00232021 7 
0.00226302 0.00247737 7 
0.00226192 0.00230683 7 
0.00225859 0.00251702 7 
0.00225728 0.00240129 7 
0.00225644 0.00240952 7 
0.00225318 0.0022997 7 
0.00225132 0.00237787 7 
0.00225108 0.00246374 7 
0.00224998 0.00227477 7 
0.00224878 0.00243077 7 
0.00224253 0.00249242 7 
0.00223385 0.00245088 7 
0.00223342 0.00245626 7 
0.0022331 0.00243228 7 
0.00222979 0.00238931 7 
0.00222904 0.00241672 7 
0.00222332 0.00230553 7 
0.00221703 0.00223293 7 
0.00221653 0.00251702 7 
0.00221576 0.00234366 7 
0.00220694 0.0024253 7 
0.00219796 0.00220037 7 
0.00219759 0.00226955 7 
0.00219087 0.00236839 7 
0.0021907 0.00254073 7 
0.00218992 0.0024253 7 
0.00218794 0.00239129 7 
0.00218446 0.00251598 7 
0.00218058 0.00242539 7 
0.00217657 0.00252072 7 
0.00217249 0.00219128 7 
0.00216937 0.00246927 7 
0.00216775 0.00249006 7 
0.00216462 0.00225556 7 
0.00216292 0.00249424 7 
0.00216291 0.00251037 7 
0.00215917 0.00237973 7 
0.00215733 0.00242708 7 
0.00215661 0.00246299 7 
0.00214551 0.00228335 7 
0.00214412 0.00237396 7 
0.00213418 0.00223966 7 
0.00212666 0.00231064 7 
0.00212364 0.00245821 7 
0.00211838 0.00246092 7 
0.00211434 0.0021911 7 
0.00211266 0.00235148 7 
0.00210295 0.00222998 7 
0.00209546 0.00243455 7 
0.00209031 0.00214707 7 
0.00208758 0.00238314 7 
0.00208704 0.00239976 7 
0.00205964 0.00214707 7 
0.00204694 0.00213837 7 
0.00203875 0.00217136 7 
0.00201438 0.00228335 7 
0.0019663 0.00211564 7 
0.00148064 0.0015097 8 
0.00144975 0.00148972 8 
0.00139556 0.00143991 8 
0.00139361 0.00153082 8 
0.00139152 0.00140322 8 
0.00137555 0.00153613 8 
0.00136279 0.00146608 8 
0.00136185 0.00164382 8 
0.00135712 0.00137795 8 
0.00135526 0.00135956 8 
0.00135183 0.00149539 8 
0.00133044 0.00138041 8 
0.00131225 0.00132775 8 
0.00130314 0.00134 8 
0.00129837 0.00130683 8 
0.00129502 0.00129651 8 
0.00128778 0.00133301 8 
0.0012827 0.00129974 8 
0.00128268 0.00142017 8 
0.00127978 0.00137631 8 
0.00127878 0.00133571 8 
0.00127307 0.00128597 8 
0.00127168 0.00128571 8 
0.00126997 0.00128126 8 
0.00126958 0.00128232 8 
0.00126932 0.00137388 8 
0.0012627 0.00129499 8 
0.00125752 0.00126208 8 
0.00125272 0.00133594 8 
0.00125199 0.00125381 8 
0.00125155 0.00131134 8 
0.00125111 0.00126923 8 
0.00123865 0.00127915 8 
0.00123832 0.00139739 8 
0.00123766 0.00124013 8 
0.00123564 0.00134493 8 
0.00123458 0.0012599 8 
0.00123441 0.00130609 8 
0.0012326 0.00125099 8 
0.00123255 0.00130206 8 
0.00123255 0.00126748 8 
0.00122835 0.00135291 8 
0.00122807 0.00124645 8 
0.00122646 0.00123452 8 
0.00122327 0.00123431 8 
0.00122323 0.00123032 8 
0.00122177 0.00126368 8 
0.00122158 0.00130991 8 
0.0012201 0.00124112 8 
0.00121646 0.00122148 8 
0.001215 0.00124106 8 
0.00121344 0.00122163 8 
0.0012078 0.00122148 8 
0.00120713 0.00126015 8 
0.00120423 0.0012065 8 
0.00120388 0.0012726 8 
0.001197 0.00126199 8 
0.00119398 0.00120273 8 
0.0011925 0.0012091 8 
0.0011911 0.00128244 8 
0.00119104 0.001223 8 
0.00118904 0.00141978 8 
0.001189 0.0012063 8 
0.00118833 0.00125265 8 
0.00118727 0.00132395 8 
0.00118367 0.00123121 8 
0.0011833 0.00125459 8 
0.00118151 0.00128788 8 
0.00118014 0.00127546 8 
0.00117947 0.00125808 8 
0.00117914 0.00123918 8 
0.00117912 0.00118409 8 
0.00117837 0.00125209 8 
0.00117496 0.00117656 8 
0.00117218 0.00119489 8 
0.00116853 0.00120301 8 
0.00116847 0.00118456 8 
0.00116613 0.00119911 8 
0.00116559 0.00130082 8 
0.00116306 0.00134301 8 
0.00116232 0.00123066 8 
0.00115869 0.00124944 8 
0.00115538 0.00122805 8 
0.00115507 0.00117748 8 
0.0011526 0.00126435 8 
0.00115097 0.00122163 8 
0.00115069 0.00115767 8 
0.00114907 0.00118343 8 
0.00114709 0.00123617 8 
0.00114645 0.00130204 8 
0.00114587 0.00123198 8 
0.00114427 0.00115352 8 
0.00114282 0.00127075 8 
0.00114137 0.00127509 8 
0.00113735 0.00125099 8 
0.00113072 0.0012599 8 
0.00113028 0.00120978 8 
0.00112779 0.00119585 8 
0.001125 0.00121633 8 
0.00112386 0.00113084 8 
0.00112083 0.00114802 8 
0.00111709 0.00116905 8 
0.0011144 0.00121286 8 
0.00111312 0.00111683 8 
0.00111143 0.00126292 8 
0.00111073 0.00127509 8 
0.00110929 0.00123301 8 
0.00110684 0.00123367 8 
0.00110602 0.00129275 8 
0.0011049 0.00123617 8 
0.00110394 0.00129769 8 
0.00110373 0.00123617 8 
0.00110369 0.00126916 8 
0.00110087 0.00130166 8 
0.00109445 0.00115611 8 
0.00109429 0.00126783 8 
0.00109375 0.00123815 8 
0.00109301 0.00119136 8 
0.00109282 0.00120573 8 
0.00109271 0.0011529 8 
0.00109127 0.00109708 8 
0.00109004 0.00125699 8 
0.00108827 0.00109768 8 
0.00108729 0.00126598 8 
0.00108342 0.00119207 8 
0.00108314 0.00123156 8 
0.0010764 0.00114621 8 
0.00107327 0.0010747 8 
0.00107137 0.00123016 8 
0.00107049 0.00117902 8 
0.00106585 0.00123431 8 
0.00106515 0.00122397 8 
0.00105964 0.00106879 8 
0.00105695 0.00124962 8 
0.00104904 0.0010734 8 
0.00103994 0.00108008 8 
0.00101733 0.00114802 8 
0.00101281 0.00107961 8 
0.000982993 0.0010761 8 
0.000739926 0.00079693 9 
0.000738759 0.000763592 9 
0.000737072 0.000750727 9 
0.000728872 0.000810687 9 
0.000723685 0.000863243 9 
0.000710364 0.000797985 9 
0.000705265 0.000711324 9 
0.000697632 0.000700439 9 
0.000694646 0.00070593 9 
0.000687675 0.000696768 9 
0.00067818 0.000728989 9 
0.000670838 0.000671219 9 
0.000669718 0.000674096 9 
0.000668735 0.000679513 9 
0.000666017 0.0007133 9 
0.000665163 0.000724459 9 
0.000660733 0.000662814 9 
0.000659274 0.000699085 9 
0.000658238 0.000665248 9 
0.000652453 0.000667753 9 
0.00065153 0.000690172 9 
0.000651195 0.000676094 9 
0.000650941 0.000715047 9 
0.000650188 0.000669335 9 
0.000644573 0.000665432 9 
0.000643748 0.000649322 9 
0.000641074 0.000681107 9 
0.000640116 0.000691198 9 
0.000639976 0.000648371 9 
0.000637682 0.000648385 9 
0.000636835 0.000640609 9 
0.000634921 0.000649266 9 
0.000633706 0.000638862 9 
0.000632267 0.00064521 9 
0.000631691 0.000653866 9 
0.000631131 0.00063741 9 
0.000629721 0.000691791 9 
0.000624907 0.000647333 9 
0.000623836 0.000626949 9 
0.000622321 0.000641249 9 
0.000621819 0.000661517 9 
0.000621681 0.000623037 9 
0.000621353 0.000662526 9 
0.000620871 0.000669712 9 
0.0006205 0.000625651 9 
0.000619681 0.000729626 9 
0.00061963 0.000620328 9 
0.000618708 0.000625425 9 
0.000618395 0.000652268 9 
0.000616476 0.000665432 9 
0.000614929 0.000665584 9 
0.000614904 0.000626949 9 
0.000614604 0.000674073 9 
0.000614205 0.00061548 9 
0.000612905 0.000672372 9 
0.000612694 0.000615911 9 
0.000610573 0.000641526 9 
0.000609921 0.000631419 9 
0.000609533 0.000614686 9 
0.000608378 0.000665036 9 
0.00060775 0.000615911 9 
0.000606719 0.000633199 9 
0.000605924 0.000612018 9 
0.000605613 0.00061248 9 
0.000604386 0.000650913 9 
0.000603267 0.000629433 9 
0.000602544 0.000632635 9 
0.000601353 0.00069744 9 
0.00060006 0.000642734 9 
0.000599537 0.000613252 9 
0.000599376 0.000603919 9 
0.000599144 0.000605975 9 
0.000596867 0.000625651 9 
0.00059648 0.000597642 9 
0.000596146 0.000635953 9 
0.000595567 0.00063882 9 
0.000592001 0.000652908 9 
0.000591145 0.000614254 9 
0.000588786 0.000609158 9 
0.000587736 0.000640819 9 
0.00058522 0.000623486 9 
0.000584545 0.000632635 9 
0.000583384 0.000626312 9 
0.000583279 0.000616845 9 
0.000581958 0.00059259 9 
0.000581943 0.000653866 9 
0.000580775 0.000646571 9 
0.000580747 0.000660005 9 
0.000579684 0.000642042 9 
0.000579277 0.00066418 9 
0.000578782 0.000585072 9 
0.000578265 0.000651416 9 
0.000573783 0.00058194 9 
0.000573407 0.000614287 9 
0.00057307 0.000670459 9 
0.000571246 0.000629274 9 
0.000570644 0.000593567 9 
0.000568374 0.000611706 9 
0.000565976 0.000660035 9 
0.000565672 0.00068024 9 
0.000565626 0.000638924 9 
0.00056481 0.000664706 9 
0.00056399 0.000631327 9 
0.000563729 0.000596063 9 
0.000561465 0.000662448 9 
0.000560181 0.00059872 9 
0.000559431 0.000564896 9 
0.000559321 0.000638924 9 
0.000557878 0.000577672 9 
0.000557538 0.000626136 9 
0.00055327 0.000636281 9 
0.000550631 0.00060801 9 
0.00054976 0.00062019 9 
0.000548254 0.000651966 9 
0.000547216 0.000642995 9 
0.000546426 0.000649407 9 
0.000546269 0.000620937 9 
0.000543729 0.000654975 9 
0.000542781 0.000620062 9 
0.00053962 0.000543923 9 
0.00053575 0.000554275 9 
0.000521253 0.000585072 9 
0.000513346 0.000554158 9 
0.000496931 0.000553864 9 
