0 0.491159 0 
0 0.497001 0 
0 0.501002 0 
0 0.501577 0 
0 0.501767 0 
0 0.502439 0 
0 0.503372 0 
0 0.503815 0 
0 0.503825 0 
0 0.504017 0 
0 0.504184 0 
0 0.504299 0 
0 0.504403 0 
0 0.504888 0 
0 0.504942 0 
0 0.505125 0 
0 0.505177 0 
0 0.505277 0 
0 0.50536 0 
0 0.505492 0 
0 0.50575 0 
0 0.505924 0 
0 0.505969 0 
0 0.505993 0 
0 0.506129 0 
0 0.506365 0 
0 0.506418 0 
0 0.506463 0 
0 0.506595 0 
0 0.506678 0 
0 0.506717 0 
0 0.506877 0 
0 0.506891 0 
0 0.506921 0 
0 0.507001 0 
0 0.507063 0 
0 0.507119 0 
0 0.507181 0 
0 0.507206 0 
0 0.507286 0 
0 0.507334 0 
0 0.50735 0 
0 0.507452 0 
0 0.507453 0 
0 0.507468 0 
0 0.5075 0 
0 0.507511 0 
0 0.507553 0 
0 0.507578 0 
0 0.507596 0 
0 0.507632 0 
0 0.507649 0 
0 0.507682 0 
0 0.507759 0 
0 0.507782 0 
0 0.507791 0 
0 0.507793 0 
0 0.507906 0 
0 0.507934 0 
0 0.508001 0 
0 0.508009 0 
0 0.508014 0 
0 0.508017 0 
0 0.508021 0 
0 0.508044 0 
0 0.508083 0 
0 0.508087 0 
0 0.50813 0 
0 0.508133 0 
0 0.508143 0 
0 0.508179 0 
0 0.508199 0 
0 0.508207 0 
0 0.50825 0 
0 0.508417 0 
0 0.508482 0 
0 0.508579 0 
0 0.508757 0 
0 0.508774 0 
0 0.508946 0 
0 0.508968 0 
0 0.508972 0 
0 0.509052 0 
0 0.509202 0 
0 0.509236 0 
0 0.509246 0 
0 0.509328 0 
0 0.509348 0 
0 0.509373 0 
0 0.509394 0 
0 0.509438 0 
0 0.509678 0 
0 0.509699 0 
0 0.509739 0 
0 0.509741 0 
0 0.509748 0 
0 0.509976 0 
0 0.509986 0 
0 0.510061 0 
0 0.510081 0 
0 0.510166 0 
0 0.510185 0 
0 0.510189 0 
0 0.510241 0 
0 0.510275 0 
0 0.510368 0 
0 0.510391 0 
0 0.510424 0 
0 0.510427 0 
0 0.510429 0 
0 0.510454 0 
0 0.510628 0 
0 0.510687 0 
0 0.510729 0 
0 0.510866 0 
0 0.511133 0 
0 0.5112 0 
0 0.511331 0 
0 0.511469 0 
0 0.511541 0 
0 0.511756 0 
0 0.511808 0 
0 0.511897 0 
0 0.512128 0 
0 0.512678 0 
0 0.512714 0 
0 0.514153 0 
0 inf 0 
0 0.192235 1 
0 0.194037 1 
0 0.194789 1 
0 0.195409 1 
0 0.196248 1 
0 0.196328 1 
0 0.19718 1 
0 0.197304 1 
0 0.197535 1 
0 0.19754 1 
0 0.197856 1 
0 0.197948 1 
0 0.197957 1 
0 0.198481 1 
0 0.198644 1 
0 0.198671 1 
0 0.198731 1 
0 0.19878 1 
0 0.199065 1 
0 0.199126 1 
0 0.199132 1 
0 0.199275 1 
0 0.199335 1 
0 0.199351 1 
0 0.199375 1 
0 0.199438 1 
0 0.199462 1 
0 0.199512 1 
0 0.199554 1 
0 0.199563 1 
0 0.19968 1 
0 0.199736 1 
0 0.199832 1 
0 0.200145 1 
0 0.200147 1 
0 0.200668 1 
0 0.200764 1 
0 0.200766 1 
0 0.200766 1 
0 0.200857 1 
0 0.200859 1 
0 0.200911 1 
0 0.200999 1 
0 0.201109 1 
0 0.201195 1 
0 0.201198 1 
0 0.201222 1 
0 0.201242 1 
0 0.201257 1 
0 0.201272 1 
0 0.201336 1 
0 0.201379 1 
0 0.201421 1 
0 0.201479 1 
0 0.201514 1 
0 0.201607 1 
0 0.201634 1 
0 0.201668 1 
0 0.201756 1 
0 0.20177 1 
0 0.201805 1 
0 0.201811 1 
0 0.201815 1 
0 0.201836 1 
0 0.201919 1 
0 0.201932 1 
0 0.201943 1 
0 0.201955 1 
0 0.202019 1 
0 0.202035 1 
0 0.202046 1 
0 0.202116 1 
0 0.2022 1 
0 0.202207 1 
0 0.202281 1 
0 0.202293 1 
0 0.202325 1 
0 0.202334 1 
0 0.20237 1 
0 0.202471 1 
0 0.202471 1 
0 0.20249 1 
0 0.202501 1 
0 0.202509 1 
0 0.202558 1 
0 0.202627 1 
0 0.20265 1 
0 0.202909 1 
0 0.202929 1 
0 0.202933 1 
0 0.202975 1 
0 0.202987 1 
0 0.203009 1 
0 0.203173 1 
0 0.203325 1 
0 0.203378 1 
0 0.203391 1 
0 0.203476 1 
0 0.203588 1 
0 0.203602 1 
0 0.203784 1 
0 0.203831 1 
0 0.203846 1 
0 0.203889 1 
0 0.204003 1 
0 0.204096 1 
0 0.204122 1 
0 0.204125 1 
0 0.204289 1 
0 0.204301 1 
0 0.204331 1 
0 0.204363 1 
0 0.204372 1 
0 0.204373 1 
0 0.20439 1 
0 0.204531 1 
0 0.204538 1 
0 0.204542 1 
0 0.204705 1 
0 0.204724 1 
0 0.204781 1 
0 0.204882 1 
0 0.205051 1 
0 0.205327 1 
0 0.205483 1 
0 0.205887 1 
0 0.206861 1 
0 inf 1 
0 0.0803688 2 
0 0.0806241 2 
0 0.0807157 2 
0 0.0817399 2 
0 0.081999 2 
0 0.0820016 2 
0 0.0820136 2 
0 0.0822017 2 
0 0.0822104 2 
0 0.0823167 2 
0 0.0825569 2 
0 0.0826325 2 
0 0.0827664 2 
0 0.0829301 2 
0 0.0833734 2 
0 0.0834148 2 
0 0.0835727 2 
0 0.0836485 2 
0 0.0836565 2 
0 0.0838622 2 
0 0.083891 2 
0 0.083929 2 
0 0.0839623 2 
0 0.0839797 2 
0 0.0840144 2 
0 0.0840254 2 
0 0.0844197 2 
0 0.0844497 2 
0 0.0844833 2 
0 0.0846803 2 
0 0.0847062 2 
0 0.0847792 2 
0 0.0848695 2 
0 0.0848733 2 
0 0.0848859 2 
0 0.0849015 2 
0 0.0849729 2 
0 0.0849919 2 
0 0.0850314 2 
0 0.0851052 2 
0 0.0851719 2 
0 0.0851788 2 
0 0.0853135 2 
0 0.085362 2 
0 0.0854345 2 
0 0.0854493 2 
0 0.0854766 2 
0 0.0856457 2 
0 0.0857098 2 
0 0.0858164 2 
0 0.0858255 2 
0 0.0858392 2 
0 0.0858908 2 
0 0.0859114 2 
0 0.0859962 2 
0 0.0860364 2 
0 0.0860376 2 
0 0.0860608 2 
0 0.0860829 2 
0 0.086103 2 
0 0.0862451 2 
0 0.0862969 2 
0 0.0863353 2 
0 0.0864292 2 
0 0.0864323 2 
0 0.0864357 2 
0 0.0864639 2 
0 0.0864666 2 
0 0.0864812 2 
0 0.0865084 2 
0 0.0865587 2 
0 0.0866584 2 
0 0.0866908 2 
0 0.0867352 2 
0 0.0867469 2 
0 0.0868827 2 
0 0.0869042 2 
0 0.0870221 2 
0 0.0870278 2 
0 0.0871089 2 
0 0.0871205 2 
0 0.0871392 2 
0 0.087159 2 
0 0.0871807 2 
0 0.087227 2 
0 0.0872715 2 
0 0.0872851 2 
0 0.0873173 2 
0 0.0873451 2 
0 0.0874273 2 
0 0.0875015 2 
0 0.0875386 2 
0 0.0875557 2 
0 0.0876647 2 
0 0.0876859 2 
0 0.0877163 2 
0 0.0877206 2 
0 0.0877404 2 
0 0.0877779 2 
0 0.0877961 2 
0 0.0878762 2 
0 0.0878788 2 
0 0.0879016 2 
0 0.0879155 2 
0 0.0879308 2 
0 0.0880088 2 
0 0.0881367 2 
0 0.0882283 2 
0 0.0882698 2 
0 0.0883292 2 
0 0.0884755 2 
0 0.0885634 2 
0 0.0887546 2 
0 0.0888112 2 
0 0.0888277 2 
0 0.0888682 2 
0 0.0890941 2 
0 0.0891965 2 
0 0.0893481 2 
0 0.0895711 2 
0 0.0895915 2 
0 0.0896812 2 
0 0.0897269 2 
0 0.0898331 2 
0 0.0904128 2 
0 0.090879 2 
0 0.0911368 2 
0 inf 2 
0 0.0351169 3 
0 0.0351267 3 
0 0.0355111 3 
0 0.0357878 3 
0 0.0358254 3 
0 0.0358748 3 
0 0.0360187 3 
0 0.0362247 3 
0 0.0364137 3 
0 0.0364484 3 
0 0.0366848 3 
0 0.0367421 3 
0 0.0368564 3 
0 0.0368869 3 
0 0.0371008 3 
0 0.0371108 3 
0 0.0372784 3 
0 0.0373797 3 
0 0.037486 3 
0 0.0375329 3 
0 0.0375444 3 
0 0.0375645 3 
0 0.0375898 3 
0 0.0376106 3 
0 0.0376427 3 
0 0.0377261 3 
0 0.0377429 3 
0 0.0377704 3 
0 0.0377707 3 
0 0.0377851 3 
0 0.037858 3 
0 0.0378631 3 
0 0.0379231 3 
0 0.0379445 3 
0 0.0379515 3 
0 0.037999 3 
0 0.0380025 3 
0 0.0380457 3 
0 0.0381208 3 
0 0.0381821 3 
0 0.0382838 3 
0 0.0382903 3 
0 0.0383179 3 
0 0.0383289 3 
0 0.0383319 3 
0 0.0383629 3 
0 0.0383686 3 
0 0.0384112 3 
0 0.0384779 3 
0 0.0385993 3 
0 0.0387202 3 
0 0.0387204 3 
0 0.0387217 3 
0 0.0387294 3 
0 0.0388145 3 
0 0.0388863 3 
0 0.0389209 3 
0 0.0390173 3 
0 0.0390359 3 
0 0.0392291 3 
0 0.0392448 3 
0 0.0392809 3 
0 0.0393763 3 
0 0.0393985 3 
0 0.0394216 3 
0 0.0394509 3 
0 0.0395064 3 
0 0.0395462 3 
0 0.0395627 3 
0 0.0395628 3 
0 0.0395982 3 
0 0.0396085 3 
0 0.0396125 3 
0 0.0396144 3 
0 0.0396257 3 
0 0.039633 3 
0 0.0396353 3 
0 0.0396381 3 
0 0.0396417 3 
0 0.0396474 3 
0 0.039651 3 
0 0.0396821 3 
0 0.0396995 3 
0 0.0397419 3 
0 0.0397507 3 
0 0.039904 3 
0 0.0399136 3 
0 0.0399543 3 
0 0.0399645 3 
0 0.0400658 3 
0 0.0400658 3 
0 0.0400668 3 
0 0.0401204 3 
0 0.0401689 3 
0 0.0401937 3 
0 0.0402386 3 
0 0.0402546 3 
0 0.0403166 3 
0 0.0403891 3 
0 0.040458 3 
0 0.0404708 3 
0 0.040493 3 
0 0.0405016 3 
0 0.0405115 3 
0 0.0405129 3 
0 0.0405169 3 
0 0.040536 3 
0 0.0406208 3 
0 0.0406541 3 
0 0.0407224 3 
0 0.0407381 3 
0 0.0407507 3 
0 0.0407578 3 
0 0.0408093 3 
0 0.0408144 3 
0 0.0408587 3 
0 0.0408677 3 
0 0.0408982 3 
0 0.0410027 3 
0 0.0411126 3 
0 0.0412855 3 
0 0.041894 3 
0 0.0420694 3 
0 0.0422906 3 
0 0.0423125 3 
0 0.0424934 3 
0 0.0432172 3 
0 inf 3 
0 0.0159296 4 
0 0.0161593 4 
0 0.0161637 4 
0 0.0162686 4 
0 0.0163215 4 
0 0.0165376 4 
0 0.0165957 4 
0 0.0166693 4 
0 0.0168031 4 
0 0.0168697 4 
0 0.0168878 4 
0 0.0170562 4 
0 0.0172535 4 
0 0.0172684 4 
0 0.0172834 4 
0 0.01736 4 
0 0.0174053 4 
0 0.0174736 4 
0 0.0174741 4 
0 0.0174809 4 
0 0.0174946 4 
0 0.0175091 4 
0 0.0175272 4 
0 0.0175563 4 
0 0.0175624 4 
0 0.0175636 4 
0 0.0176225 4 
0 0.0176581 4 
0 0.0176646 4 
0 0.0176852 4 
0 0.0176888 4 
0 0.0177173 4 
0 0.017742 4 
0 0.0178634 4 
0 0.0178694 4 
0 0.0178786 4 
0 0.0178965 4 
0 0.0179251 4 
0 0.0179556 4 
0 0.0179722 4 
0 0.0179731 4 
0 0.017981 4 
0 0.0180016 4 
0 0.0180318 4 
0 0.0180507 4 
0 0.0180525 4 
0 0.0180752 4 
0 0.0180799 4 
0 0.0180917 4 
0 0.0181057 4 
0 0.0181063 4 
0 0.0181337 4 
0 0.0182064 4 
0 0.0183712 4 
0 0.0184664 4 
0 0.0184769 4 
0 0.0184778 4 
0 0.018489 4 
0 0.0184924 4 
0 0.0185176 4 
0 0.0185289 4 
0 0.0185361 4 
0 0.0185393 4 
0 0.0185719 4 
0 0.0187155 4 
0 0.0187478 4 
0 0.0187691 4 
0 0.0187824 4 
0 0.0187844 4 
0 0.0188441 4 
0 0.0188756 4 
0 0.0188775 4 
0 0.0188788 4 
0 0.0189057 4 
0 0.0189132 4 
0 0.0189142 4 
0 0.0189201 4 
0 0.0189252 4 
0 0.0189783 4 
0 0.0189973 4 
0 0.0190036 4 
0 0.0190095 4 
0 0.0190343 4 
0 0.0190504 4 
0 0.0190909 4 
0 0.0191666 4 
0 0.0191821 4 
0 0.0191879 4 
0 0.0191896 4 
0 0.0192118 4 
0 0.0192299 4 
0 0.0192404 4 
0 0.0192787 4 
0 0.0193091 4 
0 0.0193102 4 
0 0.0193202 4 
0 0.0193204 4 
0 0.019344 4 
0 0.0193462 4 
0 0.0193566 4 
0 0.019359 4 
0 0.0193692 4 
0 0.0193986 4 
0 0.0194253 4 
0 0.0194291 4 
0 0.0194463 4 
0 0.0194539 4 
0 0.019495 4 
0 0.019599 4 
0 0.0196026 4 
0 0.0196196 4 
0 0.0196308 4 
0 0.0196377 4 
0 0.0196418 4 
0 0.0197063 4 
0 0.0197508 4 
0 0.0197857 4 
0 0.0197915 4 
0 0.0198435 4 
0 0.0199154 4 
0 0.0199652 4 
0 0.0201066 4 
0 0.0205443 4 
0 0.0205532 4 
0 0.0206764 4 
0 0.0207008 4 
0 0.0211027 4 
0 inf 4 
0 0.00738256 5 
0 0.00762434 5 
0 0.00769016 5 
0 0.00776363 5 
0 0.00780824 5 
0 0.00781216 5 
0 0.0078127 5 
0 0.00786879 5 
0 0.00815672 5 
0 0.0081623 5 
0 0.00821828 5 
0 0.00822326 5 
0 0.00824237 5 
0 0.0082551 5 
0 0.00825755 5 
0 0.00831014 5 
0 0.00835316 5 
0 0.00837545 5 
0 0.00839234 5 
0 0.0084147 5 
0 0.00842249 5 
0 0.00844244 5 
0 0.00844696 5 
0 0.00847771 5 
0 0.00847788 5 
0 0.00848158 5 
0 0.00853185 5 
0 0.00854348 5 
0 0.00856555 5 
0 0.00858087 5 
0 0.0086011 5 
0 0.00860162 5 
0 0.00861523 5 
0 0.00863349 5 
0 0.00863825 5 
0 0.0086483 5 
0 0.00867365 5 
0 0.00867927 5 
0 0.00868548 5 
0 0.00869928 5 
0 0.00872424 5 
0 0.00874001 5 
0 0.00876308 5 
0 0.00882867 5 
0 0.00883187 5 
0 0.00883756 5 
0 0.00885981 5 
0 0.00887578 5 
0 0.00888488 5 
0 0.00888731 5 
0 0.0088887 5 
0 0.00889432 5 
0 0.00889998 5 
0 0.00894537 5 
0 0.00894875 5 
0 0.00896734 5 
0 0.00897513 5 
0 0.00901503 5 
0 0.00904152 5 
0 0.0090616 5 
0 0.00907892 5 
0 0.00910753 5 
0 0.00914884 5 
0 0.00916805 5 
0 0.00918343 5 
0 0.0092056 5 
0 0.00921211 5 
0 0.00923662 5 
0 0.0092541 5 
0 0.00925557 5 
0 0.00926416 5 
0 0.00926954 5 
0 0.00930176 5 
0 0.00932277 5 
0 0.00933041 5 
0 0.00934431 5 
0 0.00935249 5 
0 0.00936163 5 
0 0.00936662 5 
0 0.00937071 5 
0 0.0093715 5 
0 0.00938758 5 
0 0.00940083 5 
0 0.0094024 5 
0 0.00941764 5 
0 0.0094724 5 
0 0.00947937 5 
0 0.00949226 5 
0 0.0095069 5 
0 0.00950764 5 
0 0.0095224 5 
0 0.00952562 5 
0 0.00953517 5 
0 0.00953754 5 
0 0.00953791 5 
0 0.00953881 5 
0 0.00954672 5 
0 0.00954796 5 
0 0.00955182 5 
0 0.00955196 5 
0 0.00955679 5 
0 0.00956257 5 
0 0.00956575 5 
0 0.00957103 5 
0 0.00957725 5 
0 0.00957985 5 
0 0.0095973 5 
0 0.00961905 5 
0 0.00964551 5 
0 0.00972675 5 
0 0.00973964 5 
0 0.00981119 5 
0 0.00989175 5 
0 0.00990802 5 
0 0.00993862 5 
0 0.00994759 5 
0 0.00995356 5 
0 0.00997214 5 
0 0.00998729 5 
0 0.00999798 5 
0 0.010003 5 
0 0.0100137 5 
0 0.0101531 5 
0 0.0103542 5 
0 0.0104223 5 
0 0.0104272 5 
0 0.0105312 5 
0 inf 5 
0 0.00352345 6 
0 0.0036747 6 
0 0.00372479 6 
0 0.00376743 6 
0 0.00377854 6 
0 0.00385437 6 
0 0.00386594 6 
0 0.00392914 6 
0 0.00394526 6 
0 0.00399258 6 
0 0.00401262 6 
0 0.00408031 6 
0 0.00411379 6 
0 0.00411941 6 
0 0.00412072 6 
0 0.00412636 6 
0 0.00413082 6 
0 0.00413652 6 
0 0.00415073 6 
0 0.0041526 6 
0 0.00415697 6 
0 0.00416595 6 
0 0.00416972 6 
0 0.00417552 6 
0 0.00418741 6 
0 0.00419432 6 
0 0.00420217 6 
0 0.00422921 6 
0 0.0042324 6 
0 0.00424603 6 
0 0.00425243 6 
0 0.00426708 6 
0 0.00426767 6 
0 0.00429883 6 
0 0.00430796 6 
0 0.00431702 6 
0 0.00432128 6 
0 0.00432971 6 
0 0.00433978 6 
0 0.00435321 6 
0 0.00435696 6 
0 0.0043778 6 
0 0.00438217 6 
0 0.00438873 6 
0 0.0044076 6 
0 0.00441217 6 
0 0.0044411 6 
0 0.00444251 6 
0 0.00444894 6 
0 0.00445885 6 
0 0.00446343 6 
0 0.00448505 6 
0 0.00449109 6 
0 0.0044975 6 
0 0.0045142 6 
0 0.00453669 6 
0 0.00454799 6 
0 0.0045516 6 
0 0.00455366 6 
0 0.004556 6 
0 0.00456461 6 
0 0.00457401 6 
0 0.0045946 6 
0 0.00460111 6 
0 0.00461523 6 
0 0.0046182 6 
0 0.00462753 6 
0 0.00462905 6 
0 0.0046474 6 
0 0.00466147 6 
0 0.00466299 6 
0 0.00466909 6 
0 0.00466924 6 
0 0.00469891 6 
0 0.00470068 6 
0 0.00470218 6 
0 0.00473617 6 
0 0.00473708 6 
0 0.00474343 6 
0 0.00474885 6 
0 0.00474942 6 
0 0.00475163 6 
0 0.00475643 6 
0 0.00475821 6 
0 0.00476411 6 
0 0.00477393 6 
0 0.00478224 6 
0 0.00478424 6 
0 0.00478996 6 
0 0.00479016 6 
0 0.00479067 6 
0 0.00479122 6 
0 0.00480203 6 
0 0.00480255 6 
0 0.00481532 6 
0 0.00481988 6 
0 0.00482398 6 
0 0.00482499 6 
0 0.00483405 6 
0 0.00483664 6 
0 0.00483695 6 
0 0.00483943 6 
0 0.00484167 6 
0 0.00485912 6 
0 0.00486472 6 
0 0.00487859 6 
0 0.0048791 6 
0 0.00488038 6 
0 0.00489602 6 
0 0.00496773 6 
0 0.00500638 6 
0 0.00501958 6 
0 0.00502047 6 
0 0.00502188 6 
0 0.00504697 6 
0 0.00507831 6 
0 0.0050984 6 
0 0.00512169 6 
0 0.00513581 6 
0 0.00517723 6 
0 0.0051791 6 
0 0.00521238 6 
0 0.00521306 6 
0 0.00531974 6 
0 0.00533325 6 
0 0.00533502 6 
0 0.00534843 6 
0 inf 6 
0 0.0017274 7 
0 0.00181454 7 
0 0.00184686 7 
0 0.00186248 7 
0 0.0018688 7 
0 0.00193343 7 
0 0.00194632 7 
0 0.00196976 7 
0 0.00198327 7 
0 0.00200396 7 
0 0.00203947 7 
0 0.00204218 7 
0 0.00205572 7 
0 0.00205764 7 
0 0.00206335 7 
0 0.00206684 7 
0 0.00208071 7 
0 0.00209445 7 
0 0.00209661 7 
0 0.00210206 7 
0 0.00210461 7 
0 0.00210679 7 
0 0.00211631 7 
0 0.00212688 7 
0 0.0021318 7 
0 0.00213955 7 
0 0.0021404 7 
0 0.00214404 7 
0 0.00215228 7 
0 0.00215814 7 
0 0.00215838 7 
0 0.00217423 7 
0 0.00217509 7 
0 0.00217778 7 
0 0.00217802 7 
0 0.00218947 7 
0 0.00219404 7 
0 0.00219517 7 
0 0.00219578 7 
0 0.0022071 7 
0 0.00221361 7 
0 0.00224087 7 
0 0.00224916 7 
0 0.00224931 7 
0 0.00225579 7 
0 0.00227097 7 
0 0.00227154 7 
0 0.00227585 7 
0 0.00227624 7 
0 0.00227776 7 
0 0.00227829 7 
0 0.00229309 7 
0 0.00229513 7 
0 0.00229691 7 
0 0.00230117 7 
0 0.0023021 7 
0 0.00230275 7 
0 0.00231155 7 
0 0.00232208 7 
0 0.00233601 7 
0 0.00233745 7 
0 0.00233987 7 
0 0.00234698 7 
0 0.00235959 7 
0 0.00236379 7 
0 0.00236387 7 
0 0.00237351 7 
0 0.00237753 7 
0 0.00238105 7 
0 0.00238574 7 
0 0.0023928 7 
0 0.00239357 7 
0 0.00239864 7 
0 0.00239981 7 
0 0.00240312 7 
0 0.00242875 7 
0 0.00243196 7 
0 0.00244313 7 
0 0.00244637 7 
0 0.00244836 7 
0 0.00244921 7 
0 0.0024493 7 
0 0.00245072 7 
0 0.00245076 7 
0 0.00245094 7 
0 0.00245159 7 
0 0.00245763 7 
0 0.00245807 7 
0 0.00246043 7 
0 0.00246135 7 
0 0.00246265 7 
0 0.00246309 7 
0 0.0024652 7 
0 0.00247075 7 
0 0.00247735 7 
0 0.00248029 7 
0 0.00248039 7 
0 0.00248176 7 
0 0.00248203 7 
0 0.00248687 7 
0 0.00248775 7 
0 0.00249273 7 
0 0.00250424 7 
0 0.00250425 7 
0 0.00250701 7 
0 0.00250852 7 
0 0.00251373 7 
0 0.00252346 7 
0 0.00253887 7 
0 0.00255349 7 
0 0.00257741 7 
0 0.0025895 7 
0 0.00259255 7 
0 0.00259495 7 
0 0.00261238 7 
0 0.00261283 7 
0 0.00262457 7 
0 0.00262559 7 
0 0.00265728 7 
0 0.00269242 7 
0 0.0027011 7 
0 0.00273339 7 
0 0.00273727 7 
0 0.00275762 7 
0 0.0027658 7 
0 0.00276974 7 
0 0.00279421 7 
0 inf 7 
0 0.000867673 8 
0 0.000915053 8 
0 0.00093457 8 
0 0.000940671 8 
0 0.000941509 8 
0 0.000976461 8 
0 0.000988303 8 
0 0.000988932 8 
0 0.00102071 8 
0 0.00102517 8 
0 0.00103309 8 
0 0.0010377 8 
0 0.00104278 8 
0 0.0010429 8 
0 0.00105373 8 
0 0.00107049 8 
0 0.00108124 8 
0 0.00108143 8 
0 0.00108395 8 
0 0.00108411 8 
0 0.00108514 8 
0 0.00108543 8 
0 0.00108779 8 
0 0.0010892 8 
0 0.00109057 8 
0 0.00109826 8 
0 0.00110178 8 
0 0.00110217 8 
0 0.00110718 8 
0 0.00111559 8 
0 0.00111701 8 
0 0.00111714 8 
0 0.0011221 8 
0 0.00113177 8 
0 0.00113542 8 
0 0.00113626 8 
0 0.00113847 8 
0 0.0011402 8 
0 0.00114143 8 
0 0.00115314 8 
0 0.00115806 8 
0 0.00115952 8 
0 0.00116176 8 
0 0.00116614 8 
0 0.001167 8 
0 0.00116933 8 
0 0.00117592 8 
0 0.00117801 8 
0 0.00117965 8 
0 0.00118331 8 
0 0.00118338 8 
0 0.0011843 8 
0 0.00118491 8 
0 0.00118964 8 
0 0.00119381 8 
0 0.00119524 8 
0 0.00119613 8 
0 0.00120069 8 
0 0.0012042 8 
0 0.00120865 8 
0 0.00121898 8 
0 0.00122271 8 
0 0.00122533 8 
0 0.00122544 8 
0 0.00122599 8 
0 0.001226 8 
0 0.00122924 8 
0 0.00123153 8 
0 0.00123421 8 
0 0.00123639 8 
0 0.00123724 8 
0 0.00123726 8 
0 0.00124542 8 
0 0.00124742 8 
0 0.00125311 8 
0 0.00125989 8 
0 0.00126043 8 
0 0.00126513 8 
0 0.00126792 8 
0 0.00126947 8 
0 0.00126974 8 
0 0.00127035 8 
0 0.00127148 8 
0 0.00127255 8 
0 0.00127831 8 
0 0.00127882 8 
0 0.00128269 8 
0 0.00128278 8 
0 0.00128533 8 
0 0.00128594 8 
0 0.00128851 8 
0 0.00128951 8 
0 0.00129024 8 
0 0.00129036 8 
0 0.00129085 8 
0 0.00129186 8 
0 0.001294 8 
0 0.00129535 8 
0 0.00130294 8 
0 0.00130336 8 
0 0.00130696 8 
0 0.00130925 8 
0 0.00131113 8 
0 0.0013183 8 
0 0.00132051 8 
0 0.00132069 8 
0 0.00132562 8 
0 0.00132825 8 
0 0.00133225 8 
0 0.00133249 8 
0 0.00133448 8 
0 0.00134482 8 
0 0.00134553 8 
0 0.00135985 8 
0 0.00137312 8 
0 0.00137388 8 
0 0.00139148 8 
0 0.00139564 8 
0 0.00139748 8 
0 0.00141328 8 
0 0.00141706 8 
0 0.00141726 8 
0 0.00142625 8 
0 0.00142776 8 
0 0.00143789 8 
0 0.00146162 8 
0 0.00146827 8 
0 inf 8 
0 0.000445249 9 
0 0.000469901 9 
0 0.000481511 9 
0 0.00048168 9 
0 0.000483774 9 
0 0.000497061 9 
0 0.000502967 9 
0 0.000513948 9 
0 0.000521903 9 
0 0.000522375 9 
0 0.000528972 9 
0 0.00053266 9 
0 0.000536147 9 
0 0.000548228 9 
0 0.00054972 9 
0 0.000557957 9 
0 0.000558309 9 
0 0.000559669 9 
0 0.000563078 9 
0 0.00056326 9 
0 0.000564527 9 
0 0.000566807 9 
0 0.000568075 9 
0 0.000570361 9 
0 0.000571063 9 
0 0.00057302 9 
0 0.000576046 9 
0 0.000578285 9 
0 0.00058228 9 
0 0.000586303 9 
0 0.00058667 9 
0 0.000586764 9 
0 0.0005897 9 
0 0.000590036 9 
0 0.000591464 9 
0 0.000592541 9 
0 0.000596132 9 
0 0.000598733 9 
0 0.000599916 9 
0 0.000604433 9 
0 0.000604927 9 
0 0.000607909 9 
0 0.000608145 9 
0 0.000612914 9 
0 0.000614347 9 
0 0.000614408 9 
0 0.000615708 9 
0 0.000616508 9 
0 0.000620905 9 
0 0.00062361 9 
0 0.000623684 9 
0 0.000624003 9 
0 0.000624152 9 
0 0.000628681 9 
0 0.000630449 9 
0 0.000631697 9 
0 0.000632027 9 
0 0.000632291 9 
0 0.000634907 9 
0 0.000637419 9 
0 0.000639265 9 
0 0.000641284 9 
0 0.000642455 9 
0 0.000643162 9 
0 0.000643722 9 
0 0.000643965 9 
0 0.000647395 9 
0 0.00064838 9 
0 0.000648829 9 
0 0.000651491 9 
0 0.000653083 9 
0 0.000653984 9 
0 0.000655533 9 
0 0.000655584 9 
0 0.000657135 9 
0 0.000661703 9 
0 0.000662558 9 
0 0.000662792 9 
0 0.000663103 9 
0 0.00066353 9 
0 0.00066432 9 
0 0.000664598 9 
0 0.000665759 9 
0 0.000665911 9 
0 0.000666541 9 
0 0.000668772 9 
0 0.000669233 9 
0 0.000670291 9 
0 0.000670901 9 
0 0.000672012 9 
0 0.000680401 9 
0 0.000681699 9 
0 0.00068387 9 
0 0.000683934 9 
0 0.000684013 9 
0 0.0006845 9 
0 0.000687844 9 
0 0.000688479 9 
0 0.000689397 9 
0 0.000690251 9 
0 0.000690884 9 
0 0.000692485 9 
0 0.000693438 9 
0 0.000694189 9 
0 0.000695266 9 
0 0.000697172 9 
0 0.000704206 9 
0 0.000707412 9 
0 0.000712103 9 
0 0.000715627 9 
0 0.000716514 9 
0 0.000720782 9 
0 0.000724761 9 
0 0.000727812 9 
0 0.000729153 9 
0 0.00072922 9 
0 0.000731686 9 
0 0.000736156 9 
0 0.000736429 9 
0 0.000737782 9 
0 0.000750638 9 
0 0.000751015 9 
0 0.000752095 9 
0 0.000754543 9 
0 0.000777745 9 
0 0.00078327 9 
0 0.000795948 9 
0 inf 9 
