0 0.499875 0 
0 0.500753 0 
0 0.500899 0 
0 0.501053 0 
0 0.50141 0 
0 0.502034 0 
0 0.502135 0 
0 0.502778 0 
0 0.50278 0 
0 0.503257 0 
0 0.503467 0 
0 0.5035 0 
0 0.503679 0 
0 0.504156 0 
0 0.504183 0 
0 0.504552 0 
0 0.504668 0 
0 0.504691 0 
0 0.504912 0 
0 0.50506 0 
0 0.505062 0 
0 0.505413 0 
0 0.505795 0 
0 0.505848 0 
0 0.505911 0 
0 0.506126 0 
0 0.506221 0 
0 0.5064 0 
0 0.5064 0 
0 0.506462 0 
0 0.506508 0 
0 0.506744 0 
0 0.507122 0 
0 0.507135 0 
0 0.507211 0 
0 0.507354 0 
0 0.507403 0 
0 0.507431 0 
0 0.507596 0 
0 0.507723 0 
0 0.50776 0 
0 0.50779 0 
0 0.50787 0 
0 0.507894 0 
0 0.507946 0 
0 0.508158 0 
0 0.50827 0 
0 0.508331 0 
0 0.50847 0 
0 0.508535 0 
0 0.508562 0 
0 0.508606 0 
0 0.508612 0 
0 0.508661 0 
0 0.508693 0 
0 0.508741 0 
0 0.508839 0 
0 0.508893 0 
0 0.508919 0 
0 0.508936 0 
0 0.508996 0 
0 0.509003 0 
0 0.50901 0 
0 0.509016 0 
0 0.509061 0 
0 0.50907 0 
0 0.509095 0 
0 0.509128 0 
0 0.509179 0 
0 0.50918 0 
0 0.509217 0 
0 0.509339 0 
0 0.50935 0 
0 0.509394 0 
0 0.509396 0 
0 0.50947 0 
0 0.509587 0 
0 0.509646 0 
0 0.509659 0 
0 0.509697 0 
0 0.509734 0 
0 0.509736 0 
0 0.509976 0 
0 0.510033 0 
0 0.51018 0 
0 0.510206 0 
0 0.510223 0 
0 0.510234 0 
0 0.510342 0 
0 0.510382 0 
0 0.510437 0 
0 0.510448 0 
0 0.510497 0 
0 0.510551 0 
0 0.510639 0 
0 0.510646 0 
0 0.510673 0 
0 0.510713 0 
0 0.510765 0 
0 0.510887 0 
0 0.511046 0 
0 0.511094 0 
0 0.511208 0 
0 0.511298 0 
0 0.511341 0 
0 0.511366 0 
0 0.511446 0 
0 0.51146 0 
0 0.511464 0 
0 0.511619 0 
0 0.511724 0 
0 0.511743 0 
0 0.511755 0 
0 0.511772 0 
0 0.511905 0 
0 0.512096 0 
0 0.512174 0 
0 0.512239 0 
0 0.512276 0 
0 0.512338 0 
0 0.512366 0 
0 0.512706 0 
0 0.512723 0 
0 0.513025 0 
0 0.513127 0 
0 0.513247 0 
0 0.513586 0 
0 inf 0 
0 0.193464 1 
0 0.194704 1 
0 0.196585 1 
0 0.196607 1 
0 0.197037 1 
0 0.19735 1 
0 0.198111 1 
0 0.1982 1 
0 0.198294 1 
0 0.198392 1 
0 0.198705 1 
0 0.198937 1 
0 0.199059 1 
0 0.199195 1 
0 0.199307 1 
0 0.199475 1 
0 0.199641 1 
0 0.199748 1 
0 0.199793 1 
0 0.199794 1 
0 0.199828 1 
0 0.199889 1 
0 0.199986 1 
0 0.20004 1 
0 0.200287 1 
0 0.200449 1 
0 0.20045 1 
0 0.200541 1 
0 0.200663 1 
0 0.200893 1 
0 0.201092 1 
0 0.201183 1 
0 0.201185 1 
0 0.201253 1 
0 0.201404 1 
0 0.201429 1 
0 0.201478 1 
0 0.201479 1 
0 0.201565 1 
0 0.201568 1 
0 0.201594 1 
0 0.2016 1 
0 0.201616 1 
0 0.201644 1 
0 0.201825 1 
0 0.201833 1 
0 0.201871 1 
0 0.201879 1 
0 0.201911 1 
0 0.201932 1 
0 0.201948 1 
0 0.201961 1 
0 0.202087 1 
0 0.202191 1 
0 0.202201 1 
0 0.202221 1 
0 0.202232 1 
0 0.202256 1 
0 0.202277 1 
0 0.202319 1 
0 0.202321 1 
0 0.202473 1 
0 0.202475 1 
0 0.202573 1 
0 0.202577 1 
0 0.202578 1 
0 0.202597 1 
0 0.202645 1 
0 0.20266 1 
0 0.202674 1 
0 0.202676 1 
0 0.202687 1 
0 0.202692 1 
0 0.202694 1 
0 0.2027 1 
0 0.202751 1 
0 0.202756 1 
0 0.202795 1 
0 0.202894 1 
0 0.202996 1 
0 0.203001 1 
0 0.203061 1 
0 0.203106 1 
0 0.203184 1 
0 0.203203 1 
0 0.203206 1 
0 0.203207 1 
0 0.203208 1 
0 0.203435 1 
0 0.203458 1 
0 0.203497 1 
0 0.203507 1 
0 0.203527 1 
0 0.203542 1 
0 0.203545 1 
0 0.203557 1 
0 0.203578 1 
0 0.203592 1 
0 0.203684 1 
0 0.203759 1 
0 0.203789 1 
0 0.203801 1 
0 0.203913 1 
0 0.203947 1 
0 0.203978 1 
0 0.204038 1 
0 0.204149 1 
0 0.204182 1 
0 0.204232 1 
0 0.204241 1 
0 0.204275 1 
0 0.204305 1 
0 0.204417 1 
0 0.204436 1 
0 0.204884 1 
0 0.20496 1 
0 0.205028 1 
0 0.205235 1 
0 0.205332 1 
0 0.205348 1 
0 0.205368 1 
0 0.205464 1 
0 0.205539 1 
0 0.205625 1 
0 0.205835 1 
0 0.206024 1 
0 0.206068 1 
0 inf 1 
0 0.0801395 2 
0 0.0806552 2 
0 0.0812604 2 
0 0.0814559 2 
0 0.0828536 2 
0 0.0830153 2 
0 0.0830587 2 
0 0.0830801 2 
0 0.0832554 2 
0 0.0832945 2 
0 0.0833782 2 
0 0.0834585 2 
0 0.0835007 2 
0 0.0835887 2 
0 0.0836273 2 
0 0.0837121 2 
0 0.0837845 2 
0 0.0839297 2 
0 0.0839908 2 
0 0.0842479 2 
0 0.0842855 2 
0 0.0848871 2 
0 0.0849752 2 
0 0.0849771 2 
0 0.085115 2 
0 0.0851573 2 
0 0.0851602 2 
0 0.0851879 2 
0 0.0851998 2 
0 0.0852234 2 
0 0.085318 2 
0 0.0853251 2 
0 0.0854061 2 
0 0.085502 2 
0 0.0855144 2 
0 0.0855331 2 
0 0.0855524 2 
0 0.0855853 2 
0 0.085597 2 
0 0.0856124 2 
0 0.0856667 2 
0 0.085704 2 
0 0.0857085 2 
0 0.0857336 2 
0 0.0857867 2 
0 0.0858129 2 
0 0.0858169 2 
0 0.0858566 2 
0 0.085933 2 
0 0.0859558 2 
0 0.0859716 2 
0 0.0859721 2 
0 0.0860076 2 
0 0.0860122 2 
0 0.0860173 2 
0 0.0861496 2 
0 0.0861525 2 
0 0.0862304 2 
0 0.0862403 2 
0 0.0862711 2 
0 0.0863772 2 
0 0.0864297 2 
0 0.0864928 2 
0 0.0865021 2 
0 0.0865155 2 
0 0.0866057 2 
0 0.0866211 2 
0 0.0866816 2 
0 0.0867126 2 
0 0.086753 2 
0 0.0867804 2 
0 0.0867832 2 
0 0.0868853 2 
0 0.0868936 2 
0 0.0869269 2 
0 0.0870072 2 
0 0.0870451 2 
0 0.0870901 2 
0 0.0870958 2 
0 0.0871585 2 
0 0.0871591 2 
0 0.0871698 2 
0 0.0871767 2 
0 0.0872014 2 
0 0.087206 2 
0 0.0872121 2 
0 0.0872218 2 
0 0.0873262 2 
0 0.0873458 2 
0 0.0874208 2 
0 0.0875172 2 
0 0.0875538 2 
0 0.0875643 2 
0 0.0875945 2 
0 0.087664 2 
0 0.0876746 2 
0 0.0877634 2 
0 0.0877687 2 
0 0.0878195 2 
0 0.0881321 2 
0 0.08819 2 
0 0.0881957 2 
0 0.088368 2 
0 0.0884428 2 
0 0.0885032 2 
0 0.0885474 2 
0 0.0886296 2 
0 0.0886467 2 
0 0.0886538 2 
0 0.0887454 2 
0 0.088756 2 
0 0.0890394 2 
0 0.0890474 2 
0 0.0890885 2 
0 0.0891814 2 
0 0.0892347 2 
0 0.0896188 2 
0 0.0897602 2 
0 0.0899 2 
0 0.0899019 2 
0 0.0900592 2 
0 0.0903205 2 
0 0.090341 2 
0 0.0903951 2 
0 0.091005 2 
0 0.0918278 2 
0 0.0932725 2 
0 inf 2 
0 0.0343449 3 
0 0.0356917 3 
0 0.0358023 3 
0 0.0362383 3 
0 0.0364904 3 
0 0.0364925 3 
0 0.0364957 3 
0 0.0364971 3 
0 0.0366697 3 
0 0.0368864 3 
0 0.0369005 3 
0 0.0370676 3 
0 0.0371868 3 
0 0.0372367 3 
0 0.0373851 3 
0 0.0373918 3 
0 0.0374497 3 
0 0.03746 3 
0 0.0375488 3 
0 0.0377862 3 
0 0.0377884 3 
0 0.0378245 3 
0 0.0379426 3 
0 0.0380246 3 
0 0.0380794 3 
0 0.0382018 3 
0 0.0382104 3 
0 0.0382303 3 
0 0.0382443 3 
0 0.0383027 3 
0 0.0383082 3 
0 0.0383271 3 
0 0.0383317 3 
0 0.0383708 3 
0 0.0383784 3 
0 0.0383923 3 
0 0.0383953 3 
0 0.0384662 3 
0 0.0384872 3 
0 0.0384913 3 
0 0.0385157 3 
0 0.038534 3 
0 0.0385423 3 
0 0.0385713 3 
0 0.0386111 3 
0 0.0386276 3 
0 0.0386649 3 
0 0.0386911 3 
0 0.0387526 3 
0 0.0387791 3 
0 0.0388121 3 
0 0.0388133 3 
0 0.0388542 3 
0 0.0388817 3 
0 0.0389062 3 
0 0.0389187 3 
0 0.0389278 3 
0 0.0389521 3 
0 0.039028 3 
0 0.0390305 3 
0 0.0390596 3 
0 0.0390714 3 
0 0.0390848 3 
0 0.0391066 3 
0 0.0391182 3 
0 0.0391215 3 
0 0.0391508 3 
0 0.0391656 3 
0 0.0392045 3 
0 0.0392274 3 
0 0.0392381 3 
0 0.0392414 3 
0 0.0392811 3 
0 0.0392926 3 
0 0.0393841 3 
0 0.0394174 3 
0 0.0394482 3 
0 0.0394727 3 
0 0.0395236 3 
0 0.0395366 3 
0 0.0395426 3 
0 0.0395451 3 
0 0.03957 3 
0 0.0395815 3 
0 0.0396568 3 
0 0.0397115 3 
0 0.0397261 3 
0 0.0397782 3 
0 0.0398154 3 
0 0.0399001 3 
0 0.0399523 3 
0 0.0400132 3 
0 0.040048 3 
0 0.0400528 3 
0 0.0400553 3 
0 0.0400728 3 
0 0.0401183 3 
0 0.0401198 3 
0 0.0402487 3 
0 0.0403052 3 
0 0.0403378 3 
0 0.0403596 3 
0 0.0406064 3 
0 0.0406536 3 
0 0.0406692 3 
0 0.0406994 3 
0 0.0407035 3 
0 0.0407339 3 
0 0.0407831 3 
0 0.0408192 3 
0 0.0408448 3 
0 0.0408815 3 
0 0.0409276 3 
0 0.0410696 3 
0 0.0410861 3 
0 0.0414571 3 
0 0.0415562 3 
0 0.041626 3 
0 0.0417369 3 
0 0.0417968 3 
0 0.0418533 3 
0 0.0418875 3 
0 0.0426664 3 
0 0.0429307 3 
0 0.0437168 3 
0 0.0443562 3 
0 0.0446379 3 
0 inf 3 
0 0.0153665 4 
0 0.0163985 4 
0 0.0166121 4 
0 0.016631 4 
0 0.016671 4 
0 0.0166986 4 
0 0.0168602 4 
0 0.0169339 4 
0 0.0170569 4 
0 0.0171215 4 
0 0.0171277 4 
0 0.0171463 4 
0 0.017246 4 
0 0.017285 4 
0 0.0173007 4 
0 0.0173965 4 
0 0.0174089 4 
0 0.0174498 4 
0 0.017522 4 
0 0.0175274 4 
0 0.0176099 4 
0 0.0176159 4 
0 0.0176405 4 
0 0.0176693 4 
0 0.0177041 4 
0 0.0178032 4 
0 0.0178171 4 
0 0.0178663 4 
0 0.0178902 4 
0 0.0179124 4 
0 0.0179632 4 
0 0.0179694 4 
0 0.0179696 4 
0 0.0180061 4 
0 0.0180284 4 
0 0.018039 4 
0 0.0180519 4 
0 0.0181032 4 
0 0.0181166 4 
0 0.0181188 4 
0 0.0181605 4 
0 0.0181668 4 
0 0.0181738 4 
0 0.018176 4 
0 0.0181777 4 
0 0.0181863 4 
0 0.0182075 4 
0 0.0182083 4 
0 0.0182357 4 
0 0.0182399 4 
0 0.0182438 4 
0 0.0182551 4 
0 0.0182923 4 
0 0.0183043 4 
0 0.0183122 4 
0 0.0183227 4 
0 0.0183304 4 
0 0.018336 4 
0 0.0183388 4 
0 0.0183609 4 
0 0.018371 4 
0 0.0183796 4 
0 0.0184325 4 
0 0.0184377 4 
0 0.0184511 4 
0 0.0184702 4 
0 0.0184712 4 
0 0.0185103 4 
0 0.0185436 4 
0 0.0185454 4 
0 0.0185582 4 
0 0.0185845 4 
0 0.0185903 4 
0 0.0185983 4 
0 0.018623 4 
0 0.0186262 4 
0 0.0186413 4 
0 0.018699 4 
0 0.0187059 4 
0 0.0187324 4 
0 0.0187327 4 
0 0.018761 4 
0 0.0187828 4 
0 0.0187857 4 
0 0.0187925 4 
0 0.0188112 4 
0 0.0188307 4 
0 0.0188488 4 
0 0.0189134 4 
0 0.0189194 4 
0 0.0189523 4 
0 0.0189912 4 
0 0.019009 4 
0 0.0190426 4 
0 0.0190468 4 
0 0.0190532 4 
0 0.0190601 4 
0 0.0190769 4 
0 0.0191059 4 
0 0.0192075 4 
0 0.0192855 4 
0 0.0192974 4 
0 0.019303 4 
0 0.0193649 4 
0 0.0193723 4 
0 0.0193921 4 
0 0.0194553 4 
0 0.0194602 4 
0 0.0195526 4 
0 0.0195595 4 
0 0.0195745 4 
0 0.0196296 4 
0 0.019804 4 
0 0.0198194 4 
0 0.0198268 4 
0 0.0198468 4 
0 0.0199517 4 
0 0.0200297 4 
0 0.0200538 4 
0 0.0201347 4 
0 0.0201662 4 
0 0.020199 4 
0 0.0209352 4 
0 0.0211128 4 
0 0.022043 4 
0 0.0220475 4 
0 0.0223483 4 
0 inf 4 
0 0.00713439 5 
0 0.00781172 5 
0 0.00782061 5 
0 0.00782212 5 
0 0.00784398 5 
0 0.00809119 5 
0 0.00809671 5 
0 0.00810523 5 
0 0.00818544 5 
0 0.00824202 5 
0 0.00825373 5 
0 0.00826183 5 
0 0.00826632 5 
0 0.00829637 5 
0 0.00833701 5 
0 0.00834541 5 
0 0.00835139 5 
0 0.00837227 5 
0 0.00837779 5 
0 0.00842126 5 
0 0.00842162 5 
0 0.00844401 5 
0 0.00848255 5 
0 0.00849461 5 
0 0.00851156 5 
0 0.00858038 5 
0 0.00860737 5 
0 0.00861791 5 
0 0.00864753 5 
0 0.00866255 5 
0 0.00866496 5 
0 0.00866963 5 
0 0.00869082 5 
0 0.00870881 5 
0 0.00871246 5 
0 0.00871551 5 
0 0.00871793 5 
0 0.00872251 5 
0 0.00872321 5 
0 0.00875707 5 
0 0.00876011 5 
0 0.00876343 5 
0 0.0087834 5 
0 0.00880386 5 
0 0.0088039 5 
0 0.00882636 5 
0 0.00882923 5 
0 0.00883471 5 
0 0.00885131 5 
0 0.00885848 5 
0 0.00886384 5 
0 0.00887065 5 
0 0.00887497 5 
0 0.0088786 5 
0 0.0088907 5 
0 0.00892226 5 
0 0.00892478 5 
0 0.00892833 5 
0 0.00895872 5 
0 0.00896268 5 
0 0.00896612 5 
0 0.00897852 5 
0 0.00898024 5 
0 0.00899749 5 
0 0.00901188 5 
0 0.00905633 5 
0 0.0090574 5 
0 0.00905749 5 
0 0.00905775 5 
0 0.00907508 5 
0 0.00908081 5 
0 0.00908105 5 
0 0.0090819 5 
0 0.00909668 5 
0 0.0091135 5 
0 0.00912928 5 
0 0.00913005 5 
0 0.00913284 5 
0 0.00913311 5 
0 0.00914253 5 
0 0.00915277 5 
0 0.00917941 5 
0 0.00919197 5 
0 0.0092023 5 
0 0.0092074 5 
0 0.00920813 5 
0 0.00920883 5 
0 0.00923236 5 
0 0.00924134 5 
0 0.00924188 5 
0 0.0092776 5 
0 0.00928226 5 
0 0.00929027 5 
0 0.00930754 5 
0 0.00930944 5 
0 0.00931304 5 
0 0.00931681 5 
0 0.00932511 5 
0 0.00933575 5 
0 0.00935086 5 
0 0.0093548 5 
0 0.00936258 5 
0 0.00940176 5 
0 0.00942578 5 
0 0.00947763 5 
0 0.00956668 5 
0 0.00962777 5 
0 0.00963095 5 
0 0.0096609 5 
0 0.00966104 5 
0 0.00970624 5 
0 0.00970908 5 
0 0.00973835 5 
0 0.009747 5 
0 0.00979272 5 
0 0.00983558 5 
0 0.00984262 5 
0 0.0099424 5 
0 0.00996099 5 
0 0.0100058 5 
0 0.0100144 5 
0 0.0100364 5 
0 0.0105257 5 
0 0.0105733 5 
0 0.0109874 5 
0 0.0111208 5 
0 0.0115644 5 
0 inf 5 
0 0.00341873 6 
0 0.00375939 6 
0 0.00377874 6 
0 0.00378845 6 
0 0.00384262 6 
0 0.00398924 6 
0 0.00400045 6 
0 0.00401615 6 
0 0.00401659 6 
0 0.00403457 6 
0 0.0040444 6 
0 0.00404771 6 
0 0.00407751 6 
0 0.00409365 6 
0 0.00411367 6 
0 0.00411427 6 
0 0.00411794 6 
0 0.00411941 6 
0 0.00412065 6 
0 0.00412219 6 
0 0.00415157 6 
0 0.00416002 6 
0 0.00420124 6 
0 0.00421536 6 
0 0.00421593 6 
0 0.00421862 6 
0 0.00423745 6 
0 0.00424003 6 
0 0.00424059 6 
0 0.00424706 6 
0 0.00425799 6 
0 0.00427355 6 
0 0.00428983 6 
0 0.00429248 6 
0 0.00429468 6 
0 0.00430637 6 
0 0.00431638 6 
0 0.00432647 6 
0 0.00432695 6 
0 0.00434056 6 
0 0.00434452 6 
0 0.00434621 6 
0 0.00435299 6 
0 0.00435619 6 
0 0.00436275 6 
0 0.00436292 6 
0 0.00436796 6 
0 0.00437625 6 
0 0.00437627 6 
0 0.00438173 6 
0 0.0044045 6 
0 0.00440468 6 
0 0.00441372 6 
0 0.00441913 6 
0 0.00442266 6 
0 0.00442872 6 
0 0.00443444 6 
0 0.0044369 6 
0 0.00444957 6 
0 0.00446182 6 
0 0.00448632 6 
0 0.00449073 6 
0 0.00449294 6 
0 0.00450019 6 
0 0.00450531 6 
0 0.00450871 6 
0 0.0045194 6 
0 0.00452551 6 
0 0.00452694 6 
0 0.00453266 6 
0 0.0045352 6 
0 0.00454168 6 
0 0.00454471 6 
0 0.00454775 6 
0 0.00454897 6 
0 0.00454964 6 
0 0.00455255 6 
0 0.00456078 6 
0 0.00456699 6 
0 0.00457649 6 
0 0.00458807 6 
0 0.00459481 6 
0 0.00459591 6 
0 0.00460175 6 
0 0.00460333 6 
0 0.00460484 6 
0 0.00461245 6 
0 0.00461618 6 
0 0.00461889 6 
0 0.00462727 6 
0 0.00462809 6 
0 0.00463057 6 
0 0.00463606 6 
0 0.00465787 6 
0 0.00465924 6 
0 0.00466025 6 
0 0.00466592 6 
0 0.00467818 6 
0 0.00468614 6 
0 0.00469984 6 
0 0.00470552 6 
0 0.00470617 6 
0 0.00471274 6 
0 0.00474803 6 
0 0.0047661 6 
0 0.0047834 6 
0 0.00480408 6 
0 0.00482679 6 
0 0.00483409 6 
0 0.00485617 6 
0 0.00486039 6 
0 0.00493222 6 
0 0.00493383 6 
0 0.00494392 6 
0 0.00494406 6 
0 0.00497971 6 
0 0.00499175 6 
0 0.00500242 6 
0 0.0050404 6 
0 0.005044 6 
0 0.00505186 6 
0 0.00511636 6 
0 0.00538381 6 
0 0.00540275 6 
0 0.00554215 6 
0 0.00570367 6 
0 0.0060924 6 
0 inf 6 
0 0.00168249 7 
0 0.00184629 7 
0 0.00185552 7 
0 0.00188082 7 
0 0.00193204 7 
0 0.00197932 7 
0 0.00199223 7 
0 0.00200614 7 
0 0.00201427 7 
0 0.0020241 7 
0 0.00202716 7 
0 0.00203131 7 
0 0.00204464 7 
0 0.00204688 7 
0 0.00205443 7 
0 0.00205701 7 
0 0.00206989 7 
0 0.00207287 7 
0 0.00207623 7 
0 0.00207939 7 
0 0.00209005 7 
0 0.00209248 7 
0 0.00210285 7 
0 0.00210714 7 
0 0.00211289 7 
0 0.00211447 7 
0 0.00213184 7 
0 0.00213635 7 
0 0.00213791 7 
0 0.0021475 7 
0 0.00214824 7 
0 0.00215083 7 
0 0.00215268 7 
0 0.00216035 7 
0 0.00216102 7 
0 0.00216294 7 
0 0.00217303 7 
0 0.00217924 7 
0 0.00217974 7 
0 0.00218388 7 
0 0.0021842 7 
0 0.00219436 7 
0 0.00219693 7 
0 0.00219765 7 
0 0.00219777 7 
0 0.00220467 7 
0 0.0022047 7 
0 0.00220608 7 
0 0.00220979 7 
0 0.00221062 7 
0 0.00221186 7 
0 0.00221586 7 
0 0.00222068 7 
0 0.00222903 7 
0 0.00223426 7 
0 0.00223725 7 
0 0.00224861 7 
0 0.00226071 7 
0 0.00226274 7 
0 0.00226794 7 
0 0.0022683 7 
0 0.00226853 7 
0 0.00226889 7 
0 0.00227247 7 
0 0.00227332 7 
0 0.00227575 7 
0 0.00227721 7 
0 0.00227745 7 
0 0.00228682 7 
0 0.00228751 7 
0 0.00229078 7 
0 0.0022946 7 
0 0.0023058 7 
0 0.00230626 7 
0 0.00230943 7 
0 0.00230973 7 
0 0.00231239 7 
0 0.00231476 7 
0 0.00231871 7 
0 0.00231951 7 
0 0.00232612 7 
0 0.0023296 7 
0 0.00233304 7 
0 0.00234002 7 
0 0.00234477 7 
0 0.00234635 7 
0 0.00235199 7 
0 0.0023546 7 
0 0.00236239 7 
0 0.00236685 7 
0 0.00236708 7 
0 0.00237167 7 
0 0.00237867 7 
0 0.00238157 7 
0 0.00239059 7 
0 0.00239302 7 
0 0.00239487 7 
0 0.00239529 7 
0 0.00239789 7 
0 0.00240442 7 
0 0.00240517 7 
0 0.00241235 7 
0 0.00242624 7 
0 0.00242646 7 
0 0.00242725 7 
0 0.00244235 7 
0 0.00244246 7 
0 0.00246272 7 
0 0.00247748 7 
0 0.00248489 7 
0 0.00248901 7 
0 0.00252293 7 
0 0.00252671 7 
0 0.00253139 7 
0 0.00253828 7 
0 0.00254326 7 
0 0.00256413 7 
0 0.00258391 7 
0 0.0025888 7 
0 0.00259333 7 
0 0.00259764 7 
0 0.00262249 7 
0 0.00279049 7 
0 0.00280457 7 
0 0.00282133 7 
0 0.00296508 7 
0 0.00325102 7 
0 inf 7 
0 0.000846535 8 
0 0.000922702 8 
0 0.000925554 8 
0 0.000953592 8 
0 0.00098401 8 
0 0.000989517 8 
0 0.00100566 8 
0 0.0010099 8 
0 0.00102572 8 
0 0.00102772 8 
0 0.00103313 8 
0 0.00103946 8 
0 0.00103951 8 
0 0.00104266 8 
0 0.00104272 8 
0 0.00104429 8 
0 0.00104532 8 
0 0.00105051 8 
0 0.00105466 8 
0 0.00106297 8 
0 0.00106678 8 
0 0.00107016 8 
0 0.00107148 8 
0 0.00107894 8 
0 0.0010797 8 
0 0.00108188 8 
0 0.00108202 8 
0 0.00108518 8 
0 0.00108563 8 
0 0.0010954 8 
0 0.00109696 8 
0 0.00110125 8 
0 0.00110281 8 
0 0.00110573 8 
0 0.00110822 8 
0 0.00110851 8 
0 0.00110912 8 
0 0.00111009 8 
0 0.00111255 8 
0 0.00111323 8 
0 0.00111571 8 
0 0.00111771 8 
0 0.00112007 8 
0 0.00112233 8 
0 0.00112445 8 
0 0.00112717 8 
0 0.00113007 8 
0 0.00113137 8 
0 0.00113234 8 
0 0.00113843 8 
0 0.00114187 8 
0 0.00114285 8 
0 0.0011432 8 
0 0.00114447 8 
0 0.00114464 8 
0 0.00114501 8 
0 0.00114745 8 
0 0.00115018 8 
0 0.00115083 8 
0 0.001151 8 
0 0.00115271 8 
0 0.00115396 8 
0 0.00115758 8 
0 0.00115812 8 
0 0.00115875 8 
0 0.00115885 8 
0 0.00116901 8 
0 0.00117064 8 
0 0.00117412 8 
0 0.00117429 8 
0 0.00117477 8 
0 0.00117481 8 
0 0.00117766 8 
0 0.00118188 8 
0 0.00119093 8 
0 0.00119117 8 
0 0.00119155 8 
0 0.0011916 8 
0 0.00119272 8 
0 0.00119473 8 
0 0.0011957 8 
0 0.00120102 8 
0 0.00120108 8 
0 0.00120275 8 
0 0.00120466 8 
0 0.00121247 8 
0 0.00121366 8 
0 0.00122019 8 
0 0.00122372 8 
0 0.00122645 8 
0 0.0012301 8 
0 0.00123015 8 
0 0.00123336 8 
0 0.00123377 8 
0 0.0012352 8 
0 0.0012357 8 
0 0.00124151 8 
0 0.00124245 8 
0 0.00124589 8 
0 0.00124861 8 
0 0.00125041 8 
0 0.00125739 8 
0 0.00125802 8 
0 0.00126099 8 
0 0.00126283 8 
0 0.00126384 8 
0 0.00126559 8 
0 0.00126901 8 
0 0.00128093 8 
0 0.00128204 8 
0 0.00129054 8 
0 0.00130298 8 
0 0.00130495 8 
0 0.00131195 8 
0 0.00131602 8 
0 0.00131834 8 
0 0.00132305 8 
0 0.00132858 8 
0 0.00134367 8 
0 0.00135626 8 
0 0.00135904 8 
0 0.00135926 8 
0 0.00144272 8 
0 0.00144681 8 
0 0.0014745 8 
0 0.00155897 8 
0 0.001728 8 
0 inf 8 
0 0.000433682 9 
0 0.000467716 9 
0 0.000468211 9 
0 0.000492158 9 
0 0.000494934 9 
0 0.000508703 9 
0 0.000514357 9 
0 0.000515392 9 
0 0.000527506 9 
0 0.000531217 9 
0 0.000531338 9 
0 0.000531651 9 
0 0.000534234 9 
0 0.000534545 9 
0 0.000537232 9 
0 0.000539176 9 
0 0.000539422 9 
0 0.000539995 9 
0 0.000541203 9 
0 0.000544702 9 
0 0.000547382 9 
0 0.00054908 9 
0 0.000553994 9 
0 0.000555718 9 
0 0.000556038 9 
0 0.000556661 9 
0 0.000559913 9 
0 0.000560474 9 
0 0.000561872 9 
0 0.000562301 9 
0 0.000567903 9 
0 0.000568378 9 
0 0.00056905 9 
0 0.000571785 9 
0 0.000572232 9 
0 0.000573173 9 
0 0.000574315 9 
0 0.000574796 9 
0 0.000574969 9 
0 0.000576489 9 
0 0.000577542 9 
0 0.000577979 9 
0 0.000578896 9 
0 0.000579017 9 
0 0.000580977 9 
0 0.000581897 9 
0 0.000583705 9 
0 0.00058439 9 
0 0.000586762 9 
0 0.000588599 9 
0 0.000589022 9 
0 0.000589421 9 
0 0.000589754 9 
0 0.000590057 9 
0 0.000591839 9 
0 0.000591941 9 
0 0.000593076 9 
0 0.000593189 9 
0 0.000593799 9 
0 0.00059388 9 
0 0.0005951 9 
0 0.000595135 9 
0 0.000595642 9 
0 0.0005971 9 
0 0.000597727 9 
0 0.000599466 9 
0 0.000601345 9 
0 0.000601891 9 
0 0.00060218 9 
0 0.000607682 9 
0 0.000607885 9 
0 0.000614089 9 
0 0.000614628 9 
0 0.000614744 9 
0 0.000614902 9 
0 0.000617652 9 
0 0.000617693 9 
0 0.000618652 9 
0 0.000621039 9 
0 0.000622312 9 
0 0.00062523 9 
0 0.000625904 9 
0 0.000626963 9 
0 0.000628226 9 
0 0.000629107 9 
0 0.000632969 9 
0 0.000634262 9 
0 0.000634866 9 
0 0.000634944 9 
0 0.00063846 9 
0 0.00063942 9 
0 0.000642572 9 
0 0.000646512 9 
0 0.000648349 9 
0 0.000649474 9 
0 0.000650787 9 
0 0.000651718 9 
0 0.000652004 9 
0 0.0006524 9 
0 0.000656095 9 
0 0.000659361 9 
0 0.000659448 9 
0 0.000660024 9 
0 0.000666802 9 
0 0.000666812 9 
0 0.000667091 9 
0 0.000667112 9 
0 0.000667462 9 
0 0.0006685 9 
0 0.000671885 9 
0 0.000677882 9 
0 0.000678816 9 
0 0.000679866 9 
0 0.000680884 9 
0 0.000684086 9 
0 0.000688615 9 
0 0.00069328 9 
0 0.000695994 9 
0 0.000701479 9 
0 0.000704783 9 
0 0.000707054 9 
0 0.000718558 9 
0 0.000746432 9 
0 0.000748271 9 
0 0.000783379 9 
0 0.000827555 9 
0 0.000918465 9 
0 inf 9 
