0.524485 0.543272 0 
0.52435 0.538312 0 
0.523808 0.541542 0 
0.523788 0.541148 0 
0.523201 0.544173 0 
0.523007 0.538443 0 
0.522765 0.541315 0 
0.522694 0.541496 0 
0.522335 0.544821 0 
0.522326 0.543673 0 
0.522156 0.547457 0 
0.522128 0.53852 0 
0.522019 0.542601 0 
0.521961 0.545049 0 
0.521909 0.542007 0 
0.521821 0.543132 0 
0.521661 0.542207 0 
0.521477 0.53894 0 
0.521465 0.540588 0 
0.521258 0.542342 0 
0.521123 0.54004 0 
0.520795 0.544422 0 
0.520744 0.54413 0 
0.520714 0.542107 0 
0.520588 0.539244 0 
0.520583 0.540875 0 
0.52056 0.541482 0 
0.520526 0.544296 0 
0.520499 0.540714 0 
0.520411 0.542703 0 
0.520367 0.54143 0 
0.520325 0.540875 0 
0.520209 0.544432 0 
0.520187 0.54158 0 
0.520112 0.544532 0 
0.52007 0.540714 0 
0.519969 0.521909 0 
0.519767 0.538982 0 
0.519695 0.520102 0 
0.519693 0.541115 0 
0.519685 0.542052 0 
0.519658 0.537613 0 
0.519637 0.541026 0 
0.519621 0.539877 0 
0.519611 0.539042 0 
0.519606 0.538281 0 
0.519553 0.539877 0 
0.519462 0.541834 0 
0.519403 0.543434 0 
0.519393 0.545017 0 
0.519174 0.538443 0 
0.519159 0.5412 0 
0.519143 0.541034 0 
0.519129 0.542926 0 
0.519063 0.539775 0 
0.519052 0.545844 0 
0.519004 0.542443 0 
0.518995 0.519241 0 
0.518949 0.539581 0 
0.51888 0.541659 0 
0.518839 0.53852 0 
0.51872 0.523494 0 
0.51866 0.542479 0 
0.518634 0.5412 0 
0.518619 0.541047 0 
0.51855 0.53894 0 
0.518497 0.540705 0 
0.518493 0.518656 0 
0.518491 0.541034 0 
0.518489 0.545095 0 
0.518484 0.544296 0 
0.518437 0.545024 0 
0.518238 0.543311 0 
0.518137 0.541034 0 
0.518067 0.539555 0 
0.51805 0.543369 0 
0.518045 0.540763 0 
0.518004 0.541034 0 
0.517956 0.518507 0 
0.517943 0.519 0 
0.517885 0.541142 0 
0.517776 0.520032 0 
0.517698 0.547485 0 
0.517639 0.518609 0 
0.517599 0.518054 0 
0.517577 0.518396 0 
0.517542 0.543545 0 
0.51751 0.539173 0 
0.517497 0.539042 0 
0.517481 0.538281 0 
0.51748 0.541834 0 
0.517478 0.544487 0 
0.517463 0.543434 0 
0.517376 0.54419 0 
0.517365 0.540588 0 
0.517206 0.540233 0 
0.517118 0.541542 0 
0.517092 0.538359 0 
0.517065 0.518196 0 
0.516977 0.545022 0 
0.516977 0.541862 0 
0.516842 0.521603 0 
0.516808 0.518397 0 
0.51679 0.54503 0 
0.516784 0.517391 0 
0.516675 0.545993 0 
0.51651 0.518566 0 
0.516313 0.516709 0 
0.516293 0.538281 0 
0.516276 0.547984 0 
0.516222 0.547369 0 
0.516214 0.516548 0 
0.516162 0.541024 0 
0.516063 0.54004 0 
0.516057 0.540193 0 
0.516049 0.516064 0 
0.516014 0.547646 0 
0.516007 0.521547 0 
0.516002 0.519991 0 
0.515978 0.517847 0 
0.515953 0.516584 0 
0.51593 0.516076 0 
0.515926 0.540649 0 
0.515913 0.515917 0 
0.515878 0.519169 0 
0.515828 0.516796 0 
0.515818 0.518139 0 
0.515793 0.540887 0 
0.515776 0.542257 0 
0.515755 0.517825 0 
0.515746 0.517149 0 
0.515733 0.519129 0 
0.515731 0.515957 0 
0.515721 0.521445 0 
0.515707 0.519069 0 
0.515705 0.542849 0 
0.515685 0.541482 0 
0.515684 0.518691 0 
0.515663 0.515971 0 
0.515521 0.545052 0 
0.515517 0.518036 0 
0.515501 0.544662 0 
0.515392 0.516991 0 
0.515386 0.541315 0 
0.515383 0.518397 0 
0.515377 0.542096 0 
0.51537 0.518787 0 
0.515336 0.5458 0 
0.515331 0.518415 0 
0.515311 0.518075 0 
0.51515 0.541315 0 
0.515105 0.517776 0 
0.515096 0.541315 0 
0.515032 0.539173 0 
0.515024 0.541448 0 
0.514976 0.517516 0 
0.51496 0.517701 0 
0.514951 0.516109 0 
0.514916 0.542479 0 
0.514906 0.519977 0 
0.51487 0.516426 0 
0.514755 0.542691 0 
0.514675 0.539553 0 
0.514672 0.547416 0 
0.514601 0.519189 0 
0.514597 0.540832 0 
0.514518 0.51975 0 
0.514499 0.541034 0 
0.514498 0.543117 0 
0.514472 0.517516 0 
0.514426 0.538466 0 
0.514396 0.543374 0 
0.514242 0.541621 0 
0.514226 0.545609 0 
0.514203 0.517358 0 
0.514192 0.514562 0 
0.514187 0.548301 0 
0.514185 0.51682 0 
0.514158 0.516709 0 
0.514039 0.515725 0 
0.514032 0.516319 0 
0.51401 0.516906 0 
0.514008 0.518072 0 
0.513967 0.535685 0 
0.51396 0.517879 0 
0.513947 0.519977 0 
0.513886 0.544016 0 
0.513877 0.540058 0 
0.513864 0.518415 0 
0.513822 0.516196 0 
0.513776 0.516837 0 
0.513668 0.543192 0 
0.513651 0.516906 0 
0.513635 0.513717 0 
0.513604 0.515843 0 
0.513563 0.520015 0 
0.513551 0.518751 0 
0.513547 0.541901 0 
0.513482 0.521926 0 
0.513461 0.548047 0 
0.513413 0.540763 0 
0.513405 0.544662 0 
0.51336 0.544909 0 
0.513301 0.541821 0 
0.513187 0.538396 0 
0.513172 0.517314 0 
0.513119 0.515849 0 
0.513082 0.51309 0 
0.513078 0.519184 0 
0.513019 0.516445 0 
0.513018 0.516273 0 
0.513013 0.513421 0 
0.512977 0.538466 0 
0.512939 0.519104 0 
0.512897 0.544746 0 
0.512892 0.516707 0 
0.512879 0.549178 0 
0.512873 0.517264 0 
0.512862 0.541566 0 
0.51286 0.514844 0 
0.51282 0.542993 0 
0.51277 0.513717 0 
0.51266 0.542714 0 
0.512658 0.514127 0 
0.512654 0.513646 0 
0.512642 0.515099 0 
0.512589 0.515129 0 
0.512582 0.544642 0 
0.512562 0.517813 0 
0.512559 0.517343 0 
0.512514 0.516196 0 
0.512505 0.515843 0 
0.512502 0.518294 0 
0.5125 0.515114 0 
0.512496 0.513255 0 
0.512494 0.516456 0 
0.512407 0.517813 0 
0.512399 0.546024 0 
0.512335 0.518392 0 
0.512315 0.51451 0 
0.512301 0.538396 0 
0.512253 0.515146 0 
0.512211 0.518566 0 
0.512201 0.546185 0 
0.512158 0.523079 0 
0.512156 0.512539 0 
0.512121 0.515689 0 
0.512111 0.519116 0 
0.5121 0.520799 0 
0.51209 0.537183 0 
0.512062 0.520005 0 
0.512036 0.543564 0 
0.51203 0.516319 0 
0.511995 0.544296 0 
0.511946 0.513498 0 
0.511932 0.518734 0 
0.511872 0.542624 0 
0.51186 0.518486 0 
0.511838 0.518425 0 
0.51182 0.514019 0 
0.51181 0.512087 0 
0.511807 0.523079 0 
0.511801 0.543593 0 
0.511779 0.513102 0 
0.511744 0.521031 0 
0.511736 0.512491 0 
0.511704 0.539555 0 
0.511689 0.521926 0 
0.511684 0.544339 0 
0.511639 0.520221 0 
0.51156 0.517965 0 
0.5115 0.545416 0 
0.511459 0.539042 0 
0.511456 0.519189 0 
0.51143 0.540058 0 
0.511328 0.515218 0 
0.511289 0.513627 0 
0.511264 0.544937 0 
0.511228 0.516709 0 
0.511203 0.544021 0 
0.511168 0.541069 0 
0.511164 0.513021 0 
0.511144 0.518507 0 
0.511115 0.515353 0 
0.511102 0.517079 0 
0.511098 0.511142 0 
0.511058 0.540483 0 
0.511043 0.515356 0 
0.510956 0.518196 0 
0.510912 0.542574 0 
0.510875 0.54264 0 
0.510864 0.516445 0 
0.51081 0.511533 0 
0.510775 0.511751 0 
0.510719 0.513582 0 
0.510691 0.519104 0 
0.510635 0.514535 0 
0.510568 0.542519 0 
0.510532 0.522079 0 
0.510527 0.51731 0 
0.510415 0.520457 0 
0.510407 0.513149 0 
0.51039 0.542624 0 
0.510343 0.545095 0 
0.510336 0.53869 0 
0.510323 0.514313 0 
0.510297 0.546513 0 
0.51025 0.512628 0 
0.510171 0.545112 0 
0.51008 0.513646 0 
0.510079 0.514313 0 
0.510063 0.539877 0 
0.510044 0.54264 0 
0.510012 0.546206 0 
0.509951 0.517109 0 
0.509785 0.544444 0 
0.50966 0.546551 0 
0.509646 0.541858 0 
0.509523 0.518806 0 
0.509512 0.545689 0 
0.509399 0.51128 0 
0.509206 0.513249 0 
0.509011 0.545052 0 
0.508901 0.515039 0 
0.508796 0.512497 0 
0.508232 0.512833 0 
0.508011 0.545024 0 
0.507947 0.547427 0 
0.507723 0.548949 0 
0.50755 0.54426 0 
0.227989 0.234607 1 
0.226654 0.227247 1 
0.225818 0.232089 1 
0.225481 0.229676 1 
0.224533 0.225661 1 
0.223393 0.234902 1 
0.22301 0.225227 1 
0.22266 0.225775 1 
0.222564 0.231808 1 
0.222396 0.226117 1 
0.221961 0.234031 1 
0.221919 0.230304 1 
0.221442 0.229487 1 
0.2214 0.224858 1 
0.221308 0.22287 1 
0.221029 0.229016 1 
0.220946 0.223523 1 
0.220894 0.227644 1 
0.220831 0.223929 1 
0.220701 0.229323 1 
0.220561 0.22392 1 
0.220243 0.223237 1 
0.22004 0.225118 1 
0.220007 0.235694 1 
0.219937 0.22878 1 
0.21984 0.235788 1 
0.218881 0.23303 1 
0.218824 0.223769 1 
0.218703 0.227563 1 
0.218557 0.220939 1 
0.218548 0.22472 1 
0.218525 0.225756 1 
0.218522 0.227328 1 
0.218486 0.223598 1 
0.218293 0.222846 1 
0.218278 0.231006 1 
0.218159 0.224975 1 
0.218064 0.228212 1 
0.218041 0.219603 1 
0.218036 0.224563 1 
0.217925 0.225988 1 
0.217913 0.236277 1 
0.217898 0.225495 1 
0.217735 0.226709 1 
0.217671 0.228403 1 
0.217606 0.222177 1 
0.217546 0.221603 1 
0.217542 0.218174 1 
0.217533 0.222177 1 
0.217527 0.221714 1 
0.217375 0.221603 1 
0.217362 0.227819 1 
0.217309 0.228078 1 
0.217296 0.225859 1 
0.21727 0.218006 1 
0.217191 0.228294 1 
0.217172 0.224248 1 
0.217122 0.22467 1 
0.217101 0.2309 1 
0.217032 0.227212 1 
0.216983 0.223412 1 
0.216983 0.223576 1 
0.216976 0.222504 1 
0.216975 0.23105 1 
0.2168 0.231437 1 
0.2168 0.221081 1 
0.216724 0.229658 1 
0.216589 0.226463 1 
0.216588 0.232175 1 
0.216587 0.219575 1 
0.216246 0.220893 1 
0.21618 0.228403 1 
0.215863 0.222906 1 
0.215834 0.225435 1 
0.21581 0.227697 1 
0.215647 0.225756 1 
0.215471 0.224678 1 
0.215463 0.221194 1 
0.215456 0.222746 1 
0.215429 0.220107 1 
0.215321 0.224382 1 
0.215294 0.232014 1 
0.215293 0.223052 1 
0.215181 0.229587 1 
0.214867 0.223931 1 
0.214781 0.221496 1 
0.214594 0.226605 1 
0.214583 0.229245 1 
0.214564 0.22209 1 
0.214475 0.22932 1 
0.214471 0.233757 1 
0.214434 0.225071 1 
0.214304 0.222088 1 
0.214268 0.225118 1 
0.214248 0.226346 1 
0.214231 0.220878 1 
0.214162 0.221968 1 
0.214138 0.22392 1 
0.2141 0.219552 1 
0.2141 0.218518 1 
0.214085 0.221636 1 
0.214028 0.219141 1 
0.213946 0.224753 1 
0.213922 0.216112 1 
0.213861 0.227413 1 
0.213774 0.22098 1 
0.213741 0.227711 1 
0.213607 0.223052 1 
0.213604 0.213659 1 
0.213583 0.219141 1 
0.213557 0.227328 1 
0.21342 0.226434 1 
0.213418 0.224998 1 
0.213364 0.22579 1 
0.213243 0.223929 1 
0.213178 0.219663 1 
0.213168 0.228731 1 
0.213165 0.222088 1 
0.213141 0.220107 1 
0.213031 0.221585 1 
0.213 0.221394 1 
0.212934 0.221714 1 
0.212797 0.220893 1 
0.212701 0.225859 1 
0.212684 0.222504 1 
0.212617 0.224017 1 
0.212453 0.219141 1 
0.21238 0.228944 1 
0.212344 0.231538 1 
0.212309 0.228403 1 
0.212259 0.22663 1 
0.212236 0.223237 1 
0.212225 0.224678 1 
0.212198 0.214012 1 
0.212141 0.228878 1 
0.212028 0.228144 1 
0.212007 0.227498 1 
0.21194 0.21449 1 
0.211864 0.233966 1 
0.211863 0.22434 1 
0.21174 0.221923 1 
0.211557 0.224013 1 
0.211539 0.229658 1 
0.21135 0.229989 1 
0.211209 0.214964 1 
0.211139 0.218856 1 
0.211091 0.232208 1 
0.210953 0.228294 1 
0.210916 0.211929 1 
0.210681 0.211013 1 
0.210552 0.228849 1 
0.21032 0.225298 1 
0.210306 0.221081 1 
0.210244 0.225815 1 
0.210043 0.224533 1 
0.210027 0.215804 1 
0.209948 0.213026 1 
0.209912 0.221356 1 
0.209891 0.223506 1 
0.209883 0.224257 1 
0.209882 0.219663 1 
0.209817 0.223421 1 
0.209775 0.212998 1 
0.209676 0.214249 1 
0.209643 0.224444 1 
0.209607 0.21092 1 
0.209606 0.221786 1 
0.209568 0.210605 1 
0.209465 0.230622 1 
0.209328 0.230984 1 
0.209278 0.231043 1 
0.209206 0.214683 1 
0.209181 0.210087 1 
0.209141 0.210648 1 
0.208998 0.21081 1 
0.208997 0.209032 1 
0.208983 0.210608 1 
0.208978 0.219552 1 
0.208745 0.212346 1 
0.208723 0.20902 1 
0.208661 0.218314 1 
0.208639 0.226612 1 
0.208072 0.214249 1 
0.208064 0.218314 1 
0.208037 0.227328 1 
0.207993 0.209995 1 
0.207972 0.214303 1 
0.207939 0.20887 1 
0.207506 0.213611 1 
0.207331 0.210876 1 
0.207295 0.224444 1 
0.207272 0.211006 1 
0.207111 0.207821 1 
0.207047 0.209699 1 
0.207014 0.207189 1 
0.20691 0.214264 1 
0.206879 0.207727 1 
0.206858 0.226346 1 
0.206815 0.215275 1 
0.206771 0.207011 1 
0.206718 0.206908 1 
0.206671 0.209771 1 
0.206647 0.209494 1 
0.206546 0.211631 1 
0.206446 0.208661 1 
0.206414 0.223421 1 
0.20639 0.221194 1 
0.206377 0.210099 1 
0.206363 0.214275 1 
0.206324 0.208231 1 
0.206282 0.209974 1 
0.206265 0.206744 1 
0.206241 0.206871 1 
0.206146 0.22525 1 
0.206136 0.208716 1 
0.20601 0.209064 1 
0.205962 0.215904 1 
0.205913 0.220107 1 
0.205804 0.208891 1 
0.205702 0.207176 1 
0.205692 0.210023 1 
0.205668 0.20749 1 
0.205582 0.206317 1 
0.205546 0.206662 1 
0.205528 0.209471 1 
0.2055 0.211911 1 
0.205449 0.214745 1 
0.205443 0.219024 1 
0.205401 0.212652 1 
0.205284 0.208424 1 
0.205278 0.205801 1 
0.205268 0.210864 1 
0.205156 0.213659 1 
0.205067 0.206046 1 
0.205041 0.205716 1 
0.205014 0.207025 1 
0.204951 0.206409 1 
0.20494 0.225393 1 
0.204932 0.209271 1 
0.20492 0.210959 1 
0.204883 0.2227 1 
0.204667 0.221786 1 
0.204643 0.213889 1 
0.204635 0.220893 1 
0.204529 0.211028 1 
0.204398 0.204576 1 
0.204372 0.20883 1 
0.204338 0.22852 1 
0.204306 0.208972 1 
0.204286 0.227711 1 
0.204242 0.206849 1 
0.204194 0.210893 1 
0.204154 0.214964 1 
0.204133 0.204909 1 
0.204018 0.205487 1 
0.203932 0.207569 1 
0.203913 0.209692 1 
0.203898 0.211661 1 
0.203892 0.20562 1 
0.203784 0.207382 1 
0.20336 0.205505 1 
0.203359 0.204199 1 
0.203325 0.206013 1 
0.203314 0.210369 1 
0.203308 0.204089 1 
0.203224 0.209494 1 
0.203113 0.207524 1 
0.2031 0.208972 1 
0.202834 0.207569 1 
0.202715 0.213664 1 
0.202528 0.211362 1 
0.202507 0.210132 1 
0.202478 0.2032 1 
0.202467 0.205093 1 
0.202367 0.210564 1 
0.20226 0.202486 1 
0.202227 0.208425 1 
0.202143 0.204682 1 
0.202135 0.204541 1 
0.202089 0.209785 1 
0.202024 0.202387 1 
0.201977 0.203701 1 
0.201976 0.202486 1 
0.201945 0.205836 1 
0.201809 0.202015 1 
0.20177 0.206075 1 
0.201463 0.203241 1 
0.20146 0.20562 1 
0.201384 0.203899 1 
0.201341 0.204204 1 
0.20111 0.20611 1 
0.20094 0.202865 1 
0.20068 0.204739 1 
0.200651 0.201127 1 
0.200607 0.201504 1 
0.200593 0.202083 1 
0.200553 0.205517 1 
0.200239 0.200527 1 
0.200039 0.204538 1 
0.198803 0.201948 1 
0.109393 0.111629 2 
0.108152 0.108807 2 
0.105935 0.107627 2 
0.105861 0.111939 2 
0.105613 0.107544 2 
0.104689 0.105492 2 
0.104488 0.10613 2 
0.103729 0.107088 2 
0.103225 0.105714 2 
0.103202 0.104867 2 
0.102917 0.108564 2 
0.102242 0.103981 2 
0.101881 0.104793 2 
0.10159 0.101779 2 
0.101415 0.104034 2 
0.101359 0.101787 2 
0.101275 0.103296 2 
0.10083 0.102089 2 
0.1007 0.103924 2 
0.10032 0.101633 2 
0.10023 0.103776 2 
0.100226 0.107062 2 
0.100216 0.100932 2 
0.0999802 0.101021 2 
0.0996034 0.100631 2 
0.0995362 0.100368 2 
0.0992984 0.104854 2 
0.0992391 0.102089 2 
0.0991969 0.102986 2 
0.0991778 0.100288 2 
0.0990728 0.0991079 2 
0.0988502 0.102772 2 
0.0988191 0.101716 2 
0.0986405 0.100351 2 
0.0985524 0.10014 2 
0.0984921 0.0994823 2 
0.0984594 0.103878 2 
0.0982614 0.0985417 2 
0.0981648 0.103325 2 
0.0980842 0.0996568 2 
0.0979877 0.104049 2 
0.0979831 0.0990815 2 
0.0979605 0.0991027 2 
0.0978848 0.100965 2 
0.0976884 0.10607 2 
0.0976265 0.106396 2 
0.0975309 0.104177 2 
0.0974487 0.100279 2 
0.0974216 0.0995822 2 
0.0973264 0.101588 2 
0.0973212 0.103759 2 
0.0972713 0.105081 2 
0.0972418 0.0990815 2 
0.0972132 0.0991251 2 
0.0969761 0.101791 2 
0.0969134 0.101036 2 
0.0967949 0.0971288 2 
0.0967644 0.103395 2 
0.0967142 0.0968187 2 
0.0964962 0.0984003 2 
0.0964575 0.0987589 2 
0.0962966 0.0965859 2 
0.0962204 0.105117 2 
0.0961801 0.0983484 2 
0.0960254 0.0988937 2 
0.0959774 0.100499 2 
0.0957634 0.105117 2 
0.0956549 0.0971608 2 
0.0955799 0.0982069 2 
0.0954486 0.0957635 2 
0.0954429 0.0999262 2 
0.0954253 0.0961997 2 
0.0953165 0.103768 2 
0.0952173 0.0972521 2 
0.0951997 0.102071 2 
0.0951869 0.104653 2 
0.0951543 0.0967014 2 
0.095004 0.0966252 2 
0.0950008 0.0955416 2 
0.0948142 0.100327 2 
0.0947711 0.0959664 2 
0.0947683 0.0996568 2 
0.0947019 0.0952942 2 
0.094622 0.0986193 2 
0.0945095 0.0978824 2 
0.0945046 0.0990412 2 
0.0942917 0.0970021 2 
0.094127 0.0981087 2 
0.0940668 0.0949032 2 
0.0939513 0.0943534 2 
0.0939164 0.0941982 2 
0.0938367 0.0956674 2 
0.0938077 0.100501 2 
0.093752 0.102364 2 
0.0936095 0.100601 2 
0.0933483 0.0960962 2 
0.0932972 0.0974688 2 
0.0931673 0.0986193 2 
0.0931301 0.0972426 2 
0.0928774 0.0957933 2 
0.0928564 0.0939788 2 
0.092836 0.0973257 2 
0.0928298 0.0945032 2 
0.0925945 0.0934857 2 
0.0925821 0.0974504 2 
0.0924106 0.0942313 2 
0.0923769 0.101779 2 
0.0922606 0.0937086 2 
0.0921947 0.0941379 2 
0.0921086 0.0964457 2 
0.0920912 0.0943786 2 
0.0920314 0.0944923 2 
0.0919708 0.0923849 2 
0.0917169 0.101758 2 
0.091587 0.0942811 2 
0.0915808 0.0944995 2 
0.0915617 0.0920104 2 
0.0915589 0.0918582 2 
0.0915146 0.0920727 2 
0.0914658 0.0930097 2 
0.091319 0.0955246 2 
0.0912955 0.0931138 2 
0.0912555 0.0939302 2 
0.0911597 0.0982162 2 
0.0911066 0.0916314 2 
0.0909305 0.10009 2 
0.0909176 0.103313 2 
0.0909071 0.0955916 2 
0.0907541 0.091486 2 
0.0906311 0.0914537 2 
0.0906 0.100288 2 
0.0905373 0.0974688 2 
0.0905028 0.0957635 2 
0.090485 0.0917341 2 
0.0904284 0.0976576 2 
0.0903142 0.0907401 2 
0.0902191 0.0941843 2 
0.0901723 0.0909632 2 
0.0900751 0.0977852 2 
0.0900495 0.093644 2 
0.0900082 0.090591 2 
0.0899853 0.090101 2 
0.089978 0.0909373 2 
0.0899166 0.0923623 2 
0.089909 0.0930097 2 
0.0899043 0.093322 2 
0.0898115 0.0982241 2 
0.0896072 0.0915072 2 
0.0895575 0.0938021 2 
0.0895571 0.0969577 2 
0.0895563 0.0948914 2 
0.0895156 0.0914537 2 
0.0894102 0.0909864 2 
0.089405 0.0902175 2 
0.0893654 0.0966048 2 
0.0893646 0.0917019 2 
0.0893601 0.0977249 2 
0.0893069 0.0935351 2 
0.0892832 0.0948724 2 
0.0891737 0.0903119 2 
0.0891572 0.0952553 2 
0.0890544 0.0908288 2 
0.0890465 0.0891054 2 
0.0890175 0.0923849 2 
0.0889964 0.0937946 2 
0.08896 0.0897027 2 
0.0889244 0.0913644 2 
0.0888221 0.0899657 2 
0.0887781 0.0916402 2 
0.0887437 0.0923384 2 
0.0886981 0.0969131 2 
0.0886599 0.089808 2 
0.088615 0.0965341 2 
0.0885314 0.100965 2 
0.0884454 0.0894003 2 
0.0884048 0.0939302 2 
0.0883975 0.0931146 2 
0.0883894 0.0894003 2 
0.0883781 0.0900368 2 
0.0882769 0.0923701 2 
0.0882163 0.0996568 2 
0.0878967 0.0941815 2 
0.087895 0.0883924 2 
0.0878928 0.0902175 2 
0.0878786 0.0936919 2 
0.0876856 0.0959664 2 
0.087651 0.088085 2 
0.0876476 0.0971608 2 
0.0875609 0.0952783 2 
0.0873194 0.0877712 2 
0.087222 0.0900915 2 
0.0871686 0.0945265 2 
0.0870533 0.0894744 2 
0.0870323 0.0884899 2 
0.0869405 0.0881186 2 
0.0869067 0.0933557 2 
0.0868656 0.0878444 2 
0.0868083 0.0943035 2 
0.0867298 0.0888907 2 
0.0865969 0.0908244 2 
0.0863331 0.0873971 2 
0.0862536 0.0867038 2 
0.08623 0.0942726 2 
0.0862012 0.0877987 2 
0.0861875 0.091605 2 
0.0860892 0.0882479 2 
0.0860789 0.0907438 2 
0.0860406 0.0875159 2 
0.0859572 0.0862726 2 
0.0858146 0.0878299 2 
0.0857803 0.0861272 2 
0.0856414 0.0894744 2 
0.0855329 0.0868078 2 
0.0853723 0.0856108 2 
0.0853064 0.0883559 2 
0.0850882 0.0853052 2 
0.0846492 0.0890015 2 
0.0846212 0.0856819 2 
0.0839257 0.0855679 2 
0.0520424 0.0531403 3 
0.0514071 0.0523008 3 
0.0511556 0.0517338 3 
0.0498755 0.0503759 3 
0.0497693 0.0519433 3 
0.0495889 0.0498441 3 
0.0491457 0.0495484 3 
0.0489199 0.0505548 3 
0.0489032 0.0524706 3 
0.0487373 0.0489577 3 
0.0486511 0.0497915 3 
0.0484968 0.0488737 3 
0.0483445 0.0510872 3 
0.0483401 0.0505301 3 
0.0481412 0.0484297 3 
0.0480222 0.0483135 3 
0.0479896 0.0490695 3 
0.0479212 0.0492753 3 
0.0475701 0.0508353 3 
0.0475481 0.0508492 3 
0.0474922 0.0484662 3 
0.0474509 0.0492165 3 
0.0473593 0.0486587 3 
0.0472363 0.0483954 3 
0.046996 0.0479823 3 
0.0469656 0.04832 3 
0.0468497 0.0471204 3 
0.0468265 0.0484297 3 
0.0467361 0.0508492 3 
0.0466568 0.0499161 3 
0.0464586 0.0489369 3 
0.0463269 0.0466345 3 
0.0463109 0.0499161 3 
0.0461843 0.0473629 3 
0.0457684 0.0492753 3 
0.045746 0.0470731 3 
0.0455795 0.0493744 3 
0.0455622 0.0460446 3 
0.0451228 0.0466375 3 
0.045099 0.0461741 3 
0.0448605 0.0486927 3 
0.0447853 0.045627 3 
0.0446653 0.0463875 3 
0.0446104 0.0451365 3 
0.0445507 0.0455278 3 
0.0444883 0.0460817 3 
0.0444264 0.0468692 3 
0.0444206 0.0455322 3 
0.0444121 0.0480413 3 
0.0443687 0.0466263 3 
0.0443578 0.0444307 3 
0.0443418 0.0507215 3 
0.0442079 0.0466349 3 
0.0441698 0.0446304 3 
0.0441498 0.0452205 3 
0.0441127 0.0457237 3 
0.0439046 0.0486875 3 
0.0438114 0.0457637 3 
0.043804 0.0453215 3 
0.04371 0.0463681 3 
0.0435432 0.0470408 3 
0.0434099 0.0493713 3 
0.0433514 0.0436202 3 
0.0432628 0.0437462 3 
0.043257 0.0448554 3 
0.0431969 0.0440867 3 
0.0431769 0.0444307 3 
0.0431339 0.0437122 3 
0.0431188 0.0434749 3 
0.0430386 0.0450753 3 
0.0429756 0.0484397 3 
0.0429537 0.0436338 3 
0.0428733 0.0484426 3 
0.042832 0.0430106 3 
0.0428172 0.0448554 3 
0.0427708 0.0452231 3 
0.0427017 0.0454699 3 
0.0426271 0.0458165 3 
0.0425739 0.0441462 3 
0.0425298 0.0432889 3 
0.0425196 0.0438159 3 
0.0424894 0.0437311 3 
0.0424811 0.0449664 3 
0.0424713 0.0455745 3 
0.042464 0.048075 3 
0.0423616 0.0438441 3 
0.0423207 0.0467705 3 
0.0422092 0.0428556 3 
0.0422043 0.0425471 3 
0.0421504 0.045167 3 
0.0420681 0.0427367 3 
0.0420656 0.0425888 3 
0.042013 0.0453586 3 
0.0419844 0.0450753 3 
0.0419278 0.0421733 3 
0.0419221 0.0429365 3 
0.0419045 0.0440483 3 
0.0418587 0.043102 3 
0.041815 0.0423929 3 
0.0418118 0.0437344 3 
0.0417955 0.0432082 3 
0.0417835 0.0419446 3 
0.0416098 0.0417527 3 
0.041609 0.0448346 3 
0.0415762 0.0446303 3 
0.041574 0.0415941 3 
0.0415373 0.0440557 3 
0.0415054 0.0442559 3 
0.0414937 0.0418264 3 
0.0412809 0.0448014 3 
0.0412594 0.0454699 3 
0.041248 0.0424016 3 
0.0412419 0.0419159 3 
0.0412164 0.0425853 3 
0.0411352 0.0420341 3 
0.041126 0.0435001 3 
0.0410746 0.0437122 3 
0.0408875 0.041967 3 
0.0408623 0.0437311 3 
0.0408482 0.0415941 3 
0.0408441 0.0436338 3 
0.040796 0.0440557 3 
0.0407619 0.0429126 3 
0.0406744 0.0441762 3 
0.0406522 0.044193 3 
0.0405807 0.0418062 3 
0.04055 0.0406685 3 
0.0405481 0.0442632 3 
0.0405119 0.0467705 3 
0.0404843 0.0466806 3 
0.0404547 0.0444125 3 
0.0404038 0.0418424 3 
0.0403824 0.0419911 3 
0.040171 0.0412852 3 
0.0401289 0.0408477 3 
0.0401098 0.0451124 3 
0.040002 0.0419911 3 
0.0398556 0.0400535 3 
0.0398207 0.0431169 3 
0.0397847 0.0401857 3 
0.0397747 0.0403145 3 
0.0397315 0.0405066 3 
0.0397306 0.0438253 3 
0.0397201 0.0418548 3 
0.0396626 0.0445789 3 
0.0395494 0.0428555 3 
0.0393177 0.0408025 3 
0.0392442 0.0393376 3 
0.0392368 0.0436714 3 
0.0392053 0.040539 3 
0.0391852 0.0393376 3 
0.0391292 0.042009 3 
0.0390951 0.0399962 3 
0.0390457 0.0429484 3 
0.0386037 0.040429 3 
0.0383641 0.0387346 3 
0.0381547 0.0382514 3 
0.0381067 0.0408771 3 
0.0377755 0.0389242 3 
0.0297012 0.0302125 4 
0.0255886 0.025656 4 
0.0253307 0.0254693 4 
0.0252136 0.0253574 4 
0.0251574 0.0252037 4 
0.0250693 0.0252834 4 
0.0247723 0.0257639 4 
0.0242304 0.0259235 4 
0.0242059 0.024913 4 
0.0241167 0.0256805 4 
0.0241012 0.0261111 4 
0.0240881 0.0242007 4 
0.0240417 0.0246528 4 
0.0240014 0.0247599 4 
0.0239385 0.0248588 4 
0.0238963 0.0242873 4 
0.023757 0.0259832 4 
0.0236731 0.0237267 4 
0.0229881 0.0238364 4 
0.0229385 0.0232825 4 
0.0228832 0.0241534 4 
0.0226022 0.0230467 4 
0.0225474 0.0258956 4 
0.0225176 0.0228641 4 
0.0224529 0.0258295 4 
0.0224205 0.0244186 4 
0.0223816 0.0237063 4 
0.0222628 0.0232696 4 
0.0220968 0.0224311 4 
0.0220867 0.0221213 4 
0.0220178 0.0224492 4 
0.021999 0.0221663 4 
0.0219932 0.0238358 4 
0.0219152 0.0239837 4 
0.0218693 0.0219913 4 
0.0218485 0.0245297 4 
0.0216906 0.0239303 4 
0.0216781 0.0220687 4 
0.0216677 0.0225885 4 
0.0216226 0.0222171 4 
0.0216045 0.021788 4 
0.0215188 0.0249887 4 
0.0214694 0.0223268 4 
0.0213911 0.021632 4 
0.0213818 0.0218661 4 
0.0213639 0.0219762 4 
0.0213085 0.0216119 4 
0.0210686 0.0223398 4 
0.0210641 0.0212749 4 
0.021058 0.0221942 4 
0.0210316 0.0235178 4 
0.0210129 0.021848 4 
0.0210039 0.0211699 4 
0.0209538 0.0210571 4 
0.0209432 0.0225119 4 
0.0209319 0.0224916 4 
0.0209101 0.0210132 4 
0.0208832 0.0214468 4 
0.0208648 0.0225272 4 
0.0206465 0.0211445 4 
0.0206217 0.021848 4 
0.0206037 0.0214605 4 
0.0205892 0.0213075 4 
0.0205467 0.0210276 4 
0.0205439 0.0225447 4 
0.0205244 0.0228418 4 
0.0205236 0.0221565 4 
0.0205143 0.0214499 4 
0.0204148 0.0205976 4 
0.0203609 0.0205725 4 
0.0203528 0.0205716 4 
0.0203365 0.0219261 4 
0.0202718 0.0220809 4 
0.0202293 0.021632 4 
0.0202095 0.0207074 4 
0.0201207 0.0211032 4 
0.0201079 0.0205298 4 
0.0200677 0.0215676 4 
0.0200577 0.0204593 4 
0.0200273 0.0212544 4 
0.0199992 0.0208485 4 
0.0199761 0.0205271 4 
0.0199727 0.0211605 4 
0.0199617 0.0211445 4 
0.0198654 0.0205432 4 
0.0197057 0.020596 4 
0.0196808 0.023076 4 
0.0196803 0.0217097 4 
0.0196661 0.022257 4 
0.0196574 0.0208119 4 
0.0195973 0.0197589 4 
0.0195675 0.0212037 4 
0.019552 0.0213657 4 
0.0195384 0.0204191 4 
0.019537 0.0196731 4 
0.0195121 0.0196731 4 
0.0194885 0.0198947 4 
0.0193355 0.0225116 4 
0.0193305 0.0213871 4 
0.0192686 0.0220906 4 
0.0191315 0.0210685 4 
0.0190752 0.020466 4 
0.0190582 0.0199716 4 
0.0190569 0.0206099 4 
0.0190501 0.0198824 4 
0.0189476 0.020946 4 
0.0189137 0.0203246 4 
0.0188947 0.0199248 4 
0.0188905 0.0204036 4 
0.0188757 0.0189226 4 
0.0188677 0.0190167 4 
0.0188555 0.0200712 4 
0.0188076 0.0191898 4 
0.0187027 0.0212621 4 
0.0184593 0.0198277 4 
0.0184025 0.0190511 4 
0.0179926 0.0181124 4 
0.017976 0.0190878 4 
0.0137611 0.0137856 5 
0.0136939 0.0146413 5 
0.0134537 0.0134542 5 
0.0132394 0.0137881 5 
0.0130779 0.0138006 5 
0.0129849 0.0131013 5 
0.0127518 0.0145868 5 
0.0127184 0.0139263 5 
0.0127017 0.0135438 5 
0.0125245 0.0126501 5 
0.0125078 0.0128106 5 
0.012208 0.0123284 5 
0.011988 0.0123458 5 
0.0116788 0.0117933 5 
0.0116745 0.0121203 5 
0.0116219 0.0121363 5 
0.0116081 0.0124599 5 
0.0115143 0.0121078 5 
0.011509 0.0122236 5 
0.0115041 0.0127375 5 
0.0114955 0.0132404 5 
0.0114318 0.0121458 5 
0.0113633 0.0114694 5 
0.0113082 0.0113162 5 
0.0113003 0.0114359 5 
0.0112136 0.011757 5 
0.0111399 0.0115545 5 
0.0111344 0.0117876 5 
0.0111051 0.0111425 5 
0.0109861 0.0111425 5 
0.0109625 0.0110182 5 
0.0109156 0.0128594 5 
0.0109154 0.0112361 5 
0.0108116 0.0117577 5 
0.0107902 0.0108642 5 
0.0107701 0.0115279 5 
0.0107438 0.011189 5 
0.0107349 0.0116518 5 
0.0107104 0.0112615 5 
0.0106782 0.0109487 5 
0.010675 0.0112953 5 
0.0106375 0.0109576 5 
0.0105684 0.0111825 5 
0.010551 0.0112413 5 
0.0105066 0.0107259 5 
0.0104526 0.010963 5 
0.0104219 0.0111536 5 
0.0104132 0.0106638 5 
0.0104119 0.0104607 5 
0.0103735 0.0105509 5 
0.0103417 0.0113418 5 
0.0103377 0.010755 5 
0.0103177 0.0108223 5 
0.0102737 0.0109444 5 
0.0102502 0.0104214 5 
0.0102291 0.0107024 5 
0.0102275 0.010766 5 
0.0101327 0.0105509 5 
0.0101245 0.0101676 5 
0.0100333 0.01089 5 
0.0100299 0.0108284 5 
0.0100256 0.0119148 5 
0.00993568 0.0104671 5 
0.00987744 0.0103996 5 
0.00987562 0.0105764 5 
0.00986573 0.0106372 5 
0.00984776 0.010264 5 
0.00984737 0.0112849 5 
0.0098426 0.0098664 5 
0.00984168 0.0106072 5 
0.00981576 0.0106507 5 
0.00979855 0.0101189 5 
0.00978511 0.0104171 5 
0.0097127 0.0107581 5 
0.00971202 0.0107701 5 
0.00968064 0.0100128 5 
0.00966445 0.0109808 5 
0.00966176 0.00976945 5 
0.00964368 0.0114002 5 
0.00956814 0.0104671 5 
0.00953432 0.0111161 5 
0.00952555 0.0104053 5 
0.00950191 0.0100933 5 
0.00943823 0.0100049 5 
0.00940234 0.0103843 5 
0.00939634 0.0103128 5 
0.00928786 0.0105007 5 
0.00923072 0.00984 5 
0.00912751 0.00966243 5 
0.00896685 0.0097939 5 
0.00875171 0.00901299 5 
0.00869104 0.00929905 5 
0.00834439 0.00854506 6 
0.00768498 0.00788704 6 
0.0076402 0.00788704 6 
0.00762725 0.00793926 6 
0.0068166 0.00722747 6 
0.00669753 0.00703953 6 
0.006588 0.006603 6 
0.00643094 0.00656576 6 
0.00640714 0.00705631 6 
0.00634868 0.00663392 6 
0.00634244 0.00642324 6 
0.0063206 0.00674372 6 
0.00621595 0.00635165 6 
0.0062114 0.00636082 6 
0.00620933 0.00673551 6 
0.00609585 0.00650487 6 
0.00606786 0.00647814 6 
0.00604855 0.00608642 6 
0.00602797 0.00634705 6 
0.00600609 0.00666757 6 
0.0060014 0.00619474 6 
0.00593021 0.00703953 6 
0.0059298 0.00595392 6 
0.00590414 0.00619214 6 
0.0058864 0.00615215 6 
0.00584879 0.00586662 6 
0.00580383 0.0058639 6 
0.0057808 0.00605491 6 
0.00575694 0.00576189 6 
0.00575448 0.00651028 6 
0.00572012 0.00574688 6 
0.00571722 0.00581755 6 
0.00569084 0.0060245 6 
0.00567691 0.0060061 6 
0.00565273 0.00568317 6 
0.00559773 0.00589302 6 
0.00556987 0.0058581 6 
0.00554328 0.00558697 6 
0.00552487 0.00582197 6 
0.00550763 0.00588386 6 
0.00548042 0.00551813 6 
0.00544185 0.00558209 6 
0.00543927 0.00546918 6 
0.00539462 0.00570157 6 
0.00537477 0.00567534 6 
0.00537195 0.00546936 6 
0.00533108 0.0061606 6 
0.00530779 0.00582643 6 
0.0052719 0.00552567 6 
0.00523898 0.00547534 6 
0.0052202 0.00551362 6 
0.00520683 0.00550735 6 
0.00520393 0.00536104 6 
0.0051944 0.00524021 6 
0.00517526 0.00529367 6 
0.00516768 0.00546918 6 
0.00516376 0.00558013 6 
0.00513695 0.00525818 6 
0.00513283 0.00559662 6 
0.00512996 0.00520625 6 
0.00510747 0.00511798 6 
0.00509863 0.00533207 6 
0.00506166 0.00508643 6 
0.00502019 0.00548329 6 
0.00500493 0.00541835 6 
0.00499975 0.00566042 6 
0.00499811 0.00610133 6 
0.00499507 0.00513095 6 
0.00498601 0.00584763 6 
0.00495619 0.00581378 6 
0.00492126 0.00545677 6 
0.00491474 0.00549451 6 
0.00490546 0.00556655 6 
0.00490122 0.00496956 6 
0.00489799 0.00491759 6 
0.0048944 0.0051963 6 
0.00479542 0.00489731 6 
0.00478814 0.00540701 6 
0.00478803 0.00512259 6 
0.00478755 0.00539119 6 
0.0047694 0.0052964 6 
0.0046806 0.00493198 6 
0.00465622 0.00470242 6 
0.00444073 0.00445867 6 
0.0043933 0.00470181 6 
0.00445743 0.00456406 7 
0.00377273 0.0037809 7 
0.00373832 0.00378185 7 
0.00369093 0.00388481 7 
0.00357097 0.00367219 7 
0.00345639 0.00360123 7 
0.00338952 0.00344502 7 
0.00337193 0.00339574 7 
0.00336193 0.00374006 7 
0.00335457 0.00335664 7 
0.00335162 0.0035597 7 
0.00334061 0.00391151 7 
0.00331069 0.00339414 7 
0.00323449 0.00323884 7 
0.00323113 0.00341871 7 
0.00314376 0.0035806 7 
0.00313457 0.00319288 7 
0.00308447 0.00332615 7 
0.00300952 0.00319103 7 
0.00299803 0.00312183 7 
0.00299089 0.00304436 7 
0.00298092 0.00298113 7 
0.00295772 0.00296097 7 
0.00295033 0.00337619 7 
0.00294539 0.00317619 7 
0.00294325 0.00296188 7 
0.00292126 0.00293742 7 
0.0029132 0.00320568 7 
0.00290658 0.00328952 7 
0.00290532 0.00301157 7 
0.00289581 0.00298022 7 
0.00284393 0.00300304 7 
0.00283991 0.00298517 7 
0.00278472 0.00341652 7 
0.00276754 0.00281471 7 
0.00276667 0.00306389 7 
0.00273664 0.00290155 7 
0.00272946 0.00281544 7 
0.0027275 0.00292141 7 
0.00271378 0.00282336 7 
0.00271102 0.00286005 7 
0.00269666 0.0027718 7 
0.00269335 0.00277672 7 
0.00268758 0.00293648 7 
0.00268753 0.00280913 7 
0.00267913 0.00272884 7 
0.00266683 0.00302382 7 
0.0026617 0.00268336 7 
0.00264343 0.00314301 7 
0.00264127 0.00302314 7 
0.00264107 0.00289333 7 
0.00259258 0.00295304 7 
0.00257939 0.00262039 7 
0.00257554 0.00288567 7 
0.00257519 0.00313417 7 
0.00256959 0.00286424 7 
0.00252981 0.00275542 7 
0.00238009 0.00246423 7 
0.0023264 0.00249343 7 
0.00228402 0.00230885 7 
0.00258175 0.00272643 8 
0.00217964 0.00221052 8 
0.00197966 0.00205768 8 
0.00194713 0.00195514 8 
0.00194705 0.001948 8 
0.00194557 0.00205199 8 
0.00190894 0.00224946 8 
0.00187092 0.00187933 8 
0.00183135 0.00206925 8 
0.0018064 0.00184171 8 
0.0017939 0.00180686 8 
0.00177836 0.00182733 8 
0.00176581 0.00192724 8 
0.00175782 0.00194623 8 
0.00171524 0.00179552 8 
0.00170788 0.00181345 8 
0.00170436 0.00180245 8 
0.00167422 0.00171138 8 
0.00163915 0.00169675 8 
0.00162429 0.00189518 8 
0.00162259 0.0017016 8 
0.00162116 0.00174175 8 
0.00161958 0.00167813 8 
0.00161381 0.00181742 8 
0.00160876 0.00168438 8 
0.0015748 0.00161558 8 
0.00156611 0.00162508 8 
0.00155698 0.0016897 8 
0.00153618 0.00179757 8 
0.00152683 0.00171959 8 
0.00149825 0.00151432 8 
0.00149749 0.00175574 8 
0.00149145 0.00171189 8 
0.0014857 0.00152281 8 
0.00146604 0.00160559 8 
0.00146305 0.00154756 8 
0.00145617 0.00146365 8 
0.00145568 0.00167934 8 
0.00145527 0.00155211 8 
0.00144948 0.00154391 8 
0.00144791 0.0017401 8 
0.00144643 0.00151662 8 
0.00144172 0.00164976 8 
0.00143749 0.00152957 8 
0.00143428 0.00152282 8 
0.00142738 0.00146586 8 
0.00142345 0.00144078 8 
0.00141501 0.00155505 8 
0.00137266 0.00153311 8 
0.00137182 0.00138997 8 
0.00127717 0.00130201 8 
0.00123648 0.00124877 8 
0.00120144 0.00122073 8 
0.00119804 0.00133396 8 
0.0015412 0.00162229 9 
0.00117192 0.0011735 9 
0.00114633 0.00121769 9 
0.00111685 0.00132056 9 
0.00107224 0.00109395 9 
0.00105779 0.00110418 9 
0.00105475 0.00108872 9 
0.00104744 0.00105194 9 
0.00102204 0.00104312 9 
0.00100875 0.00115366 9 
0.00100367 0.00106004 9 
0.00100178 0.00104013 9 
0.000957902 0.000966246 9 
0.000956116 0.00107122 9 
0.000951991 0.001014 9 
0.000949119 0.000965084 9 
0.000944168 0.000984397 9 
0.000933878 0.0009477 9 
0.000921653 0.000930438 9 
0.000920687 0.00104312 9 
0.0009186 0.000961492 9 
0.000880491 0.00101582 9 
0.000872974 0.000905667 9 
0.000857125 0.000985191 9 
0.000856144 0.000871389 9 
0.000852144 0.000854369 9 
0.00084814 0.00099518 9 
0.000848022 0.000956754 9 
0.000847749 0.000873737 9 
0.000847729 0.000858975 9 
0.000834355 0.000946136 9 
0.000828318 0.000982515 9 
0.000823515 0.000863141 9 
0.00082253 0.000842519 9 
0.000820874 0.000859012 9 
0.000819695 0.000827289 9 
0.000816174 0.000971262 9 
0.000809426 0.000812448 9 
0.000805269 0.000875098 9 
0.000804327 0.000874637 9 
0.000793385 0.000905815 9 
0.000783483 0.000813938 9 
0.000773275 0.000794128 9 
0.00075761 0.000827289 9 
0.000678349 0.00072302 9 
0.00067795 0.000691483 9 
0.00067133 0.000671839 9 
0.000668075 0.000691483 9 
0.000645943 0.000657759 9 
