0.527199 0.542271 0 
0.524739 0.538889 0 
0.524511 0.538865 0 
0.524395 0.547024 0 
0.523699 0.541677 0 
0.523688 0.538357 0 
0.523368 0.54421 0 
0.522663 0.540753 0 
0.522481 0.54167 0 
0.522446 0.539886 0 
0.522381 0.537605 0 
0.522363 0.539394 0 
0.521909 0.54121 0 
0.521821 0.538411 0 
0.521815 0.537833 0 
0.521774 0.537605 0 
0.521697 0.538975 0 
0.521687 0.538231 0 
0.521664 0.53638 0 
0.521604 0.539485 0 
0.521497 0.545 0 
0.521471 0.540781 0 
0.521366 0.535772 0 
0.521331 0.536744 0 
0.521266 0.537094 0 
0.521178 0.542125 0 
0.521152 0.548193 0 
0.521059 0.540952 0 
0.521049 0.540238 0 
0.521031 0.538763 0 
0.52101 0.52411 0 
0.520743 0.538034 0 
0.520728 0.54483 0 
0.52068 0.536744 0 
0.520551 0.541299 0 
0.520506 0.540764 0 
0.520402 0.54019 0 
0.520338 0.542503 0 
0.520247 0.541068 0 
0.520235 0.520645 0 
0.520186 0.521732 0 
0.520104 0.521568 0 
0.520081 0.539141 0 
0.520063 0.53972 0 
0.519893 0.54015 0 
0.519871 0.520599 0 
0.519845 0.540961 0 
0.519834 0.542932 0 
0.519725 0.520874 0 
0.519702 0.541337 0 
0.519629 0.521077 0 
0.519568 0.520928 0 
0.519551 0.521568 0 
0.51953 0.524026 0 
0.519529 0.545426 0 
0.519425 0.543265 0 
0.519389 0.519428 0 
0.519324 0.544874 0 
0.519319 0.542531 0 
0.519256 0.534275 0 
0.519252 0.54019 0 
0.519221 0.542444 0 
0.519082 0.520116 0 
0.51908 0.521215 0 
0.518879 0.541026 0 
0.518827 0.541591 0 
0.518827 0.519028 0 
0.518796 0.519983 0 
0.518795 0.53855 0 
0.518787 0.542932 0 
0.518711 0.53927 0 
0.518696 0.539676 0 
0.51869 0.546799 0 
0.518641 0.544864 0 
0.518548 0.53686 0 
0.518518 0.5435 0 
0.518503 0.539132 0 
0.518501 0.541485 0 
0.518393 0.544832 0 
0.518379 0.518465 0 
0.51824 0.519539 0 
0.518147 0.538943 0 
0.518139 0.518653 0 
0.518123 0.541989 0 
0.518043 0.542987 0 
0.517962 0.544265 0 
0.517895 0.539423 0 
0.517842 0.544014 0 
0.517823 0.540763 0 
0.517772 0.539199 0 
0.517763 0.52033 0 
0.517537 0.542002 0 
0.517516 0.518795 0 
0.517466 0.518429 0 
0.51745 0.518461 0 
0.517442 0.542295 0 
0.517387 0.518798 0 
0.517356 0.52265 0 
0.51732 0.538946 0 
0.517199 0.538946 0 
0.517131 0.542816 0 
0.51712 0.54421 0 
0.517018 0.544995 0 
0.517011 0.539485 0 
0.516894 0.535938 0 
0.516829 0.519428 0 
0.516816 0.540516 0 
0.516812 0.543687 0 
0.516792 0.51948 0 
0.51671 0.539485 0 
0.516678 0.540206 0 
0.516625 0.538964 0 
0.516487 0.517804 0 
0.51644 0.519707 0 
0.516405 0.543823 0 
0.516372 0.520053 0 
0.516362 0.547459 0 
0.516198 0.541477 0 
0.516171 0.524792 0 
0.516094 0.521313 0 
0.516046 0.53932 0 
0.516009 0.54415 0 
0.515942 0.545853 0 
0.515934 0.546157 0 
0.515826 0.540846 0 
0.515747 0.544159 0 
0.515696 0.537429 0 
0.515616 0.517203 0 
0.515607 0.538809 0 
0.515416 0.545002 0 
0.515382 0.519179 0 
0.515362 0.524489 0 
0.515327 0.539676 0 
0.515281 0.538341 0 
0.515179 0.516389 0 
0.515032 0.541529 0 
0.514941 0.545855 0 
0.514912 0.516821 0 
0.514753 0.519161 0 
0.51474 0.52097 0 
0.514705 0.514971 0 
0.514694 0.520133 0 
0.514547 0.52039 0 
0.514515 0.541068 0 
0.514432 0.515191 0 
0.514396 0.52097 0 
0.514349 0.518485 0 
0.514311 0.53708 0 
0.514267 0.540405 0 
0.514194 0.53808 0 
0.514138 0.54121 0 
0.514068 0.538341 0 
0.514029 0.515233 0 
0.513993 0.538231 0 
0.513939 0.536766 0 
0.513891 0.514207 0 
0.513886 0.5157 0 
0.513875 0.515117 0 
0.513719 0.5435 0 
0.513705 0.514329 0 
0.513677 0.514088 0 
0.513638 0.515078 0 
0.513626 0.538799 0 
0.513482 0.54121 0 
0.513474 0.515855 0 
0.513409 0.543995 0 
0.513364 0.515576 0 
0.513335 0.540011 0 
0.513334 0.513358 0 
0.513314 0.515633 0 
0.513277 0.542711 0 
0.513266 0.514844 0 
0.513265 0.543285 0 
0.513239 0.516842 0 
0.513235 0.517571 0 
0.513228 0.540763 0 
0.513188 0.543285 0 
0.513166 0.543205 0 
0.512968 0.53932 0 
0.512963 0.544462 0 
0.512807 0.516056 0 
0.512752 0.544421 0 
0.512531 0.517054 0 
0.512528 0.538987 0 
0.512422 0.512905 0 
0.512383 0.515233 0 
0.512378 0.514859 0 
0.512364 0.514183 0 
0.512355 0.539178 0 
0.512324 0.513963 0 
0.512165 0.513196 0 
0.512156 0.514032 0 
0.512144 0.513829 0 
0.512144 0.514779 0 
0.51213 0.514088 0 
0.511977 0.54273 0 
0.511974 0.514984 0 
0.51195 0.545353 0 
0.511818 0.512301 0 
0.511798 0.540601 0 
0.51178 0.513767 0 
0.511718 0.512278 0 
0.511716 0.512491 0 
0.511709 0.550447 0 
0.511706 0.514258 0 
0.51167 0.515599 0 
0.511637 0.513343 0 
0.511603 0.514278 0 
0.511595 0.537048 0 
0.511527 0.512752 0 
0.51152 0.53757 0 
0.511491 0.512313 0 
0.511462 0.512278 0 
0.511457 0.511868 0 
0.511442 0.536461 0 
0.511428 0.511967 0 
0.511412 0.514242 0 
0.511377 0.514389 0 
0.511349 0.512181 0 
0.511333 0.513492 0 
0.511295 0.51533 0 
0.511291 0.513606 0 
0.511214 0.511224 0 
0.511212 0.513623 0 
0.511201 0.512138 0 
0.511198 0.511358 0 
0.511188 0.513321 0 
0.511175 0.51421 0 
0.511162 0.513829 0 
0.511152 0.513473 0 
0.511128 0.513612 0 
0.511116 0.515566 0 
0.51111 0.514157 0 
0.511091 0.53912 0 
0.511085 0.514198 0 
0.511068 0.54515 0 
0.511068 0.515272 0 
0.511058 0.511522 0 
0.511035 0.514674 0 
0.510981 0.513281 0 
0.510948 0.512904 0 
0.510809 0.512918 0 
0.510766 0.513423 0 
0.510751 0.513466 0 
0.510611 0.512105 0 
0.510462 0.514207 0 
0.510344 0.511865 0 
0.510325 0.543603 0 
0.510267 0.513975 0 
0.510244 0.510832 0 
0.510242 0.545145 0 
0.510241 0.514475 0 
0.510233 0.514414 0 
0.510119 0.510455 0 
0.510055 0.513524 0 
0.509991 0.510342 0 
0.509983 0.511781 0 
0.509967 0.514509 0 
0.509859 0.512903 0 
0.509856 0.510425 0 
0.509844 0.512862 0 
0.509835 0.513492 0 
0.509832 0.513173 0 
0.50978 0.546387 0 
0.509706 0.514057 0 
0.509703 0.514759 0 
0.50966 0.53932 0 
0.509648 0.513706 0 
0.5096 0.515599 0 
0.509563 0.513473 0 
0.509508 0.511352 0 
0.509488 0.511065 0 
0.509456 0.540516 0 
0.509416 0.515053 0 
0.509376 0.512905 0 
0.509373 0.518267 0 
0.509302 0.547823 0 
0.509279 0.514837 0 
0.509156 0.514738 0 
0.509122 0.513008 0 
0.508995 0.514216 0 
0.508833 0.514389 0 
0.508824 0.544956 0 
0.508753 0.515661 0 
0.508657 0.513709 0 
0.508629 0.514919 0 
0.508541 0.514743 0 
0.508531 0.544149 0 
0.507824 0.514837 0 
0.507811 0.515855 0 
0.506246 0.511729 0 
0.229126 0.237636 1 
0.228223 0.236744 1 
0.224458 0.225146 1 
0.224058 0.228693 1 
0.223265 0.232678 1 
0.223231 0.22896 1 
0.222723 0.224725 1 
0.222267 0.232269 1 
0.222244 0.223272 1 
0.22188 0.229593 1 
0.221696 0.222658 1 
0.221641 0.225303 1 
0.221564 0.227183 1 
0.221237 0.22835 1 
0.22121 0.221924 1 
0.220938 0.224034 1 
0.220819 0.222858 1 
0.220221 0.229923 1 
0.220174 0.231152 1 
0.220128 0.233831 1 
0.220076 0.220969 1 
0.22004 0.229222 1 
0.219974 0.222774 1 
0.219884 0.221924 1 
0.219771 0.225303 1 
0.219731 0.22998 1 
0.219553 0.232483 1 
0.219497 0.229072 1 
0.219457 0.222348 1 
0.219384 0.225133 1 
0.219334 0.228162 1 
0.219312 0.224141 1 
0.219161 0.229433 1 
0.218993 0.227419 1 
0.218931 0.229298 1 
0.218876 0.22363 1 
0.218869 0.228906 1 
0.21851 0.218924 1 
0.218488 0.219671 1 
0.218463 0.231254 1 
0.218316 0.228906 1 
0.218246 0.218606 1 
0.218226 0.224448 1 
0.218148 0.219519 1 
0.217947 0.22294 1 
0.217918 0.224591 1 
0.217797 0.220947 1 
0.217715 0.219583 1 
0.217601 0.23199 1 
0.217341 0.217954 1 
0.217166 0.221269 1 
0.217021 0.219894 1 
0.216773 0.222024 1 
0.216739 0.220211 1 
0.21671 0.217763 1 
0.216674 0.223857 1 
0.216648 0.228546 1 
0.216566 0.226762 1 
0.216366 0.223497 1 
0.216236 0.224462 1 
0.216072 0.219237 1 
0.21605 0.220621 1 
0.21567 0.227787 1 
0.215499 0.230072 1 
0.215463 0.218305 1 
0.215451 0.226367 1 
0.215446 0.230072 1 
0.215418 0.217399 1 
0.21541 0.217248 1 
0.215229 0.221118 1 
0.215207 0.228415 1 
0.215172 0.228906 1 
0.214994 0.220299 1 
0.214991 0.233133 1 
0.214733 0.215331 1 
0.214661 0.216199 1 
0.214645 0.229906 1 
0.214628 0.224966 1 
0.214402 0.217293 1 
0.214284 0.221913 1 
0.214199 0.217763 1 
0.214184 0.21997 1 
0.2141 0.21419 1 
0.214078 0.227781 1 
0.214069 0.220621 1 
0.214054 0.21703 1 
0.21405 0.220297 1 
0.213938 0.240445 1 
0.213777 0.218909 1 
0.213671 0.22007 1 
0.213599 0.216856 1 
0.213498 0.222354 1 
0.213261 0.214344 1 
0.213126 0.228701 1 
0.213121 0.228598 1 
0.213095 0.213926 1 
0.212989 0.216896 1 
0.212971 0.217562 1 
0.212915 0.213611 1 
0.212811 0.214439 1 
0.212749 0.219604 1 
0.212728 0.225241 1 
0.212695 0.218631 1 
0.212687 0.218154 1 
0.212456 0.222774 1 
0.212439 0.226626 1 
0.212268 0.225723 1 
0.212188 0.213317 1 
0.211834 0.221907 1 
0.211737 0.223494 1 
0.211666 0.223636 1 
0.211543 0.219829 1 
0.211448 0.216053 1 
0.211128 0.226023 1 
0.210977 0.222354 1 
0.210951 0.221526 1 
0.2107 0.226023 1 
0.210515 0.213926 1 
0.210511 0.223828 1 
0.210399 0.220107 1 
0.210274 0.215989 1 
0.210068 0.221807 1 
0.210037 0.211023 1 
0.210026 0.21703 1 
0.209923 0.225014 1 
0.209876 0.212904 1 
0.209535 0.219983 1 
0.209482 0.216764 1 
0.209306 0.220621 1 
0.209161 0.21343 1 
0.209151 0.222003 1 
0.2088 0.228026 1 
0.208311 0.218048 1 
0.207934 0.222268 1 
0.207775 0.213298 1 
0.20766 0.220674 1 
0.207408 0.212552 1 
0.207384 0.22338 1 
0.206712 0.228611 1 
0.206318 0.218154 1 
0.206239 0.206595 1 
0.206197 0.21703 1 
0.206059 0.206942 1 
0.205468 0.205808 1 
0.205327 0.20728 1 
0.20527 0.205611 1 
0.205131 0.205944 1 
0.205038 0.220234 1 
0.204985 0.206342 1 
0.204871 0.206144 1 
0.204871 0.206824 1 
0.204785 0.208685 1 
0.204694 0.207609 1 
0.204573 0.204915 1 
0.204513 0.216102 1 
0.204386 0.207611 1 
0.204171 0.20506 1 
0.204147 0.207653 1 
0.204033 0.205911 1 
0.203813 0.206669 1 
0.203778 0.206595 1 
0.203773 0.204233 1 
0.203538 0.205381 1 
0.203537 0.206215 1 
0.203517 0.20467 1 
0.203443 0.217184 1 
0.203096 0.205993 1 
0.203003 0.203482 1 
0.202869 0.204073 1 
0.202775 0.205351 1 
0.202765 0.204233 1 
0.202746 0.205972 1 
0.202669 0.206512 1 
0.202626 0.20359 1 
0.202597 0.202725 1 
0.202551 0.202679 1 
0.202526 0.202861 1 
0.202513 0.204655 1 
0.202471 0.205635 1 
0.202442 0.202591 1 
0.202434 0.206883 1 
0.202371 0.204256 1 
0.202276 0.205639 1 
0.202248 0.207754 1 
0.202219 0.204442 1 
0.202207 0.203814 1 
0.202206 0.202613 1 
0.202056 0.204979 1 
0.201765 0.203946 1 
0.201758 0.203419 1 
0.201697 0.201829 1 
0.201493 0.202124 1 
0.201472 0.202155 1 
0.201457 0.202163 1 
0.201443 0.201784 1 
0.201425 0.20339 1 
0.201425 0.20376 1 
0.201306 0.201588 1 
0.201301 0.201719 1 
0.201285 0.206072 1 
0.201277 0.202456 1 
0.201112 0.202725 1 
0.201078 0.203669 1 
0.200969 0.201517 1 
0.200963 0.204448 1 
0.200907 0.205944 1 
0.200861 0.20339 1 
0.200837 0.207474 1 
0.200811 0.208155 1 
0.200764 0.201253 1 
0.200745 0.202195 1 
0.200513 0.208685 1 
0.200385 0.201203 1 
0.200363 0.20081 1 
0.200282 0.20467 1 
0.200276 0.202511 1 
0.200226 0.200412 1 
0.200208 0.205373 1 
0.200183 0.200666 1 
0.200128 0.203786 1 
0.200101 0.204849 1 
0.199992 0.201615 1 
0.199984 0.20284 1 
0.199959 0.200194 1 
0.199835 0.204318 1 
0.199706 0.204204 1 
0.199701 0.202989 1 
0.199699 0.204835 1 
0.1995 0.200713 1 
0.199476 0.203447 1 
0.199395 0.203427 1 
0.199372 0.201512 1 
0.19936 0.200476 1 
0.199354 0.202974 1 
0.199234 0.202895 1 
0.199173 0.202163 1 
0.19912 0.204555 1 
0.198963 0.204575 1 
0.198775 0.20595 1 
0.198466 0.200781 1 
0.197431 0.201764 1 
0.109533 0.11021 2 
0.108795 0.10946 2 
0.108737 0.10943 2 
0.108715 0.110601 2 
0.108509 0.109451 2 
0.106436 0.1065 2 
0.106413 0.109865 2 
0.106122 0.106431 2 
0.105198 0.109163 2 
0.104496 0.105446 2 
0.104296 0.109823 2 
0.10417 0.104303 2 
0.104027 0.104219 2 
0.103787 0.111096 2 
0.10333 0.103537 2 
0.103295 0.104786 2 
0.103217 0.103661 2 
0.103183 0.103703 2 
0.103022 0.104648 2 
0.102911 0.104999 2 
0.102755 0.105726 2 
0.102359 0.107701 2 
0.102316 0.106608 2 
0.102297 0.102485 2 
0.102105 0.103016 2 
0.101636 0.104271 2 
0.101564 0.104308 2 
0.101262 0.102522 2 
0.101046 0.104736 2 
0.100617 0.101742 2 
0.100502 0.100791 2 
0.1004 0.100642 2 
0.100278 0.103728 2 
0.100191 0.102363 2 
0.100105 0.105102 2 
0.100081 0.100485 2 
0.0997178 0.100655 2 
0.099483 0.102695 2 
0.0994611 0.104418 2 
0.0992933 0.0994774 2 
0.0991396 0.104096 2 
0.0987582 0.0988376 2 
0.0987234 0.101136 2 
0.0986185 0.0988709 2 
0.0977864 0.101531 2 
0.0976435 0.0979006 2 
0.0975646 0.0979953 2 
0.0975012 0.102677 2 
0.0973032 0.102934 2 
0.0969106 0.101746 2 
0.0968279 0.102292 2 
0.0968077 0.101417 2 
0.096665 0.0987541 2 
0.0965068 0.104736 2 
0.0964264 0.0972283 2 
0.0961982 0.101883 2 
0.0961964 0.0962192 2 
0.0961447 0.101319 2 
0.0960649 0.0997894 2 
0.0955796 0.100515 2 
0.0953199 0.101321 2 
0.095257 0.0974206 2 
0.0950488 0.101702 2 
0.0946021 0.0965913 2 
0.0944588 0.0962231 2 
0.0941404 0.105767 2 
0.0940023 0.102882 2 
0.0939615 0.102697 2 
0.0936349 0.0965353 2 
0.0932542 0.0966342 2 
0.0924599 0.0961042 2 
0.0920429 0.101096 2 
0.0914381 0.0929341 2 
0.0909199 0.0912246 2 
0.0906337 0.0959631 2 
0.0901156 0.0903415 2 
0.0893368 0.0899072 2 
0.0890162 0.0896658 2 
0.0889753 0.0893768 2 
0.088877 0.090158 2 
0.0888297 0.0905402 2 
0.0888243 0.0924988 2 
0.0888098 0.0924232 2 
0.0888071 0.0889125 2 
0.0887661 0.0902778 2 
0.0887618 0.0919196 2 
0.0887313 0.0893944 2 
0.0886444 0.0905698 2 
0.0885659 0.0889858 2 
0.0884408 0.0886594 2 
0.0884022 0.0934019 2 
0.0883999 0.0891501 2 
0.0883141 0.0903415 2 
0.0882876 0.090601 2 
0.0882444 0.0884589 2 
0.0882115 0.0919544 2 
0.0881359 0.0898529 2 
0.0879271 0.0885923 2 
0.0879207 0.0907569 2 
0.087856 0.0879089 2 
0.0877349 0.0901129 2 
0.0877334 0.0879064 2 
0.0876525 0.088186 2 
0.0876059 0.0878899 2 
0.0874114 0.090156 2 
0.0873888 0.0887096 2 
0.0873747 0.0896075 2 
0.0873596 0.0921322 2 
0.0872168 0.0908575 2 
0.0871528 0.0876711 2 
0.0870361 0.088186 2 
0.0868527 0.0871166 2 
0.0867817 0.0868827 2 
0.086741 0.0908575 2 
0.0866975 0.0918978 2 
0.0866418 0.092643 2 
0.0866233 0.087331 2 
0.0865455 0.0867413 2 
0.0863925 0.0891289 2 
0.086333 0.0867396 2 
0.0862077 0.0879165 2 
0.0861976 0.090047 2 
0.086191 0.0898218 2 
0.086178 0.0887843 2 
0.0860584 0.0869922 2 
0.0859896 0.0869512 2 
0.085838 0.0897784 2 
0.0856879 0.0869512 2 
0.0855139 0.0895175 2 
0.0852727 0.0873368 2 
0.0852364 0.0860076 2 
0.0851215 0.091282 2 
0.0850372 0.0862133 2 
0.0849156 0.0856888 2 
0.0848818 0.0867472 2 
0.0848693 0.0868827 2 
0.084696 0.086793 2 
0.0846465 0.0854792 2 
0.084615 0.0870666 2 
0.0845454 0.0849223 2 
0.0845315 0.0854407 2 
0.084513 0.0873093 2 
0.0844613 0.0863471 2 
0.0844064 0.0895949 2 
0.0844027 0.0853484 2 
0.0844014 0.0853416 2 
0.084327 0.0875763 2 
0.0842722 0.0876693 2 
0.0841997 0.0873093 2 
0.0841197 0.0858937 2 
0.084037 0.0849021 2 
0.0839823 0.0882665 2 
0.083957 0.0885335 2 
0.083891 0.0892911 2 
0.0838362 0.0881365 2 
0.0837458 0.0886621 2 
0.0837198 0.0894532 2 
0.0835303 0.0840415 2 
0.0833272 0.0862593 2 
0.0832669 0.0864753 2 
0.0831065 0.0866721 2 
0.082635 0.0855292 2 
0.0821826 0.0847841 2 
0.0819539 0.0833767 2 
0.0560597 0.0564827 3 
0.0557294 0.0598336 3 
0.0547993 0.0549469 3 
0.0545733 0.0555132 3 
0.0538799 0.0539059 3 
0.0537137 0.0545975 3 
0.053131 0.0538204 3 
0.0530793 0.0537741 3 
0.0523246 0.0526672 3 
0.05124 0.0536884 3 
0.0510184 0.0556188 3 
0.0496405 0.0528344 3 
0.0496184 0.052804 3 
0.0492319 0.0515556 3 
0.0491089 0.0530314 3 
0.0490023 0.0491116 3 
0.048862 0.0550314 3 
0.0486738 0.0507301 3 
0.0485653 0.0509101 3 
0.0485573 0.0488897 3 
0.0485131 0.0509497 3 
0.0484168 0.0484522 3 
0.0479975 0.0504755 3 
0.047547 0.0547058 3 
0.0473648 0.0479516 3 
0.046841 0.051576 3 
0.045716 0.0508625 3 
0.0441975 0.045149 3 
0.0433975 0.044524 3 
0.0423855 0.0443732 3 
0.0423622 0.0428103 3 
0.0423507 0.0434609 3 
0.0423484 0.0426803 3 
0.0417425 0.0426803 3 
0.0417047 0.0422328 3 
0.0416519 0.0420591 3 
0.041599 0.0420106 3 
0.0415871 0.0446768 3 
0.0414304 0.0433793 3 
0.0413651 0.0419214 3 
0.0412495 0.0413635 3 
0.0412198 0.0415714 3 
0.0411987 0.0424705 3 
0.0410284 0.0424255 3 
0.0409982 0.0412383 3 
0.040913 0.0416322 3 
0.0409108 0.0439906 3 
0.0408214 0.0421413 3 
0.0407416 0.0422499 3 
0.0405216 0.0415391 3 
0.0405183 0.0418291 3 
0.0405062 0.0411327 3 
0.0404953 0.0427316 3 
0.0404898 0.0441457 3 
0.0404282 0.0419617 3 
0.040397 0.042701 3 
0.0402734 0.0405734 3 
0.0402696 0.0404331 3 
0.0402312 0.0428142 3 
0.0401469 0.0417828 3 
0.0401273 0.0422499 3 
0.040088 0.040665 3 
0.0400441 0.0419133 3 
0.0399358 0.0424747 3 
0.0399144 0.0402446 3 
0.0396318 0.0420724 3 
0.0396133 0.0397438 3 
0.039604 0.0398551 3 
0.0395978 0.0404641 3 
0.0395619 0.0425468 3 
0.0394146 0.0403909 3 
0.0393722 0.040722 3 
0.0393441 0.0405712 3 
0.0393429 0.0397776 3 
0.0390871 0.0401344 3 
0.0390752 0.0401596 3 
0.0389379 0.0393481 3 
0.0388771 0.0408077 3 
0.0388285 0.0394943 3 
0.0388064 0.0405979 3 
0.0388029 0.0426529 3 
0.0387103 0.0424693 3 
0.0387007 0.0417012 3 
0.0385384 0.0401344 3 
0.0384895 0.0408379 3 
0.0384706 0.038487 3 
0.038451 0.0388436 3 
0.0384382 0.0426005 3 
0.0384355 0.0388992 3 
0.0383794 0.0401202 3 
0.0383227 0.0395069 3 
0.0382646 0.0402446 3 
0.0381419 0.0412158 3 
0.0381125 0.0383801 3 
0.0380795 0.0392602 3 
0.0380595 0.0381694 3 
0.0380227 0.0384793 3 
0.0380098 0.0386991 3 
0.0379576 0.0396025 3 
0.0379444 0.0416097 3 
0.0379307 0.0400853 3 
0.0379049 0.0413024 3 
0.0378777 0.0413726 3 
0.0378173 0.039144 3 
0.0377984 0.0400691 3 
0.0377214 0.039144 3 
0.0375853 0.0413392 3 
0.0373796 0.0377256 3 
0.0373722 0.0393868 3 
0.0372651 0.0381374 3 
0.0372621 0.0414351 3 
0.037186 0.0386487 3 
0.0371739 0.0407047 3 
0.0370884 0.0372904 3 
0.0368942 0.0398046 3 
0.0368384 0.0390486 3 
0.0366319 0.0381815 3 
0.0363902 0.0377785 3 
0.0356358 0.0370083 3 
0.0323651 0.0327401 4 
0.0312151 0.0312593 4 
0.0301104 0.0316847 4 
0.0280345 0.0281066 4 
0.0278636 0.0289743 4 
0.0278134 0.0280701 4 
0.0271525 0.0311905 4 
0.0270889 0.0283694 4 
0.0270697 0.0315812 4 
0.026205 0.0275494 4 
0.0257181 0.0294207 4 
0.0247353 0.0259441 4 
0.022908 0.023237 4 
0.021912 0.0231684 4 
0.021712 0.0220045 4 
0.0213886 0.0216582 4 
0.0213646 0.0215276 4 
0.0212356 0.0214892 4 
0.0211869 0.0216582 4 
0.0209157 0.0213609 4 
0.0208153 0.0221144 4 
0.0205922 0.0214236 4 
0.0205203 0.0217019 4 
0.0203825 0.021134 4 
0.0203488 0.0207207 4 
0.0201272 0.021606 4 
0.0201256 0.0210235 4 
0.0201096 0.0211262 4 
0.0200783 0.0207483 4 
0.0200385 0.020804 4 
0.0199709 0.0202438 4 
0.0199694 0.0217434 4 
0.0199653 0.0202119 4 
0.0199424 0.0207712 4 
0.0199155 0.0202438 4 
0.0198408 0.0207207 4 
0.0198396 0.0202529 4 
0.0198229 0.020155 4 
0.0198012 0.0206466 4 
0.0197598 0.0201194 4 
0.0197208 0.0197251 4 
0.0196976 0.0201416 4 
0.0196676 0.0216087 4 
0.0196654 0.020155 4 
0.0196153 0.0196826 4 
0.0195878 0.0201635 4 
0.0195482 0.0195672 4 
0.0195293 0.0210512 4 
0.0194737 0.0207503 4 
0.0194447 0.020804 4 
0.0193742 0.0202856 4 
0.0192824 0.020088 4 
0.0192562 0.0197928 4 
0.0190992 0.0200103 4 
0.0190568 0.0198742 4 
0.0189097 0.0196061 4 
0.0189082 0.0194149 4 
0.0188792 0.019987 4 
0.0188564 0.0190647 4 
0.0186809 0.0198768 4 
0.0186729 0.0196758 4 
0.0186417 0.0200239 4 
0.0186221 0.0191597 4 
0.0185826 0.0185891 4 
0.0185392 0.0191597 4 
0.0185218 0.0189171 4 
0.0184668 0.0199752 4 
0.0184407 0.019119 4 
0.0184203 0.0187336 4 
0.0184099 0.0200875 4 
0.0184092 0.0200441 4 
0.0184032 0.0202334 4 
0.0183993 0.0184721 4 
0.0183973 0.0188976 4 
0.0183655 0.019843 4 
0.0183582 0.0190793 4 
0.0183395 0.0196826 4 
0.0182937 0.0183547 4 
0.0182478 0.0200915 4 
0.0182386 0.0195269 4 
0.0182227 0.0200441 4 
0.0181632 0.0182001 4 
0.0181279 0.0201052 4 
0.018053 0.0197937 4 
0.018045 0.0199071 4 
0.0180245 0.0201225 4 
0.0179878 0.019286 4 
0.0179821 0.0183481 4 
0.0179539 0.0183859 4 
0.0179295 0.0181747 4 
0.0179262 0.0186963 4 
0.0178824 0.020126 4 
0.0178368 0.0182863 4 
0.0178156 0.0194447 4 
0.0177694 0.0186728 4 
0.0176558 0.0180537 4 
0.0175511 0.0184446 4 
0.0174113 0.0174115 4 
0.0173958 0.017397 4 
0.0173472 0.0187336 4 
0.0172875 0.0186587 4 
0.0171745 0.0188931 4 
0.0171153 0.0178668 4 
0.0171006 0.0179812 4 
0.0169408 0.0177216 4 
0.016709 0.0170426 4 
0.0188893 0.019063 5 
0.0167494 0.0191652 5 
0.0162382 0.0181993 5 
0.0153469 0.0160647 5 
0.01501 0.0176138 5 
0.0126145 0.012721 5 
0.011369 0.0116387 5 
0.0112165 0.0112608 5 
0.0111896 0.0115972 5 
0.0111038 0.0114117 5 
0.0109342 0.0111481 5 
0.0108849 0.0111149 5 
0.0107215 0.0107522 5 
0.0107011 0.0109059 5 
0.0105427 0.0109682 5 
0.0104838 0.0110653 5 
0.0104746 0.0104779 5 
0.0104686 0.0110312 5 
0.0104278 0.010869 5 
0.010205 0.0102429 5 
0.0101903 0.0105005 5 
0.0101821 0.0106015 5 
0.0101731 0.0111808 5 
0.0101104 0.0101533 5 
0.0100829 0.0108089 5 
0.0100304 0.0104766 5 
0.00995673 0.0109517 5 
0.00990959 0.00996599 5 
0.00987222 0.0100171 5 
0.00985054 0.0105117 5 
0.0098503 0.00991822 5 
0.00983157 0.0101206 5 
0.00971795 0.0104406 5 
0.00968868 0.0101483 5 
0.00968572 0.00998962 5 
0.00968173 0.00990839 5 
0.00967162 0.00996857 5 
0.00966347 0.0104633 5 
0.00961387 0.0102484 5 
0.00953506 0.0101257 5 
0.0095305 0.0100338 5 
0.00952086 0.0102484 5 
0.00949005 0.0105344 5 
0.00946796 0.0099876 5 
0.00945392 0.00969535 5 
0.00943647 0.0094666 5 
0.00940039 0.00959202 5 
0.00932091 0.0100673 5 
0.00927559 0.0101206 5 
0.0092472 0.00976349 5 
0.00923333 0.0094281 5 
0.00922329 0.00977265 5 
0.00921642 0.0103577 5 
0.00917796 0.00972053 5 
0.00916947 0.0093325 5 
0.00914671 0.0098856 5 
0.00903007 0.00920157 5 
0.00899951 0.0102079 5 
0.00887684 0.00972053 5 
0.00886908 0.00942678 5 
0.00884371 0.00907597 5 
0.00883452 0.00913411 5 
0.00882774 0.00952591 5 
0.00882191 0.010051 5 
0.00880031 0.0102447 5 
0.00879868 0.0100156 5 
0.0087553 0.00906834 5 
0.00871685 0.00921428 5 
0.00859617 0.0099825 5 
0.00855941 0.0088945 5 
0.00850665 0.0089091 5 
0.0083934 0.00868478 5 
0.00836754 0.00880533 5 
0.00829317 0.00898688 5 
0.00811187 0.00898977 5 
0.00797486 0.00873203 5 
0.0109012 0.0123217 6 
0.0102326 0.0111558 6 
0.00937802 0.00988421 6 
0.00864573 0.0106484 6 
0.00592406 0.00600032 6 
0.00584035 0.00617673 6 
0.00580181 0.00592928 6 
0.00577881 0.00600592 6 
0.00558096 0.00572417 6 
0.00556296 0.00565107 6 
0.00546713 0.00566224 6 
0.00545886 0.00553983 6 
0.00540018 0.00558049 6 
0.00533701 0.00534354 6 
0.00533614 0.00571726 6 
0.00524589 0.00559325 6 
0.00522785 0.00540507 6 
0.00522491 0.00579509 6 
0.00519065 0.00525221 6 
0.00515341 0.0054316 6 
0.0051455 0.00581295 6 
0.00513952 0.00519382 6 
0.00512846 0.00541337 6 
0.00505199 0.00506988 6 
0.0050369 0.00524455 6 
0.00502827 0.00519904 6 
0.00502706 0.00508886 6 
0.00499011 0.00515627 6 
0.00497385 0.00592196 6 
0.004938 0.00514739 6 
0.00488909 0.00504577 6 
0.00487257 0.00501013 6 
0.00486371 0.00489048 6 
0.00482149 0.00485518 6 
0.00480758 0.00556481 6 
0.00479372 0.00502206 6 
0.0047334 0.00520297 6 
0.00459733 0.0048122 6 
0.00458224 0.00470718 6 
0.00455874 0.00504945 6 
0.00453818 0.00556583 6 
0.00453574 0.00453756 6 
0.00449051 0.00487607 6 
0.00448998 0.00490653 6 
0.00447723 0.00456387 6 
0.00446522 0.00530789 6 
0.00442964 0.00446336 6 
0.00441435 0.00442507 6 
0.00438986 0.00515597 6 
0.00437622 0.00440203 6 
0.00437516 0.00443915 6 
0.00437131 0.00438925 6 
0.00434061 0.00542454 6 
0.00431629 0.0043203 6 
0.00429304 0.00443915 6 
0.00429241 0.00465866 6 
0.00427234 0.00429759 6 
0.00424395 0.0043203 6 
0.00396657 0.00442507 6 
0.00705037 0.00796706 7 
0.00666866 0.00710828 7 
0.00584983 0.00617947 7 
0.00541935 0.00661638 7 
0.00329492 0.00351938 7 
0.00318501 0.00342625 7 
0.00316883 0.0032263 7 
0.00303761 0.0030962 7 
0.00301672 0.00312647 7 
0.00301096 0.00314557 7 
0.00300207 0.00301493 7 
0.00299824 0.00300874 7 
0.00295874 0.00301256 7 
0.00294983 0.0029971 7 
0.00290465 0.00346447 7 
0.00286909 0.0033804 7 
0.00280472 0.00314427 7 
0.00278188 0.00300851 7 
0.00274308 0.00284136 7 
0.0027377 0.00280856 7 
0.00272124 0.00274423 7 
0.00270672 0.00274423 7 
0.0026586 0.00314382 7 
0.0026563 0.00273389 7 
0.00263836 0.00268231 7 
0.00263148 0.00271936 7 
0.00262186 0.00269811 7 
0.00259667 0.00331538 7 
0.00259251 0.00268231 7 
0.00257358 0.00260437 7 
0.00254301 0.00285799 7 
0.00254152 0.00262158 7 
0.00253586 0.0026018 7 
0.00253076 0.00264964 7 
0.00251903 0.00257361 7 
0.00246478 0.00257897 7 
0.00243229 0.00244331 7 
0.00241566 0.00265355 7 
0.0023713 0.00260232 7 
0.00236997 0.00287956 7 
0.00236975 0.00251248 7 
0.00233685 0.00275118 7 
0.00233272 0.00240294 7 
0.00231835 0.00243377 7 
0.00231551 0.00238277 7 
0.00230288 0.0023517 7 
0.00227964 0.00242946 7 
0.00226286 0.00246295 7 
0.00226079 0.00240294 7 
0.0022353 0.00230428 7 
0.00220304 0.00229189 7 
0.00208705 0.00223629 7 
0.00455569 0.00525472 8 
0.00443507 0.00460265 8 
0.00370445 0.00394907 8 
0.00348713 0.00431562 8 
0.00202054 0.00218474 8 
0.00175844 0.00186781 8 
0.00174383 0.00195718 8 
0.0017283 0.0020648 8 
0.00170497 0.00181759 8 
0.00169768 0.00181056 8 
0.0016538 0.00174807 8 
0.0016523 0.0016878 8 
0.00159878 0.00165072 8 
0.00158832 0.0015973 8 
0.00157413 0.00160697 8 
0.00155452 0.00158875 8 
0.00149375 0.00167102 8 
0.0014881 0.00153212 8 
0.00147875 0.00152694 8 
0.00146705 0.00159225 8 
0.00145673 0.00169394 8 
0.001441 0.00193633 8 
0.00142562 0.00144628 8 
0.00141985 0.00149194 8 
0.00141838 0.00144256 8 
0.00141477 0.00141501 8 
0.00141166 0.00142118 8 
0.00137224 0.00141998 8 
0.00136283 0.00136461 8 
0.00133271 0.0014202 8 
0.00133139 0.00143348 8 
0.00132179 0.00150485 8 
0.0013164 0.00133111 8 
0.00130107 0.00137002 8 
0.00129813 0.00146096 8 
0.00128406 0.00139705 8 
0.00125966 0.00129815 8 
0.00125583 0.00134416 8 
0.00124821 0.00125513 8 
0.00124321 0.00134497 8 
0.00123342 0.0013233 8 
0.00122526 0.00123021 8 
0.00120706 0.00122797 8 
0.00112074 0.00116137 8 
0.00300688 0.00351034 9 
0.00298495 0.00302031 9 
0.00239016 0.0025621 9 
0.0022829 0.00282469 9 
0.00128047 0.00135846 9 
0.00111107 0.00111719 9 
0.00109924 0.00127588 9 
0.00109908 0.00116762 9 
0.00103299 0.00104841 9 
0.00101383 0.00102096 9 
0.00101217 0.00106529 9 
0.00100138 0.0011254 9 
0.000976186 0.0010341 9 
0.000944276 0.000982175 9 
0.000918741 0.000962391 9 
0.000902626 0.000998171 9 
0.000886559 0.00089066 9 
0.000885261 0.00114798 9 
0.000882247 0.00102129 9 
0.000873078 0.000943814 9 
0.00086886 0.000921488 9 
0.000844243 0.000894851 9 
0.000821318 0.000851133 9 
0.000787457 0.000868531 9 
0.000781508 0.000796904 9 
0.000765289 0.00083876 9 
0.000763648 0.0008151 9 
0.000757585 0.000829694 9 
0.000735809 0.000841685 9 
0.000735626 0.000835923 9 
0.000731083 0.000753399 9 
0.000728257 0.000758934 9 
0.000717923 0.000738119 9 
0.000706113 0.000730045 9 
0.000689627 0.000695208 9 
0.000681031 0.000754358 9 
0.000663858 0.000703824 9 
0.00064583 0.000666395 9 
