0 0.497288 0 
0 0.497599 0 
0 0.497686 0 
0 0.500043 0 
0 0.50148 0 
0 0.501797 0 
0 0.501901 0 
0 0.502096 0 
0 0.502363 0 
0 0.502533 0 
0 0.502688 0 
0 0.503075 0 
0 0.503432 0 
0 0.503506 0 
0 0.503998 0 
0 0.504097 0 
0 0.504408 0 
0 0.504583 0 
0 0.504651 0 
0 0.504841 0 
0 0.5049 0 
0 0.504941 0 
0 0.505044 0 
0 0.505125 0 
0 0.505126 0 
0 0.505151 0 
0 0.505175 0 
0 0.505309 0 
0 0.505334 0 
0 0.505358 0 
0 0.505505 0 
0 0.505518 0 
0 0.505675 0 
0 0.505756 0 
0 0.505894 0 
0 0.505924 0 
0 0.505931 0 
0 0.50595 0 
0 0.506088 0 
0 0.506344 0 
0 0.506408 0 
0 0.506434 0 
0 0.506442 0 
0 0.50659 0 
0 0.506705 0 
0 0.506739 0 
0 0.506743 0 
0 0.506781 0 
0 0.50692 0 
0 0.50699 0 
0 0.507015 0 
0 0.507104 0 
0 0.507173 0 
0 0.507174 0 
0 0.507236 0 
0 0.507251 0 
0 0.507288 0 
0 0.507557 0 
0 0.507594 0 
0 0.507597 0 
0 0.507616 0 
0 0.507672 0 
0 0.507767 0 
0 0.507822 0 
0 0.507831 0 
0 0.507842 0 
0 0.507913 0 
0 0.507926 0 
0 0.507947 0 
0 0.507983 0 
0 0.508024 0 
0 0.508063 0 
0 0.508187 0 
0 0.508188 0 
0 0.508252 0 
0 0.508257 0 
0 0.508271 0 
0 0.508331 0 
0 0.508506 0 
0 0.50854 0 
0 0.508733 0 
0 0.508736 0 
0 0.508752 0 
0 0.508826 0 
0 0.5089 0 
0 0.508903 0 
0 0.50897 0 
0 0.509037 0 
0 0.50911 0 
0 0.509169 0 
0 0.50919 0 
0 0.5092 0 
0 0.509229 0 
0 0.50926 0 
0 0.5093 0 
0 0.509306 0 
0 0.509318 0 
0 0.509339 0 
0 0.509371 0 
0 0.509404 0 
0 0.509406 0 
0 0.509409 0 
0 0.50975 0 
0 0.509836 0 
0 0.509987 0 
0 0.510181 0 
0 0.510185 0 
0 0.510204 0 
0 0.510232 0 
0 0.510284 0 
0 0.510351 0 
0 0.510404 0 
0 0.51055 0 
0 0.510629 0 
0 0.510693 0 
0 0.510749 0 
0 0.510853 0 
0 0.511017 0 
0 0.511241 0 
0 0.511357 0 
0 0.511394 0 
0 0.511537 0 
0 0.511727 0 
0 0.511846 0 
0 0.511951 0 
0 0.512467 0 
0 0.512528 0 
0 inf 0 
0 0.191017 1 
0 0.192391 1 
0 0.193429 1 
0 0.193788 1 
0 0.195021 1 
0 0.195097 1 
0 0.195384 1 
0 0.195419 1 
0 0.195498 1 
0 0.195956 1 
0 0.195964 1 
0 0.196217 1 
0 0.196309 1 
0 0.196498 1 
0 0.196524 1 
0 0.196547 1 
0 0.196549 1 
0 0.196706 1 
0 0.19676 1 
0 0.196847 1 
0 0.19697 1 
0 0.197017 1 
0 0.197305 1 
0 0.197326 1 
0 0.197468 1 
0 0.197475 1 
0 0.197494 1 
0 0.197542 1 
0 0.197708 1 
0 0.197818 1 
0 0.197899 1 
0 0.197997 1 
0 0.19821 1 
0 0.198295 1 
0 0.198306 1 
0 0.198489 1 
0 0.198565 1 
0 0.198703 1 
0 0.198868 1 
0 0.199002 1 
0 0.199011 1 
0 0.19917 1 
0 0.199178 1 
0 0.199192 1 
0 0.199196 1 
0 0.199302 1 
0 0.199394 1 
0 0.199418 1 
0 0.199441 1 
0 0.199442 1 
0 0.199562 1 
0 0.199579 1 
0 0.19959 1 
0 0.199652 1 
0 0.199706 1 
0 0.199766 1 
0 0.199823 1 
0 0.199859 1 
0 0.199929 1 
0 0.199942 1 
0 0.199946 1 
0 0.199982 1 
0 0.200046 1 
0 0.200059 1 
0 0.20007 1 
0 0.200105 1 
0 0.200124 1 
0 0.200242 1 
0 0.2003 1 
0 0.200422 1 
0 0.200715 1 
0 0.200762 1 
0 0.200834 1 
0 0.200847 1 
0 0.200941 1 
0 0.200971 1 
0 0.201022 1 
0 0.20104 1 
0 0.201056 1 
0 0.201096 1 
0 0.201204 1 
0 0.201221 1 
0 0.201277 1 
0 0.201316 1 
0 0.201386 1 
0 0.201427 1 
0 0.201503 1 
0 0.201507 1 
0 0.201539 1 
0 0.201561 1 
0 0.201561 1 
0 0.201675 1 
0 0.201796 1 
0 0.201843 1 
0 0.201895 1 
0 0.201902 1 
0 0.201912 1 
0 0.201954 1 
0 0.202055 1 
0 0.202101 1 
0 0.202189 1 
0 0.202263 1 
0 0.202331 1 
0 0.20236 1 
0 0.202368 1 
0 0.202517 1 
0 0.202537 1 
0 0.202549 1 
0 0.202584 1 
0 0.202675 1 
0 0.202744 1 
0 0.20275 1 
0 0.202899 1 
0 0.202995 1 
0 0.203308 1 
0 0.203312 1 
0 0.203573 1 
0 0.203723 1 
0 0.204014 1 
0 0.20408 1 
0 0.204091 1 
0 0.204121 1 
0 0.204302 1 
0 0.204325 1 
0 0.204464 1 
0 0.204526 1 
0 0.204821 1 
0 inf 1 
0 0.0773401 2 
0 0.0792409 2 
0 0.0794534 2 
0 0.0797895 2 
0 0.0807551 2 
0 0.0808628 2 
0 0.0810134 2 
0 0.0811065 2 
0 0.0811067 2 
0 0.0812076 2 
0 0.0812122 2 
0 0.0812952 2 
0 0.0813858 2 
0 0.0813937 2 
0 0.0814905 2 
0 0.0815394 2 
0 0.0816406 2 
0 0.0818206 2 
0 0.0818607 2 
0 0.0820462 2 
0 0.0820522 2 
0 0.0823031 2 
0 0.0823613 2 
0 0.0824127 2 
0 0.0827341 2 
0 0.08296 2 
0 0.0830604 2 
0 0.0830875 2 
0 0.0830941 2 
0 0.0830971 2 
0 0.0831226 2 
0 0.0832061 2 
0 0.0832447 2 
0 0.0833592 2 
0 0.0834679 2 
0 0.0835276 2 
0 0.0835842 2 
0 0.0836576 2 
0 0.0837457 2 
0 0.0840978 2 
0 0.0843391 2 
0 0.0844328 2 
0 0.0845013 2 
0 0.0845043 2 
0 0.0845567 2 
0 0.0845742 2 
0 0.0846548 2 
0 0.0847315 2 
0 0.0847462 2 
0 0.0848726 2 
0 0.0848804 2 
0 0.0849677 2 
0 0.0850528 2 
0 0.0850997 2 
0 0.085128 2 
0 0.0851347 2 
0 0.0851546 2 
0 0.0851755 2 
0 0.085205 2 
0 0.0852156 2 
0 0.085233 2 
0 0.0852723 2 
0 0.0852958 2 
0 0.0853793 2 
0 0.0853846 2 
0 0.0853959 2 
0 0.0853975 2 
0 0.0853979 2 
0 0.0854204 2 
0 0.0854356 2 
0 0.0854525 2 
0 0.0854718 2 
0 0.0855237 2 
0 0.0855359 2 
0 0.08576 2 
0 0.0858335 2 
0 0.0858663 2 
0 0.085876 2 
0 0.0858892 2 
0 0.0859903 2 
0 0.0860134 2 
0 0.0860489 2 
0 0.0860538 2 
0 0.0861548 2 
0 0.0862274 2 
0 0.0862987 2 
0 0.0863304 2 
0 0.086393 2 
0 0.0864219 2 
0 0.0864277 2 
0 0.0864629 2 
0 0.0865748 2 
0 0.086648 2 
0 0.0867047 2 
0 0.0867334 2 
0 0.0867509 2 
0 0.0870217 2 
0 0.0871123 2 
0 0.0871463 2 
0 0.0871589 2 
0 0.087184 2 
0 0.0872124 2 
0 0.0872724 2 
0 0.0873975 2 
0 0.0876141 2 
0 0.0877381 2 
0 0.0880676 2 
0 0.0881015 2 
0 0.0881739 2 
0 0.0882092 2 
0 0.0883572 2 
0 0.0884511 2 
0 0.0885644 2 
0 0.0885881 2 
0 0.0888233 2 
0 0.0888234 2 
0 0.088853 2 
0 0.0890594 2 
0 0.089089 2 
0 0.0892562 2 
0 0.08938 2 
0 0.0898466 2 
0 0.0901015 2 
0 0.0904872 2 
0 0.090673 2 
0 0.0909618 2 
0 0.0914416 2 
0 inf 2 
0 0.0335536 3 
0 0.0342714 3 
0 0.0345232 3 
0 0.0347625 3 
0 0.0352672 3 
0 0.0353085 3 
0 0.0353192 3 
0 0.0353733 3 
0 0.0354121 3 
0 0.0355383 3 
0 0.0355896 3 
0 0.0356758 3 
0 0.0358203 3 
0 0.0359063 3 
0 0.0360499 3 
0 0.0362483 3 
0 0.0363091 3 
0 0.0363315 3 
0 0.0364026 3 
0 0.0364274 3 
0 0.0364322 3 
0 0.0364867 3 
0 0.036637 3 
0 0.0366821 3 
0 0.0367297 3 
0 0.0367784 3 
0 0.0368912 3 
0 0.0370087 3 
0 0.0370197 3 
0 0.037167 3 
0 0.037333 3 
0 0.0374655 3 
0 0.0374983 3 
0 0.0375554 3 
0 0.0376563 3 
0 0.0377428 3 
0 0.0377493 3 
0 0.0378343 3 
0 0.0379135 3 
0 0.037942 3 
0 0.0380324 3 
0 0.0381061 3 
0 0.0381601 3 
0 0.0381619 3 
0 0.0381631 3 
0 0.0383145 3 
0 0.0383158 3 
0 0.0383201 3 
0 0.0383308 3 
0 0.0383352 3 
0 0.0383428 3 
0 0.038344 3 
0 0.0383622 3 
0 0.0384157 3 
0 0.0384443 3 
0 0.0384533 3 
0 0.0384612 3 
0 0.0384867 3 
0 0.0385074 3 
0 0.0385374 3 
0 0.0385945 3 
0 0.0386224 3 
0 0.0387027 3 
0 0.0387578 3 
0 0.0387729 3 
0 0.0387798 3 
0 0.0387854 3 
0 0.0388078 3 
0 0.038816 3 
0 0.0388334 3 
0 0.0388564 3 
0 0.0388843 3 
0 0.0389434 3 
0 0.0389931 3 
0 0.0391107 3 
0 0.0391215 3 
0 0.0391409 3 
0 0.0391416 3 
0 0.039229 3 
0 0.0392403 3 
0 0.0392677 3 
0 0.0394042 3 
0 0.0394746 3 
0 0.0394771 3 
0 0.0394933 3 
0 0.0395341 3 
0 0.0396073 3 
0 0.0396172 3 
0 0.0397279 3 
0 0.0398184 3 
0 0.0398584 3 
0 0.0399814 3 
0 0.0400154 3 
0 0.0401637 3 
0 0.040166 3 
0 0.0402418 3 
0 0.0402471 3 
0 0.0403351 3 
0 0.0404398 3 
0 0.040443 3 
0 0.0405117 3 
0 0.0405891 3 
0 0.0406024 3 
0 0.0406786 3 
0 0.0407304 3 
0 0.0407417 3 
0 0.0407839 3 
0 0.0408693 3 
0 0.0408709 3 
0 0.0409303 3 
0 0.0409904 3 
0 0.0410144 3 
0 0.0413247 3 
0 0.0413766 3 
0 0.0415211 3 
0 0.0415983 3 
0 0.0416778 3 
0 0.0417147 3 
0 0.0417158 3 
0 0.0419931 3 
0 0.0419986 3 
0 0.0421981 3 
0 0.0422235 3 
0 0.0429487 3 
0 0.0432085 3 
0 0.0437166 3 
0 0.0437966 3 
0 inf 3 
0 0.0153887 4 
0 0.0156859 4 
0 0.0157391 4 
0 0.0158975 4 
0 0.015997 4 
0 0.0161326 4 
0 0.016167 4 
0 0.0162443 4 
0 0.0163305 4 
0 0.0163373 4 
0 0.016383 4 
0 0.0165621 4 
0 0.0166246 4 
0 0.0167276 4 
0 0.0167794 4 
0 0.0167803 4 
0 0.0168116 4 
0 0.0168218 4 
0 0.016911 4 
0 0.0170003 4 
0 0.0170139 4 
0 0.0170141 4 
0 0.0171911 4 
0 0.0172115 4 
0 0.0174456 4 
0 0.0174533 4 
0 0.0175543 4 
0 0.0176243 4 
0 0.0176288 4 
0 0.0176364 4 
0 0.0176404 4 
0 0.0176771 4 
0 0.017678 4 
0 0.0177344 4 
0 0.0177871 4 
0 0.017796 4 
0 0.017833 4 
0 0.0178417 4 
0 0.0178932 4 
0 0.0179207 4 
0 0.0179418 4 
0 0.0180528 4 
0 0.0181131 4 
0 0.0181283 4 
0 0.0181634 4 
0 0.0181749 4 
0 0.0181764 4 
0 0.0182083 4 
0 0.0182154 4 
0 0.0182767 4 
0 0.0182769 4 
0 0.0183077 4 
0 0.018311 4 
0 0.018369 4 
0 0.018395 4 
0 0.018411 4 
0 0.0184255 4 
0 0.0184448 4 
0 0.0184475 4 
0 0.0184799 4 
0 0.0184884 4 
0 0.0185038 4 
0 0.0185091 4 
0 0.0185312 4 
0 0.0185378 4 
0 0.0185528 4 
0 0.0185545 4 
0 0.0186297 4 
0 0.0186391 4 
0 0.0186981 4 
0 0.018726 4 
0 0.0187381 4 
0 0.0187738 4 
0 0.018777 4 
0 0.0188031 4 
0 0.0188242 4 
0 0.0188556 4 
0 0.0188914 4 
0 0.018905 4 
0 0.0189387 4 
0 0.0189393 4 
0 0.018971 4 
0 0.0190105 4 
0 0.0190262 4 
0 0.0190504 4 
0 0.0190708 4 
0 0.0190811 4 
0 0.0191446 4 
0 0.0191777 4 
0 0.019209 4 
0 0.0192724 4 
0 0.0192932 4 
0 0.0193466 4 
0 0.0194173 4 
0 0.0196038 4 
0 0.019646 4 
0 0.0196535 4 
0 0.0197928 4 
0 0.0198293 4 
0 0.0198776 4 
0 0.0198824 4 
0 0.0199431 4 
0 0.0199562 4 
0 0.0199906 4 
0 0.0200044 4 
0 0.020034 4 
0 0.0201099 4 
0 0.0201658 4 
0 0.0201705 4 
0 0.0201936 4 
0 0.0202173 4 
0 0.0202641 4 
0 0.0202859 4 
0 0.0203188 4 
0 0.0203751 4 
0 0.0203949 4 
0 0.0204136 4 
0 0.020415 4 
0 0.0204431 4 
0 0.0204936 4 
0 0.0209044 4 
0 0.0209587 4 
0 0.0212815 4 
0 0.0214047 4 
0 0.0214141 4 
0 0.0215861 4 
0 0.0219972 4 
0 inf 4 
0 0.00718833 5 
0 0.00752591 5 
0 0.00755792 5 
0 0.00764366 5 
0 0.00766307 5 
0 0.0076886 5 
0 0.00770707 5 
0 0.00771444 5 
0 0.00782644 5 
0 0.0078303 5 
0 0.00787706 5 
0 0.00791672 5 
0 0.0079282 5 
0 0.0080212 5 
0 0.00821066 5 
0 0.00821145 5 
0 0.00821321 5 
0 0.00824374 5 
0 0.00831703 5 
0 0.00832836 5 
0 0.00839969 5 
0 0.00841091 5 
0 0.00846621 5 
0 0.0084921 5 
0 0.00850856 5 
0 0.00850887 5 
0 0.00852561 5 
0 0.00855013 5 
0 0.00858382 5 
0 0.00863197 5 
0 0.00868183 5 
0 0.00868302 5 
0 0.00869605 5 
0 0.0087392 5 
0 0.00874995 5 
0 0.00882338 5 
0 0.00883181 5 
0 0.00883701 5 
0 0.00888253 5 
0 0.00889318 5 
0 0.00893283 5 
0 0.00894389 5 
0 0.00895328 5 
0 0.00897392 5 
0 0.0090111 5 
0 0.0090205 5 
0 0.00902739 5 
0 0.00902936 5 
0 0.00905407 5 
0 0.00909105 5 
0 0.00909447 5 
0 0.00910545 5 
0 0.00911425 5 
0 0.00913123 5 
0 0.00915931 5 
0 0.0091698 5 
0 0.00917806 5 
0 0.00918365 5 
0 0.00918951 5 
0 0.00922068 5 
0 0.00922875 5 
0 0.0092345 5 
0 0.009263 5 
0 0.00928264 5 
0 0.00928523 5 
0 0.00930295 5 
0 0.00930967 5 
0 0.00931548 5 
0 0.00935594 5 
0 0.00935777 5 
0 0.00936914 5 
0 0.00937358 5 
0 0.0093772 5 
0 0.00939592 5 
0 0.00940256 5 
0 0.00940338 5 
0 0.00941517 5 
0 0.00942191 5 
0 0.00944841 5 
0 0.00945362 5 
0 0.00946692 5 
0 0.00946968 5 
0 0.00947076 5 
0 0.00949807 5 
0 0.00950938 5 
0 0.00957692 5 
0 0.00964432 5 
0 0.00973403 5 
0 0.00976004 5 
0 0.00978072 5 
0 0.00978288 5 
0 0.00979938 5 
0 0.00981153 5 
0 0.00985765 5 
0 0.00991562 5 
0 0.00993559 5 
0 0.00993718 5 
0 0.00994055 5 
0 0.00994403 5 
0 0.0100062 5 
0 0.0100211 5 
0 0.0100381 5 
0 0.0100843 5 
0 0.0101196 5 
0 0.0101474 5 
0 0.0101925 5 
0 0.0102016 5 
0 0.0102083 5 
0 0.010242 5 
0 0.0102823 5 
0 0.0102988 5 
0 0.0103655 5 
0 0.0103877 5 
0 0.0104041 5 
0 0.0104166 5 
0 0.0104287 5 
0 0.0105028 5 
0 0.0106124 5 
0 0.0106126 5 
0 0.0106345 5 
0 0.0107935 5 
0 0.0108764 5 
0 0.010915 5 
0 0.0109411 5 
0 0.0109785 5 
0 0.0110469 5 
0 0.0115665 5 
0 inf 5 
0 0.00347957 6 
0 0.00366443 6 
0 0.00373711 6 
0 0.00374904 6 
0 0.00376806 6 
0 0.00378172 6 
0 0.00382873 6 
0 0.00382886 6 
0 0.00383299 6 
0 0.003876 6 
0 0.0039328 6 
0 0.00393954 6 
0 0.00400414 6 
0 0.00412781 6 
0 0.00417373 6 
0 0.00417486 6 
0 0.00417572 6 
0 0.00419467 6 
0 0.00420214 6 
0 0.00421426 6 
0 0.0042343 6 
0 0.00424386 6 
0 0.00424557 6 
0 0.00427807 6 
0 0.00428645 6 
0 0.0043088 6 
0 0.00431071 6 
0 0.00435673 6 
0 0.00435721 6 
0 0.00440095 6 
0 0.00440956 6 
0 0.00443888 6 
0 0.00444201 6 
0 0.00445025 6 
0 0.00446375 6 
0 0.004465 6 
0 0.00446735 6 
0 0.00447717 6 
0 0.00449655 6 
0 0.00450194 6 
0 0.00451928 6 
0 0.00454296 6 
0 0.00455323 6 
0 0.00456534 6 
0 0.00458392 6 
0 0.00461366 6 
0 0.00464589 6 
0 0.0046662 6 
0 0.00466776 6 
0 0.0046809 6 
0 0.00468626 6 
0 0.00471419 6 
0 0.00471919 6 
0 0.0047197 6 
0 0.00472881 6 
0 0.00472984 6 
0 0.00474456 6 
0 0.00474603 6 
0 0.00474895 6 
0 0.004749 6 
0 0.00475344 6 
0 0.00476202 6 
0 0.00477172 6 
0 0.00477841 6 
0 0.00478502 6 
0 0.00479558 6 
0 0.00481467 6 
0 0.00482365 6 
0 0.0048283 6 
0 0.00483523 6 
0 0.00483898 6 
0 0.00483995 6 
0 0.00484452 6 
0 0.0049008 6 
0 0.00491739 6 
0 0.00492309 6 
0 0.00493388 6 
0 0.00493994 6 
0 0.00494602 6 
0 0.00496023 6 
0 0.0049699 6 
0 0.00497796 6 
0 0.004982 6 
0 0.00498319 6 
0 0.00498743 6 
0 0.00499209 6 
0 0.00500003 6 
0 0.0050254 6 
0 0.0050456 6 
0 0.00504691 6 
0 0.00504997 6 
0 0.00505039 6 
0 0.00506258 6 
0 0.0051098 6 
0 0.00511276 6 
0 0.00517901 6 
0 0.00518688 6 
0 0.00518766 6 
0 0.00519444 6 
0 0.00520856 6 
0 0.00523844 6 
0 0.00528865 6 
0 0.00531853 6 
0 0.00531904 6 
0 0.00536563 6 
0 0.00537235 6 
0 0.00537535 6 
0 0.00540581 6 
0 0.00543249 6 
0 0.00543673 6 
0 0.00545299 6 
0 0.00546272 6 
0 0.00547838 6 
0 0.00547878 6 
0 0.00547924 6 
0 0.00554359 6 
0 0.00555699 6 
0 0.00556481 6 
0 0.00561512 6 
0 0.00562546 6 
0 0.00563506 6 
0 0.00570285 6 
0 0.00578471 6 
0 0.00579471 6 
0 0.00581283 6 
0 0.0059447 6 
0 0.00596226 6 
0 inf 6 
0 0.00173927 7 
0 0.00184655 7 
0 0.00185065 7 
0 0.00188809 7 
0 0.00189799 7 
0 0.00190041 7 
0 0.00191431 7 
0 0.00193685 7 
0 0.00197631 7 
0 0.0020357 7 
0 0.00206665 7 
0 0.00207929 7 
0 0.00210112 7 
0 0.0021217 7 
0 0.0021271 7 
0 0.00213545 7 
0 0.00215628 7 
0 0.00218759 7 
0 0.00218939 7 
0 0.00219029 7 
0 0.00219362 7 
0 0.00220267 7 
0 0.00220481 7 
0 0.00223623 7 
0 0.00224336 7 
0 0.00227075 7 
0 0.00227103 7 
0 0.00227825 7 
0 0.00228231 7 
0 0.00228405 7 
0 0.00228744 7 
0 0.00228848 7 
0 0.00229441 7 
0 0.00229951 7 
0 0.00231919 7 
0 0.00233228 7 
0 0.00233253 7 
0 0.0023334 7 
0 0.00235697 7 
0 0.00236556 7 
0 0.00239028 7 
0 0.00239285 7 
0 0.00241407 7 
0 0.00241986 7 
0 0.00242336 7 
0 0.00242595 7 
0 0.00242843 7 
0 0.00243258 7 
0 0.00243903 7 
0 0.00245022 7 
0 0.00245622 7 
0 0.00247065 7 
0 0.00247762 7 
0 0.0024797 7 
0 0.00248941 7 
0 0.0024974 7 
0 0.00249917 7 
0 0.00250482 7 
0 0.00252502 7 
0 0.00253716 7 
0 0.00253719 7 
0 0.00254131 7 
0 0.00254606 7 
0 0.00254903 7 
0 0.00255071 7 
0 0.00255855 7 
0 0.00255882 7 
0 0.00255912 7 
0 0.00256844 7 
0 0.00257249 7 
0 0.0025756 7 
0 0.00258838 7 
0 0.00259448 7 
0 0.00260462 7 
0 0.00260466 7 
0 0.00260482 7 
0 0.00260769 7 
0 0.00262837 7 
0 0.00262852 7 
0 0.00263335 7 
0 0.00264818 7 
0 0.00267005 7 
0 0.00267386 7 
0 0.00267901 7 
0 0.00268588 7 
0 0.00270667 7 
0 0.00271202 7 
0 0.00271396 7 
0 0.00272179 7 
0 0.00273888 7 
0 0.00273977 7 
0 0.00276122 7 
0 0.00278353 7 
0 0.00278791 7 
0 0.00279458 7 
0 0.00280613 7 
0 0.00282962 7 
0 0.00285338 7 
0 0.00285752 7 
0 0.00285953 7 
0 0.00286023 7 
0 0.00286073 7 
0 0.00286162 7 
0 0.00286204 7 
0 0.00286435 7 
0 0.00286486 7 
0 0.00286829 7 
0 0.00287004 7 
0 0.00289117 7 
0 0.00289441 7 
0 0.00290531 7 
0 0.00292609 7 
0 0.00292726 7 
0 0.00295575 7 
0 0.00296419 7 
0 0.00298968 7 
0 0.00298995 7 
0 0.00299082 7 
0 0.00299996 7 
0 0.00303935 7 
0 0.00306264 7 
0 0.0031232 7 
0 0.00315282 7 
0 0.00315537 7 
0 0.00318201 7 
0 0.00328004 7 
0 0.0033199 7 
0 inf 7 
0 0.000894578 8 
0 0.00093177 8 
0 0.000948995 8 
0 0.000963313 8 
0 0.000988494 8 
0 0.000990014 8 
0 0.00099373 8 
0 0.00101497 8 
0 0.00104569 8 
0 0.0010735 8 
0 0.00109241 8 
0 0.00111085 8 
0 0.00111786 8 
0 0.00112282 8 
0 0.0011231 8 
0 0.00115071 8 
0 0.0011576 8 
0 0.00115852 8 
0 0.00116663 8 
0 0.00116871 8 
0 0.0011809 8 
0 0.00118684 8 
0 0.00118729 8 
0 0.00118872 8 
0 0.00119267 8 
0 0.00119603 8 
0 0.00119675 8 
0 0.00119866 8 
0 0.00120165 8 
0 0.00120932 8 
0 0.00120955 8 
0 0.00121792 8 
0 0.00122687 8 
0 0.00123194 8 
0 0.00123829 8 
0 0.0012407 8 
0 0.00124073 8 
0 0.00124567 8 
0 0.00125554 8 
0 0.00127635 8 
0 0.00127691 8 
0 0.00127717 8 
0 0.00127849 8 
0 0.00128307 8 
0 0.00129047 8 
0 0.00129396 8 
0 0.001301 8 
0 0.00130315 8 
0 0.00130697 8 
0 0.00130823 8 
0 0.00132024 8 
0 0.00132087 8 
0 0.00132979 8 
0 0.00133018 8 
0 0.00133084 8 
0 0.00133349 8 
0 0.00133381 8 
0 0.00133527 8 
0 0.0013492 8 
0 0.00135335 8 
0 0.00135367 8 
0 0.00135607 8 
0 0.00135651 8 
0 0.00136257 8 
0 0.00136755 8 
0 0.00137141 8 
0 0.00137707 8 
0 0.00138445 8 
0 0.00138727 8 
0 0.00139109 8 
0 0.00139509 8 
0 0.00140391 8 
0 0.00140601 8 
0 0.0014335 8 
0 0.00143838 8 
0 0.00144458 8 
0 0.00144717 8 
0 0.00144891 8 
0 0.00144993 8 
0 0.00145049 8 
0 0.0014615 8 
0 0.00146845 8 
0 0.0014773 8 
0 0.0014775 8 
0 0.00148301 8 
0 0.00148661 8 
0 0.00149571 8 
0 0.00151287 8 
0 0.00151402 8 
0 0.00151439 8 
0 0.00151568 8 
0 0.00151778 8 
0 0.00151831 8 
0 0.00153153 8 
0 0.00153494 8 
0 0.00153599 8 
0 0.00154482 8 
0 0.00154549 8 
0 0.00155408 8 
0 0.00155677 8 
0 0.00155776 8 
0 0.00156467 8 
0 0.0015673 8 
0 0.00157185 8 
0 0.00158199 8 
0 0.00158717 8 
0 0.00158751 8 
0 0.0015883 8 
0 0.00158924 8 
0 0.00159894 8 
0 0.00159975 8 
0 0.00160113 8 
0 0.00161271 8 
0 0.00161284 8 
0 0.00162803 8 
0 0.001665 8 
0 0.00169531 8 
0 0.00169615 8 
0 0.00170371 8 
0 0.00171103 8 
0 0.00171343 8 
0 0.00172984 8 
0 0.00173627 8 
0 0.00177849 8 
0 0.00177857 8 
0 0.00188433 8 
0 0.00190961 8 
0 inf 8 
0 0.000471742 9 
0 0.000475518 9 
0 0.00048581 9 
0 0.00051991 9 
0 0.000527808 9 
0 0.000529549 9 
0 0.000531266 9 
0 0.000551509 9 
0 0.000559441 9 
0 0.000566102 9 
0 0.000594111 9 
0 0.000603386 9 
0 0.000605267 9 
0 0.000607631 9 
0 0.000621164 9 
0 0.000625109 9 
0 0.000625344 9 
0 0.000626576 9 
0 0.000629635 9 
0 0.000630202 9 
0 0.000632193 9 
0 0.000632399 9 
0 0.000637409 9 
0 0.00064181 9 
0 0.000644223 9 
0 0.000645088 9 
0 0.000652869 9 
0 0.000655318 9 
0 0.00065561 9 
0 0.000659581 9 
0 0.000659642 9 
0 0.000661037 9 
0 0.000662715 9 
0 0.00067151 9 
0 0.000675795 9 
0 0.000676175 9 
0 0.000681046 9 
0 0.000684137 9 
0 0.00068603 9 
0 0.000688379 9 
0 0.000691038 9 
0 0.000691717 9 
0 0.000691801 9 
0 0.000694255 9 
0 0.000694782 9 
0 0.000700397 9 
0 0.000703045 9 
0 0.000705365 9 
0 0.000709386 9 
0 0.000718333 9 
0 0.000719558 9 
0 0.000720089 9 
0 0.000720818 9 
0 0.000721111 9 
0 0.00072293 9 
0 0.000727393 9 
0 0.000727682 9 
0 0.000732607 9 
0 0.000733562 9 
0 0.00073539 9 
0 0.000738178 9 
0 0.000738925 9 
0 0.000742638 9 
0 0.000743325 9 
0 0.000746752 9 
0 0.000749953 9 
0 0.000751552 9 
0 0.000756952 9 
0 0.000759607 9 
0 0.000759802 9 
0 0.00076234 9 
0 0.00076568 9 
0 0.000782511 9 
0 0.000787303 9 
0 0.00078962 9 
0 0.000791052 9 
0 0.000798742 9 
0 0.000799831 9 
0 0.000799979 9 
0 0.000800779 9 
0 0.000803503 9 
0 0.000811053 9 
0 0.000823772 9 
0 0.000826242 9 
0 0.000829535 9 
0 0.000829797 9 
0 0.000837238 9 
0 0.000838871 9 
0 0.000843834 9 
0 0.000846784 9 
0 0.00084734 9 
0 0.000848927 9 
0 0.000849513 9 
0 0.000850641 9 
0 0.000851925 9 
0 0.000855015 9 
0 0.000860635 9 
0 0.000861546 9 
0 0.000862989 9 
0 0.000864618 9 
0 0.000865471 9 
0 0.000865927 9 
0 0.000865929 9 
0 0.000867299 9 
0 0.000869083 9 
0 0.000882757 9 
0 0.000887257 9 
0 0.000887466 9 
0 0.000900651 9 
0 0.000903903 9 
0 0.000904747 9 
0 0.000906503 9 
0 0.000908375 9 
0 0.000931613 9 
0 0.000950457 9 
0 0.000964512 9 
0 0.000970093 9 
0 0.00097785 9 
0 0.000983224 9 
0 0.000983366 9 
0 0.000986675 9 
0 0.000991152 9 
0 0.0010068 9 
0 0.00101282 9 
0 0.00103166 9 
0 0.00108576 9 
0 0.00113569 9 
0 inf 9 
