0.522983 0.540168 0 
0.522214 0.541346 0 
0.522194 0.539404 0 
0.522116 0.538259 0 
0.521767 0.522125 0 
0.521698 0.540782 0 
0.521559 0.540609 0 
0.521352 0.539328 0 
0.521342 0.541405 0 
0.52134 0.542023 0 
0.520975 0.54103 0 
0.520972 0.539812 0 
0.520895 0.53944 0 
0.520539 0.521196 0 
0.520387 0.539099 0 
0.520263 0.541874 0 
0.520196 0.540723 0 
0.520134 0.521823 0 
0.520121 0.542523 0 
0.520112 0.54012 0 
0.520078 0.540723 0 
0.520035 0.540065 0 
0.519878 0.540823 0 
0.519816 0.541311 0 
0.519812 0.539812 0 
0.519722 0.53899 0 
0.519662 0.539404 0 
0.519644 0.541509 0 
0.519589 0.540214 0 
0.519552 0.51993 0 
0.519545 0.519889 0 
0.519405 0.542757 0 
0.519391 0.543062 0 
0.51936 0.539665 0 
0.519262 0.539404 0 
0.519223 0.539841 0 
0.519215 0.539858 0 
0.519034 0.541478 0 
0.518981 0.540595 0 
0.518979 0.54064 0 
0.518942 0.54023 0 
0.518744 0.542859 0 
0.51867 0.542598 0 
0.518655 0.538726 0 
0.518485 0.538813 0 
0.518455 0.541692 0 
0.51842 0.542617 0 
0.518369 0.541822 0 
0.518368 0.540645 0 
0.518323 0.539796 0 
0.518314 0.538752 0 
0.518222 0.519709 0 
0.518176 0.519334 0 
0.51813 0.539526 0 
0.518039 0.518332 0 
0.518 0.519868 0 
0.517931 0.541493 0 
0.517793 0.541311 0 
0.517791 0.538726 0 
0.517687 0.517891 0 
0.517681 0.542374 0 
0.517681 0.519709 0 
0.517671 0.542029 0 
0.517561 0.543732 0 
0.517548 0.541877 0 
0.517531 0.538259 0 
0.517509 0.54178 0 
0.517468 0.542264 0 
0.517454 0.519085 0 
0.517445 0.544133 0 
0.51744 0.541978 0 
0.517392 0.538985 0 
0.51738 0.540085 0 
0.517379 0.519016 0 
0.517362 0.519868 0 
0.517326 0.539106 0 
0.517308 0.518781 0 
0.517232 0.539665 0 
0.51721 0.518657 0 
0.517202 0.518527 0 
0.51718 0.517297 0 
0.517137 0.520715 0 
0.517051 0.522348 0 
0.517013 0.519523 0 
0.516979 0.540085 0 
0.516969 0.519211 0 
0.516964 0.539841 0 
0.516964 0.543827 0 
0.516931 0.519729 0 
0.516865 0.519084 0 
0.516863 0.517793 0 
0.516842 0.541764 0 
0.516811 0.518518 0 
0.516759 0.519088 0 
0.516747 0.520117 0 
0.516725 0.542354 0 
0.516722 0.541311 0 
0.516702 0.516996 0 
0.516689 0.540561 0 
0.516665 0.542095 0 
0.516664 0.516896 0 
0.516636 0.517217 0 
0.516628 0.539319 0 
0.516576 0.517201 0 
0.516541 0.542223 0 
0.51654 0.518075 0 
0.516504 0.540088 0 
0.516491 0.538726 0 
0.516485 0.517891 0 
0.516449 0.516643 0 
0.516438 0.539841 0 
0.516422 0.53899 0 
0.516337 0.539858 0 
0.516336 0.542184 0 
0.516283 0.517687 0 
0.516271 0.516487 0 
0.516262 0.51747 0 
0.516242 0.541478 0 
0.516234 0.517073 0 
0.516145 0.517525 0 
0.516136 0.538275 0 
0.51612 0.540642 0 
0.516094 0.543144 0 
0.516074 0.541556 0 
0.516063 0.518075 0 
0.516011 0.516088 0 
0.516005 0.517507 0 
0.516002 0.541353 0 
0.515973 0.516996 0 
0.515966 0.538259 0 
0.515937 0.538275 0 
0.515927 0.518796 0 
0.515916 0.541997 0 
0.515897 0.538275 0 
0.515889 0.518983 0 
0.515865 0.540521 0 
0.515862 0.517353 0 
0.515834 0.538813 0 
0.515825 0.520499 0 
0.515824 0.518938 0 
0.515801 0.543328 0 
0.515801 0.518676 0 
0.515792 0.519091 0 
0.515773 0.516896 0 
0.515769 0.542915 0 
0.515745 0.541674 0 
0.515734 0.539526 0 
0.51569 0.51931 0 
0.515673 0.540799 0 
0.515669 0.516497 0 
0.515664 0.516786 0 
0.515662 0.542301 0 
0.515657 0.518983 0 
0.515653 0.543147 0 
0.515653 0.518267 0 
0.515652 0.541953 0 
0.515646 0.520891 0 
0.515642 0.542354 0 
0.515551 0.539903 0 
0.515502 0.538813 0 
0.515471 0.51675 0 
0.515436 0.540831 0 
0.515429 0.538275 0 
0.515428 0.51945 0 
0.515424 0.542023 0 
0.515418 0.521703 0 
0.515406 0.538726 0 
0.515382 0.53944 0 
0.515365 0.541882 0 
0.515311 0.516854 0 
0.515307 0.539847 0 
0.515275 0.519359 0 
0.515254 0.542944 0 
0.515247 0.540566 0 
0.515242 0.522997 0 
0.515193 0.517688 0 
0.515191 0.518091 0 
0.515188 0.541764 0 
0.515188 0.539841 0 
0.515181 0.51604 0 
0.515178 0.539526 0 
0.515156 0.539476 0 
0.515143 0.517625 0 
0.51514 0.540693 0 
0.515119 0.541685 0 
0.515106 0.541478 0 
0.515083 0.539858 0 
0.515078 0.541253 0 
0.515047 0.542893 0 
0.515031 0.516186 0 
0.515017 0.538752 0 
0.515017 0.53944 0 
0.515014 0.515242 0 
0.514906 0.539903 0 
0.514905 0.540526 0 
0.514898 0.542825 0 
0.514875 0.540561 0 
0.514874 0.515967 0 
0.514863 0.541953 0 
0.514828 0.516709 0 
0.514816 0.541842 0 
0.514812 0.516479 0 
0.514798 0.520416 0 
0.514748 0.539404 0 
0.514721 0.514823 0 
0.514712 0.517935 0 
0.514691 0.538068 0 
0.514684 0.540214 0 
0.514584 0.516954 0 
0.514581 0.519516 0 
0.514553 0.517131 0 
0.514469 0.515669 0 
0.514465 0.515673 0 
0.514451 0.540609 0 
0.514442 0.538985 0 
0.514439 0.515215 0 
0.514428 0.540763 0 
0.514415 0.542239 0 
0.514413 0.542767 0 
0.514377 0.514778 0 
0.51437 0.541544 0 
0.514341 0.539526 0 
0.514328 0.516575 0 
0.514325 0.540382 0 
0.514325 0.53899 0 
0.514316 0.539796 0 
0.514301 0.520416 0 
0.514296 0.5148 0 
0.514284 0.543806 0 
0.514249 0.51756 0 
0.514235 0.538985 0 
0.514232 0.541051 0 
0.514207 0.539319 0 
0.51419 0.538752 0 
0.514188 0.540284 0 
0.514187 0.516186 0 
0.514187 0.519044 0 
0.514096 0.542095 0 
0.514049 0.539106 0 
0.51402 0.519046 0 
0.514013 0.543247 0 
0.514001 0.515472 0 
0.513971 0.541226 0 
0.513957 0.518499 0 
0.513949 0.515714 0 
0.513928 0.515338 0 
0.513926 0.538259 0 
0.513925 0.516643 0 
0.513921 0.519888 0 
0.513919 0.51443 0 
0.5139 0.544192 0 
0.513872 0.542166 0 
0.513831 0.515118 0 
0.51377 0.517188 0 
0.513764 0.541264 0 
0.513747 0.540824 0 
0.513716 0.53944 0 
0.513701 0.538752 0 
0.513688 0.517201 0 
0.513679 0.543989 0 
0.513666 0.542071 0 
0.513666 0.517863 0 
0.513649 0.539319 0 
0.513647 0.5162 0 
0.513628 0.542189 0 
0.513579 0.520545 0 
0.513573 0.519604 0 
0.513573 0.541051 0 
0.513546 0.540864 0 
0.513546 0.540723 0 
0.513525 0.520158 0 
0.513508 0.54046 0 
0.513481 0.539099 0 
0.513467 0.521333 0 
0.513384 0.542592 0 
0.513372 0.542184 0 
0.513371 0.516303 0 
0.513346 0.541859 0 
0.513343 0.514178 0 
0.513327 0.519335 0 
0.513326 0.538068 0 
0.513231 0.538068 0 
0.513231 0.518123 0 
0.513222 0.515617 0 
0.513212 0.539841 0 
0.513204 0.516856 0 
0.513187 0.540168 0 
0.513168 0.544566 0 
0.513141 0.517298 0 
0.513139 0.521112 0 
0.513113 0.539099 0 
0.513111 0.538259 0 
0.513095 0.542121 0 
0.513086 0.539871 0 
0.513065 0.521132 0 
0.513057 0.540864 0 
0.51305 0.539404 0 
0.513042 0.513484 0 
0.513037 0.514174 0 
0.513013 0.540937 0 
0.512994 0.539404 0 
0.512966 0.542653 0 
0.512961 0.515319 0 
0.512942 0.51604 0 
0.512929 0.539963 0 
0.512915 0.540284 0 
0.512903 0.542065 0 
0.512901 0.538068 0 
0.5129 0.539871 0 
0.512899 0.539106 0 
0.512873 0.51604 0 
0.512842 0.512854 0 
0.512823 0.539099 0 
0.512816 0.54046 0 
0.512781 0.521989 0 
0.512742 0.520622 0 
0.512726 0.538813 0 
0.51271 0.541826 0 
0.51271 0.54081 0 
0.512705 0.541278 0 
0.512694 0.546763 0 
0.512678 0.539106 0 
0.512675 0.540864 0 
0.51266 0.539526 0 
0.51264 0.539665 0 
0.512615 0.540566 0 
0.512613 0.539752 0 
0.512596 0.541253 0 
0.512595 0.541149 0 
0.512593 0.541053 0 
0.512585 0.544857 0 
0.512585 0.539802 0 
0.512568 0.539858 0 
0.512563 0.539858 0 
0.512522 0.540065 0 
0.512495 0.54064 0 
0.512465 0.540284 0 
0.512451 0.539802 0 
0.512426 0.540168 0 
0.51241 0.541047 0 
0.5124 0.542446 0 
0.512385 0.542049 0 
0.512337 0.541758 0 
0.512303 0.54251 0 
0.512274 0.540414 0 
0.512231 0.539963 0 
0.512228 0.540214 0 
0.512208 0.514896 0 
0.512202 0.540799 0 
0.512198 0.543555 0 
0.512193 0.540642 0 
0.512149 0.54023 0 
0.51213 0.541688 0 
0.512079 0.54103 0 
0.512078 0.539963 0 
0.512064 0.544221 0 
0.512061 0.542065 0 
0.512014 0.541475 0 
0.512012 0.541115 0 
0.511986 0.540824 0 
0.511954 0.54046 0 
0.511941 0.541493 0 
0.511939 0.542197 0 
0.511899 0.544043 0 
0.511837 0.542184 0 
0.511823 0.542483 0 
0.511734 0.543837 0 
0.511723 0.547175 0 
0.511697 0.540521 0 
0.511691 0.5417 0 
0.511689 0.513113 0 
0.511627 0.512235 0 
0.511594 0.539847 0 
0.511571 0.541494 0 
0.51154 0.543255 0 
0.511502 0.539476 0 
0.511482 0.54064 0 
0.51147 0.542023 0 
0.511409 0.541614 0 
0.511374 0.540642 0 
0.511365 0.541877 0 
0.511356 0.541842 0 
0.511309 0.516419 0 
0.511272 0.541874 0 
0.511261 0.546785 0 
0.51117 0.542893 0 
0.511154 0.540085 0 
0.511093 0.540824 0 
0.511071 0.542718 0 
0.511057 0.541104 0 
0.511037 0.542169 0 
0.511036 0.543951 0 
0.510991 0.540782 0 
0.5109 0.542121 0 
0.510857 0.542285 0 
0.510751 0.540782 0 
0.510553 0.544801 0 
0.510307 0.51723 0 
0.510002 0.542487 0 
0.507922 0.543678 0 
0.217563 0.22358 1 
0.217106 0.223452 1 
0.217011 0.220027 1 
0.216764 0.224375 1 
0.21547 0.2198 1 
0.215461 0.22084 1 
0.215 0.227884 1 
0.214937 0.223323 1 
0.214867 0.220922 1 
0.214857 0.223624 1 
0.21477 0.224813 1 
0.214705 0.225054 1 
0.214625 0.224018 1 
0.214327 0.222048 1 
0.2142 0.225444 1 
0.214189 0.222243 1 
0.21406 0.22709 1 
0.214022 0.221449 1 
0.213924 0.224258 1 
0.213811 0.226319 1 
0.213641 0.225254 1 
0.213602 0.226424 1 
0.213575 0.223129 1 
0.213544 0.223704 1 
0.213533 0.219104 1 
0.213494 0.224375 1 
0.213476 0.22187 1 
0.213413 0.224604 1 
0.213411 0.22363 1 
0.213324 0.221978 1 
0.213307 0.221198 1 
0.213187 0.220363 1 
0.21315 0.230168 1 
0.213086 0.219244 1 
0.213081 0.222359 1 
0.213056 0.223549 1 
0.213055 0.221162 1 
0.21305 0.221983 1 
0.212972 0.220363 1 
0.212933 0.220434 1 
0.21292 0.226312 1 
0.212915 0.218044 1 
0.21288 0.221865 1 
0.212872 0.220859 1 
0.212856 0.224926 1 
0.212798 0.223246 1 
0.212666 0.22546 1 
0.212603 0.220324 1 
0.212537 0.224828 1 
0.212514 0.222598 1 
0.212414 0.225913 1 
0.212397 0.224059 1 
0.212331 0.225156 1 
0.212303 0.2198 1 
0.212243 0.2198 1 
0.212216 0.225156 1 
0.212194 0.225127 1 
0.212115 0.220859 1 
0.212063 0.212691 1 
0.212053 0.223468 1 
0.212023 0.22542 1 
0.212008 0.225605 1 
0.212003 0.223273 1 
0.211896 0.225079 1 
0.211892 0.224906 1 
0.211883 0.222038 1 
0.211646 0.221704 1 
0.211607 0.225636 1 
0.211571 0.224021 1 
0.211512 0.220563 1 
0.211508 0.223193 1 
0.211354 0.224286 1 
0.211331 0.220575 1 
0.21126 0.227508 1 
0.211217 0.227765 1 
0.21121 0.219989 1 
0.211142 0.226312 1 
0.211117 0.221356 1 
0.211067 0.224026 1 
0.211035 0.223193 1 
0.211019 0.223827 1 
0.210993 0.22539 1 
0.210985 0.220563 1 
0.210981 0.219998 1 
0.210972 0.231561 1 
0.210964 0.223722 1 
0.210949 0.223822 1 
0.210902 0.229867 1 
0.21084 0.220083 1 
0.210837 0.224286 1 
0.21082 0.21119 1 
0.210816 0.210881 1 
0.210795 0.218044 1 
0.210736 0.225241 1 
0.210724 0.218044 1 
0.210709 0.220434 1 
0.210708 0.220083 1 
0.210597 0.223273 1 
0.210543 0.225176 1 
0.210543 0.219104 1 
0.210475 0.221409 1 
0.210424 0.220324 1 
0.210404 0.228641 1 
0.210327 0.221704 1 
0.210291 0.218044 1 
0.210201 0.210537 1 
0.21018 0.228076 1 
0.210159 0.228459 1 
0.210134 0.22583 1 
0.210131 0.219938 1 
0.210119 0.2198 1 
0.210115 0.221198 1 
0.210085 0.221332 1 
0.210013 0.224813 1 
0.210011 0.2198 1 
0.209954 0.223009 1 
0.209842 0.222976 1 
0.209783 0.223009 1 
0.209726 0.22434 1 
0.209667 0.211179 1 
0.209663 0.223541 1 
0.209594 0.211179 1 
0.209578 0.209902 1 
0.209538 0.219025 1 
0.209533 0.209912 1 
0.209521 0.221409 1 
0.209499 0.223193 1 
0.209492 0.221332 1 
0.209484 0.210167 1 
0.209458 0.210076 1 
0.209409 0.225829 1 
0.209382 0.220803 1 
0.209378 0.22411 1 
0.209335 0.223009 1 
0.209325 0.224028 1 
0.209322 0.220575 1 
0.209293 0.223323 1 
0.209267 0.219244 1 
0.209182 0.211121 1 
0.209144 0.220575 1 
0.209121 0.20962 1 
0.20904 0.209823 1 
0.209039 0.20937 1 
0.208976 0.222518 1 
0.208966 0.223708 1 
0.208931 0.209883 1 
0.208919 0.209811 1 
0.208864 0.209112 1 
0.208844 0.209348 1 
0.208842 0.20958 1 
0.208785 0.211272 1 
0.208782 0.223549 1 
0.208751 0.209196 1 
0.208692 0.223009 1 
0.208691 0.211082 1 
0.208643 0.209452 1 
0.208556 0.219919 1 
0.208522 0.211734 1 
0.20852 0.209031 1 
0.208477 0.225425 1 
0.208464 0.222048 1 
0.208457 0.2216 1 
0.208414 0.218727 1 
0.208409 0.222857 1 
0.208305 0.22207 1 
0.208229 0.223129 1 
0.20822 0.211463 1 
0.208208 0.209308 1 
0.208199 0.222342 1 
0.208172 0.222239 1 
0.208171 0.208524 1 
0.208163 0.226881 1 
0.208149 0.20868 1 
0.20812 0.220005 1 
0.208106 0.22696 1 
0.208094 0.22232 1 
0.208091 0.223349 1 
0.208043 0.217757 1 
0.207914 0.220324 1 
0.207897 0.212154 1 
0.207896 0.209335 1 
0.207891 0.22309 1 
0.20788 0.210049 1 
0.207807 0.218866 1 
0.207789 0.222584 1 
0.207773 0.222038 1 
0.207741 0.208387 1 
0.207686 0.222038 1 
0.207623 0.220324 1 
0.207611 0.217757 1 
0.207606 0.209887 1 
0.207596 0.217757 1 
0.207551 0.207793 1 
0.207543 0.218727 1 
0.207494 0.208404 1 
0.207471 0.222561 1 
0.207454 0.223549 1 
0.207445 0.208101 1 
0.207444 0.211346 1 
0.207415 0.213315 1 
0.207413 0.224103 1 
0.207397 0.222518 1 
0.207342 0.208128 1 
0.207313 0.219025 1 
0.207293 0.208525 1 
0.207264 0.222639 1 
0.207257 0.220575 1 
0.207192 0.220803 1 
0.207167 0.208101 1 
0.20715 0.218727 1 
0.207143 0.220665 1 
0.207138 0.224103 1 
0.207132 0.222243 1 
0.207125 0.218044 1 
0.207116 0.22299 1 
0.207076 0.221953 1 
0.207062 0.22411 1 
0.206995 0.207524 1 
0.206938 0.223862 1 
0.20693 0.219104 1 
0.206922 0.219025 1 
0.206919 0.22434 1 
0.206886 0.223745 1 
0.206857 0.223452 1 
0.20685 0.207044 1 
0.206826 0.208137 1 
0.2068 0.209745 1 
0.2068 0.221162 1 
0.206757 0.220575 1 
0.206728 0.223406 1 
0.20672 0.207294 1 
0.206717 0.210829 1 
0.206711 0.225787 1 
0.206676 0.211617 1 
0.206667 0.208527 1 
0.2066 0.220833 1 
0.206593 0.218727 1 
0.206565 0.206814 1 
0.206557 0.217757 1 
0.206552 0.218866 1 
0.206528 0.218866 1 
0.206504 0.22135 1 
0.206494 0.208456 1 
0.206442 0.223002 1 
0.206383 0.219244 1 
0.206355 0.220434 1 
0.206339 0.224184 1 
0.206329 0.223827 1 
0.206323 0.222851 1 
0.206322 0.218029 1 
0.20631 0.219938 1 
0.206225 0.206919 1 
0.206215 0.209697 1 
0.206171 0.208679 1 
0.206166 0.222548 1 
0.206148 0.227808 1 
0.206137 0.221947 1 
0.206129 0.22084 1 
0.206127 0.223273 1 
0.206103 0.223745 1 
0.206075 0.219104 1 
0.20606 0.22305 1 
0.206048 0.207738 1 
0.206016 0.223009 1 
0.205974 0.221332 1 
0.205934 0.221923 1 
0.205929 0.218727 1 
0.205926 0.223369 1 
0.205921 0.223193 1 
0.205848 0.221233 1 
0.2058 0.207799 1 
0.205789 0.219938 1 
0.205781 0.222857 1 
0.205776 0.218029 1 
0.205752 0.220363 1 
0.205731 0.221854 1 
0.205685 0.206955 1 
0.205654 0.220434 1 
0.205631 0.219244 1 
0.205606 0.224729 1 
0.205592 0.207508 1 
0.205569 0.223349 1 
0.20552 0.207702 1 
0.205486 0.205873 1 
0.205461 0.223357 1 
0.205448 0.2198 1 
0.205422 0.218029 1 
0.205417 0.222554 1 
0.205408 0.207132 1 
0.205296 0.206658 1 
0.205273 0.209188 1 
0.205269 0.20577 1 
0.2052 0.209534 1 
0.205177 0.220833 1 
0.205146 0.223323 1 
0.205085 0.207883 1 
0.205081 0.220083 1 
0.205071 0.210104 1 
0.205057 0.205409 1 
0.205018 0.220833 1 
0.204961 0.206825 1 
0.204941 0.212672 1 
0.204936 0.20687 1 
0.204926 0.207871 1 
0.204867 0.207545 1 
0.204842 0.218029 1 
0.204832 0.220665 1 
0.204824 0.223001 1 
0.204788 0.210349 1 
0.204787 0.208553 1 
0.204779 0.205312 1 
0.204769 0.22135 1 
0.204755 0.221953 1 
0.204745 0.221854 1 
0.204693 0.205398 1 
0.204619 0.209282 1 
0.204616 0.223822 1 
0.204563 0.206431 1 
0.204546 0.224818 1 
0.204459 0.222359 1 
0.204427 0.22135 1 
0.204377 0.22207 1 
0.20437 0.221989 1 
0.204335 0.221854 1 
0.204257 0.221978 1 
0.204244 0.206814 1 
0.204193 0.22084 1 
0.20418 0.205005 1 
0.204146 0.206569 1 
0.204112 0.222659 1 
0.204071 0.206111 1 
0.203975 0.220859 1 
0.203966 0.22183 1 
0.203964 0.204828 1 
0.203953 0.205623 1 
0.203877 0.22183 1 
0.20387 0.205398 1 
0.203861 0.224604 1 
0.203861 0.209196 1 
0.203745 0.220434 1 
0.203699 0.223691 1 
0.20368 0.220005 1 
0.203605 0.206821 1 
0.203522 0.220563 1 
0.203504 0.221233 1 
0.203494 0.224906 1 
0.203468 0.221162 1 
0.203427 0.219919 1 
0.203394 0.221947 1 
0.203364 0.205664 1 
0.203355 0.219998 1 
0.203268 0.220488 1 
0.203238 0.222359 1 
0.203223 0.222663 1 
0.203148 0.220803 1 
0.203068 0.205286 1 
0.202964 0.220488 1 
0.202955 0.221198 1 
0.202952 0.221332 1 
0.202887 0.223551 1 
0.202803 0.223965 1 
0.202781 0.226298 1 
0.202705 0.221589 1 
0.202335 0.204724 1 
0.200158 0.203553 1 
0.0998368 0.101233 2 
0.0986767 0.102034 2 
0.0980272 0.0981437 2 
0.0977975 0.103156 2 
0.0975806 0.0990683 2 
0.0975454 0.0985562 2 
0.0975081 0.100276 2 
0.097495 0.104739 2 
0.0974689 0.098494 2 
0.0974413 0.099936 2 
0.097401 0.100885 2 
0.097123 0.0982191 2 
0.0968961 0.101186 2 
0.0967622 0.0984631 2 
0.0967363 0.0968378 2 
0.0966064 0.0988363 2 
0.0965703 0.0972619 2 
0.096565 0.0991521 2 
0.0964595 0.0966227 2 
0.0963728 0.0966347 2 
0.0963462 0.0974464 2 
0.0963198 0.0995279 2 
0.0962835 0.0987418 2 
0.0962359 0.0996762 2 
0.0961298 0.0983917 2 
0.0960943 0.0966171 2 
0.0960817 0.0991118 2 
0.0960654 0.100274 2 
0.0960506 0.0994411 2 
0.0960105 0.097823 2 
0.0960099 0.0988423 2 
0.0959127 0.097647 2 
0.095907 0.0981973 2 
0.0958888 0.0996631 2 
0.0958715 0.0991207 2 
0.0958199 0.0961816 2 
0.0957081 0.102358 2 
0.0956256 0.0959379 2 
0.0956179 0.0964574 2 
0.095617 0.0967592 2 
0.095505 0.0976969 2 
0.0953796 0.101545 2 
0.0953425 0.0988422 2 
0.0953418 0.100863 2 
0.0953258 0.0955807 2 
0.0952875 0.0973482 2 
0.0952574 0.10206 2 
0.0952514 0.0982744 2 
0.0951914 0.100286 2 
0.0951151 0.0986131 2 
0.0950819 0.099906 2 
0.0950528 0.0964805 2 
0.0950388 0.098388 2 
0.0947261 0.102607 2 
0.0946913 0.0954149 2 
0.0946398 0.0988769 2 
0.094615 0.0964864 2 
0.0945521 0.101237 2 
0.0944462 0.0951634 2 
0.0944447 0.0997124 2 
0.0944402 0.0994838 2 
0.0944308 0.0947686 2 
0.0944218 0.0991091 2 
0.0943988 0.0994164 2 
0.0943081 0.0950829 2 
0.0942519 0.0972632 2 
0.0942466 0.0952991 2 
0.0942098 0.0973996 2 
0.0941725 0.0947686 2 
0.0941697 0.0974676 2 
0.0941242 0.102217 2 
0.0940708 0.0975653 2 
0.0940513 0.0954708 2 
0.0940379 0.0947686 2 
0.0940042 0.0981973 2 
0.094004 0.0954149 2 
0.0939788 0.0985206 2 
0.0939333 0.0968448 2 
0.0939189 0.0973482 2 
0.0938837 0.0979032 2 
0.0938679 0.0986784 2 
0.0938578 0.0994496 2 
0.0937533 0.0979226 2 
0.0937202 0.0957095 2 
0.0937022 0.0954708 2 
0.093693 0.0947686 2 
0.0936759 0.0959141 2 
0.0935662 0.0959379 2 
0.0935408 0.100039 2 
0.0934964 0.0961816 2 
0.0934679 0.095575 2 
0.0934517 0.0951634 2 
0.093291 0.094314 2 
0.0931588 0.0984693 2 
0.0931096 0.0973996 2 
0.0930706 0.0947686 2 
0.0930029 0.101221 2 
0.0929722 0.095361 2 
0.0929038 0.0929977 2 
0.0929008 0.0990383 2 
0.0928186 0.095772 2 
0.0926994 0.093132 2 
0.0926659 0.100029 2 
0.0925944 0.0973996 2 
0.09258 0.0976129 2 
0.0925724 0.0974464 2 
0.0925109 0.0974311 2 
0.0924509 0.0976425 2 
0.0924041 0.0966879 2 
0.0923919 0.0924669 2 
0.0923906 0.095361 2 
0.0923511 0.100593 2 
0.0923202 0.0968448 2 
0.0923018 0.0971942 2 
0.092297 0.0968448 2 
0.0922588 0.0987418 2 
0.0922559 0.0923309 2 
0.0922544 0.0974509 2 
0.0922442 0.0939722 2 
0.0922128 0.0923368 2 
0.0922084 0.0945915 2 
0.0922053 0.0963571 2 
0.0921885 0.0974311 2 
0.0921663 0.0927404 2 
0.0921294 0.0925524 2 
0.0920957 0.0927172 2 
0.0920918 0.0925278 2 
0.0920838 0.0927249 2 
0.0920737 0.0934982 2 
0.0920673 0.0946987 2 
0.0920528 0.0966879 2 
0.0920468 0.0988922 2 
0.0919662 0.0939722 2 
0.0918983 0.09697 2 
0.0918656 0.0931127 2 
0.0918548 0.0970699 2 
0.0918375 0.0969738 2 
0.0918083 0.09697 2 
0.0917546 0.0920654 2 
0.091649 0.0988623 2 
0.0916467 0.0955379 2 
0.0916227 0.0942044 2 
0.0915954 0.0968823 2 
0.0915802 0.0948269 2 
0.0915017 0.0982191 2 
0.0914603 0.091612 2 
0.0914528 0.0928495 2 
0.0914445 0.0976502 2 
0.0914065 0.097823 2 
0.0913904 0.0954708 2 
0.0913574 0.102532 2 
0.0913555 0.0932971 2 
0.0913399 0.0937624 2 
0.0912994 0.0942044 2 
0.0912951 0.0968448 2 
0.0912897 0.0919428 2 
0.0912496 0.0968158 2 
0.0912133 0.0984911 2 
0.0912064 0.0971589 2 
0.0911704 0.0947883 2 
0.0911419 0.097647 2 
0.0911348 0.0928249 2 
0.0911211 0.0978668 2 
0.091106 0.0926473 2 
0.0910926 0.0970897 2 
0.0910842 0.095361 2 
0.0910463 0.0981661 2 
0.0910077 0.0922722 2 
0.0910076 0.0934601 2 
0.0909889 0.0913838 2 
0.0909521 0.093132 2 
0.0909158 0.0984693 2 
0.0909116 0.0930806 2 
0.0908918 0.0978668 2 
0.090866 0.093722 2 
0.0908616 0.0999422 2 
0.0908599 0.0968378 2 
0.090811 0.0926473 2 
0.0908028 0.0917163 2 
0.0907986 0.0960874 2 
0.0907783 0.0933361 2 
0.0907406 0.0957095 2 
0.0906817 0.095361 2 
0.0906692 0.0932996 2 
0.0906633 0.0982744 2 
0.0906531 0.0954708 2 
0.0906265 0.09697 2 
0.0906107 0.0923097 2 
0.0905681 0.0979345 2 
0.0905582 0.0973482 2 
0.0905181 0.0913773 2 
0.0905089 0.0973403 2 
0.0904862 0.0943838 2 
0.0904772 0.0921668 2 
0.0904755 0.0989341 2 
0.0904581 0.0906557 2 
0.090454 0.093722 2 
0.0903581 0.098851 2 
0.0903488 0.0975268 2 
0.0903221 0.0965065 2 
0.0902731 0.0921916 2 
0.0902428 0.0968378 2 
0.0902302 0.0933851 2 
0.0902087 0.0939269 2 
0.0902085 0.0971942 2 
0.0901816 0.098034 2 
0.0901771 0.0903262 2 
0.0901752 0.092318 2 
0.0901739 0.0926473 2 
0.0901697 0.0963446 2 
0.090169 0.0913778 2 
0.0901254 0.0909497 2 
0.0900624 0.0932996 2 
0.0900343 0.0914699 2 
0.0900337 0.0954732 2 
0.0899934 0.0928975 2 
0.0899902 0.0959141 2 
0.0899735 0.0978858 2 
0.0899653 0.0974464 2 
0.0899361 0.0935992 2 
0.0899274 0.097823 2 
0.0898727 0.0903092 2 
0.0898625 0.0912421 2 
0.089862 0.0918178 2 
0.0898588 0.0956323 2 
0.0898348 0.0899159 2 
0.0897657 0.0952919 2 
0.0897318 0.0956439 2 
0.089698 0.0999936 2 
0.0896871 0.0900522 2 
0.0896829 0.093722 2 
0.089668 0.0939269 2 
0.0896514 0.0954732 2 
0.0896179 0.0935514 2 
0.0895686 0.0968823 2 
0.0895164 0.0989407 2 
0.0894943 0.0965719 2 
0.0894789 0.0903918 2 
0.0894476 0.0972632 2 
0.089365 0.0941549 2 
0.0893475 0.095575 2 
0.0893129 0.0960424 2 
0.0892901 0.0935514 2 
0.089269 0.090862 2 
0.0892467 0.0961465 2 
0.0892182 0.0955379 2 
0.0892106 0.0983923 2 
0.089148 0.0932996 2 
0.0891092 0.095575 2 
0.0891026 0.0955335 2 
0.0890892 0.0924563 2 
0.0890748 0.0941549 2 
0.0890699 0.0941718 2 
0.0890291 0.0932996 2 
0.0890102 0.0892165 2 
0.0890001 0.0914365 2 
0.0889783 0.0945915 2 
0.0889446 0.0956439 2 
0.0889122 0.0982191 2 
0.0888943 0.0964574 2 
0.0888929 0.0991407 2 
0.0888744 0.0966879 2 
0.0888736 0.093722 2 
0.0888511 0.096786 2 
0.0888399 0.0973996 2 
0.0888372 0.0986104 2 
0.0888229 0.093722 2 
0.0888201 0.0967144 2 
0.0888137 0.0897941 2 
0.0887623 0.0960424 2 
0.0887454 0.0968294 2 
0.0886785 0.0972632 2 
0.088652 0.0926473 2 
0.0886175 0.0983923 2 
0.0885938 0.0914393 2 
0.0885801 0.0906528 2 
0.0885784 0.0950421 2 
0.0885667 0.096786 2 
0.0885584 0.0972632 2 
0.0885419 0.0908579 2 
0.088504 0.0988422 2 
0.0884598 0.0924373 2 
0.0884439 0.0889909 2 
0.0884079 0.0941549 2 
0.0883378 0.0967592 2 
0.0883063 0.0910527 2 
0.0882717 0.0964901 2 
0.0882655 0.0963571 2 
0.0882159 0.0930483 2 
0.0881649 0.0941718 2 
0.0881482 0.0918678 2 
0.0881151 0.0892616 2 
0.0881149 0.0972658 2 
0.088097 0.0959379 2 
0.088092 0.0895588 2 
0.0880393 0.0970699 2 
0.0880242 0.0964943 2 
0.0879899 0.0972821 2 
0.0879537 0.095575 2 
0.0879412 0.0988623 2 
0.0878805 0.0959141 2 
0.087827 0.0987725 2 
0.0878195 0.087988 2 
0.087815 0.0900269 2 
0.0878092 0.0951634 2 
0.0878037 0.0961465 2 
0.0877394 0.087811 2 
0.0877251 0.0961465 2 
0.0876417 0.0956323 2 
0.0876338 0.0890948 2 
0.0876201 0.0960874 2 
0.0876128 0.095993 2 
0.0875592 0.0964901 2 
0.0875341 0.0977608 2 
0.0875284 0.0892922 2 
0.0873849 0.0882415 2 
0.0873548 0.0918678 2 
0.0873485 0.089074 2 
0.0873374 0.087988 2 
0.0873194 0.0943838 2 
0.0873149 0.0963446 2 
0.087275 0.0875507 2 
0.0872368 0.0983923 2 
0.0872153 0.0891942 2 
0.087182 0.0956439 2 
0.0871657 0.0900232 2 
0.0869777 0.0955379 2 
0.0869644 0.0871383 2 
0.0869462 0.0947883 2 
0.0869408 0.0964188 2 
0.0869303 0.0914 2 
0.0868356 0.0950421 2 
0.0867883 0.0954149 2 
0.0867264 0.09664 2 
0.0867177 0.0959379 2 
0.0864739 0.0966879 2 
0.0862172 0.0886588 2 
0.0858583 0.0888445 2 
0.0853064 0.0878127 2 
0.0846897 0.0871751 2 
0.0476375 0.049328 3 
0.0475295 0.0483706 3 
0.0470255 0.0472703 3 
0.0468426 0.0472761 3 
0.0460534 0.0467225 3 
0.046005 0.0473039 3 
0.0455509 0.0474077 3 
0.0455194 0.0473253 3 
0.0455167 0.046452 3 
0.0453657 0.0484635 3 
0.0453652 0.0469465 3 
0.0453546 0.0460361 3 
0.0452007 0.0454594 3 
0.0450246 0.0453578 3 
0.0446879 0.0460661 3 
0.0446598 0.0453598 3 
0.0446488 0.0462909 3 
0.0446302 0.0456921 3 
0.044625 0.0452702 3 
0.0445543 0.0472095 3 
0.0445528 0.0461698 3 
0.0445523 0.0464896 3 
0.0445441 0.0446291 3 
0.0445202 0.0453837 3 
0.0444617 0.0472364 3 
0.0444611 0.0453806 3 
0.0444389 0.0473039 3 
0.0442545 0.0459272 3 
0.0442344 0.0452225 3 
0.0441209 0.0444108 3 
0.0440991 0.0447464 3 
0.0440533 0.0441026 3 
0.0440483 0.0447048 3 
0.0440045 0.0444339 3 
0.0439961 0.0455902 3 
0.0438712 0.0441668 3 
0.0438429 0.0442384 3 
0.0437975 0.0452727 3 
0.0437511 0.0439662 3 
0.0437492 0.0444852 3 
0.0436631 0.0445494 3 
0.0436414 0.045 3 
0.0436326 0.0465685 3 
0.0436136 0.0457606 3 
0.0435285 0.0438238 3 
0.043514 0.0444754 3 
0.043452 0.0436905 3 
0.0434297 0.0454733 3 
0.0434275 0.0442912 3 
0.0433327 0.0447756 3 
0.0433284 0.0451401 3 
0.0433004 0.0437143 3 
0.0432746 0.0440119 3 
0.043259 0.0443423 3 
0.0432367 0.0438227 3 
0.0432071 0.0462093 3 
0.043175 0.0439539 3 
0.0431577 0.0437169 3 
0.043111 0.0447484 3 
0.0431089 0.0438308 3 
0.0431033 0.0431045 3 
0.0430959 0.0433095 3 
0.0430673 0.0438337 3 
0.0430237 0.0435292 3 
0.043014 0.0446245 3 
0.0430089 0.0442665 3 
0.0430015 0.045027 3 
0.0429678 0.0437257 3 
0.0429558 0.0432413 3 
0.0429046 0.0434756 3 
0.0429039 0.0447317 3 
0.0428756 0.0456921 3 
0.0428739 0.0432143 3 
0.0428715 0.0431828 3 
0.042861 0.0445027 3 
0.0428554 0.0438337 3 
0.0428502 0.0454076 3 
0.0428372 0.0442996 3 
0.0427975 0.045264 3 
0.0427822 0.0446348 3 
0.0427812 0.0446773 3 
0.0427702 0.0434756 3 
0.0427676 0.0481581 3 
0.0427648 0.0461958 3 
0.0427371 0.0443133 3 
0.0426792 0.0427395 3 
0.0426383 0.0440539 3 
0.0426043 0.0439138 3 
0.0425992 0.0439138 3 
0.0425688 0.0432497 3 
0.0425432 0.0434088 3 
0.0425125 0.0428835 3 
0.0425107 0.0454594 3 
0.0424894 0.0431666 3 
0.0424846 0.0426315 3 
0.0424675 0.0450522 3 
0.0424372 0.0439025 3 
0.0424161 0.0425873 3 
0.0424058 0.0437845 3 
0.0423784 0.0426551 3 
0.0423305 0.0429947 3 
0.0422866 0.0425857 3 
0.042285 0.0443793 3 
0.0422766 0.0442092 3 
0.0422712 0.0431828 3 
0.0422654 0.0430012 3 
0.0422281 0.0436807 3 
0.0422236 0.0426195 3 
0.0422208 0.0463833 3 
0.0422149 0.0444696 3 
0.0422103 0.0432456 3 
0.0422027 0.0436638 3 
0.0421437 0.0442996 3 
0.0421392 0.0451401 3 
0.0421384 0.0444108 3 
0.0421302 0.0450065 3 
0.0420948 0.0450554 3 
0.0420839 0.0457298 3 
0.0420831 0.0423401 3 
0.0420706 0.0421675 3 
0.0420515 0.0428534 3 
0.0420459 0.0433626 3 
0.0420293 0.0423595 3 
0.0420267 0.0444278 3 
0.0420187 0.0432916 3 
0.042018 0.0453501 3 
0.0420044 0.0438337 3 
0.0419966 0.0427153 3 
0.0419954 0.045922 3 
0.0419901 0.0434088 3 
0.0419728 0.0447317 3 
0.0419508 0.0454478 3 
0.0419238 0.0439689 3 
0.0419136 0.0449285 3 
0.0418849 0.0423332 3 
0.0418766 0.0422082 3 
0.041875 0.0424566 3 
0.0418409 0.0427669 3 
0.0418343 0.0431045 3 
0.0418044 0.0448692 3 
0.0417902 0.0420153 3 
0.0417842 0.042983 3 
0.0417648 0.0432146 3 
0.0417322 0.0450376 3 
0.041731 0.0450065 3 
0.0417263 0.0444383 3 
0.0417007 0.0422633 3 
0.0416223 0.0437493 3 
0.0415616 0.0432825 3 
0.0415434 0.0438512 3 
0.0415191 0.0427977 3 
0.0415181 0.0422633 3 
0.0414992 0.0432441 3 
0.0414833 0.0433701 3 
0.0414602 0.0414775 3 
0.0414581 0.0442912 3 
0.041442 0.0439138 3 
0.0414394 0.0420153 3 
0.0414053 0.0425849 3 
0.0414021 0.0442912 3 
0.0414007 0.045833 3 
0.0413825 0.0430833 3 
0.041342 0.0444806 3 
0.0413389 0.0449159 3 
0.0413218 0.0417119 3 
0.0413044 0.0430946 3 
0.041298 0.0421086 3 
0.0412932 0.0453447 3 
0.041278 0.0442384 3 
0.0412721 0.0453267 3 
0.0412656 0.0431638 3 
0.0412558 0.0452057 3 
0.0412093 0.0418202 3 
0.041192 0.0435171 3 
0.0411897 0.0438267 3 
0.0411717 0.0440119 3 
0.0411708 0.0412421 3 
0.0411625 0.0443133 3 
0.0411618 0.0435652 3 
0.0411535 0.0433803 3 
0.0411292 0.0420153 3 
0.0411273 0.0427286 3 
0.0411256 0.0443133 3 
0.0411208 0.0413622 3 
0.0411157 0.0447048 3 
0.0411138 0.0437598 3 
0.041105 0.0443845 3 
0.0410876 0.0417868 3 
0.0410831 0.0411412 3 
0.0410751 0.0441269 3 
0.041032 0.0421715 3 
0.0409555 0.0462768 3 
0.0409443 0.0437979 3 
0.040917 0.0450065 3 
0.0409111 0.0420546 3 
0.0409082 0.0443475 3 
0.0409058 0.0433626 3 
0.0408954 0.0457575 3 
0.0408885 0.045514 3 
0.0408547 0.0417066 3 
0.0408528 0.0439133 3 
0.0408501 0.0440973 3 
0.0408343 0.0416141 3 
0.040818 0.0419162 3 
0.0407416 0.0437528 3 
0.0407403 0.0433169 3 
0.0407376 0.0443475 3 
0.0407271 0.0417868 3 
0.0406967 0.04208 3 
0.0406894 0.0454901 3 
0.0406681 0.0420702 3 
0.0406476 0.0418202 3 
0.0406473 0.0443423 3 
0.0406301 0.0441759 3 
0.0406293 0.0432825 3 
0.0406208 0.041636 3 
0.04062 0.043502 3 
0.0406029 0.042953 3 
0.0405373 0.0414647 3 
0.0405108 0.0444754 3 
0.0405001 0.0444107 3 
0.0404899 0.0445212 3 
0.0404889 0.0418575 3 
0.0404732 0.041636 3 
0.0404509 0.0411321 3 
0.0404189 0.0448728 3 
0.0404138 0.0418575 3 
0.0404002 0.0435171 3 
0.040391 0.0427669 3 
0.0403396 0.0420153 3 
0.0403348 0.0434369 3 
0.0403151 0.0442281 3 
0.0403099 0.0412462 3 
0.0403043 0.0436807 3 
0.0402174 0.0451213 3 
0.0401786 0.0435722 3 
0.0401535 0.0419847 3 
0.0401471 0.0418733 3 
0.0401429 0.0432825 3 
0.0400413 0.0444677 3 
0.0400112 0.0437528 3 
0.0399964 0.043516 3 
0.039956 0.0439133 3 
0.0399438 0.0406431 3 
0.039942 0.0452876 3 
0.0399321 0.0438227 3 
0.0398947 0.0436964 3 
0.0398846 0.0440606 3 
0.039871 0.0437528 3 
0.0398624 0.0407266 3 
0.0398552 0.0415545 3 
0.0398546 0.0439025 3 
0.0398452 0.0424562 3 
0.0398342 0.0444806 3 
0.0397405 0.0434369 3 
0.039685 0.0442807 3 
0.0396796 0.0405567 3 
0.0396362 0.0410904 3 
0.0396329 0.0417935 3 
0.0396322 0.0423978 3 
0.0396251 0.0433701 3 
0.0395217 0.0433626 3 
0.0395205 0.0398435 3 
0.0395132 0.0437917 3 
0.039497 0.0421086 3 
0.0394932 0.0431346 3 
0.0394439 0.0427669 3 
0.0394247 0.0397724 3 
0.0394242 0.0444339 3 
0.0394035 0.0438267 3 
0.0393364 0.0395821 3 
0.039268 0.043516 3 
0.0392518 0.0396195 3 
0.0391503 0.0439784 3 
0.039056 0.0436475 3 
0.0387442 0.0407039 3 
0.0382838 0.039947 3 
0.038185 0.0407092 3 
0.0378684 0.0398406 3 
0.0225881 0.0233633 4 
0.0224722 0.0228936 4 
0.0224308 0.0226008 4 
0.0224127 0.0228334 4 
0.0220286 0.0223333 4 
0.0220112 0.0221021 4 
0.0219619 0.0221765 4 
0.0219565 0.0226124 4 
0.0219432 0.0220606 4 
0.0218959 0.0220965 4 
0.0217947 0.0222277 4 
0.0217714 0.0220606 4 
0.0217494 0.0221907 4 
0.0216447 0.0227611 4 
0.0216349 0.022408 4 
0.0216173 0.0217458 4 
0.0215723 0.0216755 4 
0.0215586 0.0216661 4 
0.021499 0.021935 4 
0.0214887 0.0218315 4 
0.0214511 0.0221659 4 
0.0214297 0.021773 4 
0.0213678 0.0213766 4 
0.0213486 0.0215873 4 
0.0213055 0.0214997 4 
0.0212113 0.0219503 4 
0.0211955 0.0215803 4 
0.0211469 0.0211583 4 
0.0211454 0.0214314 4 
0.0211179 0.0212714 4 
0.0210796 0.0212434 4 
0.021074 0.0212306 4 
0.0210642 0.0212835 4 
0.0210315 0.021095 4 
0.0209944 0.0213539 4 
0.0209656 0.0211933 4 
0.0209288 0.021226 4 
0.0209264 0.0221775 4 
0.0209185 0.0220663 4 
0.0208774 0.0228772 4 
0.0208677 0.0216784 4 
0.020844 0.0209662 4 
0.0208398 0.0213317 4 
0.0208297 0.0233078 4 
0.0208268 0.0208548 4 
0.0208144 0.0219017 4 
0.0208077 0.0209706 4 
0.0207941 0.0213412 4 
0.0207638 0.0217189 4 
0.0207551 0.0208201 4 
0.0207204 0.0215321 4 
0.0207076 0.0214733 4 
0.0206589 0.0219027 4 
0.0206522 0.0215873 4 
0.0205996 0.020962 4 
0.0205908 0.0210564 4 
0.0205675 0.0209445 4 
0.02056 0.0208814 4 
0.0205579 0.0211799 4 
0.0205418 0.0210901 4 
0.0205251 0.020841 4 
0.0205211 0.0209425 4 
0.0204955 0.021923 4 
0.0204721 0.0205995 4 
0.0204648 0.020503 4 
0.0204589 0.0214367 4 
0.0204586 0.0205567 4 
0.0204562 0.0207317 4 
0.0204251 0.0210115 4 
0.0204018 0.0210174 4 
0.0203849 0.0209287 4 
0.0203612 0.0204638 4 
0.0203589 0.0213606 4 
0.0203438 0.0203884 4 
0.0203239 0.0222981 4 
0.0203224 0.0208228 4 
0.0203209 0.0206386 4 
0.0203193 0.0211018 4 
0.0203146 0.0211048 4 
0.0203145 0.0204932 4 
0.0203108 0.0208176 4 
0.0202998 0.0212808 4 
0.0202916 0.0206246 4 
0.0202556 0.0212306 4 
0.0202478 0.020525 4 
0.0202477 0.02086 4 
0.0202358 0.0212835 4 
0.0202263 0.0221765 4 
0.0202166 0.0207743 4 
0.0202149 0.0212069 4 
0.020204 0.0205723 4 
0.0201904 0.021411 4 
0.0201785 0.0213164 4 
0.0201753 0.0202682 4 
0.0201689 0.0206974 4 
0.0201681 0.0207333 4 
0.020168 0.0205343 4 
0.0201614 0.0209244 4 
0.0201413 0.0205228 4 
0.0201219 0.0216884 4 
0.0201209 0.0209096 4 
0.020097 0.0213149 4 
0.0200953 0.0215633 4 
0.0200697 0.0203044 4 
0.0200569 0.0200952 4 
0.0200548 0.0213412 4 
0.020054 0.0219285 4 
0.0200497 0.0201635 4 
0.0200475 0.0213252 4 
0.0200392 0.0204638 4 
0.0200306 0.0209776 4 
0.0200288 0.0215444 4 
0.020023 0.0208814 4 
0.0200091 0.0208779 4 
0.0200057 0.0203044 4 
0.0200034 0.0207804 4 
0.019991 0.0215022 4 
0.0199814 0.0207671 4 
0.019978 0.0215234 4 
0.0199707 0.0206249 4 
0.0199372 0.0208261 4 
0.0199369 0.0201638 4 
0.0199347 0.0210773 4 
0.0199327 0.020319 4 
0.0199312 0.0206032 4 
0.0199115 0.0204531 4 
0.0198994 0.0212835 4 
0.0198882 0.0214566 4 
0.0198882 0.0213513 4 
0.0198858 0.0209267 4 
0.0198819 0.021236 4 
0.0198642 0.0216942 4 
0.0198607 0.0209445 4 
0.0198488 0.0198776 4 
0.0198461 0.02151 4 
0.0198422 0.0219642 4 
0.0198406 0.0206742 4 
0.0198238 0.0214226 4 
0.019795 0.0198005 4 
0.0197739 0.0205567 4 
0.0197728 0.0205069 4 
0.0197583 0.0199363 4 
0.0197331 0.0210953 4 
0.0197289 0.0211239 4 
0.0197129 0.0204446 4 
0.0197114 0.0204713 4 
0.0196875 0.0201854 4 
0.0196814 0.0208135 4 
0.0196742 0.0215002 4 
0.019654 0.0203411 4 
0.0196303 0.0220578 4 
0.0196087 0.0206232 4 
0.0196073 0.0217056 4 
0.0195609 0.0217841 4 
0.0195555 0.0210509 4 
0.0195519 0.0211084 4 
0.0195405 0.0206978 4 
0.0195338 0.0211039 4 
0.0195264 0.0214326 4 
0.0195184 0.0205069 4 
0.0195137 0.0211239 4 
0.0195117 0.020841 4 
0.0195093 0.0202242 4 
0.0195012 0.0200369 4 
0.0194961 0.0198353 4 
0.0194598 0.0206775 4 
0.0194547 0.0204446 4 
0.0194429 0.0199022 4 
0.0194051 0.0216707 4 
0.0193874 0.0206974 4 
0.0193819 0.0202775 4 
0.0193804 0.0194212 4 
0.0193718 0.0214326 4 
0.0193702 0.0194303 4 
0.0193686 0.0217177 4 
0.0193539 0.0211075 4 
0.0193455 0.0196958 4 
0.019333 0.0203774 4 
0.0193289 0.0206232 4 
0.019324 0.02065 4 
0.0192673 0.0202348 4 
0.0192485 0.0200058 4 
0.0192388 0.0210447 4 
0.0192117 0.0199762 4 
0.0192012 0.020673 4 
0.0191989 0.0216055 4 
0.0191966 0.0192899 4 
0.019194 0.0198776 4 
0.0191922 0.0199663 4 
0.0191879 0.0209776 4 
0.0191564 0.0195542 4 
0.0191487 0.0213709 4 
0.0191368 0.0198918 4 
0.0191261 0.0200914 4 
0.0190985 0.0193004 4 
0.0190897 0.0210609 4 
0.0190819 0.0195586 4 
0.0190756 0.0199067 4 
0.0190654 0.0200058 4 
0.0190366 0.0191322 4 
0.0190207 0.0200717 4 
0.0190197 0.0217929 4 
0.0190036 0.020525 4 
0.0189949 0.0210418 4 
0.0189874 0.0214092 4 
0.01898 0.0207532 4 
0.0189792 0.0210773 4 
0.0189404 0.0208261 4 
0.0189375 0.0203516 4 
0.0189374 0.0211802 4 
0.0189069 0.0201792 4 
0.0188868 0.0206341 4 
0.0188392 0.0210261 4 
0.0188286 0.0210609 4 
0.0188238 0.0193625 4 
0.0188208 0.0208814 4 
0.0188091 0.019282 4 
0.0187861 0.0211411 4 
0.0187775 0.0203563 4 
0.018764 0.0210923 4 
0.0187461 0.0203884 4 
0.0187325 0.0205902 4 
0.0187149 0.0199067 4 
0.018705 0.0187975 4 
0.0186912 0.020107 4 
0.0186894 0.0188222 4 
0.0185833 0.0193625 4 
0.0185768 0.0205908 4 
0.0185149 0.0210934 4 
0.0184938 0.0204182 4 
0.0184884 0.0196379 4 
0.0184874 0.0207384 4 
0.0184815 0.0207288 4 
0.0184027 0.0189658 4 
0.018349 0.0184163 4 
0.018246 0.0195164 4 
0.018033 0.0189564 4 
0.0178592 0.01876 4 
0.0176421 0.0194431 4 
0.0113396 0.0113487 5 
0.0113122 0.0114164 5 
0.0111418 0.0113404 5 
0.0110498 0.011116 5 
0.01102 0.0110248 5 
0.0109633 0.0109799 5 
0.0109231 0.0110697 5 
0.0108921 0.0110565 5 
0.0108601 0.0109332 5 
0.0108362 0.0110186 5 
0.0108134 0.0108171 5 
0.0107619 0.0111863 5 
0.0107537 0.011502 5 
0.0107407 0.0108017 5 
0.0107382 0.0108051 5 
0.0107226 0.0111591 5 
0.0105782 0.0106299 5 
0.0105535 0.0109008 5 
0.0105442 0.0106611 5 
0.0104533 0.0105846 5 
0.0104497 0.0105311 5 
0.0104489 0.0105053 5 
0.0104095 0.0114678 5 
0.0104052 0.0108176 5 
0.0103709 0.0105411 5 
0.0103549 0.0106498 5 
0.0103487 0.0108077 5 
0.0103429 0.0103614 5 
0.0103003 0.0103603 5 
0.0102721 0.0105226 5 
0.0102692 0.010719 5 
0.0102563 0.0104758 5 
0.0102537 0.0104183 5 
0.0102469 0.0105979 5 
0.0102302 0.0106434 5 
0.010227 0.0108154 5 
0.010224 0.0105175 5 
0.010221 0.0107732 5 
0.0102053 0.0103487 5 
0.0101592 0.0103128 5 
0.0101548 0.0105273 5 
0.0101501 0.0103022 5 
0.0101425 0.010275 5 
0.0101386 0.0102967 5 
0.0101322 0.010572 5 
0.0101274 0.0103603 5 
0.0101084 0.0101705 5 
0.0101011 0.0105192 5 
0.0100884 0.0105524 5 
0.0100857 0.0106856 5 
0.0100605 0.0101878 5 
0.0100568 0.0103321 5 
0.0100499 0.010215 5 
0.0100276 0.0105047 5 
0.0100231 0.0102763 5 
0.0100212 0.0101417 5 
0.0100174 0.0103387 5 
0.0100138 0.0101342 5 
0.0100133 0.0105485 5 
0.010013 0.0110092 5 
0.00999879 0.0101185 5 
0.00999183 0.0102967 5 
0.00998911 0.0109992 5 
0.00998304 0.0102528 5 
0.00997946 0.0100602 5 
0.00996642 0.0104023 5 
0.00996335 0.0109581 5 
0.00994598 0.0102453 5 
0.00993325 0.0102091 5 
0.00993118 0.0102327 5 
0.00993088 0.0104259 5 
0.00992259 0.0106666 5 
0.00992122 0.0100133 5 
0.00992061 0.0100042 5 
0.00991893 0.0103454 5 
0.00991664 0.0108136 5 
0.00991593 0.0102451 5 
0.00990994 0.0106525 5 
0.00990455 0.0104469 5 
0.00989163 0.0103717 5 
0.00988856 0.0104597 5 
0.00988336 0.0103753 5 
0.00988169 0.0104275 5 
0.00987484 0.0106153 5 
0.00986924 0.0102301 5 
0.00986548 0.0101878 5 
0.0098634 0.0107422 5 
0.00985252 0.00997016 5 
0.0098511 0.0100446 5 
0.00984375 0.0105043 5 
0.00983927 0.0101705 5 
0.00983745 0.0106248 5 
0.00982183 0.0103085 5 
0.00981857 0.0102878 5 
0.00981032 0.0102453 5 
0.00980335 0.0107429 5 
0.00980282 0.0100269 5 
0.00979468 0.0104041 5 
0.00979442 0.0108308 5 
0.0097807 0.0104233 5 
0.00976457 0.010037 5 
0.00976102 0.0104494 5 
0.00974854 0.0103305 5 
0.00974636 0.00979263 5 
0.00974278 0.0101005 5 
0.00972865 0.0103891 5 
0.00972776 0.0097319 5 
0.00972724 0.00973171 5 
0.0097082 0.0102878 5 
0.00970168 0.00971853 5 
0.00970071 0.0106554 5 
0.00969796 0.01015 5 
0.00969747 0.00986767 5 
0.00969554 0.00992007 5 
0.00968992 0.0100503 5 
0.00967601 0.00979171 5 
0.00967271 0.00999707 5 
0.00966514 0.0110176 5 
0.00966104 0.0102476 5 
0.00965886 0.00986344 5 
0.00965713 0.00990313 5 
0.0096486 0.00994096 5 
0.00964797 0.0103061 5 
0.00962668 0.0103322 5 
0.00962242 0.0103288 5 
0.00961339 0.00973879 5 
0.00960494 0.0103757 5 
0.00960493 0.00997573 5 
0.00958785 0.0103653 5 
0.00957741 0.0099844 5 
0.00957493 0.00986767 5 
0.0095506 0.010691 5 
0.00953912 0.0099844 5 
0.00953597 0.0103291 5 
0.00953305 0.010215 5 
0.00953087 0.0100439 5 
0.00952346 0.0106509 5 
0.00951699 0.00982309 5 
0.00950637 0.00992137 5 
0.00949782 0.0100728 5 
0.0094968 0.0106384 5 
0.00948738 0.0106318 5 
0.00945818 0.0108171 5 
0.00945061 0.0103197 5 
0.00944075 0.00950899 5 
0.00943071 0.0103653 5 
0.00942064 0.0098285 5 
0.00942046 0.0100307 5 
0.00941996 0.00964878 5 
0.00940955 0.0103542 5 
0.00940681 0.0100892 5 
0.00940068 0.0103777 5 
0.00938873 0.0105302 5 
0.00936865 0.0108366 5 
0.00936581 0.00941069 5 
0.00936556 0.00970463 5 
0.00934558 0.010275 5 
0.00933006 0.00979171 5 
0.00931978 0.00974765 5 
0.00930637 0.00939263 5 
0.00930616 0.0104758 5 
0.0093042 0.0106411 5 
0.00930373 0.00998516 5 
0.0093036 0.00941069 5 
0.00929123 0.0096041 5 
0.00929079 0.0103851 5 
0.0092871 0.00986673 5 
0.00928517 0.00996666 5 
0.00926585 0.00983146 5 
0.00925754 0.00971209 5 
0.0092569 0.0100133 5 
0.00924937 0.0102301 5 
0.00924494 0.0103311 5 
0.00923345 0.0104487 5 
0.00923243 0.0093923 5 
0.009221 0.00945601 5 
0.00921641 0.0101417 5 
0.00920982 0.00981161 5 
0.00920893 0.0105101 5 
0.00919228 0.00927226 5 
0.00919202 0.00925277 5 
0.00918153 0.00991603 5 
0.00917897 0.0100555 5 
0.00917641 0.00987297 5 
0.00915951 0.0101763 5 
0.00913104 0.0098285 5 
0.00912487 0.0103947 5 
0.00911953 0.00991709 5 
0.00907861 0.00986997 5 
0.00907297 0.0104252 5 
0.00906935 0.010021 5 
0.00903389 0.0102843 5 
0.0090059 0.00953519 5 
0.00897983 0.0101417 5 
0.00893842 0.0102833 5 
0.00892112 0.00934316 5 
0.00890186 0.00935372 5 
0.00886941 0.0100446 5 
0.00881906 0.00926849 5 
0.00871728 0.00907197 5 
0.00837765 0.00956119 5 
0.00568128 0.00583495 6 
0.0056298 0.0056749 6 
0.00562096 0.00573123 6 
0.00561686 0.00573037 6 
0.00556325 0.00579016 6 
0.00538671 0.00556181 6 
0.00533861 0.00545311 6 
0.00532497 0.00540474 6 
0.00532142 0.00550167 6 
0.00529386 0.00579727 6 
0.00527065 0.00552622 6 
0.00526826 0.00527589 6 
0.00525976 0.00541531 6 
0.00524043 0.00539798 6 
0.00523133 0.00545024 6 
0.00522515 0.00530394 6 
0.00516969 0.0051963 6 
0.00516462 0.00524888 6 
0.00516273 0.00523583 6 
0.0051623 0.00524696 6 
0.00516227 0.00524129 6 
0.00516199 0.00533537 6 
0.00514341 0.00527822 6 
0.00514252 0.00527911 6 
0.00513653 0.00514275 6 
0.00512638 0.00518856 6 
0.00512469 0.00521131 6 
0.00512351 0.00527313 6 
0.00511196 0.00519739 6 
0.00510022 0.00530572 6 
0.005089 0.00526638 6 
0.00508659 0.00514868 6 
0.00508631 0.00511917 6 
0.00507726 0.00513015 6 
0.00506912 0.00519438 6 
0.00506275 0.00514332 6 
0.00504261 0.00532484 6 
0.00504177 0.00509247 6 
0.0050408 0.00539693 6 
0.00503739 0.00516987 6 
0.00503586 0.005485 6 
0.0050315 0.0050964 6 
0.00502709 0.00504696 6 
0.00502291 0.00564788 6 
0.00501813 0.00511176 6 
0.00501781 0.00515617 6 
0.00501424 0.0055493 6 
0.00500978 0.00515239 6 
0.00500682 0.00532708 6 
0.00500137 0.00512528 6 
0.00500025 0.00511917 6 
0.00499965 0.00520727 6 
0.0049953 0.00519438 6 
0.00499278 0.00546116 6 
0.00499171 0.00520727 6 
0.0049915 0.00509293 6 
0.00497884 0.00498952 6 
0.00497546 0.0050566 6 
0.00496961 0.00527589 6 
0.00496636 0.00498247 6 
0.00496414 0.00523583 6 
0.00496159 0.00520788 6 
0.00496149 0.00505809 6 
0.00495915 0.00502052 6 
0.00495278 0.00495482 6 
0.00495246 0.00510185 6 
0.00494823 0.0051607 6 
0.00493201 0.0049448 6 
0.00492718 0.00533858 6 
0.00492633 0.00511917 6 
0.00492625 0.00509583 6 
0.00492259 0.00539676 6 
0.00492128 0.00531476 6 
0.00492015 0.00507288 6 
0.00491191 0.00521232 6 
0.00491045 0.00516136 6 
0.00490915 0.00506774 6 
0.00490728 0.00491731 6 
0.0049024 0.00534436 6 
0.00490072 0.00503884 6 
0.00489955 0.00494408 6 
0.00489602 0.00554635 6 
0.0048936 0.00495638 6 
0.00489132 0.00489929 6 
0.0048907 0.00509565 6 
0.0048774 0.00544885 6 
0.00487309 0.00495162 6 
0.00486998 0.00521241 6 
0.00486748 0.00544959 6 
0.00486732 0.00493344 6 
0.00486042 0.00517629 6 
0.00485607 0.00533858 6 
0.00485547 0.00494633 6 
0.00484903 0.00550817 6 
0.00484891 0.00492656 6 
0.00484698 0.00494024 6 
0.00484496 0.00492962 6 
0.0048416 0.00512055 6 
0.00484148 0.00500944 6 
0.00484118 0.00515804 6 
0.00483706 0.00517208 6 
0.00483156 0.0048864 6 
0.0048272 0.0051772 6 
0.00481925 0.00533592 6 
0.00479651 0.00503131 6 
0.00479543 0.00509583 6 
0.00479022 0.00528653 6 
0.00478475 0.00530992 6 
0.00477544 0.00514275 6 
0.00477296 0.00507351 6 
0.00476693 0.00508422 6 
0.00476131 0.00499173 6 
0.00475759 0.00493089 6 
0.0047543 0.00524861 6 
0.0047542 0.00498011 6 
0.00473826 0.00534018 6 
0.00473056 0.00521736 6 
0.00472689 0.00486358 6 
0.00472668 0.00473418 6 
0.00472357 0.00494633 6 
0.00471073 0.00538879 6 
0.00470995 0.00492073 6 
0.00470382 0.00551506 6 
0.00470275 0.0052009 6 
0.00470263 0.00500944 6 
0.00470158 0.00504581 6 
0.00469718 0.00533901 6 
0.0046918 0.00527654 6 
0.00468869 0.00469517 6 
0.00468867 0.00523583 6 
0.00468584 0.00493275 6 
0.00467487 0.00507288 6 
0.00466802 0.00482459 6 
0.00464809 0.00470448 6 
0.00464723 0.00550449 6 
0.00464661 0.00470448 6 
0.0046455 0.00467044 6 
0.00464134 0.00465903 6 
0.00463796 0.00479908 6 
0.00463557 0.00494933 6 
0.00463424 0.00509565 6 
0.0046311 0.00474628 6 
0.00463095 0.00489036 6 
0.00462971 0.00493275 6 
0.00461994 0.00514894 6 
0.00460683 0.0049995 6 
0.00460606 0.00500324 6 
0.00459887 0.00501035 6 
0.00459621 0.00504696 6 
0.00459452 0.00523162 6 
0.00459009 0.00534651 6 
0.00458841 0.00489863 6 
0.00457954 0.00480108 6 
0.00457943 0.00528877 6 
0.00457557 0.00475683 6 
0.00457103 0.00508972 6 
0.00456999 0.00507231 6 
0.00456047 0.00467851 6 
0.00455467 0.0047209 6 
0.0045519 0.00473557 6 
0.0045501 0.00503296 6 
0.00453828 0.00477207 6 
0.00451231 0.00492699 6 
0.00451203 0.00494906 6 
0.00450974 0.0052009 6 
0.00449098 0.00515516 6 
0.00447804 0.00496817 6 
0.00445419 0.00497565 6 
0.00443901 0.00463071 6 
0.00441448 0.00511653 6 
0.00440742 0.0047231 6 
0.00436339 0.00461302 6 
0.00435054 0.00454722 6 
0.00434135 0.00490538 6 
0.00409784 0.00480325 6 
0.00276456 0.00279562 7 
0.00274226 0.00282223 7 
0.00273611 0.00288816 7 
0.00273241 0.00278558 7 
0.00272643 0.00297951 7 
0.00272428 0.00277203 7 
0.0027238 0.00277993 7 
0.00271947 0.00272586 7 
0.00266932 0.00276435 7 
0.00265966 0.00271639 7 
0.00265183 0.00266056 7 
0.00265008 0.00274065 7 
0.00264639 0.00270122 7 
0.00264538 0.00268007 7 
0.00264106 0.00269529 7 
0.00263869 0.00264403 7 
0.00262065 0.00270162 7 
0.00261965 0.00269852 7 
0.0026095 0.00262625 7 
0.00260641 0.00262325 7 
0.00260248 0.00264756 7 
0.00260092 0.00265828 7 
0.00259588 0.0026114 7 
0.00259565 0.00265268 7 
0.00259501 0.00273191 7 
0.00259491 0.00259671 7 
0.00258638 0.00272735 7 
0.00258527 0.00278537 7 
0.00258513 0.00259261 7 
0.00258307 0.00261146 7 
0.00257843 0.00283645 7 
0.00257792 0.00260545 7 
0.00257777 0.00265268 7 
0.00257743 0.00257917 7 
0.00257067 0.00264153 7 
0.00256955 0.00261357 7 
0.00256484 0.00258893 7 
0.00256404 0.00261357 7 
0.00256278 0.00264368 7 
0.00255938 0.00295299 7 
0.00255781 0.00256131 7 
0.00255439 0.00271607 7 
0.00255099 0.00264756 7 
0.00254822 0.00267839 7 
0.00254507 0.00257353 7 
0.00254259 0.00256295 7 
0.00254214 0.0028079 7 
0.00253829 0.00256093 7 
0.00253783 0.00256741 7 
0.00253204 0.00254521 7 
0.00252964 0.00255302 7 
0.00252874 0.00260676 7 
0.00252776 0.00271988 7 
0.00252762 0.00279108 7 
0.00251809 0.00256736 7 
0.00251801 0.00264403 7 
0.00251395 0.00252077 7 
0.00250755 0.00258062 7 
0.00250599 0.00258108 7 
0.00250573 0.00270375 7 
0.00250413 0.00255711 7 
0.0024964 0.00253285 7 
0.00249613 0.00267687 7 
0.00249365 0.00253765 7 
0.0024936 0.00252236 7 
0.0024936 0.00262136 7 
0.00249015 0.00250194 7 
0.00248736 0.00257787 7 
0.00248414 0.00266163 7 
0.00247847 0.00254689 7 
0.00247712 0.00272265 7 
0.00247573 0.00248465 7 
0.00247553 0.00259515 7 
0.00247306 0.00273782 7 
0.00247034 0.00258726 7 
0.00246894 0.0024719 7 
0.00246869 0.00271064 7 
0.0024684 0.00262625 7 
0.00246715 0.00279781 7 
0.00246636 0.00276914 7 
0.00246498 0.00254539 7 
0.00246124 0.0025613 7 
0.00245829 0.00256021 7 
0.00245253 0.00261146 7 
0.00244972 0.00255271 7 
0.00244735 0.00266029 7 
0.00244659 0.00277441 7 
0.00244492 0.00293965 7 
0.00244383 0.00274452 7 
0.00243965 0.00254689 7 
0.00243945 0.0024446 7 
0.00242779 0.00253765 7 
0.00242338 0.00264114 7 
0.0024233 0.00276692 7 
0.00242305 0.00246694 7 
0.00242178 0.00250965 7 
0.00241691 0.00251581 7 
0.00241121 0.0024722 7 
0.00240992 0.00250521 7 
0.00240967 0.00258108 7 
0.00240127 0.00262117 7 
0.00239855 0.00273116 7 
0.00239473 0.00243579 7 
0.00238889 0.00262325 7 
0.00238738 0.00243406 7 
0.00238604 0.00264155 7 
0.00238392 0.00285963 7 
0.00238005 0.00253742 7 
0.00237483 0.00241201 7 
0.00237239 0.00264145 7 
0.00237117 0.00251067 7 
0.00236809 0.00237566 7 
0.00236294 0.00247274 7 
0.00236145 0.00243662 7 
0.00236082 0.00237641 7 
0.00235629 0.00256952 7 
0.00235429 0.00271092 7 
0.0023537 0.00259769 7 
0.00235237 0.00255315 7 
0.00235136 0.00252087 7 
0.00235114 0.00237223 7 
0.00235049 0.00244295 7 
0.00234949 0.00238567 7 
0.00234907 0.00265328 7 
0.00234739 0.00255396 7 
0.00234696 0.00264855 7 
0.00234475 0.00253868 7 
0.00234411 0.00252236 7 
0.00234017 0.00271669 7 
0.00233957 0.00283578 7 
0.0023388 0.00258956 7 
0.00233832 0.00242533 7 
0.0023361 0.00243579 7 
0.0023352 0.0025276 7 
0.00232899 0.00264079 7 
0.00232434 0.00246584 7 
0.00231099 0.00253765 7 
0.00230915 0.00230995 7 
0.00230892 0.00240456 7 
0.00230772 0.00245361 7 
0.00230619 0.00254722 7 
0.00229755 0.00256668 7 
0.00229755 0.00237834 7 
0.00229588 0.00234378 7 
0.00228441 0.00235142 7 
0.00227273 0.00239592 7 
0.00226556 0.00235343 7 
0.00226039 0.00262325 7 
0.00225501 0.00245638 7 
0.00225349 0.00231649 7 
0.00225152 0.00247869 7 
0.00224243 0.00248122 7 
0.00224215 0.00242442 7 
0.00223632 0.00251411 7 
0.00222533 0.0023434 7 
0.00222144 0.00256779 7 
0.00218118 0.002412 7 
0.0021728 0.00225703 7 
0.00204431 0.00240453 7 
0.00146373 0.00147509 8 
0.00144493 0.00145125 8 
0.0014431 0.00146756 8 
0.00141773 0.00153281 8 
0.00141057 0.00142004 8 
0.00140275 0.00151268 8 
0.00139758 0.0014081 8 
0.00139159 0.00142199 8 
0.0013799 0.00138358 8 
0.0013795 0.00141114 8 
0.00137684 0.00137815 8 
0.00136716 0.00138006 8 
0.00136349 0.00140203 8 
0.0013561 0.00136259 8 
0.00135423 0.00136871 8 
0.00135183 0.00141131 8 
0.00135016 0.00136909 8 
0.00134998 0.00145166 8 
0.00134857 0.00139949 8 
0.00134515 0.00142519 8 
0.0013439 0.00136909 8 
0.0013433 0.00141925 8 
0.00134279 0.00135009 8 
0.00134255 0.00137095 8 
0.00133849 0.00134792 8 
0.00133624 0.00140295 8 
0.00133618 0.00140636 8 
0.0013353 0.00135702 8 
0.00133461 0.00134932 8 
0.00132421 0.00133004 8 
0.00132395 0.00137319 8 
0.00132322 0.00135512 8 
0.00132255 0.00136578 8 
0.00132001 0.00133586 8 
0.00131751 0.00151621 8 
0.00131202 0.00134427 8 
0.00130875 0.00134084 8 
0.0013062 0.00134792 8 
0.00130615 0.00132906 8 
0.00130488 0.00134373 8 
0.00130405 0.00130589 8 
0.00130288 0.00134309 8 
0.0013017 0.00139792 8 
0.00130165 0.00143233 8 
0.00130006 0.00130613 8 
0.00129948 0.00145071 8 
0.00129479 0.00134053 8 
0.00129152 0.00135066 8 
0.00129036 0.00130613 8 
0.00128931 0.0012907 8 
0.00128769 0.00131166 8 
0.00128623 0.0013144 8 
0.00128509 0.00131653 8 
0.00128417 0.00140418 8 
0.00128018 0.00132363 8 
0.00127494 0.00135365 8 
0.00127447 0.00129542 8 
0.00127278 0.00139538 8 
0.00127266 0.00130455 8 
0.0012714 0.0012961 8 
0.00127087 0.00127738 8 
0.00127063 0.00137397 8 
0.00126769 0.00140555 8 
0.00126693 0.00133291 8 
0.00126587 0.00138985 8 
0.00126497 0.00136242 8 
0.00126464 0.00134435 8 
0.0012631 0.00136518 8 
0.00126191 0.00132363 8 
0.00125967 0.00127836 8 
0.0012579 0.00138021 8 
0.00125708 0.00137534 8 
0.00125425 0.00145859 8 
0.00124934 0.00128613 8 
0.00124891 0.00133427 8 
0.00124764 0.00132906 8 
0.00124726 0.00128288 8 
0.00124653 0.00128938 8 
0.00124128 0.0014669 8 
0.0012407 0.00129902 8 
0.00123811 0.00125696 8 
0.0012352 0.00144083 8 
0.00123457 0.00130791 8 
0.00123395 0.00127037 8 
0.00123378 0.00151268 8 
0.00123222 0.00134951 8 
0.00123158 0.00142004 8 
0.00123055 0.00127081 8 
0.00123004 0.00133264 8 
0.00122886 0.00133149 8 
0.00122881 0.0013681 8 
0.00122232 0.00127738 8 
0.0012212 0.00130613 8 
0.00121957 0.0013681 8 
0.00121847 0.00132103 8 
0.00121804 0.00130943 8 
0.0012169 0.00127885 8 
0.00121687 0.00133041 8 
0.00121667 0.00122599 8 
0.00121356 0.00126153 8 
0.00121248 0.00127738 8 
0.00121239 0.00137898 8 
0.00121075 0.00134181 8 
0.00120992 0.00145306 8 
0.00120728 0.0012961 8 
0.00120684 0.00125398 8 
0.00120345 0.00130558 8 
0.00120275 0.0012254 8 
0.00119934 0.00123637 8 
0.00119894 0.00134951 8 
0.00119603 0.00120104 8 
0.0011957 0.00125696 8 
0.0011939 0.00130843 8 
0.00119057 0.00122072 8 
0.00119052 0.00125628 8 
0.00119049 0.00122799 8 
0.00118878 0.00135008 8 
0.00118786 0.00126677 8 
0.00118597 0.00120104 8 
0.00118446 0.00131143 8 
0.00117787 0.00126789 8 
0.00117582 0.00131959 8 
0.00117541 0.00133559 8 
0.00117406 0.00121126 8 
0.00117201 0.00120229 8 
0.00116781 0.00127778 8 
0.00116411 0.00125899 8 
0.00115126 0.00116149 8 
0.00115054 0.00117419 8 
0.00115022 0.00125134 8 
0.0011498 0.00129184 8 
0.00114939 0.00122383 8 
0.00114793 0.00133149 8 
0.00114652 0.00125374 8 
0.00114361 0.00123413 8 
0.00114139 0.00127513 8 
0.00113532 0.00130579 8 
0.00112596 0.00114873 8 
0.0011151 0.0012349 8 
0.00110147 0.00113977 8 
0.00103646 0.0012083 8 
0.000769483 0.000780766 9 
0.000766082 0.000771075 9 
0.000746426 0.000747057 9 
0.000742899 0.000794189 9 
0.000739629 0.000743298 9 
0.000737821 0.000753892 9 
0.000731738 0.000745127 9 
0.00072682 0.000733139 9 
0.000725039 0.000780739 9 
0.000717143 0.000736106 9 
0.000714593 0.000749707 9 
0.000713137 0.000737076 9 
0.00071005 0.000724458 9 
0.00070777 0.000748373 9 
0.000706005 0.000726865 9 
0.000705907 0.000712854 9 
0.000704677 0.000726762 9 
0.000700485 0.000714709 9 
0.000699703 0.000705482 9 
0.000699533 0.000722718 9 
0.000698381 0.000716289 9 
0.000693324 0.000712854 9 
0.000692166 0.000697653 9 
0.000683861 0.000782068 9 
0.000683854 0.000697653 9 
0.000682826 0.000716543 9 
0.000681309 0.000687759 9 
0.000680911 0.000739527 9 
0.000679035 0.000705065 9 
0.000678113 0.000731979 9 
0.000676068 0.000710113 9 
0.000673164 0.000763165 9 
0.000672618 0.000695018 9 
0.000672062 0.000736912 9 
0.000669178 0.000725872 9 
0.000668915 0.000696607 9 
0.000667868 0.000672986 9 
0.000666864 0.000668883 9 
0.000666328 0.000689386 9 
0.000665329 0.00067349 9 
0.000665107 0.000695913 9 
0.000664969 0.000679659 9 
0.000664886 0.000698634 9 
0.000662271 0.000679659 9 
0.000662242 0.000677214 9 
0.00066214 0.000711603 9 
0.00066077 0.000695169 9 
0.000660694 0.000701891 9 
0.000658607 0.000702301 9 
0.000658308 0.000709704 9 
0.000657097 0.000719173 9 
0.000656891 0.000678385 9 
0.00065656 0.000675439 9 
0.000655376 0.000658144 9 
0.000654947 0.000674192 9 
0.000654742 0.000701015 9 
0.000654696 0.000695913 9 
0.000654615 0.000658144 9 
0.00065326 0.000673802 9 
0.000652292 0.000753006 9 
0.000652167 0.000661847 9 
0.000649377 0.000770208 9 
0.000648678 0.000709929 9 
0.000647904 0.000700696 9 
0.000645983 0.000652532 9 
0.000645647 0.000660017 9 
0.000645571 0.000679103 9 
0.000643769 0.000669284 9 
0.000642314 0.000651689 9 
0.000641923 0.000711213 9 
0.000641551 0.000667938 9 
0.000640713 0.000680885 9 
0.000640547 0.00074448 9 
0.000639869 0.000659697 9 
0.000639627 0.000661683 9 
0.000639525 0.000693564 9 
0.000639283 0.000686254 9 
0.000638993 0.000679311 9 
0.000638523 0.000682891 9 
0.000636624 0.000788229 9 
0.000636171 0.000696939 9 
0.000634789 0.00071229 9 
0.00063403 0.000640001 9 
0.000633706 0.000731979 9 
0.000633491 0.000750938 9 
0.00063202 0.000656109 9 
0.000631431 0.00069193 9 
0.000630651 0.000668243 9 
0.000625792 0.000660341 9 
0.000625368 0.000701015 9 
0.000624863 0.000643269 9 
0.000624026 0.000700696 9 
0.000619981 0.000688387 9 
0.000618819 0.00063363 9 
0.000618587 0.00066125 9 
0.000617843 0.000658895 9 
0.000617496 0.000676418 9 
0.000616423 0.000617022 9 
0.000616382 0.000676418 9 
0.000616107 0.000666942 9 
0.000613706 0.000618125 9 
0.000613405 0.000618125 9 
0.000611897 0.000659243 9 
0.000609371 0.000680885 9 
0.000609008 0.0006436 9 
0.000608747 0.000637099 9 
0.000608729 0.00065612 9 
0.00060711 0.000642922 9 
0.000606987 0.000684837 9 
0.000606055 0.000607092 9 
0.000605969 0.000625083 9 
0.000605838 0.000648942 9 
0.00060529 0.000617022 9 
0.000605255 0.000613338 9 
0.000601142 0.000679336 9 
0.000600244 0.000648942 9 
0.000598676 0.000639018 9 
0.000595251 0.000669258 9 
0.000592013 0.000671927 9 
0.000589507 0.000682891 9 
0.000587711 0.000625623 9 
0.0005876 0.000626686 9 
0.000585849 0.000668527 9 
0.000581233 0.000647 9 
0.000577526 0.000647 9 
0.000575051 0.000579466 9 
0.000567194 0.000574618 9 
0.000565356 0.000584342 9 
0.000533097 0.000615378 9 
