0 0.493765 0 
0 0.500387 0 
0 0.500485 0 
0 0.500507 0 
0 0.501065 0 
0 0.502287 0 
0 0.502602 0 
0 0.502993 0 
0 0.504294 0 
0 0.504323 0 
0 0.504515 0 
0 0.504624 0 
0 0.504667 0 
0 0.504702 0 
0 0.504706 0 
0 0.504824 0 
0 0.504848 0 
0 0.504885 0 
0 0.505047 0 
0 0.505306 0 
0 0.50536 0 
0 0.506054 0 
0 0.506076 0 
0 0.506185 0 
0 0.506229 0 
0 0.506311 0 
0 0.506351 0 
0 0.506368 0 
0 0.506469 0 
0 0.506705 0 
0 0.506879 0 
0 0.506881 0 
0 0.507229 0 
0 0.507251 0 
0 0.507351 0 
0 0.507386 0 
0 0.507472 0 
0 0.507513 0 
0 0.507619 0 
0 0.507824 0 
0 0.507826 0 
0 0.507844 0 
0 0.507864 0 
0 0.508091 0 
0 0.508134 0 
0 0.508162 0 
0 0.508199 0 
0 0.508272 0 
0 0.508446 0 
0 0.508526 0 
0 0.508602 0 
0 0.508609 0 
0 0.508662 0 
0 0.508746 0 
0 0.508753 0 
0 0.508779 0 
0 0.508857 0 
0 0.508905 0 
0 0.50896 0 
0 0.509028 0 
0 0.509054 0 
0 0.509075 0 
0 0.509119 0 
0 0.509127 0 
0 0.50922 0 
0 0.509313 0 
0 0.509381 0 
0 0.509445 0 
0 0.509468 0 
0 0.509491 0 
0 0.509503 0 
0 0.50956 0 
0 0.509567 0 
0 0.509599 0 
0 0.509676 0 
0 0.509737 0 
0 0.509755 0 
0 0.509758 0 
0 0.509758 0 
0 0.509818 0 
0 0.509927 0 
0 0.509987 0 
0 0.510037 0 
0 0.510079 0 
0 0.510126 0 
0 0.510144 0 
0 0.510175 0 
0 0.510229 0 
0 0.510234 0 
0 0.510314 0 
0 0.510366 0 
0 0.510395 0 
0 0.510455 0 
0 0.510461 0 
0 0.510465 0 
0 0.510618 0 
0 0.510642 0 
0 0.510646 0 
0 0.510664 0 
0 0.510697 0 
0 0.510704 0 
0 0.510711 0 
0 0.510854 0 
0 0.510906 0 
0 0.510933 0 
0 0.510941 0 
0 0.510997 0 
0 0.511118 0 
0 0.511272 0 
0 0.511304 0 
0 0.511459 0 
0 0.511465 0 
0 0.511489 0 
0 0.511555 0 
0 0.511613 0 
0 0.511652 0 
0 0.511784 0 
0 0.512077 0 
0 0.512113 0 
0 0.51225 0 
0 0.512316 0 
0 0.512361 0 
0 0.512684 0 
0 0.513155 0 
0 0.51326 0 
0 0.513276 0 
0 0.513308 0 
0 inf 0 
0 0.191068 1 
0 0.192771 1 
0 0.194871 1 
0 0.195623 1 
0 0.19621 1 
0 0.196232 1 
0 0.196328 1 
0 0.19655 1 
0 0.196618 1 
0 0.196656 1 
0 0.196797 1 
0 0.197179 1 
0 0.197525 1 
0 0.197538 1 
0 0.197733 1 
0 0.198341 1 
0 0.19841 1 
0 0.198412 1 
0 0.198511 1 
0 0.198512 1 
0 0.198589 1 
0 0.198803 1 
0 0.198894 1 
0 0.198945 1 
0 0.199094 1 
0 0.199134 1 
0 0.199238 1 
0 0.199421 1 
0 0.199456 1 
0 0.199571 1 
0 0.199818 1 
0 0.199964 1 
0 0.199997 1 
0 0.200062 1 
0 0.200139 1 
0 0.200141 1 
0 0.200207 1 
0 0.200291 1 
0 0.200435 1 
0 0.200437 1 
0 0.20047 1 
0 0.200518 1 
0 0.200523 1 
0 0.200609 1 
0 0.20064 1 
0 0.200702 1 
0 0.200901 1 
0 0.200919 1 
0 0.201022 1 
0 0.201053 1 
0 0.201084 1 
0 0.201186 1 
0 0.201379 1 
0 0.201388 1 
0 0.201458 1 
0 0.201475 1 
0 0.201489 1 
0 0.201503 1 
0 0.201513 1 
0 0.201583 1 
0 0.201697 1 
0 0.201772 1 
0 0.201823 1 
0 0.201863 1 
0 0.201872 1 
0 0.201886 1 
0 0.201908 1 
0 0.201923 1 
0 0.201933 1 
0 0.202002 1 
0 0.202004 1 
0 0.202097 1 
0 0.202116 1 
0 0.202137 1 
0 0.202159 1 
0 0.202218 1 
0 0.202262 1 
0 0.202272 1 
0 0.202436 1 
0 0.202461 1 
0 0.202554 1 
0 0.202599 1 
0 0.20262 1 
0 0.2027 1 
0 0.202714 1 
0 0.202721 1 
0 0.202796 1 
0 0.202866 1 
0 0.202881 1 
0 0.202892 1 
0 0.202897 1 
0 0.202909 1 
0 0.20295 1 
0 0.202965 1 
0 0.202973 1 
0 0.20299 1 
0 0.203051 1 
0 0.203072 1 
0 0.203078 1 
0 0.203102 1 
0 0.203129 1 
0 0.203196 1 
0 0.203287 1 
0 0.203301 1 
0 0.203354 1 
0 0.203426 1 
0 0.203441 1 
0 0.203491 1 
0 0.203517 1 
0 0.203534 1 
0 0.203536 1 
0 0.20354 1 
0 0.203542 1 
0 0.203557 1 
0 0.203562 1 
0 0.203634 1 
0 0.203641 1 
0 0.203728 1 
0 0.203765 1 
0 0.203933 1 
0 0.204014 1 
0 0.204032 1 
0 0.204058 1 
0 0.204279 1 
0 0.204644 1 
0 0.205181 1 
0 0.205187 1 
0 inf 1 
0 0.0786487 2 
0 0.0794952 2 
0 0.0806416 2 
0 0.0810735 2 
0 0.0813311 2 
0 0.0814185 2 
0 0.0816721 2 
0 0.0817287 2 
0 0.081795 2 
0 0.0818976 2 
0 0.0820926 2 
0 0.0820946 2 
0 0.0822042 2 
0 0.0827804 2 
0 0.0828881 2 
0 0.0830805 2 
0 0.0833156 2 
0 0.0833459 2 
0 0.0834009 2 
0 0.0834495 2 
0 0.0836428 2 
0 0.0836579 2 
0 0.0838003 2 
0 0.0838749 2 
0 0.0838909 2 
0 0.0840188 2 
0 0.0840373 2 
0 0.0841166 2 
0 0.0841767 2 
0 0.0844673 2 
0 0.0844852 2 
0 0.0844892 2 
0 0.0845165 2 
0 0.0847028 2 
0 0.0847061 2 
0 0.0847569 2 
0 0.0847666 2 
0 0.0848052 2 
0 0.0848215 2 
0 0.0851762 2 
0 0.0852628 2 
0 0.0853297 2 
0 0.0853328 2 
0 0.0853664 2 
0 0.0854092 2 
0 0.0854704 2 
0 0.085503 2 
0 0.0855136 2 
0 0.0855214 2 
0 0.0856272 2 
0 0.0856333 2 
0 0.0856482 2 
0 0.08567 2 
0 0.085682 2 
0 0.0857104 2 
0 0.0857107 2 
0 0.0857261 2 
0 0.0857895 2 
0 0.0858119 2 
0 0.0858248 2 
0 0.0858389 2 
0 0.0858619 2 
0 0.085939 2 
0 0.0860012 2 
0 0.0860371 2 
0 0.0860509 2 
0 0.0861084 2 
0 0.086158 2 
0 0.0862345 2 
0 0.0862655 2 
0 0.0862946 2 
0 0.0863086 2 
0 0.0863124 2 
0 0.0864222 2 
0 0.0864475 2 
0 0.0864743 2 
0 0.0865277 2 
0 0.0865748 2 
0 0.0865788 2 
0 0.0865841 2 
0 0.0866118 2 
0 0.0866197 2 
0 0.0866584 2 
0 0.0866784 2 
0 0.0867179 2 
0 0.0867609 2 
0 0.0867617 2 
0 0.086802 2 
0 0.0868186 2 
0 0.0868519 2 
0 0.0868566 2 
0 0.0868675 2 
0 0.0868742 2 
0 0.0869216 2 
0 0.0869468 2 
0 0.0869486 2 
0 0.0869945 2 
0 0.0870444 2 
0 0.0870477 2 
0 0.0870829 2 
0 0.087091 2 
0 0.087139 2 
0 0.0871392 2 
0 0.0871515 2 
0 0.0871625 2 
0 0.0872698 2 
0 0.0873453 2 
0 0.0873692 2 
0 0.0873733 2 
0 0.0873946 2 
0 0.0874387 2 
0 0.0874465 2 
0 0.0875954 2 
0 0.0876863 2 
0 0.0877208 2 
0 0.0877727 2 
0 0.0878483 2 
0 0.0878948 2 
0 0.0879062 2 
0 0.0879783 2 
0 0.0880181 2 
0 0.0881821 2 
0 0.0882475 2 
0 0.0883122 2 
0 0.0886689 2 
0 0.0891469 2 
0 0.0893512 2 
0 inf 2 
0 0.0341396 3 
0 0.0343063 3 
0 0.0350243 3 
0 0.0353146 3 
0 0.0353181 3 
0 0.0356216 3 
0 0.0358915 3 
0 0.0359944 3 
0 0.0360198 3 
0 0.0361406 3 
0 0.0362914 3 
0 0.0365424 3 
0 0.0366652 3 
0 0.0366683 3 
0 0.0366916 3 
0 0.0367312 3 
0 0.0368021 3 
0 0.0368606 3 
0 0.0368667 3 
0 0.0370175 3 
0 0.0370477 3 
0 0.037187 3 
0 0.0372659 3 
0 0.037273 3 
0 0.0373334 3 
0 0.0374265 3 
0 0.0374653 3 
0 0.0375776 3 
0 0.0376766 3 
0 0.0377293 3 
0 0.0377299 3 
0 0.0377301 3 
0 0.0377417 3 
0 0.0377803 3 
0 0.0378223 3 
0 0.0379029 3 
0 0.0379147 3 
0 0.03797 3 
0 0.0379833 3 
0 0.0380957 3 
0 0.0381059 3 
0 0.0381412 3 
0 0.0381832 3 
0 0.0381995 3 
0 0.0382194 3 
0 0.0382502 3 
0 0.0382522 3 
0 0.0382532 3 
0 0.038404 3 
0 0.0384179 3 
0 0.038471 3 
0 0.0385518 3 
0 0.0385581 3 
0 0.0385646 3 
0 0.0385864 3 
0 0.038629 3 
0 0.038678 3 
0 0.0387073 3 
0 0.0387259 3 
0 0.0387498 3 
0 0.0387532 3 
0 0.0387587 3 
0 0.0388023 3 
0 0.038859 3 
0 0.0388657 3 
0 0.0389113 3 
0 0.0389137 3 
0 0.0389178 3 
0 0.0389512 3 
0 0.0389521 3 
0 0.0389902 3 
0 0.0389991 3 
0 0.0390154 3 
0 0.0390437 3 
0 0.0390913 3 
0 0.0391017 3 
0 0.0391068 3 
0 0.0391088 3 
0 0.0391111 3 
0 0.0391117 3 
0 0.0391321 3 
0 0.0391403 3 
0 0.0391505 3 
0 0.0391514 3 
0 0.0391542 3 
0 0.0391628 3 
0 0.039246 3 
0 0.0392912 3 
0 0.0392966 3 
0 0.0393352 3 
0 0.0393367 3 
0 0.0393623 3 
0 0.0393634 3 
0 0.0393898 3 
0 0.0393986 3 
0 0.0394001 3 
0 0.0394166 3 
0 0.0394467 3 
0 0.0394644 3 
0 0.0394831 3 
0 0.0395784 3 
0 0.0395906 3 
0 0.0396305 3 
0 0.0396432 3 
0 0.0396519 3 
0 0.0396534 3 
0 0.0396898 3 
0 0.0396974 3 
0 0.0397008 3 
0 0.0397105 3 
0 0.0397419 3 
0 0.0398337 3 
0 0.0398775 3 
0 0.0398861 3 
0 0.0399721 3 
0 0.040001 3 
0 0.0400172 3 
0 0.0400293 3 
0 0.0400341 3 
0 0.0400608 3 
0 0.0401756 3 
0 0.0404065 3 
0 0.0404968 3 
0 0.0405144 3 
0 0.0407505 3 
0 0.0417652 3 
0 0.0418925 3 
0 inf 3 
0 0.0155341 4 
0 0.0156233 4 
0 0.0158531 4 
0 0.0158817 4 
0 0.0160192 4 
0 0.0163417 4 
0 0.0164096 4 
0 0.01663 4 
0 0.0166628 4 
0 0.0166925 4 
0 0.0167111 4 
0 0.0168219 4 
0 0.0168304 4 
0 0.0168446 4 
0 0.0168793 4 
0 0.016887 4 
0 0.0168881 4 
0 0.0169746 4 
0 0.0169998 4 
0 0.0171454 4 
0 0.0171559 4 
0 0.0171828 4 
0 0.0172025 4 
0 0.0172483 4 
0 0.0172535 4 
0 0.0172546 4 
0 0.0173166 4 
0 0.0173896 4 
0 0.0174509 4 
0 0.0175131 4 
0 0.0175182 4 
0 0.0175798 4 
0 0.0176296 4 
0 0.0176371 4 
0 0.0176413 4 
0 0.0176566 4 
0 0.0176817 4 
0 0.017697 4 
0 0.0177037 4 
0 0.0177118 4 
0 0.0177194 4 
0 0.0177216 4 
0 0.0177405 4 
0 0.0177633 4 
0 0.0178472 4 
0 0.0179037 4 
0 0.017907 4 
0 0.0179296 4 
0 0.0179557 4 
0 0.0179702 4 
0 0.0179907 4 
0 0.0179941 4 
0 0.0179975 4 
0 0.0180131 4 
0 0.0180472 4 
0 0.0180581 4 
0 0.0181169 4 
0 0.0181411 4 
0 0.0181681 4 
0 0.0181952 4 
0 0.0181984 4 
0 0.0182106 4 
0 0.0182177 4 
0 0.0182193 4 
0 0.0182454 4 
0 0.0182668 4 
0 0.0182703 4 
0 0.0182787 4 
0 0.0182875 4 
0 0.0182887 4 
0 0.0182998 4 
0 0.0183092 4 
0 0.0183137 4 
0 0.0183141 4 
0 0.0183199 4 
0 0.0183355 4 
0 0.0183496 4 
0 0.0183618 4 
0 0.0183713 4 
0 0.0184228 4 
0 0.0184257 4 
0 0.0184448 4 
0 0.0184549 4 
0 0.0184683 4 
0 0.0184709 4 
0 0.0184901 4 
0 0.0185024 4 
0 0.0185038 4 
0 0.0185074 4 
0 0.0185374 4 
0 0.0185427 4 
0 0.0186029 4 
0 0.0186118 4 
0 0.0186212 4 
0 0.0186366 4 
0 0.0186422 4 
0 0.0186432 4 
0 0.0186553 4 
0 0.0186673 4 
0 0.0186687 4 
0 0.0186718 4 
0 0.0186798 4 
0 0.0186914 4 
0 0.0186949 4 
0 0.0187533 4 
0 0.0187703 4 
0 0.0187967 4 
0 0.018817 4 
0 0.0188439 4 
0 0.0188458 4 
0 0.0188513 4 
0 0.0188938 4 
0 0.0189375 4 
0 0.0189405 4 
0 0.0189893 4 
0 0.0190048 4 
0 0.0190158 4 
0 0.0191034 4 
0 0.0191181 4 
0 0.0192322 4 
0 0.0193909 4 
0 0.0194006 4 
0 0.0194027 4 
0 0.0195028 4 
0 0.0195113 4 
0 0.020055 4 
0 0.0207082 4 
0 inf 4 
0 0.00731381 5 
0 0.00734148 5 
0 0.00745415 5 
0 0.007469 5 
0 0.00749713 5 
0 0.00776765 5 
0 0.00777185 5 
0 0.00784388 5 
0 0.00785992 5 
0 0.00789542 5 
0 0.00794571 5 
0 0.0079583 5 
0 0.00797907 5 
0 0.00799347 5 
0 0.00799414 5 
0 0.00802706 5 
0 0.00805364 5 
0 0.00805676 5 
0 0.0081182 5 
0 0.00813628 5 
0 0.00816311 5 
0 0.00816702 5 
0 0.00817345 5 
0 0.00817601 5 
0 0.00822461 5 
0 0.00823144 5 
0 0.00824406 5 
0 0.00827343 5 
0 0.00829952 5 
0 0.0083115 5 
0 0.00831317 5 
0 0.0083949 5 
0 0.00842958 5 
0 0.00843486 5 
0 0.00846721 5 
0 0.00849582 5 
0 0.00851616 5 
0 0.00852044 5 
0 0.0085428 5 
0 0.00855474 5 
0 0.00855801 5 
0 0.00855877 5 
0 0.00856139 5 
0 0.00856525 5 
0 0.00856672 5 
0 0.00857848 5 
0 0.00859254 5 
0 0.00860076 5 
0 0.00861793 5 
0 0.00862273 5 
0 0.00863513 5 
0 0.00864717 5 
0 0.00866806 5 
0 0.00867837 5 
0 0.00868822 5 
0 0.00868865 5 
0 0.00869993 5 
0 0.00872084 5 
0 0.00873807 5 
0 0.00874628 5 
0 0.00875162 5 
0 0.00876497 5 
0 0.00877874 5 
0 0.00878011 5 
0 0.00882663 5 
0 0.00882668 5 
0 0.0088336 5 
0 0.00883617 5 
0 0.00885094 5 
0 0.00886534 5 
0 0.00886541 5 
0 0.00887697 5 
0 0.00888778 5 
0 0.00888886 5 
0 0.00889304 5 
0 0.00890599 5 
0 0.00891687 5 
0 0.00891903 5 
0 0.00892049 5 
0 0.00892084 5 
0 0.00895043 5 
0 0.00895143 5 
0 0.00895538 5 
0 0.00896173 5 
0 0.00896966 5 
0 0.00897426 5 
0 0.00897461 5 
0 0.00899246 5 
0 0.00901446 5 
0 0.00903156 5 
0 0.00903686 5 
0 0.00903848 5 
0 0.00903849 5 
0 0.00904052 5 
0 0.0090769 5 
0 0.00910441 5 
0 0.00911406 5 
0 0.00911887 5 
0 0.00912322 5 
0 0.00912573 5 
0 0.00912825 5 
0 0.00913747 5 
0 0.00918092 5 
0 0.00919012 5 
0 0.00920145 5 
0 0.00921002 5 
0 0.00921452 5 
0 0.00923368 5 
0 0.00923487 5 
0 0.00925882 5 
0 0.00926704 5 
0 0.00927166 5 
0 0.00927172 5 
0 0.00929642 5 
0 0.00931253 5 
0 0.00932371 5 
0 0.00935021 5 
0 0.0093894 5 
0 0.00940526 5 
0 0.00940916 5 
0 0.00943273 5 
0 0.00951894 5 
0 0.00960721 5 
0 0.00969746 5 
0 0.00971948 5 
0 0.00988303 5 
0 0.0104423 5 
0 inf 5 
0 0.0034895 6 
0 0.00355075 6 
0 0.00359737 6 
0 0.00362407 6 
0 0.00366962 6 
0 0.00377071 6 
0 0.00377904 6 
0 0.00378404 6 
0 0.00378505 6 
0 0.00379309 6 
0 0.00383739 6 
0 0.00384063 6 
0 0.00385167 6 
0 0.00385657 6 
0 0.00386719 6 
0 0.00388291 6 
0 0.00388788 6 
0 0.00390922 6 
0 0.00391274 6 
0 0.00394576 6 
0 0.00396918 6 
0 0.00397165 6 
0 0.00398251 6 
0 0.00399373 6 
0 0.00404544 6 
0 0.00404728 6 
0 0.00405199 6 
0 0.00407085 6 
0 0.00407723 6 
0 0.00411398 6 
0 0.00411812 6 
0 0.00411914 6 
0 0.00412207 6 
0 0.00413418 6 
0 0.00413771 6 
0 0.00414748 6 
0 0.00415223 6 
0 0.00415605 6 
0 0.00417971 6 
0 0.00418277 6 
0 0.00418638 6 
0 0.00419386 6 
0 0.00420839 6 
0 0.00421124 6 
0 0.00421482 6 
0 0.00421533 6 
0 0.00421888 6 
0 0.0042192 6 
0 0.0042256 6 
0 0.0042259 6 
0 0.00423312 6 
0 0.0042502 6 
0 0.00425295 6 
0 0.0042571 6 
0 0.00426131 6 
0 0.00426264 6 
0 0.00427858 6 
0 0.00428111 6 
0 0.00429385 6 
0 0.00429926 6 
0 0.0043037 6 
0 0.0043075 6 
0 0.00431411 6 
0 0.00434523 6 
0 0.00435027 6 
0 0.0043534 6 
0 0.00437067 6 
0 0.00437291 6 
0 0.0043757 6 
0 0.00437823 6 
0 0.00439117 6 
0 0.00439702 6 
0 0.00439754 6 
0 0.00441053 6 
0 0.0044116 6 
0 0.00441606 6 
0 0.00441731 6 
0 0.00442106 6 
0 0.0044291 6 
0 0.00443236 6 
0 0.00443415 6 
0 0.00444616 6 
0 0.00444617 6 
0 0.00444913 6 
0 0.00445352 6 
0 0.00446054 6 
0 0.00446204 6 
0 0.00446497 6 
0 0.00446866 6 
0 0.00447145 6 
0 0.00447147 6 
0 0.00447732 6 
0 0.00447939 6 
0 0.0044898 6 
0 0.00450638 6 
0 0.00451361 6 
0 0.00451834 6 
0 0.00454667 6 
0 0.00454669 6 
0 0.00455429 6 
0 0.00455817 6 
0 0.0045816 6 
0 0.00459043 6 
0 0.00460149 6 
0 0.004617 6 
0 0.00462748 6 
0 0.00463584 6 
0 0.00463954 6 
0 0.00464193 6 
0 0.00464501 6 
0 0.00465358 6 
0 0.00465459 6 
0 0.00465473 6 
0 0.00466236 6 
0 0.00467496 6 
0 0.00467698 6 
0 0.00469454 6 
0 0.00474063 6 
0 0.00474879 6 
0 0.00476463 6 
0 0.00477365 6 
0 0.00477649 6 
0 0.00480932 6 
0 0.00493298 6 
0 0.00496859 6 
0 0.004971 6 
0 0.00528086 6 
0 inf 6 
0 0.00169535 7 
0 0.00176248 7 
0 0.00176536 7 
0 0.00180603 7 
0 0.00183602 7 
0 0.00184878 7 
0 0.00185131 7 
0 0.00185428 7 
0 0.00185709 7 
0 0.00186113 7 
0 0.00187507 7 
0 0.00188325 7 
0 0.00189122 7 
0 0.00189257 7 
0 0.00189837 7 
0 0.0019123 7 
0 0.00191945 7 
0 0.00192398 7 
0 0.00195094 7 
0 0.00195994 7 
0 0.00196099 7 
0 0.00196648 7 
0 0.00197062 7 
0 0.00199569 7 
0 0.00202071 7 
0 0.0020235 7 
0 0.00203076 7 
0 0.00203186 7 
0 0.00204609 7 
0 0.00204685 7 
0 0.00204919 7 
0 0.00205289 7 
0 0.00205899 7 
0 0.00206309 7 
0 0.00206317 7 
0 0.00206604 7 
0 0.00207118 7 
0 0.00207434 7 
0 0.00207564 7 
0 0.0020797 7 
0 0.00209197 7 
0 0.00209491 7 
0 0.00209523 7 
0 0.00209837 7 
0 0.002101 7 
0 0.00210275 7 
0 0.00210279 7 
0 0.00211291 7 
0 0.00212187 7 
0 0.00212707 7 
0 0.00212717 7 
0 0.00213124 7 
0 0.00213176 7 
0 0.00213773 7 
0 0.00213973 7 
0 0.00214212 7 
0 0.00214471 7 
0 0.00214628 7 
0 0.00214757 7 
0 0.00215874 7 
0 0.00216446 7 
0 0.00217092 7 
0 0.00217197 7 
0 0.0021724 7 
0 0.00217787 7 
0 0.00218351 7 
0 0.00219239 7 
0 0.00219861 7 
0 0.00220077 7 
0 0.00220119 7 
0 0.00220288 7 
0 0.00220444 7 
0 0.00220757 7 
0 0.00221935 7 
0 0.00222119 7 
0 0.00222516 7 
0 0.00222613 7 
0 0.00222637 7 
0 0.00222863 7 
0 0.00222918 7 
0 0.00223201 7 
0 0.00223357 7 
0 0.00223585 7 
0 0.00223598 7 
0 0.00224284 7 
0 0.00224379 7 
0 0.00224545 7 
0 0.00224558 7 
0 0.00225201 7 
0 0.00225322 7 
0 0.00225719 7 
0 0.00226032 7 
0 0.00226056 7 
0 0.00226431 7 
0 0.00226845 7 
0 0.00227287 7 
0 0.00227727 7 
0 0.0022938 7 
0 0.00229691 7 
0 0.00230957 7 
0 0.00232456 7 
0 0.00233291 7 
0 0.00233442 7 
0 0.00233794 7 
0 0.00233882 7 
0 0.00234209 7 
0 0.00234486 7 
0 0.00234526 7 
0 0.00234862 7 
0 0.00235266 7 
0 0.00235535 7 
0 0.00235877 7 
0 0.0023658 7 
0 0.00237526 7 
0 0.00238106 7 
0 0.0023811 7 
0 0.00240925 7 
0 0.00241111 7 
0 0.00242825 7 
0 0.00243064 7 
0 0.00244688 7 
0 0.00246736 7 
0 0.00246776 7 
0 0.00253935 7 
0 0.00255116 7 
0 0.00258677 7 
0 0.00270387 7 
0 inf 7 
0 0.000839113 8 
0 0.000879236 8 
0 0.000894104 8 
0 0.000902504 8 
0 0.000909322 8 
0 0.000910403 8 
0 0.000920563 8 
0 0.000920912 8 
0 0.000926778 8 
0 0.000933668 8 
0 0.000942833 8 
0 0.000947625 8 
0 0.000948361 8 
0 0.000948797 8 
0 0.000951388 8 
0 0.000954081 8 
0 0.000958646 8 
0 0.000959037 8 
0 0.000962654 8 
0 0.00097969 8 
0 0.000981576 8 
0 0.00100358 8 
0 0.00101263 8 
0 0.00101274 8 
0 0.00101636 8 
0 0.00102517 8 
0 0.0010328 8 
0 0.00103317 8 
0 0.00103344 8 
0 0.001035 8 
0 0.00103872 8 
0 0.00103909 8 
0 0.00104015 8 
0 0.00104092 8 
0 0.00104493 8 
0 0.00104694 8 
0 0.00104783 8 
0 0.00105156 8 
0 0.00105271 8 
0 0.00105392 8 
0 0.00105695 8 
0 0.00105951 8 
0 0.00106342 8 
0 0.00106442 8 
0 0.00106466 8 
0 0.00106569 8 
0 0.00106663 8 
0 0.00107089 8 
0 0.00107103 8 
0 0.00107441 8 
0 0.00108533 8 
0 0.00108552 8 
0 0.00108582 8 
0 0.00108723 8 
0 0.00109121 8 
0 0.00109381 8 
0 0.00109386 8 
0 0.00109489 8 
0 0.00109641 8 
0 0.00109765 8 
0 0.00109838 8 
0 0.00109878 8 
0 0.0011065 8 
0 0.00111502 8 
0 0.00111527 8 
0 0.00111534 8 
0 0.00111696 8 
0 0.00111778 8 
0 0.00111925 8 
0 0.00112555 8 
0 0.00112633 8 
0 0.00112701 8 
0 0.00112714 8 
0 0.0011286 8 
0 0.00113112 8 
0 0.00113249 8 
0 0.001133 8 
0 0.00113349 8 
0 0.00113388 8 
0 0.00113474 8 
0 0.00113509 8 
0 0.00113759 8 
0 0.00113919 8 
0 0.00113933 8 
0 0.00113957 8 
0 0.00114084 8 
0 0.00114241 8 
0 0.00114283 8 
0 0.00114444 8 
0 0.00114658 8 
0 0.0011479 8 
0 0.00114823 8 
0 0.00115313 8 
0 0.00115765 8 
0 0.00115882 8 
0 0.00116231 8 
0 0.001165 8 
0 0.0011682 8 
0 0.00117598 8 
0 0.00118392 8 
0 0.00118677 8 
0 0.00119115 8 
0 0.00119324 8 
0 0.0011939 8 
0 0.00119843 8 
0 0.00120569 8 
0 0.00120717 8 
0 0.00120778 8 
0 0.00121206 8 
0 0.0012125 8 
0 0.0012139 8 
0 0.00121592 8 
0 0.0012172 8 
0 0.00122098 8 
0 0.00122135 8 
0 0.00122328 8 
0 0.00122895 8 
0 0.00124445 8 
0 0.00125792 8 
0 0.00126162 8 
0 0.00126549 8 
0 0.00126719 8 
0 0.00129427 8 
0 0.00131483 8 
0 0.00133564 8 
0 0.00135419 8 
0 0.00139867 8 
0 inf 8 
0 0.000421957 9 
0 0.000443443 9 
0 0.000445677 9 
0 0.000453731 9 
0 0.000459223 9 
0 0.000459476 9 
0 0.000462612 9 
0 0.000464141 9 
0 0.000466307 9 
0 0.000466601 9 
0 0.000475651 9 
0 0.000478136 9 
0 0.000480423 9 
0 0.000482299 9 
0 0.000488173 9 
0 0.000489244 9 
0 0.000490573 9 
0 0.000492192 9 
0 0.000492505 9 
0 0.000495441 9 
0 0.000501728 9 
0 0.000512091 9 
0 0.000523081 9 
0 0.000523725 9 
0 0.000524525 9 
0 0.000526013 9 
0 0.00052623 9 
0 0.000527228 9 
0 0.000527373 9 
0 0.000527553 9 
0 0.000528817 9 
0 0.000529136 9 
0 0.000530603 9 
0 0.000532193 9 
0 0.000532239 9 
0 0.000537746 9 
0 0.000539454 9 
0 0.000539508 9 
0 0.000540643 9 
0 0.000542595 9 
0 0.000543461 9 
0 0.000543885 9 
0 0.000544701 9 
0 0.00054494 9 
0 0.000546318 9 
0 0.00054772 9 
0 0.000548943 9 
0 0.000548959 9 
0 0.000549086 9 
0 0.000549676 9 
0 0.000555072 9 
0 0.000555305 9 
0 0.000555798 9 
0 0.000558426 9 
0 0.000558741 9 
0 0.000559539 9 
0 0.000560683 9 
0 0.000562773 9 
0 0.000562799 9 
0 0.00056292 9 
0 0.000563343 9 
0 0.000564687 9 
0 0.000568709 9 
0 0.000569346 9 
0 0.000570855 9 
0 0.000572791 9 
0 0.000572914 9 
0 0.00057311 9 
0 0.000574961 9 
0 0.000576902 9 
0 0.000578393 9 
0 0.00057956 9 
0 0.000579827 9 
0 0.00057991 9 
0 0.00058007 9 
0 0.000581024 9 
0 0.000582377 9 
0 0.000582563 9 
0 0.000582897 9 
0 0.000583276 9 
0 0.000583949 9 
0 0.0005845 9 
0 0.000585563 9 
0 0.000588371 9 
0 0.000588607 9 
0 0.000589768 9 
0 0.000590085 9 
0 0.000592144 9 
0 0.00059453 9 
0 0.000596441 9 
0 0.000596557 9 
0 0.000596639 9 
0 0.000598332 9 
0 0.000599971 9 
0 0.000600304 9 
0 0.000600788 9 
0 0.000600983 9 
0 0.000604802 9 
0 0.000610701 9 
0 0.00061125 9 
0 0.000612748 9 
0 0.000613233 9 
0 0.000617286 9 
0 0.000618726 9 
0 0.000619434 9 
0 0.000620153 9 
0 0.000621659 9 
0 0.000623185 9 
0 0.00062378 9 
0 0.000627359 9 
0 0.000627686 9 
0 0.000630648 9 
0 0.000634906 9 
0 0.000634974 9 
0 0.000639719 9 
0 0.000640409 9 
0 0.000641683 9 
0 0.000649147 9 
0 0.000655316 9 
0 0.000656985 9 
0 0.000657798 9 
0 0.000660241 9 
0 0.000677191 9 
0 0.000677391 9 
0 0.000705795 9 
0 0.000716867 9 
0 0.000729834 9 
0 inf 9 
