0.524108 0.536214 0 
0.522568 0.541293 0 
0.522192 0.540038 0 
0.521558 0.543172 0 
0.521492 0.54049 0 
0.521481 0.540459 0 
0.521354 0.540115 0 
0.521321 0.541775 0 
0.521143 0.541033 0 
0.520991 0.541029 0 
0.520735 0.536791 0 
0.520594 0.54049 0 
0.520523 0.539691 0 
0.520492 0.541641 0 
0.52045 0.541857 0 
0.520431 0.541051 0 
0.52036 0.539301 0 
0.520253 0.537243 0 
0.520054 0.520057 0 
0.520028 0.538993 0 
0.519947 0.541496 0 
0.519938 0.53991 0 
0.519905 0.53991 0 
0.519904 0.520158 0 
0.519858 0.5416 0 
0.519858 0.519867 0 
0.519778 0.52013 0 
0.519764 0.539806 0 
0.519731 0.541051 0 
0.519728 0.536214 0 
0.519574 0.539782 0 
0.519573 0.538146 0 
0.519558 0.540036 0 
0.519503 0.542441 0 
0.519312 0.539691 0 
0.519232 0.541428 0 
0.519206 0.544649 0 
0.51909 0.541787 0 
0.519014 0.537772 0 
0.518972 0.540348 0 
0.518949 0.543325 0 
0.518948 0.54131 0 
0.518932 0.541627 0 
0.518872 0.540797 0 
0.518796 0.519651 0 
0.518757 0.541258 0 
0.518751 0.541029 0 
0.518722 0.542786 0 
0.518699 0.540619 0 
0.518686 0.539691 0 
0.518656 0.542064 0 
0.5186 0.53958 0 
0.518534 0.540735 0 
0.518496 0.536214 0 
0.518494 0.542888 0 
0.518473 0.540856 0 
0.518452 0.519787 0 
0.518438 0.54131 0 
0.518364 0.519399 0 
0.518354 0.520224 0 
0.518318 0.540628 0 
0.518262 0.540138 0 
0.518217 0.538611 0 
0.518175 0.542598 0 
0.518154 0.541277 0 
0.518134 0.518676 0 
0.518114 0.543864 0 
0.51811 0.541613 0 
0.518098 0.520944 0 
0.518086 0.520751 0 
0.518059 0.541583 0 
0.518058 0.5394 0 
0.517994 0.519623 0 
0.517969 0.538146 0 
0.517916 0.519011 0 
0.517894 0.5387 0 
0.517866 0.518839 0 
0.517766 0.540367 0 
0.517763 0.519394 0 
0.517733 0.541916 0 
0.517731 0.540427 0 
0.517726 0.521207 0 
0.517725 0.538993 0 
0.517723 0.519733 0 
0.517697 0.54437 0 
0.517653 0.543512 0 
0.51763 0.520944 0 
0.517628 0.543005 0 
0.517623 0.517729 0 
0.517606 0.517754 0 
0.517605 0.541584 0 
0.517576 0.543486 0 
0.51756 0.54111 0 
0.517529 0.543734 0 
0.517519 0.519529 0 
0.517472 0.540865 0 
0.517421 0.517931 0 
0.517398 0.543385 0 
0.517371 0.540853 0 
0.517366 0.543275 0 
0.517333 0.540115 0 
0.517273 0.540051 0 
0.517267 0.542063 0 
0.517145 0.518676 0 
0.517134 0.539604 0 
0.517005 0.517218 0 
0.516991 0.541307 0 
0.516991 0.536791 0 
0.516962 0.537765 0 
0.516907 0.540138 0 
0.516857 0.540735 0 
0.516849 0.539716 0 
0.51678 0.544174 0 
0.516751 0.541468 0 
0.516749 0.518455 0 
0.516706 0.540664 0 
0.516705 0.540038 0 
0.516684 0.518879 0 
0.516684 0.541428 0 
0.516683 0.520475 0 
0.516658 0.540038 0 
0.516653 0.542052 0 
0.516647 0.54486 0 
0.516577 0.540348 0 
0.516534 0.538924 0 
0.516495 0.517858 0 
0.51648 0.517119 0 
0.516476 0.543204 0 
0.516452 0.517896 0 
0.516446 0.51649 0 
0.516446 0.517584 0 
0.516422 0.517102 0 
0.516414 0.538625 0 
0.516359 0.54131 0 
0.516309 0.541698 0 
0.516303 0.543238 0 
0.51629 0.540328 0 
0.516289 0.540262 0 
0.516263 0.537772 0 
0.516253 0.516747 0 
0.516238 0.541033 0 
0.516207 0.51732 0 
0.516198 0.541705 0 
0.516194 0.543512 0 
0.516153 0.516381 0 
0.516134 0.537765 0 
0.516119 0.539716 0 
0.516068 0.519249 0 
0.516045 0.52025 0 
0.516024 0.516746 0 
0.51599 0.544356 0 
0.515951 0.517663 0 
0.515932 0.540738 0 
0.515918 0.54006 0 
0.515862 0.516082 0 
0.515844 0.541393 0 
0.515843 0.53958 0 
0.515796 0.537243 0 
0.515791 0.5394 0 
0.515777 0.517825 0 
0.515769 0.516548 0 
0.51576 0.519207 0 
0.515744 0.5387 0 
0.515732 0.516828 0 
0.515717 0.518136 0 
0.515689 0.518467 0 
0.515653 0.540503 0 
0.515612 0.541033 0 
0.515533 0.53958 0 
0.515522 0.51588 0 
0.515461 0.540998 0 
0.515458 0.539649 0 
0.515442 0.518286 0 
0.515402 0.516112 0 
0.515395 0.515527 0 
0.515372 0.541775 0 
0.515324 0.517036 0 
0.51532 0.542327 0 
0.51531 0.542106 0 
0.515304 0.517244 0 
0.515273 0.540078 0 
0.51527 0.5164 0 
0.51526 0.520314 0 
0.515224 0.518003 0 
0.515218 0.539743 0 
0.515185 0.543458 0 
0.515115 0.536791 0 
0.515107 0.517876 0 
0.51509 0.516014 0 
0.515087 0.521619 0 
0.515077 0.542495 0 
0.515052 0.515952 0 
0.514998 0.515633 0 
0.514987 0.542342 0 
0.514985 0.542598 0 
0.514971 0.5394 0 
0.51496 0.539702 0 
0.514959 0.541965 0 
0.514959 0.537765 0 
0.514949 0.545312 0 
0.514935 0.515237 0 
0.514926 0.543558 0 
0.514916 0.516511 0 
0.514916 0.516536 0 
0.514902 0.515073 0 
0.514892 0.545077 0 
0.514885 0.539782 0 
0.514884 0.515061 0 
0.514865 0.543365 0 
0.514819 0.518274 0 
0.514805 0.541033 0 
0.514786 0.515758 0 
0.514785 0.536214 0 
0.514776 0.515643 0 
0.514745 0.541954 0 
0.514725 0.539782 0 
0.514686 0.514859 0 
0.514665 0.540074 0 
0.514657 0.518486 0 
0.514603 0.516144 0 
0.514591 0.519529 0 
0.514582 0.514869 0 
0.514581 0.517851 0 
0.514544 0.515518 0 
0.514524 0.515668 0 
0.514523 0.518499 0 
0.514505 0.541253 0 
0.514487 0.514877 0 
0.514459 0.517663 0 
0.51445 0.516935 0 
0.514373 0.516697 0 
0.514342 0.51649 0 
0.514341 0.514944 0 
0.51432 0.515829 0 
0.51431 0.514944 0 
0.514308 0.539691 0 
0.51429 0.516511 0 
0.514274 0.516804 0 
0.514268 0.516322 0 
0.514246 0.516706 0 
0.514243 0.517227 0 
0.514197 0.516013 0 
0.514192 0.516706 0 
0.514186 0.51795 0 
0.514155 0.517642 0 
0.514151 0.514213 0 
0.514141 0.540348 0 
0.514129 0.516799 0 
0.514127 0.517102 0 
0.514116 0.516504 0 
0.51411 0.540262 0 
0.514069 0.514643 0 
0.514069 0.514448 0 
0.51406 0.515905 0 
0.514038 0.539649 0 
0.514013 0.544149 0 
0.513994 0.519304 0 
0.513951 0.516757 0 
0.513943 0.517174 0 
0.513937 0.515311 0 
0.513917 0.514507 0 
0.513915 0.5178 0 
0.513906 0.514218 0 
0.513853 0.516451 0 
0.51379 0.537765 0 
0.51377 0.538924 0 
0.513724 0.515505 0 
0.513704 0.518115 0 
0.513694 0.519249 0 
0.51369 0.521165 0 
0.51368 0.515928 0 
0.513672 0.514889 0 
0.51364 0.54076 0 
0.513637 0.517555 0 
0.513596 0.517555 0 
0.513587 0.537243 0 
0.513559 0.541496 0 
0.513549 0.516015 0 
0.513533 0.519951 0 
0.513519 0.516896 0 
0.51348 0.517663 0 
0.513465 0.516707 0 
0.513455 0.537599 0 
0.513446 0.540382 0 
0.513441 0.517986 0 
0.513376 0.514666 0 
0.513335 0.520366 0 
0.513324 0.513867 0 
0.513309 0.5394 0 
0.513309 0.520597 0 
0.513297 0.543931 0 
0.513254 0.537625 0 
0.513211 0.518678 0 
0.513205 0.519119 0 
0.51312 0.518509 0 
0.513118 0.519342 0 
0.513113 0.516053 0 
0.513104 0.516436 0 
0.513082 0.545436 0 
0.513069 0.543471 0 
0.51304 0.539716 0 
0.513026 0.513579 0 
0.513026 0.518486 0 
0.513025 0.517122 0 
0.512997 0.539194 0 
0.512989 0.543238 0 
0.512987 0.513687 0 
0.512966 0.537243 0 
0.512963 0.517774 0 
0.512961 0.518648 0 
0.512958 0.537625 0 
0.512915 0.539661 0 
0.512903 0.513778 0 
0.512897 0.539301 0 
0.512859 0.541592 0 
0.512809 0.537765 0 
0.512791 0.520476 0 
0.512789 0.520559 0 
0.512751 0.518076 0 
0.512745 0.540102 0 
0.512668 0.518678 0 
0.512651 0.540102 0 
0.512629 0.517036 0 
0.51253 0.519751 0 
0.512528 0.536214 0 
0.512522 0.537243 0 
0.512504 0.537772 0 
0.512492 0.54347 0 
0.51248 0.512842 0 
0.512459 0.539971 0 
0.512456 0.538993 0 
0.512438 0.53991 0 
0.512437 0.540138 0 
0.512417 0.519533 0 
0.512409 0.51355 0 
0.512385 0.513576 0 
0.512381 0.538625 0 
0.512373 0.537625 0 
0.512331 0.543909 0 
0.512312 0.540137 0 
0.512286 0.543963 0 
0.512232 0.540599 0 
0.512211 0.517555 0 
0.512195 0.5387 0 
0.51216 0.540797 0 
0.512111 0.540803 0 
0.512095 0.539806 0 
0.512043 0.541029 0 
0.512037 0.518879 0 
0.512023 0.541862 0 
0.512021 0.542016 0 
0.511874 0.541253 0 
0.511847 0.540262 0 
0.511845 0.54237 0 
0.511825 0.542208 0 
0.511774 0.51937 0 
0.511771 0.545439 0 
0.51168 0.54049 0 
0.511596 0.515318 0 
0.511579 0.540296 0 
0.511521 0.540427 0 
0.511503 0.518255 0 
0.511428 0.538956 0 
0.511358 0.538645 0 
0.51135 0.539743 0 
0.511348 0.539393 0 
0.511233 0.543425 0 
0.511124 0.544415 0 
0.511111 0.516077 0 
0.511016 0.538625 0 
0.510983 0.538645 0 
0.510981 0.537243 0 
0.510978 0.539222 0 
0.510972 0.543505 0 
0.51097 0.539691 0 
0.510953 0.540628 0 
0.510921 0.541865 0 
0.510916 0.511659 0 
0.510902 0.539222 0 
0.510855 0.538956 0 
0.51079 0.542788 0 
0.510778 0.540599 0 
0.510721 0.540954 0 
0.510674 0.540526 0 
0.510575 0.540664 0 
0.510503 0.540619 0 
0.510489 0.540853 0 
0.510106 0.541987 0 
0.510065 0.541051 0 
0.510051 0.544178 0 
0.509765 0.540999 0 
0.509701 0.544044 0 
0.509503 0.544892 0 
0.509445 0.543946 0 
0.216596 0.227949 1 
0.216285 0.226573 1 
0.215985 0.222991 1 
0.215956 0.226699 1 
0.215668 0.226417 1 
0.215528 0.223889 1 
0.215447 0.219914 1 
0.215439 0.226404 1 
0.215302 0.220434 1 
0.215218 0.222687 1 
0.215207 0.216096 1 
0.215002 0.226411 1 
0.214703 0.227556 1 
0.214697 0.223577 1 
0.21464 0.223645 1 
0.214538 0.223479 1 
0.214533 0.224087 1 
0.214491 0.222578 1 
0.214432 0.222221 1 
0.214356 0.227154 1 
0.214285 0.222929 1 
0.214251 0.221976 1 
0.214113 0.22252 1 
0.214027 0.221552 1 
0.213898 0.226258 1 
0.213889 0.222308 1 
0.213855 0.224681 1 
0.213823 0.226751 1 
0.21381 0.222834 1 
0.213756 0.222834 1 
0.213736 0.224315 1 
0.213727 0.223583 1 
0.213705 0.229657 1 
0.213694 0.226859 1 
0.213668 0.223057 1 
0.213644 0.221351 1 
0.213643 0.224911 1 
0.213614 0.22089 1 
0.213539 0.22266 1 
0.213514 0.222578 1 
0.213463 0.223216 1 
0.213453 0.221721 1 
0.213395 0.223645 1 
0.21337 0.224711 1 
0.213342 0.214829 1 
0.213093 0.222687 1 
0.213069 0.219125 1 
0.213059 0.222578 1 
0.213045 0.228209 1 
0.213027 0.22199 1 
0.213008 0.225698 1 
0.21297 0.223721 1 
0.212925 0.219945 1 
0.212836 0.219914 1 
0.212822 0.221333 1 
0.212816 0.222387 1 
0.212725 0.22089 1 
0.212718 0.226688 1 
0.212682 0.226737 1 
0.212604 0.22339 1 
0.212588 0.221501 1 
0.212509 0.217075 1 
0.212467 0.221509 1 
0.212319 0.229041 1 
0.212312 0.222096 1 
0.212312 0.221869 1 
0.212269 0.224031 1 
0.212193 0.223609 1 
0.212181 0.228453 1 
0.212154 0.221815 1 
0.212008 0.227995 1 
0.211919 0.225942 1 
0.211905 0.229386 1 
0.211799 0.226737 1 
0.211728 0.221714 1 
0.211698 0.22089 1 
0.21169 0.220178 1 
0.211582 0.222781 1 
0.211548 0.226622 1 
0.211502 0.223284 1 
0.211463 0.22474 1 
0.211447 0.221552 1 
0.21141 0.225648 1 
0.21141 0.22397 1 
0.211402 0.221617 1 
0.211394 0.22139 1 
0.211266 0.224699 1 
0.211215 0.227979 1 
0.211181 0.221377 1 
0.211134 0.221333 1 
0.21113 0.217862 1 
0.211092 0.223577 1 
0.211078 0.222666 1 
0.211074 0.224802 1 
0.21107 0.2275 1 
0.211039 0.222687 1 
0.211007 0.221721 1 
0.210928 0.22212 1 
0.210845 0.225477 1 
0.21081 0.222666 1 
0.210809 0.220954 1 
0.210793 0.221688 1 
0.210719 0.222096 1 
0.210716 0.220255 1 
0.210691 0.219401 1 
0.210678 0.224032 1 
0.210607 0.22046 1 
0.210536 0.222666 1 
0.210531 0.21948 1 
0.21049 0.223462 1 
0.210435 0.218608 1 
0.210399 0.222977 1 
0.210382 0.220255 1 
0.210272 0.216096 1 
0.210252 0.221156 1 
0.210225 0.223632 1 
0.210177 0.221333 1 
0.210132 0.214829 1 
0.210108 0.210829 1 
0.210105 0.222308 1 
0.210017 0.22409 1 
0.21 0.222594 1 
0.209944 0.212366 1 
0.209914 0.22252 1 
0.209905 0.218099 1 
0.209851 0.218099 1 
0.209842 0.211296 1 
0.209817 0.226308 1 
0.20974 0.218099 1 
0.209739 0.224568 1 
0.209631 0.222221 1 
0.209573 0.210387 1 
0.209566 0.226859 1 
0.209508 0.218099 1 
0.209485 0.217862 1 
0.209463 0.214829 1 
0.209434 0.21948 1 
0.20943 0.210294 1 
0.209396 0.225787 1 
0.209371 0.218853 1 
0.20937 0.222296 1 
0.209268 0.220434 1 
0.209227 0.221351 1 
0.209226 0.209981 1 
0.209222 0.217799 1 
0.209174 0.221377 1 
0.209151 0.214829 1 
0.209044 0.225262 1 
0.208886 0.218099 1 
0.208866 0.222929 1 
0.208862 0.221046 1 
0.208827 0.226367 1 
0.208782 0.212436 1 
0.208762 0.209768 1 
0.208746 0.21009 1 
0.208722 0.220172 1 
0.208695 0.227502 1 
0.208657 0.220255 1 
0.208644 0.211827 1 
0.208639 0.210337 1 
0.20862 0.223813 1 
0.208549 0.221338 1 
0.208442 0.210766 1 
0.208415 0.218853 1 
0.208411 0.219401 1 
0.208384 0.22199 1 
0.208325 0.222834 1 
0.208321 0.208406 1 
0.208304 0.217799 1 
0.208183 0.208283 1 
0.208154 0.208341 1 
0.208042 0.222742 1 
0.207965 0.217075 1 
0.207964 0.220214 1 
0.207901 0.21822 1 
0.207891 0.220511 1 
0.207854 0.211957 1 
0.207827 0.225754 1 
0.207804 0.225776 1 
0.207797 0.208796 1 
0.207768 0.208811 1 
0.207765 0.221408 1 
0.207726 0.22266 1 
0.207721 0.21948 1 
0.207697 0.222313 1 
0.207691 0.219914 1 
0.207678 0.227503 1 
0.207649 0.223386 1 
0.20756 0.210028 1 
0.207437 0.209407 1 
0.207326 0.222296 1 
0.207273 0.208121 1 
0.207172 0.20857 1 
0.207128 0.209902 1 
0.207072 0.209367 1 
0.207044 0.221779 1 
0.20702 0.22212 1 
0.206998 0.219817 1 
0.206962 0.219125 1 
0.206945 0.211679 1 
0.206866 0.207921 1 
0.206776 0.21033 1 
0.206758 0.207107 1 
0.206725 0.209809 1 
0.206672 0.223101 1 
0.206658 0.227746 1 
0.206646 0.223216 1 
0.206568 0.211389 1 
0.206545 0.207877 1 
0.206541 0.226331 1 
0.206483 0.206891 1 
0.20646 0.20774 1 
0.206452 0.210791 1 
0.206451 0.212142 1 
0.206411 0.216096 1 
0.20641 0.207446 1 
0.206402 0.218853 1 
0.206365 0.207107 1 
0.206343 0.208028 1 
0.206285 0.208891 1 
0.206256 0.223124 1 
0.206252 0.208147 1 
0.20616 0.206351 1 
0.206146 0.217075 1 
0.20612 0.206775 1 
0.206087 0.221305 1 
0.206063 0.219945 1 
0.205965 0.207953 1 
0.205909 0.219945 1 
0.205869 0.220086 1 
0.205861 0.221714 1 
0.205846 0.207088 1 
0.20583 0.22089 1 
0.205826 0.206903 1 
0.205821 0.221698 1 
0.205768 0.205822 1 
0.205758 0.221714 1 
0.205714 0.206502 1 
0.20568 0.208375 1 
0.205644 0.221135 1 
0.205644 0.221725 1 
0.205623 0.20638 1 
0.205617 0.217862 1 
0.205607 0.227238 1 
0.205605 0.205629 1 
0.205595 0.22214 1 
0.205594 0.206023 1 
0.205578 0.222834 1 
0.205576 0.210679 1 
0.205563 0.206571 1 
0.205543 0.211808 1 
0.205542 0.222288 1 
0.205515 0.207197 1 
0.205504 0.209756 1 
0.2055 0.22046 1 
0.205492 0.205742 1 
0.205476 0.208518 1 
0.205428 0.207642 1 
0.205417 0.217862 1 
0.205404 0.209497 1 
0.205271 0.208474 1 
0.205258 0.221215 1 
0.205248 0.206799 1 
0.205216 0.206964 1 
0.205197 0.210403 1 
0.205177 0.22116 1 
0.20515 0.220178 1 
0.20514 0.205529 1 
0.205103 0.206799 1 
0.205034 0.206867 1 
0.205001 0.206315 1 
0.204979 0.206675 1 
0.204972 0.224572 1 
0.204931 0.207244 1 
0.20492 0.209315 1 
0.204855 0.224911 1 
0.204798 0.206544 1 
0.204743 0.20479 1 
0.204718 0.206244 1 
0.204697 0.209038 1 
0.204689 0.206621 1 
0.204661 0.223896 1 
0.204622 0.206367 1 
0.204612 0.209873 1 
0.204575 0.205725 1 
0.204539 0.204893 1 
0.204533 0.217075 1 
0.204527 0.22116 1 
0.204507 0.217706 1 
0.204506 0.209536 1 
0.20448 0.217706 1 
0.204473 0.214829 1 
0.204457 0.205478 1 
0.204437 0.205697 1 
0.204422 0.22046 1 
0.204397 0.20774 1 
0.204393 0.209283 1 
0.204383 0.211163 1 
0.204381 0.204529 1 
0.204355 0.22214 1 
0.204354 0.207636 1 
0.204353 0.207937 1 
0.204346 0.205845 1 
0.204337 0.205945 1 
0.204287 0.207563 1 
0.204284 0.220511 1 
0.20426 0.221815 1 
0.204235 0.208334 1 
0.204233 0.204679 1 
0.20423 0.217706 1 
0.204187 0.210085 1 
0.204148 0.209902 1 
0.204131 0.207407 1 
0.204033 0.20417 1 
0.204015 0.21822 1 
0.204014 0.21948 1 
0.204008 0.209609 1 
0.203971 0.22089 1 
0.203958 0.205842 1 
0.203953 0.210074 1 
0.203924 0.206318 1 
0.203862 0.220966 1 
0.203795 0.207775 1 
0.203613 0.205972 1 
0.203611 0.207223 1 
0.20361 0.220032 1 
0.203576 0.209476 1 
0.203566 0.204561 1 
0.203537 0.217075 1 
0.203514 0.21822 1 
0.203438 0.220434 1 
0.203438 0.21948 1 
0.203402 0.219401 1 
0.203373 0.207287 1 
0.203343 0.220178 1 
0.203337 0.210834 1 
0.203273 0.210672 1 
0.203255 0.223008 1 
0.203253 0.203483 1 
0.203227 0.22124 1 
0.203202 0.208591 1 
0.203196 0.221725 1 
0.203099 0.220116 1 
0.203017 0.205529 1 
0.202996 0.203022 1 
0.202943 0.217075 1 
0.202761 0.205593 1 
0.202756 0.223014 1 
0.202723 0.220086 1 
0.202718 0.220971 1 
0.2027 0.207728 1 
0.202529 0.219677 1 
0.202478 0.209092 1 
0.202411 0.20347 1 
0.0997339 0.100749 2 
0.0997268 0.100682 2 
0.0997238 0.100824 2 
0.099517 0.102126 2 
0.0988169 0.100658 2 
0.0987161 0.0988048 2 
0.0986368 0.0994694 2 
0.0982659 0.101052 2 
0.0981932 0.0993664 2 
0.0981402 0.101243 2 
0.0981037 0.0984365 2 
0.098046 0.100749 2 
0.0979587 0.0982416 2 
0.097877 0.103865 2 
0.0977724 0.0978296 2 
0.0976578 0.100949 2 
0.097542 0.0983936 2 
0.0974494 0.0982026 2 
0.0974126 0.101709 2 
0.0971455 0.101516 2 
0.0970543 0.0983699 2 
0.0969659 0.0975114 2 
0.0969585 0.0973448 2 
0.0969135 0.0975442 2 
0.0968723 0.0999511 2 
0.0968558 0.101709 2 
0.0967339 0.101438 2 
0.0967035 0.102771 2 
0.0965692 0.0983672 2 
0.0964684 0.0982026 2 
0.0963822 0.098105 2 
0.0961914 0.102357 2 
0.0961738 0.0974872 2 
0.0961152 0.103332 2 
0.0960184 0.0993664 2 
0.0960084 0.0984707 2 
0.0959164 0.0972453 2 
0.0958662 0.102597 2 
0.0957524 0.0986001 2 
0.0957479 0.0981505 2 
0.0957284 0.0978506 2 
0.0956866 0.0967508 2 
0.0956859 0.101177 2 
0.0956769 0.096449 2 
0.0956052 0.0972927 2 
0.0955975 0.101112 2 
0.0955621 0.0993177 2 
0.095556 0.0966941 2 
0.0954556 0.101311 2 
0.0954457 0.0974684 2 
0.0954257 0.101112 2 
0.0953316 0.09629 2 
0.0953155 0.0996558 2 
0.0952617 0.0980874 2 
0.0952497 0.0964061 2 
0.0952472 0.0972927 2 
0.0952125 0.0978296 2 
0.0951953 0.0970085 2 
0.0951859 0.0991222 2 
0.0951812 0.0982026 2 
0.0951184 0.100174 2 
0.0950965 0.0963764 2 
0.0949563 0.0965315 2 
0.0947932 0.0973448 2 
0.094726 0.0972245 2 
0.0947192 0.0956734 2 
0.0947162 0.0990349 2 
0.0947118 0.0985598 2 
0.0946597 0.0993576 2 
0.0946591 0.0982875 2 
0.0946324 0.096178 2 
0.0946189 0.0978235 2 
0.0946085 0.096666 2 
0.0945217 0.0946329 2 
0.0945062 0.0966972 2 
0.0944379 0.0966781 2 
0.0944048 0.098105 2 
0.0943997 0.0979999 2 
0.0943337 0.0958656 2 
0.0942803 0.101969 2 
0.0942333 0.0952368 2 
0.0942248 0.0974719 2 
0.0941533 0.0967508 2 
0.0941293 0.0985369 2 
0.0940452 0.096449 2 
0.0940448 0.096407 2 
0.0939778 0.10125 2 
0.0939504 0.0967611 2 
0.09391 0.0980363 2 
0.0939068 0.0951038 2 
0.0938401 0.0978594 2 
0.0938072 0.100116 2 
0.0936593 0.094991 2 
0.0935954 0.09581 2 
0.0935938 0.0939759 2 
0.0934979 0.0948502 2 
0.0934626 0.0954588 2 
0.0934505 0.097257 2 
0.093426 0.0965409 2 
0.0934234 0.09453 2 
0.0933866 0.0995579 2 
0.0932573 0.0967891 2 
0.0932062 0.0963665 2 
0.09318 0.096178 2 
0.0930654 0.0961773 2 
0.0930512 0.0994409 2 
0.0930333 0.096407 2 
0.0929469 0.0986834 2 
0.0929012 0.0940618 2 
0.0928897 0.0933324 2 
0.0928388 0.0955559 2 
0.0927937 0.101288 2 
0.0927795 0.0936816 2 
0.0927687 0.0989725 2 
0.0927423 0.0961237 2 
0.0927386 0.0973018 2 
0.0927171 0.0958656 2 
0.0926914 0.0975156 2 
0.0926593 0.0961078 2 
0.0926556 0.0927525 2 
0.0926029 0.102042 2 
0.0925766 0.0936816 2 
0.0925756 0.096758 2 
0.0925406 0.0953914 2 
0.0924581 0.097257 2 
0.0924125 0.0933324 2 
0.0923544 0.0980532 2 
0.0923152 0.0984707 2 
0.092278 0.0952368 2 
0.0922308 0.0982796 2 
0.092222 0.0962936 2 
0.0921622 0.0980782 2 
0.0920094 0.0936202 2 
0.0919446 0.0931612 2 
0.091926 0.100211 2 
0.0918135 0.0922261 2 
0.091805 0.0936084 2 
0.0916917 0.0939879 2 
0.0916377 0.0920912 2 
0.0915889 0.0949646 2 
0.0915559 0.0923459 2 
0.0915553 0.0958656 2 
0.0915347 0.0916549 2 
0.0915258 0.0964058 2 
0.0914575 0.100342 2 
0.0914312 0.0989956 2 
0.0914192 0.095745 2 
0.0913879 0.097521 2 
0.0913823 0.0933836 2 
0.0913805 0.0914217 2 
0.0913652 0.0929784 2 
0.0913554 0.0961773 2 
0.091272 0.091551 2 
0.0912653 0.0971362 2 
0.09122 0.0941395 2 
0.0911925 0.0963147 2 
0.0911849 0.0952368 2 
0.0911199 0.0974168 2 
0.0911124 0.092726 2 
0.0910899 0.0920431 2 
0.0910338 0.0966972 2 
0.0910293 0.0949664 2 
0.0909704 0.092553 2 
0.0909134 0.0955559 2 
0.0909092 0.0978296 2 
0.0909078 0.097649 2 
0.0908767 0.0939879 2 
0.0908383 0.0916633 2 
0.0907904 0.0925153 2 
0.0907381 0.0953935 2 
0.0907325 0.0939565 2 
0.090692 0.0949841 2 
0.0906728 0.0907008 2 
0.0906372 0.0911473 2 
0.0906199 0.0967396 2 
0.090611 0.0909419 2 
0.0905533 0.0929025 2 
0.0905081 0.0927997 2 
0.0905001 0.0960567 2 
0.090415 0.0940954 2 
0.0904048 0.0915017 2 
0.0903902 0.0938539 2 
0.0903855 0.0915162 2 
0.0903831 0.0972492 2 
0.0903712 0.0917665 2 
0.0903578 0.0939416 2 
0.0902447 0.0952724 2 
0.0902349 0.0978296 2 
0.0902141 0.0971912 2 
0.0901882 0.0967729 2 
0.0901532 0.0936777 2 
0.0901411 0.0920143 2 
0.0901361 0.0901403 2 
0.0900845 0.091587 2 
0.0900683 0.0910621 2 
0.0900532 0.0933324 2 
0.090023 0.0952987 2 
0.0899717 0.0899802 2 
0.0899578 0.0908964 2 
0.0899553 0.090711 2 
0.0899155 0.092219 2 
0.0899123 0.0902698 2 
0.0899035 0.0941395 2 
0.0899035 0.0908072 2 
0.0898878 0.0931161 2 
0.0898665 0.100903 2 
0.0898181 0.0931132 2 
0.0898161 0.0954588 2 
0.0897779 0.0901431 2 
0.0896973 0.0995092 2 
0.0896445 0.0897146 2 
0.0896196 0.0917485 2 
0.0895953 0.0965871 2 
0.0895861 0.0948791 2 
0.0895301 0.0912121 2 
0.0894594 0.0943099 2 
0.0894551 0.0922621 2 
0.0894393 0.0939879 2 
0.0894265 0.0944312 2 
0.0894134 0.0903921 2 
0.0894021 0.0898058 2 
0.0893587 0.0966972 2 
0.0893577 0.0894342 2 
0.0893261 0.0903556 2 
0.0892565 0.0926739 2 
0.0892071 0.0958789 2 
0.0891765 0.09453 2 
0.089157 0.0953696 2 
0.0891086 0.0897332 2 
0.0890964 0.0974899 2 
0.0890608 0.0952992 2 
0.0890606 0.0961237 2 
0.0890522 0.096178 2 
0.0890313 0.0896145 2 
0.0890256 0.0916984 2 
0.0889695 0.0926723 2 
0.0889094 0.0962562 2 
0.0889017 0.0901441 2 
0.0888619 0.0929158 2 
0.0888562 0.0909041 2 
0.088848 0.0934299 2 
0.088784 0.0953914 2 
0.0887813 0.0893765 2 
0.0887674 0.0929646 2 
0.0887664 0.0934299 2 
0.0887267 0.0903962 2 
0.0887217 0.0984197 2 
0.0886776 0.0910621 2 
0.0886687 0.0931274 2 
0.0886585 0.095086 2 
0.0886566 0.0917293 2 
0.0886543 0.0953914 2 
0.0886408 0.0936084 2 
0.0886386 0.0929158 2 
0.0886116 0.0914257 2 
0.0885542 0.0983699 2 
0.0885452 0.0913134 2 
0.0885284 0.0903586 2 
0.0884835 0.0952992 2 
0.0884611 0.0951 2 
0.0884596 0.0965774 2 
0.0884516 0.0959826 2 
0.0884049 0.0979998 2 
0.0884001 0.0921295 2 
0.0883909 0.0904234 2 
0.0883437 0.0890729 2 
0.0883358 0.0948791 2 
0.0883062 0.0892862 2 
0.0882945 0.0905219 2 
0.0882687 0.0963764 2 
0.0882507 0.0903396 2 
0.0882469 0.0916102 2 
0.0882307 0.0933324 2 
0.0881565 0.0946528 2 
0.0880872 0.0913638 2 
0.0880229 0.094591 2 
0.0880115 0.0953935 2 
0.0880037 0.0893235 2 
0.0877875 0.0884494 2 
0.0877127 0.0899371 2 
0.0877055 0.0947628 2 
0.0877045 0.094157 2 
0.0876445 0.0896314 2 
0.0876427 0.088106 2 
0.0876416 0.0927799 2 
0.087628 0.0954588 2 
0.0876172 0.0931132 2 
0.0875012 0.0902654 2 
0.0874728 0.0949664 2 
0.0874617 0.0898265 2 
0.0874486 0.091713 2 
0.0874468 0.0920528 2 
0.087406 0.0884494 2 
0.0873557 0.0943099 2 
0.0873522 0.0956928 2 
0.0873218 0.0929015 2 
0.0873015 0.087348 2 
0.0872095 0.0908017 2 
0.087192 0.091384 2 
0.0871726 0.0960558 2 
0.0871608 0.08982 2 
0.0871003 0.096013 2 
0.0870653 0.0901403 2 
0.0869813 0.0908006 2 
0.0869636 0.09215 2 
0.0869598 0.0962421 2 
0.0869548 0.0941056 2 
0.0869452 0.0971362 2 
0.0869022 0.0935717 2 
0.086853 0.0886904 2 
0.0867625 0.094778 2 
0.086686 0.0885772 2 
0.0866104 0.0908241 2 
0.0865845 0.0929025 2 
0.0865542 0.0887521 2 
0.0864888 0.0943099 2 
0.0864667 0.0868148 2 
0.0863253 0.0927525 2 
0.086131 0.0941395 2 
0.0860879 0.0872052 2 
0.0859835 0.0883099 2 
0.0857035 0.0936202 2 
0.0855755 0.0911783 2 
0.0476367 0.0478268 3 
0.0475364 0.0486461 3 
0.0471451 0.0475309 3 
0.0466484 0.0488728 3 
0.0465645 0.0482043 3 
0.0462362 0.0482612 3 
0.0461858 0.048746 3 
0.0461018 0.0475917 3 
0.0460084 0.0473602 3 
0.0458299 0.0458903 3 
0.0457939 0.0474612 3 
0.0456458 0.0457324 3 
0.0455385 0.0459353 3 
0.0454298 0.0455977 3 
0.0453897 0.0462518 3 
0.0453891 0.0473602 3 
0.0453656 0.0454441 3 
0.0453602 0.0469153 3 
0.0452756 0.0479981 3 
0.0452335 0.0466697 3 
0.0451873 0.0456481 3 
0.0450875 0.0456919 3 
0.0450445 0.0450937 3 
0.0449273 0.0454441 3 
0.0449056 0.0458505 3 
0.0448743 0.0450725 3 
0.044844 0.047097 3 
0.0447908 0.0451599 3 
0.0447747 0.045049 3 
0.044741 0.0463155 3 
0.0447344 0.0452327 3 
0.0447187 0.0456186 3 
0.0446828 0.0456898 3 
0.0446745 0.0454339 3 
0.0446491 0.0470276 3 
0.0445972 0.0448581 3 
0.0445735 0.0471777 3 
0.0445483 0.0455267 3 
0.0443545 0.0448818 3 
0.0443056 0.044742 3 
0.0442975 0.0451538 3 
0.0442939 0.0458663 3 
0.0442778 0.0447535 3 
0.0442201 0.0447089 3 
0.0440671 0.0446126 3 
0.0439933 0.0444945 3 
0.0439593 0.0475369 3 
0.0437793 0.0458903 3 
0.0437677 0.044363 3 
0.0437641 0.0447554 3 
0.0436694 0.0441127 3 
0.0436298 0.0438046 3 
0.043619 0.0449358 3 
0.0435341 0.0436461 3 
0.0435051 0.0435581 3 
0.0434128 0.0434555 3 
0.0433647 0.043818 3 
0.0433629 0.0460282 3 
0.0433622 0.0441098 3 
0.0433508 0.0451046 3 
0.0433405 0.0454695 3 
0.0432855 0.0445733 3 
0.0432536 0.045894 3 
0.0432499 0.043327 3 
0.043146 0.0446195 3 
0.0431397 0.0439428 3 
0.043094 0.0438795 3 
0.0429579 0.0430808 3 
0.0429289 0.0431782 3 
0.0429197 0.0466921 3 
0.0428707 0.0442058 3 
0.0428337 0.0443264 3 
0.0428044 0.0442346 3 
0.0427894 0.0432879 3 
0.0427529 0.0446126 3 
0.042739 0.0441127 3 
0.0427005 0.0431644 3 
0.0426513 0.0443605 3 
0.0426372 0.0450882 3 
0.0425891 0.0431489 3 
0.0425652 0.0428378 3 
0.0424764 0.0434212 3 
0.0424708 0.0451726 3 
0.0424359 0.0427356 3 
0.0424225 0.0430721 3 
0.0423749 0.0430922 3 
0.042332 0.0452327 3 
0.042302 0.0446889 3 
0.04227 0.043818 3 
0.0422619 0.0431644 3 
0.0422517 0.0446607 3 
0.0422365 0.0460841 3 
0.0422216 0.042876 3 
0.0421793 0.0434038 3 
0.0421434 0.04523 3 
0.0420954 0.044429 3 
0.0420915 0.0441435 3 
0.0420842 0.0447448 3 
0.0420814 0.0428294 3 
0.0420708 0.0431845 3 
0.0420675 0.0441098 3 
0.0420659 0.0435737 3 
0.0420583 0.0427479 3 
0.0420569 0.0438795 3 
0.0420438 0.0420786 3 
0.0420283 0.0428112 3 
0.042005 0.042377 3 
0.0420023 0.0434255 3 
0.0419889 0.0440257 3 
0.0419789 0.0420545 3 
0.0419521 0.0450985 3 
0.0419433 0.0422205 3 
0.0419321 0.0432027 3 
0.0419152 0.0459401 3 
0.0419083 0.0430487 3 
0.0419035 0.0441435 3 
0.0418967 0.0438539 3 
0.0418449 0.0428162 3 
0.0418331 0.0421281 3 
0.0418267 0.0429147 3 
0.0417876 0.0468565 3 
0.041775 0.0447687 3 
0.0417688 0.0435048 3 
0.0417613 0.043413 3 
0.0417546 0.0418088 3 
0.0417539 0.0430775 3 
0.041747 0.0437681 3 
0.041742 0.0435981 3 
0.0416761 0.0453348 3 
0.0416306 0.0461254 3 
0.0416246 0.0421682 3 
0.0416073 0.0424253 3 
0.0415764 0.0430203 3 
0.0415746 0.0428294 3 
0.0415339 0.0422192 3 
0.0415299 0.0430185 3 
0.0415187 0.0426668 3 
0.0414835 0.0427731 3 
0.0414666 0.0417549 3 
0.0414507 0.0418081 3 
0.0414301 0.0431701 3 
0.0413999 0.0429284 3 
0.0413945 0.0414071 3 
0.0413736 0.0443943 3 
0.0413369 0.0416381 3 
0.0413022 0.0433781 3 
0.0413013 0.0432482 3 
0.041274 0.0416556 3 
0.041256 0.0452264 3 
0.0412522 0.0451538 3 
0.041251 0.0418088 3 
0.0412501 0.0438437 3 
0.0412378 0.0429542 3 
0.0412203 0.0432281 3 
0.0412016 0.0414342 3 
0.0411853 0.0417735 3 
0.041161 0.0422943 3 
0.0411408 0.0439816 3 
0.0410865 0.0424147 3 
0.0410805 0.0458178 3 
0.0410725 0.0420704 3 
0.0410566 0.0429902 3 
0.041056 0.0413069 3 
0.041043 0.0413488 3 
0.0410348 0.0439859 3 
0.0410268 0.0415359 3 
0.0410222 0.0415454 3 
0.040989 0.0442048 3 
0.0409743 0.0414099 3 
0.040974 0.043327 3 
0.0409732 0.0433912 3 
0.0409619 0.0414279 3 
0.0409352 0.0430206 3 
0.0409277 0.0436921 3 
0.0409166 0.0437632 3 
0.0409113 0.0421281 3 
0.0408995 0.0432027 3 
0.0408618 0.0410679 3 
0.0408161 0.0425363 3 
0.0407706 0.0437632 3 
0.0407695 0.0438094 3 
0.0407657 0.0427936 3 
0.0407416 0.0413357 3 
0.0407059 0.0414644 3 
0.0407024 0.0449666 3 
0.0406886 0.0413069 3 
0.0406884 0.0453502 3 
0.0406611 0.041442 3 
0.040651 0.0416297 3 
0.0406478 0.0424253 3 
0.0405658 0.0427936 3 
0.0405295 0.0430361 3 
0.0405278 0.0438017 3 
0.0405196 0.0419021 3 
0.0404649 0.043953 3 
0.0404201 0.0446112 3 
0.0403965 0.0428162 3 
0.0403925 0.0411463 3 
0.0403797 0.0407961 3 
0.0403563 0.0432027 3 
0.040335 0.0423496 3 
0.0402921 0.0429064 3 
0.0402788 0.0415191 3 
0.0402688 0.0438486 3 
0.040257 0.0448467 3 
0.0402463 0.0415454 3 
0.0402313 0.0428539 3 
0.0401879 0.0443943 3 
0.0401763 0.0415161 3 
0.0401402 0.0432027 3 
0.0401396 0.0418459 3 
0.040137 0.0414279 3 
0.040131 0.0418983 3 
0.0400782 0.0422205 3 
0.0400705 0.0427814 3 
0.0400529 0.0442924 3 
0.0400246 0.0435981 3 
0.0399729 0.0431845 3 
0.0399633 0.0438001 3 
0.0399416 0.0430592 3 
0.0399387 0.041884 3 
0.0399197 0.0427879 3 
0.0399175 0.043108 3 
0.0399144 0.0410636 3 
0.0398837 0.0421685 3 
0.039853 0.0408482 3 
0.0398466 0.0400085 3 
0.0398449 0.0447695 3 
0.0398287 0.0424442 3 
0.0398046 0.0413048 3 
0.0397443 0.0436164 3 
0.0397002 0.0438046 3 
0.0396992 0.043818 3 
0.0396553 0.0406413 3 
0.0396139 0.0425631 3 
0.0395858 0.0422788 3 
0.0395556 0.0416723 3 
0.03952 0.0426519 3 
0.0394976 0.0398564 3 
0.039469 0.0396728 3 
0.0394472 0.040493 3 
0.0393944 0.0395297 3 
0.0393735 0.0431591 3 
0.039341 0.0419274 3 
0.039225 0.044429 3 
0.0392211 0.0399567 3 
0.0391733 0.0428351 3 
0.039139 0.0402152 3 
0.0391138 0.0431591 3 
0.0390672 0.0417549 3 
0.0390597 0.0431644 3 
0.0390422 0.0421281 3 
0.0389476 0.043105 3 
0.0389465 0.0425828 3 
0.0388968 0.0408316 3 
0.0387043 0.0418991 3 
0.0383725 0.04218 3 
0.0233559 0.0240594 4 
0.0233131 0.0236915 4 
0.0230811 0.0232482 4 
0.023001 0.0237332 4 
0.0229562 0.0235112 4 
0.0226494 0.0235359 4 
0.022414 0.0229772 4 
0.0223586 0.0227431 4 
0.0222886 0.0224297 4 
0.0221782 0.0225846 4 
0.0221653 0.0227431 4 
0.0221632 0.02322 4 
0.0220223 0.0220503 4 
0.0219824 0.0220277 4 
0.0219059 0.0223751 4 
0.0217192 0.0226617 4 
0.0216899 0.0218089 4 
0.0215581 0.0222081 4 
0.0215518 0.0223038 4 
0.0215427 0.0215579 4 
0.0214597 0.0222785 4 
0.0212594 0.021422 4 
0.0212038 0.0221238 4 
0.0211756 0.0218833 4 
0.02115 0.0234918 4 
0.0211153 0.0213755 4 
0.0211019 0.0212899 4 
0.0210348 0.0214457 4 
0.0210254 0.021189 4 
0.0209939 0.021298 4 
0.0209869 0.0211909 4 
0.0209572 0.0211048 4 
0.0209145 0.0221409 4 
0.0208885 0.0225522 4 
0.0208713 0.0212293 4 
0.0208588 0.0214564 4 
0.0208509 0.0215613 4 
0.0208449 0.0212009 4 
0.0208369 0.0209652 4 
0.0207841 0.0207947 4 
0.0207809 0.0218598 4 
0.0207115 0.0207528 4 
0.0206798 0.0216513 4 
0.0206777 0.0206977 4 
0.0206561 0.0211082 4 
0.0206477 0.0207165 4 
0.0206308 0.0210627 4 
0.0206171 0.0209651 4 
0.020593 0.0206771 4 
0.0205482 0.0210618 4 
0.0205429 0.0220843 4 
0.0205161 0.0214827 4 
0.0205082 0.021091 4 
0.0205055 0.0206537 4 
0.0204958 0.0212977 4 
0.0204953 0.0210105 4 
0.020495 0.0213043 4 
0.0204495 0.0217408 4 
0.0204358 0.021269 4 
0.0204323 0.020801 4 
0.0204242 0.0209487 4 
0.0204242 0.0212069 4 
0.020422 0.02166 4 
0.0204116 0.0212996 4 
0.0203945 0.0207356 4 
0.0203834 0.0209317 4 
0.0203685 0.0211918 4 
0.0203529 0.0213327 4 
0.020344 0.0209 4 
0.0203378 0.0205571 4 
0.020329 0.020945 4 
0.0203095 0.0209782 4 
0.0202909 0.0209118 4 
0.0202783 0.0221409 4 
0.0202717 0.0224837 4 
0.0202704 0.0220207 4 
0.0202629 0.0211183 4 
0.020238 0.0208792 4 
0.0202301 0.0203 4 
0.0202264 0.0215579 4 
0.0202168 0.0204757 4 
0.0201962 0.0215428 4 
0.0201836 0.0206027 4 
0.0201628 0.0202963 4 
0.0201439 0.0211762 4 
0.0201344 0.021009 4 
0.0201263 0.021478 4 
0.0200989 0.0209939 4 
0.0200656 0.0214002 4 
0.0200559 0.0210201 4 
0.0200416 0.0203 4 
0.0200399 0.020634 4 
0.0200348 0.020313 4 
0.0200273 0.0202963 4 
0.020021 0.0201465 4 
0.0200205 0.0200981 4 
0.0200197 0.0201798 4 
0.020004 0.0209487 4 
0.0200023 0.0218981 4 
0.0199754 0.0212162 4 
0.01997 0.0211918 4 
0.0199698 0.02237 4 
0.0199599 0.02172 4 
0.0199593 0.0205667 4 
0.0199469 0.0202056 4 
0.0199369 0.0209256 4 
0.0199131 0.0215591 4 
0.0199074 0.0205556 4 
0.0198773 0.0208975 4 
0.0198556 0.0202836 4 
0.0198007 0.0206879 4 
0.0197934 0.0198331 4 
0.019739 0.0210713 4 
0.019736 0.0211059 4 
0.0197282 0.02011 4 
0.0197257 0.0199626 4 
0.0197159 0.0202963 4 
0.0197148 0.0206022 4 
0.0196916 0.0207242 4 
0.0196801 0.0206662 4 
0.0196655 0.0207976 4 
0.0196602 0.0200981 4 
0.0196399 0.0207242 4 
0.0196374 0.0201752 4 
0.0196338 0.0198866 4 
0.0196067 0.0199481 4 
0.0195942 0.0218471 4 
0.0195878 0.020797 4 
0.0195695 0.0205115 4 
0.0195651 0.0197657 4 
0.01956 0.0208203 4 
0.0195283 0.0201981 4 
0.0195134 0.0197804 4 
0.019506 0.0196055 4 
0.0195028 0.0199146 4 
0.0194896 0.0207121 4 
0.019463 0.0210312 4 
0.0194331 0.0210664 4 
0.019432 0.020987 4 
0.0194298 0.0212427 4 
0.019421 0.0210937 4 
0.019416 0.0204879 4 
0.0193948 0.0216479 4 
0.0193948 0.020432 4 
0.0193862 0.0197253 4 
0.0193819 0.0215931 4 
0.0193736 0.0201246 4 
0.0193726 0.0201798 4 
0.0193662 0.0201895 4 
0.0193375 0.0214564 4 
0.0193273 0.0207117 4 
0.0193253 0.0204305 4 
0.0193228 0.0195156 4 
0.0192713 0.0206368 4 
0.0192527 0.0200123 4 
0.019226 0.0198603 4 
0.0192065 0.0211125 4 
0.0191692 0.020139 4 
0.0191611 0.0211424 4 
0.019143 0.0211378 4 
0.0191212 0.020801 4 
0.019113 0.0197758 4 
0.0190935 0.0206417 4 
0.0190761 0.0200521 4 
0.0190565 0.0192794 4 
0.0190334 0.0206027 4 
0.0190314 0.0212395 4 
0.0190273 0.0192317 4 
0.0190242 0.0205255 4 
0.0189926 0.0215591 4 
0.0189907 0.020634 4 
0.018989 0.0191543 4 
0.0189812 0.0211287 4 
0.0189659 0.0202409 4 
0.0189652 0.0197051 4 
0.0189543 0.0194031 4 
0.0189499 0.019559 4 
0.0189382 0.019436 4 
0.0189346 0.0190228 4 
0.0189186 0.0207976 4 
0.0189147 0.0194541 4 
0.0189061 0.0191139 4 
0.0188964 0.0202986 4 
0.0188792 0.0206612 4 
0.0188702 0.0215518 4 
0.0188466 0.0202412 4 
0.0188438 0.0202338 4 
0.0188295 0.0197455 4 
0.0188171 0.019182 4 
0.0187766 0.0197463 4 
0.0187383 0.0200295 4 
0.0187304 0.0196358 4 
0.0187265 0.0189454 4 
0.0187058 0.0211424 4 
0.0186778 0.0198866 4 
0.0186678 0.0192471 4 
0.0186192 0.0206771 4 
0.0186048 0.0202304 4 
0.0185504 0.0187644 4 
0.0185439 0.020634 4 
0.0185387 0.0210601 4 
0.018526 0.0190434 4 
0.0184922 0.0206958 4 
0.0182694 0.0187688 4 
0.0182616 0.0200938 4 
0.0182429 0.0201301 4 
0.0182166 0.0201319 4 
0.0180567 0.0200568 4 
0.0180436 0.0203121 4 
0.0119625 0.0119784 5 
0.0117348 0.0120161 5 
0.0116273 0.011853 5 
0.011616 0.0116169 5 
0.0113484 0.0114393 5 
0.0113134 0.0115594 5 
0.0110148 0.011043 5 
0.0109826 0.0112777 5 
0.0109588 0.0114628 5 
0.0108652 0.0111793 5 
0.0107511 0.0113091 5 
0.0107504 0.0107936 5 
0.0106529 0.0107428 5 
0.010627 0.0108871 5 
0.0105836 0.011627 5 
0.010573 0.0106841 5 
0.0105558 0.010562 5 
0.0105214 0.0105833 5 
0.0105165 0.0105663 5 
0.0105131 0.0109896 5 
0.0104837 0.0105079 5 
0.0104604 0.0106801 5 
0.0104485 0.0105079 5 
0.0104159 0.0112126 5 
0.0104145 0.010618 5 
0.0104083 0.0107211 5 
0.0104052 0.0104714 5 
0.0103977 0.0104464 5 
0.0103727 0.0104265 5 
0.0103654 0.0104273 5 
0.0103391 0.0103838 5 
0.0103193 0.0104621 5 
0.0103168 0.0106801 5 
0.0103162 0.0103924 5 
0.0103143 0.0104464 5 
0.0103106 0.0110421 5 
0.0103025 0.0105045 5 
0.0102838 0.0103377 5 
0.010257 0.010405 5 
0.0102248 0.0102693 5 
0.0102175 0.0104588 5 
0.0102083 0.0108645 5 
0.0102072 0.0105781 5 
0.0102048 0.0106646 5 
0.0102044 0.0107714 5 
0.0101966 0.0104614 5 
0.0101958 0.0102215 5 
0.0101848 0.0102378 5 
0.0101699 0.0101797 5 
0.0101595 0.010215 5 
0.0101593 0.010279 5 
0.0101573 0.0103652 5 
0.010143 0.0104867 5 
0.0101344 0.0107428 5 
0.0101335 0.0103629 5 
0.0101248 0.011065 5 
0.0101123 0.0104748 5 
0.0101103 0.0103131 5 
0.010106 0.0102021 5 
0.010098 0.0102473 5 
0.0100745 0.0109896 5 
0.0100687 0.0103385 5 
0.0100652 0.0105022 5 
0.0100637 0.0101217 5 
0.0100606 0.0105669 5 
0.0100577 0.0104768 5 
0.0100525 0.0104745 5 
0.0100234 0.0102497 5 
0.010016 0.0113738 5 
0.0100084 0.0102333 5 
0.00999843 0.0104292 5 
0.0099962 0.0105945 5 
0.00999325 0.010107 5 
0.00998262 0.0105674 5 
0.00998106 0.0105562 5 
0.00997824 0.0103517 5 
0.00997206 0.0102043 5 
0.00996577 0.0103264 5 
0.00995867 0.010911 5 
0.00994856 0.0106881 5 
0.00994734 0.0102341 5 
0.00994332 0.0100573 5 
0.0099339 0.0101827 5 
0.00988491 0.0100235 5 
0.00985919 0.0101815 5 
0.00983374 0.0106209 5 
0.00983361 0.0102501 5 
0.00983019 0.0102693 5 
0.00982436 0.0103719 5 
0.0098233 0.0108644 5 
0.00981295 0.0104949 5 
0.00981198 0.0105191 5 
0.00978277 0.010107 5 
0.0097823 0.0100892 5 
0.00977305 0.0100532 5 
0.00977048 0.0100567 5 
0.00974113 0.00999327 5 
0.00974016 0.00992855 5 
0.00973826 0.0103421 5 
0.00972532 0.0104841 5 
0.009718 0.0104292 5 
0.0097158 0.00982221 5 
0.00969682 0.0100892 5 
0.00969623 0.0101644 5 
0.00968914 0.0100884 5 
0.00968072 0.010717 5 
0.00967789 0.0107738 5 
0.00967166 0.0106933 5 
0.00966791 0.0102642 5 
0.0096635 0.0104493 5 
0.00964845 0.00984626 5 
0.00964511 0.0104782 5 
0.00963943 0.0101402 5 
0.00963922 0.0100362 5 
0.00961949 0.0105382 5 
0.00959729 0.00991638 5 
0.00958039 0.010215 5 
0.0095769 0.0103131 5 
0.00957234 0.0104588 5 
0.00952675 0.00968776 5 
0.00952366 0.0102825 5 
0.00951873 0.0101644 5 
0.00950751 0.00976858 5 
0.009507 0.0102036 5 
0.00949754 0.0100947 5 
0.00949069 0.01005 5 
0.00948506 0.010012 5 
0.00948338 0.0106013 5 
0.00947566 0.00950501 5 
0.00945727 0.00984752 5 
0.00945645 0.0101183 5 
0.00944679 0.0101504 5 
0.00939456 0.00950307 5 
0.00939216 0.00997526 5 
0.00938039 0.0102622 5 
0.00937582 0.00984645 5 
0.00936106 0.010447 5 
0.00935548 0.0101806 5 
0.00935125 0.00962467 5 
0.00934144 0.0103695 5 
0.00932087 0.0100863 5 
0.00931448 0.0106146 5 
0.00931416 0.00945832 5 
0.00931149 0.00967066 5 
0.0093053 0.00969948 5 
0.0093045 0.00963973 5 
0.00930278 0.0101718 5 
0.00930116 0.0105022 5 
0.00930066 0.0102497 5 
0.00929797 0.00960043 5 
0.00929544 0.010447 5 
0.00929193 0.0102449 5 
0.0092897 0.00931392 5 
0.00928269 0.00997526 5 
0.00927127 0.00938448 5 
0.0092595 0.00994319 5 
0.0092429 0.00953765 5 
0.00923189 0.0103377 5 
0.00922151 0.00940219 5 
0.00920465 0.0108843 5 
0.00915303 0.00918545 5 
0.00915175 0.0096695 5 
0.00913377 0.0104614 5 
0.0091196 0.0102497 5 
0.00909287 0.0103467 5 
0.00908326 0.00929279 5 
0.00903947 0.00916893 5 
0.00903644 0.0103629 5 
0.00903606 0.00939612 5 
0.00902166 0.00952114 5 
0.0089704 0.0100702 5 
0.00895281 0.0100715 5 
0.00891627 0.00921278 5 
0.00881513 0.00967893 5 
0.00880735 0.0100594 5 
0.00879221 0.00967628 5 
0.00878622 0.0101379 5 
0.00877679 0.00969948 5 
0.00874075 0.00906253 5 
0.00871803 0.00885032 5 
0.00609421 0.0061017 6 
0.00570519 0.00600519 6 
0.00559509 0.00577883 6 
0.00556461 0.0057296 6 
0.00547924 0.00564489 6 
0.0054553 0.00584981 6 
0.00540039 0.00551667 6 
0.00539496 0.00585937 6 
0.00539026 0.00565933 6 
0.00534285 0.0054467 6 
0.00533747 0.00556751 6 
0.00529445 0.005311 6 
0.00528665 0.00564814 6 
0.00526851 0.00556751 6 
0.00526443 0.0053922 6 
0.00525153 0.00528292 6 
0.00524226 0.00526264 6 
0.00522933 0.00526372 6 
0.00520099 0.00535755 6 
0.00520066 0.00538653 6 
0.00519907 0.00526042 6 
0.00519668 0.00551652 6 
0.0051945 0.00526264 6 
0.00516994 0.00560845 6 
0.00516323 0.00574949 6 
0.00516245 0.00540692 6 
0.00515925 0.00565933 6 
0.00515736 0.00529932 6 
0.00515396 0.00526335 6 
0.00515228 0.00515276 6 
0.00514607 0.00526694 6 
0.00513429 0.00550644 6 
0.00513285 0.00532518 6 
0.00512746 0.00580627 6 
0.00512741 0.00534692 6 
0.0051272 0.00522489 6 
0.00511995 0.00523657 6 
0.0051192 0.00518802 6 
0.00511125 0.00516283 6 
0.00511081 0.00513091 6 
0.00510451 0.00528292 6 
0.00509587 0.00512942 6 
0.00508933 0.0053002 6 
0.00508773 0.00524475 6 
0.00508561 0.00517673 6 
0.00508387 0.00530581 6 
0.00508128 0.00519545 6 
0.00508081 0.00513385 6 
0.00507736 0.00508605 6 
0.0050771 0.00554032 6 
0.00507325 0.00519841 6 
0.00504993 0.005328 6 
0.0050499 0.00548144 6 
0.00504971 0.00521068 6 
0.00503852 0.00528332 6 
0.00502085 0.00523443 6 
0.00501793 0.0051698 6 
0.00501742 0.00546322 6 
0.00501192 0.0053101 6 
0.00501085 0.00522176 6 
0.00498132 0.00502869 6 
0.00497558 0.00519719 6 
0.00496704 0.00498905 6 
0.0049652 0.00501911 6 
0.0049598 0.00529481 6 
0.00495903 0.0052444 6 
0.00494292 0.0052777 6 
0.0049421 0.00544091 6 
0.00494152 0.00509579 6 
0.0049396 0.00514355 6 
0.00493703 0.00526372 6 
0.00493449 0.00500579 6 
0.00493082 0.00527503 6 
0.00491472 0.00505982 6 
0.00489667 0.00506021 6 
0.00489258 0.00493509 6 
0.00488922 0.00506021 6 
0.00488613 0.00513382 6 
0.00488345 0.00517305 6 
0.00487493 0.00496569 6 
0.00487465 0.00487525 6 
0.00487448 0.00524881 6 
0.00487447 0.0053086 6 
0.0048736 0.00492631 6 
0.0048708 0.00491648 6 
0.00486251 0.0055777 6 
0.00485319 0.0050877 6 
0.00484915 0.0052449 6 
0.00484531 0.00486437 6 
0.0048447 0.00490338 6 
0.00484341 0.00529651 6 
0.00483835 0.00536353 6 
0.00483639 0.00503152 6 
0.00482987 0.00509462 6 
0.00482275 0.00522707 6 
0.00481952 0.00505228 6 
0.00479638 0.00526694 6 
0.00479617 0.00487986 6 
0.00479413 0.00519479 6 
0.00478607 0.00520069 6 
0.00477941 0.00508004 6 
0.0047606 0.0053395 6 
0.00475226 0.00508726 6 
0.00474928 0.00535944 6 
0.00474437 0.00502315 6 
0.00474301 0.00517736 6 
0.00473499 0.00529868 6 
0.0047265 0.00484382 6 
0.00471828 0.00473011 6 
0.00470605 0.00518864 6 
0.0047014 0.00550253 6 
0.00469867 0.00534044 6 
0.00468977 0.00522707 6 
0.00468829 0.00488675 6 
0.00468501 0.00530545 6 
0.00467895 0.00474685 6 
0.00467737 0.00519186 6 
0.0046695 0.00526456 6 
0.00466657 0.00483851 6 
0.0046648 0.0050174 6 
0.00466287 0.00515613 6 
0.00465884 0.00479669 6 
0.00465612 0.0053518 6 
0.00464627 0.00466003 6 
0.00463961 0.0052444 6 
0.00462927 0.00523575 6 
0.00462883 0.00474134 6 
0.00461166 0.00522707 6 
0.0046084 0.00492732 6 
0.00460287 0.00510014 6 
0.00459606 0.00468529 6 
0.00459575 0.0049184 6 
0.00459017 0.00518802 6 
0.00458469 0.00477026 6 
0.00457928 0.00489164 6 
0.00456796 0.00463157 6 
0.00456554 0.00514359 6 
0.00455242 0.00477026 6 
0.00455049 0.00478439 6 
0.00453032 0.00524045 6 
0.00450415 0.00523575 6 
0.00450057 0.00450791 6 
0.00445721 0.00479507 6 
0.00444164 0.00499764 6 
0.00443227 0.00462152 6 
0.00442682 0.00442912 6 
0.00441277 0.0049891 6 
0.004409 0.00492841 6 
0.00440751 0.00511672 6 
0.00437011 0.0047633 6 
0.00436272 0.00474134 6 
0.00432002 0.00450171 6 
0.00431956 0.00475548 6 
0.00426604 0.00452179 6 
0.00425866 0.00442912 6 
0.00300845 0.0031245 7 
0.0028858 0.00297847 7 
0.00287721 0.0029846 7 
0.00286906 0.002906 7 
0.00285716 0.00285795 7 
0.00280808 0.00305741 7 
0.00280373 0.00299298 7 
0.00279695 0.00292838 7 
0.00278964 0.00297847 7 
0.00276655 0.0028595 7 
0.00274761 0.002847 7 
0.00273436 0.00275228 7 
0.00272927 0.00284247 7 
0.00272602 0.00282462 7 
0.00272075 0.00284859 7 
0.00271645 0.00277509 7 
0.00269812 0.00279043 7 
0.00269677 0.00278581 7 
0.00268679 0.00290709 7 
0.00267421 0.00293351 7 
0.00267345 0.00280078 7 
0.00266462 0.00269477 7 
0.00266178 0.0026808 7 
0.00266005 0.00270701 7 
0.0026512 0.00265897 7 
0.00265117 0.00281901 7 
0.00263429 0.00265771 7 
0.00263183 0.00276632 7 
0.00263026 0.00300872 7 
0.00262888 0.00283827 7 
0.00262724 0.00268858 7 
0.00262339 0.00262607 7 
0.00262153 0.00285724 7 
0.00262113 0.00273912 7 
0.00261172 0.00268091 7 
0.00260724 0.0026094 7 
0.00260595 0.0027382 7 
0.0026033 0.00269048 7 
0.00260275 0.00269161 7 
0.0026004 0.00268175 7 
0.00259974 0.00288216 7 
0.00259742 0.00293679 7 
0.00259251 0.00263241 7 
0.0025921 0.00271527 7 
0.00259181 0.00273743 7 
0.0025831 0.00269612 7 
0.00257298 0.00267294 7 
0.00256801 0.00265771 7 
0.00256683 0.00256836 7 
0.00256354 0.00262064 7 
0.00256088 0.00268531 7 
0.00255859 0.00256688 7 
0.0025483 0.00263453 7 
0.00254573 0.00267605 7 
0.00254073 0.00258026 7 
0.00253999 0.00271672 7 
0.00253945 0.00267685 7 
0.00253938 0.00264662 7 
0.00253233 0.00270172 7 
0.00253093 0.00266401 7 
0.00253053 0.00272251 7 
0.00252981 0.00259203 7 
0.00252345 0.00273093 7 
0.00252271 0.00265997 7 
0.00252126 0.00254938 7 
0.00251903 0.00258907 7 
0.00250986 0.00262436 7 
0.0025046 0.00261487 7 
0.00250286 0.00262064 7 
0.00250268 0.00256059 7 
0.00249819 0.00256116 7 
0.00249677 0.00267685 7 
0.00249422 0.00283284 7 
0.00248979 0.00267726 7 
0.00248824 0.00263007 7 
0.00248788 0.00255719 7 
0.00248635 0.0026252 7 
0.00248448 0.00256199 7 
0.00247972 0.00249179 7 
0.00247337 0.0029382 7 
0.00246836 0.00265997 7 
0.00246729 0.00268369 7 
0.00246712 0.00267566 7 
0.00246087 0.0024731 7 
0.00245966 0.00248903 7 
0.00245918 0.00265062 7 
0.00245895 0.00248177 7 
0.00245878 0.0025702 7 
0.00245829 0.00254433 7 
0.00245509 0.0027866 7 
0.00245268 0.00269321 7 
0.00245017 0.00265417 7 
0.00244142 0.00267372 7 
0.0024224 0.0027448 7 
0.00241813 0.00257281 7 
0.00241436 0.00270251 7 
0.0024079 0.00272354 7 
0.00240483 0.00241856 7 
0.00240257 0.00277004 7 
0.00240085 0.00269647 7 
0.0023931 0.00266859 7 
0.00239277 0.00243535 7 
0.00238555 0.00263553 7 
0.00238505 0.00265771 7 
0.00238259 0.00265997 7 
0.00237969 0.00245974 7 
0.00237739 0.00249366 7 
0.00237658 0.00247444 7 
0.00237555 0.00258253 7 
0.00237527 0.00264935 7 
0.00237454 0.00276555 7 
0.00236792 0.00266082 7 
0.00236691 0.00241585 7 
0.00236574 0.00251671 7 
0.00235662 0.00267407 7 
0.00234199 0.0023627 7 
0.00233892 0.00234314 7 
0.00233756 0.00240219 7 
0.00233684 0.00265368 7 
0.00233229 0.0025551 7 
0.00233191 0.00273394 7 
0.00232534 0.00252108 7 
0.002323 0.00238655 7 
0.00232143 0.0023891 7 
0.00232011 0.0024417 7 
0.00231845 0.00268856 7 
0.00231148 0.00261702 7 
0.00229083 0.00265368 7 
0.00228722 0.0023891 7 
0.00228565 0.00266135 7 
0.00227164 0.00229678 7 
0.00226124 0.0024914 7 
0.00226037 0.00247196 7 
0.00224864 0.00254288 7 
0.00224718 0.00252244 7 
0.00223629 0.00239506 7 
0.00222797 0.00257652 7 
0.00222711 0.00239158 7 
0.00221244 0.00228497 7 
0.00220344 0.0023627 7 
0.00220308 0.00225633 7 
0.00216372 0.00237695 7 
0.00215545 0.00226011 7 
0.00212952 0.00231026 7 
0.00212121 0.00225633 7 
0.00160048 0.0016203 8 
0.00153322 0.00157369 8 
0.00153229 0.00153737 8 
0.00150322 0.00152757 8 
0.00147425 0.00159389 8 
0.00146346 0.00160964 8 
0.00146302 0.00157159 8 
0.0014594 0.00151962 8 
0.00145121 0.00147049 8 
0.00142935 0.00145157 8 
0.0014292 0.00144938 8 
0.00142864 0.0014681 8 
0.00142666 0.00150303 8 
0.00142022 0.00145092 8 
0.00141965 0.00146811 8 
0.00141622 0.00149588 8 
0.00140622 0.00143513 8 
0.00140514 0.00155103 8 
0.00140182 0.0015114 8 
0.0014009 0.00141424 8 
0.00139213 0.00142687 8 
0.00137693 0.00150734 8 
0.00137545 0.00140286 8 
0.00137354 0.00137561 8 
0.00136526 0.00139942 8 
0.00136445 0.0014107 8 
0.0013633 0.00142299 8 
0.00136261 0.00137643 8 
0.00136153 0.00141006 8 
0.00136109 0.00157686 8 
0.00135943 0.00141392 8 
0.00135902 0.00136539 8 
0.00135578 0.00137191 8 
0.00135326 0.00156066 8 
0.00135178 0.00138162 8 
0.00135131 0.00138085 8 
0.00135117 0.00138758 8 
0.0013444 0.00138758 8 
0.00134389 0.00136466 8 
0.00134145 0.00147021 8 
0.00133878 0.0013594 8 
0.00133108 0.00133613 8 
0.00132892 0.0013606 8 
0.00132677 0.00136718 8 
0.00132644 0.00142279 8 
0.00132315 0.00138203 8 
0.00132278 0.00138265 8 
0.00132264 0.00134625 8 
0.00132213 0.00133484 8 
0.00132156 0.0013669 8 
0.00132148 0.00151669 8 
0.00131953 0.00149003 8 
0.00131778 0.00139198 8 
0.00131747 0.00140673 8 
0.00131261 0.00142949 8 
0.0013092 0.00134564 8 
0.00130809 0.00140286 8 
0.001308 0.00132638 8 
0.00130488 0.00132295 8 
0.00130406 0.00134097 8 
0.00130351 0.00138427 8 
0.00130274 0.00137279 8 
0.00130267 0.00133547 8 
0.00129888 0.00135731 8 
0.00129873 0.00132757 8 
0.00129401 0.00136484 8 
0.00129113 0.0013721 8 
0.00128998 0.00133042 8 
0.00128937 0.00130483 8 
0.00128815 0.00136506 8 
0.00128715 0.00134487 8 
0.00128643 0.00138992 8 
0.00128486 0.00133513 8 
0.00128239 0.00134666 8 
0.00128194 0.00140023 8 
0.00127896 0.00136555 8 
0.00127454 0.00138758 8 
0.00127184 0.00131089 8 
0.0012718 0.00129478 8 
0.00127129 0.0013637 8 
0.00127022 0.00151944 8 
0.00126909 0.00137643 8 
0.00126899 0.00136484 8 
0.00126625 0.00127418 8 
0.00126342 0.00128484 8 
0.00126238 0.00133231 8 
0.00125941 0.00142451 8 
0.00125894 0.00136555 8 
0.00125862 0.00139558 8 
0.00125173 0.00137087 8 
0.00125144 0.00133904 8 
0.00125015 0.00133996 8 
0.00124727 0.00138915 8 
0.0012357 0.00124385 8 
0.00123569 0.00141299 8 
0.00123537 0.00125746 8 
0.00123491 0.00137191 8 
0.00123373 0.00132638 8 
0.00123215 0.00124008 8 
0.00122924 0.00141335 8 
0.00122624 0.00141293 8 
0.00122589 0.00133421 8 
0.00122328 0.00127857 8 
0.00122077 0.00142443 8 
0.00122051 0.00136948 8 
0.00121645 0.00128219 8 
0.00121548 0.00122785 8 
0.00121523 0.00121541 8 
0.00121294 0.00121296 8 
0.0012126 0.00126508 8 
0.00120952 0.00131396 8 
0.00120785 0.00138035 8 
0.00120709 0.00137773 8 
0.00120672 0.0013637 8 
0.0012058 0.00139921 8 
0.00120569 0.00129079 8 
0.00120393 0.00140417 8 
0.00120288 0.0012136 8 
0.0011986 0.00123251 8 
0.00119262 0.00136355 8 
0.00118956 0.00124008 8 
0.00118821 0.00129705 8 
0.0011856 0.00136355 8 
0.00118521 0.00122922 8 
0.00117337 0.0013369 8 
0.00116511 0.00136718 8 
0.00116354 0.00125908 8 
0.00116244 0.00132898 8 
0.00116196 0.001163 8 
0.00116191 0.00116618 8 
0.00115995 0.00131421 8 
0.00115672 0.0012136 8 
0.00115511 0.00128999 8 
0.00115271 0.0012203 8 
0.00114941 0.00121213 8 
0.00113548 0.00129073 8 
0.00113175 0.00119772 8 
0.00111396 0.00115577 8 
0.00111174 0.00116461 8 
0.00111008 0.00114857 8 
0.00109914 0.00120458 8 
0.00109016 0.0011987 8 
0.00106745 0.00116461 8 
0.000815234 0.000837563 9 
0.000810192 0.000820861 9 
0.000789433 0.000790076 9 
0.000781741 0.000841385 9 
0.000771661 0.000849838 9 
0.000771066 0.000771611 9 
0.000771061 0.000848407 9 
0.000767282 0.000770155 9 
0.000754761 0.000771687 9 
0.000753698 0.000761331 9 
0.000746783 0.000799448 9 
0.000746461 0.000748557 9 
0.000745954 0.000757304 9 
0.000741935 0.000785809 9 
0.000741389 0.000830213 9 
0.000736417 0.000744088 9 
0.000733292 0.00073433 9 
0.000733257 0.000762969 9 
0.000727518 0.000780772 9 
0.000725231 0.000793513 9 
0.000720735 0.000731073 9 
0.000713715 0.000738199 9 
0.000711885 0.000833738 9 
0.000711293 0.000734762 9 
0.000710826 0.000829847 9 
0.000710458 0.000713433 9 
0.000708386 0.000712876 9 
0.000707336 0.000733673 9 
0.000706035 0.000789235 9 
0.000705724 0.000727675 9 
0.000704131 0.000747778 9 
0.000703256 0.000709415 9 
0.000703075 0.000711868 9 
0.0007004 0.00075583 9 
0.000698905 0.000737869 9 
0.000697319 0.000700151 9 
0.000695685 0.000710246 9 
0.00069563 0.000709415 9 
0.000695144 0.000726537 9 
0.000694232 0.000741736 9 
0.000693476 0.000713433 9 
0.000691765 0.00076446 9 
0.000690897 0.000692799 9 
0.000690461 0.000717682 9 
0.000689326 0.000703812 9 
0.000687339 0.000760055 9 
0.000683187 0.000691401 9 
0.000682436 0.000727281 9 
0.000681947 0.000691962 9 
0.000680178 0.000703077 9 
0.000679709 0.00070731 9 
0.000678567 0.000740062 9 
0.000678433 0.00069152 9 
0.000678039 0.000790463 9 
0.00067768 0.000724315 9 
0.000676925 0.000702016 9 
0.00067586 0.000682093 9 
0.00067403 0.000678855 9 
0.000673637 0.000727197 9 
0.000673284 0.000710246 9 
0.000672152 0.000704767 9 
0.000670611 0.000722391 9 
0.000669703 0.000709415 9 
0.000668796 0.00071126 9 
0.000667234 0.000690057 9 
0.000666418 0.000704631 9 
0.000664643 0.000717347 9 
0.000662697 0.000679222 9 
0.000661283 0.00068496 9 
0.000659937 0.000702705 9 
0.000659064 0.000719859 9 
0.000657525 0.000683353 9 
0.000657231 0.000705241 9 
0.000656377 0.000704767 9 
0.00065587 0.000705546 9 
0.000655355 0.000669136 9 
0.000654737 0.000790921 9 
0.000654524 0.000723597 9 
0.000654254 0.000724663 9 
0.000653611 0.000674634 9 
0.000653118 0.000701567 9 
0.000650158 0.000733712 9 
0.000644679 0.000674104 9 
0.000644595 0.000727863 9 
0.000644081 0.000716319 9 
0.000642323 0.000662601 9 
0.000641702 0.000651785 9 
0.000640128 0.000710048 9 
0.000639348 0.000703699 9 
0.000638938 0.000702016 9 
0.000637211 0.000691388 9 
0.000635175 0.000732559 9 
0.000634748 0.000663237 9 
0.000632703 0.000662418 9 
0.000632675 0.000717447 9 
0.000632404 0.000722391 9 
0.000630489 0.000635481 9 
0.000627786 0.000702705 9 
0.000624172 0.000657788 9 
0.000622509 0.000628335 9 
0.000622396 0.000721995 9 
0.000621504 0.000713675 9 
0.000620934 0.000730041 9 
0.000619648 0.000620556 9 
0.000619075 0.000727882 9 
0.000618706 0.000680171 9 
0.000616557 0.000666141 9 
0.000616059 0.000619631 9 
0.000615718 0.000651785 9 
0.000615266 0.000633395 9 
0.000612917 0.000614097 9 
0.00060982 0.000708817 9 
0.000608271 0.000634443 9 
0.000607465 0.000717347 9 
0.000607073 0.000701242 9 
0.000606025 0.000642724 9 
0.000603871 0.000630812 9 
0.000603467 0.000692358 9 
0.000602705 0.000706384 9 
0.000601512 0.000666488 9 
0.000596797 0.000609149 9 
0.000593228 0.000677462 9 
0.00059138 0.000624027 9 
0.000589565 0.00061734 9 
0.000582304 0.000599962 9 
0.000579624 0.00067115 9 
0.000567901 0.000607104 9 
0.000565547 0.000585991 9 
0.00056479 0.00062018 9 
0.000556894 0.00062951 9 
0.000546888 0.000607104 9 
