0 0.499947 0 
0 0.501672 0 
0 0.503021 0 
0 0.503601 0 
0 0.503653 0 
0 0.503855 0 
0 0.504179 0 
0 0.504537 0 
0 0.504713 0 
0 0.504758 0 
0 0.504763 0 
0 0.505079 0 
0 0.505123 0 
0 0.505542 0 
0 0.505713 0 
0 0.505741 0 
0 0.505772 0 
0 0.505773 0 
0 0.505863 0 
0 0.505955 0 
0 0.505969 0 
0 0.506096 0 
0 0.50616 0 
0 0.50616 0 
0 0.506272 0 
0 0.506272 0 
0 0.506339 0 
0 0.506476 0 
0 0.506543 0 
0 0.506803 0 
0 0.507169 0 
0 0.507169 0 
0 0.507201 0 
0 0.507233 0 
0 0.507587 0 
0 0.507598 0 
0 0.507659 0 
0 0.50766 0 
0 0.507712 0 
0 0.507766 0 
0 0.507781 0 
0 0.50788 0 
0 0.507894 0 
0 0.507896 0 
0 0.507974 0 
0 0.507992 0 
0 0.508062 0 
0 0.508165 0 
0 0.508233 0 
0 0.508234 0 
0 0.508235 0 
0 0.508253 0 
0 0.508349 0 
0 0.508443 0 
0 0.508452 0 
0 0.508477 0 
0 0.50854 0 
0 0.508598 0 
0 0.508628 0 
0 0.508727 0 
0 0.508742 0 
0 0.508827 0 
0 0.50887 0 
0 0.508906 0 
0 0.509167 0 
0 0.509189 0 
0 0.509195 0 
0 0.509289 0 
0 0.509319 0 
0 0.509336 0 
0 0.509444 0 
0 0.509457 0 
0 0.509458 0 
0 0.509473 0 
0 0.509478 0 
0 0.509498 0 
0 0.509544 0 
0 0.509561 0 
0 0.509561 0 
0 0.50957 0 
0 0.509605 0 
0 0.509692 0 
0 0.509708 0 
0 0.509718 0 
0 0.509801 0 
0 0.509895 0 
0 0.509934 0 
0 0.509947 0 
0 0.509981 0 
0 0.509982 0 
0 0.510052 0 
0 0.510074 0 
0 0.510098 0 
0 0.510133 0 
0 0.51021 0 
0 0.510284 0 
0 0.510649 0 
0 0.510706 0 
0 0.510725 0 
0 0.510728 0 
0 0.510774 0 
0 0.510825 0 
0 0.510907 0 
0 0.510918 0 
0 0.510963 0 
0 0.511074 0 
0 0.511085 0 
0 0.511112 0 
0 0.51119 0 
0 0.51123 0 
0 0.511241 0 
0 0.511261 0 
0 0.511632 0 
0 0.511651 0 
0 0.511698 0 
0 0.511858 0 
0 0.512097 0 
0 0.51212 0 
0 0.512255 0 
0 0.512385 0 
0 0.512391 0 
0 0.512759 0 
0 0.512887 0 
0 0.513024 0 
0 0.513129 0 
0 0.513139 0 
0 0.514241 0 
0 inf 0 
0 0.193027 1 
0 0.193055 1 
0 0.194456 1 
0 0.195115 1 
0 0.195408 1 
0 0.195614 1 
0 0.196392 1 
0 0.196943 1 
0 0.197221 1 
0 0.197757 1 
0 0.197805 1 
0 0.197867 1 
0 0.197925 1 
0 0.197926 1 
0 0.198051 1 
0 0.198054 1 
0 0.198274 1 
0 0.198484 1 
0 0.198711 1 
0 0.198963 1 
0 0.199157 1 
0 0.199256 1 
0 0.199343 1 
0 0.199401 1 
0 0.19943 1 
0 0.19949 1 
0 0.199615 1 
0 0.199654 1 
0 0.199657 1 
0 0.199844 1 
0 0.199938 1 
0 0.200011 1 
0 0.200069 1 
0 0.200138 1 
0 0.200184 1 
0 0.200244 1 
0 0.200359 1 
0 0.200384 1 
0 0.200395 1 
0 0.200431 1 
0 0.200529 1 
0 0.200569 1 
0 0.200574 1 
0 0.200668 1 
0 0.200701 1 
0 0.20078 1 
0 0.200805 1 
0 0.200824 1 
0 0.200874 1 
0 0.200916 1 
0 0.201039 1 
0 0.201147 1 
0 0.201167 1 
0 0.201171 1 
0 0.201181 1 
0 0.201283 1 
0 0.201348 1 
0 0.201386 1 
0 0.201398 1 
0 0.20145 1 
0 0.201496 1 
0 0.201518 1 
0 0.201541 1 
0 0.201718 1 
0 0.201728 1 
0 0.201753 1 
0 0.201777 1 
0 0.201778 1 
0 0.201787 1 
0 0.201818 1 
0 0.20182 1 
0 0.201886 1 
0 0.201956 1 
0 0.20196 1 
0 0.201969 1 
0 0.201984 1 
0 0.202061 1 
0 0.202117 1 
0 0.202191 1 
0 0.202211 1 
0 0.202229 1 
0 0.202306 1 
0 0.202425 1 
0 0.202426 1 
0 0.20245 1 
0 0.20247 1 
0 0.202482 1 
0 0.202545 1 
0 0.202732 1 
0 0.202772 1 
0 0.202874 1 
0 0.20294 1 
0 0.202968 1 
0 0.202973 1 
0 0.203006 1 
0 0.20302 1 
0 0.203029 1 
0 0.203154 1 
0 0.203185 1 
0 0.203304 1 
0 0.203309 1 
0 0.203347 1 
0 0.203359 1 
0 0.203365 1 
0 0.203472 1 
0 0.203523 1 
0 0.203524 1 
0 0.203529 1 
0 0.203555 1 
0 0.203605 1 
0 0.203623 1 
0 0.203757 1 
0 0.203838 1 
0 0.203859 1 
0 0.203943 1 
0 0.204028 1 
0 0.204145 1 
0 0.204217 1 
0 0.20436 1 
0 0.204525 1 
0 0.204545 1 
0 0.20459 1 
0 0.204627 1 
0 0.204783 1 
0 0.20491 1 
0 0.204929 1 
0 0.206736 1 
0 inf 1 
0 0.0796302 2 
0 0.0796929 2 
0 0.0803868 2 
0 0.0805618 2 
0 0.080997 2 
0 0.0811035 2 
0 0.0812123 2 
0 0.081922 2 
0 0.0823629 2 
0 0.0826563 2 
0 0.0827195 2 
0 0.0827371 2 
0 0.0828597 2 
0 0.0828742 2 
0 0.0829077 2 
0 0.082985 2 
0 0.0831619 2 
0 0.0831979 2 
0 0.0834838 2 
0 0.0835459 2 
0 0.0837318 2 
0 0.0838582 2 
0 0.0841252 2 
0 0.0841986 2 
0 0.0842567 2 
0 0.0842581 2 
0 0.0843187 2 
0 0.0845825 2 
0 0.0847088 2 
0 0.0847153 2 
0 0.0847155 2 
0 0.0847599 2 
0 0.0848049 2 
0 0.0848069 2 
0 0.0848568 2 
0 0.0848743 2 
0 0.0849003 2 
0 0.0849632 2 
0 0.0850659 2 
0 0.0850996 2 
0 0.0851049 2 
0 0.0851088 2 
0 0.0851661 2 
0 0.0852938 2 
0 0.0854153 2 
0 0.0854189 2 
0 0.0854519 2 
0 0.0856664 2 
0 0.0856781 2 
0 0.085682 2 
0 0.0857806 2 
0 0.0857861 2 
0 0.0858048 2 
0 0.085847 2 
0 0.085919 2 
0 0.0859516 2 
0 0.0859628 2 
0 0.0859713 2 
0 0.0860274 2 
0 0.0860342 2 
0 0.0861454 2 
0 0.0861491 2 
0 0.0861625 2 
0 0.0861906 2 
0 0.086196 2 
0 0.0862359 2 
0 0.0862588 2 
0 0.0862736 2 
0 0.0863739 2 
0 0.0864339 2 
0 0.0864556 2 
0 0.086456 2 
0 0.0865291 2 
0 0.0865441 2 
0 0.0865651 2 
0 0.0865908 2 
0 0.0865917 2 
0 0.0866064 2 
0 0.0866366 2 
0 0.0866644 2 
0 0.0866982 2 
0 0.0867054 2 
0 0.0867215 2 
0 0.0867301 2 
0 0.0867404 2 
0 0.086813 2 
0 0.0868978 2 
0 0.0869254 2 
0 0.086944 2 
0 0.0869778 2 
0 0.0869811 2 
0 0.0870291 2 
0 0.0870923 2 
0 0.0871293 2 
0 0.0871497 2 
0 0.0872062 2 
0 0.0872279 2 
0 0.0872947 2 
0 0.0873131 2 
0 0.0873249 2 
0 0.0874643 2 
0 0.0874863 2 
0 0.0875185 2 
0 0.0875567 2 
0 0.0876314 2 
0 0.0876726 2 
0 0.0876785 2 
0 0.0876859 2 
0 0.0879501 2 
0 0.0880183 2 
0 0.0880869 2 
0 0.0882216 2 
0 0.0883472 2 
0 0.0883577 2 
0 0.0885394 2 
0 0.0885601 2 
0 0.088602 2 
0 0.0886153 2 
0 0.0886287 2 
0 0.088631 2 
0 0.0886808 2 
0 0.0887511 2 
0 0.0890805 2 
0 0.0893173 2 
0 0.089418 2 
0 0.089554 2 
0 0.0907504 2 
0 inf 2 
0 0.0338707 3 
0 0.0345509 3 
0 0.035117 3 
0 0.0355812 3 
0 0.0356851 3 
0 0.0359735 3 
0 0.0361469 3 
0 0.036506 3 
0 0.036517 3 
0 0.0365751 3 
0 0.0366637 3 
0 0.0367018 3 
0 0.0367379 3 
0 0.0367759 3 
0 0.0368 3 
0 0.0368559 3 
0 0.0368853 3 
0 0.0372064 3 
0 0.0373004 3 
0 0.0374394 3 
0 0.0375208 3 
0 0.0376282 3 
0 0.0376341 3 
0 0.0377041 3 
0 0.0377591 3 
0 0.0377681 3 
0 0.0378446 3 
0 0.0378478 3 
0 0.0378918 3 
0 0.0379863 3 
0 0.0380663 3 
0 0.0380944 3 
0 0.0381291 3 
0 0.0382049 3 
0 0.0382402 3 
0 0.0382563 3 
0 0.0382699 3 
0 0.0382712 3 
0 0.0383428 3 
0 0.0384251 3 
0 0.0384438 3 
0 0.0384494 3 
0 0.0384877 3 
0 0.0385524 3 
0 0.0385636 3 
0 0.0386142 3 
0 0.0386164 3 
0 0.0386277 3 
0 0.0386512 3 
0 0.0387508 3 
0 0.0387698 3 
0 0.0387961 3 
0 0.0388101 3 
0 0.0388601 3 
0 0.0389298 3 
0 0.038954 3 
0 0.0389711 3 
0 0.039 3 
0 0.0390162 3 
0 0.0390352 3 
0 0.0390739 3 
0 0.0390781 3 
0 0.0391116 3 
0 0.0391301 3 
0 0.039143 3 
0 0.0391474 3 
0 0.0391538 3 
0 0.0391855 3 
0 0.0391939 3 
0 0.039195 3 
0 0.0391989 3 
0 0.0392091 3 
0 0.0392365 3 
0 0.0392438 3 
0 0.0392561 3 
0 0.0392892 3 
0 0.0392949 3 
0 0.0393355 3 
0 0.0393466 3 
0 0.039358 3 
0 0.0393892 3 
0 0.0394382 3 
0 0.0394433 3 
0 0.0394556 3 
0 0.0394899 3 
0 0.0395091 3 
0 0.0395495 3 
0 0.0396186 3 
0 0.0396209 3 
0 0.0396415 3 
0 0.0397071 3 
0 0.0397994 3 
0 0.0398271 3 
0 0.0398436 3 
0 0.0398787 3 
0 0.0398828 3 
0 0.0398904 3 
0 0.0398942 3 
0 0.0398986 3 
0 0.039914 3 
0 0.0399355 3 
0 0.0400793 3 
0 0.0400973 3 
0 0.0401534 3 
0 0.0401978 3 
0 0.040211 3 
0 0.0402361 3 
0 0.0403021 3 
0 0.0405155 3 
0 0.0405247 3 
0 0.0405266 3 
0 0.0405466 3 
0 0.040564 3 
0 0.0405972 3 
0 0.0406389 3 
0 0.040752 3 
0 0.040803 3 
0 0.0408138 3 
0 0.0408321 3 
0 0.0409483 3 
0 0.0409697 3 
0 0.0409817 3 
0 0.0410745 3 
0 0.0411551 3 
0 0.0414226 3 
0 0.0415767 3 
0 0.0424901 3 
0 inf 3 
0 0.014984 4 
0 0.0154133 4 
0 0.0163713 4 
0 0.0164139 4 
0 0.0164864 4 
0 0.0167838 4 
0 0.0168649 4 
0 0.0168771 4 
0 0.0169462 4 
0 0.0169967 4 
0 0.0170432 4 
0 0.0170626 4 
0 0.0170701 4 
0 0.0171202 4 
0 0.0172648 4 
0 0.017344 4 
0 0.0174903 4 
0 0.0175961 4 
0 0.0176346 4 
0 0.0176414 4 
0 0.0176842 4 
0 0.0176916 4 
0 0.0177043 4 
0 0.0177166 4 
0 0.0177194 4 
0 0.0177804 4 
0 0.0177865 4 
0 0.0178148 4 
0 0.0178259 4 
0 0.0178303 4 
0 0.0178502 4 
0 0.0179285 4 
0 0.0179318 4 
0 0.0179418 4 
0 0.0179435 4 
0 0.0179466 4 
0 0.0179553 4 
0 0.0179748 4 
0 0.0180148 4 
0 0.018046 4 
0 0.0180767 4 
0 0.0180896 4 
0 0.0181011 4 
0 0.0181175 4 
0 0.0181248 4 
0 0.0181945 4 
0 0.0182455 4 
0 0.0182944 4 
0 0.0182967 4 
0 0.0183005 4 
0 0.0183011 4 
0 0.0183587 4 
0 0.0183596 4 
0 0.0183736 4 
0 0.0183863 4 
0 0.0184194 4 
0 0.0184571 4 
0 0.0184763 4 
0 0.0184969 4 
0 0.0185056 4 
0 0.0185193 4 
0 0.0185269 4 
0 0.0185277 4 
0 0.0185349 4 
0 0.0185388 4 
0 0.018548 4 
0 0.0185531 4 
0 0.0185536 4 
0 0.0185601 4 
0 0.0185723 4 
0 0.0185774 4 
0 0.018608 4 
0 0.0186158 4 
0 0.0186164 4 
0 0.0186241 4 
0 0.0186435 4 
0 0.0186534 4 
0 0.0186567 4 
0 0.0186638 4 
0 0.0186754 4 
0 0.0186933 4 
0 0.0187022 4 
0 0.0187745 4 
0 0.0188015 4 
0 0.0188144 4 
0 0.0188229 4 
0 0.0188452 4 
0 0.0188671 4 
0 0.01889 4 
0 0.0189214 4 
0 0.0189243 4 
0 0.0189376 4 
0 0.0189519 4 
0 0.0189648 4 
0 0.0190171 4 
0 0.0190298 4 
0 0.0190855 4 
0 0.0190923 4 
0 0.0190935 4 
0 0.019114 4 
0 0.019187 4 
0 0.0192022 4 
0 0.0192074 4 
0 0.0192116 4 
0 0.0192481 4 
0 0.0192814 4 
0 0.0192835 4 
0 0.0192975 4 
0 0.0193062 4 
0 0.0193751 4 
0 0.0194165 4 
0 0.0194377 4 
0 0.0194708 4 
0 0.0194957 4 
0 0.0195279 4 
0 0.0195874 4 
0 0.0196629 4 
0 0.0196952 4 
0 0.019798 4 
0 0.0198269 4 
0 0.0198925 4 
0 0.0199376 4 
0 0.0199679 4 
0 0.0199742 4 
0 0.0200462 4 
0 0.020149 4 
0 0.0205769 4 
0 inf 4 
0 0.00686931 5 
0 0.00711068 5 
0 0.00781421 5 
0 0.00787683 5 
0 0.00796485 5 
0 0.00809173 5 
0 0.00814831 5 
0 0.00816765 5 
0 0.00817139 5 
0 0.0081785 5 
0 0.00826359 5 
0 0.0082752 5 
0 0.00831315 5 
0 0.00833309 5 
0 0.0083801 5 
0 0.00844399 5 
0 0.0085515 5 
0 0.00855814 5 
0 0.00857597 5 
0 0.00859255 5 
0 0.00859548 5 
0 0.00860002 5 
0 0.0086006 5 
0 0.0086296 5 
0 0.00863168 5 
0 0.00863593 5 
0 0.00863898 5 
0 0.0086494 5 
0 0.00865408 5 
0 0.00867007 5 
0 0.00868941 5 
0 0.00869128 5 
0 0.00872486 5 
0 0.00873168 5 
0 0.00873195 5 
0 0.00877234 5 
0 0.00877262 5 
0 0.00877296 5 
0 0.00877654 5 
0 0.00878578 5 
0 0.00880895 5 
0 0.00881632 5 
0 0.00883793 5 
0 0.00886218 5 
0 0.00887055 5 
0 0.00887746 5 
0 0.00890031 5 
0 0.0089216 5 
0 0.00892732 5 
0 0.00894082 5 
0 0.00894485 5 
0 0.00894625 5 
0 0.00896335 5 
0 0.00897005 5 
0 0.00897863 5 
0 0.00898481 5 
0 0.00902058 5 
0 0.00902519 5 
0 0.00903091 5 
0 0.00903542 5 
0 0.00903626 5 
0 0.00903669 5 
0 0.00904059 5 
0 0.00904092 5 
0 0.00904201 5 
0 0.0090427 5 
0 0.00904368 5 
0 0.00905383 5 
0 0.00905734 5 
0 0.00906914 5 
0 0.00910502 5 
0 0.00910905 5 
0 0.00912061 5 
0 0.00914561 5 
0 0.00914819 5 
0 0.00915753 5 
0 0.00916711 5 
0 0.00916842 5 
0 0.00916844 5 
0 0.00918932 5 
0 0.00919011 5 
0 0.00919373 5 
0 0.00921903 5 
0 0.00923349 5 
0 0.00927539 5 
0 0.00927904 5 
0 0.00928773 5 
0 0.00928798 5 
0 0.0092887 5 
0 0.00932074 5 
0 0.00932102 5 
0 0.00933502 5 
0 0.00934314 5 
0 0.00935083 5 
0 0.00936593 5 
0 0.00937722 5 
0 0.00937848 5 
0 0.0093962 5 
0 0.00940028 5 
0 0.00940904 5 
0 0.00942814 5 
0 0.00943045 5 
0 0.00943742 5 
0 0.00945958 5 
0 0.00947771 5 
0 0.00950374 5 
0 0.00950421 5 
0 0.00953939 5 
0 0.00955264 5 
0 0.00955763 5 
0 0.00956765 5 
0 0.00957571 5 
0 0.00960988 5 
0 0.00966074 5 
0 0.00966754 5 
0 0.00966899 5 
0 0.00967212 5 
0 0.00968112 5 
0 0.00984856 5 
0 0.00985239 5 
0 0.00990734 5 
0 0.00995164 5 
0 0.00998997 5 
0 0.010019 5 
0 0.0101015 5 
0 0.010169 5 
0 0.0101853 5 
0 inf 5 
0 0.00325333 6 
0 0.00337723 6 
0 0.00382938 6 
0 0.00389969 6 
0 0.00399489 6 
0 0.00399747 6 
0 0.00403703 6 
0 0.00404515 6 
0 0.00406705 6 
0 0.00407287 6 
0 0.00408408 6 
0 0.00412441 6 
0 0.00417168 6 
0 0.00417411 6 
0 0.00420986 6 
0 0.00421786 6 
0 0.00424235 6 
0 0.00425453 6 
0 0.00425631 6 
0 0.00425766 6 
0 0.00426749 6 
0 0.0042709 6 
0 0.00428243 6 
0 0.00428275 6 
0 0.00429086 6 
0 0.00429572 6 
0 0.00430249 6 
0 0.00430847 6 
0 0.00432271 6 
0 0.00433603 6 
0 0.00433971 6 
0 0.00435193 6 
0 0.00436384 6 
0 0.00436393 6 
0 0.00437665 6 
0 0.0043777 6 
0 0.00438576 6 
0 0.00439208 6 
0 0.00439315 6 
0 0.0044017 6 
0 0.00443967 6 
0 0.00444051 6 
0 0.00444414 6 
0 0.00444535 6 
0 0.0044524 6 
0 0.00445395 6 
0 0.00445903 6 
0 0.00445912 6 
0 0.00446713 6 
0 0.00446868 6 
0 0.00447052 6 
0 0.0044747 6 
0 0.00448709 6 
0 0.00448837 6 
0 0.00448932 6 
0 0.00448935 6 
0 0.00449517 6 
0 0.00449649 6 
0 0.0045047 6 
0 0.00450551 6 
0 0.0045078 6 
0 0.00451954 6 
0 0.00452408 6 
0 0.00452493 6 
0 0.0045254 6 
0 0.00452911 6 
0 0.00453019 6 
0 0.00453847 6 
0 0.00453992 6 
0 0.0045424 6 
0 0.004548 6 
0 0.00457597 6 
0 0.00457628 6 
0 0.00457798 6 
0 0.00458476 6 
0 0.00458766 6 
0 0.00458856 6 
0 0.00459446 6 
0 0.00459494 6 
0 0.00459919 6 
0 0.00459949 6 
0 0.00460215 6 
0 0.00462561 6 
0 0.004638 6 
0 0.00464396 6 
0 0.00464679 6 
0 0.00465697 6 
0 0.0046672 6 
0 0.00467171 6 
0 0.00467194 6 
0 0.00468536 6 
0 0.0046938 6 
0 0.00469695 6 
0 0.00472148 6 
0 0.00472416 6 
0 0.00473185 6 
0 0.00473419 6 
0 0.00474282 6 
0 0.00474374 6 
0 0.00475026 6 
0 0.00476806 6 
0 0.00476809 6 
0 0.00478446 6 
0 0.00478843 6 
0 0.00480198 6 
0 0.00481348 6 
0 0.00481398 6 
0 0.00481558 6 
0 0.00482788 6 
0 0.00483217 6 
0 0.00483416 6 
0 0.00485496 6 
0 0.00486221 6 
0 0.00486722 6 
0 0.00488683 6 
0 0.00491244 6 
0 0.00494207 6 
0 0.00495873 6 
0 0.0049721 6 
0 0.00497704 6 
0 0.00500665 6 
0 0.0050212 6 
0 0.0050736 6 
0 0.00508 6 
0 0.00512042 6 
0 0.00512287 6 
0 0.005197 6 
0 inf 6 
0 0.00158763 7 
0 0.00164519 7 
0 0.00193129 7 
0 0.00197784 7 
0 0.00201931 7 
0 0.00204381 7 
0 0.00205132 7 
0 0.00205149 7 
0 0.00205431 7 
0 0.00206259 7 
0 0.00207877 7 
0 0.00209449 7 
0 0.00209754 7 
0 0.00209881 7 
0 0.00210801 7 
0 0.00211919 7 
0 0.00213546 7 
0 0.00214624 7 
0 0.00216361 7 
0 0.00216482 7 
0 0.00216701 7 
0 0.00216931 7 
0 0.0021774 7 
0 0.00219229 7 
0 0.00219432 7 
0 0.00219463 7 
0 0.00219706 7 
0 0.00220875 7 
0 0.00220976 7 
0 0.00221343 7 
0 0.00221503 7 
0 0.00221719 7 
0 0.00222532 7 
0 0.00223332 7 
0 0.00223354 7 
0 0.00223602 7 
0 0.00224276 7 
0 0.00224468 7 
0 0.0022461 7 
0 0.00224868 7 
0 0.0022524 7 
0 0.00225272 7 
0 0.00225421 7 
0 0.00225786 7 
0 0.00226192 7 
0 0.00226255 7 
0 0.00226312 7 
0 0.00226543 7 
0 0.00226559 7 
0 0.00226578 7 
0 0.00226881 7 
0 0.00226884 7 
0 0.0022746 7 
0 0.00227709 7 
0 0.00228435 7 
0 0.0022871 7 
0 0.00229015 7 
0 0.00229035 7 
0 0.00229427 7 
0 0.00229479 7 
0 0.00230002 7 
0 0.00230104 7 
0 0.0023019 7 
0 0.00230808 7 
0 0.00230873 7 
0 0.00230927 7 
0 0.00231027 7 
0 0.00231131 7 
0 0.00231333 7 
0 0.00231545 7 
0 0.00231938 7 
0 0.00232574 7 
0 0.0023324 7 
0 0.0023408 7 
0 0.00234211 7 
0 0.00234403 7 
0 0.00234654 7 
0 0.00235735 7 
0 0.00236183 7 
0 0.00236417 7 
0 0.00236706 7 
0 0.00236794 7 
0 0.00236797 7 
0 0.0023703 7 
0 0.00237199 7 
0 0.00237369 7 
0 0.00237659 7 
0 0.00237662 7 
0 0.00238119 7 
0 0.00238144 7 
0 0.00239639 7 
0 0.00240091 7 
0 0.00241619 7 
0 0.00242133 7 
0 0.00242177 7 
0 0.00242597 7 
0 0.00242971 7 
0 0.0024335 7 
0 0.0024395 7 
0 0.00244535 7 
0 0.00244635 7 
0 0.00244788 7 
0 0.00244952 7 
0 0.00245461 7 
0 0.00245809 7 
0 0.00246574 7 
0 0.00247857 7 
0 0.00247858 7 
0 0.00248156 7 
0 0.00248296 7 
0 0.0024847 7 
0 0.00248824 7 
0 0.00249114 7 
0 0.00249625 7 
0 0.00249979 7 
0 0.00254033 7 
0 0.00254099 7 
0 0.00255119 7 
0 0.00256136 7 
0 0.00258713 7 
0 0.00258927 7 
0 0.00259116 7 
0 0.00260261 7 
0 0.00260503 7 
0 0.00262941 7 
0 0.00263989 7 
0 0.00267241 7 
0 inf 7 
0 0.000796217 8 
0 0.000819281 8 
0 0.000997952 8 
0 0.0010218 8 
0 0.00103432 8 
0 0.00104047 8 
0 0.0010527 8 
0 0.00105568 8 
0 0.00105587 8 
0 0.00105891 8 
0 0.00106558 8 
0 0.00106946 8 
0 0.00107222 8 
0 0.00107704 8 
0 0.00108031 8 
0 0.00109486 8 
0 0.00109743 8 
0 0.00109826 8 
0 0.00110488 8 
0 0.00111403 8 
0 0.00112352 8 
0 0.00112491 8 
0 0.00112622 8 
0 0.00112859 8 
0 0.00113041 8 
0 0.00113056 8 
0 0.00113288 8 
0 0.00113516 8 
0 0.00113526 8 
0 0.00113708 8 
0 0.00113867 8 
0 0.00113881 8 
0 0.00114463 8 
0 0.00114521 8 
0 0.00114796 8 
0 0.00114868 8 
0 0.00114969 8 
0 0.0011535 8 
0 0.0011565 8 
0 0.00115676 8 
0 0.00115727 8 
0 0.00115778 8 
0 0.00115854 8 
0 0.00115982 8 
0 0.00115982 8 
0 0.00116436 8 
0 0.00116666 8 
0 0.00117081 8 
0 0.00117088 8 
0 0.001172 8 
0 0.00117203 8 
0 0.00117785 8 
0 0.00117822 8 
0 0.00118084 8 
0 0.00118108 8 
0 0.00118127 8 
0 0.00118199 8 
0 0.00118268 8 
0 0.00118548 8 
0 0.00118568 8 
0 0.00118848 8 
0 0.00118951 8 
0 0.00119254 8 
0 0.00119426 8 
0 0.00119803 8 
0 0.00119956 8 
0 0.00120081 8 
0 0.00120258 8 
0 0.00120397 8 
0 0.00120443 8 
0 0.00120644 8 
0 0.00120699 8 
0 0.00120789 8 
0 0.00121124 8 
0 0.00121543 8 
0 0.00122255 8 
0 0.00122456 8 
0 0.00122508 8 
0 0.00122537 8 
0 0.0012296 8 
0 0.00123015 8 
0 0.00123169 8 
0 0.00123557 8 
0 0.00123668 8 
0 0.00123705 8 
0 0.00123757 8 
0 0.00123936 8 
0 0.00124129 8 
0 0.00124588 8 
0 0.00124616 8 
0 0.00124961 8 
0 0.00125112 8 
0 0.00125254 8 
0 0.00125269 8 
0 0.00125403 8 
0 0.00126035 8 
0 0.00126416 8 
0 0.0012679 8 
0 0.00126843 8 
0 0.00127657 8 
0 0.00127828 8 
0 0.00127888 8 
0 0.00127929 8 
0 0.00128019 8 
0 0.00128104 8 
0 0.00128118 8 
0 0.00128139 8 
0 0.00128142 8 
0 0.00128233 8 
0 0.00128628 8 
0 0.00128644 8 
0 0.00129156 8 
0 0.00129733 8 
0 0.00129792 8 
0 0.00129892 8 
0 0.00130143 8 
0 0.00133245 8 
0 0.00133602 8 
0 0.00133824 8 
0 0.00134398 8 
0 0.00135105 8 
0 0.00135826 8 
0 0.00136821 8 
0 0.00137723 8 
0 0.00137825 8 
0 0.00137831 8 
0 0.00138675 8 
0 inf 8 
0 0.000409159 9 
0 0.000415811 9 
0 0.000525292 9 
0 0.000526113 9 
0 0.000535357 9 
0 0.00053564 9 
0 0.000538171 9 
0 0.000544647 9 
0 0.000546597 9 
0 0.000550543 9 
0 0.000551819 9 
0 0.000554415 9 
0 0.000557777 9 
0 0.000560898 9 
0 0.000562761 9 
0 0.000564016 9 
0 0.000564216 9 
0 0.000566613 9 
0 0.000579535 9 
0 0.000580653 9 
0 0.000581975 9 
0 0.000581991 9 
0 0.000585332 9 
0 0.000587828 9 
0 0.000589746 9 
0 0.000590774 9 
0 0.000590875 9 
0 0.000590911 9 
0 0.000591754 9 
0 0.000593439 9 
0 0.00059419 9 
0 0.000595061 9 
0 0.000596394 9 
0 0.000597292 9 
0 0.000597467 9 
0 0.000597477 9 
0 0.000597562 9 
0 0.000597711 9 
0 0.000597794 9 
0 0.000597806 9 
0 0.000598207 9 
0 0.000598503 9 
0 0.000600167 9 
0 0.000602762 9 
0 0.000604024 9 
0 0.000605838 9 
0 0.000606199 9 
0 0.000606555 9 
0 0.00060778 9 
0 0.000611129 9 
0 0.000614486 9 
0 0.000614934 9 
0 0.000617877 9 
0 0.000618734 9 
0 0.000620587 9 
0 0.000621234 9 
0 0.000621425 9 
0 0.000621647 9 
0 0.000622391 9 
0 0.000623349 9 
0 0.000627018 9 
0 0.00063059 9 
0 0.000630886 9 
0 0.000631074 9 
0 0.00063139 9 
0 0.000631605 9 
0 0.000633545 9 
0 0.000634125 9 
0 0.000635197 9 
0 0.00063524 9 
0 0.000635857 9 
0 0.00063622 9 
0 0.000637377 9 
0 0.000638404 9 
0 0.000639231 9 
0 0.000640646 9 
0 0.000642246 9 
0 0.000644854 9 
0 0.000646147 9 
0 0.000647208 9 
0 0.000647236 9 
0 0.000648714 9 
0 0.000649344 9 
0 0.000650182 9 
0 0.000650192 9 
0 0.000652747 9 
0 0.000653636 9 
0 0.000655684 9 
0 0.000656742 9 
0 0.00065715 9 
0 0.000658916 9 
0 0.000659857 9 
0 0.000661676 9 
0 0.000663048 9 
0 0.000663077 9 
0 0.00066458 9 
0 0.000665194 9 
0 0.000665226 9 
0 0.000665278 9 
0 0.000666682 9 
0 0.000667624 9 
0 0.000669985 9 
0 0.000670854 9 
0 0.000671281 9 
0 0.000673085 9 
0 0.000673598 9 
0 0.000673796 9 
0 0.000676521 9 
0 0.000676561 9 
0 0.000677344 9 
0 0.000683014 9 
0 0.000683167 9 
0 0.000686624 9 
0 0.000687097 9 
0 0.000689311 9 
0 0.000689429 9 
0 0.000693178 9 
0 0.000706942 9 
0 0.000710198 9 
0 0.000713661 9 
0 0.000716673 9 
0 0.000717314 9 
0 0.000720552 9 
0 0.000721243 9 
0 0.000732088 9 
0 0.000737083 9 
0 0.00073913 9 
0 inf 9 
