0 0.494872 0 
0 0.497369 0 
0 0.497881 0 
0 0.498814 0 
0 0.498918 0 
0 0.498999 0 
0 0.500913 0 
0 0.501003 0 
0 0.501181 0 
0 0.501229 0 
0 0.501521 0 
0 0.501872 0 
0 0.502011 0 
0 0.502118 0 
0 0.50249 0 
0 0.503195 0 
0 0.503328 0 
0 0.503608 0 
0 0.503984 0 
0 0.50441 0 
0 0.504511 0 
0 0.504619 0 
0 0.504831 0 
0 0.505205 0 
0 0.505215 0 
0 0.505217 0 
0 0.505272 0 
0 0.505415 0 
0 0.505482 0 
0 0.505508 0 
0 0.505702 0 
0 0.505855 0 
0 0.505963 0 
0 0.506029 0 
0 0.50624 0 
0 0.506266 0 
0 0.50629 0 
0 0.5065 0 
0 0.506859 0 
0 0.50692 0 
0 0.506979 0 
0 0.507071 0 
0 0.507107 0 
0 0.507236 0 
0 0.507664 0 
0 0.507779 0 
0 0.507801 0 
0 0.507884 0 
0 0.508206 0 
0 0.508508 0 
0 0.508605 0 
0 0.508639 0 
0 0.508662 0 
0 0.508662 0 
0 0.508691 0 
0 0.508705 0 
0 0.508708 0 
0 0.508722 0 
0 0.508734 0 
0 0.508813 0 
0 0.508832 0 
0 0.508886 0 
0 0.508956 0 
0 0.508998 0 
0 0.509091 0 
0 0.50912 0 
0 0.509141 0 
0 0.509178 0 
0 0.509221 0 
0 0.509371 0 
0 0.509385 0 
0 0.509446 0 
0 0.509515 0 
0 0.509651 0 
0 0.50968 0 
0 0.509757 0 
0 0.509768 0 
0 0.509822 0 
0 0.509869 0 
0 0.50987 0 
0 0.509938 0 
0 0.51009 0 
0 0.510105 0 
0 0.51018 0 
0 0.510211 0 
0 0.510227 0 
0 0.510258 0 
0 0.51028 0 
0 0.510323 0 
0 0.510324 0 
0 0.51034 0 
0 0.510392 0 
0 0.510452 0 
0 0.51046 0 
0 0.510525 0 
0 0.51053 0 
0 0.51053 0 
0 0.510538 0 
0 0.510608 0 
0 0.510651 0 
0 0.510808 0 
0 0.510814 0 
0 0.510855 0 
0 0.510939 0 
0 0.510957 0 
0 0.510968 0 
0 0.5111 0 
0 0.511168 0 
0 0.511189 0 
0 0.511231 0 
0 0.511385 0 
0 0.511463 0 
0 0.511619 0 
0 0.511755 0 
0 0.511789 0 
0 0.511878 0 
0 0.512007 0 
0 0.512279 0 
0 0.512324 0 
0 0.512337 0 
0 0.512364 0 
0 0.512508 0 
0 0.512734 0 
0 0.51279 0 
0 0.513616 0 
0 0.51385 0 
0 0.514736 0 
0 inf 0 
0 0.185906 1 
0 0.195502 1 
0 0.196996 1 
0 0.197138 1 
0 0.197315 1 
0 0.197332 1 
0 0.197446 1 
0 0.197503 1 
0 0.197552 1 
0 0.197964 1 
0 0.198313 1 
0 0.198683 1 
0 0.198708 1 
0 0.198817 1 
0 0.198848 1 
0 0.199013 1 
0 0.199041 1 
0 0.199484 1 
0 0.199505 1 
0 0.199858 1 
0 0.199871 1 
0 0.199888 1 
0 0.200096 1 
0 0.20018 1 
0 0.200248 1 
0 0.200261 1 
0 0.200266 1 
0 0.20034 1 
0 0.200369 1 
0 0.200525 1 
0 0.200724 1 
0 0.200864 1 
0 0.200878 1 
0 0.201014 1 
0 0.20111 1 
0 0.201167 1 
0 0.201234 1 
0 0.201265 1 
0 0.201389 1 
0 0.201714 1 
0 0.201794 1 
0 0.201827 1 
0 0.201829 1 
0 0.20185 1 
0 0.201855 1 
0 0.201895 1 
0 0.201912 1 
0 0.201917 1 
0 0.201922 1 
0 0.201936 1 
0 0.202021 1 
0 0.202025 1 
0 0.202184 1 
0 0.202191 1 
0 0.202249 1 
0 0.202276 1 
0 0.202288 1 
0 0.202305 1 
0 0.202328 1 
0 0.202366 1 
0 0.202394 1 
0 0.20243 1 
0 0.202457 1 
0 0.202467 1 
0 0.20253 1 
0 0.202575 1 
0 0.202601 1 
0 0.202695 1 
0 0.202718 1 
0 0.202738 1 
0 0.202755 1 
0 0.202767 1 
0 0.202773 1 
0 0.202801 1 
0 0.202864 1 
0 0.202917 1 
0 0.202937 1 
0 0.202938 1 
0 0.202956 1 
0 0.202997 1 
0 0.20301 1 
0 0.203016 1 
0 0.203028 1 
0 0.203038 1 
0 0.20304 1 
0 0.203085 1 
0 0.203144 1 
0 0.203174 1 
0 0.203193 1 
0 0.203216 1 
0 0.203282 1 
0 0.203377 1 
0 0.203406 1 
0 0.203431 1 
0 0.203509 1 
0 0.203669 1 
0 0.203692 1 
0 0.203716 1 
0 0.203862 1 
0 0.203939 1 
0 0.203961 1 
0 0.203984 1 
0 0.203997 1 
0 0.204085 1 
0 0.204094 1 
0 0.204103 1 
0 0.204163 1 
0 0.204199 1 
0 0.204259 1 
0 0.204351 1 
0 0.204417 1 
0 0.20442 1 
0 0.204431 1 
0 0.204464 1 
0 0.204542 1 
0 0.204755 1 
0 0.204825 1 
0 0.204833 1 
0 0.204892 1 
0 0.204917 1 
0 0.20504 1 
0 0.205266 1 
0 0.20548 1 
0 0.205523 1 
0 0.205596 1 
0 0.205623 1 
0 0.20631 1 
0 inf 1 
0 0.07533 2 
0 0.0805301 2 
0 0.0813531 2 
0 0.0813915 2 
0 0.0822528 2 
0 0.0824339 2 
0 0.082473 2 
0 0.08328 2 
0 0.0833455 2 
0 0.0835309 2 
0 0.0836451 2 
0 0.0836532 2 
0 0.0836701 2 
0 0.0839879 2 
0 0.0840105 2 
0 0.084159 2 
0 0.0842841 2 
0 0.0844188 2 
0 0.0844804 2 
0 0.0846181 2 
0 0.084713 2 
0 0.0847672 2 
0 0.0847821 2 
0 0.0848127 2 
0 0.0850032 2 
0 0.0850206 2 
0 0.0851341 2 
0 0.085335 2 
0 0.0853373 2 
0 0.0854944 2 
0 0.085502 2 
0 0.085554 2 
0 0.0856863 2 
0 0.0857699 2 
0 0.0858606 2 
0 0.0859438 2 
0 0.0859478 2 
0 0.0859759 2 
0 0.0859853 2 
0 0.0860192 2 
0 0.0860424 2 
0 0.0860464 2 
0 0.0860683 2 
0 0.0861371 2 
0 0.0861489 2 
0 0.0861792 2 
0 0.0861806 2 
0 0.0862237 2 
0 0.0862311 2 
0 0.0862407 2 
0 0.0863291 2 
0 0.0863827 2 
0 0.0864073 2 
0 0.0864484 2 
0 0.0864487 2 
0 0.0864611 2 
0 0.0865098 2 
0 0.086517 2 
0 0.0865412 2 
0 0.0865511 2 
0 0.0865788 2 
0 0.0866918 2 
0 0.0866936 2 
0 0.0867213 2 
0 0.0867668 2 
0 0.0867674 2 
0 0.0867811 2 
0 0.0868799 2 
0 0.0869334 2 
0 0.086949 2 
0 0.0869608 2 
0 0.0869611 2 
0 0.0870198 2 
0 0.0870227 2 
0 0.0870987 2 
0 0.0871209 2 
0 0.087122 2 
0 0.0871593 2 
0 0.087197 2 
0 0.0872679 2 
0 0.0872786 2 
0 0.0872964 2 
0 0.0873188 2 
0 0.0873342 2 
0 0.0873379 2 
0 0.0873474 2 
0 0.0873913 2 
0 0.0874406 2 
0 0.0874435 2 
0 0.0874853 2 
0 0.0875878 2 
0 0.0876893 2 
0 0.0877302 2 
0 0.0878237 2 
0 0.0878898 2 
0 0.087902 2 
0 0.0879332 2 
0 0.0879434 2 
0 0.0879697 2 
0 0.0880249 2 
0 0.0881069 2 
0 0.0881369 2 
0 0.0881544 2 
0 0.0883105 2 
0 0.088334 2 
0 0.0883387 2 
0 0.0884411 2 
0 0.0885776 2 
0 0.0886147 2 
0 0.0886154 2 
0 0.0886379 2 
0 0.0889064 2 
0 0.0889351 2 
0 0.0889734 2 
0 0.0891646 2 
0 0.0891932 2 
0 0.0892037 2 
0 0.0892569 2 
0 0.089289 2 
0 0.089521 2 
0 0.0895807 2 
0 0.0897116 2 
0 0.0898208 2 
0 0.0902874 2 
0 0.0903089 2 
0 0.0903288 2 
0 0.0928625 2 
0 inf 2 
0 0.0328694 3 
0 0.0345188 3 
0 0.0352986 3 
0 0.0353643 3 
0 0.0363328 3 
0 0.0364143 3 
0 0.0364415 3 
0 0.0367967 3 
0 0.0368054 3 
0 0.0368754 3 
0 0.0372009 3 
0 0.0372167 3 
0 0.0372626 3 
0 0.0372715 3 
0 0.0374562 3 
0 0.0374819 3 
0 0.0375778 3 
0 0.0376413 3 
0 0.0377154 3 
0 0.0377229 3 
0 0.037761 3 
0 0.0379048 3 
0 0.0380115 3 
0 0.0380779 3 
0 0.0380956 3 
0 0.0381989 3 
0 0.0382418 3 
0 0.0383247 3 
0 0.0383671 3 
0 0.0384672 3 
0 0.0385017 3 
0 0.03852 3 
0 0.0385916 3 
0 0.0386022 3 
0 0.0386161 3 
0 0.0386255 3 
0 0.0386759 3 
0 0.0387131 3 
0 0.0387574 3 
0 0.0387961 3 
0 0.0388154 3 
0 0.0388576 3 
0 0.0388591 3 
0 0.0388663 3 
0 0.0388976 3 
0 0.0389163 3 
0 0.038922 3 
0 0.0389242 3 
0 0.0389343 3 
0 0.0389495 3 
0 0.0389819 3 
0 0.0390187 3 
0 0.0390547 3 
0 0.0390657 3 
0 0.0390756 3 
0 0.0390978 3 
0 0.0391127 3 
0 0.0391293 3 
0 0.0391431 3 
0 0.0391684 3 
0 0.0391845 3 
0 0.0392094 3 
0 0.0392793 3 
0 0.0393107 3 
0 0.039357 3 
0 0.0394018 3 
0 0.0394175 3 
0 0.0394502 3 
0 0.0394531 3 
0 0.0395318 3 
0 0.0395492 3 
0 0.0395577 3 
0 0.039575 3 
0 0.0396305 3 
0 0.0396425 3 
0 0.0397067 3 
0 0.0397141 3 
0 0.0397289 3 
0 0.0397303 3 
0 0.0397319 3 
0 0.0397364 3 
0 0.0397414 3 
0 0.0397688 3 
0 0.0398352 3 
0 0.0398539 3 
0 0.0398808 3 
0 0.0398905 3 
0 0.0399298 3 
0 0.0399623 3 
0 0.0399657 3 
0 0.0399868 3 
0 0.0399936 3 
0 0.0400357 3 
0 0.0400457 3 
0 0.0400547 3 
0 0.0401109 3 
0 0.0401855 3 
0 0.040199 3 
0 0.0402143 3 
0 0.0402242 3 
0 0.0403833 3 
0 0.040473 3 
0 0.0406065 3 
0 0.0406193 3 
0 0.0407412 3 
0 0.0407767 3 
0 0.0408697 3 
0 0.0408999 3 
0 0.0410111 3 
0 0.0410334 3 
0 0.0412694 3 
0 0.0412768 3 
0 0.0412852 3 
0 0.0413179 3 
0 0.0413409 3 
0 0.0414895 3 
0 0.0415216 3 
0 0.04154 3 
0 0.0417463 3 
0 0.0417973 3 
0 0.0418124 3 
0 0.0418128 3 
0 0.0418348 3 
0 0.0419055 3 
0 0.0422054 3 
0 0.0424085 3 
0 0.0441162 3 
0 inf 3 
0 0.0152966 4 
0 0.0154073 4 
0 0.0159612 4 
0 0.0160086 4 
0 0.0166771 4 
0 0.0166858 4 
0 0.0168466 4 
0 0.0169055 4 
0 0.016966 4 
0 0.0169959 4 
0 0.0171285 4 
0 0.0171769 4 
0 0.017211 4 
0 0.017285 4 
0 0.0175526 4 
0 0.017571 4 
0 0.0175898 4 
0 0.017619 4 
0 0.0176492 4 
0 0.0176957 4 
0 0.0177215 4 
0 0.0177525 4 
0 0.0177577 4 
0 0.0178035 4 
0 0.0178086 4 
0 0.0178404 4 
0 0.0178658 4 
0 0.01787 4 
0 0.0178874 4 
0 0.0178901 4 
0 0.0178966 4 
0 0.0179148 4 
0 0.0179235 4 
0 0.0179373 4 
0 0.0179608 4 
0 0.0180108 4 
0 0.0180684 4 
0 0.0181471 4 
0 0.0181505 4 
0 0.0181587 4 
0 0.0181801 4 
0 0.0182063 4 
0 0.0182551 4 
0 0.0182932 4 
0 0.0183118 4 
0 0.01832 4 
0 0.0183324 4 
0 0.0183685 4 
0 0.0183695 4 
0 0.0183825 4 
0 0.0183956 4 
0 0.0184171 4 
0 0.0184441 4 
0 0.0184485 4 
0 0.018478 4 
0 0.0184813 4 
0 0.0184897 4 
0 0.0185116 4 
0 0.0185184 4 
0 0.0185413 4 
0 0.0185677 4 
0 0.0185846 4 
0 0.0185887 4 
0 0.0186061 4 
0 0.0186163 4 
0 0.0186574 4 
0 0.0186643 4 
0 0.0186702 4 
0 0.0186804 4 
0 0.0186899 4 
0 0.0187173 4 
0 0.0187482 4 
0 0.0187571 4 
0 0.0187639 4 
0 0.0188204 4 
0 0.0188259 4 
0 0.0188363 4 
0 0.0188394 4 
0 0.0188491 4 
0 0.0188574 4 
0 0.0188764 4 
0 0.0188792 4 
0 0.018883 4 
0 0.018891 4 
0 0.0189027 4 
0 0.0189183 4 
0 0.0189838 4 
0 0.019005 4 
0 0.019005 4 
0 0.0190131 4 
0 0.0190416 4 
0 0.0190455 4 
0 0.0190464 4 
0 0.0190583 4 
0 0.0190622 4 
0 0.0191097 4 
0 0.0191354 4 
0 0.019207 4 
0 0.0192432 4 
0 0.0192779 4 
0 0.0193155 4 
0 0.0193429 4 
0 0.0193592 4 
0 0.0194445 4 
0 0.01956 4 
0 0.0195808 4 
0 0.0197295 4 
0 0.0197787 4 
0 0.0197871 4 
0 0.0198512 4 
0 0.0199281 4 
0 0.020018 4 
0 0.0200711 4 
0 0.0200727 4 
0 0.0200951 4 
0 0.0201672 4 
0 0.0202516 4 
0 0.0202821 4 
0 0.0203251 4 
0 0.0204015 4 
0 0.0204259 4 
0 0.0204285 4 
0 0.0204993 4 
0 0.0205151 4 
0 0.020528 4 
0 0.0206944 4 
0 0.0216602 4 
0 inf 4 
0 0.00711583 5 
0 0.00745999 5 
0 0.00748848 5 
0 0.00749829 5 
0 0.00790317 5 
0 0.00794272 5 
0 0.0079725 5 
0 0.00804704 5 
0 0.00810495 5 
0 0.00813797 5 
0 0.00813854 5 
0 0.00822811 5 
0 0.00823332 5 
0 0.00823608 5 
0 0.00827175 5 
0 0.00834753 5 
0 0.00844092 5 
0 0.00847934 5 
0 0.00850111 5 
0 0.00852181 5 
0 0.00852493 5 
0 0.00853222 5 
0 0.00854026 5 
0 0.00854845 5 
0 0.0085566 5 
0 0.0085745 5 
0 0.00858012 5 
0 0.00859841 5 
0 0.00860406 5 
0 0.00862909 5 
0 0.00863472 5 
0 0.00864977 5 
0 0.00866706 5 
0 0.00871488 5 
0 0.00874538 5 
0 0.0087663 5 
0 0.0087727 5 
0 0.00877468 5 
0 0.00881183 5 
0 0.00881354 5 
0 0.00882629 5 
0 0.00884477 5 
0 0.00885622 5 
0 0.00886425 5 
0 0.00886756 5 
0 0.00887048 5 
0 0.00888197 5 
0 0.00888631 5 
0 0.00888642 5 
0 0.00891253 5 
0 0.00893751 5 
0 0.0089427 5 
0 0.00894476 5 
0 0.00895045 5 
0 0.00898387 5 
0 0.00898964 5 
0 0.00900586 5 
0 0.00900854 5 
0 0.00901165 5 
0 0.0090284 5 
0 0.00903472 5 
0 0.0090348 5 
0 0.00903688 5 
0 0.00907983 5 
0 0.00908662 5 
0 0.0090907 5 
0 0.00910616 5 
0 0.00910888 5 
0 0.00911861 5 
0 0.00912271 5 
0 0.00912467 5 
0 0.00913078 5 
0 0.0091338 5 
0 0.00913763 5 
0 0.00914034 5 
0 0.00914699 5 
0 0.00915283 5 
0 0.00916028 5 
0 0.00916052 5 
0 0.00917069 5 
0 0.00919405 5 
0 0.00919433 5 
0 0.00919579 5 
0 0.00923504 5 
0 0.00930502 5 
0 0.00933015 5 
0 0.00933818 5 
0 0.00934329 5 
0 0.00934614 5 
0 0.00935422 5 
0 0.00935623 5 
0 0.00936016 5 
0 0.00936579 5 
0 0.0093857 5 
0 0.00939034 5 
0 0.00941568 5 
0 0.00941588 5 
0 0.00942783 5 
0 0.0094489 5 
0 0.00948316 5 
0 0.00948553 5 
0 0.0094861 5 
0 0.00949775 5 
0 0.00958921 5 
0 0.00971569 5 
0 0.00973085 5 
0 0.00973293 5 
0 0.00981607 5 
0 0.00987124 5 
0 0.00989545 5 
0 0.0099055 5 
0 0.00993555 5 
0 0.00999299 5 
0 0.00999922 5 
0 0.0100756 5 
0 0.0101334 5 
0 0.0101469 5 
0 0.010177 5 
0 0.0102041 5 
0 0.010219 5 
0 0.010258 5 
0 0.0102758 5 
0 0.0103013 5 
0 0.0103369 5 
0 0.0103498 5 
0 0.0104079 5 
0 0.010887 5 
0 inf 5 
0 0.00338254 6 
0 0.00357974 6 
0 0.00361424 6 
0 0.00380609 6 
0 0.00384224 6 
0 0.00388229 6 
0 0.00390721 6 
0 0.0039471 6 
0 0.00395019 6 
0 0.00396653 6 
0 0.00397279 6 
0 0.00397301 6 
0 0.00397772 6 
0 0.00403904 6 
0 0.00408006 6 
0 0.0041071 6 
0 0.00412727 6 
0 0.00414405 6 
0 0.00414572 6 
0 0.00415689 6 
0 0.00416721 6 
0 0.0041736 6 
0 0.00418851 6 
0 0.00421357 6 
0 0.0042136 6 
0 0.00423802 6 
0 0.00424466 6 
0 0.00424644 6 
0 0.00426186 6 
0 0.00426249 6 
0 0.00426398 6 
0 0.00426944 6 
0 0.00427211 6 
0 0.00427644 6 
0 0.00429869 6 
0 0.00430237 6 
0 0.00430451 6 
0 0.004347 6 
0 0.00437253 6 
0 0.00438579 6 
0 0.00439523 6 
0 0.00439904 6 
0 0.00439998 6 
0 0.00440042 6 
0 0.00441936 6 
0 0.00442762 6 
0 0.00442922 6 
0 0.00442974 6 
0 0.00443378 6 
0 0.00444093 6 
0 0.00444147 6 
0 0.00444686 6 
0 0.00444969 6 
0 0.00445427 6 
0 0.00445659 6 
0 0.00446062 6 
0 0.00446377 6 
0 0.00447946 6 
0 0.00448255 6 
0 0.0044826 6 
0 0.00448327 6 
0 0.0044869 6 
0 0.00449074 6 
0 0.00450101 6 
0 0.00450503 6 
0 0.00451013 6 
0 0.00451431 6 
0 0.00451497 6 
0 0.00452799 6 
0 0.00453453 6 
0 0.00453496 6 
0 0.00453499 6 
0 0.00453624 6 
0 0.00453805 6 
0 0.00454005 6 
0 0.00454912 6 
0 0.00455331 6 
0 0.00456514 6 
0 0.00458531 6 
0 0.00459245 6 
0 0.00459524 6 
0 0.00461171 6 
0 0.00462304 6 
0 0.00463029 6 
0 0.00464812 6 
0 0.00465553 6 
0 0.00465588 6 
0 0.00466958 6 
0 0.00467685 6 
0 0.00468209 6 
0 0.00468497 6 
0 0.00468585 6 
0 0.00469167 6 
0 0.00470004 6 
0 0.00470469 6 
0 0.00470737 6 
0 0.00470818 6 
0 0.00472015 6 
0 0.00473529 6 
0 0.00473735 6 
0 0.00474871 6 
0 0.00475352 6 
0 0.00479279 6 
0 0.00487696 6 
0 0.0048962 6 
0 0.00491842 6 
0 0.00495281 6 
0 0.00497144 6 
0 0.00497658 6 
0 0.00498678 6 
0 0.00501886 6 
0 0.00503885 6 
0 0.00505219 6 
0 0.00512588 6 
0 0.00515816 6 
0 0.00517107 6 
0 0.0051758 6 
0 0.00521068 6 
0 0.00521176 6 
0 0.00524685 6 
0 0.00525594 6 
0 0.00526768 6 
0 0.00529805 6 
0 0.00531227 6 
0 0.0053357 6 
0 0.00539248 6 
0 0.00551717 6 
0 inf 6 
0 0.00164744 7 
0 0.001754 7 
0 0.00178445 7 
0 0.00190781 7 
0 0.00193854 7 
0 0.00194217 7 
0 0.00194543 7 
0 0.00197506 7 
0 0.00198026 7 
0 0.00198453 7 
0 0.00198556 7 
0 0.00198803 7 
0 0.00199182 7 
0 0.00201128 7 
0 0.00201906 7 
0 0.00202379 7 
0 0.00203637 7 
0 0.00205289 7 
0 0.00207339 7 
0 0.00207806 7 
0 0.00209929 7 
0 0.00210302 7 
0 0.00211009 7 
0 0.00211358 7 
0 0.00211447 7 
0 0.00211584 7 
0 0.00211808 7 
0 0.00211856 7 
0 0.00211991 7 
0 0.002121 7 
0 0.00212126 7 
0 0.00214297 7 
0 0.00215839 7 
0 0.00216493 7 
0 0.00216753 7 
0 0.00216844 7 
0 0.00219593 7 
0 0.00220039 7 
0 0.00220873 7 
0 0.00221163 7 
0 0.00221589 7 
0 0.00222042 7 
0 0.00222588 7 
0 0.00222683 7 
0 0.00223049 7 
0 0.00223126 7 
0 0.00223369 7 
0 0.00223404 7 
0 0.00223577 7 
0 0.00223623 7 
0 0.00223763 7 
0 0.00224142 7 
0 0.0022421 7 
0 0.00224754 7 
0 0.002249 7 
0 0.00224912 7 
0 0.00224925 7 
0 0.00225456 7 
0 0.00225703 7 
0 0.00225712 7 
0 0.00226034 7 
0 0.00226131 7 
0 0.00226581 7 
0 0.00226727 7 
0 0.00227601 7 
0 0.00227763 7 
0 0.00228476 7 
0 0.00228514 7 
0 0.00229295 7 
0 0.00229325 7 
0 0.00229493 7 
0 0.0022957 7 
0 0.00229695 7 
0 0.0023016 7 
0 0.0023177 7 
0 0.00231789 7 
0 0.00232107 7 
0 0.00232345 7 
0 0.00232943 7 
0 0.00232959 7 
0 0.0023315 7 
0 0.00233559 7 
0 0.00233923 7 
0 0.0023426 7 
0 0.00234416 7 
0 0.00235672 7 
0 0.00235813 7 
0 0.00236031 7 
0 0.00236349 7 
0 0.00236866 7 
0 0.00238009 7 
0 0.00238391 7 
0 0.00238899 7 
0 0.00238912 7 
0 0.00239192 7 
0 0.00239344 7 
0 0.00240563 7 
0 0.00241348 7 
0 0.00241659 7 
0 0.0024218 7 
0 0.0024237 7 
0 0.00242974 7 
0 0.00248243 7 
0 0.00248678 7 
0 0.00250262 7 
0 0.00251566 7 
0 0.00253631 7 
0 0.0025523 7 
0 0.00255248 7 
0 0.0025584 7 
0 0.00258827 7 
0 0.00259412 7 
0 0.00259802 7 
0 0.0026228 7 
0 0.00266956 7 
0 0.00267365 7 
0 0.00268646 7 
0 0.0026954 7 
0 0.00270344 7 
0 0.00273371 7 
0 0.00274734 7 
0 0.00275783 7 
0 0.00277164 7 
0 0.00277198 7 
0 0.00279433 7 
0 0.00280991 7 
0 0.00281105 7 
0 inf 7 
0 0.000818904 8 
0 0.000873772 8 
0 0.000898838 8 
0 0.00096433 8 
0 0.000965331 8 
0 0.00097454 8 
0 0.000989373 8 
0 0.00100845 8 
0 0.00100904 8 
0 0.00101014 8 
0 0.00101077 8 
0 0.00101132 8 
0 0.00101754 8 
0 0.00102009 8 
0 0.0010206 8 
0 0.00102383 8 
0 0.00103336 8 
0 0.00104668 8 
0 0.0010516 8 
0 0.00105206 8 
0 0.00105946 8 
0 0.00106295 8 
0 0.00106667 8 
0 0.0010671 8 
0 0.00107149 8 
0 0.00107221 8 
0 0.00107297 8 
0 0.00107706 8 
0 0.00107932 8 
0 0.00108031 8 
0 0.00109611 8 
0 0.00110332 8 
0 0.00110615 8 
0 0.0011112 8 
0 0.0011156 8 
0 0.00111766 8 
0 0.00111788 8 
0 0.00112247 8 
0 0.00112567 8 
0 0.00112746 8 
0 0.00112993 8 
0 0.00113147 8 
0 0.00113212 8 
0 0.00113289 8 
0 0.00113304 8 
0 0.00113323 8 
0 0.00113826 8 
0 0.00113955 8 
0 0.00113991 8 
0 0.00113997 8 
0 0.00114045 8 
0 0.00114477 8 
0 0.00114593 8 
0 0.00114746 8 
0 0.00114922 8 
0 0.00115006 8 
0 0.00115034 8 
0 0.00115188 8 
0 0.00115483 8 
0 0.00115586 8 
0 0.001157 8 
0 0.00115719 8 
0 0.00115736 8 
0 0.00115779 8 
0 0.00116483 8 
0 0.00116522 8 
0 0.00116941 8 
0 0.00117021 8 
0 0.00117097 8 
0 0.00117186 8 
0 0.00117393 8 
0 0.00117412 8 
0 0.00117428 8 
0 0.00117507 8 
0 0.00117873 8 
0 0.00118447 8 
0 0.00118511 8 
0 0.00118526 8 
0 0.0011866 8 
0 0.00118913 8 
0 0.00119147 8 
0 0.00119445 8 
0 0.00120191 8 
0 0.0012047 8 
0 0.00120546 8 
0 0.00120762 8 
0 0.00121045 8 
0 0.00121158 8 
0 0.00121826 8 
0 0.0012212 8 
0 0.0012303 8 
0 0.00123228 8 
0 0.00123377 8 
0 0.00123429 8 
0 0.00124568 8 
0 0.00124784 8 
0 0.00125027 8 
0 0.00125047 8 
0 0.00125111 8 
0 0.00125385 8 
0 0.00125598 8 
0 0.00126181 8 
0 0.00126839 8 
0 0.00128123 8 
0 0.00129011 8 
0 0.00129486 8 
0 0.00132833 8 
0 0.00132942 8 
0 0.00134272 8 
0 0.00134861 8 
0 0.00135257 8 
0 0.0013535 8 
0 0.00135511 8 
0 0.00135692 8 
0 0.00138111 8 
0 0.00140032 8 
0 0.00140437 8 
0 0.00140986 8 
0 0.00142981 8 
0 0.00143327 8 
0 0.00143557 8 
0 0.00144381 8 
0 0.00145237 8 
0 0.00145383 8 
0 0.00146345 8 
0 0.00146748 8 
0 0.00148141 8 
0 inf 8 
0 0.000414085 9 
0 0.000441088 9 
0 0.000460311 9 
0 0.000485012 9 
0 0.000494928 9 
0 0.000497493 9 
0 0.000505089 9 
0 0.000511335 9 
0 0.000513074 9 
0 0.00051447 9 
0 0.000523105 9 
0 0.000523438 9 
0 0.000524988 9 
0 0.000527532 9 
0 0.000527991 9 
0 0.000533154 9 
0 0.000533279 9 
0 0.000534462 9 
0 0.000536684 9 
0 0.000539177 9 
0 0.000539866 9 
0 0.000545239 9 
0 0.000546317 9 
0 0.000547997 9 
0 0.000550179 9 
0 0.00055131 9 
0 0.000555251 9 
0 0.00055548 9 
0 0.000555706 9 
0 0.000560307 9 
0 0.000567831 9 
0 0.000571525 9 
0 0.000572435 9 
0 0.000572712 9 
0 0.000573164 9 
0 0.000573697 9 
0 0.000577361 9 
0 0.00057848 9 
0 0.000578613 9 
0 0.000579654 9 
0 0.000580913 9 
0 0.000581242 9 
0 0.000581901 9 
0 0.000581924 9 
0 0.000582099 9 
0 0.000582854 9 
0 0.000584486 9 
0 0.000584605 9 
0 0.000584684 9 
0 0.000585081 9 
0 0.000586034 9 
0 0.000589459 9 
0 0.000589494 9 
0 0.000590721 9 
0 0.000593136 9 
0 0.000593282 9 
0 0.000594651 9 
0 0.000595194 9 
0 0.000595819 9 
0 0.000595957 9 
0 0.00059688 9 
0 0.000597217 9 
0 0.000597609 9 
0 0.000600017 9 
0 0.000600761 9 
0 0.000603152 9 
0 0.000604298 9 
0 0.000604744 9 
0 0.000604944 9 
0 0.000605797 9 
0 0.000605839 9 
0 0.000610492 9 
0 0.000610915 9 
0 0.000611527 9 
0 0.000612124 9 
0 0.000614102 9 
0 0.000615126 9 
0 0.000616026 9 
0 0.00061651 9 
0 0.000618358 9 
0 0.000618419 9 
0 0.000618777 9 
0 0.00061968 9 
0 0.000621464 9 
0 0.000627362 9 
0 0.000627679 9 
0 0.000629997 9 
0 0.000630512 9 
0 0.000632635 9 
0 0.000634086 9 
0 0.000636477 9 
0 0.000638823 9 
0 0.000643315 9 
0 0.000644508 9 
0 0.000648757 9 
0 0.000648841 9 
0 0.000650827 9 
0 0.000652527 9 
0 0.00065412 9 
0 0.000655487 9 
0 0.000659244 9 
0 0.000664211 9 
0 0.000664532 9 
0 0.000666673 9 
0 0.000672644 9 
0 0.000679914 9 
0 0.000682326 9 
0 0.000698418 9 
0 0.000705531 9 
0 0.000708287 9 
0 0.000714203 9 
0 0.000715946 9 
0 0.000720542 9 
0 0.000725719 9 
0 0.00072622 9 
0 0.000732249 9 
0 0.000734857 9 
0 0.000738673 9 
0 0.000743972 9 
0 0.000754233 9 
0 0.000756045 9 
0 0.000757037 9 
0 0.000757131 9 
0 0.000758931 9 
0 0.000779689 9 
0 0.000789286 9 
0 0.000793051 9 
0 inf 9 
