0 0.503881 0 
0 0.504366 0 
0 0.504677 0 
0 0.504777 0 
0 0.504926 0 
0 0.505165 0 
0 0.505288 0 
0 0.505359 0 
0 0.505483 0 
0 0.505675 0 
0 0.505782 0 
0 0.505799 0 
0 0.505938 0 
0 0.506038 0 
0 0.506346 0 
0 0.506379 0 
0 0.506441 0 
0 0.506582 0 
0 0.506671 0 
0 0.506715 0 
0 0.50681 0 
0 0.506933 0 
0 0.506953 0 
0 0.506973 0 
0 0.507199 0 
0 0.507342 0 
0 0.507458 0 
0 0.507462 0 
0 0.507521 0 
0 0.507546 0 
0 0.507661 0 
0 0.507666 0 
0 0.507678 0 
0 0.507757 0 
0 0.50789 0 
0 0.507891 0 
0 0.507971 0 
0 0.508093 0 
0 0.508131 0 
0 0.508216 0 
0 0.50823 0 
0 0.508234 0 
0 0.508297 0 
0 0.508317 0 
0 0.50834 0 
0 0.508446 0 
0 0.508572 0 
0 0.508778 0 
0 0.508944 0 
0 0.508982 0 
0 0.509056 0 
0 0.509074 0 
0 0.509092 0 
0 0.509196 0 
0 0.509282 0 
0 0.509301 0 
0 0.509362 0 
0 0.509565 0 
0 0.509579 0 
0 0.509633 0 
0 0.509653 0 
0 0.509656 0 
0 0.509719 0 
0 0.509755 0 
0 0.509841 0 
0 0.509906 0 
0 0.509919 0 
0 0.509957 0 
0 0.509978 0 
0 0.510003 0 
0 0.510008 0 
0 0.510056 0 
0 0.510069 0 
0 0.510125 0 
0 0.510136 0 
0 0.510173 0 
0 0.510229 0 
0 0.510234 0 
0 0.510314 0 
0 0.510329 0 
0 0.510375 0 
0 0.510421 0 
0 0.510477 0 
0 0.510508 0 
0 0.510517 0 
0 0.51066 0 
0 0.510662 0 
0 0.510721 0 
0 0.510763 0 
0 0.510777 0 
0 0.510801 0 
0 0.510807 0 
0 0.51084 0 
0 0.510868 0 
0 0.510881 0 
0 0.510901 0 
0 0.510929 0 
0 0.51098 0 
0 0.511044 0 
0 0.511057 0 
0 0.511109 0 
0 0.511281 0 
0 0.511324 0 
0 0.511342 0 
0 0.511365 0 
0 0.511398 0 
0 0.511401 0 
0 0.511459 0 
0 0.511597 0 
0 0.511674 0 
0 0.511776 0 
0 0.511829 0 
0 0.511883 0 
0 0.511912 0 
0 0.511953 0 
0 0.51207 0 
0 0.512111 0 
0 0.512354 0 
0 0.512384 0 
0 0.512498 0 
0 0.512611 0 
0 0.512766 0 
0 0.512992 0 
0 0.51329 0 
0 0.513373 0 
0 0.51343 0 
0 0.513665 0 
0 inf 0 
0 0.194346 1 
0 0.194874 1 
0 0.195385 1 
0 0.196051 1 
0 0.196176 1 
0 0.196331 1 
0 0.196844 1 
0 0.196985 1 
0 0.197262 1 
0 0.197357 1 
0 0.197615 1 
0 0.197645 1 
0 0.197746 1 
0 0.197807 1 
0 0.198139 1 
0 0.198191 1 
0 0.198297 1 
0 0.198668 1 
0 0.198701 1 
0 0.198915 1 
0 0.198916 1 
0 0.198944 1 
0 0.199061 1 
0 0.19907 1 
0 0.199208 1 
0 0.199264 1 
0 0.199275 1 
0 0.19943 1 
0 0.199716 1 
0 0.199752 1 
0 0.1998 1 
0 0.199991 1 
0 0.200028 1 
0 0.200281 1 
0 0.200316 1 
0 0.200322 1 
0 0.200353 1 
0 0.200412 1 
0 0.200426 1 
0 0.200428 1 
0 0.20043 1 
0 0.200454 1 
0 0.200497 1 
0 0.200539 1 
0 0.200542 1 
0 0.200546 1 
0 0.200616 1 
0 0.200627 1 
0 0.20065 1 
0 0.200663 1 
0 0.200673 1 
0 0.200816 1 
0 0.200818 1 
0 0.200878 1 
0 0.200905 1 
0 0.200908 1 
0 0.200961 1 
0 0.200999 1 
0 0.201019 1 
0 0.201076 1 
0 0.201151 1 
0 0.201176 1 
0 0.201228 1 
0 0.201241 1 
0 0.201259 1 
0 0.201282 1 
0 0.201282 1 
0 0.201316 1 
0 0.20136 1 
0 0.201501 1 
0 0.201502 1 
0 0.201549 1 
0 0.201556 1 
0 0.201558 1 
0 0.201565 1 
0 0.201653 1 
0 0.201757 1 
0 0.201781 1 
0 0.201819 1 
0 0.201822 1 
0 0.201823 1 
0 0.201861 1 
0 0.201886 1 
0 0.201907 1 
0 0.201914 1 
0 0.201948 1 
0 0.202113 1 
0 0.202142 1 
0 0.202142 1 
0 0.202166 1 
0 0.202175 1 
0 0.202241 1 
0 0.202247 1 
0 0.202251 1 
0 0.202266 1 
0 0.202279 1 
0 0.202287 1 
0 0.202288 1 
0 0.202334 1 
0 0.202359 1 
0 0.202373 1 
0 0.202422 1 
0 0.202485 1 
0 0.202509 1 
0 0.20254 1 
0 0.202544 1 
0 0.202549 1 
0 0.202554 1 
0 0.202567 1 
0 0.202606 1 
0 0.202618 1 
0 0.202713 1 
0 0.202771 1 
0 0.202874 1 
0 0.202942 1 
0 0.202995 1 
0 0.20308 1 
0 0.203117 1 
0 0.20315 1 
0 0.203193 1 
0 0.203323 1 
0 0.203406 1 
0 0.203446 1 
0 0.203538 1 
0 0.204075 1 
0 0.204126 1 
0 0.204476 1 
0 inf 1 
0 0.0802819 2 
0 0.0805709 2 
0 0.0810768 2 
0 0.0811442 2 
0 0.0812337 2 
0 0.0813738 2 
0 0.0816478 2 
0 0.0816708 2 
0 0.0818931 2 
0 0.0819914 2 
0 0.0822168 2 
0 0.0822993 2 
0 0.0824008 2 
0 0.0825223 2 
0 0.0827974 2 
0 0.0828602 2 
0 0.0830069 2 
0 0.083147 2 
0 0.0832508 2 
0 0.0832723 2 
0 0.083313 2 
0 0.0833454 2 
0 0.0834363 2 
0 0.0834938 2 
0 0.0835226 2 
0 0.0836262 2 
0 0.0836923 2 
0 0.0837136 2 
0 0.0837482 2 
0 0.0838289 2 
0 0.083888 2 
0 0.0838928 2 
0 0.0839162 2 
0 0.0839736 2 
0 0.0839962 2 
0 0.0840386 2 
0 0.0840522 2 
0 0.084055 2 
0 0.0840804 2 
0 0.0841256 2 
0 0.084188 2 
0 0.0842293 2 
0 0.0842688 2 
0 0.0842881 2 
0 0.0842953 2 
0 0.084318 2 
0 0.0843292 2 
0 0.0843715 2 
0 0.0843945 2 
0 0.0844923 2 
0 0.0845178 2 
0 0.0845634 2 
0 0.0845731 2 
0 0.0846072 2 
0 0.0846478 2 
0 0.0846942 2 
0 0.0847158 2 
0 0.084745 2 
0 0.0847877 2 
0 0.0848762 2 
0 0.0848851 2 
0 0.0848896 2 
0 0.0849145 2 
0 0.0849194 2 
0 0.0849254 2 
0 0.0849419 2 
0 0.0849673 2 
0 0.0849791 2 
0 0.0849856 2 
0 0.0850115 2 
0 0.0850445 2 
0 0.0850696 2 
0 0.0850944 2 
0 0.0851053 2 
0 0.0851151 2 
0 0.0851619 2 
0 0.0852768 2 
0 0.0853482 2 
0 0.0853695 2 
0 0.0853963 2 
0 0.0855015 2 
0 0.0855139 2 
0 0.0855326 2 
0 0.0855407 2 
0 0.0855678 2 
0 0.0856168 2 
0 0.0856235 2 
0 0.0856652 2 
0 0.0856731 2 
0 0.0857255 2 
0 0.0857339 2 
0 0.0857534 2 
0 0.0857853 2 
0 0.0858246 2 
0 0.0858635 2 
0 0.0859314 2 
0 0.0859699 2 
0 0.0859826 2 
0 0.086021 2 
0 0.0860307 2 
0 0.0860396 2 
0 0.0860619 2 
0 0.0860763 2 
0 0.086099 2 
0 0.086117 2 
0 0.0861895 2 
0 0.0861936 2 
0 0.0862669 2 
0 0.0862791 2 
0 0.086389 2 
0 0.0864136 2 
0 0.0865403 2 
0 0.0865433 2 
0 0.0865885 2 
0 0.0866509 2 
0 0.0867697 2 
0 0.0868122 2 
0 0.0868139 2 
0 0.0869225 2 
0 0.0871179 2 
0 0.0871706 2 
0 0.0873128 2 
0 0.0875111 2 
0 0.0875528 2 
0 0.0876888 2 
0 0.0881629 2 
0 0.0897032 2 
0 inf 2 
0 0.0343424 3 
0 0.0351464 3 
0 0.0354048 3 
0 0.0354086 3 
0 0.0357849 3 
0 0.0358559 3 
0 0.0358645 3 
0 0.035953 3 
0 0.0360307 3 
0 0.0360763 3 
0 0.0361381 3 
0 0.0361984 3 
0 0.0362164 3 
0 0.0363184 3 
0 0.0363559 3 
0 0.0363631 3 
0 0.0364969 3 
0 0.0365458 3 
0 0.0366043 3 
0 0.0366346 3 
0 0.0366418 3 
0 0.0366897 3 
0 0.036722 3 
0 0.0367294 3 
0 0.0367494 3 
0 0.0368125 3 
0 0.0368202 3 
0 0.0368309 3 
0 0.0368646 3 
0 0.0368701 3 
0 0.0369026 3 
0 0.036908 3 
0 0.0369164 3 
0 0.0369263 3 
0 0.0369648 3 
0 0.0369679 3 
0 0.0370405 3 
0 0.0370627 3 
0 0.0371106 3 
0 0.0371163 3 
0 0.0371394 3 
0 0.0371849 3 
0 0.0371966 3 
0 0.0372326 3 
0 0.0372959 3 
0 0.0373011 3 
0 0.0373111 3 
0 0.0373829 3 
0 0.0374231 3 
0 0.0374668 3 
0 0.0375356 3 
0 0.0375427 3 
0 0.037572 3 
0 0.0376177 3 
0 0.0376204 3 
0 0.0376217 3 
0 0.0376755 3 
0 0.0376943 3 
0 0.0376995 3 
0 0.0377006 3 
0 0.0377193 3 
0 0.0377211 3 
0 0.0377838 3 
0 0.0377948 3 
0 0.0378004 3 
0 0.0378637 3 
0 0.0378664 3 
0 0.0378924 3 
0 0.0379009 3 
0 0.0379232 3 
0 0.0379296 3 
0 0.0379577 3 
0 0.0379701 3 
0 0.0380005 3 
0 0.0380328 3 
0 0.038092 3 
0 0.0381382 3 
0 0.0381771 3 
0 0.0381887 3 
0 0.0381896 3 
0 0.0382616 3 
0 0.0382846 3 
0 0.0383086 3 
0 0.0383228 3 
0 0.0383283 3 
0 0.0383918 3 
0 0.038407 3 
0 0.0384312 3 
0 0.0384315 3 
0 0.0384316 3 
0 0.0384855 3 
0 0.0384947 3 
0 0.0385043 3 
0 0.0385204 3 
0 0.0385474 3 
0 0.0385582 3 
0 0.0385589 3 
0 0.0385638 3 
0 0.0386417 3 
0 0.038676 3 
0 0.0386968 3 
0 0.0387015 3 
0 0.0387018 3 
0 0.0387714 3 
0 0.0388231 3 
0 0.0388312 3 
0 0.0388523 3 
0 0.0388832 3 
0 0.0390016 3 
0 0.0390139 3 
0 0.0391057 3 
0 0.0391842 3 
0 0.0392619 3 
0 0.0392917 3 
0 0.0393058 3 
0 0.0393065 3 
0 0.0393115 3 
0 0.0393146 3 
0 0.0394013 3 
0 0.0394175 3 
0 0.0395433 3 
0 0.0395651 3 
0 0.0398876 3 
0 0.0400801 3 
0 0.0401112 3 
0 0.0405189 3 
0 0.0421205 3 
0 inf 3 
0 0.015305 4 
0 0.0158913 4 
0 0.0159312 4 
0 0.0162196 4 
0 0.0162501 4 
0 0.0163523 4 
0 0.0163908 4 
0 0.0164101 4 
0 0.0164639 4 
0 0.0165053 4 
0 0.0165471 4 
0 0.0165658 4 
0 0.0165937 4 
0 0.0166386 4 
0 0.0166425 4 
0 0.0166459 4 
0 0.0166896 4 
0 0.0167014 4 
0 0.0167016 4 
0 0.0167285 4 
0 0.0167795 4 
0 0.0167863 4 
0 0.0167976 4 
0 0.0168491 4 
0 0.0168728 4 
0 0.0169001 4 
0 0.0169082 4 
0 0.016912 4 
0 0.0169229 4 
0 0.016931 4 
0 0.0169347 4 
0 0.0169372 4 
0 0.0169471 4 
0 0.0169562 4 
0 0.0169613 4 
0 0.0169689 4 
0 0.0169949 4 
0 0.0169995 4 
0 0.017001 4 
0 0.0170168 4 
0 0.0170474 4 
0 0.0170562 4 
0 0.0170652 4 
0 0.0171231 4 
0 0.0171303 4 
0 0.0171525 4 
0 0.0172163 4 
0 0.0172227 4 
0 0.01724 4 
0 0.0172475 4 
0 0.0172843 4 
0 0.0173018 4 
0 0.0173075 4 
0 0.0173352 4 
0 0.017409 4 
0 0.0174169 4 
0 0.0174174 4 
0 0.0174204 4 
0 0.0174267 4 
0 0.0174314 4 
0 0.0174354 4 
0 0.0174427 4 
0 0.0174439 4 
0 0.0174482 4 
0 0.017462 4 
0 0.0174972 4 
0 0.017511 4 
0 0.0175141 4 
0 0.0175925 4 
0 0.017595 4 
0 0.0176184 4 
0 0.0176483 4 
0 0.0176705 4 
0 0.0176745 4 
0 0.0176888 4 
0 0.0177584 4 
0 0.0177626 4 
0 0.0177867 4 
0 0.0177923 4 
0 0.0178153 4 
0 0.0178295 4 
0 0.0178365 4 
0 0.0178535 4 
0 0.0178542 4 
0 0.0178625 4 
0 0.0178719 4 
0 0.0178753 4 
0 0.0178813 4 
0 0.0178895 4 
0 0.0178942 4 
0 0.0180042 4 
0 0.0180101 4 
0 0.018012 4 
0 0.0180369 4 
0 0.0180492 4 
0 0.0180542 4 
0 0.0180586 4 
0 0.0181129 4 
0 0.018139 4 
0 0.0181597 4 
0 0.0181704 4 
0 0.018174 4 
0 0.0181841 4 
0 0.0182485 4 
0 0.0182847 4 
0 0.0182948 4 
0 0.0182975 4 
0 0.0183052 4 
0 0.0183542 4 
0 0.0183745 4 
0 0.0184378 4 
0 0.0184393 4 
0 0.0184585 4 
0 0.0184855 4 
0 0.0185261 4 
0 0.0185424 4 
0 0.0185639 4 
0 0.0185757 4 
0 0.018701 4 
0 0.0187164 4 
0 0.018722 4 
0 0.0187527 4 
0 0.0189561 4 
0 0.0189727 4 
0 0.0190731 4 
0 0.0195307 4 
0 0.0205575 4 
0 inf 4 
0 0.00706209 5 
0 0.00737843 5 
0 0.00743901 5 
0 0.00750295 5 
0 0.00756863 5 
0 0.00763908 5 
0 0.00769154 5 
0 0.00770176 5 
0 0.00770893 5 
0 0.00771608 5 
0 0.00775733 5 
0 0.00777054 5 
0 0.00777135 5 
0 0.00777189 5 
0 0.00779239 5 
0 0.00783523 5 
0 0.00784236 5 
0 0.00789932 5 
0 0.0079024 5 
0 0.00792559 5 
0 0.00794493 5 
0 0.00795364 5 
0 0.00795861 5 
0 0.00796273 5 
0 0.00796312 5 
0 0.00797792 5 
0 0.00799017 5 
0 0.0079903 5 
0 0.00800247 5 
0 0.00801081 5 
0 0.00801636 5 
0 0.00802279 5 
0 0.00802548 5 
0 0.00802766 5 
0 0.00804633 5 
0 0.00805819 5 
0 0.00806942 5 
0 0.00808469 5 
0 0.00809155 5 
0 0.00809792 5 
0 0.00810539 5 
0 0.00812933 5 
0 0.0081481 5 
0 0.00814892 5 
0 0.00815873 5 
0 0.00817096 5 
0 0.00817263 5 
0 0.0082073 5 
0 0.00821844 5 
0 0.0082189 5 
0 0.00821978 5 
0 0.00822139 5 
0 0.00823559 5 
0 0.0082425 5 
0 0.00825946 5 
0 0.00826486 5 
0 0.00826793 5 
0 0.00827376 5 
0 0.00830152 5 
0 0.00831009 5 
0 0.00831402 5 
0 0.00832263 5 
0 0.00832498 5 
0 0.00832548 5 
0 0.0083316 5 
0 0.0083434 5 
0 0.0083641 5 
0 0.00836485 5 
0 0.00836509 5 
0 0.0083702 5 
0 0.00838238 5 
0 0.00838588 5 
0 0.00841666 5 
0 0.00844997 5 
0 0.00846025 5 
0 0.00848969 5 
0 0.00849664 5 
0 0.00850589 5 
0 0.00851889 5 
0 0.00852164 5 
0 0.00855711 5 
0 0.00855736 5 
0 0.00855979 5 
0 0.00856733 5 
0 0.00858864 5 
0 0.00859338 5 
0 0.00859733 5 
0 0.00860455 5 
0 0.00861903 5 
0 0.00862013 5 
0 0.00862353 5 
0 0.00864886 5 
0 0.00865492 5 
0 0.00867902 5 
0 0.00868716 5 
0 0.00870796 5 
0 0.00874784 5 
0 0.00874879 5 
0 0.00875062 5 
0 0.00875309 5 
0 0.00876109 5 
0 0.00876417 5 
0 0.00877517 5 
0 0.0087946 5 
0 0.00880172 5 
0 0.00881558 5 
0 0.00883418 5 
0 0.00884189 5 
0 0.00889997 5 
0 0.00891064 5 
0 0.00893418 5 
0 0.00893497 5 
0 0.00895829 5 
0 0.00896399 5 
0 0.00898405 5 
0 0.00899114 5 
0 0.00901814 5 
0 0.00904335 5 
0 0.00912607 5 
0 0.00915654 5 
0 0.00917049 5 
0 0.00921467 5 
0 0.00921929 5 
0 0.00932593 5 
0 0.00936963 5 
0 0.00954522 5 
0 0.0103058 5 
0 inf 5 
0 0.00335705 6 
0 0.00349714 6 
0 0.00356096 6 
0 0.00358053 6 
0 0.00359392 6 
0 0.0036306 6 
0 0.0036427 6 
0 0.00367757 6 
0 0.00367757 6 
0 0.00368242 6 
0 0.0036922 6 
0 0.00370689 6 
0 0.00370831 6 
0 0.00372109 6 
0 0.00375438 6 
0 0.00375448 6 
0 0.00377877 6 
0 0.00380677 6 
0 0.00380861 6 
0 0.0038159 6 
0 0.00381998 6 
0 0.00383659 6 
0 0.00385297 6 
0 0.00385406 6 
0 0.00387026 6 
0 0.00387345 6 
0 0.00388131 6 
0 0.00388156 6 
0 0.00388438 6 
0 0.00389072 6 
0 0.00389354 6 
0 0.00390502 6 
0 0.00390741 6 
0 0.00390814 6 
0 0.00391137 6 
0 0.00391547 6 
0 0.00392039 6 
0 0.00392059 6 
0 0.00393698 6 
0 0.00394383 6 
0 0.00394754 6 
0 0.00395198 6 
0 0.00395583 6 
0 0.00396138 6 
0 0.00396627 6 
0 0.00398367 6 
0 0.00398986 6 
0 0.00399063 6 
0 0.00399518 6 
0 0.00399903 6 
0 0.00399966 6 
0 0.00400451 6 
0 0.00400897 6 
0 0.00401248 6 
0 0.00401325 6 
0 0.00402043 6 
0 0.00402116 6 
0 0.0040237 6 
0 0.00403211 6 
0 0.00405483 6 
0 0.0040552 6 
0 0.00405724 6 
0 0.00405852 6 
0 0.00406496 6 
0 0.00407764 6 
0 0.00408339 6 
0 0.00408821 6 
0 0.0040935 6 
0 0.00410564 6 
0 0.00411284 6 
0 0.00411648 6 
0 0.0041171 6 
0 0.00411747 6 
0 0.00412276 6 
0 0.00412715 6 
0 0.00414655 6 
0 0.00414735 6 
0 0.00414736 6 
0 0.00415049 6 
0 0.00417055 6 
0 0.00417291 6 
0 0.00417759 6 
0 0.00418198 6 
0 0.00418889 6 
0 0.00419734 6 
0 0.00419997 6 
0 0.00420123 6 
0 0.00421924 6 
0 0.00422076 6 
0 0.00422337 6 
0 0.00424599 6 
0 0.00424939 6 
0 0.00426055 6 
0 0.00427028 6 
0 0.00428249 6 
0 0.00428368 6 
0 0.00430608 6 
0 0.00430899 6 
0 0.00430933 6 
0 0.00430994 6 
0 0.00431395 6 
0 0.00431484 6 
0 0.00434238 6 
0 0.00434761 6 
0 0.00434894 6 
0 0.00435101 6 
0 0.00435286 6 
0 0.00437137 6 
0 0.0043824 6 
0 0.00438367 6 
0 0.00438881 6 
0 0.0043939 6 
0 0.00442035 6 
0 0.00445382 6 
0 0.00446014 6 
0 0.00449245 6 
0 0.00449563 6 
0 0.00450928 6 
0 0.00451048 6 
0 0.00456085 6 
0 0.00459823 6 
0 0.00461868 6 
0 0.00461988 6 
0 0.00466296 6 
0 0.00472836 6 
0 0.00475197 6 
0 0.00521283 6 
0 inf 6 
0 0.0016372 7 
0 0.00168921 7 
0 0.00172764 7 
0 0.00173791 7 
0 0.0017463 7 
0 0.00175549 7 
0 0.00176227 7 
0 0.00177011 7 
0 0.00177451 7 
0 0.00179564 7 
0 0.00179961 7 
0 0.00180031 7 
0 0.00180425 7 
0 0.00181071 7 
0 0.00182883 7 
0 0.00184333 7 
0 0.0018462 7 
0 0.00184824 7 
0 0.00185779 7 
0 0.00187029 7 
0 0.00187248 7 
0 0.00187494 7 
0 0.00188098 7 
0 0.0018911 7 
0 0.00189816 7 
0 0.00190664 7 
0 0.00191114 7 
0 0.00191578 7 
0 0.00192335 7 
0 0.00192379 7 
0 0.00192607 7 
0 0.00193132 7 
0 0.00193467 7 
0 0.00193657 7 
0 0.00194403 7 
0 0.00194714 7 
0 0.00194919 7 
0 0.00195074 7 
0 0.00195086 7 
0 0.00195122 7 
0 0.00195356 7 
0 0.00195363 7 
0 0.0019584 7 
0 0.00195908 7 
0 0.00196542 7 
0 0.00196798 7 
0 0.00196819 7 
0 0.00196902 7 
0 0.0019756 7 
0 0.00197572 7 
0 0.00197725 7 
0 0.00198147 7 
0 0.00198517 7 
0 0.0019881 7 
0 0.00199606 7 
0 0.00199632 7 
0 0.00200164 7 
0 0.00200517 7 
0 0.00200657 7 
0 0.00200925 7 
0 0.00200943 7 
0 0.00201387 7 
0 0.00201471 7 
0 0.00201508 7 
0 0.00202038 7 
0 0.00202615 7 
0 0.00203927 7 
0 0.00204355 7 
0 0.0020451 7 
0 0.00204651 7 
0 0.00204743 7 
0 0.00205164 7 
0 0.0020519 7 
0 0.00205389 7 
0 0.0020554 7 
0 0.00205689 7 
0 0.0020573 7 
0 0.00205966 7 
0 0.00206219 7 
0 0.00206348 7 
0 0.00206404 7 
0 0.00206474 7 
0 0.00206684 7 
0 0.00207602 7 
0 0.00208096 7 
0 0.00210124 7 
0 0.00210137 7 
0 0.00210603 7 
0 0.00210801 7 
0 0.00211125 7 
0 0.00212476 7 
0 0.00213118 7 
0 0.00213303 7 
0 0.00214395 7 
0 0.00214482 7 
0 0.00214546 7 
0 0.00214566 7 
0 0.00214615 7 
0 0.00214626 7 
0 0.0021598 7 
0 0.0021644 7 
0 0.00216624 7 
0 0.00216675 7 
0 0.00216941 7 
0 0.00217487 7 
0 0.00217629 7 
0 0.00218429 7 
0 0.00218896 7 
0 0.00218913 7 
0 0.00220113 7 
0 0.00220517 7 
0 0.00220616 7 
0 0.00222015 7 
0 0.00222042 7 
0 0.00225684 7 
0 0.00226017 7 
0 0.00227452 7 
0 0.00228235 7 
0 0.00228882 7 
0 0.00229061 7 
0 0.00229552 7 
0 0.00234663 7 
0 0.00237429 7 
0 0.00237439 7 
0 0.00239831 7 
0 0.00242043 7 
0 0.00267167 7 
0 inf 7 
0 0.000816177 8 
0 0.000828916 8 
0 0.000843109 8 
0 0.000847276 8 
0 0.000854118 8 
0 0.000865937 8 
0 0.000869779 8 
0 0.000874014 8 
0 0.000883146 8 
0 0.000883999 8 
0 0.000884889 8 
0 0.000891475 8 
0 0.000893391 8 
0 0.000894167 8 
0 0.000894933 8 
0 0.000908167 8 
0 0.000909419 8 
0 0.000918545 8 
0 0.00091889 8 
0 0.000919387 8 
0 0.000930412 8 
0 0.000933085 8 
0 0.000943271 8 
0 0.000945183 8 
0 0.000946959 8 
0 0.000948354 8 
0 0.000948673 8 
0 0.000953507 8 
0 0.000958658 8 
0 0.000958827 8 
0 0.00096147 8 
0 0.00096441 8 
0 0.000968021 8 
0 0.000968069 8 
0 0.000968855 8 
0 0.000970766 8 
0 0.000971827 8 
0 0.000975236 8 
0 0.000980427 8 
0 0.000981587 8 
0 0.000981922 8 
0 0.00098226 8 
0 0.000985331 8 
0 0.000986372 8 
0 0.000986465 8 
0 0.000987681 8 
0 0.000988107 8 
0 0.000990622 8 
0 0.000992727 8 
0 0.000995261 8 
0 0.000999394 8 
0 0.000999472 8 
0 0.000999685 8 
0 0.0010022 8 
0 0.00100341 8 
0 0.00100641 8 
0 0.00100668 8 
0 0.00100735 8 
0 0.00100924 8 
0 0.0010142 8 
0 0.00101535 8 
0 0.0010158 8 
0 0.00101652 8 
0 0.00101668 8 
0 0.00101714 8 
0 0.00101777 8 
0 0.00102116 8 
0 0.00102203 8 
0 0.00102266 8 
0 0.00102362 8 
0 0.0010237 8 
0 0.00102837 8 
0 0.00102851 8 
0 0.00102958 8 
0 0.00103223 8 
0 0.00103823 8 
0 0.00104094 8 
0 0.00104278 8 
0 0.0010428 8 
0 0.00104327 8 
0 0.00104345 8 
0 0.00105075 8 
0 0.00105105 8 
0 0.00105267 8 
0 0.00105595 8 
0 0.00105861 8 
0 0.00106023 8 
0 0.00106601 8 
0 0.00106653 8 
0 0.00107507 8 
0 0.00107627 8 
0 0.0010787 8 
0 0.00107893 8 
0 0.00108094 8 
0 0.00108295 8 
0 0.00108362 8 
0 0.0010859 8 
0 0.00108936 8 
0 0.00109043 8 
0 0.00109605 8 
0 0.00109607 8 
0 0.00109777 8 
0 0.00109868 8 
0 0.00109923 8 
0 0.00109995 8 
0 0.00110162 8 
0 0.00110193 8 
0 0.0011051 8 
0 0.00110941 8 
0 0.0011188 8 
0 0.0011193 8 
0 0.00112496 8 
0 0.00113112 8 
0 0.00113356 8 
0 0.00113425 8 
0 0.00114246 8 
0 0.00114457 8 
0 0.00116399 8 
0 0.00117659 8 
0 0.00118013 8 
0 0.0011804 8 
0 0.00121417 8 
0 0.00122288 8 
0 0.00122705 8 
0 0.0012284 8 
0 0.00125152 8 
0 0.00138318 8 
0 inf 8 
0 0.000412205 9 
0 0.000413486 9 
0 0.000413606 9 
0 0.000414545 9 
0 0.000429093 9 
0 0.000432404 9 
0 0.000436158 9 
0 0.000437081 9 
0 0.000437535 9 
0 0.000438322 9 
0 0.000439734 9 
0 0.000447119 9 
0 0.000448927 9 
0 0.000449139 9 
0 0.000450545 9 
0 0.000453035 9 
0 0.000456315 9 
0 0.000459017 9 
0 0.0004606 9 
0 0.00046312 9 
0 0.000465544 9 
0 0.000468287 9 
0 0.000469106 9 
0 0.000469801 9 
0 0.000476817 9 
0 0.000476992 9 
0 0.000479434 9 
0 0.000479892 9 
0 0.000480544 9 
0 0.00048251 9 
0 0.000483909 9 
0 0.000487177 9 
0 0.000487593 9 
0 0.000489598 9 
0 0.000491027 9 
0 0.000492002 9 
0 0.000493333 9 
0 0.000494186 9 
0 0.000494607 9 
0 0.000496092 9 
0 0.00049901 9 
0 0.000499017 9 
0 0.000499266 9 
0 0.000499345 9 
0 0.000499601 9 
0 0.000501864 9 
0 0.000502496 9 
0 0.000502654 9 
0 0.000505046 9 
0 0.000505056 9 
0 0.000505195 9 
0 0.000505232 9 
0 0.000508276 9 
0 0.000508907 9 
0 0.000509465 9 
0 0.000510455 9 
0 0.000511229 9 
0 0.000514023 9 
0 0.000514216 9 
0 0.000515788 9 
0 0.000516382 9 
0 0.000517095 9 
0 0.00051771 9 
0 0.000517844 9 
0 0.000518019 9 
0 0.000518708 9 
0 0.000519422 9 
0 0.000521317 9 
0 0.00052154 9 
0 0.000522047 9 
0 0.00052236 9 
0 0.000524544 9 
0 0.000525518 9 
0 0.000525923 9 
0 0.000527989 9 
0 0.000528367 9 
0 0.000529519 9 
0 0.00053114 9 
0 0.000531944 9 
0 0.000532603 9 
0 0.00053263 9 
0 0.000534368 9 
0 0.000534756 9 
0 0.000538689 9 
0 0.000539565 9 
0 0.000539681 9 
0 0.000543516 9 
0 0.000544445 9 
0 0.000545445 9 
0 0.000546813 9 
0 0.000547393 9 
0 0.000548177 9 
0 0.000548842 9 
0 0.000552311 9 
0 0.000553332 9 
0 0.000553351 9 
0 0.000556384 9 
0 0.000557989 9 
0 0.000558186 9 
0 0.00055864 9 
0 0.000559454 9 
0 0.00055996 9 
0 0.000560164 9 
0 0.00056435 9 
0 0.000564608 9 
0 0.000564767 9 
0 0.000566181 9 
0 0.000567578 9 
0 0.000568569 9 
0 0.000569213 9 
0 0.000570266 9 
0 0.00057578 9 
0 0.000578999 9 
0 0.000582974 9 
0 0.000583259 9 
0 0.000586787 9 
0 0.000589543 9 
0 0.000597268 9 
0 0.000597875 9 
0 0.000614409 9 
0 0.000615395 9 
0 0.000628533 9 
0 0.000635155 9 
0 0.000637982 9 
0 0.000641651 9 
0 0.00065185 9 
0 0.000721734 9 
0 inf 9 
