0 0.499768 0 
0 0.499907 0 
0 0.500193 0 
0 0.500278 0 
0 0.500278 0 
0 0.501324 0 
0 0.501389 0 
0 0.501518 0 
0 0.501625 0 
0 0.502045 0 
0 0.502049 0 
0 0.502157 0 
0 0.502395 0 
0 0.502763 0 
0 0.503653 0 
0 0.503669 0 
0 0.503696 0 
0 0.503913 0 
0 0.504235 0 
0 0.504327 0 
0 0.504432 0 
0 0.504687 0 
0 0.504714 0 
0 0.504901 0 
0 0.504941 0 
0 0.505078 0 
0 0.505468 0 
0 0.505808 0 
0 0.505848 0 
0 0.505896 0 
0 0.505914 0 
0 0.506297 0 
0 0.5064 0 
0 0.506404 0 
0 0.506455 0 
0 0.506468 0 
0 0.50655 0 
0 0.506655 0 
0 0.506657 0 
0 0.506743 0 
0 0.506832 0 
0 0.506987 0 
0 0.507126 0 
0 0.507175 0 
0 0.507186 0 
0 0.507195 0 
0 0.507236 0 
0 0.507312 0 
0 0.507374 0 
0 0.507419 0 
0 0.507424 0 
0 0.507607 0 
0 0.50765 0 
0 0.507651 0 
0 0.507672 0 
0 0.50769 0 
0 0.507776 0 
0 0.507791 0 
0 0.507809 0 
0 0.507844 0 
0 0.507927 0 
0 0.507991 0 
0 0.507996 0 
0 0.508009 0 
0 0.508101 0 
0 0.508307 0 
0 0.508405 0 
0 0.508478 0 
0 0.508503 0 
0 0.508526 0 
0 0.508533 0 
0 0.508652 0 
0 0.508879 0 
0 0.50888 0 
0 0.508942 0 
0 0.508951 0 
0 0.508975 0 
0 0.50902 0 
0 0.509069 0 
0 0.50915 0 
0 0.509175 0 
0 0.509202 0 
0 0.509254 0 
0 0.509281 0 
0 0.509323 0 
0 0.509362 0 
0 0.509583 0 
0 0.509614 0 
0 0.509748 0 
0 0.509909 0 
0 0.509945 0 
0 0.510022 0 
0 0.510086 0 
0 0.510098 0 
0 0.510191 0 
0 0.510322 0 
0 0.510355 0 
0 0.510394 0 
0 0.510428 0 
0 0.510429 0 
0 0.510457 0 
0 0.510505 0 
0 0.510525 0 
0 0.510596 0 
0 0.510657 0 
0 0.51078 0 
0 0.510867 0 
0 0.510885 0 
0 0.510888 0 
0 0.511043 0 
0 0.511093 0 
0 0.511167 0 
0 0.511267 0 
0 0.511396 0 
0 0.511586 0 
0 0.511598 0 
0 0.511651 0 
0 0.511979 0 
0 0.512009 0 
0 0.512258 0 
0 0.512603 0 
0 0.512756 0 
0 0.512781 0 
0 0.512804 0 
0 0.513116 0 
0 0.513755 0 
0 0.514424 0 
0 inf 0 
0 0.194482 1 
0 0.194903 1 
0 0.195537 1 
0 0.195644 1 
0 0.195891 1 
0 0.197537 1 
0 0.198138 1 
0 0.198375 1 
0 0.198573 1 
0 0.198683 1 
0 0.198848 1 
0 0.199033 1 
0 0.199114 1 
0 0.199163 1 
0 0.199201 1 
0 0.199345 1 
0 0.199352 1 
0 0.199382 1 
0 0.199512 1 
0 0.199522 1 
0 0.199693 1 
0 0.20009 1 
0 0.200178 1 
0 0.200234 1 
0 0.200285 1 
0 0.200289 1 
0 0.200307 1 
0 0.200346 1 
0 0.200393 1 
0 0.200399 1 
0 0.200495 1 
0 0.200664 1 
0 0.200699 1 
0 0.200699 1 
0 0.200709 1 
0 0.200893 1 
0 0.200902 1 
0 0.201053 1 
0 0.201068 1 
0 0.201075 1 
0 0.201079 1 
0 0.201113 1 
0 0.201143 1 
0 0.201179 1 
0 0.20157 1 
0 0.201602 1 
0 0.201636 1 
0 0.20166 1 
0 0.201739 1 
0 0.201819 1 
0 0.201936 1 
0 0.202033 1 
0 0.202035 1 
0 0.202045 1 
0 0.202219 1 
0 0.202235 1 
0 0.202325 1 
0 0.2024 1 
0 0.202649 1 
0 0.20275 1 
0 0.20279 1 
0 0.202804 1 
0 0.202841 1 
0 0.20285 1 
0 0.202886 1 
0 0.202944 1 
0 0.202949 1 
0 0.20298 1 
0 0.202992 1 
0 0.202997 1 
0 0.203037 1 
0 0.203131 1 
0 0.203156 1 
0 0.203187 1 
0 0.203197 1 
0 0.203228 1 
0 0.203247 1 
0 0.203269 1 
0 0.203436 1 
0 0.203444 1 
0 0.203505 1 
0 0.203526 1 
0 0.203552 1 
0 0.203552 1 
0 0.203555 1 
0 0.203561 1 
0 0.203588 1 
0 0.203603 1 
0 0.203611 1 
0 0.203661 1 
0 0.203702 1 
0 0.203748 1 
0 0.203787 1 
0 0.20382 1 
0 0.20391 1 
0 0.203935 1 
0 0.203936 1 
0 0.203945 1 
0 0.203949 1 
0 0.203955 1 
0 0.203965 1 
0 0.20401 1 
0 0.204037 1 
0 0.204058 1 
0 0.204093 1 
0 0.204104 1 
0 0.204175 1 
0 0.204186 1 
0 0.204279 1 
0 0.204311 1 
0 0.204332 1 
0 0.204463 1 
0 0.204468 1 
0 0.204513 1 
0 0.204517 1 
0 0.204601 1 
0 0.204626 1 
0 0.204825 1 
0 0.204877 1 
0 0.204953 1 
0 0.20497 1 
0 0.205004 1 
0 0.20508 1 
0 0.205896 1 
0 0.206059 1 
0 0.206846 1 
0 0.207584 1 
0 inf 1 
0 0.0803709 2 
0 0.0813189 2 
0 0.0821065 2 
0 0.082598 2 
0 0.0826512 2 
0 0.0828148 2 
0 0.0830583 2 
0 0.0830757 2 
0 0.0832173 2 
0 0.0832622 2 
0 0.0832661 2 
0 0.0832708 2 
0 0.0835759 2 
0 0.0837687 2 
0 0.0839381 2 
0 0.0840792 2 
0 0.0841328 2 
0 0.0843735 2 
0 0.0845286 2 
0 0.0845401 2 
0 0.0845602 2 
0 0.0845885 2 
0 0.0847541 2 
0 0.0847566 2 
0 0.0847849 2 
0 0.0849831 2 
0 0.0850479 2 
0 0.0851725 2 
0 0.0852975 2 
0 0.0853059 2 
0 0.0853401 2 
0 0.0853694 2 
0 0.0854068 2 
0 0.0854616 2 
0 0.0855396 2 
0 0.085553 2 
0 0.0856305 2 
0 0.0856455 2 
0 0.0856676 2 
0 0.0857411 2 
0 0.0858166 2 
0 0.0858366 2 
0 0.0858479 2 
0 0.0859488 2 
0 0.0860209 2 
0 0.0860873 2 
0 0.0861584 2 
0 0.0861764 2 
0 0.0861821 2 
0 0.0861954 2 
0 0.0862129 2 
0 0.0862176 2 
0 0.0862469 2 
0 0.0862808 2 
0 0.0864042 2 
0 0.0864107 2 
0 0.0864121 2 
0 0.0865109 2 
0 0.0865364 2 
0 0.0866223 2 
0 0.0866358 2 
0 0.0866471 2 
0 0.0867018 2 
0 0.0867035 2 
0 0.0868006 2 
0 0.08681 2 
0 0.0868217 2 
0 0.086834 2 
0 0.0868373 2 
0 0.086915 2 
0 0.0870342 2 
0 0.0871381 2 
0 0.0871505 2 
0 0.0871626 2 
0 0.0872369 2 
0 0.0872374 2 
0 0.0872999 2 
0 0.0873135 2 
0 0.0874147 2 
0 0.0874167 2 
0 0.0874267 2 
0 0.0875007 2 
0 0.0875544 2 
0 0.0875548 2 
0 0.0876882 2 
0 0.087744 2 
0 0.0877502 2 
0 0.0877751 2 
0 0.0877828 2 
0 0.0878039 2 
0 0.0878664 2 
0 0.0878756 2 
0 0.0879057 2 
0 0.0879302 2 
0 0.0879472 2 
0 0.0879571 2 
0 0.0879752 2 
0 0.0880673 2 
0 0.088085 2 
0 0.0881161 2 
0 0.0881234 2 
0 0.0881345 2 
0 0.0882531 2 
0 0.0882608 2 
0 0.0883561 2 
0 0.0884324 2 
0 0.0884586 2 
0 0.0884851 2 
0 0.0884965 2 
0 0.0885556 2 
0 0.0887552 2 
0 0.0889402 2 
0 0.0889754 2 
0 0.0890401 2 
0 0.0890994 2 
0 0.0892006 2 
0 0.0893104 2 
0 0.089314 2 
0 0.0893948 2 
0 0.0894334 2 
0 0.0895181 2 
0 0.0896829 2 
0 0.0896893 2 
0 0.089721 2 
0 0.0901195 2 
0 0.0906628 2 
0 0.0909934 2 
0 inf 2 
0 0.0353821 3 
0 0.0359742 3 
0 0.036014 3 
0 0.0363758 3 
0 0.0365341 3 
0 0.0366424 3 
0 0.0367508 3 
0 0.0367528 3 
0 0.0367772 3 
0 0.036898 3 
0 0.0371326 3 
0 0.0372162 3 
0 0.0372693 3 
0 0.037312 3 
0 0.0373464 3 
0 0.0373558 3 
0 0.0373837 3 
0 0.0375234 3 
0 0.0376319 3 
0 0.0376558 3 
0 0.0376997 3 
0 0.0377291 3 
0 0.0377392 3 
0 0.0378046 3 
0 0.0378713 3 
0 0.037995 3 
0 0.0380013 3 
0 0.0380426 3 
0 0.0380894 3 
0 0.0381161 3 
0 0.0381274 3 
0 0.0381984 3 
0 0.0382228 3 
0 0.038374 3 
0 0.038449 3 
0 0.0384609 3 
0 0.0384647 3 
0 0.0384809 3 
0 0.0385175 3 
0 0.0385275 3 
0 0.0385494 3 
0 0.0386021 3 
0 0.0386987 3 
0 0.0387245 3 
0 0.0387632 3 
0 0.0387698 3 
0 0.0387796 3 
0 0.0388092 3 
0 0.0388422 3 
0 0.0389108 3 
0 0.0389211 3 
0 0.0390009 3 
0 0.0390168 3 
0 0.0390543 3 
0 0.0390867 3 
0 0.0391025 3 
0 0.0391088 3 
0 0.0391777 3 
0 0.0392242 3 
0 0.0392436 3 
0 0.0393069 3 
0 0.0393088 3 
0 0.0393144 3 
0 0.0393865 3 
0 0.0393921 3 
0 0.0393996 3 
0 0.0394108 3 
0 0.0394185 3 
0 0.0394839 3 
0 0.0395357 3 
0 0.0395427 3 
0 0.0395484 3 
0 0.0395507 3 
0 0.0395712 3 
0 0.0396347 3 
0 0.0396406 3 
0 0.0396762 3 
0 0.0396796 3 
0 0.0396985 3 
0 0.039823 3 
0 0.0398238 3 
0 0.0398304 3 
0 0.0398547 3 
0 0.0399284 3 
0 0.0399678 3 
0 0.0400497 3 
0 0.0400654 3 
0 0.0400711 3 
0 0.0400957 3 
0 0.0401135 3 
0 0.0401648 3 
0 0.0402541 3 
0 0.0402811 3 
0 0.0402824 3 
0 0.0403048 3 
0 0.0403179 3 
0 0.0403215 3 
0 0.0403258 3 
0 0.0403327 3 
0 0.0403568 3 
0 0.0403991 3 
0 0.0404201 3 
0 0.0404567 3 
0 0.0404708 3 
0 0.0404708 3 
0 0.0404746 3 
0 0.0405587 3 
0 0.0405855 3 
0 0.0405859 3 
0 0.0408483 3 
0 0.0408787 3 
0 0.0408889 3 
0 0.0409431 3 
0 0.0409558 3 
0 0.0411433 3 
0 0.041179 3 
0 0.0413154 3 
0 0.0413654 3 
0 0.0414123 3 
0 0.0415708 3 
0 0.0417339 3 
0 0.0417648 3 
0 0.04198 3 
0 0.042021 3 
0 0.042142 3 
0 0.0422802 3 
0 0.0425527 3 
0 inf 3 
0 0.016267 4 
0 0.0164782 4 
0 0.0165411 4 
0 0.016586 4 
0 0.0166896 4 
0 0.016921 4 
0 0.0169931 4 
0 0.0170166 4 
0 0.0170615 4 
0 0.0171196 4 
0 0.0171348 4 
0 0.0171669 4 
0 0.0171962 4 
0 0.0172207 4 
0 0.0172862 4 
0 0.0172879 4 
0 0.0174034 4 
0 0.0174093 4 
0 0.017419 4 
0 0.0174422 4 
0 0.0175219 4 
0 0.0175249 4 
0 0.0175728 4 
0 0.0175948 4 
0 0.0176443 4 
0 0.0177081 4 
0 0.0177239 4 
0 0.0178513 4 
0 0.0179056 4 
0 0.017906 4 
0 0.0179189 4 
0 0.0179389 4 
0 0.0179434 4 
0 0.0179872 4 
0 0.0180107 4 
0 0.0180196 4 
0 0.0180364 4 
0 0.0180474 4 
0 0.0180519 4 
0 0.0180949 4 
0 0.0180994 4 
0 0.0181141 4 
0 0.0181354 4 
0 0.0181542 4 
0 0.0182227 4 
0 0.0182282 4 
0 0.0182434 4 
0 0.018252 4 
0 0.0182644 4 
0 0.0182799 4 
0 0.0183171 4 
0 0.0183379 4 
0 0.0183537 4 
0 0.0183775 4 
0 0.0184357 4 
0 0.0184624 4 
0 0.0184641 4 
0 0.0184939 4 
0 0.0185015 4 
0 0.0185368 4 
0 0.0185442 4 
0 0.01856 4 
0 0.018586 4 
0 0.0186209 4 
0 0.0186427 4 
0 0.0187038 4 
0 0.01873 4 
0 0.0187309 4 
0 0.0187315 4 
0 0.0187756 4 
0 0.0187911 4 
0 0.0188192 4 
0 0.0188365 4 
0 0.0188601 4 
0 0.0188606 4 
0 0.0188717 4 
0 0.0188717 4 
0 0.018874 4 
0 0.0188963 4 
0 0.0189111 4 
0 0.0189408 4 
0 0.0189671 4 
0 0.0190086 4 
0 0.0190132 4 
0 0.0190151 4 
0 0.0190231 4 
0 0.019028 4 
0 0.0190287 4 
0 0.0190509 4 
0 0.0190905 4 
0 0.0191336 4 
0 0.0191401 4 
0 0.0191595 4 
0 0.0191921 4 
0 0.0192219 4 
0 0.01927 4 
0 0.0192739 4 
0 0.0192745 4 
0 0.0192899 4 
0 0.0192916 4 
0 0.01933 4 
0 0.0193906 4 
0 0.0194423 4 
0 0.0194523 4 
0 0.0194529 4 
0 0.0194548 4 
0 0.0194895 4 
0 0.0194952 4 
0 0.0195063 4 
0 0.0195094 4 
0 0.0195124 4 
0 0.0195786 4 
0 0.0195822 4 
0 0.0196725 4 
0 0.0197673 4 
0 0.0198465 4 
0 0.0198764 4 
0 0.0198913 4 
0 0.0200949 4 
0 0.0201776 4 
0 0.0202387 4 
0 0.0203643 4 
0 0.0203689 4 
0 0.0203885 4 
0 0.0204477 4 
0 0.0207267 4 
0 0.0212219 4 
0 inf 4 
0 0.00758135 5 
0 0.00776053 5 
0 0.00779841 5 
0 0.0079186 5 
0 0.00793445 5 
0 0.00798999 5 
0 0.00802186 5 
0 0.00802578 5 
0 0.0080767 5 
0 0.0081147 5 
0 0.00816614 5 
0 0.00824129 5 
0 0.00824867 5 
0 0.00825015 5 
0 0.00827308 5 
0 0.00830909 5 
0 0.00831896 5 
0 0.00835682 5 
0 0.00835779 5 
0 0.00836014 5 
0 0.00838987 5 
0 0.00839954 5 
0 0.00845375 5 
0 0.00851778 5 
0 0.00852556 5 
0 0.00854591 5 
0 0.0085492 5 
0 0.0086096 5 
0 0.00863301 5 
0 0.00864588 5 
0 0.00864759 5 
0 0.00865728 5 
0 0.00867339 5 
0 0.00868527 5 
0 0.00868753 5 
0 0.00871254 5 
0 0.00871264 5 
0 0.00875845 5 
0 0.00877618 5 
0 0.00877628 5 
0 0.00878801 5 
0 0.00880992 5 
0 0.00881481 5 
0 0.0088234 5 
0 0.00882469 5 
0 0.00883827 5 
0 0.00885201 5 
0 0.00886911 5 
0 0.00887152 5 
0 0.00891289 5 
0 0.00891886 5 
0 0.00892493 5 
0 0.00895056 5 
0 0.00896353 5 
0 0.0089652 5 
0 0.00898623 5 
0 0.00899958 5 
0 0.00901517 5 
0 0.00902562 5 
0 0.0090402 5 
0 0.0090467 5 
0 0.00905422 5 
0 0.00906588 5 
0 0.00908168 5 
0 0.00910469 5 
0 0.00910985 5 
0 0.00911244 5 
0 0.00911885 5 
0 0.00913545 5 
0 0.00914716 5 
0 0.00916115 5 
0 0.00916269 5 
0 0.0091635 5 
0 0.00917652 5 
0 0.00919725 5 
0 0.0092108 5 
0 0.00921448 5 
0 0.00922325 5 
0 0.00924052 5 
0 0.00924875 5 
0 0.00925109 5 
0 0.00926245 5 
0 0.00929831 5 
0 0.00930684 5 
0 0.00931804 5 
0 0.00932744 5 
0 0.00934311 5 
0 0.00935429 5 
0 0.00935438 5 
0 0.00936515 5 
0 0.00939268 5 
0 0.00942948 5 
0 0.00943186 5 
0 0.00943458 5 
0 0.00943622 5 
0 0.00943657 5 
0 0.00951138 5 
0 0.00953136 5 
0 0.0095519 5 
0 0.00956137 5 
0 0.00956293 5 
0 0.00956472 5 
0 0.00957189 5 
0 0.00958639 5 
0 0.00961172 5 
0 0.00961455 5 
0 0.00963761 5 
0 0.00964361 5 
0 0.00964864 5 
0 0.00971549 5 
0 0.00973112 5 
0 0.00975424 5 
0 0.0097754 5 
0 0.00978914 5 
0 0.00979928 5 
0 0.00985299 5 
0 0.00991062 5 
0 0.00991873 5 
0 0.0099968 5 
0 0.010088 5 
0 0.0101114 5 
0 0.0101368 5 
0 0.0101369 5 
0 0.0101542 5 
0 0.0103407 5 
0 0.0104893 5 
0 0.0109032 5 
0 inf 5 
0 0.00362631 6 
0 0.00373007 6 
0 0.00373404 6 
0 0.00375846 6 
0 0.00384781 6 
0 0.00386894 6 
0 0.00389763 6 
0 0.00390684 6 
0 0.0039458 6 
0 0.00396118 6 
0 0.00399155 6 
0 0.00399822 6 
0 0.00401198 6 
0 0.0040343 6 
0 0.00408457 6 
0 0.00409964 6 
0 0.00410162 6 
0 0.00410814 6 
0 0.0041235 6 
0 0.00414335 6 
0 0.00415684 6 
0 0.0041678 6 
0 0.00418651 6 
0 0.00419283 6 
0 0.00420995 6 
0 0.00423108 6 
0 0.00423899 6 
0 0.00424041 6 
0 0.00424149 6 
0 0.00424544 6 
0 0.00424879 6 
0 0.00426016 6 
0 0.00426206 6 
0 0.00429124 6 
0 0.0043027 6 
0 0.00431285 6 
0 0.00431791 6 
0 0.00432228 6 
0 0.00435157 6 
0 0.00435232 6 
0 0.00435808 6 
0 0.00437555 6 
0 0.00437691 6 
0 0.00441095 6 
0 0.00441192 6 
0 0.00441264 6 
0 0.00442847 6 
0 0.00442915 6 
0 0.00443388 6 
0 0.00443687 6 
0 0.0044502 6 
0 0.0044566 6 
0 0.00446138 6 
0 0.00446599 6 
0 0.0044662 6 
0 0.00447619 6 
0 0.00448243 6 
0 0.00448455 6 
0 0.00449563 6 
0 0.00449765 6 
0 0.00450471 6 
0 0.00450993 6 
0 0.00451296 6 
0 0.00452194 6 
0 0.00454901 6 
0 0.00455493 6 
0 0.0045578 6 
0 0.00457453 6 
0 0.00457819 6 
0 0.00457864 6 
0 0.0045839 6 
0 0.00458864 6 
0 0.00461016 6 
0 0.00461247 6 
0 0.00461326 6 
0 0.00462093 6 
0 0.00462271 6 
0 0.0046307 6 
0 0.00464816 6 
0 0.0046511 6 
0 0.00465175 6 
0 0.00465708 6 
0 0.00465711 6 
0 0.00465856 6 
0 0.00465984 6 
0 0.00466902 6 
0 0.00467014 6 
0 0.00467951 6 
0 0.00470778 6 
0 0.00472575 6 
0 0.00472661 6 
0 0.00473054 6 
0 0.00473078 6 
0 0.00473268 6 
0 0.0047397 6 
0 0.00474576 6 
0 0.00475277 6 
0 0.00478064 6 
0 0.00478133 6 
0 0.00479234 6 
0 0.00479438 6 
0 0.00479936 6 
0 0.00483251 6 
0 0.00484214 6 
0 0.00484817 6 
0 0.00485585 6 
0 0.0048828 6 
0 0.00488438 6 
0 0.00489461 6 
0 0.00490257 6 
0 0.00491126 6 
0 0.00493969 6 
0 0.00494965 6 
0 0.00495075 6 
0 0.00498557 6 
0 0.00503993 6 
0 0.00504235 6 
0 0.00505666 6 
0 0.00506667 6 
0 0.00507574 6 
0 0.0051475 6 
0 0.00517157 6 
0 0.00519603 6 
0 0.00525425 6 
0 0.00535834 6 
0 0.00541643 6 
0 0.00571552 6 
0 inf 6 
0 0.00177598 7 
0 0.00181116 7 
0 0.00181998 7 
0 0.00183457 7 
0 0.00188471 7 
0 0.00189201 7 
0 0.00192959 7 
0 0.00193251 7 
0 0.00195869 7 
0 0.00196635 7 
0 0.00197908 7 
0 0.00198243 7 
0 0.00199504 7 
0 0.00202443 7 
0 0.00205137 7 
0 0.00205298 7 
0 0.0020641 7 
0 0.0020645 7 
0 0.00207344 7 
0 0.00207607 7 
0 0.00208248 7 
0 0.00209385 7 
0 0.00210516 7 
0 0.00212406 7 
0 0.00212421 7 
0 0.00212555 7 
0 0.00212957 7 
0 0.00213344 7 
0 0.00213987 7 
0 0.0021419 7 
0 0.00214447 7 
0 0.00214961 7 
0 0.0021581 7 
0 0.00216161 7 
0 0.00218072 7 
0 0.00218231 7 
0 0.00218683 7 
0 0.00219476 7 
0 0.00219553 7 
0 0.00220137 7 
0 0.00220461 7 
0 0.00220504 7 
0 0.00220724 7 
0 0.00221341 7 
0 0.00221372 7 
0 0.00222607 7 
0 0.00224754 7 
0 0.00225763 7 
0 0.00225817 7 
0 0.0022604 7 
0 0.00226059 7 
0 0.00226149 7 
0 0.00226203 7 
0 0.00226649 7 
0 0.00226741 7 
0 0.00227042 7 
0 0.00227179 7 
0 0.00227435 7 
0 0.00227996 7 
0 0.00228526 7 
0 0.00228876 7 
0 0.00229379 7 
0 0.00229726 7 
0 0.00230242 7 
0 0.00230405 7 
0 0.00230473 7 
0 0.00231049 7 
0 0.00231526 7 
0 0.00232006 7 
0 0.00232519 7 
0 0.00232796 7 
0 0.00233048 7 
0 0.00233577 7 
0 0.00234271 7 
0 0.00234703 7 
0 0.002353 7 
0 0.00236272 7 
0 0.00236885 7 
0 0.00236945 7 
0 0.00237188 7 
0 0.00237443 7 
0 0.00237652 7 
0 0.00238248 7 
0 0.00238482 7 
0 0.0023892 7 
0 0.00239063 7 
0 0.00239807 7 
0 0.0024056 7 
0 0.00241342 7 
0 0.00242607 7 
0 0.00242786 7 
0 0.00242968 7 
0 0.00243591 7 
0 0.00243694 7 
0 0.00244117 7 
0 0.00244122 7 
0 0.00244495 7 
0 0.00244793 7 
0 0.00244804 7 
0 0.00245186 7 
0 0.00245441 7 
0 0.00245574 7 
0 0.00245869 7 
0 0.00246396 7 
0 0.0024692 7 
0 0.00248461 7 
0 0.00249757 7 
0 0.00250073 7 
0 0.00251044 7 
0 0.00251138 7 
0 0.00251223 7 
0 0.00251557 7 
0 0.00252261 7 
0 0.00255771 7 
0 0.00258207 7 
0 0.00259805 7 
0 0.00262416 7 
0 0.00262899 7 
0 0.00264233 7 
0 0.00264587 7 
0 0.00265222 7 
0 0.00268678 7 
0 0.00271689 7 
0 0.00281601 7 
0 0.00283924 7 
0 0.00284868 7 
0 0.00298653 7 
0 inf 7 
0 0.000884412 8 
0 0.000889311 8 
0 0.000903586 8 
0 0.000917364 8 
0 0.000930768 8 
0 0.000946566 8 
0 0.000955841 8 
0 0.000970907 8 
0 0.000988476 8 
0 0.000995947 8 
0 0.000996607 8 
0 0.00100558 8 
0 0.00100672 8 
0 0.00101565 8 
0 0.00103921 8 
0 0.00104312 8 
0 0.00104945 8 
0 0.00105549 8 
0 0.00105663 8 
0 0.0010627 8 
0 0.00106409 8 
0 0.00106533 8 
0 0.00107391 8 
0 0.00108329 8 
0 0.00108329 8 
0 0.00108567 8 
0 0.00108573 8 
0 0.00109377 8 
0 0.00109391 8 
0 0.00109648 8 
0 0.0010966 8 
0 0.00110658 8 
0 0.00111175 8 
0 0.00111378 8 
0 0.00111441 8 
0 0.00111581 8 
0 0.00111624 8 
0 0.00112001 8 
0 0.00112035 8 
0 0.00112388 8 
0 0.00113334 8 
0 0.00113513 8 
0 0.00113814 8 
0 0.00113883 8 
0 0.00114635 8 
0 0.0011485 8 
0 0.0011574 8 
0 0.00115759 8 
0 0.00115805 8 
0 0.00115965 8 
0 0.00116134 8 
0 0.00116475 8 
0 0.00116554 8 
0 0.00116679 8 
0 0.00116732 8 
0 0.00116944 8 
0 0.00117129 8 
0 0.00117142 8 
0 0.00117385 8 
0 0.00117434 8 
0 0.00117442 8 
0 0.00117459 8 
0 0.00117518 8 
0 0.00118258 8 
0 0.00118513 8 
0 0.00119028 8 
0 0.00119049 8 
0 0.00119196 8 
0 0.0011926 8 
0 0.00119552 8 
0 0.00119733 8 
0 0.00119862 8 
0 0.00120054 8 
0 0.00120289 8 
0 0.00120411 8 
0 0.00121036 8 
0 0.00121143 8 
0 0.00121493 8 
0 0.00122363 8 
0 0.00122509 8 
0 0.00122673 8 
0 0.00122916 8 
0 0.00123209 8 
0 0.0012358 8 
0 0.00123782 8 
0 0.00123819 8 
0 0.00124495 8 
0 0.001245 8 
0 0.00124682 8 
0 0.00124908 8 
0 0.00124967 8 
0 0.0012517 8 
0 0.0012535 8 
0 0.00125459 8 
0 0.00125602 8 
0 0.00125708 8 
0 0.00126236 8 
0 0.00126408 8 
0 0.00126655 8 
0 0.00127224 8 
0 0.0012741 8 
0 0.00128123 8 
0 0.00128482 8 
0 0.00129251 8 
0 0.00129485 8 
0 0.0012984 8 
0 0.00130789 8 
0 0.00130811 8 
0 0.00131188 8 
0 0.00131251 8 
0 0.00131371 8 
0 0.0013154 8 
0 0.00131663 8 
0 0.00132991 8 
0 0.00134103 8 
0 0.00134432 8 
0 0.00135845 8 
0 0.00136896 8 
0 0.00140658 8 
0 0.00141126 8 
0 0.00141599 8 
0 0.00142239 8 
0 0.00142247 8 
0 0.00149477 8 
0 0.00149888 8 
0 0.00153022 8 
0 0.00156637 8 
0 inf 8 
0 0.000437112 9 
0 0.000454815 9 
0 0.000455582 9 
0 0.000464942 9 
0 0.000465676 9 
0 0.000478691 9 
0 0.000480549 9 
0 0.000495409 9 
0 0.000505418 9 
0 0.000506636 9 
0 0.000507955 9 
0 0.000509513 9 
0 0.000522566 9 
0 0.000524976 9 
0 0.000529253 9 
0 0.000533934 9 
0 0.000537314 9 
0 0.000541051 9 
0 0.000545039 9 
0 0.00054585 9 
0 0.000547883 9 
0 0.000551797 9 
0 0.000555482 9 
0 0.000560373 9 
0 0.000560636 9 
0 0.000561248 9 
0 0.000564612 9 
0 0.000566151 9 
0 0.00056711 9 
0 0.000567614 9 
0 0.000567629 9 
0 0.000570482 9 
0 0.00057156 9 
0 0.00057337 9 
0 0.000574259 9 
0 0.000577464 9 
0 0.00057857 9 
0 0.00058019 9 
0 0.00058291 9 
0 0.000589135 9 
0 0.00059029 9 
0 0.000591021 9 
0 0.000592875 9 
0 0.000594674 9 
0 0.000594705 9 
0 0.000594865 9 
0 0.000595955 9 
0 0.000597394 9 
0 0.000597715 9 
0 0.000599047 9 
0 0.000599538 9 
0 0.000600927 9 
0 0.000603568 9 
0 0.000605314 9 
0 0.000605855 9 
0 0.000607205 9 
0 0.000607653 9 
0 0.000609333 9 
0 0.000609671 9 
0 0.000612271 9 
0 0.000612928 9 
0 0.000613985 9 
0 0.000614616 9 
0 0.000614891 9 
0 0.000615159 9 
0 0.000616491 9 
0 0.000617077 9 
0 0.000617774 9 
0 0.000620445 9 
0 0.000620944 9 
0 0.000622956 9 
0 0.000626099 9 
0 0.00062886 9 
0 0.000628914 9 
0 0.000629463 9 
0 0.000629809 9 
0 0.000631944 9 
0 0.000634086 9 
0 0.000635353 9 
0 0.000636479 9 
0 0.000638507 9 
0 0.000639625 9 
0 0.000640463 9 
0 0.00064047 9 
0 0.000641299 9 
0 0.000643273 9 
0 0.000643754 9 
0 0.000643913 9 
0 0.000649078 9 
0 0.000649955 9 
0 0.00065012 9 
0 0.0006512 9 
0 0.00065186 9 
0 0.000652383 9 
0 0.000652468 9 
0 0.000659092 9 
0 0.000660719 9 
0 0.000661279 9 
0 0.000662188 9 
0 0.000664945 9 
0 0.000666723 9 
0 0.000667206 9 
0 0.000669063 9 
0 0.000677296 9 
0 0.000680995 9 
0 0.000683007 9 
0 0.0006833 9 
0 0.000685403 9 
0 0.000692961 9 
0 0.000692988 9 
0 0.000697778 9 
0 0.000701064 9 
0 0.000702944 9 
0 0.000704898 9 
0 0.000710894 9 
0 0.000711887 9 
0 0.000712534 9 
0 0.0007143 9 
0 0.000728751 9 
0 0.000739327 9 
0 0.000757242 9 
0 0.000757746 9 
0 0.000765727 9 
0 0.00079306 9 
0 0.000799261 9 
0 0.000824162 9 
0 0.000827673 9 
0 inf 9 
