0.524957 0.539571 0 
0.522612 0.538973 0 
0.522443 0.539571 0 
0.521541 0.522374 0 
0.521536 0.537317 0 
0.521326 0.537448 0 
0.521236 0.541391 0 
0.521208 0.521415 0 
0.521045 0.538883 0 
0.521031 0.541635 0 
0.52093 0.537423 0 
0.520837 0.540161 0 
0.520643 0.539662 0 
0.520512 0.522195 0 
0.520178 0.540607 0 
0.520016 0.537238 0 
0.519987 0.537423 0 
0.519982 0.540709 0 
0.519859 0.542314 0 
0.519808 0.53986 0 
0.519765 0.540161 0 
0.519752 0.540034 0 
0.519669 0.520597 0 
0.519633 0.540511 0 
0.519622 0.520047 0 
0.519595 0.520932 0 
0.519591 0.541659 0 
0.519456 0.538665 0 
0.519398 0.520551 0 
0.519367 0.521233 0 
0.51934 0.541063 0 
0.519252 0.538937 0 
0.51924 0.520315 0 
0.518867 0.541315 0 
0.51885 0.541677 0 
0.518824 0.54291 0 
0.518788 0.541275 0 
0.518786 0.536838 0 
0.518761 0.538841 0 
0.518719 0.538883 0 
0.51868 0.520287 0 
0.518671 0.541883 0 
0.518655 0.539662 0 
0.518614 0.536728 0 
0.518502 0.539805 0 
0.518229 0.542065 0 
0.518226 0.53898 0 
0.518202 0.538516 0 
0.518152 0.518204 0 
0.518126 0.540808 0 
0.51811 0.519077 0 
0.518106 0.540408 0 
0.518059 0.538937 0 
0.517969 0.53978 0 
0.517948 0.541391 0 
0.517879 0.542961 0 
0.517857 0.544176 0 
0.517855 0.54283 0 
0.517822 0.542134 0 
0.517813 0.539378 0 
0.517789 0.520551 0 
0.517789 0.541445 0 
0.517769 0.51865 0 
0.517758 0.518318 0 
0.517752 0.518026 0 
0.517702 0.517993 0 
0.5177 0.538701 0 
0.517676 0.51933 0 
0.517645 0.519077 0 
0.51764 0.54188 0 
0.517634 0.540022 0 
0.517609 0.541925 0 
0.517597 0.541925 0 
0.517595 0.538516 0 
0.51756 0.519761 0 
0.517543 0.518033 0 
0.517539 0.539155 0 
0.517537 0.518677 0 
0.517475 0.537522 0 
0.517442 0.540373 0 
0.517423 0.536838 0 
0.517351 0.539662 0 
0.517344 0.520551 0 
0.517323 0.517606 0 
0.517293 0.517404 0 
0.517266 0.520551 0 
0.517259 0.542864 0 
0.51722 0.518664 0 
0.517164 0.518126 0 
0.517149 0.519482 0 
0.517144 0.518268 0 
0.517143 0.542273 0 
0.517129 0.544453 0 
0.51712 0.542245 0 
0.517092 0.540299 0 
0.517073 0.540836 0 
0.517068 0.519608 0 
0.517022 0.520972 0 
0.517018 0.536728 0 
0.516992 0.518875 0 
0.516974 0.518815 0 
0.516945 0.539698 0 
0.516898 0.518268 0 
0.516869 0.517955 0 
0.516867 0.520491 0 
0.516865 0.519608 0 
0.516812 0.520214 0 
0.516809 0.517375 0 
0.516778 0.541502 0 
0.516766 0.54283 0 
0.516761 0.518276 0 
0.516711 0.517531 0 
0.516688 0.519908 0 
0.516652 0.519592 0 
0.516638 0.523407 0 
0.516638 0.517799 0 
0.516628 0.543918 0 
0.516619 0.539704 0 
0.516611 0.518778 0 
0.516605 0.535768 0 
0.516565 0.520972 0 
0.516563 0.543058 0 
0.516559 0.518102 0 
0.516538 0.540591 0 
0.516536 0.519074 0 
0.516522 0.540515 0 
0.516498 0.51658 0 
0.516468 0.540161 0 
0.516458 0.516476 0 
0.516453 0.52067 0 
0.516423 0.518289 0 
0.516409 0.519608 0 
0.516377 0.519892 0 
0.516321 0.519891 0 
0.516244 0.518977 0 
0.516226 0.5188 0 
0.516219 0.516976 0 
0.516199 0.540697 0 
0.516198 0.540184 0 
0.516194 0.519144 0 
0.516191 0.517786 0 
0.516158 0.541356 0 
0.516156 0.518061 0 
0.516145 0.543138 0 
0.516139 0.519801 0 
0.516094 0.541611 0 
0.516079 0.516504 0 
0.516058 0.516637 0 
0.516052 0.517214 0 
0.51604 0.53997 0 
0.516033 0.519274 0 
0.516029 0.519794 0 
0.515989 0.543563 0 
0.515968 0.540812 0 
0.515912 0.517434 0 
0.515911 0.539524 0 
0.515903 0.537317 0 
0.515859 0.517464 0 
0.515851 0.536728 0 
0.515828 0.542372 0 
0.515814 0.541364 0 
0.515793 0.516572 0 
0.515776 0.517322 0 
0.515763 0.537522 0 
0.515711 0.517157 0 
0.515629 0.541496 0 
0.515623 0.537317 0 
0.515618 0.519453 0 
0.515598 0.518231 0 
0.515596 0.541054 0 
0.515593 0.517698 0 
0.515583 0.515829 0 
0.515581 0.54237 0 
0.515581 0.54399 0 
0.515576 0.542617 0 
0.515564 0.51793 0 
0.515513 0.540449 0 
0.515502 0.537448 0 
0.5155 0.539755 0 
0.515496 0.517621 0 
0.515471 0.517426 0 
0.515385 0.517896 0 
0.515372 0.542418 0 
0.515357 0.542507 0 
0.51534 0.516596 0 
0.515337 0.542005 0 
0.515318 0.515991 0 
0.515317 0.540511 0 
0.515293 0.538566 0 
0.515216 0.517152 0 
0.515216 0.517358 0 
0.515205 0.515605 0 
0.515196 0.517993 0 
0.515175 0.519368 0 
0.515171 0.541516 0 
0.515146 0.517687 0 
0.515143 0.540493 0 
0.515123 0.543017 0 
0.515098 0.519692 0 
0.515098 0.515263 0 
0.515083 0.516803 0 
0.515048 0.540471 0 
0.514995 0.519456 0 
0.51499 0.542112 0 
0.51495 0.52137 0 
0.514893 0.543017 0 
0.51487 0.517214 0 
0.514867 0.541251 0 
0.51483 0.518102 0 
0.514821 0.539136 0 
0.514815 0.517544 0 
0.514777 0.518037 0 
0.514737 0.540054 0 
0.514719 0.515605 0 
0.514697 0.541088 0 
0.514632 0.518778 0 
0.514629 0.517166 0 
0.514626 0.515927 0 
0.514603 0.539235 0 
0.514589 0.521233 0 
0.514525 0.519891 0 
0.514451 0.519692 0 
0.51445 0.517786 0 
0.514446 0.519908 0 
0.514404 0.518726 0 
0.514395 0.515821 0 
0.514374 0.517961 0 
0.514372 0.542617 0 
0.514342 0.540493 0 
0.514328 0.518621 0 
0.51432 0.541148 0 
0.514317 0.517353 0 
0.514317 0.51659 0 
0.514316 0.543636 0 
0.514302 0.519618 0 
0.51429 0.516418 0 
0.514249 0.542432 0 
0.514201 0.535768 0 
0.514181 0.539599 0 
0.514169 0.516743 0 
0.514141 0.537544 0 
0.514119 0.519144 0 
0.514093 0.515409 0 
0.514082 0.519592 0 
0.514069 0.519485 0 
0.514061 0.518312 0 
0.514044 0.520607 0 
0.514038 0.51532 0 
0.514008 0.515689 0 
0.513982 0.516051 0 
0.513948 0.539405 0 
0.513945 0.516506 0 
0.513914 0.537544 0 
0.513902 0.542617 0 
0.513902 0.540545 0 
0.513894 0.542758 0 
0.513891 0.536838 0 
0.513883 0.514586 0 
0.513876 0.518381 0 
0.513864 0.5189 0 
0.513857 0.539767 0 
0.513853 0.519618 0 
0.513842 0.517971 0 
0.513826 0.518656 0 
0.5138 0.520693 0 
0.513797 0.52067 0 
0.513781 0.538566 0 
0.513765 0.543272 0 
0.513727 0.519274 0 
0.513721 0.517125 0 
0.513712 0.540098 0 
0.5137 0.517177 0 
0.513659 0.521183 0 
0.513651 0.539571 0 
0.513636 0.542961 0 
0.513633 0.515554 0 
0.513612 0.519443 0 
0.513592 0.542549 0 
0.513585 0.515145 0 
0.513569 0.516278 0 
0.513558 0.520336 0 
0.513553 0.519482 0 
0.513544 0.519815 0 
0.513532 0.514779 0 
0.513531 0.519474 0 
0.513526 0.54069 0 
0.513521 0.520287 0 
0.513477 0.520287 0 
0.51341 0.521689 0 
0.513392 0.537544 0 
0.513381 0.544407 0 
0.51338 0.520972 0 
0.513372 0.519815 0 
0.513348 0.517368 0 
0.513337 0.519861 0 
0.513332 0.51599 0 
0.513292 0.5143 0 
0.513245 0.513611 0 
0.513236 0.51471 0 
0.513235 0.519337 0 
0.513215 0.516916 0 
0.513213 0.514242 0 
0.513213 0.520808 0 
0.513194 0.538831 0 
0.51317 0.520214 0 
0.513169 0.539155 0 
0.513165 0.544131 0 
0.513152 0.538973 0 
0.51312 0.521233 0 
0.513097 0.51606 0 
0.513094 0.540033 0 
0.513075 0.540545 0 
0.513073 0.53898 0 
0.513063 0.515409 0 
0.513022 0.538973 0 
0.513005 0.518886 0 
0.513002 0.542372 0 
0.512999 0.544339 0 
0.512992 0.54399 0 
0.512982 0.521183 0 
0.512959 0.519337 0 
0.512944 0.536838 0 
0.512939 0.520277 0 
0.512875 0.538831 0 
0.51287 0.539767 0 
0.512841 0.517194 0 
0.51284 0.544278 0 
0.512839 0.541946 0 
0.512753 0.541946 0 
0.51275 0.542786 0 
0.512735 0.54069 0 
0.512686 0.538883 0 
0.512667 0.517427 0 
0.512655 0.542158 0 
0.512634 0.512866 0 
0.512633 0.537786 0 
0.512622 0.543934 0 
0.512576 0.515076 0 
0.512538 0.541412 0 
0.512523 0.521079 0 
0.512522 0.514039 0 
0.512514 0.521079 0 
0.512499 0.537238 0 
0.512495 0.542261 0 
0.512483 0.521559 0 
0.512474 0.521202 0 
0.512434 0.521144 0 
0.512419 0.521689 0 
0.512411 0.539235 0 
0.51238 0.540808 0 
0.512379 0.52137 0 
0.512356 0.543073 0 
0.512298 0.540607 0 
0.512245 0.541611 0 
0.51222 0.535768 0 
0.512211 0.542617 0 
0.512206 0.521287 0 
0.512197 0.540098 0 
0.512174 0.540301 0 
0.512171 0.523833 0 
0.51208 0.537448 0 
0.512054 0.54041 0 
0.512035 0.537522 0 
0.511982 0.544643 0 
0.511939 0.522177 0 
0.511913 0.537448 0 
0.511889 0.539868 0 
0.511887 0.540493 0 
0.511855 0.537423 0 
0.511835 0.541275 0 
0.511823 0.539405 0 
0.511803 0.540301 0 
0.511761 0.514752 0 
0.511744 0.544083 0 
0.511681 0.538434 0 
0.511651 0.537522 0 
0.511609 0.543597 0 
0.511508 0.540567 0 
0.511504 0.54388 0 
0.511446 0.540993 0 
0.511399 0.539524 0 
0.511395 0.538922 0 
0.511372 0.538566 0 
0.511372 0.541676 0 
0.511371 0.517291 0 
0.511287 0.541078 0 
0.51125 0.541946 0 
0.51124 0.537786 0 
0.511174 0.511482 0 
0.511173 0.540398 0 
0.511115 0.521689 0 
0.511083 0.51267 0 
0.511057 0.545084 0 
0.51104 0.538701 0 
0.511015 0.516878 0 
0.510981 0.543596 0 
0.510969 0.539165 0 
0.510946 0.542563 0 
0.510927 0.542065 0 
0.51086 0.544515 0 
0.510851 0.538831 0 
0.510822 0.539136 0 
0.51075 0.53921 0 
0.510669 0.539524 0 
0.510644 0.539165 0 
0.510569 0.540184 0 
0.510537 0.543661 0 
0.510508 0.511558 0 
0.510479 0.539449 0 
0.510134 0.540515 0 
0.509892 0.539649 0 
0.509816 0.542496 0 
0.509668 0.541594 0 
0.509435 0.540836 0 
0.509183 0.548191 0 
0.50909 0.543393 0 
0.508791 0.549383 0 
0.508291 0.54689 0 
0.216922 0.217461 1 
0.21608 0.223183 1 
0.215977 0.217461 1 
0.21521 0.22578 1 
0.215145 0.219998 1 
0.215049 0.224651 1 
0.214964 0.227657 1 
0.214774 0.223249 1 
0.214662 0.2226 1 
0.214609 0.224794 1 
0.214301 0.224894 1 
0.214296 0.227034 1 
0.214263 0.226506 1 
0.214256 0.232819 1 
0.214218 0.224802 1 
0.214109 0.226429 1 
0.214096 0.222038 1 
0.214024 0.220359 1 
0.213867 0.225571 1 
0.213864 0.227238 1 
0.213719 0.223752 1 
0.213713 0.221472 1 
0.213711 0.222515 1 
0.213686 0.222032 1 
0.213679 0.223624 1 
0.213647 0.223054 1 
0.213622 0.217137 1 
0.2136 0.222032 1 
0.213564 0.224769 1 
0.213563 0.222587 1 
0.213405 0.225537 1 
0.21325 0.220173 1 
0.213243 0.221491 1 
0.213183 0.225052 1 
0.213151 0.22598 1 
0.212997 0.222586 1 
0.212953 0.219243 1 
0.212932 0.224558 1 
0.212925 0.222491 1 
0.212887 0.226246 1 
0.212828 0.219736 1 
0.212824 0.222058 1 
0.212779 0.224087 1 
0.212674 0.225131 1 
0.212582 0.22598 1 
0.212571 0.221125 1 
0.212564 0.222952 1 
0.212513 0.223102 1 
0.212465 0.216952 1 
0.212447 0.223497 1 
0.21238 0.222954 1 
0.212346 0.221404 1 
0.212313 0.218237 1 
0.212175 0.224862 1 
0.212146 0.22744 1 
0.212125 0.2226 1 
0.212072 0.225239 1 
0.212063 0.222038 1 
0.212058 0.22126 1 
0.21204 0.222817 1 
0.212038 0.223795 1 
0.212018 0.223851 1 
0.212009 0.219948 1 
0.211987 0.223951 1 
0.211966 0.221051 1 
0.211896 0.221896 1 
0.211862 0.226691 1 
0.211838 0.221572 1 
0.211814 0.221969 1 
0.211761 0.219909 1 
0.211712 0.221754 1 
0.211688 0.222704 1 
0.211687 0.220624 1 
0.211653 0.221694 1 
0.211607 0.22542 1 
0.211606 0.2155 1 
0.211597 0.222522 1 
0.211594 0.216759 1 
0.21158 0.225238 1 
0.211461 0.220173 1 
0.211451 0.222763 1 
0.211432 0.220449 1 
0.211421 0.214948 1 
0.211402 0.224024 1 
0.211351 0.219654 1 
0.211349 0.225098 1 
0.21123 0.221266 1 
0.211226 0.221477 1 
0.211209 0.223162 1 
0.211054 0.222098 1 
0.21105 0.219813 1 
0.211035 0.21889 1 
0.210989 0.226979 1 
0.210947 0.22671 1 
0.210946 0.226744 1 
0.210931 0.226752 1 
0.210861 0.22129 1 
0.210854 0.21786 1 
0.210818 0.228209 1 
0.210796 0.221051 1 
0.210752 0.224862 1 
0.210747 0.21851 1 
0.210656 0.216077 1 
0.210603 0.225659 1 
0.210602 0.225118 1 
0.210591 0.224438 1 
0.210538 0.224087 1 
0.210515 0.224443 1 
0.210488 0.219878 1 
0.210447 0.219224 1 
0.210391 0.219224 1 
0.210353 0.21786 1 
0.210326 0.221419 1 
0.210303 0.227545 1 
0.210209 0.225939 1 
0.210084 0.21851 1 
0.209992 0.21036 1 
0.209807 0.223659 1 
0.209684 0.211415 1 
0.209666 0.221364 1 
0.209576 0.210022 1 
0.209483 0.210342 1 
0.209458 0.210696 1 
0.209352 0.226538 1 
0.20928 0.211541 1 
0.209238 0.221984 1 
0.209227 0.210473 1 
0.209225 0.220173 1 
0.209184 0.223689 1 
0.20916 0.224862 1 
0.209128 0.22431 1 
0.209054 0.220417 1 
0.209003 0.209196 1 
0.208974 0.216952 1 
0.208956 0.221186 1 
0.208955 0.221618 1 
0.208938 0.224907 1 
0.208891 0.222954 1 
0.208869 0.234215 1 
0.208811 0.221905 1 
0.208745 0.2155 1 
0.208692 0.219654 1 
0.208622 0.221364 1 
0.208569 0.221344 1 
0.208518 0.208929 1 
0.208463 0.227532 1 
0.208447 0.224332 1 
0.208352 0.225967 1 
0.208197 0.208299 1 
0.208129 0.208442 1 
0.208102 0.208937 1 
0.208091 0.222742 1 
0.20809 0.22156 1 
0.208088 0.221477 1 
0.208078 0.226061 1 
0.208038 0.2155 1 
0.207987 0.209048 1 
0.207965 0.230088 1 
0.207909 0.222322 1 
0.207876 0.208309 1 
0.207859 0.209255 1 
0.207829 0.219654 1 
0.207826 0.225681 1 
0.207821 0.224862 1 
0.207785 0.219242 1 
0.20777 0.209082 1 
0.207624 0.210662 1 
0.207577 0.222026 1 
0.207528 0.223525 1 
0.207526 0.220188 1 
0.207412 0.208654 1 
0.207372 0.208281 1 
0.20733 0.224061 1 
0.207265 0.210342 1 
0.207236 0.221414 1 
0.207223 0.20959 1 
0.207192 0.217796 1 
0.20717 0.217261 1 
0.207063 0.219677 1 
0.207041 0.223472 1 
0.206995 0.219619 1 
0.206969 0.207174 1 
0.206948 0.207376 1 
0.206924 0.22156 1 
0.206852 0.208304 1 
0.206845 0.207645 1 
0.206746 0.22578 1 
0.206667 0.207002 1 
0.206594 0.208302 1 
0.206584 0.22235 1 
0.20658 0.210494 1 
0.206567 0.207178 1 
0.206562 0.212558 1 
0.206544 0.20958 1 
0.206538 0.207606 1 
0.206532 0.216952 1 
0.206512 0.221364 1 
0.206483 0.226737 1 
0.206449 0.208553 1 
0.206445 0.208114 1 
0.206413 0.207363 1 
0.206407 0.208309 1 
0.20637 0.206425 1 
0.206364 0.206871 1 
0.206352 0.209908 1 
0.206331 0.206501 1 
0.206267 0.207176 1 
0.206215 0.206968 1 
0.206186 0.209407 1 
0.206182 0.216077 1 
0.206157 0.207555 1 
0.20614 0.217796 1 
0.206098 0.208206 1 
0.206079 0.227402 1 
0.206045 0.206506 1 
0.206025 0.206175 1 
0.20598 0.207056 1 
0.205963 0.20636 1 
0.205957 0.209126 1 
0.205914 0.217137 1 
0.205874 0.207521 1 
0.205865 0.216077 1 
0.205853 0.221953 1 
0.205835 0.219953 1 
0.205818 0.223689 1 
0.205812 0.207514 1 
0.20581 0.219677 1 
0.205795 0.207514 1 
0.205767 0.220173 1 
0.205757 0.210268 1 
0.205711 0.206496 1 
0.205698 0.222468 1 
0.205694 0.222559 1 
0.205642 0.206684 1 
0.205587 0.207547 1 
0.205586 0.223689 1 
0.205576 0.20628 1 
0.205552 0.217261 1 
0.205517 0.220474 1 
0.205515 0.219909 1 
0.205493 0.205586 1 
0.205483 0.210595 1 
0.205448 0.221669 1 
0.205446 0.214948 1 
0.205439 0.20663 1 
0.205395 0.221669 1 
0.205392 0.219736 1 
0.205391 0.206454 1 
0.20539 0.20562 1 
0.205371 0.206981 1 
0.205346 0.209126 1 
0.205307 0.208152 1 
0.205297 0.220417 1 
0.205286 0.205687 1 
0.205253 0.221694 1 
0.205242 0.219677 1 
0.205242 0.207251 1 
0.205231 0.223559 1 
0.205216 0.205591 1 
0.205204 0.210368 1 
0.205189 0.207134 1 
0.205161 0.206878 1 
0.20513 0.205997 1 
0.205106 0.226652 1 
0.205085 0.208302 1 
0.205085 0.205599 1 
0.205051 0.208328 1 
0.205029 0.206981 1 
0.205016 0.209537 1 
0.20501 0.221419 1 
0.205003 0.223851 1 
0.205001 0.208774 1 
0.205 0.208965 1 
0.204986 0.208227 1 
0.20497 0.208651 1 
0.204952 0.209185 1 
0.204917 0.205892 1 
0.204868 0.208257 1 
0.204858 0.205611 1 
0.204829 0.206844 1 
0.204816 0.209339 1 
0.204762 0.208738 1 
0.204755 0.209411 1 
0.204753 0.205592 1 
0.204729 0.209411 1 
0.204712 0.210642 1 
0.204693 0.210165 1 
0.204673 0.217082 1 
0.204643 0.206406 1 
0.20464 0.22235 1 
0.204635 0.216077 1 
0.204569 0.211234 1 
0.204557 0.21009 1 
0.204457 0.210889 1 
0.204452 0.20821 1 
0.204449 0.206781 1 
0.204428 0.217261 1 
0.204386 0.219224 1 
0.20436 0.217082 1 
0.204353 0.207282 1 
0.204312 0.217137 1 
0.204263 0.222704 1 
0.204246 0.21786 1 
0.204236 0.208644 1 
0.204175 0.210323 1 
0.204123 0.207754 1 
0.204082 0.207939 1 
0.204054 0.210327 1 
0.20405 0.204874 1 
0.204037 0.207888 1 
0.204012 0.20821 1 
0.203992 0.206541 1 
0.203983 0.206684 1 
0.203962 0.217461 1 
0.203953 0.20951 1 
0.203943 0.219909 1 
0.203939 0.219242 1 
0.203906 0.211453 1 
0.203812 0.219704 1 
0.20381 0.205738 1 
0.203786 0.209126 1 
0.203785 0.204209 1 
0.203776 0.217137 1 
0.20377 0.216759 1 
0.20376 0.214551 1 
0.203757 0.217796 1 
0.203733 0.214948 1 
0.203713 0.219998 1 
0.203705 0.220359 1 
0.203675 0.219704 1 
0.20365 0.204418 1 
0.203577 0.21786 1 
0.203542 0.219998 1 
0.203499 0.209279 1 
0.203456 0.205489 1 
0.203435 0.206336 1 
0.203383 0.213336 1 
0.20335 0.21876 1 
0.203335 0.220173 1 
0.203244 0.209269 1 
0.203182 0.223575 1 
0.203161 0.21889 1 
0.203098 0.209425 1 
0.203089 0.204399 1 
0.203055 0.220513 1 
0.203011 0.208512 1 
0.202944 0.219878 1 
0.202909 0.222372 1 
0.202822 0.210034 1 
0.202807 0.220624 1 
0.202764 0.220157 1 
0.202703 0.219639 1 
0.202505 0.209921 1 
0.202172 0.20363 1 
0.201534 0.201913 1 
0.201275 0.201437 1 
0.100674 0.105574 2 
0.0984949 0.101595 2 
0.0983706 0.100264 2 
0.098326 0.0994757 2 
0.0981457 0.106584 2 
0.0978585 0.101631 2 
0.0974444 0.100535 2 
0.0974305 0.0997386 2 
0.097188 0.100228 2 
0.0971772 0.100579 2 
0.0971466 0.0999952 2 
0.0970441 0.0992595 2 
0.096984 0.0999805 2 
0.0969734 0.100838 2 
0.0969716 0.0997959 2 
0.0969402 0.0990012 2 
0.0969222 0.101283 2 
0.0968313 0.0970495 2 
0.0967721 0.0977193 2 
0.096739 0.0989837 2 
0.0966296 0.0969748 2 
0.0964436 0.100579 2 
0.096429 0.0969288 2 
0.0963427 0.0982944 2 
0.0963071 0.0995211 2 
0.0960408 0.0983945 2 
0.0960341 0.0970877 2 
0.0959872 0.0982012 2 
0.0959812 0.0973284 2 
0.095892 0.100172 2 
0.0958608 0.0980422 2 
0.0958421 0.0973247 2 
0.0957845 0.0988889 2 
0.0957254 0.0957778 2 
0.0955985 0.0966423 2 
0.0955829 0.0960955 2 
0.095526 0.0976236 2 
0.0954858 0.0970133 2 
0.0954387 0.096365 2 
0.0954332 0.100935 2 
0.0954209 0.101996 2 
0.095411 0.0973733 2 
0.0953527 0.099001 2 
0.0953381 0.098729 2 
0.0953315 0.0974992 2 
0.0952869 0.0971077 2 
0.0950954 0.0959151 2 
0.0949952 0.100107 2 
0.0949797 0.0960339 2 
0.0949113 0.101509 2 
0.0948358 0.0973076 2 
0.0948232 0.100318 2 
0.0948055 0.0974154 2 
0.0946434 0.0976754 2 
0.0946421 0.0957634 2 
0.0945965 0.0989099 2 
0.0945442 0.0954256 2 
0.0945404 0.098729 2 
0.0945057 0.0974523 2 
0.0944984 0.100489 2 
0.0944915 0.0967405 2 
0.0944698 0.0994284 2 
0.0944343 0.0977843 2 
0.0944024 0.0948215 2 
0.0943599 0.0982944 2 
0.0943479 0.0980762 2 
0.0943398 0.0998456 2 
0.0943311 0.0949564 2 
0.0942816 0.0976361 2 
0.0942602 0.0966617 2 
0.0942329 0.099001 2 
0.0942064 0.101633 2 
0.0942038 0.0968112 2 
0.094178 0.0994743 2 
0.0941084 0.0993326 2 
0.0941057 0.0949983 2 
0.0940972 0.0991505 2 
0.0940367 0.0967986 2 
0.0940029 0.0977366 2 
0.0939663 0.100299 2 
0.0939459 0.100489 2 
0.0939398 0.0966438 2 
0.0937873 0.0973284 2 
0.0937831 0.0945592 2 
0.0937594 0.0939257 2 
0.0937415 0.0965196 2 
0.0937361 0.097212 2 
0.0937127 0.102901 2 
0.0936962 0.0958343 2 
0.0936778 0.0945174 2 
0.0935961 0.0937467 2 
0.0935824 0.096689 2 
0.0935025 0.0975498 2 
0.0934272 0.0951405 2 
0.0934228 0.0961775 2 
0.0934176 0.099965 2 
0.0933629 0.0937467 2 
0.0933522 0.0935307 2 
0.0931756 0.0939604 2 
0.0931332 0.0990393 2 
0.0931253 0.0983648 2 
0.0931238 0.0971697 2 
0.0931056 0.0973312 2 
0.0930652 0.0978687 2 
0.0929457 0.0955999 2 
0.0926841 0.0935886 2 
0.0926649 0.0945592 2 
0.0926387 0.0939767 2 
0.0925535 0.0958911 2 
0.0924664 0.0927184 2 
0.0924581 0.0979972 2 
0.0924398 0.0931253 2 
0.0924151 0.099001 2 
0.0923811 0.0945174 2 
0.0923691 0.101289 2 
0.0923014 0.0953986 2 
0.0922255 0.0988281 2 
0.092186 0.0930962 2 
0.0921637 0.0935307 2 
0.0921451 0.092487 2 
0.0920939 0.0964666 2 
0.0920295 0.098729 2 
0.0919937 0.0992855 2 
0.0919013 0.0931077 2 
0.0918535 0.0920666 2 
0.0917389 0.0966201 2 
0.09162 0.0961066 2 
0.0916072 0.0958911 2 
0.0915674 0.0946203 2 
0.0914929 0.0939604 2 
0.0913853 0.0958674 2 
0.0913396 0.0978776 2 
0.0912497 0.0948215 2 
0.0911846 0.0933718 2 
0.0911525 0.091824 2 
0.0909295 0.0970113 2 
0.0908947 0.0960763 2 
0.0908942 0.0927804 2 
0.0908788 0.0948215 2 
0.0908119 0.100474 2 
0.0908093 0.0959324 2 
0.0907984 0.0964783 2 
0.0907875 0.0965196 2 
0.0907865 0.0925332 2 
0.0907253 0.0970315 2 
0.0907096 0.0909173 2 
0.0906685 0.0907099 2 
0.0906527 0.0978687 2 
0.0906475 0.101125 2 
0.0906378 0.0923047 2 
0.0906181 0.0945592 2 
0.0905478 0.0958911 2 
0.0905177 0.094221 2 
0.0904894 0.0936695 2 
0.0904765 0.0955917 2 
0.0902997 0.0983367 2 
0.0902067 0.0911606 2 
0.0901984 0.090757 2 
0.0901914 0.0976754 2 
0.0901328 0.0927184 2 
0.0901218 0.0984189 2 
0.0900416 0.0949943 2 
0.0899779 0.0912092 2 
0.0899716 0.0949694 2 
0.08992 0.0919947 2 
0.0898728 0.0902425 2 
0.0898556 0.0937467 2 
0.0898228 0.0928568 2 
0.0898113 0.0964218 2 
0.0897512 0.0961235 2 
0.0897395 0.0898016 2 
0.0897386 0.0902219 2 
0.0897287 0.0903171 2 
0.0897265 0.0902219 2 
0.0897257 0.100038 2 
0.0897179 0.0980762 2 
0.0897079 0.0933375 2 
0.089688 0.0899058 2 
0.0896634 0.0981319 2 
0.0896344 0.089737 2 
0.0896316 0.0959324 2 
0.0896104 0.0971872 2 
0.0896044 0.0902492 2 
0.0895526 0.0945174 2 
0.0895384 0.0938474 2 
0.0895128 0.0978687 2 
0.0894795 0.0962743 2 
0.0894776 0.0943821 2 
0.0894662 0.0915943 2 
0.089439 0.092453 2 
0.0893818 0.0916645 2 
0.0893702 0.0897009 2 
0.0893608 0.0900182 2 
0.0893414 0.0916252 2 
0.0893179 0.0923706 2 
0.0892944 0.0966189 2 
0.0892798 0.0972506 2 
0.0892057 0.0911915 2 
0.0891945 0.0949766 2 
0.0891527 0.0964783 2 
0.0891073 0.092487 2 
0.0890743 0.0891753 2 
0.0890736 0.090319 2 
0.0890733 0.0891275 2 
0.0890525 0.0909561 2 
0.0890259 0.0891061 2 
0.0890067 0.0891753 2 
0.0890049 0.0938048 2 
0.0889762 0.0889769 2 
0.088957 0.0908733 2 
0.0889434 0.0943821 2 
0.0889174 0.0908462 2 
0.088905 0.092453 2 
0.0888885 0.0920986 2 
0.0888878 0.0916252 2 
0.0888848 0.0891061 2 
0.0888684 0.0889154 2 
0.0888328 0.0919947 2 
0.0888235 0.0922296 2 
0.0888002 0.090498 2 
0.0887883 0.0917019 2 
0.0887749 0.0914606 2 
0.0887609 0.0902262 2 
0.0887017 0.0966816 2 
0.0886795 0.0966617 2 
0.0886408 0.08958 2 
0.0886303 0.0915943 2 
0.0885955 0.0889724 2 
0.0885946 0.0896425 2 
0.0885542 0.0893901 2 
0.0885377 0.0901726 2 
0.0885372 0.0901865 2 
0.0885206 0.0927804 2 
0.0885116 0.0899195 2 
0.0884253 0.090319 2 
0.0884002 0.0913569 2 
0.0883409 0.0909177 2 
0.0883151 0.0916252 2 
0.0883134 0.0949694 2 
0.0883027 0.0888073 2 
0.0882893 0.091662 2 
0.0882812 0.0919947 2 
0.0882605 0.092453 2 
0.0882577 0.0902219 2 
0.0882102 0.0917891 2 
0.0881838 0.0911915 2 
0.0881746 0.0889033 2 
0.088173 0.0920964 2 
0.0881089 0.0890726 2 
0.0880693 0.0898694 2 
0.0880684 0.0943821 2 
0.0880457 0.0896839 2 
0.0880237 0.0925367 2 
0.0880233 0.0908052 2 
0.0879773 0.0909561 2 
0.0879725 0.091883 2 
0.0879497 0.0902518 2 
0.0879321 0.0918627 2 
0.087903 0.0939604 2 
0.0878073 0.0948979 2 
0.0878044 0.0897797 2 
0.0877793 0.0882743 2 
0.0877593 0.089022 2 
0.0877476 0.0924817 2 
0.0877366 0.0944385 2 
0.0877235 0.0888073 2 
0.0877218 0.0903908 2 
0.0877071 0.0893705 2 
0.0877046 0.0923227 2 
0.0876396 0.0906939 2 
0.0876089 0.0893198 2 
0.0876042 0.0876433 2 
0.0875972 0.0925367 2 
0.0875876 0.0906041 2 
0.0875447 0.0948666 2 
0.0875304 0.0913048 2 
0.0875219 0.0933355 2 
0.0875171 0.0915089 2 
0.0875018 0.0899013 2 
0.0874951 0.0913052 2 
0.0874471 0.0881047 2 
0.0874356 0.0899195 2 
0.087407 0.0915388 2 
0.0873569 0.0901948 2 
0.0873018 0.0925367 2 
0.0872959 0.0881607 2 
0.0872908 0.0908872 2 
0.0872648 0.0875419 2 
0.0872183 0.0948666 2 
0.0871948 0.0872162 2 
0.0871883 0.0955251 2 
0.0871782 0.09055 2 
0.0871642 0.0924817 2 
0.0871504 0.0946968 2 
0.0871379 0.0913164 2 
0.0869716 0.0959224 2 
0.086944 0.0908462 2 
0.0869369 0.0982926 2 
0.0869096 0.0921366 2 
0.0868833 0.0948215 2 
0.0868742 0.0948979 2 
0.0868565 0.0915417 2 
0.0868449 0.0955251 2 
0.0868419 0.0913249 2 
0.0868214 0.092465 2 
0.0868186 0.0892807 2 
0.0868129 0.0927804 2 
0.0867684 0.0952858 2 
0.0867194 0.0924265 2 
0.0867189 0.0930131 2 
0.0866933 0.0951405 2 
0.0866425 0.0901553 2 
0.0866148 0.0935307 2 
0.086586 0.0936695 2 
0.0865725 0.0956886 2 
0.0865688 0.0883752 2 
0.0865098 0.0924807 2 
0.0861664 0.0957634 2 
0.0860475 0.0939633 2 
0.085983 0.0939257 2 
0.0488828 0.0506768 3 
0.0473647 0.0479362 3 
0.0470102 0.0471362 3 
0.046403 0.0471362 3 
0.046092 0.0466649 3 
0.045665 0.0476296 3 
0.0456292 0.0469452 3 
0.0453445 0.0475719 3 
0.0452048 0.0455062 3 
0.0451985 0.0452144 3 
0.0450995 0.0460223 3 
0.0450984 0.0453769 3 
0.0450355 0.0451614 3 
0.0450321 0.0459415 3 
0.0449989 0.0462679 3 
0.044987 0.0467394 3 
0.0449197 0.0469603 3 
0.0448168 0.0455612 3 
0.0447759 0.0455008 3 
0.0447691 0.0461919 3 
0.0446744 0.0457609 3 
0.0446542 0.0465007 3 
0.0446222 0.0448354 3 
0.0446126 0.0453979 3 
0.044593 0.0460339 3 
0.044593 0.0462277 3 
0.044574 0.0472837 3 
0.0444615 0.0451782 3 
0.0444251 0.0462679 3 
0.0444191 0.0480847 3 
0.0443889 0.0449073 3 
0.0443845 0.0444223 3 
0.0443256 0.0458707 3 
0.0442267 0.0447007 3 
0.0441236 0.0456295 3 
0.0439706 0.0441522 3 
0.0439696 0.044868 3 
0.0439154 0.0442229 3 
0.0437664 0.0440648 3 
0.0437414 0.0446618 3 
0.0437354 0.0443418 3 
0.0436833 0.0451081 3 
0.0435913 0.0436836 3 
0.0434058 0.0446654 3 
0.0433443 0.0437853 3 
0.0433428 0.0436101 3 
0.0433252 0.0455062 3 
0.0431799 0.0450161 3 
0.0431468 0.0443673 3 
0.0431026 0.043536 3 
0.0430912 0.0472148 3 
0.043074 0.0431701 3 
0.0430303 0.0433589 3 
0.043018 0.0457218 3 
0.0429883 0.0444255 3 
0.0428431 0.0455612 3 
0.0428369 0.046589 3 
0.0428355 0.0438584 3 
0.0427881 0.0428853 3 
0.0427499 0.0454523 3 
0.0426793 0.0435637 3 
0.0425683 0.0427056 3 
0.04251 0.0432815 3 
0.0425083 0.0448433 3 
0.0424431 0.0440021 3 
0.0423722 0.0433589 3 
0.0423297 0.0437508 3 
0.042311 0.0454912 3 
0.04226 0.0473026 3 
0.0422149 0.0423943 3 
0.0421986 0.0431296 3 
0.0421401 0.0446618 3 
0.0421386 0.0434518 3 
0.0421335 0.0445491 3 
0.0421271 0.0444666 3 
0.0421199 0.043424 3 
0.0420622 0.0436539 3 
0.0420175 0.0425503 3 
0.041988 0.0424865 3 
0.041971 0.0422047 3 
0.0419235 0.0432877 3 
0.0418896 0.0440583 3 
0.0418401 0.0443488 3 
0.0418134 0.0435242 3 
0.0417975 0.0435961 3 
0.0417728 0.0449073 3 
0.0417281 0.0433589 3 
0.0417069 0.0424736 3 
0.0416831 0.0451593 3 
0.0416795 0.0420399 3 
0.0416784 0.0435628 3 
0.0416644 0.0426346 3 
0.0416416 0.0434535 3 
0.0416243 0.044704 3 
0.0416166 0.0425559 3 
0.0416134 0.0447834 3 
0.0415776 0.0424431 3 
0.0415455 0.0431826 3 
0.0414972 0.0423413 3 
0.0414967 0.0436539 3 
0.0414432 0.041659 3 
0.0414112 0.0436539 3 
0.0414093 0.0461953 3 
0.0413742 0.0432765 3 
0.0413701 0.0452537 3 
0.0413544 0.0417112 3 
0.0413436 0.0442669 3 
0.0413411 0.0434535 3 
0.0413293 0.0446618 3 
0.041326 0.0455805 3 
0.0412845 0.0420405 3 
0.0412753 0.0437448 3 
0.0412598 0.0417345 3 
0.0412558 0.0426851 3 
0.0412193 0.0443134 3 
0.0411749 0.0412914 3 
0.0411519 0.0419882 3 
0.0411479 0.0433589 3 
0.0411415 0.0421809 3 
0.0411112 0.0412331 3 
0.041035 0.0435961 3 
0.0410203 0.0425116 3 
0.0410144 0.0445465 3 
0.0409648 0.0419132 3 
0.0409555 0.0438767 3 
0.0409508 0.0421015 3 
0.0409463 0.0421131 3 
0.0409196 0.0415974 3 
0.0409052 0.0421131 3 
0.0408889 0.0411601 3 
0.0408745 0.0422997 3 
0.0408717 0.0432129 3 
0.0408367 0.0408439 3 
0.040828 0.0408488 3 
0.0408206 0.0408441 3 
0.0408113 0.0409143 3 
0.0407534 0.0432949 3 
0.0407465 0.0412834 3 
0.04073 0.0426031 3 
0.0407253 0.0413185 3 
0.0407243 0.0428374 3 
0.040709 0.0427257 3 
0.040682 0.0432877 3 
0.0406787 0.0410197 3 
0.0406675 0.0412877 3 
0.0406506 0.0422489 3 
0.0406125 0.0424736 3 
0.0405929 0.0415314 3 
0.040578 0.0423424 3 
0.0405659 0.0418577 3 
0.0405648 0.0417345 3 
0.0405455 0.04122 3 
0.0405212 0.0415889 3 
0.0405155 0.0408457 3 
0.0404848 0.0408488 3 
0.0404546 0.0444736 3 
0.0404374 0.0423782 3 
0.0404149 0.0406935 3 
0.0403976 0.0408202 3 
0.0403662 0.0412567 3 
0.0403652 0.0424733 3 
0.0403561 0.0423609 3 
0.0403519 0.0420887 3 
0.0403421 0.0409906 3 
0.040329 0.0406755 3 
0.0402812 0.0403258 3 
0.040277 0.0408488 3 
0.0402654 0.043775 3 
0.0402257 0.0419341 3 
0.0402084 0.0421902 3 
0.0401997 0.0402926 3 
0.0401813 0.0402407 3 
0.0401755 0.041399 3 
0.0401462 0.0417345 3 
0.0401337 0.041405 3 
0.0401305 0.0420503 3 
0.0401074 0.0405586 3 
0.040039 0.0422315 3 
0.040038 0.0404687 3 
0.0400113 0.0427257 3 
0.0400022 0.0402019 3 
0.0399979 0.043085 3 
0.0399939 0.0414724 3 
0.0399931 0.043102 3 
0.0399882 0.0423782 3 
0.0399817 0.0407378 3 
0.0399623 0.0421671 3 
0.039953 0.0426537 3 
0.0399525 0.0433369 3 
0.0399411 0.042669 3 
0.0399398 0.0405586 3 
0.039924 0.0413288 3 
0.0399227 0.0409972 3 
0.0399004 0.0434104 3 
0.0398897 0.0429152 3 
0.0398815 0.0455612 3 
0.0398765 0.0419762 3 
0.0398751 0.0412157 3 
0.0398751 0.0424837 3 
0.0398562 0.042384 3 
0.0398328 0.0435637 3 
0.039821 0.0404524 3 
0.039818 0.0420443 3 
0.0397942 0.0416651 3 
0.0397928 0.0432548 3 
0.0397703 0.0405025 3 
0.0397564 0.0420309 3 
0.0397333 0.0434756 3 
0.0397307 0.0404524 3 
0.0396974 0.040994 3 
0.0396854 0.0412331 3 
0.039674 0.0422842 3 
0.0396447 0.04122 3 
0.0396412 0.0425503 3 
0.0396263 0.0422047 3 
0.0396112 0.0414253 3 
0.0395799 0.0425709 3 
0.0395423 0.0450511 3 
0.0395411 0.0425464 3 
0.0395392 0.0407405 3 
0.0395248 0.0401711 3 
0.0395144 0.043065 3 
0.0394999 0.043425 3 
0.0394989 0.0402949 3 
0.0394957 0.0399499 3 
0.0394849 0.0425117 3 
0.0394455 0.0410186 3 
0.0394432 0.0412877 3 
0.0394364 0.0422901 3 
0.0394244 0.0428586 3 
0.0393969 0.0401576 3 
0.0393891 0.0403445 3 
0.039384 0.0427606 3 
0.0393814 0.0425191 3 
0.0393347 0.0418004 3 
0.0393236 0.0413185 3 
0.0393232 0.0413437 3 
0.0392516 0.0433238 3 
0.0391802 0.0430285 3 
0.0391583 0.04302 3 
0.0390173 0.0409818 3 
0.0390085 0.041659 3 
0.0389311 0.0428374 3 
0.0389227 0.0422947 3 
0.0389188 0.0420629 3 
0.038897 0.0415974 3 
0.0388903 0.0404135 3 
0.0388886 0.039026 3 
0.0388682 0.043583 3 
0.0388297 0.0434394 3 
0.0387474 0.0396126 3 
0.0386944 0.043583 3 
0.0382891 0.0421085 3 
0.0225346 0.022967 4 
0.0225135 0.0226685 4 
0.0224982 0.0225188 4 
0.0223095 0.0225891 4 
0.0222457 0.0224452 4 
0.0221321 0.0226514 4 
0.0221016 0.02248 4 
0.0219798 0.0222369 4 
0.0219313 0.022755 4 
0.021803 0.0225062 4 
0.0217798 0.0220965 4 
0.021689 0.023217 4 
0.021653 0.0217295 4 
0.0215748 0.0219592 4 
0.0215571 0.0215589 4 
0.0215431 0.0218807 4 
0.021519 0.0215293 4 
0.0214973 0.021695 4 
0.0213143 0.0213251 4 
0.0212253 0.0213595 4 
0.0212147 0.0213874 4 
0.0211725 0.0223041 4 
0.0211724 0.0214331 4 
0.0209938 0.0223117 4 
0.020976 0.0215418 4 
0.0209429 0.0223218 4 
0.0208343 0.0210438 4 
0.0207777 0.0209098 4 
0.020752 0.0226685 4 
0.0207242 0.0219396 4 
0.0206831 0.0211863 4 
0.0206796 0.0207209 4 
0.0206691 0.0209124 4 
0.0206216 0.0225002 4 
0.0205985 0.0207604 4 
0.0205723 0.0226481 4 
0.0205595 0.0211602 4 
0.0205552 0.0229068 4 
0.0204539 0.0207148 4 
0.0204159 0.0208072 4 
0.0204057 0.0204643 4 
0.0203838 0.020716 4 
0.0203666 0.0209974 4 
0.0203485 0.02061 4 
0.0203443 0.0207089 4 
0.0203343 0.0218454 4 
0.0202998 0.0205017 4 
0.0202793 0.0203848 4 
0.020275 0.0209824 4 
0.0202704 0.0212455 4 
0.0202687 0.0209251 4 
0.0202226 0.0207108 4 
0.0202048 0.0203648 4 
0.0201077 0.0203992 4 
0.0200935 0.0205507 4 
0.0200848 0.0214729 4 
0.0200839 0.0204207 4 
0.0200764 0.0205779 4 
0.0200317 0.0200486 4 
0.0200206 0.0208624 4 
0.0199978 0.0201279 4 
0.0199959 0.0203992 4 
0.0199776 0.0204578 4 
0.0199624 0.0206734 4 
0.0199395 0.0205351 4 
0.0199367 0.0218867 4 
0.0199355 0.0205946 4 
0.0199044 0.0210976 4 
0.0198857 0.0203992 4 
0.0198621 0.0217527 4 
0.0198587 0.020175 4 
0.0198436 0.0209974 4 
0.0198366 0.0215403 4 
0.0198326 0.0205186 4 
0.0198172 0.019844 4 
0.0198162 0.0202416 4 
0.0198155 0.0204776 4 
0.0197852 0.0202737 4 
0.0197723 0.0211571 4 
0.0197496 0.0201279 4 
0.0197462 0.0201163 4 
0.0197422 0.0201744 4 
0.0197248 0.0211146 4 
0.0197109 0.0213874 4 
0.0196947 0.020248 4 
0.0196928 0.0201279 4 
0.0196814 0.0215111 4 
0.0196771 0.0197134 4 
0.0196731 0.0197571 4 
0.0196654 0.021136 4 
0.0196614 0.0202771 4 
0.0196526 0.0217527 4 
0.0196456 0.019775 4 
0.0196308 0.0197216 4 
0.019624 0.0196389 4 
0.0196184 0.0204159 4 
0.0196109 0.0212455 4 
0.019605 0.0196079 4 
0.0195872 0.0202114 4 
0.0195759 0.0207306 4 
0.0195403 0.0199764 4 
0.0194433 0.0197216 4 
0.0194429 0.020248 4 
0.0194192 0.0197859 4 
0.0194096 0.0199079 4 
0.0194076 0.0194809 4 
0.0193524 0.020811 4 
0.0193523 0.0201163 4 
0.0193509 0.0200486 4 
0.0193406 0.0193599 4 
0.0193295 0.0200056 4 
0.019325 0.0196899 4 
0.0193047 0.019501 4 
0.0192946 0.0200486 4 
0.0192925 0.0200404 4 
0.019283 0.0204275 4 
0.0192792 0.0193704 4 
0.0192721 0.0201362 4 
0.019225 0.0196885 4 
0.0192176 0.0192632 4 
0.0192032 0.0200772 4 
0.0192024 0.02169 4 
0.0191467 0.0202385 4 
0.0191344 0.0213219 4 
0.0191309 0.0198972 4 
0.0191187 0.0200573 4 
0.0191128 0.0196606 4 
0.0191015 0.0195841 4 
0.0190989 0.0214273 4 
0.0190821 0.0197498 4 
0.019078 0.0201137 4 
0.0190761 0.0194703 4 
0.0190699 0.0212956 4 
0.0190485 0.0197882 4 
0.0190445 0.0195223 4 
0.019032 0.0203561 4 
0.0190234 0.0192589 4 
0.0190179 0.0202818 4 
0.0190094 0.0205351 4 
0.0190062 0.020373 4 
0.0189644 0.0191 4 
0.0189443 0.0198972 4 
0.0189358 0.0198963 4 
0.0189282 0.0196129 4 
0.0189163 0.0204246 4 
0.0189155 0.0203267 4 
0.0188917 0.0194053 4 
0.01888 0.0205017 4 
0.0188634 0.0190939 4 
0.0188547 0.020351 4 
0.0188508 0.0199468 4 
0.0188455 0.0205433 4 
0.0188239 0.0203079 4 
0.0188168 0.019775 4 
0.0187972 0.020835 4 
0.0187905 0.0200141 4 
0.0187821 0.0204149 4 
0.0187779 0.0191063 4 
0.0187767 0.0205753 4 
0.0187766 0.0205017 4 
0.0187757 0.0196379 4 
0.0187736 0.0201137 4 
0.0187668 0.0204261 4 
0.0187609 0.0192053 4 
0.018748 0.0193165 4 
0.0187456 0.0196917 4 
0.0187428 0.0191383 4 
0.0187417 0.0203596 4 
0.0187239 0.0192005 4 
0.018717 0.0191919 4 
0.0187098 0.019601 4 
0.0187098 0.0195826 4 
0.0186873 0.0201527 4 
0.0186802 0.0192005 4 
0.0186639 0.0201835 4 
0.0186635 0.0201815 4 
0.0186606 0.0203596 4 
0.0186312 0.0204017 4 
0.0186298 0.0207148 4 
0.0186235 0.020351 4 
0.018616 0.0195826 4 
0.0186127 0.0214521 4 
0.018607 0.0201595 4 
0.0185814 0.0190533 4 
0.0185761 0.0202114 4 
0.018568 0.0197987 4 
0.0185361 0.0191383 4 
0.0185317 0.019128 4 
0.0185154 0.0187044 4 
0.0185069 0.0192527 4 
0.0184999 0.0192053 4 
0.0184747 0.0189868 4 
0.0184681 0.020036 4 
0.018464 0.0193331 4 
0.0184612 0.0202416 4 
0.0184366 0.0197654 4 
0.0184115 0.0206318 4 
0.0184045 0.0196229 4 
0.0183947 0.019555 4 
0.0183766 0.0186202 4 
0.0183557 0.0198754 4 
0.018338 0.0193469 4 
0.0183365 0.0199933 4 
0.0182708 0.0203079 4 
0.0182442 0.0191596 4 
0.0182251 0.0205681 4 
0.0181526 0.0194518 4 
0.0180839 0.0195377 4 
0.0180704 0.020636 4 
0.0179879 0.0188109 4 
0.0179803 0.0209754 4 
0.0179199 0.0195223 4 
0.01132 0.0113486 5 
0.0111579 0.0112675 5 
0.011083 0.0111612 5 
0.0109957 0.0110933 5 
0.0109252 0.011029 5 
0.0108972 0.0109136 5 
0.0108727 0.0109011 5 
0.0108043 0.0114961 5 
0.0106826 0.0106844 5 
0.0106447 0.0111731 5 
0.0105307 0.0110391 5 
0.0105302 0.0109418 5 
0.0103722 0.010407 5 
0.0103396 0.0109792 5 
0.0103376 0.0113976 5 
0.0103362 0.0104973 5 
0.0102762 0.0105556 5 
0.0102067 0.0110192 5 
0.0101913 0.0107392 5 
0.0101384 0.010177 5 
0.0101369 0.0109179 5 
0.0101332 0.0112381 5 
0.0101109 0.0103051 5 
0.0100586 0.0102768 5 
0.0100551 0.0101608 5 
0.0100543 0.0101468 5 
0.0100369 0.0100497 5 
0.0100351 0.0100635 5 
0.0100203 0.0101654 5 
0.0100156 0.0101662 5 
0.00999957 0.0100908 5 
0.00998275 0.0100822 5 
0.00993614 0.0100281 5 
0.00989781 0.0104061 5 
0.00989046 0.0101073 5 
0.00989026 0.0102057 5 
0.00988407 0.01027 5 
0.0098758 0.010077 5 
0.00986989 0.00988117 5 
0.009845 0.010077 5 
0.00984234 0.0105479 5 
0.00982968 0.010289 5 
0.00980555 0.0105923 5 
0.00980474 0.00991046 5 
0.00979997 0.00992443 5 
0.00979901 0.0106684 5 
0.00979457 0.0104038 5 
0.00978848 0.010584 5 
0.00978835 0.0100088 5 
0.00978169 0.00979906 5 
0.0097775 0.0102105 5 
0.00975255 0.00977727 5 
0.0097515 0.00990358 5 
0.0097426 0.0104698 5 
0.00972654 0.00986381 5 
0.00971015 0.0103633 5 
0.00970588 0.0102487 5 
0.00970452 0.00995408 5 
0.00969469 0.00972956 5 
0.00968193 0.0102352 5 
0.00968141 0.0100324 5 
0.00964914 0.0103984 5 
0.00964577 0.00975479 5 
0.00964265 0.0104744 5 
0.0096302 0.0100405 5 
0.00962996 0.0097516 5 
0.00962902 0.00966639 5 
0.00962799 0.0104671 5 
0.00961637 0.01005 5 
0.00961401 0.0103051 5 
0.00957942 0.00975642 5 
0.00956862 0.00978105 5 
0.00955995 0.0104977 5 
0.00954771 0.0102204 5 
0.00953583 0.00953892 5 
0.00952651 0.00954292 5 
0.00952535 0.00988338 5 
0.00952326 0.00989139 5 
0.00951465 0.00951759 5 
0.00950059 0.00978452 5 
0.00949231 0.00977487 5 
0.00949092 0.00995359 5 
0.00948816 0.00982166 5 
0.00948315 0.00977127 5 
0.00947137 0.00993168 5 
0.0094657 0.00978105 5 
0.00946323 0.0100439 5 
0.00945695 0.00949404 5 
0.00943607 0.00966244 5 
0.00943272 0.00954431 5 
0.00942536 0.00944725 5 
0.00941252 0.00975837 5 
0.00941048 0.0103746 5 
0.00940904 0.0100736 5 
0.00940152 0.00946156 5 
0.00936718 0.00965393 5 
0.0093657 0.00946156 5 
0.00934951 0.0104355 5 
0.00932905 0.00992737 5 
0.00932555 0.00999151 5 
0.00932154 0.00977487 5 
0.00930503 0.00983261 5 
0.00928696 0.00971788 5 
0.00928668 0.0100456 5 
0.00928592 0.00971796 5 
0.00928128 0.0103812 5 
0.00927571 0.00986987 5 
0.00927122 0.00936275 5 
0.00926181 0.00952756 5 
0.00924789 0.00953949 5 
0.00924197 0.0102056 5 
0.00923672 0.00932913 5 
0.00923352 0.00987842 5 
0.00923075 0.00975837 5 
0.00923039 0.00949773 5 
0.00922033 0.00939962 5 
0.00922004 0.00952756 5 
0.00921351 0.00945125 5 
0.00920585 0.00987657 5 
0.00919976 0.00927235 5 
0.00918982 0.00970409 5 
0.00918831 0.00978505 5 
0.00917202 0.00981762 5 
0.00916846 0.00927235 5 
0.00916736 0.0093083 5 
0.00916694 0.00999938 5 
0.0091648 0.0102995 5 
0.00915906 0.00953484 5 
0.00914375 0.0102636 5 
0.00914181 0.0100057 5 
0.00913555 0.00962007 5 
0.00911824 0.00933965 5 
0.00910464 0.00975642 5 
0.00910178 0.0100908 5 
0.00909875 0.00972849 5 
0.00909448 0.0093083 5 
0.00908064 0.0100464 5 
0.0090715 0.00937939 5 
0.00906157 0.00966639 5 
0.00905633 0.00970875 5 
0.00905407 0.00993156 5 
0.00905402 0.00943437 5 
0.0090455 0.0104522 5 
0.00904086 0.00980538 5 
0.00902725 0.00938871 5 
0.00902699 0.00973576 5 
0.0090245 0.00935314 5 
0.00902271 0.00993386 5 
0.00898895 0.0100631 5 
0.00898121 0.00998282 5 
0.00898074 0.0099181 5 
0.00897302 0.00938073 5 
0.00897262 0.00926983 5 
0.00897056 0.00992737 5 
0.0089595 0.00919745 5 
0.00894946 0.00951824 5 
0.0089468 0.00937908 5 
0.00893413 0.00910909 5 
0.00892482 0.00935314 5 
0.00891608 0.0100251 5 
0.00890386 0.00935254 5 
0.00889966 0.0096341 5 
0.00889775 0.0093365 5 
0.00889482 0.00938148 5 
0.00889252 0.00971284 5 
0.00888483 0.00953892 5 
0.00888285 0.00997935 5 
0.00887517 0.0101182 5 
0.00886423 0.00972849 5 
0.00885935 0.0096017 5 
0.00882945 0.0091636 5 
0.00882129 0.00959744 5 
0.00881117 0.009311 5 
0.00880582 0.00887557 5 
0.00874591 0.00999826 5 
0.00873887 0.00927235 5 
0.00870881 0.0102832 5 
0.00866907 0.00890697 5 
0.00864356 0.00937939 5 
0.00861873 0.009311 5 
0.00564496 0.00576743 6 
0.0054631 0.00580549 6 
0.00544291 0.00555332 6 
0.00540149 0.00557475 6 
0.00536268 0.00546413 6 
0.00531755 0.00568698 6 
0.00529229 0.00553544 6 
0.00527766 0.00529623 6 
0.00523162 0.00525392 6 
0.00522333 0.00540469 6 
0.00514115 0.0054635 6 
0.00513947 0.00514635 6 
0.00509665 0.00544039 6 
0.00509389 0.00556668 6 
0.00508132 0.00540232 6 
0.0050809 0.00509727 6 
0.005079 0.00520517 6 
0.00507284 0.00509784 6 
0.00506338 0.00520343 6 
0.00502871 0.00507829 6 
0.00501381 0.0050346 6 
0.00498513 0.00502866 6 
0.00498354 0.0051516 6 
0.00498265 0.00525889 6 
0.00497959 0.00539481 6 
0.00497727 0.00507609 6 
0.00496659 0.00525466 6 
0.00496548 0.00497574 6 
0.0049587 0.00523872 6 
0.00495786 0.0050368 6 
0.00495167 0.00496476 6 
0.00493902 0.00511008 6 
0.00492707 0.00507956 6 
0.00492515 0.0049778 6 
0.0049205 0.00533951 6 
0.00491723 0.00504963 6 
0.00491518 0.00510208 6 
0.00491426 0.00499587 6 
0.00490908 0.00511447 6 
0.00490487 0.00527982 6 
0.00490317 0.00509727 6 
0.00487015 0.00505032 6 
0.00486831 0.00515894 6 
0.00485412 0.00500899 6 
0.00485026 0.00519285 6 
0.00484412 0.00487368 6 
0.00483272 0.00498869 6 
0.00483021 0.00519154 6 
0.00482734 0.00522819 6 
0.0048264 0.00495661 6 
0.00482287 0.00484123 6 
0.00482192 0.00489271 6 
0.00482082 0.00490807 6 
0.00481614 0.00486714 6 
0.00481304 0.00486722 6 
0.00481221 0.00491504 6 
0.00480439 0.00512765 6 
0.00480147 0.00522819 6 
0.0047994 0.00509784 6 
0.00479939 0.00488015 6 
0.00479862 0.00489959 6 
0.00479313 0.00488579 6 
0.00478278 0.00482239 6 
0.00478078 0.00484406 6 
0.00476178 0.00505214 6 
0.00475616 0.00483272 6 
0.00475402 0.00496973 6 
0.0047437 0.00507844 6 
0.00472929 0.00475049 6 
0.00472785 0.00490596 6 
0.00472188 0.00479083 6 
0.00471954 0.00490596 6 
0.00471914 0.00501813 6 
0.00471902 0.00510086 6 
0.00471767 0.00476133 6 
0.00470447 0.00474897 6 
0.0046968 0.00471559 6 
0.00469071 0.00504042 6 
0.00468219 0.00516353 6 
0.00466763 0.00486702 6 
0.00466408 0.00504848 6 
0.00466133 0.00507939 6 
0.00465262 0.00471559 6 
0.00465201 0.00512277 6 
0.00464487 0.00467547 6 
0.0046377 0.00483056 6 
0.00462834 0.00464501 6 
0.00462786 0.0048613 6 
0.00462423 0.00500611 6 
0.00462195 0.00483681 6 
0.00461979 0.00471895 6 
0.00461864 0.0049328 6 
0.00460212 0.00491638 6 
0.0045934 0.00472041 6 
0.00459273 0.00466676 6 
0.00458973 0.00469327 6 
0.00458451 0.00513701 6 
0.00457967 0.00460538 6 
0.00457736 0.00466676 6 
0.00457335 0.00464583 6 
0.00456615 0.00482234 6 
0.00456311 0.00485658 6 
0.00456301 0.00476115 6 
0.00456163 0.00492413 6 
0.00455618 0.00469301 6 
0.00455181 0.0049328 6 
0.00455003 0.00492615 6 
0.00454922 0.00481051 6 
0.00454723 0.00486714 6 
0.00454625 0.00507829 6 
0.00454147 0.00459785 6 
0.00454047 0.00500233 6 
0.00452763 0.00531394 6 
0.00452373 0.00474347 6 
0.00452249 0.00476816 6 
0.00452244 0.0047716 6 
0.00452097 0.00507508 6 
0.00451946 0.004612 6 
0.00451802 0.0046812 6 
0.00450376 0.00470882 6 
0.00449772 0.00504848 6 
0.00448833 0.00480846 6 
0.0044847 0.0048341 6 
0.0044827 0.00463458 6 
0.00447951 0.0049332 6 
0.00447842 0.00458075 6 
0.00447371 0.00480814 6 
0.00447296 0.00490752 6 
0.00447135 0.00499113 6 
0.00446679 0.00493984 6 
0.00445988 0.00466357 6 
0.00445959 0.00473399 6 
0.00445674 0.00469707 6 
0.00445555 0.00448918 6 
0.00443783 0.00469927 6 
0.00443193 0.00455227 6 
0.00443132 0.00492415 6 
0.00442921 0.00494682 6 
0.00442237 0.00505024 6 
0.00441953 0.00492196 6 
0.00441533 0.00463783 6 
0.0044097 0.00464583 6 
0.00440768 0.00496845 6 
0.00439984 0.0047197 6 
0.00439224 0.0046693 6 
0.00439159 0.0047678 6 
0.0043915 0.00490752 6 
0.00438236 0.00470978 6 
0.00437845 0.00467547 6 
0.00437758 0.00446877 6 
0.00437698 0.00474508 6 
0.00436739 0.00494487 6 
0.00436546 0.00494898 6 
0.00434563 0.00465456 6 
0.00432994 0.00481742 6 
0.00432313 0.00507829 6 
0.00432174 0.00434044 6 
0.0043089 0.00454149 6 
0.00429467 0.00453099 6 
0.00426317 0.00453099 6 
0.00426278 0.00453099 6 
0.0042565 0.00465584 6 
0.00295914 0.00300642 7 
0.00292122 0.00293125 7 
0.00282317 0.00297719 7 
0.00281086 0.00286039 7 
0.00278262 0.00286919 7 
0.00275198 0.00289014 7 
0.00268939 0.00272643 7 
0.00268835 0.00280281 7 
0.00266599 0.0027007 7 
0.00263944 0.00281116 7 
0.00260146 0.00279595 7 
0.00260046 0.00271192 7 
0.00257459 0.00272397 7 
0.00256888 0.00272378 7 
0.00256797 0.00258763 7 
0.00256523 0.0026798 7 
0.00256455 0.00269563 7 
0.00256104 0.00274894 7 
0.00255832 0.00274131 7 
0.00255119 0.00259656 7 
0.00254634 0.00265014 7 
0.00253065 0.00257816 7 
0.0025303 0.00258456 7 
0.00252398 0.00260885 7 
0.00251751 0.00269339 7 
0.00251047 0.00269317 7 
0.00249182 0.00255079 7 
0.00248884 0.00265208 7 
0.00248776 0.00254508 7 
0.00248578 0.00252669 7 
0.00248552 0.00258951 7 
0.00248021 0.00252956 7 
0.00247945 0.00258175 7 
0.00247709 0.00249856 7 
0.00247075 0.00248073 7 
0.00246269 0.00260782 7 
0.00245766 0.00247235 7 
0.00245713 0.00254894 7 
0.00245305 0.00249994 7 
0.00245233 0.00259479 7 
0.0024493 0.00259067 7 
0.00244795 0.00251966 7 
0.00244719 0.00258389 7 
0.00244642 0.00261058 7 
0.00244134 0.00245697 7 
0.00243736 0.00261449 7 
0.00243674 0.00249881 7 
0.00243358 0.00243482 7 
0.00242959 0.00256231 7 
0.00242889 0.00255011 7 
0.00242868 0.00248978 7 
0.00242345 0.00244032 7 
0.00242096 0.00251205 7 
0.0024201 0.00255508 7 
0.00241967 0.00247838 7 
0.00241775 0.00269929 7 
0.00240159 0.00242971 7 
0.00239804 0.00241279 7 
0.00239714 0.00243592 7 
0.00239349 0.002522 7 
0.00238301 0.00255249 7 
0.00237976 0.00239063 7 
0.00237895 0.00242971 7 
0.00237435 0.00251141 7 
0.00236483 0.00258992 7 
0.00236296 0.00257251 7 
0.00235506 0.00243743 7 
0.00234783 0.00237813 7 
0.00234765 0.00242437 7 
0.00234521 0.00245264 7 
0.00234186 0.00234601 7 
0.00234156 0.00251706 7 
0.00233708 0.00242605 7 
0.00233627 0.00258614 7 
0.00233337 0.00245418 7 
0.00233257 0.00255932 7 
0.0023321 0.00238274 7 
0.00233027 0.00252212 7 
0.00232996 0.00246 7 
0.00232832 0.00259168 7 
0.00232765 0.00257707 7 
0.00232276 0.00246087 7 
0.00232253 0.00238549 7 
0.00232233 0.00232888 7 
0.0023144 0.00278014 7 
0.00230649 0.00232888 7 
0.00230417 0.0025062 7 
0.00230204 0.00239606 7 
0.00230008 0.00239628 7 
0.00229784 0.0023807 7 
0.00229713 0.00251706 7 
0.0022971 0.00243838 7 
0.00229537 0.00258248 7 
0.00229344 0.00236286 7 
0.00229255 0.00232519 7 
0.00228575 0.0024847 7 
0.00227957 0.00240927 7 
0.00227845 0.00236322 7 
0.00227507 0.00232519 7 
0.00227067 0.00247777 7 
0.00226927 0.00233009 7 
0.00226858 0.00257767 7 
0.00226285 0.00241917 7 
0.00226128 0.00249406 7 
0.00225796 0.00233215 7 
0.00225671 0.00227227 7 
0.00225607 0.00238736 7 
0.00225595 0.00243004 7 
0.00224992 0.00234066 7 
0.0022494 0.00237908 7 
0.00224831 0.00237776 7 
0.00224802 0.00229989 7 
0.00224796 0.00249856 7 
0.00224793 0.002522 7 
0.00224615 0.00251821 7 
0.00224545 0.00233211 7 
0.00224311 0.00248728 7 
0.00223775 0.00234507 7 
0.00223084 0.00230701 7 
0.0022294 0.00231545 7 
0.00222719 0.00235822 7 
0.00222719 0.0024671 7 
0.00222593 0.00255791 7 
0.00222464 0.00236221 7 
0.00222303 0.00248534 7 
0.00222035 0.0022566 7 
0.00221899 0.0023632 7 
0.00221704 0.00253798 7 
0.00221615 0.00253255 7 
0.00221096 0.00234066 7 
0.00221036 0.00241997 7 
0.00220561 0.00234767 7 
0.00220493 0.00252154 7 
0.00220012 0.00222578 7 
0.00219794 0.00241494 7 
0.00219643 0.00237338 7 
0.00219569 0.00245459 7 
0.00218738 0.00230636 7 
0.00218642 0.00254508 7 
0.00218219 0.00242898 7 
0.00217474 0.00218847 7 
0.00216588 0.00229222 7 
0.0021645 0.00229718 7 
0.00216355 0.00216591 7 
0.00216127 0.00245844 7 
0.00215717 0.0022202 7 
0.00215005 0.00215416 7 
0.00213172 0.00226201 7 
0.0021219 0.00224144 7 
0.00211178 0.00227457 7 
0.00210668 0.00225415 7 
0.00151104 0.00151371 8 
0.00147855 0.00148564 8 
0.00147474 0.0015452 8 
0.00144908 0.00147994 8 
0.00141739 0.00141915 8 
0.00141213 0.00142992 8 
0.00139715 0.00146817 8 
0.0013836 0.00139809 8 
0.00136885 0.0013992 8 
0.0013673 0.00145638 8 
0.00134593 0.00142133 8 
0.00134479 0.00142818 8 
0.00134203 0.00138881 8 
0.00134177 0.00142446 8 
0.00132935 0.00143015 8 
0.00132306 0.00132862 8 
0.00132253 0.00134684 8 
0.00131578 0.00139241 8 
0.00131491 0.00138083 8 
0.00131261 0.00143474 8 
0.00131216 0.00133294 8 
0.00130159 0.00132102 8 
0.00129833 0.0013543 8 
0.00129732 0.00138993 8 
0.00129553 0.00137788 8 
0.00128785 0.00133294 8 
0.0012854 0.00129136 8 
0.00128516 0.00129117 8 
0.00128515 0.00128778 8 
0.00128367 0.00128846 8 
0.00127639 0.00134824 8 
0.00127597 0.00128539 8 
0.00127345 0.00132368 8 
0.00127152 0.00127183 8 
0.00126631 0.0013018 8 
0.00126419 0.00127433 8 
0.00126071 0.00134787 8 
0.00125539 0.00130224 8 
0.00125439 0.00131956 8 
0.00125429 0.00130741 8 
0.00125368 0.00127227 8 
0.00125306 0.00125691 8 
0.00125305 0.00129924 8 
0.00125131 0.0013321 8 
0.00124759 0.00131293 8 
0.0012437 0.00131072 8 
0.00123962 0.00128451 8 
0.00123524 0.0012742 8 
0.00123362 0.00130472 8 
0.00123298 0.00126173 8 
0.00123191 0.00142174 8 
0.00123159 0.00126746 8 
0.00122859 0.00123919 8 
0.00122822 0.00126266 8 
0.00122621 0.00127806 8 
0.00122291 0.00130239 8 
0.00122099 0.00132496 8 
0.00121941 0.00136703 8 
0.00121716 0.00124946 8 
0.00121625 0.00123747 8 
0.00121262 0.00121423 8 
0.00120536 0.00129378 8 
0.00120528 0.00123379 8 
0.00120303 0.00141648 8 
0.00120203 0.00124507 8 
0.00120079 0.00132179 8 
0.00119967 0.00124808 8 
0.00119843 0.00129378 8 
0.00119688 0.00123164 8 
0.00119459 0.00122567 8 
0.00119447 0.0012883 8 
0.00119394 0.00124696 8 
0.00119348 0.00120719 8 
0.00118946 0.00126159 8 
0.00118928 0.00132816 8 
0.00118848 0.00133001 8 
0.00118266 0.00120451 8 
0.00118178 0.00121282 8 
0.00118009 0.00121591 8 
0.00117758 0.00133697 8 
0.00117561 0.00118199 8 
0.00117244 0.00132657 8 
0.00117212 0.00129594 8 
0.00117211 0.00124873 8 
0.00116791 0.00124022 8 
0.00116787 0.00126451 8 
0.00116772 0.00122868 8 
0.00116501 0.00126116 8 
0.00116412 0.00117046 8 
0.00116178 0.0012797 8 
0.00116121 0.00131497 8 
0.00116065 0.0012742 8 
0.00115949 0.00118997 8 
0.00115926 0.0012396 8 
0.00115915 0.00118997 8 
0.00115438 0.00128539 8 
0.00115227 0.00131293 8 
0.00114837 0.0012402 8 
0.00114807 0.00126543 8 
0.00114545 0.00119175 8 
0.00114504 0.00119009 8 
0.00114374 0.00127666 8 
0.00114355 0.00122972 8 
0.00114154 0.00118342 8 
0.00114129 0.00118994 8 
0.00114042 0.00116045 8 
0.00114006 0.00116275 8 
0.00113974 0.00119111 8 
0.00113908 0.00116033 8 
0.00113845 0.0012118 8 
0.00113692 0.00127649 8 
0.00113604 0.00116652 8 
0.00113392 0.00132303 8 
0.00113241 0.00130465 8 
0.00113195 0.00127806 8 
0.00112828 0.00123747 8 
0.00112772 0.00115882 8 
0.0011268 0.00129412 8 
0.00112649 0.00117534 8 
0.00112498 0.00119099 8 
0.00112438 0.00116429 8 
0.00112231 0.00114348 8 
0.00112227 0.00123852 8 
0.00112181 0.00129117 8 
0.00111714 0.00115505 8 
0.00111654 0.00117034 8 
0.0011161 0.00120612 8 
0.00111372 0.00123007 8 
0.00111168 0.00125069 8 
0.00111031 0.00129759 8 
0.00110721 0.00118152 8 
0.001106 0.00115354 8 
0.00110389 0.00110551 8 
0.00110324 0.00117381 8 
0.00109981 0.00121764 8 
0.00109349 0.00114423 8 
0.00109337 0.00126825 8 
0.00109164 0.00109583 8 
0.00109002 0.0011165 8 
0.00107121 0.00112441 8 
0.00106823 0.0011614 8 
0.00106717 0.00114248 8 
0.001062 0.00112339 8 
0.00105378 0.00106963 8 
0.00104921 0.00114576 8 
0.000789037 0.000789669 9 
0.000777135 0.00080953 9 
0.000742912 0.000746017 9 
0.000731788 0.000757502 9 
0.000724925 0.000732687 9 
0.000713154 0.000764665 9 
0.000708592 0.00072251 9 
0.00070797 0.000743002 9 
0.000707964 0.000708203 9 
0.000706853 0.000729151 9 
0.000703864 0.000730263 9 
0.000700867 0.00075083 9 
0.000694891 0.000739409 9 
0.000692912 0.000713524 9 
0.000692405 0.000693187 9 
0.000680734 0.000692118 9 
0.000680622 0.00071982 9 
0.000675569 0.000692564 9 
0.000675503 0.000679444 9 
0.000674558 0.000722162 9 
0.000674273 0.00074807 9 
0.000673432 0.000706996 9 
0.000666952 0.000683391 9 
0.000665937 0.00067749 9 
0.000661493 0.000708823 9 
0.000660227 0.000692564 9 
0.000655405 0.000666883 9 
0.000651995 0.00065681 9 
0.000650505 0.000656312 9 
0.000649887 0.000689629 9 
0.000649521 0.000650578 9 
0.000648926 0.000674539 9 
0.000647529 0.000660759 9 
0.000647473 0.000692539 9 
0.000645334 0.000744532 9 
0.000645108 0.000678057 9 
0.000644279 0.000674624 9 
0.000643116 0.00067994 9 
0.000642427 0.00067887 9 
0.000640217 0.000655448 9 
0.000638237 0.000679349 9 
0.000637131 0.000654042 9 
0.000634944 0.000635909 9 
0.000634777 0.00063614 9 
0.000634492 0.000641878 9 
0.000634101 0.000654076 9 
0.000633602 0.000725179 9 
0.000633378 0.000645181 9 
0.000630468 0.000631886 9 
0.00063008 0.000636288 9 
0.000628265 0.000639432 9 
0.000627799 0.000631886 9 
0.000626587 0.000667613 9 
0.000625098 0.000669523 9 
0.00062499 0.000653258 9 
0.00062446 0.000646518 9 
0.000623138 0.000701218 9 
0.000622413 0.00069276 9 
0.000620676 0.000655665 9 
0.000620239 0.000628896 9 
0.000619997 0.000655665 9 
0.000617655 0.00063883 9 
0.000616701 0.000628902 9 
0.000615998 0.000722405 9 
0.000614676 0.000615996 9 
0.000614204 0.000673921 9 
0.000612866 0.000645633 9 
0.000612703 0.000630796 9 
0.00061191 0.000642372 9 
0.00060489 0.000615694 9 
0.000604632 0.000608106 9 
0.000603354 0.000652325 9 
0.000603263 0.000672427 9 
0.00060312 0.000644648 9 
0.000602995 0.000632019 9 
0.000602707 0.000653258 9 
0.000601524 0.000625025 9 
0.000601306 0.00064593 9 
0.000601266 0.000693174 9 
0.000600416 0.000655823 9 
0.000599591 0.000651195 9 
0.000599472 0.000601224 9 
0.000599333 0.000704533 9 
0.000598214 0.000658561 9 
0.000595635 0.000676237 9 
0.000592903 0.000633992 9 
0.000592235 0.000676617 9 
0.000591329 0.00067887 9 
0.000591327 0.000594043 9 
0.000591301 0.000602463 9 
0.000591295 0.000592036 9 
0.000589567 0.000627663 9 
0.000588861 0.000649895 9 
0.000588647 0.000592093 9 
0.000588631 0.000600709 9 
0.000588527 0.000611675 9 
0.00058772 0.000592036 9 
0.000586064 0.00067785 9 
0.000585724 0.0006447 9 
0.000583976 0.000628028 9 
0.000583294 0.000598128 9 
0.000582605 0.000685456 9 
0.000582369 0.000616634 9 
0.000582357 0.000632574 9 
0.000582122 0.000661493 9 
0.000581459 0.000594452 9 
0.000579563 0.000583216 9 
0.000579261 0.000661847 9 
0.000578547 0.000603912 9 
0.00057743 0.000655443 9 
0.000574019 0.000593546 9 
0.000573811 0.000663383 9 
0.000573393 0.000620281 9 
0.000573375 0.000608222 9 
0.000573257 0.00057756 9 
0.000573142 0.000574444 9 
0.000572222 0.000652333 9 
0.000571308 0.000601485 9 
0.000570359 0.000637749 9 
0.000570242 0.000584054 9 
0.000569379 0.000586055 9 
0.000568922 0.000572545 9 
0.000568618 0.000602944 9 
0.000567935 0.000671077 9 
0.000564734 0.00058376 9 
0.000563632 0.000579655 9 
0.000560864 0.000616634 9 
0.000559662 0.000565331 9 
0.000559246 0.000638236 9 
0.000559238 0.000620729 9 
0.000558034 0.000577944 9 
0.000556504 0.000606171 9 
0.000553398 0.000604151 9 
0.000552382 0.000555119 9 
0.000542129 0.000594803 9 
0.000541692 0.0005616 9 
0.000539514 0.000547889 9 
0.00053741 0.000568955 9 
0.000534161 0.000586635 9 
