0.524163 0.5382 0 
0.522923 0.541959 0 
0.522231 0.542986 0 
0.52207 0.539964 0 
0.521919 0.537993 0 
0.521904 0.541959 0 
0.521815 0.538345 0 
0.521784 0.540578 0 
0.521382 0.538795 0 
0.521282 0.540099 0 
0.521204 0.541195 0 
0.521162 0.542177 0 
0.521093 0.538946 0 
0.521029 0.538795 0 
0.521027 0.538946 0 
0.520755 0.539363 0 
0.520671 0.543439 0 
0.520547 0.540821 0 
0.520542 0.542153 0 
0.520403 0.540685 0 
0.520311 0.540665 0 
0.520287 0.520771 0 
0.520127 0.538724 0 
0.520029 0.541928 0 
0.520007 0.541921 0 
0.519929 0.542507 0 
0.51991 0.543103 0 
0.519869 0.542493 0 
0.519834 0.539149 0 
0.519686 0.539639 0 
0.519682 0.520839 0 
0.519671 0.538795 0 
0.51965 0.52153 0 
0.519649 0.54194 0 
0.5195 0.541288 0 
0.519493 0.54451 0 
0.51941 0.541862 0 
0.519322 0.538512 0 
0.519264 0.542443 0 
0.519212 0.54146 0 
0.519148 0.540809 0 
0.519103 0.519496 0 
0.519081 0.541537 0 
0.519029 0.541832 0 
0.519013 0.541676 0 
0.518978 0.541385 0 
0.518955 0.519269 0 
0.518805 0.542249 0 
0.518729 0.521312 0 
0.518591 0.542249 0 
0.518587 0.520732 0 
0.518556 0.52045 0 
0.518493 0.538915 0 
0.51846 0.52196 0 
0.518446 0.541412 0 
0.518439 0.53934 0 
0.518383 0.541639 0 
0.518349 0.540099 0 
0.518343 0.520248 0 
0.518326 0.542652 0 
0.51832 0.53924 0 
0.518276 0.541509 0 
0.518264 0.541351 0 
0.518237 0.539363 0 
0.518154 0.543212 0 
0.518153 0.541509 0 
0.518149 0.538795 0 
0.518045 0.543964 0 
0.518026 0.540099 0 
0.518014 0.519821 0 
0.518013 0.539338 0 
0.517979 0.540099 0 
0.51797 0.518508 0 
0.517963 0.539459 0 
0.517944 0.545168 0 
0.517935 0.520307 0 
0.517892 0.537993 0 
0.517875 0.54031 0 
0.517866 0.539363 0 
0.517829 0.54174 0 
0.517821 0.517832 0 
0.517819 0.543221 0 
0.517814 0.518498 0 
0.517805 0.518134 0 
0.51779 0.541577 0 
0.517772 0.540665 0 
0.517729 0.545187 0 
0.517599 0.517683 0 
0.517597 0.540156 0 
0.517589 0.542586 0 
0.517551 0.541137 0 
0.517549 0.540082 0 
0.517509 0.538724 0 
0.51749 0.539149 0 
0.517486 0.51757 0 
0.517445 0.518143 0 
0.517439 0.539206 0 
0.517435 0.543837 0 
0.517396 0.519691 0 
0.517359 0.519482 0 
0.517267 0.519709 0 
0.517249 0.543081 0 
0.517237 0.54061 0 
0.517214 0.542211 0 
0.517213 0.538876 0 
0.517196 0.542105 0 
0.517168 0.53924 0 
0.517161 0.541788 0 
0.51712 0.540156 0 
0.517091 0.539511 0 
0.517008 0.519226 0 
0.516927 0.538795 0 
0.516912 0.517448 0 
0.516865 0.543212 0 
0.516848 0.540189 0 
0.516808 0.543427 0 
0.516749 0.541358 0 
0.516736 0.538724 0 
0.516726 0.517618 0 
0.51671 0.517985 0 
0.516657 0.543649 0 
0.516641 0.516996 0 
0.51664 0.53934 0 
0.516639 0.541437 0 
0.516573 0.543453 0 
0.516555 0.537993 0 
0.516535 0.517559 0 
0.51647 0.539206 0 
0.51644 0.521274 0 
0.516436 0.54061 0 
0.516411 0.540086 0 
0.516409 0.519134 0 
0.516403 0.518135 0 
0.516375 0.517722 0 
0.516352 0.542458 0 
0.516328 0.539379 0 
0.516321 0.51699 0 
0.516298 0.541578 0 
0.516289 0.539363 0 
0.516271 0.542428 0 
0.51624 0.518508 0 
0.516211 0.517181 0 
0.516204 0.539964 0 
0.516196 0.518408 0 
0.516185 0.540288 0 
0.516175 0.5382 0 
0.516156 0.516927 0 
0.51615 0.539411 0 
0.516132 0.518139 0 
0.516118 0.540294 0 
0.516116 0.540288 0 
0.516076 0.542211 0 
0.516054 0.542225 0 
0.516052 0.517518 0 
0.51602 0.516126 0 
0.516016 0.545969 0 
0.516013 0.539459 0 
0.516002 0.544988 0 
0.515999 0.5406 0 
0.515927 0.518031 0 
0.51588 0.542901 0 
0.515869 0.538876 0 
0.515851 0.516466 0 
0.515832 0.516209 0 
0.515777 0.541801 0 
0.515764 0.5406 0 
0.515725 0.516622 0 
0.515722 0.518377 0 
0.515718 0.521134 0 
0.515646 0.516868 0 
0.515643 0.517268 0 
0.515622 0.539964 0 
0.515609 0.516198 0 
0.515593 0.53924 0 
0.515534 0.518171 0 
0.515534 0.541437 0 
0.515515 0.517571 0 
0.515506 0.51761 0 
0.515498 0.542615 0 
0.515491 0.51616 0 
0.515486 0.539856 0 
0.515486 0.519856 0 
0.515467 0.520928 0 
0.51544 0.520628 0 
0.515403 0.516013 0 
0.515374 0.542691 0 
0.515339 0.515563 0 
0.515307 0.517225 0 
0.515249 0.518178 0 
0.515184 0.518529 0 
0.515172 0.543061 0 
0.515148 0.515313 0 
0.515123 0.517128 0 
0.515118 0.539149 0 
0.515104 0.541267 0 
0.5151 0.539723 0 
0.515089 0.520383 0 
0.515074 0.54019 0 
0.515068 0.516561 0 
0.515054 0.538724 0 
0.51505 0.517771 0 
0.515039 0.539149 0 
0.515023 0.518128 0 
0.515014 0.519836 0 
0.515003 0.515637 0 
0.514991 0.519494 0 
0.514957 0.516704 0 
0.514957 0.539411 0 
0.514944 0.540666 0 
0.514939 0.540156 0 
0.514903 0.520731 0 
0.514891 0.518377 0 
0.51488 0.542428 0 
0.514868 0.515813 0 
0.514849 0.538345 0 
0.514844 0.517571 0 
0.514839 0.538724 0 
0.514796 0.517687 0 
0.514789 0.539459 0 
0.51476 0.516011 0 
0.514748 0.538345 0 
0.514713 0.539149 0 
0.514709 0.518132 0 
0.514699 0.515182 0 
0.514686 0.538795 0 
0.514686 0.538876 0 
0.514677 0.518624 0 
0.514645 0.539459 0 
0.514625 0.519673 0 
0.514624 0.540901 0 
0.514619 0.516799 0 
0.514613 0.539338 0 
0.514608 0.517609 0 
0.514588 0.518141 0 
0.514579 0.515299 0 
0.514566 0.54064 0 
0.514545 0.538512 0 
0.514544 0.54085 0 
0.514525 0.517381 0 
0.514522 0.514736 0 
0.514496 0.539723 0 
0.514456 0.537581 0 
0.51444 0.542458 0 
0.514406 0.518948 0 
0.514385 0.518208 0 
0.514344 0.514349 0 
0.514307 0.539748 0 
0.514291 0.541959 0 
0.514271 0.54283 0 
0.514232 0.518208 0 
0.514227 0.518677 0 
0.514204 0.519252 0 
0.5142 0.541351 0 
0.514198 0.519212 0 
0.514192 0.538779 0 
0.514182 0.518141 0 
0.514165 0.514641 0 
0.514134 0.516255 0 
0.514109 0.541729 0 
0.514101 0.516547 0 
0.514101 0.514469 0 
0.514092 0.541821 0 
0.514079 0.521246 0 
0.514074 0.537581 0 
0.51406 0.514201 0 
0.514043 0.539774 0 
0.514033 0.536752 0 
0.514031 0.517241 0 
0.514028 0.541959 0 
0.514027 0.542634 0 
0.514001 0.539379 0 
0.513974 0.538946 0 
0.513857 0.541659 0 
0.513835 0.517609 0 
0.513834 0.539206 0 
0.51383 0.540666 0 
0.513822 0.538512 0 
0.513822 0.540099 0 
0.513821 0.543363 0 
0.51381 0.516376 0 
0.513799 0.519125 0 
0.513768 0.540497 0 
0.51376 0.539723 0 
0.513745 0.520714 0 
0.513732 0.538345 0 
0.51373 0.543102 0 
0.513729 0.51423 0 
0.513717 0.519212 0 
0.513716 0.514103 0 
0.513707 0.539379 0 
0.51369 0.53934 0 
0.513665 0.515051 0 
0.51364 0.543061 0 
0.513638 0.543545 0 
0.513616 0.542164 0 
0.513604 0.518354 0 
0.513589 0.542726 0 
0.513569 0.518031 0 
0.513535 0.520718 0 
0.513532 0.543479 0 
0.513508 0.541074 0 
0.513495 0.5382 0 
0.513463 0.539748 0 
0.51345 0.542534 0 
0.513426 0.540138 0 
0.513423 0.541509 0 
0.513391 0.540288 0 
0.513385 0.5406 0 
0.513377 0.542615 0 
0.513359 0.516663 0 
0.513349 0.540086 0 
0.513347 0.540082 0 
0.513323 0.519272 0 
0.513307 0.515428 0 
0.513281 0.540665 0 
0.51328 0.54019 0 
0.513252 0.514349 0 
0.513159 0.516825 0 
0.513144 0.541074 0 
0.513143 0.539748 0 
0.513122 0.54146 0 
0.513113 0.540557 0 
0.5131 0.519302 0 
0.513071 0.5382 0 
0.513046 0.542551 0 
0.513045 0.539964 0 
0.513043 0.514625 0 
0.513027 0.521312 0 
0.51302 0.5406 0 
0.51299 0.539968 0 
0.512966 0.516737 0 
0.512958 0.538779 0 
0.512929 0.543837 0 
0.51292 0.520731 0 
0.512913 0.539968 0 
0.512878 0.540189 0 
0.512856 0.539343 0 
0.512852 0.545828 0 
0.512824 0.518958 0 
0.512799 0.541437 0 
0.512774 0.538345 0 
0.512673 0.541287 0 
0.512653 0.541788 0 
0.512629 0.544009 0 
0.512615 0.538779 0 
0.512614 0.538915 0 
0.512559 0.540138 0 
0.512553 0.540294 0 
0.512511 0.514572 0 
0.512494 0.538946 0 
0.512483 0.54061 0 
0.512439 0.541517 0 
0.512423 0.540901 0 
0.512419 0.53934 0 
0.512297 0.539511 0 
0.512215 0.540189 0 
0.512208 0.544374 0 
0.512207 0.539459 0 
0.512195 0.539856 0 
0.512184 0.539338 0 
0.512154 0.539343 0 
0.512127 0.541578 0 
0.512121 0.540821 0 
0.512117 0.513477 0 
0.5121 0.541358 0 
0.512092 0.513569 0 
0.512092 0.540578 0 
0.512072 0.542586 0 
0.512057 0.540557 0 
0.51203 0.542199 0 
0.511911 0.541101 0 
0.511905 0.541475 0 
0.511896 0.540582 0 
0.511848 0.540032 0 
0.511832 0.516344 0 
0.51181 0.540557 0 
0.511793 0.54039 0 
0.511777 0.541509 0 
0.511777 0.540821 0 
0.511702 0.543209 0 
0.511688 0.512274 0 
0.511681 0.543626 0 
0.511677 0.54064 0 
0.511669 0.542243 0 
0.511617 0.538724 0 
0.511593 0.519363 0 
0.511544 0.539856 0 
0.511514 0.541074 0 
0.511454 0.541921 0 
0.511398 0.540156 0 
0.511361 0.544375 0 
0.51134 0.544813 0 
0.511244 0.541074 0 
0.511132 0.54064 0 
0.511093 0.540666 0 
0.510883 0.538915 0 
0.510882 0.511841 0 
0.510834 0.543614 0 
0.510816 0.546407 0 
0.510801 0.541385 0 
0.510796 0.54146 0 
0.510764 0.518141 0 
0.510764 0.54262 0 
0.510604 0.543081 0 
0.510524 0.542428 0 
0.510493 0.543661 0 
0.510456 0.542615 0 
0.510406 0.542199 0 
0.510359 0.543443 0 
0.510313 0.542538 0 
0.510137 0.542499 0 
0.510103 0.542849 0 
0.510069 0.542519 0 
0.510053 0.543191 0 
0.509488 0.544561 0 
0.509483 0.542303 0 
0.509172 0.543841 0 
0.509019 0.543539 0 
0.508935 0.544702 0 
0.508655 0.513377 0 
0.506492 0.511435 0 
0.216209 0.225781 1 
0.216048 0.226314 1 
0.215717 0.218396 1 
0.215469 0.2271 1 
0.215141 0.228733 1 
0.215102 0.224005 1 
0.215026 0.228089 1 
0.214942 0.224145 1 
0.214893 0.223426 1 
0.21485 0.225649 1 
0.21477 0.228743 1 
0.214621 0.222589 1 
0.214611 0.219794 1 
0.214568 0.224151 1 
0.21454 0.221702 1 
0.214521 0.223361 1 
0.21452 0.218466 1 
0.214505 0.223382 1 
0.214337 0.224422 1 
0.214334 0.224286 1 
0.214302 0.228463 1 
0.214042 0.228997 1 
0.213979 0.225184 1 
0.213928 0.220271 1 
0.213884 0.219345 1 
0.21383 0.223206 1 
0.213814 0.222279 1 
0.213701 0.21954 1 
0.213575 0.219794 1 
0.213501 0.22401 1 
0.213472 0.223287 1 
0.213395 0.227213 1 
0.213388 0.222503 1 
0.213355 0.225512 1 
0.213354 0.223345 1 
0.21335 0.223872 1 
0.21328 0.220053 1 
0.213247 0.222905 1 
0.213231 0.224769 1 
0.213221 0.222225 1 
0.213214 0.222247 1 
0.213212 0.226789 1 
0.213153 0.224052 1 
0.213142 0.221434 1 
0.213113 0.225706 1 
0.213054 0.213063 1 
0.213049 0.228303 1 
0.212986 0.219345 1 
0.212982 0.218348 1 
0.212938 0.220872 1 
0.212885 0.224532 1 
0.212869 0.218483 1 
0.212778 0.221695 1 
0.212759 0.227457 1 
0.212732 0.223088 1 
0.212703 0.224899 1 
0.212642 0.230198 1 
0.212622 0.224468 1 
0.212579 0.220105 1 
0.212566 0.222365 1 
0.212558 0.22347 1 
0.212495 0.222017 1 
0.21248 0.222984 1 
0.212437 0.225855 1 
0.2124 0.226789 1 
0.212337 0.223075 1 
0.212315 0.221166 1 
0.212298 0.2249 1 
0.212262 0.220175 1 
0.212205 0.224798 1 
0.212195 0.220358 1 
0.212112 0.221695 1 
0.212091 0.221341 1 
0.212044 0.22304 1 
0.211979 0.224769 1 
0.211976 0.2241 1 
0.21193 0.226242 1 
0.211927 0.221703 1 
0.211908 0.222761 1 
0.211894 0.223033 1 
0.211885 0.218466 1 
0.211884 0.22218 1 
0.211876 0.226368 1 
0.21177 0.222291 1 
0.21173 0.224145 1 
0.211687 0.225427 1 
0.211674 0.222487 1 
0.211671 0.219143 1 
0.211625 0.225198 1 
0.211439 0.219143 1 
0.211429 0.227601 1 
0.211418 0.22025 1 
0.211319 0.225249 1 
0.211303 0.219143 1 
0.211284 0.21954 1 
0.21127 0.221703 1 
0.211148 0.223727 1 
0.211052 0.224822 1 
0.211039 0.221279 1 
0.211012 0.224887 1 
0.210973 0.221894 1 
0.21095 0.221894 1 
0.210927 0.219345 1 
0.210911 0.221134 1 
0.210851 0.221134 1 
0.210836 0.224368 1 
0.210816 0.226519 1 
0.210762 0.211932 1 
0.210746 0.212789 1 
0.210717 0.219143 1 
0.210709 0.2241 1 
0.210611 0.221309 1 
0.210518 0.22401 1 
0.210494 0.22218 1 
0.210489 0.224362 1 
0.21045 0.218857 1 
0.210375 0.220691 1 
0.210371 0.225921 1 
0.210248 0.221341 1 
0.210174 0.223075 1 
0.210138 0.220175 1 
0.210089 0.225719 1 
0.21005 0.224822 1 
0.209894 0.220155 1 
0.20988 0.21954 1 
0.209839 0.219845 1 
0.209833 0.221134 1 
0.209795 0.210293 1 
0.209794 0.220175 1 
0.20979 0.220092 1 
0.209759 0.213106 1 
0.209704 0.223008 1 
0.209659 0.210087 1 
0.209634 0.225899 1 
0.209583 0.219845 1 
0.209551 0.221702 1 
0.209527 0.210395 1 
0.209517 0.222829 1 
0.209495 0.218348 1 
0.209488 0.218348 1 
0.209481 0.2249 1 
0.20942 0.221137 1 
0.209386 0.211785 1 
0.209346 0.209407 1 
0.209337 0.222024 1 
0.209327 0.225719 1 
0.209317 0.224368 1 
0.209316 0.220789 1 
0.209294 0.210778 1 
0.209292 0.225057 1 
0.209261 0.220037 1 
0.20923 0.220271 1 
0.209207 0.221279 1 
0.209207 0.225042 1 
0.209202 0.227123 1 
0.209154 0.209226 1 
0.20915 0.209153 1 
0.209135 0.22124 1 
0.209134 0.224626 1 
0.209101 0.209182 1 
0.20909 0.222074 1 
0.209062 0.211431 1 
0.209059 0.221981 1 
0.209023 0.222466 1 
0.208981 0.210645 1 
0.208947 0.219143 1 
0.208942 0.219345 1 
0.208921 0.221109 1 
0.208869 0.208913 1 
0.208729 0.22218 1 
0.208699 0.223206 1 
0.208608 0.224368 1 
0.208569 0.221134 1 
0.20849 0.220092 1 
0.208447 0.208895 1 
0.208405 0.219345 1 
0.208384 0.228089 1 
0.208317 0.210441 1 
0.208283 0.211163 1 
0.208279 0.210649 1 
0.208233 0.220105 1 
0.208215 0.220008 1 
0.208195 0.218857 1 
0.208187 0.219078 1 
0.208183 0.209068 1 
0.208136 0.222225 1 
0.208039 0.208977 1 
0.208008 0.208952 1 
0.207977 0.220175 1 
0.207909 0.208842 1 
0.207894 0.210363 1 
0.207889 0.223075 1 
0.207824 0.219143 1 
0.207803 0.207861 1 
0.207803 0.227624 1 
0.207798 0.220037 1 
0.207773 0.208063 1 
0.207745 0.218063 1 
0.207742 0.207897 1 
0.207725 0.220037 1 
0.207694 0.218396 1 
0.207691 0.208098 1 
0.20769 0.208295 1 
0.207655 0.220524 1 
0.207635 0.211533 1 
0.207622 0.2078 1 
0.207619 0.22025 1 
0.207593 0.221166 1 
0.207592 0.209365 1 
0.207587 0.208047 1 
0.207543 0.219845 1 
0.207525 0.228048 1 
0.207473 0.210116 1 
0.207435 0.226882 1 
0.207414 0.210184 1 
0.207401 0.224241 1 
0.207372 0.226895 1 
0.207372 0.220053 1 
0.207365 0.211394 1 
0.207318 0.211522 1 
0.207285 0.218857 1 
0.207282 0.207634 1 
0.20725 0.226929 1 
0.207229 0.219078 1 
0.207215 0.218466 1 
0.207149 0.207992 1 
0.20713 0.220789 1 
0.2071 0.21954 1 
0.207085 0.208676 1 
0.207063 0.207403 1 
0.207062 0.212457 1 
0.20705 0.223831 1 
0.207038 0.219663 1 
0.206993 0.208028 1 
0.206964 0.218857 1 
0.206951 0.218466 1 
0.206944 0.213278 1 
0.20692 0.207024 1 
0.206914 0.208088 1 
0.206908 0.224501 1 
0.206888 0.20888 1 
0.206869 0.218063 1 
0.206769 0.222024 1 
0.206747 0.220175 1 
0.206617 0.226314 1 
0.206583 0.208574 1 
0.206557 0.207196 1 
0.206557 0.207338 1 
0.206518 0.221137 1 
0.206493 0.221134 1 
0.206475 0.220227 1 
0.206475 0.222844 1 
0.206441 0.20774 1 
0.206438 0.209996 1 
0.206424 0.210584 1 
0.206399 0.223425 1 
0.206383 0.222984 1 
0.206368 0.207216 1 
0.206349 0.226519 1 
0.206338 0.208054 1 
0.206331 0.227087 1 
0.206301 0.207243 1 
0.206278 0.209036 1 
0.206267 0.206972 1 
0.206229 0.20888 1 
0.206194 0.212195 1 
0.206188 0.221434 1 
0.206181 0.216678 1 
0.206148 0.224105 1 
0.206126 0.22701 1 
0.206112 0.222216 1 
0.206102 0.208976 1 
0.206078 0.220105 1 
0.206075 0.220872 1 
0.206019 0.225512 1 
0.20601 0.20628 1 
0.205937 0.218857 1 
0.205933 0.222024 1 
0.205917 0.22469 1 
0.205901 0.206012 1 
0.205889 0.208369 1 
0.205874 0.219548 1 
0.205831 0.220227 1 
0.205813 0.218396 1 
0.205805 0.2068 1 
0.205801 0.206323 1 
0.205776 0.20587 1 
0.205774 0.212387 1 
0.205662 0.211458 1 
0.205606 0.222024 1 
0.205601 0.223872 1 
0.20558 0.220008 1 
0.205532 0.225559 1 
0.205477 0.207936 1 
0.205448 0.207732 1 
0.205441 0.208795 1 
0.205386 0.211242 1 
0.205372 0.220789 1 
0.20535 0.220731 1 
0.205349 0.218483 1 
0.205301 0.219078 1 
0.205299 0.220872 1 
0.205283 0.220509 1 
0.205282 0.20638 1 
0.205277 0.205753 1 
0.205272 0.220509 1 
0.205268 0.210314 1 
0.205242 0.221166 1 
0.205226 0.206951 1 
0.205223 0.209356 1 
0.205178 0.222854 1 
0.205157 0.22367 1 
0.205157 0.220155 1 
0.20511 0.223382 1 
0.205106 0.223778 1 
0.205106 0.222854 1 
0.205072 0.219845 1 
0.205061 0.221341 1 
0.205019 0.207107 1 
0.205012 0.21962 1 
0.204989 0.220731 1 
0.204975 0.22124 1 
0.204965 0.22218 1 
0.204955 0.224028 1 
0.204873 0.221109 1 
0.204848 0.21962 1 
0.204836 0.208546 1 
0.204828 0.222844 1 
0.204809 0.221894 1 
0.20478 0.224252 1 
0.20478 0.222365 1 
0.204767 0.206409 1 
0.204755 0.224362 1 
0.204749 0.220118 1 
0.204712 0.225574 1 
0.20469 0.210021 1 
0.20469 0.207067 1 
0.204681 0.221702 1 
0.204672 0.220524 1 
0.204663 0.222279 1 
0.204573 0.222487 1 
0.204554 0.221695 1 
0.204531 0.206615 1 
0.204376 0.209592 1 
0.204374 0.222984 1 
0.204345 0.221703 1 
0.204316 0.221279 1 
0.204305 0.219663 1 
0.204262 0.222854 1 
0.204248 0.208738 1 
0.204224 0.219794 1 
0.204199 0.223382 1 
0.204195 0.22025 1 
0.204147 0.220358 1 
0.204129 0.223425 1 
0.204086 0.218483 1 
0.204077 0.20701 1 
0.204049 0.220155 1 
0.204049 0.210441 1 
0.203985 0.206409 1 
0.203975 0.222129 1 
0.20396 0.218857 1 
0.203907 0.218396 1 
0.20386 0.205186 1 
0.203817 0.221309 1 
0.20367 0.209518 1 
0.203637 0.220008 1 
0.203624 0.206539 1 
0.203587 0.2075 1 
0.203572 0.206539 1 
0.203507 0.209818 1 
0.203477 0.218396 1 
0.203477 0.219794 1 
0.203417 0.224052 1 
0.203407 0.222916 1 
0.203403 0.225007 1 
0.203377 0.222279 1 
0.203376 0.225646 1 
0.20334 0.223345 1 
0.203327 0.21962 1 
0.202875 0.220872 1 
0.202715 0.223121 1 
0.202412 0.220227 1 
0.201262 0.202017 1 
0.0995178 0.100124 2 
0.0993958 0.10135 2 
0.0989735 0.103507 2 
0.098956 0.102338 2 
0.0984987 0.101863 2 
0.0984532 0.0995119 2 
0.0983309 0.101276 2 
0.098176 0.100495 2 
0.0977443 0.101658 2 
0.0977315 0.100792 2 
0.0976008 0.0977297 2 
0.0974066 0.102181 2 
0.0973736 0.0973949 2 
0.0973673 0.0979756 2 
0.0973536 0.10022 2 
0.0973531 0.0996903 2 
0.097343 0.0976846 2 
0.0971228 0.0980146 2 
0.0970848 0.101542 2 
0.0970806 0.0982263 2 
0.0969102 0.0979468 2 
0.0968204 0.0990414 2 
0.0967113 0.0983409 2 
0.0966467 0.100818 2 
0.096617 0.0976801 2 
0.0965722 0.0978989 2 
0.0964383 0.101863 2 
0.0964208 0.0996763 2 
0.0961711 0.0991116 2 
0.0961219 0.099769 2 
0.0961155 0.0983293 2 
0.0959404 0.0962185 2 
0.0958843 0.101651 2 
0.0958664 0.0980914 2 
0.0958356 0.0994387 2 
0.0958289 0.0963606 2 
0.0957737 0.100894 2 
0.0957082 0.0962384 2 
0.0956632 0.0963558 2 
0.0955631 0.0999577 2 
0.0955388 0.096207 2 
0.095538 0.0999436 2 
0.0955041 0.0984538 2 
0.0954832 0.0976755 2 
0.0954755 0.0995128 2 
0.0954456 0.0974272 2 
0.0954385 0.0959305 2 
0.0953941 0.0986921 2 
0.0953886 0.0981789 2 
0.0953451 0.0958049 2 
0.0953307 0.0953761 2 
0.0953203 0.0963606 2 
0.0952956 0.0971593 2 
0.095294 0.0975213 2 
0.095168 0.100163 2 
0.0951549 0.101923 2 
0.0951547 0.0997473 2 
0.0951369 0.0990134 2 
0.0950845 0.10043 2 
0.0950728 0.0983293 2 
0.0950475 0.09734 2 
0.0950258 0.099349 2 
0.0949809 0.0983655 2 
0.0949575 0.096053 2 
0.0949499 0.0994533 2 
0.0949354 0.0997223 2 
0.0948992 0.0993957 2 
0.0948816 0.0991116 2 
0.0948792 0.0954504 2 
0.094847 0.0974537 2 
0.0948394 0.0985369 2 
0.0946524 0.0964484 2 
0.0946156 0.0964252 2 
0.0946007 0.0950346 2 
0.0945529 0.101453 2 
0.0945207 0.0983655 2 
0.0944919 0.0977824 2 
0.0944437 0.096714 2 
0.0944121 0.0973744 2 
0.0943888 0.0959475 2 
0.0943591 0.0978119 2 
0.0943454 0.0947669 2 
0.0943291 0.099769 2 
0.0942892 0.0970826 2 
0.0942699 0.0985783 2 
0.0942078 0.0968854 2 
0.09413 0.0968915 2 
0.0939472 0.100912 2 
0.0937899 0.0942147 2 
0.0937822 0.0956694 2 
0.0937788 0.0938758 2 
0.0937223 0.0943079 2 
0.0937178 0.0962181 2 
0.0936933 0.0947841 2 
0.0935207 0.0985369 2 
0.0934291 0.0988212 2 
0.0934252 0.0976755 2 
0.0934063 0.0962181 2 
0.0933992 0.101536 2 
0.0933879 0.096189 2 
0.0933796 0.098976 2 
0.0933514 0.0999565 2 
0.0932584 0.0996491 2 
0.0931912 0.0978589 2 
0.0931501 0.0968346 2 
0.0931205 0.0958172 2 
0.0931066 0.0962181 2 
0.0930517 0.101387 2 
0.0930484 0.0962185 2 
0.0930249 0.0938268 2 
0.0929933 0.096207 2 
0.0929592 0.0981789 2 
0.0928992 0.0938268 2 
0.0928135 0.0958765 2 
0.0927891 0.0993957 2 
0.0927885 0.0958049 2 
0.0927727 0.0943079 2 
0.0927328 0.0928536 2 
0.0927066 0.093979 2 
0.0926493 0.0943079 2 
0.0926268 0.09873 2 
0.0925669 0.095006 2 
0.0925397 0.0954236 2 
0.0925337 0.0989874 2 
0.0925313 0.0951812 2 
0.0925206 0.0929124 2 
0.0924991 0.0927547 2 
0.0924888 0.0932037 2 
0.0924561 0.0984866 2 
0.0924531 0.0943079 2 
0.0924339 0.0990055 2 
0.092394 0.0950346 2 
0.0923752 0.0948139 2 
0.0923581 0.0927355 2 
0.0923575 0.0965016 2 
0.0923007 0.101563 2 
0.0922755 0.0962185 2 
0.0922024 0.0979468 2 
0.0921906 0.102353 2 
0.0921857 0.0951858 2 
0.0921605 0.0947669 2 
0.0921554 0.0968718 2 
0.0921501 0.0960519 2 
0.0921315 0.0938643 2 
0.0921135 0.0959114 2 
0.0921007 0.0958765 2 
0.0920909 0.0953235 2 
0.092084 0.0962963 2 
0.0920799 0.0983655 2 
0.0920779 0.0961749 2 
0.0920728 0.0922186 2 
0.0919965 0.0947669 2 
0.0919823 0.0926213 2 
0.0919811 0.096189 2 
0.0919734 0.0924179 2 
0.0919617 0.0947669 2 
0.0918366 0.0948365 2 
0.091807 0.0950346 2 
0.0916883 0.094427 2 
0.0916778 0.0956125 2 
0.0916312 0.0932718 2 
0.0916211 0.0950407 2 
0.0916073 0.0925942 2 
0.0915962 0.100818 2 
0.0915956 0.0946753 2 
0.0915758 0.0916635 2 
0.0915689 0.0958172 2 
0.0915333 0.0942147 2 
0.0914921 0.0917449 2 
0.091465 0.0962181 2 
0.0914151 0.096053 2 
0.0913386 0.0923613 2 
0.0913181 0.0917433 2 
0.0912547 0.0940456 2 
0.0912531 0.0943079 2 
0.0912404 0.096352 2 
0.0912332 0.0958049 2 
0.0911347 0.0985615 2 
0.0911325 0.0952561 2 
0.0911043 0.0976755 2 
0.091101 0.0936652 2 
0.0910223 0.0924179 2 
0.091011 0.101102 2 
0.0909254 0.0943079 2 
0.0909226 0.0956694 2 
0.0908853 0.101443 2 
0.0908839 0.0944031 2 
0.0908221 0.0958049 2 
0.0908096 0.0915912 2 
0.0908045 0.0948158 2 
0.0907982 0.0999485 2 
0.0907836 0.09734 2 
0.090762 0.0948158 2 
0.0907355 0.0911934 2 
0.0907285 0.0968718 2 
0.0907131 0.0936314 2 
0.0906856 0.0909209 2 
0.0906814 0.0981659 2 
0.0906663 0.0911574 2 
0.0906408 0.0948297 2 
0.0906269 0.0950519 2 
0.0905701 0.0929266 2 
0.0905686 0.0906823 2 
0.0905507 0.0951858 2 
0.0905421 0.0922069 2 
0.0905122 0.097333 2 
0.0905069 0.0936413 2 
0.0904984 0.093908 2 
0.090484 0.0978488 2 
0.0904807 0.0962384 2 
0.090475 0.0958049 2 
0.0904586 0.0917776 2 
0.0904127 0.0977253 2 
0.0904061 0.0914766 2 
0.0904046 0.0938643 2 
0.090401 0.0959114 2 
0.0903925 0.090535 2 
0.0903705 0.100124 2 
0.0903515 0.0914946 2 
0.0903033 0.0953641 2 
0.0902936 0.092546 2 
0.0902925 0.0911761 2 
0.090287 0.0909686 2 
0.0902592 0.0987154 2 
0.0902323 0.0907595 2 
0.0902255 0.0903351 2 
0.0902221 0.0948304 2 
0.090151 0.0996763 2 
0.0901064 0.093908 2 
0.0900719 0.0951858 2 
0.0900399 0.0979724 2 
0.090039 0.097686 2 
0.0900249 0.0918974 2 
0.0899985 0.0913049 2 
0.0899618 0.0981789 2 
0.0899486 0.0963386 2 
0.0899153 0.100096 2 
0.0899118 0.0906463 2 
0.0898296 0.0962181 2 
0.0898054 0.0936413 2 
0.089802 0.0999565 2 
0.0897966 0.0948158 2 
0.0897716 0.0902548 2 
0.0897572 0.0957565 2 
0.0897192 0.0957565 2 
0.0897118 0.0959475 2 
0.0896699 0.0974537 2 
0.0896509 0.0981044 2 
0.0896426 0.0981659 2 
0.0895633 0.0958172 2 
0.089525 0.0916049 2 
0.0895218 0.0990226 2 
0.0895151 0.0896002 2 
0.0895121 0.0961749 2 
0.0894582 0.0938643 2 
0.0894574 0.096207 2 
0.089437 0.096053 2 
0.0894301 0.0942817 2 
0.0894268 0.0906211 2 
0.0894265 0.097686 2 
0.0894142 0.0943226 2 
0.0894015 0.0944883 2 
0.0893918 0.0972729 2 
0.0893899 0.0938643 2 
0.0893755 0.0950277 2 
0.0893618 0.091151 2 
0.0893542 0.0926194 2 
0.0893489 0.0942147 2 
0.0893205 0.0946612 2 
0.089316 0.0986908 2 
0.0893123 0.100495 2 
0.0892757 0.0898404 2 
0.0892735 0.0903471 2 
0.0892434 0.0976801 2 
0.0892153 0.0942527 2 
0.0891874 0.0980146 2 
0.0891663 0.0950346 2 
0.0891448 0.0945625 2 
0.0890339 0.0946612 2 
0.0890181 0.0960519 2 
0.088976 0.0958765 2 
0.0889727 0.0940456 2 
0.0889694 0.0938085 2 
0.088964 0.0914136 2 
0.0889558 0.0950346 2 
0.0889408 0.0982629 2 
0.0888759 0.0914273 2 
0.0888524 0.099542 2 
0.0888461 0.0889321 2 
0.088837 0.0942817 2 
0.0887999 0.097339 2 
0.0887951 0.0951306 2 
0.0887742 0.0952366 2 
0.0887099 0.0945597 2 
0.0887058 0.0912306 2 
0.0886962 0.0897751 2 
0.0886947 0.097686 2 
0.0886389 0.0965016 2 
0.0886246 0.0901287 2 
0.0886159 0.0902742 2 
0.0885924 0.0953715 2 
0.0885894 0.0950519 2 
0.0885851 0.0934633 2 
0.0885504 0.0890977 2 
0.0885381 0.0926584 2 
0.0885353 0.0912554 2 
0.0884687 0.0945597 2 
0.0884639 0.0973091 2 
0.0884424 0.0951858 2 
0.0884199 0.0968718 2 
0.0883952 0.0996491 2 
0.0883484 0.0938643 2 
0.0883419 0.0974537 2 
0.0883366 0.0888007 2 
0.0883299 0.0942817 2 
0.0882878 0.0968915 2 
0.088286 0.0922841 2 
0.0882841 0.0963558 2 
0.0882351 0.0962963 2 
0.0882279 0.0938643 2 
0.0881707 0.0886942 2 
0.0881606 0.0942527 2 
0.0881386 0.0942817 2 
0.0881217 0.0923994 2 
0.0881107 0.0902316 2 
0.0880948 0.0950519 2 
0.0880482 0.0953969 2 
0.0880125 0.0952366 2 
0.0880085 0.0881286 2 
0.0879474 0.0973091 2 
0.0879018 0.0978494 2 
0.0878659 0.0948365 2 
0.0878638 0.096189 2 
0.0878148 0.092094 2 
0.0877722 0.095709 2 
0.0877623 0.0983183 2 
0.0877205 0.0913049 2 
0.0876923 0.0964252 2 
0.0876258 0.0953715 2 
0.0876087 0.087915 2 
0.0875902 0.0956694 2 
0.0875276 0.0953235 2 
0.0875218 0.0897568 2 
0.0875039 0.0913564 2 
0.0874969 0.0975253 2 
0.0874731 0.0886942 2 
0.087471 0.0948304 2 
0.0874272 0.089411 2 
0.0874221 0.090981 2 
0.0874 0.0923592 2 
0.0873864 0.093352 2 
0.0873425 0.0899913 2 
0.0871281 0.0936413 2 
0.0870976 0.0945597 2 
0.0870774 0.0975251 2 
0.0870773 0.0950519 2 
0.0869994 0.0934633 2 
0.086884 0.0899913 2 
0.0867195 0.0936413 2 
0.0867043 0.0879722 2 
0.0867012 0.0900142 2 
0.0861965 0.0947669 2 
0.085742 0.0869497 2 
0.0472617 0.0474689 3 
0.0471892 0.0473181 3 
0.0470734 0.0472176 3 
0.0470147 0.0479521 3 
0.0462646 0.04746 3 
0.0461243 0.0468682 3 
0.0459938 0.0461663 3 
0.0459729 0.0470587 3 
0.0458989 0.0465612 3 
0.0458396 0.0468134 3 
0.0458265 0.0461396 3 
0.0457505 0.0481147 3 
0.0456672 0.0460545 3 
0.0455311 0.0463013 3 
0.045445 0.0461274 3 
0.0453952 0.0456555 3 
0.0453105 0.0456789 3 
0.045288 0.045425 3 
0.0452664 0.0467297 3 
0.0451985 0.046074 3 
0.0451598 0.0463362 3 
0.0450609 0.0455369 3 
0.045054 0.0462689 3 
0.0449869 0.0475174 3 
0.0449036 0.0454481 3 
0.0448836 0.0469421 3 
0.0448565 0.0450777 3 
0.0447841 0.0468214 3 
0.0446364 0.0465825 3 
0.0445847 0.0478073 3 
0.0444463 0.0448387 3 
0.044435 0.0450335 3 
0.0443807 0.0477198 3 
0.0442888 0.0468741 3 
0.0442399 0.0454088 3 
0.0441362 0.0448745 3 
0.0441129 0.0462489 3 
0.0440969 0.0452354 3 
0.0438524 0.0472329 3 
0.0438307 0.0455369 3 
0.0437754 0.0441073 3 
0.0437411 0.0437451 3 
0.0436774 0.0462722 3 
0.043672 0.045752 3 
0.0435917 0.0438289 3 
0.0435818 0.0441073 3 
0.0435714 0.0441581 3 
0.0435223 0.0479214 3 
0.0435175 0.0459276 3 
0.0434709 0.0450635 3 
0.0434412 0.0456789 3 
0.0434131 0.0450461 3 
0.0434034 0.0439659 3 
0.0433706 0.0438641 3 
0.0433481 0.0433639 3 
0.043348 0.043457 3 
0.0433241 0.0440599 3 
0.0433177 0.0449854 3 
0.0433025 0.0437451 3 
0.0432641 0.04499 3 
0.0432383 0.045056 3 
0.0431969 0.04357 3 
0.0431147 0.0436477 3 
0.0430937 0.0436899 3 
0.0430914 0.0451373 3 
0.043065 0.0446981 3 
0.0430458 0.0436938 3 
0.0430311 0.0433837 3 
0.0430129 0.0436183 3 
0.0430123 0.0436357 3 
0.043012 0.0451459 3 
0.0429676 0.0470182 3 
0.0429639 0.0443199 3 
0.0429231 0.0454088 3 
0.0428932 0.0436183 3 
0.04289 0.0438289 3 
0.0428774 0.0464016 3 
0.0428627 0.0451692 3 
0.0428489 0.0434098 3 
0.0428086 0.0433605 3 
0.0427913 0.0430256 3 
0.0427631 0.0444804 3 
0.0427254 0.0432582 3 
0.0427237 0.04499 3 
0.0426899 0.043794 3 
0.042675 0.0427742 3 
0.0426682 0.0427256 3 
0.042659 0.0436158 3 
0.0426526 0.0427256 3 
0.0425744 0.0446326 3 
0.0425665 0.0446276 3 
0.0425655 0.0441639 3 
0.0425593 0.0428124 3 
0.0425497 0.0440599 3 
0.0425377 0.0425981 3 
0.0424448 0.0426816 3 
0.0424274 0.0429891 3 
0.042425 0.0448713 3 
0.0424211 0.0447739 3 
0.0424062 0.0465377 3 
0.0423966 0.0435888 3 
0.0423677 0.0429422 3 
0.0423467 0.0439733 3 
0.04232 0.0449171 3 
0.0422788 0.0436177 3 
0.0422632 0.0428996 3 
0.0422499 0.0472402 3 
0.0422363 0.0446707 3 
0.0422098 0.0429503 3 
0.0421911 0.0438069 3 
0.042183 0.0450635 3 
0.042172 0.0425301 3 
0.0421655 0.0472942 3 
0.0421513 0.0423631 3 
0.0421506 0.0428375 3 
0.0421502 0.0432871 3 
0.0421179 0.0428058 3 
0.0421126 0.0446373 3 
0.0421064 0.0439236 3 
0.0420953 0.0461759 3 
0.0420935 0.0448614 3 
0.0420928 0.0442014 3 
0.0420728 0.0438016 3 
0.0420414 0.042423 3 
0.0420347 0.0424715 3 
0.0420202 0.0434297 3 
0.0420114 0.0428422 3 
0.0420033 0.0436232 3 
0.0419992 0.0441073 3 
0.0419952 0.0463131 3 
0.0419915 0.0433647 3 
0.0419514 0.0421323 3 
0.0419506 0.0424834 3 
0.0419391 0.0448312 3 
0.041929 0.042766 3 
0.0419285 0.0434641 3 
0.0418914 0.0448745 3 
0.0418885 0.0422578 3 
0.0418473 0.042227 3 
0.0418431 0.0461569 3 
0.0418382 0.0425306 3 
0.041832 0.0456198 3 
0.0418262 0.0442029 3 
0.0418199 0.0435888 3 
0.0418159 0.0427809 3 
0.0417662 0.0420873 3 
0.0417656 0.0454656 3 
0.0417597 0.046324 3 
0.0417555 0.0426964 3 
0.0417416 0.0420713 3 
0.0417387 0.0419627 3 
0.0417318 0.0463679 3 
0.0417306 0.0425029 3 
0.041725 0.0422445 3 
0.0417023 0.0438289 3 
0.0416932 0.0444609 3 
0.0416521 0.0418661 3 
0.04165 0.0420873 3 
0.0416437 0.0430147 3 
0.0416231 0.0419947 3 
0.0415695 0.0434098 3 
0.0415557 0.0461734 3 
0.0415124 0.0430074 3 
0.0415027 0.0423631 3 
0.0414922 0.0447654 3 
0.0414867 0.044958 3 
0.0414706 0.0459276 3 
0.0414695 0.0461515 3 
0.0414662 0.0436177 3 
0.0414427 0.0434105 3 
0.0414395 0.0426816 3 
0.0414298 0.043794 3 
0.0414273 0.0424196 3 
0.0413926 0.0448721 3 
0.0413823 0.0439891 3 
0.0413374 0.0447039 3 
0.0413325 0.0419495 3 
0.0413312 0.04499 3 
0.0413222 0.0420484 3 
0.0412635 0.0418684 3 
0.041259 0.0429098 3 
0.0412162 0.0420713 3 
0.0412081 0.0451692 3 
0.0411682 0.041172 3 
0.0411678 0.0439071 3 
0.0411638 0.041172 3 
0.0411443 0.0446405 3 
0.0411161 0.045053 3 
0.0410737 0.0451551 3 
0.0410564 0.0411204 3 
0.0410386 0.0433294 3 
0.0410252 0.0422606 3 
0.041014 0.0462436 3 
0.0409893 0.0436232 3 
0.0409782 0.0424145 3 
0.0409452 0.0423778 3 
0.0409408 0.0430256 3 
0.0409365 0.0443598 3 
0.0409235 0.0436477 3 
0.0409207 0.0439236 3 
0.0409147 0.0418025 3 
0.0408914 0.043693 3 
0.0408751 0.0424834 3 
0.0408743 0.041012 3 
0.0408739 0.0444723 3 
0.040866 0.0409631 3 
0.0408339 0.0418315 3 
0.0408083 0.0442029 3 
0.0408003 0.0462995 3 
0.040799 0.0435064 3 
0.0407912 0.0410104 3 
0.0407598 0.0425349 3 
0.0407545 0.0409415 3 
0.0407522 0.0425825 3 
0.0407312 0.0434376 3 
0.0407236 0.0426964 3 
0.040713 0.041182 3 
0.0407102 0.0410648 3 
0.0406857 0.0428464 3 
0.0406469 0.0442393 3 
0.0406325 0.0422563 3 
0.0406288 0.0449938 3 
0.0406265 0.0430729 3 
0.0406213 0.0436158 3 
0.0406167 0.0424196 3 
0.0405779 0.0429503 3 
0.0405722 0.0456198 3 
0.0405604 0.0430899 3 
0.0405561 0.0436938 3 
0.0405153 0.0423596 3 
0.0404791 0.0428058 3 
0.0404702 0.0447385 3 
0.0404662 0.0423596 3 
0.0404139 0.0422206 3 
0.040395 0.0423265 3 
0.040395 0.0448687 3 
0.0403824 0.0425306 3 
0.0403769 0.0435888 3 
0.0403692 0.0448201 3 
0.0403481 0.0417187 3 
0.0403417 0.0454159 3 
0.0402897 0.0427561 3 
0.0402754 0.0440026 3 
0.040266 0.0429428 3 
0.0402573 0.0425812 3 
0.0402232 0.0437766 3 
0.0402119 0.0403569 3 
0.0402064 0.0425812 3 
0.0401951 0.0451551 3 
0.0401664 0.0441031 3 
0.0401405 0.0425812 3 
0.0400321 0.0427742 3 
0.0400284 0.0408973 3 
0.0400188 0.0419871 3 
0.0400003 0.0438016 3 
0.0399917 0.0417214 3 
0.0399832 0.0422769 3 
0.0399814 0.0426816 3 
0.0399782 0.0413495 3 
0.0399638 0.0424196 3 
0.039955 0.0400653 3 
0.0399066 0.0446995 3 
0.0398986 0.0419495 3 
0.0398839 0.0431001 3 
0.0398785 0.0436938 3 
0.0398707 0.0423596 3 
0.0398325 0.0434571 3 
0.0398164 0.0428796 3 
0.0398085 0.0440599 3 
0.0398042 0.0420713 3 
0.0398013 0.0437333 3 
0.0397986 0.0430829 3 
0.0396964 0.0435167 3 
0.0396845 0.0423224 3 
0.0396394 0.0410221 3 
0.0396107 0.0420713 3 
0.0396072 0.0429891 3 
0.0395683 0.0427742 3 
0.039554 0.0400354 3 
0.0395414 0.0415995 3 
0.0395316 0.0436307 3 
0.0395202 0.0428058 3 
0.0394746 0.0424196 3 
0.0392759 0.0420873 3 
0.0392459 0.0410299 3 
0.0392376 0.0410637 3 
0.0391759 0.0412967 3 
0.0391598 0.0426657 3 
0.0391264 0.0417187 3 
0.0390417 0.0432218 3 
0.0388774 0.0397593 3 
0.0387059 0.0400531 3 
0.0229139 0.0231023 4 
0.0227909 0.0228676 4 
0.0226739 0.0234208 4 
0.0223369 0.0223734 4 
0.0222606 0.0225386 4 
0.0222375 0.0224492 4 
0.0221919 0.0224168 4 
0.022145 0.0223285 4 
0.0221392 0.0241727 4 
0.0221374 0.0226241 4 
0.0220392 0.0227025 4 
0.0219907 0.0232943 4 
0.0219567 0.0220077 4 
0.0219441 0.0222132 4 
0.0219036 0.0220666 4 
0.0218548 0.022308 4 
0.0218246 0.0225765 4 
0.021719 0.0224168 4 
0.0215814 0.0218493 4 
0.0215273 0.0220643 4 
0.0214414 0.0218426 4 
0.0213423 0.0214315 4 
0.0212793 0.0219014 4 
0.0212594 0.0234687 4 
0.0212527 0.0214415 4 
0.0212102 0.0219151 4 
0.021118 0.021371 4 
0.0211176 0.0214069 4 
0.0210959 0.022027 4 
0.0210829 0.0216202 4 
0.02106 0.0216592 4 
0.0210598 0.0214167 4 
0.0210544 0.0221851 4 
0.0210095 0.0217775 4 
0.0209814 0.0215784 4 
0.0209568 0.0210605 4 
0.0209301 0.0214755 4 
0.0209254 0.0216969 4 
0.0209003 0.0209571 4 
0.0208965 0.0228066 4 
0.0208859 0.0217092 4 
0.0208842 0.0212435 4 
0.0208713 0.0215734 4 
0.0208426 0.0215152 4 
0.020839 0.021411 4 
0.020814 0.0211935 4 
0.020802 0.0213367 4 
0.0208011 0.0208739 4 
0.0207855 0.021254 4 
0.0207776 0.0213675 4 
0.0207682 0.0214114 4 
0.020768 0.0227593 4 
0.020765 0.0209083 4 
0.0207545 0.0220531 4 
0.0207517 0.0210831 4 
0.020736 0.0207693 4 
0.0206593 0.0230616 4 
0.020624 0.0211249 4 
0.0206024 0.0219121 4 
0.0205887 0.0219676 4 
0.0205722 0.0215137 4 
0.0205499 0.0216969 4 
0.0205403 0.0210785 4 
0.0205145 0.0206964 4 
0.0205013 0.0214415 4 
0.0204946 0.0208524 4 
0.020492 0.0218262 4 
0.0204695 0.0205401 4 
0.0204681 0.0223188 4 
0.0204592 0.0216828 4 
0.0204394 0.0210694 4 
0.0204243 0.0211101 4 
0.0204034 0.0208814 4 
0.0203969 0.0221531 4 
0.0203629 0.0208826 4 
0.0203531 0.0207072 4 
0.0203268 0.0206866 4 
0.0202999 0.0226224 4 
0.0202931 0.0207072 4 
0.0202765 0.0204407 4 
0.0202762 0.0216481 4 
0.0202685 0.0204042 4 
0.0202651 0.0206982 4 
0.0202576 0.0220284 4 
0.0202408 0.0216828 4 
0.0202378 0.0220435 4 
0.0202002 0.0206074 4 
0.0201932 0.0206977 4 
0.0201853 0.0203376 4 
0.0201651 0.0212319 4 
0.0201522 0.0204295 4 
0.0201069 0.0203741 4 
0.0201011 0.0212961 4 
0.0201001 0.0217836 4 
0.0200916 0.0204837 4 
0.0200907 0.0213647 4 
0.0200904 0.020098 4 
0.0200794 0.0202405 4 
0.0200779 0.0207927 4 
0.0200698 0.0201882 4 
0.0200691 0.0203094 4 
0.0200645 0.0203925 4 
0.0200266 0.0211229 4 
0.0200076 0.0207693 4 
0.0200041 0.0205332 4 
0.0199828 0.0203583 4 
0.0199793 0.0219224 4 
0.0199733 0.0204401 4 
0.0199662 0.0215784 4 
0.0199519 0.0216969 4 
0.0199491 0.0214351 4 
0.0199271 0.0200512 4 
0.0199259 0.0200241 4 
0.0199139 0.0205869 4 
0.019909 0.0221012 4 
0.0198809 0.0210343 4 
0.0198698 0.0200241 4 
0.0198649 0.0213981 4 
0.0198562 0.0200543 4 
0.019854 0.0221467 4 
0.0198501 0.0198698 4 
0.0198391 0.0198899 4 
0.0198381 0.0214367 4 
0.0198333 0.0213496 4 
0.0198167 0.0212961 4 
0.0198063 0.0221998 4 
0.0197956 0.0206981 4 
0.0197861 0.0203205 4 
0.0197795 0.0202245 4 
0.019773 0.0215647 4 
0.0197696 0.0207208 4 
0.0197581 0.0212961 4 
0.019758 0.0220156 4 
0.0197534 0.0199305 4 
0.0197506 0.0209988 4 
0.0197328 0.0200634 4 
0.019716 0.0216164 4 
0.0197027 0.0198547 4 
0.0196996 0.0212787 4 
0.0196993 0.020238 4 
0.0196692 0.0202191 4 
0.0196685 0.0215137 4 
0.019632 0.0204252 4 
0.0196221 0.0198181 4 
0.019619 0.0210217 4 
0.0196176 0.0198589 4 
0.0196134 0.0206977 4 
0.0196115 0.021516 4 
0.0196021 0.0200482 4 
0.0195976 0.0220435 4 
0.0195885 0.0208952 4 
0.0195564 0.0203907 4 
0.0195506 0.0207072 4 
0.0195316 0.0221467 4 
0.0195191 0.0206699 4 
0.0195072 0.0198605 4 
0.0194893 0.0205948 4 
0.0194832 0.0196343 4 
0.0194809 0.0204242 4 
0.0194743 0.0200317 4 
0.01946 0.0199327 4 
0.0194576 0.0205097 4 
0.0194484 0.0200527 4 
0.0194249 0.0214021 4 
0.0194134 0.0214367 4 
0.0194105 0.0195385 4 
0.0193995 0.0203925 4 
0.0193846 0.0206731 4 
0.0193803 0.0207765 4 
0.019371 0.0205401 4 
0.0193702 0.0201689 4 
0.0193485 0.0212807 4 
0.0193313 0.0213818 4 
0.0193281 0.0210605 4 
0.0193113 0.0200902 4 
0.0192865 0.0206693 4 
0.0192846 0.0199445 4 
0.0192827 0.0208524 4 
0.0192564 0.0203205 4 
0.0192523 0.0200482 4 
0.0192521 0.0206866 4 
0.0192457 0.0200512 4 
0.0192337 0.0207612 4 
0.0192207 0.0203645 4 
0.0191736 0.02104 4 
0.0191595 0.0205332 4 
0.0191586 0.0212787 4 
0.0191474 0.0197351 4 
0.0191202 0.0203205 4 
0.0191172 0.0204263 4 
0.0190782 0.0192657 4 
0.0190727 0.0191313 4 
0.0190692 0.0210446 4 
0.0190618 0.01966 4 
0.0190395 0.0201801 4 
0.0190384 0.0206567 4 
0.0190359 0.0200285 4 
0.0189637 0.0201314 4 
0.0189517 0.0205747 4 
0.0189269 0.0203583 4 
0.0189151 0.021072 4 
0.018911 0.0197044 4 
0.0188776 0.0194824 4 
0.0188535 0.0196707 4 
0.0188415 0.0204724 4 
0.0188087 0.019739 4 
0.0188076 0.0192657 4 
0.0187963 0.0200527 4 
0.0187903 0.0207008 4 
0.0187769 0.0196707 4 
0.018769 0.0199213 4 
0.0187648 0.0209456 4 
0.0187282 0.0207573 4 
0.0187124 0.0199213 4 
0.018703 0.0210126 4 
0.0186998 0.0204405 4 
0.0186903 0.0209348 4 
0.0186889 0.0212471 4 
0.018674 0.0204405 4 
0.0186732 0.0187125 4 
0.0186699 0.0206006 4 
0.0186447 0.0196841 4 
0.0186246 0.0192657 4 
0.0185977 0.0196707 4 
0.0185939 0.0195385 4 
0.0185934 0.0194666 4 
0.0185802 0.0191664 4 
0.01858 0.0194617 4 
0.0185732 0.0209581 4 
0.0185215 0.0199351 4 
0.0185177 0.0208826 4 
0.0184969 0.0200512 4 
0.0184865 0.0195544 4 
0.0184456 0.02104 4 
0.0184084 0.0205435 4 
0.0183589 0.0189936 4 
0.0182958 0.0190583 4 
0.0182237 0.01966 4 
0.0116777 0.0117376 5 
0.01152 0.011534 5 
0.0113046 0.0125277 5 
0.0112137 0.0112805 5 
0.0111724 0.0114916 5 
0.0110659 0.0116221 5 
0.0110077 0.0110661 5 
0.0109575 0.0116287 5 
0.0109156 0.0109378 5 
0.0107033 0.0109269 5 
0.0106302 0.0107947 5 
0.0106183 0.0117936 5 
0.0106046 0.0110043 5 
0.0106009 0.0106665 5 
0.0105937 0.0110043 5 
0.0105843 0.0108184 5 
0.0105668 0.0105996 5 
0.0105655 0.010775 5 
0.0105559 0.0106462 5 
0.0105551 0.0106035 5 
0.0104985 0.0106948 5 
0.010473 0.0106147 5 
0.0104721 0.0105488 5 
0.0104653 0.0112766 5 
0.0104546 0.0106319 5 
0.0104512 0.0105169 5 
0.010447 0.0104903 5 
0.0104095 0.0108805 5 
0.0104089 0.0108229 5 
0.0104011 0.0115046 5 
0.0104009 0.0106153 5 
0.0103964 0.0109705 5 
0.0103795 0.0107863 5 
0.0103602 0.010899 5 
0.0103436 0.0108139 5 
0.0103206 0.0104451 5 
0.0103073 0.0104823 5 
0.0102953 0.010897 5 
0.0102877 0.0104652 5 
0.0102646 0.0107338 5 
0.0102616 0.0104533 5 
0.0102543 0.010699 5 
0.0102448 0.0113855 5 
0.0102429 0.0105161 5 
0.0102366 0.0110347 5 
0.0102267 0.011056 5 
0.010224 0.0106611 5 
0.010212 0.0102602 5 
0.0102052 0.0105379 5 
0.0101884 0.0103086 5 
0.0101793 0.010346 5 
0.0101564 0.0112198 5 
0.0101495 0.0103401 5 
0.0101433 0.0103308 5 
0.0101413 0.0106309 5 
0.0101356 0.0101907 5 
0.0101199 0.0107529 5 
0.0101064 0.0104533 5 
0.0100898 0.0101415 5 
0.0100756 0.010447 5 
0.0100691 0.0103902 5 
0.0100401 0.0100714 5 
0.0100183 0.0110863 5 
0.0100088 0.0102555 5 
0.010001 0.0101147 5 
0.00998674 0.0100022 5 
0.00997403 0.010492 5 
0.0099708 0.0100309 5 
0.00996995 0.0100214 5 
0.00995318 0.0101346 5 
0.00994264 0.0107815 5 
0.00993498 0.0102349 5 
0.0099201 0.0107559 5 
0.00990191 0.0104415 5 
0.00989195 0.0105278 5 
0.00988577 0.010899 5 
0.00988076 0.0100098 5 
0.00987861 0.0105958 5 
0.0098775 0.0100633 5 
0.00987011 0.0099118 5 
0.00986759 0.0105757 5 
0.00986272 0.0106764 5 
0.00986172 0.0106755 5 
0.00985969 0.0108325 5 
0.00984344 0.0100416 5 
0.00982837 0.0104802 5 
0.00982724 0.0104093 5 
0.00982526 0.00987038 5 
0.00981739 0.0107592 5 
0.00981536 0.0106479 5 
0.00980705 0.00989588 5 
0.00979633 0.0106025 5 
0.0097943 0.00980851 5 
0.00978721 0.0101218 5 
0.00977721 0.0108117 5 
0.00977257 0.0107529 5 
0.00976453 0.0103493 5 
0.00976056 0.0104533 5 
0.00975505 0.00983711 5 
0.00975254 0.00997843 5 
0.00974934 0.0107819 5 
0.00974218 0.00993713 5 
0.00974046 0.0104557 5 
0.0097383 0.0104154 5 
0.00973304 0.00979598 5 
0.00972706 0.00985672 5 
0.00971746 0.0104627 5 
0.00970366 0.00983778 5 
0.00970299 0.00976382 5 
0.00970159 0.0106263 5 
0.00969631 0.0104415 5 
0.00968195 0.0101021 5 
0.0096682 0.0100371 5 
0.00965993 0.00987205 5 
0.0096527 0.0102667 5 
0.0096474 0.00980256 5 
0.00964648 0.0101025 5 
0.00964353 0.010888 5 
0.00963217 0.0104996 5 
0.00963163 0.0103074 5 
0.00963105 0.0099118 5 
0.00962205 0.0100771 5 
0.00960803 0.0098889 5 
0.00960247 0.00961 5 
0.00960242 0.0109473 5 
0.0095956 0.00976382 5 
0.00958558 0.0104679 5 
0.00958506 0.00973653 5 
0.00957476 0.00966859 5 
0.00956853 0.0103972 5 
0.00955993 0.00966723 5 
0.0095496 0.0101093 5 
0.00953937 0.00972003 5 
0.00952839 0.00970565 5 
0.00952381 0.0101542 5 
0.00952019 0.0100145 5 
0.0095076 0.0101398 5 
0.00949999 0.00995531 5 
0.00949398 0.0105531 5 
0.00949085 0.00980851 5 
0.00947979 0.0107144 5 
0.00946388 0.00970227 5 
0.00945295 0.00970236 5 
0.00944948 0.0100502 5 
0.00944816 0.0100214 5 
0.00943921 0.0100821 5 
0.00942726 0.0100273 5 
0.00942712 0.0102053 5 
0.00941285 0.0100633 5 
0.00939845 0.0101645 5 
0.00939229 0.00972143 5 
0.00937612 0.00983072 5 
0.00934862 0.0100985 5 
0.00930451 0.010256 5 
0.00930121 0.00968334 5 
0.00930053 0.010112 5 
0.00930046 0.00967975 5 
0.00929672 0.00975888 5 
0.00928699 0.00933518 5 
0.00928696 0.0103934 5 
0.0092857 0.00975189 5 
0.00926842 0.0101398 5 
0.00925588 0.0101684 5 
0.00925306 0.00980938 5 
0.00924971 0.00998417 5 
0.00923408 0.0102053 5 
0.00921587 0.00976438 5 
0.00921419 0.00980011 5 
0.00920125 0.00923056 5 
0.0091846 0.00975888 5 
0.00917005 0.00951875 5 
0.00915448 0.00915969 5 
0.00914582 0.00917562 5 
0.0091369 0.0104142 5 
0.00913085 0.00915969 5 
0.00912812 0.0100371 5 
0.00911858 0.00981461 5 
0.00911756 0.0101328 5 
0.00910922 0.0104142 5 
0.00910817 0.00980938 5 
0.00910662 0.00950834 5 
0.00910489 0.0102986 5 
0.00908828 0.00940417 5 
0.00908771 0.0101816 5 
0.00907838 0.00947975 5 
0.00906442 0.0094507 5 
0.0090505 0.0101967 5 
0.00903078 0.0103089 5 
0.00902635 0.0102636 5 
0.00901941 0.0102186 5 
0.00901492 0.00940417 5 
0.00901029 0.00975958 5 
0.0089992 0.0094703 5 
0.00899812 0.00935433 5 
0.00899643 0.00940417 5 
0.00897682 0.00959047 5 
0.00897035 0.0101616 5 
0.00896882 0.0102636 5 
0.0089611 0.0104645 5 
0.00895943 0.0102465 5 
0.00892125 0.0093382 5 
0.00892008 0.00936721 5 
0.00889464 0.00958878 5 
0.00888749 0.00980685 5 
0.00874984 0.00968334 5 
0.00586439 0.00632695 6 
0.00575511 0.00578344 6 
0.00572531 0.00579695 6 
0.00564401 0.00598206 6 
0.00558033 0.00588105 6 
0.00548713 0.00557416 6 
0.00546075 0.0055099 6 
0.00543277 0.00551003 6 
0.00541851 0.00555724 6 
0.00541673 0.00570291 6 
0.00538391 0.00603476 6 
0.00537447 0.00568992 6 
0.00536639 0.00546381 6 
0.00535945 0.00537873 6 
0.00533776 0.00541418 6 
0.00533293 0.00546356 6 
0.00533073 0.00552005 6 
0.00532469 0.0054355 6 
0.00532394 0.00540812 6 
0.00531045 0.0054559 6 
0.00530647 0.00531983 6 
0.00530217 0.00534695 6 
0.00529885 0.00530101 6 
0.00529341 0.00531086 6 
0.005287 0.00605852 6 
0.00528694 0.00557212 6 
0.00526786 0.00543482 6 
0.00525801 0.00559189 6 
0.00525517 0.00531983 6 
0.00522015 0.00552055 6 
0.00521982 0.00522821 6 
0.00521875 0.00531866 6 
0.00521516 0.00531743 6 
0.00520785 0.00547132 6 
0.00518718 0.00526974 6 
0.00518596 0.00551003 6 
0.00516468 0.00516566 6 
0.00516189 0.00565554 6 
0.00515779 0.00528158 6 
0.00514152 0.00575761 6 
0.00513702 0.00533848 6 
0.00513515 0.00525495 6 
0.00512548 0.00519307 6 
0.00510219 0.00525455 6 
0.00509839 0.00526504 6 
0.00508147 0.00557349 6 
0.0050813 0.00510986 6 
0.00507945 0.00517415 6 
0.00506522 0.00519017 6 
0.00505568 0.00540256 6 
0.005054 0.00510986 6 
0.0050493 0.00511681 6 
0.00504081 0.00507768 6 
0.00503294 0.00554289 6 
0.00503038 0.00533841 6 
0.00502665 0.00539558 6 
0.00502144 0.00509184 6 
0.00501904 0.00524908 6 
0.00501758 0.00515602 6 
0.00501275 0.0050425 6 
0.00501195 0.00543987 6 
0.005011 0.00517159 6 
0.0050013 0.00519459 6 
0.00499498 0.00529209 6 
0.00499491 0.00539928 6 
0.00498983 0.00539559 6 
0.00498806 0.0053264 6 
0.00498084 0.00533848 6 
0.00497133 0.00511013 6 
0.00496786 0.00525418 6 
0.00495904 0.00549423 6 
0.00495789 0.00520591 6 
0.00495364 0.00507265 6 
0.00495361 0.00498991 6 
0.00493497 0.00534497 6 
0.00493029 0.0049434 6 
0.00492659 0.00517295 6 
0.00492593 0.00500195 6 
0.00492497 0.00493613 6 
0.00492319 0.00532882 6 
0.00491619 0.00495938 6 
0.00491493 0.00532882 6 
0.00491065 0.00493321 6 
0.00489451 0.00519402 6 
0.00489345 0.0053635 6 
0.00488892 0.00511655 6 
0.00488463 0.00498392 6 
0.00488268 0.00519402 6 
0.00488224 0.00494735 6 
0.00487856 0.00539903 6 
0.00487627 0.00493613 6 
0.00486671 0.00533641 6 
0.00486485 0.00489638 6 
0.00486045 0.00539813 6 
0.00485816 0.00553954 6 
0.00485067 0.00533841 6 
0.00484774 0.00487175 6 
0.00483791 0.00520295 6 
0.0048369 0.00491421 6 
0.00482668 0.00494471 6 
0.00482048 0.00490416 6 
0.00481857 0.00518582 6 
0.00480831 0.00548226 6 
0.0048065 0.00545589 6 
0.00479185 0.00486046 6 
0.00479139 0.0050368 6 
0.00478753 0.00488955 6 
0.004786 0.00499167 6 
0.00478367 0.00495078 6 
0.00477506 0.00516217 6 
0.00477243 0.00477357 6 
0.00475615 0.00491322 6 
0.00475561 0.00526645 6 
0.00475304 0.00517366 6 
0.00475169 0.00498221 6 
0.00475058 0.00486371 6 
0.00474141 0.00502698 6 
0.00472731 0.00480787 6 
0.0047259 0.00480643 6 
0.00472043 0.00540561 6 
0.0047184 0.00494471 6 
0.00469911 0.00490065 6 
0.00469734 0.00495813 6 
0.00468973 0.0050048 6 
0.00468617 0.00508493 6 
0.00467081 0.00493377 6 
0.00467016 0.00490091 6 
0.00466387 0.00494814 6 
0.00465683 0.00500977 6 
0.00465276 0.00480109 6 
0.00465231 0.00505325 6 
0.00463917 0.00497315 6 
0.00463116 0.00473261 6 
0.00462709 0.00507777 6 
0.0046245 0.00505795 6 
0.00461813 0.00495279 6 
0.00461321 0.0046473 6 
0.00460405 0.00465073 6 
0.00460351 0.00500784 6 
0.00459416 0.00498544 6 
0.00459191 0.00500977 6 
0.00458573 0.00486346 6 
0.00458471 0.00511655 6 
0.0045827 0.00494471 6 
0.00457662 0.00495938 6 
0.00456943 0.00475804 6 
0.00456893 0.00474557 6 
0.00456243 0.00479484 6 
0.00455282 0.00493667 6 
0.00453689 0.00520351 6 
0.00452972 0.00457277 6 
0.00452504 0.00486901 6 
0.00451476 0.00457277 6 
0.00451438 0.00474557 6 
0.00451304 0.00515652 6 
0.0045097 0.00466814 6 
0.00450351 0.00460108 6 
0.00449888 0.00521435 6 
0.00449794 0.00475804 6 
0.0044958 0.00516235 6 
0.00448741 0.00512491 6 
0.00448605 0.00478373 6 
0.00448599 0.00505795 6 
0.00448505 0.00509864 6 
0.00447246 0.00485604 6 
0.00446756 0.00454286 6 
0.00445753 0.00507164 6 
0.00445552 0.00500926 6 
0.00445381 0.0047951 6 
0.00445301 0.00462566 6 
0.00444607 0.00506126 6 
0.00444204 0.00470901 6 
0.00443732 0.0046663 6 
0.00443412 0.004743 6 
0.0044244 0.00513046 6 
0.00442327 0.00473059 6 
0.0044181 0.0050765 6 
0.00441757 0.00499167 6 
0.00438289 0.00482668 6 
0.00437519 0.00461838 6 
0.00435978 0.00498384 6 
0.00428866 0.00470866 6 
0.00307868 0.00320481 7 
0.00299419 0.0030032 7 
0.00290698 0.00312711 7 
0.00287455 0.00290145 7 
0.00287012 0.00298579 7 
0.00280501 0.00281657 7 
0.00280116 0.00299334 7 
0.00279332 0.00291117 7 
0.0027752 0.00280951 7 
0.0027728 0.00283932 7 
0.00276666 0.00313072 7 
0.00276074 0.00280134 7 
0.00276063 0.00281488 7 
0.00275989 0.00312502 7 
0.00275378 0.00283917 7 
0.00274598 0.00279278 7 
0.00273789 0.00277979 7 
0.00273688 0.00284702 7 
0.00273117 0.00282335 7 
0.00271687 0.00273871 7 
0.00270021 0.00278707 7 
0.00269819 0.00271483 7 
0.00269481 0.00275499 7 
0.00268187 0.00286149 7 
0.00266357 0.00290556 7 
0.00264327 0.00268761 7 
0.00263843 0.00270882 7 
0.00263357 0.0026968 7 
0.00263332 0.00293169 7 
0.0026333 0.00284132 7 
0.00263262 0.00278161 7 
0.00262819 0.00283621 7 
0.00262814 0.00278285 7 
0.00260758 0.00262977 7 
0.00259887 0.00268731 7 
0.00259368 0.00264243 7 
0.00259012 0.00268924 7 
0.00258959 0.00274111 7 
0.0025856 0.00260657 7 
0.00258028 0.00270941 7 
0.00257768 0.00270711 7 
0.00257653 0.00267818 7 
0.00257632 0.00272419 7 
0.00257315 0.00268783 7 
0.0025697 0.00275992 7 
0.00256407 0.00257413 7 
0.00256352 0.00281322 7 
0.00256187 0.00263278 7 
0.00256026 0.00257513 7 
0.00256024 0.00273256 7 
0.00255824 0.00257945 7 
0.00255508 0.00259705 7 
0.00254937 0.00280607 7 
0.00253536 0.00285972 7 
0.00253379 0.00257627 7 
0.0025324 0.00266229 7 
0.00253155 0.00258089 7 
0.00252899 0.00259956 7 
0.00252421 0.00273257 7 
0.00252134 0.00259956 7 
0.00251598 0.0026847 7 
0.00251544 0.00256204 7 
0.00251186 0.00252603 7 
0.00251156 0.00277761 7 
0.00250986 0.00266187 7 
0.00250134 0.0028188 7 
0.00249693 0.00267187 7 
0.00249288 0.00249962 7 
0.00249209 0.00263821 7 
0.00249089 0.0025482 7 
0.00248664 0.00267187 7 
0.00248664 0.00273256 7 
0.00248627 0.00248651 7 
0.00248618 0.0024913 7 
0.00248505 0.00259989 7 
0.00248384 0.0028065 7 
0.00248315 0.00256417 7 
0.00247712 0.00272119 7 
0.00246987 0.00250066 7 
0.0024694 0.0028682 7 
0.00246486 0.0025061 7 
0.00245576 0.00249088 7 
0.00244645 0.00250066 7 
0.00244496 0.00271428 7 
0.00243856 0.0024482 7 
0.0024336 0.00275389 7 
0.00243251 0.00254899 7 
0.00243201 0.00256395 7 
0.00242964 0.00246624 7 
0.00242295 0.00258412 7 
0.0024229 0.00247562 7 
0.00242208 0.00250446 7 
0.00241229 0.00253935 7 
0.00241097 0.00268063 7 
0.0024048 0.0026688 7 
0.002397 0.00249092 7 
0.00239328 0.00243115 7 
0.00239258 0.00248233 7 
0.00238996 0.00271416 7 
0.00238754 0.0025482 7 
0.00238629 0.00241921 7 
0.00238497 0.00264986 7 
0.0023836 0.00244902 7 
0.00237433 0.00253287 7 
0.00236982 0.00243176 7 
0.00236637 0.00240737 7 
0.00236337 0.00241446 7 
0.00236188 0.00252911 7 
0.00235964 0.00250012 7 
0.00235545 0.00246501 7 
0.00235429 0.00248651 7 
0.00235391 0.00255868 7 
0.00234906 0.00256447 7 
0.00234555 0.00246743 7 
0.00234539 0.00235282 7 
0.00234394 0.00267818 7 
0.0023423 0.00250012 7 
0.002339 0.00250425 7 
0.00233303 0.00240796 7 
0.00233107 0.00257809 7 
0.00232948 0.00254203 7 
0.00232789 0.00236027 7 
0.00232745 0.00249695 7 
0.00232396 0.00247656 7 
0.00232314 0.00262432 7 
0.0023224 0.00249695 7 
0.00232185 0.00249497 7 
0.00231589 0.00252098 7 
0.00231394 0.00250115 7 
0.00231385 0.00251254 7 
0.00231346 0.00248623 7 
0.00231179 0.00261103 7 
0.00231178 0.00235306 7 
0.0023102 0.00240796 7 
0.00230629 0.00244902 7 
0.00230394 0.00236515 7 
0.00229186 0.00234015 7 
0.00228445 0.00233028 7 
0.00227655 0.00233028 7 
0.00227558 0.002432 7 
0.00227255 0.00229466 7 
0.00226974 0.00262453 7 
0.00226909 0.00265654 7 
0.00226756 0.00240008 7 
0.00226467 0.00256675 7 
0.00226432 0.00252237 7 
0.00226421 0.00228842 7 
0.00225781 0.0023733 7 
0.00225605 0.00257215 7 
0.0022537 0.002303 7 
0.00224661 0.00256909 7 
0.00223914 0.00235807 7 
0.00223846 0.00245993 7 
0.0022329 0.00255868 7 
0.00223186 0.00234015 7 
0.00223078 0.00252813 7 
0.00222669 0.00243256 7 
0.00221831 0.00260538 7 
0.00221173 0.00249088 7 
0.00220918 0.00247016 7 
0.00219923 0.00237802 7 
0.00217744 0.00247354 7 
0.00217717 0.00257718 7 
0.00217535 0.00229824 7 
0.00213465 0.00231035 7 
0.00163192 0.00169673 8 
0.00157469 0.0015758 8 
0.00150851 0.00162046 8 
0.00150082 0.00151086 8 
0.00148701 0.00152802 8 
0.00146789 0.00162563 8 
0.00146083 0.00158595 8 
0.00145929 0.00150583 8 
0.00145503 0.00149912 8 
0.00144098 0.00146406 8 
0.00143878 0.00146405 8 
0.00143245 0.00147294 8 
0.00143139 0.00145856 8 
0.00142815 0.00144245 8 
0.00142677 0.00161265 8 
0.0014209 0.00143293 8 
0.00141332 0.0014886 8 
0.0014123 0.00141786 8 
0.00140679 0.00143507 8 
0.00140285 0.00142891 8 
0.00139799 0.00148595 8 
0.00139193 0.0015262 8 
0.0013895 0.00144859 8 
0.00138844 0.00139498 8 
0.00137916 0.00138863 8 
0.00137153 0.00143474 8 
0.00137148 0.00138662 8 
0.00136981 0.00144186 8 
0.0013605 0.00150871 8 
0.00135657 0.00139147 8 
0.00135578 0.00137343 8 
0.00135358 0.0014116 8 
0.00134893 0.00141946 8 
0.00134461 0.00136216 8 
0.00134304 0.00141214 8 
0.00134231 0.00136963 8 
0.00133839 0.00133858 8 
0.00133823 0.00144282 8 
0.00133665 0.00136822 8 
0.00133263 0.00139004 8 
0.00132493 0.00143628 8 
0.00132243 0.00134547 8 
0.0013213 0.0014869 8 
0.00132096 0.00138863 8 
0.00132058 0.00145448 8 
0.0013195 0.00133917 8 
0.00131927 0.0013922 8 
0.00131867 0.00134225 8 
0.00131668 0.00133903 8 
0.001315 0.00146994 8 
0.00131372 0.00139498 8 
0.00131203 0.00132297 8 
0.00131143 0.00152674 8 
0.00131077 0.00141182 8 
0.00130942 0.00151232 8 
0.00130525 0.00137724 8 
0.00130105 0.00138877 8 
0.00129946 0.00132064 8 
0.00129838 0.00145448 8 
0.00129763 0.00132292 8 
0.00129122 0.00131416 8 
0.0012908 0.00129549 8 
0.001289 0.00135582 8 
0.00128841 0.00144512 8 
0.00128641 0.00130206 8 
0.00128407 0.0013247 8 
0.0012836 0.00130062 8 
0.00128054 0.00132297 8 
0.00127705 0.00135582 8 
0.00127596 0.00127751 8 
0.00127429 0.00135582 8 
0.00127161 0.00128595 8 
0.00127047 0.00140318 8 
0.0012687 0.00129284 8 
0.00126799 0.00131436 8 
0.00126577 0.00126715 8 
0.00126513 0.00129043 8 
0.00126238 0.00129764 8 
0.00125272 0.00137414 8 
0.001247 0.00138968 8 
0.00124284 0.0013922 8 
0.00124167 0.00137798 8 
0.0012402 0.00131141 8 
0.00123882 0.00140338 8 
0.0012387 0.0012503 8 
0.00123505 0.00135995 8 
0.00123359 0.00130828 8 
0.00123253 0.00125751 8 
0.00123231 0.00133125 8 
0.00122925 0.00139324 8 
0.00122735 0.00129076 8 
0.00122705 0.0012661 8 
0.00122702 0.00137792 8 
0.00122689 0.00122851 8 
0.00122481 0.00126373 8 
0.00122379 0.00125236 8 
0.00122239 0.00125219 8 
0.0012215 0.00122912 8 
0.00121964 0.00128162 8 
0.00121902 0.00133388 8 
0.00121775 0.00124757 8 
0.00121579 0.00137211 8 
0.00121341 0.00133294 8 
0.00121308 0.00129284 8 
0.00121284 0.00133699 8 
0.00121151 0.00126786 8 
0.00121131 0.00128399 8 
0.00120877 0.00123879 8 
0.00120701 0.00123794 8 
0.00120323 0.00128984 8 
0.00120133 0.00131643 8 
0.00120018 0.00127703 8 
0.00120012 0.00123794 8 
0.00119896 0.00132902 8 
0.0011968 0.00124746 8 
0.00119574 0.00129513 8 
0.00119464 0.00121859 8 
0.0011926 0.00127863 8 
0.00118932 0.00127703 8 
0.00118233 0.00122625 8 
0.0011779 0.00134463 8 
0.0011777 0.00122912 8 
0.00117761 0.00117827 8 
0.00117724 0.00124656 8 
0.00117665 0.00127382 8 
0.00117618 0.00125158 8 
0.00117563 0.00126043 8 
0.00117449 0.0012503 8 
0.00117397 0.00119354 8 
0.00117224 0.00129886 8 
0.00117181 0.00120488 8 
0.00117061 0.00130391 8 
0.00116989 0.00128441 8 
0.00116971 0.0013565 8 
0.00116931 0.00120751 8 
0.00116777 0.00116958 8 
0.00116711 0.00120751 8 
0.00116398 0.00116457 8 
0.00116333 0.0013138 8 
0.00116298 0.00116304 8 
0.00116151 0.00116803 8 
0.00116096 0.00128436 8 
0.00115963 0.00130454 8 
0.00115956 0.00132167 8 
0.00115899 0.00122384 8 
0.00115802 0.00133763 8 
0.0011577 0.0013595 8 
0.00114831 0.00117898 8 
0.00113925 0.00117898 8 
0.00113869 0.00121969 8 
0.00113678 0.00129461 8 
0.00113458 0.00126851 8 
0.00113191 0.00130638 8 
0.00113066 0.00133165 8 
0.00112866 0.00116457 8 
0.00112254 0.00126001 8 
0.00111332 0.00123251 8 
0.0011066 0.00118902 8 
0.00110214 0.00135037 8 
0.00109826 0.0012831 8 
0.00109762 0.00116457 8 
0.00107519 0.00114496 8 
0.00087208 0.000907996 9 
0.0007875 0.000846503 9 
0.000781141 0.000851437 9 
0.000775051 0.000798224 9 
0.000774799 0.000787332 9 
0.00076899 0.000783376 9 
0.000766859 0.000835011 9 
0.000764402 0.000773478 9 
0.000756642 0.000768114 9 
0.000748148 0.000777946 9 
0.000744633 0.000795674 9 
0.000744369 0.000748795 9 
0.000743363 0.0007459 9 
0.000742637 0.000839616 9 
0.000741801 0.000746046 9 
0.000740883 0.000759737 9 
0.000739935 0.000747449 9 
0.000737635 0.00074091 9 
0.000736291 0.000765088 9 
0.000729272 0.000745422 9 
0.000720117 0.000752365 9 
0.000717928 0.000738478 9 
0.000717138 0.000741431 9 
0.000713831 0.000731965 9 
0.000707754 0.000785827 9 
0.000706895 0.000721945 9 
0.000703089 0.000820482 9 
0.000702568 0.000759201 9 
0.000701407 0.000805095 9 
0.000699589 0.000719731 9 
0.000698608 0.000746527 9 
0.000693991 0.000715252 9 
0.000692859 0.000703441 9 
0.000692468 0.000705797 9 
0.000691747 0.000700653 9 
0.000690917 0.000723732 9 
0.000689719 0.000790304 9 
0.000689128 0.000726596 9 
0.000686873 0.000759877 9 
0.000686869 0.000712569 9 
0.000686319 0.000752922 9 
0.00068469 0.000713083 9 
0.000684607 0.000685117 9 
0.000683383 0.000758964 9 
0.000682683 0.000759877 9 
0.00068239 0.000698152 9 
0.000677345 0.000686216 9 
0.000676007 0.000677916 9 
0.000675385 0.000689253 9 
0.000675247 0.000726301 9 
0.000674695 0.00072457 9 
0.000673144 0.000687595 9 
0.000673085 0.000673092 9 
0.000671126 0.000675368 9 
0.00067063 0.000746186 9 
0.000669525 0.000685291 9 
0.000668938 0.000681309 9 
0.000665252 0.000671063 9 
0.000664553 0.00069497 9 
0.000661931 0.000680542 9 
0.000661653 0.000670938 9 
0.000660459 0.000714728 9 
0.000660287 0.00069497 9 
0.000659914 0.000739246 9 
0.000657555 0.00069497 9 
0.000657226 0.000679221 9 
0.000655487 0.000680179 9 
0.00065283 0.000673572 9 
0.000652047 0.000729218 9 
0.000651823 0.000661719 9 
0.000645784 0.000707698 9 
0.000643306 0.000643939 9 
0.000643206 0.000715216 9 
0.000642071 0.000661981 9 
0.000641192 0.000642505 9 
0.00064012 0.000677029 9 
0.000638817 0.000681146 9 
0.000638785 0.000653447 9 
0.000638492 0.000687597 9 
0.000637309 0.000678293 9 
0.000636434 0.000652789 9 
0.000636372 0.000681127 9 
0.000635713 0.000700653 9 
0.000634932 0.000705925 9 
0.000633567 0.000656312 9 
0.000632796 0.000690644 9 
0.000632592 0.000640482 9 
0.000631841 0.000683685 9 
0.000631643 0.000735348 9 
0.000631228 0.000660235 9 
0.000630762 0.000643272 9 
0.00063075 0.000716552 9 
0.000630684 0.000643272 9 
0.000630231 0.000649849 9 
0.000627911 0.000653523 9 
0.000627049 0.000659558 9 
0.000626692 0.000634043 9 
0.000624968 0.000681127 9 
0.000624642 0.000635026 9 
0.000624482 0.00069235 9 
0.000623344 0.000687196 9 
0.000618958 0.000674578 9 
0.000618695 0.000662815 9 
0.000618517 0.000637929 9 
0.000618008 0.000683306 9 
0.000617422 0.000650536 9 
0.000616311 0.000690951 9 
0.000614568 0.000644204 9 
0.000612036 0.000652041 9 
0.000611947 0.000671062 9 
0.000609601 0.000657187 9 
0.000609385 0.000704686 9 
0.000608758 0.000623986 9 
0.000607801 0.000648593 9 
0.000607763 0.000634263 9 
0.000605135 0.00060523 9 
0.0006051 0.000693759 9 
0.000604727 0.000638064 9 
0.000603569 0.00064094 9 
0.000603408 0.000660455 9 
0.000602973 0.000631511 9 
0.00060256 0.000626237 9 
0.000601776 0.000604438 9 
0.000600961 0.000681309 9 
0.000600946 0.000667546 9 
0.000600079 0.000607641 9 
0.00059921 0.000670922 9 
0.000599196 0.000643158 9 
0.000598307 0.000622918 9 
0.000597621 0.000658612 9 
0.000596394 0.000674578 9 
0.00059629 0.000666028 9 
0.000595585 0.00066884 9 
0.000595392 0.00062829 9 
0.000595278 0.000692325 9 
0.000595074 0.000710984 9 
0.000593747 0.000612906 9 
0.000586127 0.000596559 9 
0.000585515 0.000680542 9 
0.000584516 0.000675446 9 
0.000580418 0.000627565 9 
0.000578764 0.00062148 9 
0.000577194 0.000585571 9 
0.00057637 0.000645169 9 
0.000564469 0.000601469 9 
0.00056391 0.000714876 9 
0.000561423 0.000660235 9 
0.000560032 0.000585571 9 
0.000546724 0.0005721 9 
