0.524421 0.539264 0 
0.523709 0.541141 0 
0.523132 0.541875 0 
0.522818 0.538799 0 
0.522515 0.54266 0 
0.522502 0.542382 0 
0.522483 0.543575 0 
0.522396 0.537757 0 
0.522167 0.543445 0 
0.521934 0.540901 0 
0.521804 0.54331 0 
0.521785 0.539179 0 
0.521731 0.539834 0 
0.521206 0.54051 0 
0.521054 0.538512 0 
0.52099 0.541907 0 
0.520985 0.541591 0 
0.520942 0.540843 0 
0.52072 0.540898 0 
0.520674 0.542782 0 
0.520622 0.541775 0 
0.520581 0.540808 0 
0.520498 0.54041 0 
0.520497 0.536619 0 
0.520379 0.54209 0 
0.520352 0.54051 0 
0.520298 0.538799 0 
0.520236 0.542535 0 
0.520113 0.542961 0 
0.520042 0.54289 0 
0.520012 0.539622 0 
0.519937 0.53993 0 
0.519916 0.540616 0 
0.519877 0.540727 0 
0.519873 0.540238 0 
0.519778 0.540028 0 
0.519672 0.54119 0 
0.519611 0.542754 0 
0.519571 0.519726 0 
0.519461 0.5421 0 
0.519283 0.520388 0 
0.519276 0.540028 0 
0.519276 0.53975 0 
0.519182 0.540343 0 
0.519153 0.540808 0 
0.519142 0.540114 0 
0.519051 0.543983 0 
0.518871 0.54161 0 
0.518759 0.542896 0 
0.518677 0.519149 0 
0.518599 0.539895 0 
0.518573 0.542707 0 
0.518531 0.545218 0 
0.518456 0.519151 0 
0.518425 0.519383 0 
0.518407 0.54041 0 
0.518396 0.546567 0 
0.518379 0.542508 0 
0.518353 0.541836 0 
0.518304 0.519376 0 
0.518274 0.544714 0 
0.51825 0.542113 0 
0.518233 0.537561 0 
0.518194 0.540861 0 
0.51812 0.518133 0 
0.51809 0.542094 0 
0.518041 0.542805 0 
0.517925 0.520408 0 
0.517909 0.518768 0 
0.517907 0.538882 0 
0.517904 0.543893 0 
0.517862 0.544736 0 
0.517855 0.541813 0 
0.51777 0.519691 0 
0.517763 0.520136 0 
0.517742 0.541141 0 
0.517738 0.517884 0 
0.517694 0.541312 0 
0.517685 0.542283 0 
0.517668 0.542991 0 
0.517662 0.517777 0 
0.517646 0.539008 0 
0.517645 0.542592 0 
0.517618 0.518355 0 
0.517577 0.519649 0 
0.517566 0.545258 0 
0.517513 0.538799 0 
0.517409 0.540861 0 
0.517381 0.541786 0 
0.517361 0.518109 0 
0.517333 0.53975 0 
0.517307 0.517725 0 
0.517238 0.540534 0 
0.517213 0.518129 0 
0.517181 0.544194 0 
0.517171 0.517759 0 
0.517146 0.540114 0 
0.517124 0.540808 0 
0.517121 0.517659 0 
0.517093 0.54195 0 
0.51708 0.540898 0 
0.51707 0.540158 0 
0.517008 0.520374 0 
0.517004 0.517657 0 
0.516972 0.544503 0 
0.516965 0.537561 0 
0.516962 0.539905 0 
0.516897 0.517501 0 
0.516896 0.518084 0 
0.51681 0.544341 0 
0.516791 0.542711 0 
0.516786 0.542961 0 
0.516772 0.542628 0 
0.51677 0.517657 0 
0.516717 0.542508 0 
0.516676 0.543036 0 
0.516606 0.540114 0 
0.516571 0.518084 0 
0.51656 0.540616 0 
0.516546 0.517677 0 
0.516471 0.545193 0 
0.516452 0.516829 0 
0.516444 0.538836 0 
0.516377 0.519148 0 
0.516312 0.518761 0 
0.516295 0.517007 0 
0.516232 0.518018 0 
0.516212 0.538836 0 
0.516199 0.516644 0 
0.516195 0.542908 0 
0.516193 0.537561 0 
0.516129 0.519383 0 
0.516094 0.517109 0 
0.516089 0.545472 0 
0.516073 0.517697 0 
0.516035 0.537308 0 
0.515949 0.545142 0 
0.515924 0.518682 0 
0.515914 0.51622 0 
0.515905 0.518764 0 
0.515901 0.518307 0 
0.515865 0.516698 0 
0.515831 0.517301 0 
0.51583 0.516341 0 
0.515829 0.540635 0 
0.515809 0.543834 0 
0.515804 0.544194 0 
0.515752 0.543231 0 
0.515736 0.518272 0 
0.515709 0.517384 0 
0.515674 0.517052 0 
0.515669 0.539347 0 
0.515631 0.538799 0 
0.515623 0.516453 0 
0.515613 0.520674 0 
0.515458 0.517441 0 
0.515447 0.519302 0 
0.515435 0.518133 0 
0.515401 0.53927 0 
0.515379 0.5441 0 
0.515379 0.515683 0 
0.515378 0.541786 0 
0.515352 0.541786 0 
0.515304 0.516556 0 
0.515241 0.541144 0 
0.515203 0.539339 0 
0.515185 0.542031 0 
0.515182 0.540343 0 
0.515143 0.540861 0 
0.51508 0.516499 0 
0.51505 0.518303 0 
0.515041 0.544824 0 
0.515039 0.543389 0 
0.515027 0.519087 0 
0.514997 0.518682 0 
0.514959 0.540075 0 
0.514908 0.518838 0 
0.514903 0.539339 0 
0.514858 0.515165 0 
0.514824 0.540343 0 
0.514764 0.51568 0 
0.514755 0.516055 0 
0.514713 0.519636 0 
0.514702 0.541433 0 
0.514696 0.539008 0 
0.514695 0.515497 0 
0.514674 0.544623 0 
0.514626 0.542536 0 
0.514614 0.514674 0 
0.514609 0.519643 0 
0.514553 0.540122 0 
0.514534 0.514972 0 
0.514486 0.515182 0 
0.514467 0.522604 0 
0.514379 0.519087 0 
0.514367 0.542136 0 
0.514357 0.515235 0 
0.514336 0.515008 0 
0.514319 0.544797 0 
0.514318 0.517099 0 
0.514316 0.540489 0 
0.514298 0.519459 0 
0.51428 0.515591 0 
0.51427 0.541071 0 
0.514254 0.514826 0 
0.51423 0.539622 0 
0.51423 0.515126 0 
0.514219 0.516698 0 
0.514212 0.517144 0 
0.514202 0.518992 0 
0.514173 0.538799 0 
0.514167 0.516616 0 
0.514167 0.519504 0 
0.514157 0.517044 0 
0.51415 0.51499 0 
0.514128 0.519691 0 
0.514044 0.514117 0 
0.513984 0.518615 0 
0.513978 0.523774 0 
0.513954 0.517098 0 
0.513929 0.540158 0 
0.513915 0.542327 0 
0.513905 0.517085 0 
0.513893 0.516523 0 
0.513806 0.516268 0 
0.513777 0.518512 0 
0.513758 0.515574 0 
0.513726 0.517986 0 
0.513699 0.515566 0 
0.51369 0.542908 0 
0.513684 0.518912 0 
0.513682 0.514897 0 
0.513679 0.541836 0 
0.513676 0.537561 0 
0.513634 0.515203 0 
0.513627 0.519447 0 
0.513593 0.541312 0 
0.513584 0.515148 0 
0.513567 0.514713 0 
0.513554 0.518018 0 
0.513549 0.542991 0 
0.513504 0.51395 0 
0.513499 0.513503 0 
0.513448 0.515849 0 
0.513444 0.517225 0 
0.513415 0.540534 0 
0.5134 0.517099 0 
0.513396 0.520454 0 
0.513391 0.515076 0 
0.513378 0.540727 0 
0.513328 0.514607 0 
0.513324 0.517246 0 
0.513311 0.515274 0 
0.513296 0.518193 0 
0.513281 0.517309 0 
0.513272 0.542859 0 
0.513271 0.517806 0 
0.513255 0.54289 0 
0.513212 0.515433 0 
0.513207 0.516124 0 
0.513198 0.514804 0 
0.513191 0.514876 0 
0.513149 0.539992 0 
0.513142 0.541719 0 
0.513114 0.513503 0 
0.513106 0.519649 0 
0.513097 0.516777 0 
0.513061 0.5159 0 
0.513057 0.513472 0 
0.513023 0.539008 0 
0.513003 0.54126 0 
0.51296 0.542711 0 
0.512942 0.537597 0 
0.512848 0.520355 0 
0.512827 0.5404 0 
0.51276 0.514106 0 
0.512738 0.519504 0 
0.512729 0.520388 0 
0.512612 0.543359 0 
0.5126 0.542896 0 
0.512565 0.543761 0 
0.512558 0.540071 0 
0.512556 0.539264 0 
0.512527 0.53927 0 
0.512524 0.514664 0 
0.512494 0.541364 0 
0.512478 0.516958 0 
0.512464 0.5199 0 
0.512446 0.540635 0 
0.512429 0.539992 0 
0.512426 0.513031 0 
0.512424 0.513417 0 
0.51242 0.542155 0 
0.512317 0.512817 0 
0.512265 0.520598 0 
0.512261 0.538938 0 
0.512249 0.514307 0 
0.512192 0.514519 0 
0.512179 0.51411 0 
0.512172 0.541312 0 
0.512128 0.514619 0 
0.512127 0.512146 0 
0.51209 0.539512 0 
0.512075 0.516209 0 
0.512049 0.513038 0 
0.511985 0.514338 0 
0.511948 0.541296 0 
0.511908 0.514253 0 
0.511895 0.538091 0 
0.511877 0.512242 0 
0.511867 0.516706 0 
0.511837 0.513106 0 
0.511825 0.517222 0 
0.511822 0.518961 0 
0.511705 0.538882 0 
0.511704 0.51469 0 
0.511651 0.517237 0 
0.511631 0.544623 0 
0.511624 0.543359 0 
0.511601 0.544069 0 
0.511593 0.542962 0 
0.511586 0.51379 0 
0.511582 0.540843 0 
0.511476 0.513405 0 
0.51147 0.520408 0 
0.511464 0.523774 0 
0.511461 0.54305 0 
0.511459 0.540159 0 
0.511439 0.514309 0 
0.511431 0.541813 0 
0.511383 0.512328 0 
0.511363 0.537561 0 
0.511353 0.54041 0 
0.511341 0.539382 0 
0.511312 0.520012 0 
0.511253 0.517052 0 
0.511241 0.511857 0 
0.511217 0.5127 0 
0.51121 0.539512 0 
0.511179 0.540158 0 
0.511173 0.540901 0 
0.511129 0.539405 0 
0.511102 0.54131 0 
0.511041 0.519376 0 
0.510996 0.539622 0 
0.510974 0.543535 0 
0.510949 0.544307 0 
0.51086 0.540593 0 
0.510819 0.516644 0 
0.510692 0.540908 0 
0.510615 0.511217 0 
0.510577 0.515321 0 
0.510572 0.541135 0 
0.51056 0.546012 0 
0.510558 0.542233 0 
0.510548 0.54758 0 
0.510513 0.512672 0 
0.510423 0.541144 0 
0.510312 0.543359 0 
0.510309 0.512706 0 
0.510251 0.544143 0 
0.509811 0.512269 0 
0.509708 0.537597 0 
0.509237 0.515182 0 
0.220076 0.22582 1 
0.219895 0.227915 1 
0.219066 0.228537 1 
0.219002 0.227975 1 
0.218912 0.222456 1 
0.218459 0.231231 1 
0.218131 0.223713 1 
0.217997 0.221704 1 
0.217948 0.227862 1 
0.217922 0.219263 1 
0.217626 0.223501 1 
0.217609 0.230892 1 
0.217607 0.219389 1 
0.217506 0.228979 1 
0.217459 0.229958 1 
0.217393 0.218398 1 
0.217388 0.224348 1 
0.217265 0.222108 1 
0.217057 0.224065 1 
0.216979 0.229052 1 
0.216946 0.221802 1 
0.216901 0.226508 1 
0.216863 0.224713 1 
0.216601 0.22435 1 
0.216562 0.221709 1 
0.216545 0.22932 1 
0.216505 0.222705 1 
0.216316 0.229309 1 
0.216196 0.221779 1 
0.215984 0.22094 1 
0.215965 0.225484 1 
0.215902 0.224382 1 
0.215847 0.224072 1 
0.215726 0.224324 1 
0.215666 0.21962 1 
0.215597 0.224892 1 
0.215558 0.225834 1 
0.215545 0.224391 1 
0.215528 0.22361 1 
0.215494 0.226618 1 
0.215475 0.225066 1 
0.215381 0.222705 1 
0.215376 0.224004 1 
0.215343 0.225852 1 
0.215239 0.22767 1 
0.215215 0.228881 1 
0.215077 0.225626 1 
0.214995 0.22788 1 
0.21497 0.225505 1 
0.21476 0.221921 1 
0.214616 0.219422 1 
0.214562 0.22366 1 
0.214473 0.223905 1 
0.214342 0.222713 1 
0.214322 0.22478 1 
0.214189 0.22456 1 
0.214117 0.2268 1 
0.214095 0.22435 1 
0.214005 0.225634 1 
0.213825 0.221085 1 
0.213775 0.222386 1 
0.213658 0.220229 1 
0.213655 0.226061 1 
0.213554 0.221749 1 
0.21355 0.232888 1 
0.213437 0.217865 1 
0.2134 0.222386 1 
0.213355 0.224952 1 
0.213271 0.221704 1 
0.21323 0.229033 1 
0.21317 0.2132 1 
0.2131 0.227553 1 
0.213069 0.214018 1 
0.213039 0.222713 1 
0.213035 0.220978 1 
0.213002 0.223688 1 
0.212962 0.220295 1 
0.21296 0.224094 1 
0.212941 0.225803 1 
0.212902 0.220229 1 
0.212865 0.227423 1 
0.212821 0.221175 1 
0.212776 0.215789 1 
0.212748 0.224963 1 
0.212711 0.22525 1 
0.212677 0.227371 1 
0.212672 0.225005 1 
0.212571 0.219422 1 
0.212393 0.225362 1 
0.212369 0.223492 1 
0.212335 0.226382 1 
0.212289 0.212814 1 
0.212157 0.221489 1 
0.212119 0.224696 1 
0.212042 0.224169 1 
0.212029 0.222856 1 
0.211992 0.221826 1 
0.211948 0.213392 1 
0.211867 0.222999 1 
0.211838 0.221688 1 
0.211784 0.217865 1 
0.211766 0.212919 1 
0.211758 0.221018 1 
0.211695 0.22525 1 
0.211687 0.229242 1 
0.211586 0.221085 1 
0.211571 0.222713 1 
0.211566 0.22432 1 
0.211532 0.23029 1 
0.211527 0.224252 1 
0.211377 0.211756 1 
0.211365 0.217865 1 
0.21128 0.223388 1 
0.211096 0.225362 1 
0.211074 0.211995 1 
0.210959 0.22767 1 
0.210914 0.211109 1 
0.210814 0.210869 1 
0.210812 0.229078 1 
0.210806 0.211698 1 
0.210804 0.226258 1 
0.210772 0.227674 1 
0.210736 0.221802 1 
0.210719 0.211883 1 
0.210504 0.221956 1 
0.210474 0.224282 1 
0.21047 0.216821 1 
0.210459 0.213432 1 
0.210391 0.21101 1 
0.210385 0.221452 1 
0.210349 0.220586 1 
0.210342 0.224016 1 
0.210305 0.221085 1 
0.210277 0.223492 1 
0.210271 0.210538 1 
0.210262 0.227753 1 
0.210216 0.219054 1 
0.210187 0.211608 1 
0.210169 0.219054 1 
0.209997 0.210126 1 
0.209943 0.221749 1 
0.20994 0.22734 1 
0.20991 0.221489 1 
0.209907 0.221489 1 
0.209805 0.211992 1 
0.209798 0.211096 1 
0.209644 0.21962 1 
0.209413 0.211199 1 
0.209308 0.220683 1 
0.209303 0.219422 1 
0.20916 0.2268 1 
0.209137 0.224016 1 
0.209113 0.220143 1 
0.208978 0.22312 1 
0.208964 0.217865 1 
0.208951 0.213637 1 
0.208869 0.210648 1 
0.208776 0.208889 1 
0.208774 0.210062 1 
0.208764 0.210895 1 
0.208681 0.226782 1 
0.208662 0.211608 1 
0.20864 0.222011 1 
0.208583 0.209087 1 
0.208557 0.223341 1 
0.208523 0.221688 1 
0.208356 0.22544 1 
0.208329 0.221802 1 
0.208225 0.214864 1 
0.20813 0.210034 1 
0.20807 0.215945 1 
0.208055 0.225051 1 
0.207996 0.220359 1 
0.207994 0.208086 1 
0.207974 0.208751 1 
0.207929 0.22767 1 
0.207916 0.210365 1 
0.207894 0.20865 1 
0.20788 0.207989 1 
0.207861 0.221104 1 
0.207818 0.211134 1 
0.207791 0.20784 1 
0.207695 0.220143 1 
0.207657 0.212455 1 
0.207646 0.221921 1 
0.207639 0.222876 1 
0.207596 0.209091 1 
0.207563 0.207841 1 
0.207535 0.21008 1 
0.207488 0.212143 1 
0.207487 0.226057 1 
0.207389 0.208868 1 
0.207331 0.22478 1 
0.207261 0.210208 1 
0.207245 0.223976 1 
0.207215 0.224016 1 
0.207208 0.225362 1 
0.207146 0.222876 1 
0.20712 0.213405 1 
0.207077 0.208381 1 
0.207038 0.209755 1 
0.207023 0.208191 1 
0.207012 0.212613 1 
0.207011 0.22361 1 
0.206966 0.2268 1 
0.206923 0.219422 1 
0.206739 0.22432 1 
0.206708 0.210078 1 
0.206689 0.20689 1 
0.206595 0.224324 1 
0.206581 0.210665 1 
0.206541 0.208784 1 
0.206499 0.207085 1 
0.206483 0.206757 1 
0.206469 0.219422 1 
0.206468 0.221238 1 
0.206412 0.228039 1 
0.206388 0.206399 1 
0.206378 0.207704 1 
0.206375 0.208191 1 
0.206354 0.207184 1 
0.206229 0.208238 1 
0.20617 0.221779 1 
0.206127 0.210723 1 
0.2061 0.206999 1 
0.206086 0.206398 1 
0.206054 0.206546 1 
0.206008 0.21962 1 
0.205879 0.208327 1 
0.205826 0.210607 1 
0.205824 0.211995 1 
0.205792 0.2069 1 
0.205724 0.220683 1 
0.205711 0.211447 1 
0.205703 0.210972 1 
0.205703 0.207322 1 
0.205643 0.206727 1 
0.20564 0.206828 1 
0.205585 0.207506 1 
0.205567 0.209894 1 
0.205504 0.205943 1 
0.205483 0.211706 1 
0.205452 0.216786 1 
0.205402 0.217865 1 
0.205375 0.209244 1 
0.205329 0.206048 1 
0.205311 0.219263 1 
0.20531 0.22308 1 
0.20531 0.212709 1 
0.205283 0.220359 1 
0.205281 0.206733 1 
0.205147 0.220683 1 
0.205067 0.219916 1 
0.205045 0.215965 1 
0.205029 0.207197 1 
0.204963 0.222026 1 
0.204944 0.205551 1 
0.204907 0.205122 1 
0.204894 0.207812 1 
0.204881 0.206558 1 
0.204838 0.212114 1 
0.204836 0.207205 1 
0.204751 0.206088 1 
0.204749 0.20706 1 
0.204728 0.220229 1 
0.204618 0.22497 1 
0.204441 0.224674 1 
0.204401 0.207685 1 
0.204322 0.207197 1 
0.204304 0.20561 1 
0.204246 0.208274 1 
0.204238 0.220491 1 
0.20423 0.221704 1 
0.204191 0.206579 1 
0.204162 0.206408 1 
0.20416 0.211496 1 
0.204065 0.222876 1 
0.204057 0.221085 1 
0.204054 0.207873 1 
0.203996 0.212332 1 
0.203893 0.204319 1 
0.203818 0.221085 1 
0.203734 0.222108 1 
0.203715 0.204528 1 
0.203679 0.22181 1 
0.203673 0.203734 1 
0.203656 0.21001 1 
0.203594 0.206275 1 
0.203557 0.205061 1 
0.203535 0.206408 1 
0.20347 0.20368 1 
0.203469 0.211666 1 
0.20344 0.20368 1 
0.203431 0.22366 1 
0.203398 0.20397 1 
0.203343 0.219124 1 
0.203301 0.223196 1 
0.203266 0.217583 1 
0.203261 0.204052 1 
0.203236 0.217583 1 
0.203232 0.208364 1 
0.203228 0.207478 1 
0.203106 0.226885 1 
0.203067 0.205374 1 
0.202983 0.210895 1 
0.202766 0.218521 1 
0.202693 0.222302 1 
0.20267 0.220295 1 
0.202659 0.20316 1 
0.202582 0.22069 1 
0.202558 0.206505 1 
0.202484 0.205485 1 
0.201981 0.209473 1 
0.201931 0.208614 1 
0.201808 0.202803 1 
0.201722 0.201938 1 
0.20162 0.20352 1 
0.201503 0.205879 1 
0.201376 0.202709 1 
0.201221 0.205223 1 
0.201013 0.203352 1 
0.199968 0.199972 1 
0.104049 0.10531 2 
0.103571 0.105186 2 
0.103087 0.103795 2 
0.102853 0.105209 2 
0.102715 0.102998 2 
0.101734 0.103098 2 
0.101263 0.101599 2 
0.101245 0.105013 2 
0.101105 0.10694 2 
0.100566 0.101819 2 
0.10056 0.102894 2 
0.100508 0.100783 2 
0.100433 0.101483 2 
0.100322 0.1031 2 
0.0998761 0.101993 2 
0.0998676 0.10098 2 
0.0996251 0.100141 2 
0.0991343 0.100587 2 
0.0990099 0.101174 2 
0.0986129 0.098815 2 
0.0985987 0.100735 2 
0.0984687 0.100013 2 
0.0982369 0.101435 2 
0.0981714 0.0990793 2 
0.0981262 0.0989489 2 
0.0980951 0.100817 2 
0.0979462 0.0992534 2 
0.0979358 0.0979995 2 
0.0978935 0.100798 2 
0.0977747 0.0998624 2 
0.0977384 0.0989137 2 
0.0977058 0.0981875 2 
0.0976869 0.100557 2 
0.0976843 0.0980847 2 
0.0976268 0.0988478 2 
0.097444 0.10219 2 
0.0973408 0.0985645 2 
0.0970317 0.102008 2 
0.0969826 0.104357 2 
0.0968742 0.101511 2 
0.0967757 0.0968048 2 
0.0967527 0.0996089 2 
0.0965547 0.0974646 2 
0.0965292 0.0993031 2 
0.0965265 0.101189 2 
0.0962593 0.0965145 2 
0.0962349 0.103523 2 
0.0961781 0.0996447 2 
0.0961639 0.0963503 2 
0.0961024 0.100046 2 
0.0960424 0.0983256 2 
0.0959141 0.0962607 2 
0.095823 0.0998781 2 
0.0957825 0.0964017 2 
0.0956751 0.10384 2 
0.0956542 0.0997518 2 
0.0956319 0.0970922 2 
0.0955775 0.101985 2 
0.0955393 0.100252 2 
0.0954577 0.103184 2 
0.0953716 0.0978937 2 
0.0953598 0.097213 2 
0.0953481 0.0978937 2 
0.0952925 0.0996447 2 
0.0952512 0.0959707 2 
0.0951806 0.0966934 2 
0.0951778 0.0964109 2 
0.0951442 0.100643 2 
0.095138 0.0961372 2 
0.0951096 0.0970363 2 
0.0950935 0.0970363 2 
0.095092 0.0960423 2 
0.0949681 0.0950995 2 
0.0948995 0.0971497 2 
0.0947537 0.0978294 2 
0.0946141 0.102029 2 
0.0945963 0.0973552 2 
0.0945708 0.0980902 2 
0.0944936 0.0970363 2 
0.0944525 0.101483 2 
0.0944407 0.0957357 2 
0.0944023 0.0963548 2 
0.0943838 0.0954607 2 
0.0943516 0.0980902 2 
0.094285 0.0969616 2 
0.0942372 0.102336 2 
0.0941706 0.095771 2 
0.0941679 0.0978294 2 
0.0941405 0.0986916 2 
0.0941298 0.0985402 2 
0.0941281 0.102036 2 
0.0940647 0.0962607 2 
0.0940434 0.102592 2 
0.0939668 0.0993441 2 
0.0939484 0.0980838 2 
0.0939275 0.0994399 2 
0.0939178 0.0996385 2 
0.09381 0.0953095 2 
0.0938077 0.0998927 2 
0.0937259 0.0944001 2 
0.0937204 0.0963433 2 
0.0936617 0.0969616 2 
0.0936214 0.0946067 2 
0.0935507 0.0940918 2 
0.0935157 0.0935972 2 
0.0934467 0.0983371 2 
0.0934054 0.0948338 2 
0.0934 0.0941409 2 
0.0933893 0.0959707 2 
0.0933849 0.0933902 2 
0.0933065 0.0967973 2 
0.0932819 0.0963548 2 
0.0932571 0.096875 2 
0.0930732 0.0945955 2 
0.093061 0.100485 2 
0.0929663 0.0930744 2 
0.0929596 0.0941483 2 
0.0929458 0.0967703 2 
0.0929085 0.0952832 2 
0.0927587 0.0958806 2 
0.0927373 0.094881 2 
0.0927216 0.0973509 2 
0.0927019 0.0955226 2 
0.0926129 0.0997082 2 
0.0926124 0.0964017 2 
0.092556 0.100639 2 
0.0925498 0.0995242 2 
0.0925162 0.0985402 2 
0.092483 0.0932399 2 
0.092481 0.101599 2 
0.0922938 0.0937995 2 
0.0922056 0.0976755 2 
0.0921562 0.0979995 2 
0.0921367 0.0999887 2 
0.0921324 0.092276 2 
0.0920345 0.101483 2 
0.0919694 0.0934312 2 
0.0919684 0.0956763 2 
0.0918605 0.0988642 2 
0.0917609 0.0936136 2 
0.0917326 0.0963548 2 
0.0917183 0.0962735 2 
0.0916621 0.0980811 2 
0.0916577 0.0967351 2 
0.0916328 0.0953152 2 
0.0915717 0.0930205 2 
0.0914712 0.0920314 2 
0.091465 0.0967877 2 
0.0914362 0.0948048 2 
0.0913936 0.0981482 2 
0.0913779 0.0955226 2 
0.0913429 0.0929339 2 
0.0913032 0.091788 2 
0.0912836 0.095499 2 
0.0912335 0.0985645 2 
0.0912279 0.0967914 2 
0.0911326 0.0985402 2 
0.0910946 0.0938936 2 
0.0910571 0.0951656 2 
0.0910452 0.100322 2 
0.0910161 0.0973812 2 
0.0909404 0.0913368 2 
0.090907 0.0910128 2 
0.0908971 0.0913678 2 
0.090866 0.0948547 2 
0.0908588 0.098118 2 
0.0908341 0.0912461 2 
0.0907136 0.0996447 2 
0.0906568 0.0926789 2 
0.0905608 0.0936919 2 
0.0905451 0.0906088 2 
0.0905137 0.0908454 2 
0.0904595 0.0904816 2 
0.0903733 0.0971227 2 
0.0903366 0.0943594 2 
0.0903094 0.0904963 2 
0.0901211 0.0938701 2 
0.0899755 0.0904873 2 
0.0899582 0.0935135 2 
0.0899121 0.0938241 2 
0.0899028 0.0918002 2 
0.089899 0.0953152 2 
0.0898757 0.0900869 2 
0.0898592 0.0973941 2 
0.0898475 0.098612 2 
0.0897952 0.094881 2 
0.0897406 0.0934575 2 
0.0897062 0.0912461 2 
0.0897056 0.0899147 2 
0.0896483 0.0949535 2 
0.0895614 0.0910151 2 
0.0895529 0.0968048 2 
0.0895246 0.0956096 2 
0.0895007 0.100254 2 
0.0894437 0.0895621 2 
0.0894396 0.0911599 2 
0.0894299 0.0973552 2 
0.0893792 0.0918943 2 
0.089343 0.0904015 2 
0.0893404 0.0913826 2 
0.0893338 0.089739 2 
0.0893222 0.0906691 2 
0.0893005 0.0896786 2 
0.0892487 0.0938707 2 
0.0892308 0.0982542 2 
0.0892079 0.0911383 2 
0.089184 0.0949535 2 
0.0891499 0.0916663 2 
0.0891077 0.0914819 2 
0.0890752 0.0967632 2 
0.0890148 0.0950956 2 
0.0889757 0.0940772 2 
0.088942 0.0893806 2 
0.0889342 0.0959707 2 
0.0888638 0.0930979 2 
0.0888159 0.0937995 2 
0.0887751 0.0908067 2 
0.0887745 0.101174 2 
0.0887467 0.0966476 2 
0.0887142 0.091674 2 
0.0886902 0.0945978 2 
0.088673 0.0963432 2 
0.0886596 0.0967758 2 
0.088592 0.0927657 2 
0.0885907 0.0941211 2 
0.0885587 0.094233 2 
0.0885536 0.0953152 2 
0.0884952 0.0959707 2 
0.0884526 0.0893214 2 
0.0884446 0.0984953 2 
0.0884218 0.0963179 2 
0.0884044 0.0914804 2 
0.088327 0.089592 2 
0.0882425 0.0894338 2 
0.0882334 0.09142 2 
0.0882045 0.090508 2 
0.0881907 0.0885283 2 
0.0881196 0.0954607 2 
0.0879882 0.089263 2 
0.0879271 0.096558 2 
0.0879209 0.0922667 2 
0.0879073 0.095579 2 
0.0879008 0.0902227 2 
0.0878778 0.0890933 2 
0.0878407 0.0906836 2 
0.0878364 0.0963503 2 
0.0878075 0.0918961 2 
0.0877862 0.097912 2 
0.0876702 0.0887128 2 
0.0876586 0.0882024 2 
0.0876256 0.0930979 2 
0.0874393 0.097912 2 
0.0873539 0.096558 2 
0.0872649 0.0913368 2 
0.0871012 0.0940275 2 
0.0870029 0.0870071 2 
0.0869551 0.0899147 2 
0.0869535 0.0941983 2 
0.0868831 0.0899359 2 
0.0867833 0.0966606 2 
0.0867689 0.0875912 2 
0.0867414 0.0882486 2 
0.0866998 0.0869322 2 
0.0865422 0.0931208 2 
0.0863935 0.0896207 2 
0.086077 0.08648 2 
0.0859024 0.0871845 2 
0.0859018 0.0898071 2 
0.0854865 0.0883489 2 
0.0852647 0.0905892 2 
0.0851495 0.0896409 2 
0.0851453 0.0859763 2 
0.0845389 0.0859801 2 
0.0508178 0.0512552 3 
0.0493943 0.0497928 3 
0.0482764 0.0487352 3 
0.0480785 0.0481409 3 
0.0476058 0.0478421 3 
0.0473532 0.0487261 3 
0.0473365 0.0477594 3 
0.0473104 0.0498026 3 
0.0472385 0.0499819 3 
0.0471478 0.049026 3 
0.0470817 0.0471558 3 
0.0470034 0.0472941 3 
0.0470006 0.0477347 3 
0.0469699 0.0482572 3 
0.0469256 0.049026 3 
0.0467361 0.0471904 3 
0.0467298 0.0483607 3 
0.046681 0.0472157 3 
0.0466051 0.0480994 3 
0.0464976 0.0465427 3 
0.0464779 0.0465876 3 
0.0464719 0.0474726 3 
0.0464456 0.047754 3 
0.0463067 0.0473704 3 
0.0461499 0.0484236 3 
0.0460964 0.0467288 3 
0.0459941 0.0483855 3 
0.0459705 0.0475149 3 
0.0459047 0.0459377 3 
0.0458672 0.0472526 3 
0.0458394 0.0462261 3 
0.0458347 0.046372 3 
0.0455919 0.0486322 3 
0.0455123 0.0481388 3 
0.0454156 0.045504 3 
0.0452942 0.0477594 3 
0.045145 0.046372 3 
0.0451356 0.0463827 3 
0.0450832 0.0455025 3 
0.0450014 0.0474822 3 
0.0449847 0.0468053 3 
0.0449466 0.047392 3 
0.0448738 0.0459631 3 
0.0447629 0.0451424 3 
0.044745 0.0448104 3 
0.0447359 0.0456835 3 
0.0447094 0.0468706 3 
0.0447029 0.0457248 3 
0.0446909 0.0454097 3 
0.0446731 0.0465138 3 
0.0446634 0.0447571 3 
0.0446559 0.0451677 3 
0.0446294 0.0448104 3 
0.0444834 0.0486971 3 
0.0443776 0.0446053 3 
0.0442834 0.0459154 3 
0.0442624 0.0443964 3 
0.0442483 0.0449214 3 
0.0442257 0.045136 3 
0.0442219 0.0460649 3 
0.0441777 0.0477482 3 
0.0441623 0.0443964 3 
0.0441373 0.0448676 3 
0.044121 0.0465908 3 
0.044034 0.0447976 3 
0.0439708 0.0443771 3 
0.0439415 0.0439707 3 
0.0439203 0.0469167 3 
0.0438079 0.0446236 3 
0.0438013 0.0464838 3 
0.0437947 0.0446398 3 
0.0437614 0.0471591 3 
0.0436733 0.0437365 3 
0.0436231 0.0454398 3 
0.0436071 0.04541 3 
0.0435983 0.0444576 3 
0.0435076 0.0442968 3 
0.043506 0.0478359 3 
0.0434455 0.0440904 3 
0.0434215 0.0477298 3 
0.0434046 0.0464649 3 
0.0433785 0.0455811 3 
0.043338 0.0474642 3 
0.0433196 0.0453134 3 
0.0432755 0.0453904 3 
0.0432399 0.0464649 3 
0.0432147 0.0439707 3 
0.0431707 0.0442968 3 
0.043149 0.0433003 3 
0.0430875 0.0442804 3 
0.0430512 0.0442849 3 
0.0429563 0.0438453 3 
0.0429317 0.0438909 3 
0.0428931 0.0467515 3 
0.0428503 0.0465105 3 
0.0428039 0.0453327 3 
0.042787 0.0431389 3 
0.0427485 0.0443243 3 
0.0427041 0.0431034 3 
0.0426843 0.0454229 3 
0.0426651 0.044695 3 
0.0426607 0.044493 3 
0.0425816 0.0456835 3 
0.04258 0.0462261 3 
0.0425748 0.0453217 3 
0.0425093 0.0437882 3 
0.0424487 0.0431034 3 
0.04244 0.0441481 3 
0.0424187 0.0431353 3 
0.0424053 0.0448998 3 
0.0423592 0.0428857 3 
0.0423444 0.0467333 3 
0.0423412 0.0468264 3 
0.0423344 0.0425378 3 
0.042304 0.0471136 3 
0.0422627 0.044084 3 
0.0421839 0.0441284 3 
0.042103 0.0474822 3 
0.0419807 0.0455765 3 
0.0419575 0.0476903 3 
0.0419368 0.0437882 3 
0.0419356 0.0433328 3 
0.0419098 0.0426403 3 
0.0418865 0.046929 3 
0.0418652 0.0464028 3 
0.0418482 0.0419242 3 
0.0418405 0.0454762 3 
0.0417219 0.0418933 3 
0.0417064 0.042115 3 
0.0416737 0.0437553 3 
0.0415813 0.0455324 3 
0.0415348 0.0437855 3 
0.0415234 0.0427691 3 
0.0415177 0.0455619 3 
0.0415048 0.0419675 3 
0.0414794 0.0430928 3 
0.0414682 0.0461301 3 
0.0414344 0.0471136 3 
0.0413803 0.0418585 3 
0.0413741 0.0416733 3 
0.0413205 0.0414484 3 
0.0413201 0.0426703 3 
0.0412849 0.0434136 3 
0.0412674 0.0422233 3 
0.0412325 0.0417522 3 
0.0412152 0.0432826 3 
0.0412017 0.0413353 3 
0.0411956 0.0421827 3 
0.0411296 0.0415712 3 
0.0411201 0.0439483 3 
0.0411072 0.0449648 3 
0.0410717 0.0424207 3 
0.0410644 0.0433773 3 
0.0410236 0.0445579 3 
0.0410175 0.0422588 3 
0.0410135 0.0465105 3 
0.0410052 0.0433071 3 
0.0409954 0.0450685 3 
0.0409152 0.0421858 3 
0.0409011 0.0443803 3 
0.0408959 0.0436568 3 
0.0408917 0.0449648 3 
0.04086 0.042308 3 
0.0408571 0.0438286 3 
0.0407746 0.0469412 3 
0.0407313 0.0419828 3 
0.0406389 0.0435355 3 
0.0406354 0.0440755 3 
0.0406199 0.0417522 3 
0.0406155 0.0408524 3 
0.0405972 0.0433363 3 
0.0405738 0.0431389 3 
0.0405326 0.044 3 
0.0405047 0.0416218 3 
0.0404926 0.0415101 3 
0.0404767 0.0450869 3 
0.0404731 0.045136 3 
0.0404292 0.0442758 3 
0.0404234 0.0440755 3 
0.0404179 0.0438098 3 
0.0404162 0.0440282 3 
0.0403885 0.0405256 3 
0.0403285 0.0436003 3 
0.0402881 0.0405486 3 
0.0402776 0.0430242 3 
0.0402419 0.0440755 3 
0.0402239 0.0414685 3 
0.0401235 0.0446236 3 
0.0400117 0.0436003 3 
0.0398665 0.0433715 3 
0.0397685 0.0414578 3 
0.0397513 0.0411701 3 
0.0397063 0.0419242 3 
0.0394912 0.0444972 3 
0.0392102 0.0397303 3 
0.0391044 0.0413353 3 
0.0390502 0.0436003 3 
0.0390195 0.0405494 3 
0.0386966 0.0411066 3 
0.0385335 0.0393871 3 
0.0383534 0.0417179 3 
0.0382838 0.0402476 3 
0.0382764 0.0415691 3 
0.0378427 0.0393673 3 
0.0368835 0.0373056 3 
0.0248236 0.0250139 4 
0.0242258 0.025551 4 
0.0238734 0.0244494 4 
0.02367 0.0244183 4 
0.023364 0.0234804 4 
0.0232894 0.0236136 4 
0.0230653 0.0242237 4 
0.0229568 0.0236681 4 
0.0228713 0.0240829 4 
0.0228047 0.0235081 4 
0.0227639 0.0229462 4 
0.0227516 0.0229997 4 
0.0227054 0.0231133 4 
0.0225845 0.0227279 4 
0.0225835 0.0226 4 
0.0225156 0.0226315 4 
0.0224937 0.0231873 4 
0.0224827 0.0231762 4 
0.0223678 0.0230592 4 
0.0222787 0.0227229 4 
0.0222589 0.0224673 4 
0.0222426 0.0233121 4 
0.0222399 0.0223515 4 
0.0221336 0.0231903 4 
0.0221143 0.0227367 4 
0.0220139 0.0224829 4 
0.0219698 0.0234308 4 
0.0218872 0.0221966 4 
0.0218682 0.0226439 4 
0.0218124 0.0227157 4 
0.0217854 0.0226749 4 
0.0217817 0.0222429 4 
0.0217496 0.0218385 4 
0.0217014 0.0227397 4 
0.021698 0.0224446 4 
0.0216368 0.02206 4 
0.0215982 0.0229864 4 
0.021584 0.0221958 4 
0.0215356 0.0233885 4 
0.021468 0.0229561 4 
0.0214593 0.0225013 4 
0.0214569 0.021982 4 
0.0214158 0.0230655 4 
0.0213923 0.0219938 4 
0.0213857 0.0230587 4 
0.0213726 0.0220817 4 
0.0213676 0.0228142 4 
0.0213382 0.0222463 4 
0.021311 0.0234895 4 
0.0211779 0.0225105 4 
0.0211599 0.0224712 4 
0.021156 0.023628 4 
0.0211044 0.0218096 4 
0.0210962 0.0234219 4 
0.0210544 0.0219729 4 
0.0210064 0.0216671 4 
0.0210059 0.0219098 4 
0.0209939 0.0231873 4 
0.0209039 0.0221844 4 
0.0208704 0.0212422 4 
0.0208648 0.02206 4 
0.0208009 0.022799 4 
0.0207864 0.0223446 4 
0.0207483 0.023481 4 
0.0207324 0.0234497 4 
0.0207218 0.0209026 4 
0.0207185 0.0216242 4 
0.0207172 0.0223639 4 
0.0206963 0.0207747 4 
0.0206933 0.0214311 4 
0.0206737 0.0208968 4 
0.0206714 0.0238912 4 
0.0206528 0.0209465 4 
0.0206415 0.0215521 4 
0.0206348 0.0214311 4 
0.0206289 0.0218436 4 
0.0205092 0.0211196 4 
0.0204901 0.0228035 4 
0.0204583 0.023816 4 
0.020385 0.0233991 4 
0.0203803 0.0210979 4 
0.0203621 0.0228158 4 
0.0203093 0.0207655 4 
0.0202933 0.0208455 4 
0.0202461 0.0212915 4 
0.0202376 0.0211946 4 
0.020214 0.0229358 4 
0.0202014 0.0205928 4 
0.0201736 0.0229603 4 
0.0201021 0.0214729 4 
0.0200785 0.0209343 4 
0.0200768 0.0227895 4 
0.0200634 0.0224712 4 
0.0200445 0.020217 4 
0.0200418 0.0219304 4 
0.0199947 0.0204403 4 
0.0199943 0.0208607 4 
0.0199795 0.0214871 4 
0.0199569 0.0200308 4 
0.0199286 0.0205703 4 
0.019906 0.0205625 4 
0.0199031 0.0204631 4 
0.0199018 0.0206817 4 
0.0198897 0.0208644 4 
0.0198762 0.0199641 4 
0.0198689 0.0206021 4 
0.019866 0.0219938 4 
0.0198625 0.0213196 4 
0.0198577 0.0219475 4 
0.0198506 0.020926 4 
0.0198441 0.0206617 4 
0.0198387 0.0208717 4 
0.0198156 0.02206 4 
0.0197769 0.0218096 4 
0.0197751 0.0209398 4 
0.0197477 0.0210902 4 
0.0197178 0.0198166 4 
0.0197116 0.0199054 4 
0.0197116 0.0201232 4 
0.0196948 0.0219304 4 
0.019644 0.021982 4 
0.0196373 0.0215086 4 
0.0196143 0.0201602 4 
0.0195397 0.021123 4 
0.0195375 0.0198346 4 
0.0194739 0.0219785 4 
0.0194704 0.0208512 4 
0.0194648 0.0215472 4 
0.0194596 0.0202862 4 
0.0194493 0.0208193 4 
0.0194094 0.0194861 4 
0.0193875 0.0217224 4 
0.0193504 0.0200547 4 
0.0193487 0.0207931 4 
0.0193286 0.0208988 4 
0.0193034 0.0210425 4 
0.0192876 0.0193609 4 
0.0192747 0.0201807 4 
0.0192719 0.0205328 4 
0.0192574 0.0204652 4 
0.0191743 0.0217109 4 
0.0190661 0.019503 4 
0.0190145 0.0205007 4 
0.0189251 0.0226007 4 
0.0187716 0.018882 4 
0.0186948 0.0190641 4 
0.0185983 0.0195884 4 
0.0185785 0.0190137 4 
0.0185646 0.0188503 4 
0.0184833 0.0199129 4 
0.0183971 0.018612 4 
0.0182408 0.0206328 4 
0.0181417 0.0197802 4 
0.0180572 0.0191035 4 
0.0180269 0.0191369 4 
0.0177049 0.0186808 4 
0.0169618 0.0174149 4 
0.0125055 0.0125216 5 
0.0122767 0.0124417 5 
0.0119792 0.012026 5 
0.0119569 0.0121365 5 
0.0119527 0.0122166 5 
0.011669 0.0120807 5 
0.0115951 0.0118704 5 
0.0115494 0.0120911 5 
0.0114949 0.0116265 5 
0.011452 0.0117369 5 
0.0114285 0.0116038 5 
0.0113994 0.0115035 5 
0.011363 0.0116787 5 
0.0112864 0.0116038 5 
0.0112768 0.0116512 5 
0.0112388 0.0117441 5 
0.0112342 0.0116033 5 
0.0112126 0.0114698 5 
0.011207 0.0117251 5 
0.0111815 0.011321 5 
0.0111703 0.0115042 5 
0.0111301 0.0117131 5 
0.0110857 0.0116679 5 
0.0110464 0.0118454 5 
0.0110048 0.011315 5 
0.0109728 0.0119372 5 
0.0109539 0.0114609 5 
0.0109312 0.0118855 5 
0.0109214 0.0115763 5 
0.0109125 0.0109582 5 
0.0109122 0.0125236 5 
0.0108555 0.0111955 5 
0.0108546 0.011315 5 
0.0108517 0.0125929 5 
0.0108432 0.0121185 5 
0.0108349 0.0115699 5 
0.0108301 0.0116304 5 
0.0108032 0.0108389 5 
0.0106815 0.010939 5 
0.0106764 0.0121017 5 
0.010676 0.0114609 5 
0.0106493 0.0110265 5 
0.0106427 0.010752 5 
0.0106229 0.0120336 5 
0.0105733 0.0116711 5 
0.0105435 0.0105942 5 
0.0105378 0.011116 5 
0.0105322 0.0106297 5 
0.0105229 0.0108513 5 
0.0104802 0.0115042 5 
0.0104691 0.0119827 5 
0.0104601 0.0108774 5 
0.0104593 0.0106102 5 
0.0104251 0.0106525 5 
0.0104232 0.0105981 5 
0.0104198 0.0106154 5 
0.0104028 0.0110073 5 
0.0103234 0.0115303 5 
0.0103169 0.0107549 5 
0.0103098 0.0111612 5 
0.0103093 0.0105225 5 
0.0103019 0.0107081 5 
0.0102847 0.0107911 5 
0.010279 0.0110796 5 
0.0102355 0.0116581 5 
0.0102289 0.0116675 5 
0.0102255 0.0106917 5 
0.0102152 0.0119048 5 
0.0102073 0.0118534 5 
0.0101911 0.0113373 5 
0.0101888 0.0111551 5 
0.0101369 0.0118535 5 
0.0101303 0.0106102 5 
0.0101264 0.0104898 5 
0.0101116 0.0101818 5 
0.0100866 0.0102236 5 
0.0100797 0.0112531 5 
0.0100689 0.0101571 5 
0.0100495 0.0105142 5 
0.0100402 0.0102151 5 
0.0100169 0.0101602 5 
0.00998574 0.0117441 5 
0.00998191 0.0105034 5 
0.00997292 0.0101527 5 
0.00996152 0.0103516 5 
0.00995656 0.0112892 5 
0.00995112 0.0102245 5 
0.00994804 0.0104127 5 
0.00994586 0.0104896 5 
0.00993922 0.0108718 5 
0.00993899 0.0102615 5 
0.00993683 0.0103584 5 
0.00993676 0.0110459 5 
0.00991855 0.0114609 5 
0.00991237 0.0105719 5 
0.00986063 0.00998903 5 
0.00985216 0.0101304 5 
0.00984623 0.0101304 5 
0.00983272 0.0104822 5 
0.00974642 0.0105762 5 
0.00974208 0.0109034 5 
0.00973819 0.0101469 5 
0.00972713 0.0100745 5 
0.00971536 0.0111927 5 
0.00971246 0.0104175 5 
0.00971074 0.0112461 5 
0.00970739 0.0103562 5 
0.00969834 0.0102515 5 
0.00968365 0.00975569 5 
0.0096301 0.011409 5 
0.0095851 0.0101175 5 
0.0095804 0.0104212 5 
0.00950712 0.0113449 5 
0.00950546 0.00976164 5 
0.00948303 0.010057 5 
0.00937859 0.0101459 5 
0.00928084 0.0100894 5 
0.00926137 0.00954587 5 
0.00922791 0.00927255 5 
0.00922436 0.00987224 5 
0.00920599 0.00951006 5 
0.00909002 0.00925705 5 
0.00901611 0.00937646 5 
0.00900223 0.00983257 5 
0.00891681 0.00931033 5 
0.00883758 0.0103343 5 
0.0086237 0.00920007 5 
0.00855551 0.00891744 5 
0.00816708 0.00844978 5 
0.00641498 0.00641677 6 
0.00608655 0.00613798 6 
0.00600942 0.00622848 6 
0.0059698 0.00605582 6 
0.00596637 0.00650488 6 
0.00593385 0.0063312 6 
0.00592438 0.00676658 6 
0.00592206 0.00602934 6 
0.00591233 0.00606452 6 
0.00585295 0.00603712 6 
0.00582082 0.00583157 6 
0.00579095 0.00604313 6 
0.00576105 0.00599831 6 
0.00573785 0.00598497 6 
0.00573271 0.00578418 6 
0.0056977 0.00629923 6 
0.00569645 0.00623817 6 
0.00567464 0.0056933 6 
0.00567032 0.00585481 6 
0.00566538 0.00572922 6 
0.00565495 0.00585661 6 
0.00563814 0.00576022 6 
0.00563466 0.00614347 6 
0.00563178 0.0056584 6 
0.00562031 0.00631468 6 
0.00556752 0.00604097 6 
0.00554732 0.00588112 6 
0.00554639 0.00612863 6 
0.00552564 0.00562414 6 
0.00551438 0.00590031 6 
0.00551366 0.00559981 6 
0.00549027 0.00556248 6 
0.00548377 0.00600323 6 
0.00548038 0.0058909 6 
0.00545173 0.00595924 6 
0.0054461 0.0061547 6 
0.00542709 0.00605258 6 
0.0054123 0.00599831 6 
0.00540702 0.00542588 6 
0.00540607 0.00549451 6 
0.00537518 0.00605655 6 
0.00536628 0.00554391 6 
0.00536031 0.00549411 6 
0.00536016 0.00606499 6 
0.00534369 0.00547325 6 
0.00533228 0.00636524 6 
0.00531001 0.00535628 6 
0.00530655 0.00584404 6 
0.00530564 0.0062202 6 
0.00529291 0.00542588 6 
0.00527871 0.00549651 6 
0.00526245 0.00615149 6 
0.00525036 0.00530419 6 
0.00524403 0.00535991 6 
0.00524194 0.00545004 6 
0.00522702 0.00553136 6 
0.00522082 0.00539374 6 
0.00518232 0.00570119 6 
0.00518227 0.00547501 6 
0.00518111 0.00534619 6 
0.00517842 0.00571316 6 
0.00517388 0.00528165 6 
0.00517283 0.0061269 6 
0.00516844 0.00561287 6 
0.00516283 0.00575031 6 
0.00516102 0.00521279 6 
0.00515046 0.00551488 6 
0.00513521 0.00583475 6 
0.00508802 0.00533742 6 
0.0050849 0.00520506 6 
0.00507954 0.0061562 6 
0.00507668 0.00551375 6 
0.00507356 0.00548947 6 
0.00506759 0.00530991 6 
0.0050661 0.00512924 6 
0.00506589 0.00513788 6 
0.00505679 0.00507306 6 
0.00505574 0.00560024 6 
0.00502743 0.00548552 6 
0.00502251 0.00505229 6 
0.00502006 0.00531444 6 
0.00501866 0.00505485 6 
0.0049936 0.00547934 6 
0.00498798 0.00584203 6 
0.00497701 0.00564988 6 
0.00497631 0.00505317 6 
0.00495815 0.00524705 6 
0.00494696 0.00499036 6 
0.00494146 0.00507273 6 
0.00493216 0.00567138 6 
0.00492528 0.00512924 6 
0.00491457 0.00592399 6 
0.00490852 0.0053756 6 
0.00490213 0.00493677 6 
0.00488767 0.00496742 6 
0.0048863 0.00524504 6 
0.00483901 0.00522122 6 
0.00483497 0.00542268 6 
0.00476996 0.00521243 6 
0.00470121 0.00480461 6 
0.00464181 0.00492279 6 
0.00463082 0.00510622 6 
0.00461063 0.00488414 6 
0.00460636 0.0049411 6 
0.00457277 0.00539207 6 
0.00456328 0.00491378 6 
0.00453334 0.00481349 6 
0.00452444 0.00464481 6 
0.00432457 0.00438451 6 
0.00431589 0.00431996 6 
0.00422966 0.00458459 6 
0.00408552 0.00422285 6 
0.00350265 0.00351947 7 
0.00335668 0.00353004 7 
0.00329614 0.00341179 7 
0.00326993 0.00335367 7 
0.0032349 0.00338892 7 
0.00316136 0.00326335 7 
0.00315629 0.00371165 7 
0.003127 0.00333778 7 
0.00310629 0.00316396 7 
0.00309694 0.00313019 7 
0.00309606 0.00313685 7 
0.0030851 0.00313788 7 
0.0030782 0.0031502 7 
0.00305763 0.00317262 7 
0.00304543 0.00316062 7 
0.00304181 0.00320542 7 
0.00303881 0.00326029 7 
0.00300601 0.00306708 7 
0.00300021 0.00300662 7 
0.00296593 0.00339659 7 
0.00296031 0.00301199 7 
0.00295347 0.00320744 7 
0.00295339 0.00320012 7 
0.00294767 0.00315657 7 
0.00294454 0.00311456 7 
0.00290893 0.00329208 7 
0.00290654 0.00314135 7 
0.00290256 0.00320922 7 
0.00289572 0.00333664 7 
0.00289468 0.00296727 7 
0.00289437 0.00321411 7 
0.00289025 0.00318516 7 
0.00288509 0.00293731 7 
0.00287015 0.00306139 7 
0.0028621 0.00291394 7 
0.0028603 0.00331562 7 
0.00285948 0.00294778 7 
0.00284469 0.00320242 7 
0.00282879 0.00301902 7 
0.0028273 0.00292204 7 
0.00282452 0.00287433 7 
0.00281961 0.00283405 7 
0.00281598 0.00294611 7 
0.00280499 0.00283405 7 
0.00278803 0.00298496 7 
0.00276752 0.00280683 7 
0.00275956 0.002923 7 
0.00275911 0.0031712 7 
0.00275696 0.00278601 7 
0.00273869 0.00275666 7 
0.0027189 0.00290103 7 
0.00271812 0.00304718 7 
0.00271416 0.00275658 7 
0.00270765 0.00272199 7 
0.00270539 0.00304788 7 
0.00270538 0.00296115 7 
0.00269856 0.0027861 7 
0.00269405 0.00286583 7 
0.00268876 0.00274542 7 
0.00267058 0.00318739 7 
0.00266737 0.00267555 7 
0.00266093 0.00282293 7 
0.00265667 0.00272781 7 
0.00265606 0.00317262 7 
0.0026551 0.00288527 7 
0.00265083 0.00301199 7 
0.00263617 0.00304389 7 
0.00263291 0.00272872 7 
0.00262997 0.00275666 7 
0.00262796 0.00264386 7 
0.00261903 0.00269468 7 
0.00261234 0.00276004 7 
0.00261125 0.0029058 7 
0.00260964 0.0027217 7 
0.00260757 0.00282211 7 
0.00259579 0.00282229 7 
0.00258227 0.00278243 7 
0.00257744 0.00266855 7 
0.00257704 0.00258449 7 
0.0025639 0.00263603 7 
0.00255523 0.00299237 7 
0.00254092 0.00282983 7 
0.00252778 0.00267555 7 
0.00252587 0.00257938 7 
0.00250806 0.00301907 7 
0.00250424 0.00264619 7 
0.00247794 0.00306013 7 
0.00247097 0.00252234 7 
0.00246607 0.00289126 7 
0.0024428 0.00256092 7 
0.00243615 0.00263264 7 
0.00242081 0.00248078 7 
0.00240982 0.00244158 7 
0.00240826 0.00273819 7 
0.0023767 0.00261648 7 
0.0023607 0.00248551 7 
0.00235089 0.00242453 7 
0.00233094 0.00236003 7 
0.00219914 0.00224815 7 
0.00211842 0.00232558 7 
0.00210481 0.00215803 7 
0.0018632 0.00187992 8 
0.00176488 0.00187323 8 
0.0017271 0.00174246 8 
0.00171858 0.00172752 8 
0.00170261 0.00206441 8 
0.00169557 0.00175 8 
0.00169064 0.00179322 8 
0.00167406 0.00168096 8 
0.00166044 0.00166724 8 
0.00165547 0.00170764 8 
0.00163173 0.00173614 8 
0.0016153 0.00180283 8 
0.00161305 0.00175469 8 
0.00161151 0.00167331 8 
0.0016048 0.00170383 8 
0.00159886 0.00162425 8 
0.00159403 0.00170202 8 
0.00159282 0.00171164 8 
0.00159009 0.00180004 8 
0.00158889 0.00160845 8 
0.00158672 0.00162225 8 
0.00158265 0.00173585 8 
0.00158016 0.00158944 8 
0.00157903 0.00173514 8 
0.00157606 0.00173294 8 
0.00157603 0.00160128 8 
0.00157022 0.00158852 8 
0.00156946 0.00173789 8 
0.00156728 0.00175 8 
0.00155842 0.00157173 8 
0.00155069 0.00163709 8 
0.00154898 0.00160128 8 
0.00154156 0.00157173 8 
0.0015377 0.00172341 8 
0.00152919 0.00154914 8 
0.00152908 0.00154469 8 
0.00152501 0.00170426 8 
0.00151816 0.00152762 8 
0.00150516 0.001616 8 
0.00150015 0.00150786 8 
0.00149568 0.00152694 8 
0.00148972 0.00150494 8 
0.00146968 0.00165686 8 
0.00146788 0.0016029 8 
0.00146612 0.00162793 8 
0.00145148 0.00168594 8 
0.00144659 0.0016428 8 
0.00143901 0.00145404 8 
0.00143547 0.00145145 8 
0.00143477 0.00147277 8 
0.00143253 0.00143494 8 
0.00142605 0.00153998 8 
0.00141648 0.00150513 8 
0.00141387 0.00165631 8 
0.00141371 0.00149656 8 
0.00141093 0.00145016 8 
0.00140592 0.00146689 8 
0.00140392 0.00161387 8 
0.00140353 0.00143055 8 
0.00139881 0.00148343 8 
0.00139673 0.00150222 8 
0.00138918 0.00158394 8 
0.00136906 0.0014156 8 
0.00136641 0.00143494 8 
0.00136017 0.001539 8 
0.00135631 0.00146689 8 
0.00135075 0.00144974 8 
0.00135005 0.00136538 8 
0.0013297 0.00166074 8 
0.00132775 0.00143271 8 
0.00132433 0.00157191 8 
0.00132141 0.00143693 8 
0.00131963 0.00133245 8 
0.00130804 0.00162623 8 
0.00130574 0.00132069 8 
0.00129085 0.00129616 8 
0.00128958 0.00144502 8 
0.00127083 0.00145563 8 
0.00127035 0.00137213 8 
0.00126122 0.00130327 8 
0.00123153 0.00125223 8 
0.00122582 0.00123663 8 
0.00119424 0.00120074 8 
0.00111176 0.00112163 8 
0.00109371 0.00119655 8 
0.00102938 0.00106684 9 
0.00101111 0.00102014 9 
0.000973101 0.00102682 9 
0.000936262 0.00117225 9 
0.000928028 0.000931958 9 
0.000922876 0.000934635 9 
0.000919936 0.000997668 9 
0.000916304 0.00099626 9 
0.000912692 0.000945305 9 
0.000905607 0.000914055 9 
0.000899875 0.000901219 9 
0.000895295 0.000950446 9 
0.000893748 0.000938036 9 
0.000892277 0.000901107 9 
0.000890461 0.000890999 9 
0.000885124 0.000934674 9 
0.000877272 0.000922192 9 
0.000873745 0.000876841 9 
0.000872473 0.000885465 9 
0.000870265 0.000948131 9 
0.000868727 0.000944447 9 
0.000867005 0.000871825 9 
0.000865981 0.000883082 9 
0.000864996 0.000950588 9 
0.000862203 0.000955553 9 
0.000861675 0.000934635 9 
0.000849983 0.000943044 9 
0.000849253 0.000860682 9 
0.000848432 0.000874145 9 
0.000847776 0.000954925 9 
0.000846976 0.000944289 9 
0.000842705 0.000858817 9 
0.000840183 0.00088632 9 
0.000832281 0.000934901 9 
0.000825257 0.000870434 9 
0.000824039 0.000847946 9 
0.000812846 0.000815572 9 
0.0008062 0.000854446 9 
0.000804993 0.000822312 9 
0.000804611 0.00088724 9 
0.000804593 0.000905696 9 
0.000801281 0.000877071 9 
0.000795881 0.00080966 9 
0.000792623 0.00083656 9 
0.000790037 0.000885711 9 
0.000782908 0.00083906 9 
0.000768767 0.000794542 9 
0.000767474 0.000775687 9 
0.000764855 0.000808068 9 
0.000764644 0.000881502 9 
0.000762242 0.000808861 9 
0.000756544 0.000803862 9 
0.000741843 0.00086291 9 
0.000740797 0.000888748 9 
0.000739761 0.000775687 9 
0.000736836 0.00081866 9 
0.00073217 0.000903322 9 
0.000728403 0.000735527 9 
0.000725859 0.000862066 9 
0.000715343 0.00079118 9 
0.000714622 0.000716834 9 
0.000712368 0.000784741 9 
0.00070605 0.000719655 9 
0.000705397 0.000724447 9 
0.00070454 0.000716296 9 
0.000700916 0.000893233 9 
0.000700376 0.000754044 9 
0.000695139 0.000748978 9 
0.000694057 0.00079118 9 
0.00069254 0.000732707 9 
0.000682303 0.000683012 9 
0.000673612 0.0007798 9 
0.000670773 0.00070273 9 
0.000660912 0.00066621 9 
0.000591503 0.00063992 9 
