0 0.497512 0 
0 0.497884 0 
0 0.498989 0 
0 0.499927 0 
0 0.500134 0 
0 0.50123 0 
0 0.501646 0 
0 0.502098 0 
0 0.502174 0 
0 0.50276 0 
0 0.50367 0 
0 0.503707 0 
0 0.503759 0 
0 0.504872 0 
0 0.504894 0 
0 0.504967 0 
0 0.504972 0 
0 0.505152 0 
0 0.505181 0 
0 0.505377 0 
0 0.505423 0 
0 0.505426 0 
0 0.505497 0 
0 0.505504 0 
0 0.505529 0 
0 0.505851 0 
0 0.505856 0 
0 0.506105 0 
0 0.506168 0 
0 0.506222 0 
0 0.506254 0 
0 0.506328 0 
0 0.506367 0 
0 0.506606 0 
0 0.506766 0 
0 0.506839 0 
0 0.506919 0 
0 0.50692 0 
0 0.50693 0 
0 0.506961 0 
0 0.506999 0 
0 0.507092 0 
0 0.507184 0 
0 0.507381 0 
0 0.507479 0 
0 0.507498 0 
0 0.507513 0 
0 0.507621 0 
0 0.507704 0 
0 0.507726 0 
0 0.507754 0 
0 0.507785 0 
0 0.50781 0 
0 0.507838 0 
0 0.507862 0 
0 0.507986 0 
0 0.508024 0 
0 0.50808 0 
0 0.508174 0 
0 0.508212 0 
0 0.508245 0 
0 0.508321 0 
0 0.508374 0 
0 0.508394 0 
0 0.508434 0 
0 0.508552 0 
0 0.50857 0 
0 0.508618 0 
0 0.508652 0 
0 0.508665 0 
0 0.50886 0 
0 0.508866 0 
0 0.508915 0 
0 0.508967 0 
0 0.509 0 
0 0.509004 0 
0 0.509032 0 
0 0.509036 0 
0 0.50907 0 
0 0.509079 0 
0 0.509109 0 
0 0.509145 0 
0 0.509208 0 
0 0.509212 0 
0 0.509215 0 
0 0.509337 0 
0 0.509339 0 
0 0.509343 0 
0 0.509375 0 
0 0.509599 0 
0 0.509604 0 
0 0.509777 0 
0 0.50978 0 
0 0.509798 0 
0 0.50981 0 
0 0.509917 0 
0 0.509923 0 
0 0.509954 0 
0 0.509966 0 
0 0.509983 0 
0 0.51003 0 
0 0.510143 0 
0 0.510217 0 
0 0.51023 0 
0 0.510319 0 
0 0.510341 0 
0 0.5104 0 
0 0.510496 0 
0 0.510849 0 
0 0.510912 0 
0 0.511153 0 
0 0.511282 0 
0 0.5113 0 
0 0.511388 0 
0 0.511458 0 
0 0.511467 0 
0 0.511567 0 
0 0.511577 0 
0 0.511934 0 
0 0.512146 0 
0 0.512188 0 
0 0.512515 0 
0 0.512532 0 
0 0.512625 0 
0 0.513261 0 
0 0.513623 0 
0 0.514217 0 
0 inf 0 
0 0.191397 1 
0 0.191861 1 
0 0.194101 1 
0 0.196122 1 
0 0.196529 1 
0 0.197178 1 
0 0.197233 1 
0 0.197434 1 
0 0.197495 1 
0 0.197499 1 
0 0.197728 1 
0 0.197729 1 
0 0.19806 1 
0 0.198069 1 
0 0.198307 1 
0 0.198312 1 
0 0.198335 1 
0 0.198341 1 
0 0.198618 1 
0 0.19877 1 
0 0.198841 1 
0 0.198901 1 
0 0.19895 1 
0 0.198977 1 
0 0.199166 1 
0 0.199276 1 
0 0.199399 1 
0 0.199443 1 
0 0.199471 1 
0 0.199484 1 
0 0.19951 1 
0 0.199631 1 
0 0.199751 1 
0 0.199849 1 
0 0.199887 1 
0 0.199927 1 
0 0.20001 1 
0 0.200024 1 
0 0.200129 1 
0 0.200271 1 
0 0.200321 1 
0 0.200351 1 
0 0.200379 1 
0 0.200553 1 
0 0.200713 1 
0 0.200725 1 
0 0.200753 1 
0 0.200755 1 
0 0.200775 1 
0 0.200783 1 
0 0.200827 1 
0 0.200859 1 
0 0.200911 1 
0 0.200944 1 
0 0.200952 1 
0 0.200971 1 
0 0.201042 1 
0 0.201068 1 
0 0.201103 1 
0 0.20116 1 
0 0.201173 1 
0 0.201263 1 
0 0.201264 1 
0 0.201329 1 
0 0.201405 1 
0 0.201422 1 
0 0.20143 1 
0 0.201441 1 
0 0.201446 1 
0 0.201463 1 
0 0.201479 1 
0 0.201594 1 
0 0.201603 1 
0 0.201682 1 
0 0.20171 1 
0 0.201728 1 
0 0.201809 1 
0 0.201892 1 
0 0.201974 1 
0 0.201985 1 
0 0.202019 1 
0 0.20206 1 
0 0.202076 1 
0 0.202122 1 
0 0.202167 1 
0 0.202196 1 
0 0.202197 1 
0 0.202218 1 
0 0.202223 1 
0 0.202254 1 
0 0.202271 1 
0 0.202289 1 
0 0.202303 1 
0 0.202313 1 
0 0.202355 1 
0 0.202356 1 
0 0.202394 1 
0 0.202499 1 
0 0.202533 1 
0 0.20258 1 
0 0.202611 1 
0 0.202703 1 
0 0.202716 1 
0 0.202777 1 
0 0.202808 1 
0 0.202842 1 
0 0.202888 1 
0 0.202894 1 
0 0.202962 1 
0 0.202971 1 
0 0.203073 1 
0 0.203134 1 
0 0.203202 1 
0 0.203202 1 
0 0.203258 1 
0 0.203341 1 
0 0.203533 1 
0 0.203731 1 
0 0.203731 1 
0 0.203769 1 
0 0.203781 1 
0 0.203946 1 
0 0.204122 1 
0 0.204353 1 
0 0.204588 1 
0 0.204615 1 
0 0.205341 1 
0 inf 1 
0 0.0789478 2 
0 0.079073 2 
0 0.0793215 2 
0 0.0802882 2 
0 0.0807648 2 
0 0.0811302 2 
0 0.0817635 2 
0 0.0819786 2 
0 0.0824198 2 
0 0.0825322 2 
0 0.0826475 2 
0 0.0827746 2 
0 0.0828075 2 
0 0.0828265 2 
0 0.0830135 2 
0 0.0831288 2 
0 0.0832162 2 
0 0.0834011 2 
0 0.083478 2 
0 0.0837123 2 
0 0.0838011 2 
0 0.0838113 2 
0 0.0838221 2 
0 0.083986 2 
0 0.0840609 2 
0 0.0840795 2 
0 0.0841459 2 
0 0.0843562 2 
0 0.0843757 2 
0 0.0844503 2 
0 0.0844507 2 
0 0.0844743 2 
0 0.0844855 2 
0 0.0845343 2 
0 0.084549 2 
0 0.0846275 2 
0 0.084739 2 
0 0.0847589 2 
0 0.0848262 2 
0 0.0848359 2 
0 0.0848601 2 
0 0.0848616 2 
0 0.0848658 2 
0 0.0849581 2 
0 0.0849718 2 
0 0.0849894 2 
0 0.0849924 2 
0 0.0850166 2 
0 0.0850593 2 
0 0.0850988 2 
0 0.0851409 2 
0 0.0852427 2 
0 0.0853653 2 
0 0.0853816 2 
0 0.0854002 2 
0 0.0854183 2 
0 0.0854201 2 
0 0.0854833 2 
0 0.0855918 2 
0 0.0855955 2 
0 0.085619 2 
0 0.0856365 2 
0 0.0856374 2 
0 0.0856435 2 
0 0.0856605 2 
0 0.0856682 2 
0 0.0857698 2 
0 0.0858547 2 
0 0.0858698 2 
0 0.0858926 2 
0 0.0859089 2 
0 0.0859094 2 
0 0.0859125 2 
0 0.0859223 2 
0 0.0859377 2 
0 0.0860529 2 
0 0.086089 2 
0 0.0861001 2 
0 0.086111 2 
0 0.0861152 2 
0 0.0861371 2 
0 0.0861452 2 
0 0.0861561 2 
0 0.0861998 2 
0 0.0862618 2 
0 0.0863004 2 
0 0.0863696 2 
0 0.0863797 2 
0 0.0864005 2 
0 0.086474 2 
0 0.0865876 2 
0 0.0866079 2 
0 0.086624 2 
0 0.0866283 2 
0 0.086679 2 
0 0.0867368 2 
0 0.0867543 2 
0 0.0867661 2 
0 0.0867843 2 
0 0.08682 2 
0 0.0868348 2 
0 0.0868815 2 
0 0.0869391 2 
0 0.0869398 2 
0 0.0871509 2 
0 0.0871859 2 
0 0.0872646 2 
0 0.0873284 2 
0 0.0873302 2 
0 0.087355 2 
0 0.0873621 2 
0 0.0875287 2 
0 0.0876116 2 
0 0.0876567 2 
0 0.0876768 2 
0 0.0876919 2 
0 0.0877666 2 
0 0.0878242 2 
0 0.0880415 2 
0 0.088064 2 
0 0.0883351 2 
0 0.0884136 2 
0 0.0884237 2 
0 0.0885574 2 
0 0.0885941 2 
0 0.0889095 2 
0 0.0889492 2 
0 inf 2 
0 0.0342229 3 
0 0.0344712 3 
0 0.0345774 3 
0 0.0346352 3 
0 0.0351458 3 
0 0.0355384 3 
0 0.0355675 3 
0 0.035963 3 
0 0.0359696 3 
0 0.036202 3 
0 0.0363395 3 
0 0.0363409 3 
0 0.036424 3 
0 0.0365617 3 
0 0.0366273 3 
0 0.0367199 3 
0 0.0367238 3 
0 0.0367808 3 
0 0.0367965 3 
0 0.0368665 3 
0 0.03718 3 
0 0.0371912 3 
0 0.0372207 3 
0 0.0373224 3 
0 0.0373421 3 
0 0.0374421 3 
0 0.0374894 3 
0 0.0375027 3 
0 0.0375313 3 
0 0.0375579 3 
0 0.0375896 3 
0 0.0376611 3 
0 0.0376792 3 
0 0.0377056 3 
0 0.037724 3 
0 0.0377928 3 
0 0.0377957 3 
0 0.0377958 3 
0 0.0378852 3 
0 0.0378923 3 
0 0.0378995 3 
0 0.0379222 3 
0 0.0379314 3 
0 0.0379474 3 
0 0.0379518 3 
0 0.0379935 3 
0 0.0379979 3 
0 0.0380319 3 
0 0.0381649 3 
0 0.0382058 3 
0 0.0382671 3 
0 0.038276 3 
0 0.0383217 3 
0 0.0383346 3 
0 0.0383536 3 
0 0.0383755 3 
0 0.038392 3 
0 0.0384054 3 
0 0.0384072 3 
0 0.0384092 3 
0 0.0384483 3 
0 0.0384496 3 
0 0.0384661 3 
0 0.0384805 3 
0 0.038527 3 
0 0.0386281 3 
0 0.0386302 3 
0 0.0386382 3 
0 0.0386532 3 
0 0.0386614 3 
0 0.0386777 3 
0 0.0386872 3 
0 0.0386967 3 
0 0.0387074 3 
0 0.0387302 3 
0 0.03878 3 
0 0.0388334 3 
0 0.0388724 3 
0 0.0388724 3 
0 0.0389032 3 
0 0.0389709 3 
0 0.0389821 3 
0 0.0389989 3 
0 0.0390311 3 
0 0.0390476 3 
0 0.0390852 3 
0 0.0391719 3 
0 0.0393089 3 
0 0.0393211 3 
0 0.0393539 3 
0 0.039391 3 
0 0.0394589 3 
0 0.0394784 3 
0 0.0394788 3 
0 0.0395025 3 
0 0.0395596 3 
0 0.039614 3 
0 0.0396608 3 
0 0.0396865 3 
0 0.039701 3 
0 0.0397191 3 
0 0.0397934 3 
0 0.0398002 3 
0 0.0398114 3 
0 0.0398273 3 
0 0.039848 3 
0 0.0398665 3 
0 0.0399076 3 
0 0.0399319 3 
0 0.0399323 3 
0 0.039957 3 
0 0.040045 3 
0 0.0401934 3 
0 0.0402123 3 
0 0.0402262 3 
0 0.0403115 3 
0 0.0403166 3 
0 0.0403431 3 
0 0.0404875 3 
0 0.0405012 3 
0 0.0405627 3 
0 0.0405693 3 
0 0.0406448 3 
0 0.0408195 3 
0 0.0408852 3 
0 0.041516 3 
0 0.0415888 3 
0 inf 3 
0 0.0154329 4 
0 0.0154918 4 
0 0.0158097 4 
0 0.015872 4 
0 0.0159272 4 
0 0.0161102 4 
0 0.016189 4 
0 0.0163268 4 
0 0.0165903 4 
0 0.0166329 4 
0 0.0167545 4 
0 0.0167623 4 
0 0.0168363 4 
0 0.0168436 4 
0 0.0168498 4 
0 0.0168718 4 
0 0.0168996 4 
0 0.0169529 4 
0 0.0170177 4 
0 0.0171222 4 
0 0.0171258 4 
0 0.0171559 4 
0 0.0172182 4 
0 0.0172342 4 
0 0.0172508 4 
0 0.0172737 4 
0 0.0173381 4 
0 0.0173483 4 
0 0.0173948 4 
0 0.0174064 4 
0 0.0174218 4 
0 0.0174555 4 
0 0.017475 4 
0 0.0175017 4 
0 0.0175054 4 
0 0.0175407 4 
0 0.0175518 4 
0 0.0175616 4 
0 0.0175725 4 
0 0.0175891 4 
0 0.0176186 4 
0 0.0176773 4 
0 0.0177572 4 
0 0.0177586 4 
0 0.0177886 4 
0 0.0178032 4 
0 0.0178271 4 
0 0.0178727 4 
0 0.0178736 4 
0 0.0178794 4 
0 0.0178855 4 
0 0.0179092 4 
0 0.0179361 4 
0 0.0179409 4 
0 0.017951 4 
0 0.0179659 4 
0 0.0179728 4 
0 0.0179758 4 
0 0.017992 4 
0 0.018031 4 
0 0.018049 4 
0 0.0180612 4 
0 0.0180719 4 
0 0.018072 4 
0 0.0181023 4 
0 0.0181179 4 
0 0.0181188 4 
0 0.0181408 4 
0 0.0181423 4 
0 0.0181516 4 
0 0.0181669 4 
0 0.0181677 4 
0 0.0182175 4 
0 0.0182391 4 
0 0.0182584 4 
0 0.0182966 4 
0 0.0183306 4 
0 0.0183577 4 
0 0.0183657 4 
0 0.0184036 4 
0 0.018437 4 
0 0.0184379 4 
0 0.018443 4 
0 0.0184463 4 
0 0.0185168 4 
0 0.0185204 4 
0 0.0185286 4 
0 0.0185726 4 
0 0.0185826 4 
0 0.0186045 4 
0 0.0186316 4 
0 0.0186332 4 
0 0.0186819 4 
0 0.0186878 4 
0 0.0186909 4 
0 0.0186956 4 
0 0.018735 4 
0 0.0187777 4 
0 0.0187781 4 
0 0.0187877 4 
0 0.0188826 4 
0 0.0188856 4 
0 0.0189375 4 
0 0.0189424 4 
0 0.0190287 4 
0 0.0190447 4 
0 0.0190571 4 
0 0.0191574 4 
0 0.0191615 4 
0 0.0191757 4 
0 0.0191899 4 
0 0.0192064 4 
0 0.0192239 4 
0 0.0192297 4 
0 0.019248 4 
0 0.0192689 4 
0 0.0193099 4 
0 0.0193239 4 
0 0.0193467 4 
0 0.0194279 4 
0 0.0194457 4 
0 0.0194462 4 
0 0.0195496 4 
0 0.0195501 4 
0 0.019566 4 
0 0.0199395 4 
0 0.0203113 4 
0 inf 4 
0 0.0072105 5 
0 0.00722519 5 
0 0.0073318 5 
0 0.00742535 5 
0 0.00758466 5 
0 0.00758648 5 
0 0.0076485 5 
0 0.00768338 5 
0 0.00784555 5 
0 0.00790731 5 
0 0.00799899 5 
0 0.00801587 5 
0 0.00804992 5 
0 0.00805533 5 
0 0.00805908 5 
0 0.00806071 5 
0 0.0080949 5 
0 0.00811695 5 
0 0.00813267 5 
0 0.00816621 5 
0 0.00816742 5 
0 0.00818048 5 
0 0.00818077 5 
0 0.00824357 5 
0 0.00826073 5 
0 0.00828365 5 
0 0.00828567 5 
0 0.0082983 5 
0 0.0083065 5 
0 0.00830985 5 
0 0.00835848 5 
0 0.00835994 5 
0 0.00837275 5 
0 0.0083742 5 
0 0.00840518 5 
0 0.00842094 5 
0 0.00842491 5 
0 0.00843071 5 
0 0.00844161 5 
0 0.00844596 5 
0 0.00847457 5 
0 0.00850297 5 
0 0.00851775 5 
0 0.00855191 5 
0 0.00857084 5 
0 0.00857174 5 
0 0.00857553 5 
0 0.00857828 5 
0 0.0086337 5 
0 0.00866278 5 
0 0.00866385 5 
0 0.00866389 5 
0 0.00866765 5 
0 0.00867984 5 
0 0.00869399 5 
0 0.00870233 5 
0 0.0087081 5 
0 0.00871186 5 
0 0.00873755 5 
0 0.00874938 5 
0 0.00875652 5 
0 0.00875946 5 
0 0.00876685 5 
0 0.00877794 5 
0 0.0087853 5 
0 0.00878883 5 
0 0.00880096 5 
0 0.00880845 5 
0 0.00882527 5 
0 0.00883061 5 
0 0.00883692 5 
0 0.00884349 5 
0 0.00884892 5 
0 0.00885438 5 
0 0.00889977 5 
0 0.00890507 5 
0 0.00890597 5 
0 0.00891111 5 
0 0.0089355 5 
0 0.0089421 5 
0 0.0089598 5 
0 0.00896797 5 
0 0.00898007 5 
0 0.00899213 5 
0 0.00900747 5 
0 0.00901961 5 
0 0.0090204 5 
0 0.0090264 5 
0 0.00903902 5 
0 0.00910696 5 
0 0.00912308 5 
0 0.00912696 5 
0 0.00913399 5 
0 0.00913679 5 
0 0.00914834 5 
0 0.0091695 5 
0 0.0091822 5 
0 0.00920091 5 
0 0.00920649 5 
0 0.00922092 5 
0 0.0092705 5 
0 0.00931024 5 
0 0.0093109 5 
0 0.0093211 5 
0 0.00934822 5 
0 0.00934906 5 
0 0.00937779 5 
0 0.00937812 5 
0 0.00937857 5 
0 0.00938148 5 
0 0.00938866 5 
0 0.00945547 5 
0 0.00946906 5 
0 0.00947214 5 
0 0.00947397 5 
0 0.00949275 5 
0 0.00950949 5 
0 0.00951262 5 
0 0.00953195 5 
0 0.00957676 5 
0 0.00958786 5 
0 0.0095918 5 
0 0.00960843 5 
0 0.00963906 5 
0 0.00968284 5 
0 0.00981943 5 
0 0.0101755 5 
0 inf 5 
0 0.00346585 6 
0 0.00346827 6 
0 0.00348709 6 
0 0.00350661 6 
0 0.00370772 6 
0 0.00372154 6 
0 0.00372308 6 
0 0.0037519 6 
0 0.00378758 6 
0 0.00383088 6 
0 0.00387244 6 
0 0.00390742 6 
0 0.00391147 6 
0 0.00394287 6 
0 0.00394991 6 
0 0.00395444 6 
0 0.00395654 6 
0 0.0039595 6 
0 0.00400254 6 
0 0.00400865 6 
0 0.00401457 6 
0 0.00402934 6 
0 0.00403713 6 
0 0.00405147 6 
0 0.00405418 6 
0 0.00406521 6 
0 0.00407152 6 
0 0.00407649 6 
0 0.00408495 6 
0 0.00408587 6 
0 0.00410285 6 
0 0.00412371 6 
0 0.00413781 6 
0 0.00413828 6 
0 0.00414197 6 
0 0.00414696 6 
0 0.0041574 6 
0 0.00415778 6 
0 0.00415863 6 
0 0.00418029 6 
0 0.00418525 6 
0 0.00419499 6 
0 0.00420508 6 
0 0.00420515 6 
0 0.00420982 6 
0 0.00421171 6 
0 0.00423595 6 
0 0.00424114 6 
0 0.00424761 6 
0 0.00427864 6 
0 0.00428283 6 
0 0.00428412 6 
0 0.00429858 6 
0 0.00430591 6 
0 0.00431519 6 
0 0.00432657 6 
0 0.00433035 6 
0 0.00433383 6 
0 0.00433426 6 
0 0.00433451 6 
0 0.00433987 6 
0 0.00434804 6 
0 0.00435433 6 
0 0.00435842 6 
0 0.00436259 6 
0 0.0043725 6 
0 0.00437323 6 
0 0.00438202 6 
0 0.00438287 6 
0 0.00439969 6 
0 0.00440532 6 
0 0.00441571 6 
0 0.00442227 6 
0 0.0044272 6 
0 0.00443865 6 
0 0.00444066 6 
0 0.004441 6 
0 0.00444206 6 
0 0.00444711 6 
0 0.0044506 6 
0 0.00445883 6 
0 0.00446662 6 
0 0.00447059 6 
0 0.00448364 6 
0 0.00449069 6 
0 0.00449853 6 
0 0.00450395 6 
0 0.00450756 6 
0 0.00450775 6 
0 0.0045128 6 
0 0.00456814 6 
0 0.00456839 6 
0 0.00456976 6 
0 0.00457106 6 
0 0.00460427 6 
0 0.00460589 6 
0 0.00460887 6 
0 0.00461019 6 
0 0.00461471 6 
0 0.00461668 6 
0 0.00463691 6 
0 0.00464612 6 
0 0.00465899 6 
0 0.00466141 6 
0 0.00466911 6 
0 0.004674 6 
0 0.00467492 6 
0 0.00467748 6 
0 0.00469362 6 
0 0.0047035 6 
0 0.00471196 6 
0 0.00471968 6 
0 0.00474379 6 
0 0.00474949 6 
0 0.0047597 6 
0 0.00476414 6 
0 0.0047707 6 
0 0.00479183 6 
0 0.00479286 6 
0 0.00479309 6 
0 0.00482265 6 
0 0.00484402 6 
0 0.00484568 6 
0 0.00488864 6 
0 0.00492318 6 
0 0.00493382 6 
0 0.0051905 6 
0 inf 6 
0 0.00169166 7 
0 0.00169396 7 
0 0.00170185 7 
0 0.00170467 7 
0 0.00184377 7 
0 0.00184954 7 
0 0.00185522 7 
0 0.00186305 7 
0 0.00189305 7 
0 0.00189703 7 
0 0.00190918 7 
0 0.00192153 7 
0 0.00195432 7 
0 0.00195806 7 
0 0.00197652 7 
0 0.00198169 7 
0 0.00198469 7 
0 0.00198983 7 
0 0.00199194 7 
0 0.00199696 7 
0 0.00200535 7 
0 0.00200832 7 
0 0.0020157 7 
0 0.0020195 7 
0 0.00202865 7 
0 0.00203338 7 
0 0.00203489 7 
0 0.00204318 7 
0 0.0020439 7 
0 0.00205071 7 
0 0.00205645 7 
0 0.00206445 7 
0 0.00206659 7 
0 0.00208114 7 
0 0.00208621 7 
0 0.00209259 7 
0 0.00209395 7 
0 0.00209624 7 
0 0.00209634 7 
0 0.00209755 7 
0 0.00210765 7 
0 0.00210904 7 
0 0.00210975 7 
0 0.00211748 7 
0 0.00211965 7 
0 0.00212772 7 
0 0.00212851 7 
0 0.00213292 7 
0 0.00214569 7 
0 0.00215228 7 
0 0.00215985 7 
0 0.00217214 7 
0 0.00217254 7 
0 0.00217568 7 
0 0.00217583 7 
0 0.0021768 7 
0 0.00218685 7 
0 0.00219309 7 
0 0.00219635 7 
0 0.00219663 7 
0 0.00219743 7 
0 0.00219911 7 
0 0.00219921 7 
0 0.00220352 7 
0 0.00220846 7 
0 0.00220963 7 
0 0.00221045 7 
0 0.00221275 7 
0 0.00221477 7 
0 0.00222174 7 
0 0.00222276 7 
0 0.00222689 7 
0 0.00223039 7 
0 0.00223484 7 
0 0.00223757 7 
0 0.00224461 7 
0 0.0022449 7 
0 0.00224505 7 
0 0.00224541 7 
0 0.00224685 7 
0 0.00226972 7 
0 0.0022776 7 
0 0.00228029 7 
0 0.00228175 7 
0 0.00228949 7 
0 0.00229666 7 
0 0.00230099 7 
0 0.00230202 7 
0 0.00230342 7 
0 0.00230964 7 
0 0.00231431 7 
0 0.00231438 7 
0 0.00231729 7 
0 0.00232796 7 
0 0.00233089 7 
0 0.00233129 7 
0 0.00233165 7 
0 0.00233167 7 
0 0.00233414 7 
0 0.00233984 7 
0 0.00234051 7 
0 0.00234556 7 
0 0.00234761 7 
0 0.00235109 7 
0 0.00235989 7 
0 0.00236104 7 
0 0.00237234 7 
0 0.00237303 7 
0 0.00239066 7 
0 0.00239097 7 
0 0.00239317 7 
0 0.00239603 7 
0 0.00240144 7 
0 0.00240276 7 
0 0.00240356 7 
0 0.0024295 7 
0 0.00242994 7 
0 0.00243013 7 
0 0.00245862 7 
0 0.00245989 7 
0 0.00247488 7 
0 0.00248223 7 
0 0.00250183 7 
0 0.00253083 7 
0 0.00253582 7 
0 0.00255663 7 
0 0.00268551 7 
0 inf 7 
0 0.000831652 8 
0 0.000837687 8 
0 0.000849247 8 
0 0.000854479 8 
0 0.000929742 8 
0 0.000930916 8 
0 0.000937664 8 
0 0.000939809 8 
0 0.0009414 8 
0 0.000956556 8 
0 0.00096036 8 
0 0.00098514 8 
0 0.000985838 8 
0 0.000994501 8 
0 0.000995814 8 
0 0.00099929 8 
0 0.0010004 8 
0 0.00100871 8 
0 0.00101083 8 
0 0.00101311 8 
0 0.00102093 8 
0 0.00102144 8 
0 0.00102194 8 
0 0.00102267 8 
0 0.00102459 8 
0 0.00102747 8 
0 0.00102957 8 
0 0.00102965 8 
0 0.00104833 8 
0 0.00104869 8 
0 0.00104871 8 
0 0.00105065 8 
0 0.00105524 8 
0 0.00105915 8 
0 0.00106182 8 
0 0.0010626 8 
0 0.00106292 8 
0 0.00106371 8 
0 0.00106803 8 
0 0.00106847 8 
0 0.00107116 8 
0 0.00107497 8 
0 0.00107646 8 
0 0.00108126 8 
0 0.00108382 8 
0 0.00109168 8 
0 0.00109667 8 
0 0.0010973 8 
0 0.00110409 8 
0 0.00110458 8 
0 0.0011051 8 
0 0.00110638 8 
0 0.00110699 8 
0 0.00110733 8 
0 0.00110973 8 
0 0.00111065 8 
0 0.00111282 8 
0 0.00111295 8 
0 0.00111737 8 
0 0.00111782 8 
0 0.00111951 8 
0 0.00112087 8 
0 0.00112087 8 
0 0.00112165 8 
0 0.00112172 8 
0 0.00112834 8 
0 0.0011307 8 
0 0.00113255 8 
0 0.00113525 8 
0 0.00113851 8 
0 0.00113913 8 
0 0.00114233 8 
0 0.00114453 8 
0 0.0011474 8 
0 0.00114943 8 
0 0.00114956 8 
0 0.00115088 8 
0 0.00115385 8 
0 0.00115603 8 
0 0.00115691 8 
0 0.00115749 8 
0 0.00115876 8 
0 0.00116097 8 
0 0.00116352 8 
0 0.00116556 8 
0 0.00116859 8 
0 0.00117587 8 
0 0.00117661 8 
0 0.00117717 8 
0 0.00118195 8 
0 0.00118799 8 
0 0.00119031 8 
0 0.00119044 8 
0 0.00119468 8 
0 0.00119554 8 
0 0.00119613 8 
0 0.00119728 8 
0 0.0011991 8 
0 0.00120192 8 
0 0.00120303 8 
0 0.00120393 8 
0 0.00120535 8 
0 0.00120989 8 
0 0.00121014 8 
0 0.00121206 8 
0 0.00121225 8 
0 0.00121235 8 
0 0.00121403 8 
0 0.00121639 8 
0 0.00121946 8 
0 0.00122634 8 
0 0.00123526 8 
0 0.00123689 8 
0 0.00124279 8 
0 0.0012522 8 
0 0.00125632 8 
0 0.00126343 8 
0 0.00126697 8 
0 0.0012798 8 
0 0.00127986 8 
0 0.00128066 8 
0 0.00128444 8 
0 0.00128502 8 
0 0.00132182 8 
0 0.00134174 8 
0 0.00135634 8 
0 0.0014063 8 
0 inf 8 
0 0.000415738 9 
0 0.000420539 9 
0 0.000429399 9 
0 0.000435203 9 
0 0.000471554 9 
0 0.000473168 9 
0 0.000475422 9 
0 0.00048175 9 
0 0.000484472 9 
0 0.000487171 9 
0 0.000489617 9 
0 0.000497128 9 
0 0.000501306 9 
0 0.000503648 9 
0 0.000512234 9 
0 0.000512483 9 
0 0.000517493 9 
0 0.000518254 9 
0 0.000518454 9 
0 0.00052027 9 
0 0.000520399 9 
0 0.000523966 9 
0 0.000525828 9 
0 0.000526609 9 
0 0.000527856 9 
0 0.000531762 9 
0 0.000531947 9 
0 0.000532295 9 
0 0.000534458 9 
0 0.000537574 9 
0 0.000539151 9 
0 0.000541176 9 
0 0.000542057 9 
0 0.000542655 9 
0 0.000546546 9 
0 0.000547441 9 
0 0.000548278 9 
0 0.00054961 9 
0 0.000551637 9 
0 0.000553163 9 
0 0.000553653 9 
0 0.000554579 9 
0 0.000556244 9 
0 0.000556374 9 
0 0.000556892 9 
0 0.000557721 9 
0 0.00055884 9 
0 0.000558882 9 
0 0.000560888 9 
0 0.000561989 9 
0 0.000563257 9 
0 0.000566147 9 
0 0.00057012 9 
0 0.000572106 9 
0 0.000572908 9 
0 0.000573845 9 
0 0.000574936 9 
0 0.000575005 9 
0 0.000575062 9 
0 0.00057575 9 
0 0.000576019 9 
0 0.000577858 9 
0 0.000579192 9 
0 0.000579687 9 
0 0.000580061 9 
0 0.000581902 9 
0 0.00058232 9 
0 0.000584941 9 
0 0.000585266 9 
0 0.000586882 9 
0 0.00058696 9 
0 0.000587967 9 
0 0.000588401 9 
0 0.000588792 9 
0 0.000590863 9 
0 0.000596121 9 
0 0.00059614 9 
0 0.000596468 9 
0 0.000596486 9 
0 0.000598037 9 
0 0.000598795 9 
0 0.000601966 9 
0 0.000603639 9 
0 0.000604254 9 
0 0.000604935 9 
0 0.000605413 9 
0 0.000606222 9 
0 0.000607885 9 
0 0.000608952 9 
0 0.000610318 9 
0 0.000610411 9 
0 0.000614363 9 
0 0.000614786 9 
0 0.000615997 9 
0 0.000616531 9 
0 0.000616633 9 
0 0.000618424 9 
0 0.000621983 9 
0 0.000622975 9 
0 0.000624515 9 
0 0.000626567 9 
0 0.000626944 9 
0 0.000628476 9 
0 0.000629001 9 
0 0.00062985 9 
0 0.000630175 9 
0 0.000631506 9 
0 0.000631639 9 
0 0.000634339 9 
0 0.000643097 9 
0 0.000645935 9 
0 0.000645995 9 
0 0.000647117 9 
0 0.000648168 9 
0 0.000651293 9 
0 0.000652198 9 
0 0.000653728 9 
0 0.000665458 9 
0 0.000665894 9 
0 0.000665966 9 
0 0.000672804 9 
0 0.000673926 9 
0 0.000674603 9 
0 0.000696837 9 
0 0.000711185 9 
0 0.000735122 9 
0 0.000744333 9 
0 inf 9 
