0.523397 0.54092 0 
0.52287 0.540165 0 
0.522707 0.543843 0 
0.522567 0.541021 0 
0.522524 0.544092 0 
0.522022 0.540398 0 
0.522003 0.543467 0 
0.521765 0.539574 0 
0.521516 0.539733 0 
0.521243 0.541205 0 
0.521242 0.540651 0 
0.521197 0.538336 0 
0.521109 0.539879 0 
0.52101 0.542335 0 
0.52099 0.539444 0 
0.52071 0.542531 0 
0.5206 0.540229 0 
0.520432 0.542855 0 
0.520344 0.540229 0 
0.520281 0.520502 0 
0.520155 0.540474 0 
0.520075 0.543217 0 
0.519996 0.543854 0 
0.519985 0.521755 0 
0.519983 0.54067 0 
0.51983 0.542331 0 
0.519752 0.54378 0 
0.519647 0.542343 0 
0.519606 0.541873 0 
0.519577 0.541205 0 
0.519574 0.542137 0 
0.519569 0.539988 0 
0.519538 0.51973 0 
0.519456 0.54165 0 
0.519451 0.541232 0 
0.519426 0.541011 0 
0.519352 0.542781 0 
0.519337 0.540255 0 
0.519334 0.519373 0 
0.519307 0.541581 0 
0.519296 0.51993 0 
0.519276 0.54164 0 
0.519229 0.543294 0 
0.519153 0.541581 0 
0.519112 0.541821 0 
0.519101 0.542621 0 
0.518993 0.537798 0 
0.518977 0.540024 0 
0.518914 0.539988 0 
0.518895 0.544651 0 
0.518894 0.542213 0 
0.518862 0.541527 0 
0.518811 0.542479 0 
0.518745 0.541628 0 
0.518734 0.540229 0 
0.518725 0.542144 0 
0.518691 0.539444 0 
0.518674 0.54162 0 
0.518653 0.543784 0 
0.518646 0.541475 0 
0.518596 0.519746 0 
0.518506 0.519077 0 
0.518477 0.542462 0 
0.518442 0.542331 0 
0.518423 0.544558 0 
0.518416 0.540498 0 
0.518394 0.518718 0 
0.518346 0.541528 0 
0.518346 0.522783 0 
0.518332 0.541486 0 
0.518302 0.51907 0 
0.518297 0.541627 0 
0.518265 0.519375 0 
0.518235 0.54264 0 
0.518157 0.539444 0 
0.518156 0.518376 0 
0.518117 0.51957 0 
0.518117 0.541527 0 
0.518065 0.544405 0 
0.518059 0.544412 0 
0.51804 0.540762 0 
0.518035 0.543256 0 
0.518032 0.519108 0 
0.518032 0.518682 0 
0.518012 0.542239 0 
0.517926 0.54164 0 
0.517921 0.541288 0 
0.517915 0.518294 0 
0.517811 0.519462 0 
0.517764 0.543773 0 
0.517744 0.519397 0 
0.517738 0.518489 0 
0.517701 0.519397 0 
0.517694 0.520083 0 
0.517605 0.543467 0 
0.51758 0.540327 0 
0.51756 0.541205 0 
0.517552 0.541873 0 
0.517552 0.542423 0 
0.517507 0.541317 0 
0.517498 0.541475 0 
0.517457 0.518435 0 
0.517453 0.5398 0 
0.517396 0.519487 0 
0.517371 0.542984 0 
0.517369 0.53938 0 
0.517363 0.54107 0 
0.517322 0.54198 0 
0.517313 0.54279 0 
0.517297 0.517493 0 
0.51717 0.517764 0 
0.517147 0.542331 0 
0.517141 0.517609 0 
0.517139 0.541232 0 
0.517124 0.54107 0 
0.517045 0.543382 0 
0.517043 0.519244 0 
0.517042 0.543496 0 
0.516987 0.54292 0 
0.516969 0.543467 0 
0.51687 0.518424 0 
0.516862 0.544528 0 
0.516851 0.537798 0 
0.516794 0.51688 0 
0.516728 0.539548 0 
0.516694 0.517051 0 
0.516685 0.541846 0 
0.516654 0.54264 0 
0.516652 0.517483 0 
0.516609 0.541205 0 
0.516523 0.542634 0 
0.516506 0.542435 0 
0.516494 0.542531 0 
0.516421 0.541407 0 
0.516386 0.543776 0 
0.516297 0.543078 0 
0.516281 0.542543 0 
0.516256 0.54234 0 
0.516248 0.519454 0 
0.516236 0.541455 0 
0.516227 0.516274 0 
0.516191 0.519746 0 
0.516179 0.541533 0 
0.516165 0.517699 0 
0.516082 0.521373 0 
0.51606 0.518421 0 
0.515982 0.545134 0 
0.515881 0.537798 0 
0.515835 0.540138 0 
0.515829 0.519685 0 
0.515822 0.517244 0 
0.515821 0.519008 0 
0.515821 0.540617 0 
0.515802 0.542976 0 
0.515779 0.516135 0 
0.51577 0.519745 0 
0.515759 0.516982 0 
0.515744 0.517203 0 
0.515741 0.519108 0 
0.515724 0.539444 0 
0.515722 0.517245 0 
0.515705 0.517479 0 
0.515693 0.538395 0 
0.515692 0.516912 0 
0.515666 0.517609 0 
0.515656 0.520572 0 
0.515615 0.53938 0 
0.515607 0.54234 0 
0.515586 0.52008 0 
0.515583 0.53938 0 
0.515558 0.540165 0 
0.515519 0.542161 0 
0.51551 0.519854 0 
0.515476 0.517684 0 
0.51546 0.516752 0 
0.515447 0.517954 0 
0.515444 0.541317 0 
0.51543 0.541021 0 
0.515418 0.516298 0 
0.515405 0.515606 0 
0.515367 0.539548 0 
0.515363 0.542664 0 
0.515358 0.539407 0 
0.515349 0.542462 0 
0.515332 0.545539 0 
0.515323 0.543723 0 
0.51532 0.545196 0 
0.515291 0.542155 0 
0.515291 0.543026 0 
0.515266 0.516124 0 
0.515194 0.516999 0 
0.515189 0.543256 0 
0.515183 0.541837 0 
0.515176 0.54162 0 
0.515176 0.542658 0 
0.515156 0.53934 0 
0.515101 0.517597 0 
0.515094 0.518716 0 
0.515061 0.540229 0 
0.515053 0.515518 0 
0.515045 0.540255 0 
0.515011 0.540316 0 
0.514979 0.515091 0 
0.514974 0.538489 0 
0.514968 0.545034 0 
0.514908 0.517944 0 
0.514906 0.54198 0 
0.514875 0.516466 0 
0.514874 0.515725 0 
0.514862 0.517464 0 
0.514852 0.54165 0 
0.514839 0.540327 0 
0.514793 0.517493 0 
0.514764 0.544212 0 
0.514718 0.514862 0 
0.514699 0.515777 0 
0.514608 0.539988 0 
0.514569 0.540651 0 
0.514566 0.538395 0 
0.514528 0.540474 0 
0.514527 0.518668 0 
0.514506 0.5185 0 
0.5145 0.516562 0 
0.514493 0.516084 0 
0.514493 0.541408 0 
0.514473 0.542891 0 
0.514473 0.518159 0 
0.514468 0.517276 0 
0.514458 0.521517 0 
0.514454 0.518186 0 
0.51444 0.544772 0 
0.514416 0.541021 0 
0.514409 0.540398 0 
0.514405 0.515827 0 
0.514398 0.541837 0 
0.51438 0.539733 0 
0.514376 0.51708 0 
0.514373 0.520864 0 
0.514362 0.519079 0 
0.514353 0.539733 0 
0.514349 0.540847 0 
0.514315 0.543014 0 
0.514294 0.519969 0 
0.51428 0.54107 0 
0.514262 0.539965 0 
0.514227 0.54092 0 
0.514218 0.53934 0 
0.514199 0.541198 0 
0.514195 0.5414 0 
0.514189 0.542831 0 
0.514166 0.5146 0 
0.514122 0.541317 0 
0.514097 0.543677 0 
0.514091 0.514775 0 
0.514056 0.519537 0 
0.514056 0.516212 0 
0.514016 0.517495 0 
0.514002 0.515902 0 
0.513985 0.542531 0 
0.513977 0.541408 0 
0.513971 0.546644 0 
0.513916 0.51993 0 
0.513907 0.542132 0 
0.513889 0.542831 0 
0.513849 0.539407 0 
0.513828 0.539965 0 
0.513825 0.537798 0 
0.51381 0.540617 0 
0.51381 0.543139 0 
0.513809 0.54092 0 
0.513798 0.541575 0 
0.51379 0.514557 0 
0.513781 0.546778 0 
0.513746 0.541198 0 
0.513743 0.543851 0 
0.513736 0.515311 0 
0.513731 0.515745 0 
0.513728 0.518159 0 
0.513724 0.514965 0 
0.513713 0.515458 0 
0.513689 0.543026 0 
0.513688 0.540617 0 
0.513679 0.517798 0 
0.513633 0.516761 0 
0.51357 0.515606 0 
0.513568 0.542125 0 
0.513567 0.542543 0 
0.513547 0.514164 0 
0.513545 0.545024 0 
0.51352 0.543596 0 
0.513486 0.541011 0 
0.513474 0.540229 0 
0.513426 0.540327 0 
0.513404 0.54378 0 
0.513391 0.516634 0 
0.513372 0.516159 0 
0.513348 0.543075 0 
0.513341 0.518894 0 
0.513286 0.515867 0 
0.513271 0.541821 0 
0.51324 0.541486 0 
0.513224 0.53934 0 
0.513206 0.540255 0 
0.513203 0.519012 0 
0.513189 0.540138 0 
0.51317 0.539574 0 
0.513142 0.539574 0 
0.513129 0.542658 0 
0.513124 0.540345 0 
0.513107 0.540498 0 
0.513097 0.539988 0 
0.513064 0.542976 0 
0.513057 0.518903 0 
0.513045 0.54165 0 
0.513045 0.546618 0 
0.513045 0.543294 0 
0.513044 0.542963 0 
0.513025 0.541198 0 
0.512989 0.513345 0 
0.512988 0.518215 0 
0.512921 0.51523 0 
0.512916 0.513422 0 
0.512852 0.539965 0 
0.512845 0.539988 0 
0.512809 0.514432 0 
0.512794 0.541205 0 
0.512739 0.54165 0 
0.512707 0.542155 0 
0.512667 0.520525 0 
0.512645 0.540024 0 
0.512639 0.541367 0 
0.512622 0.540345 0 
0.512617 0.541455 0 
0.512562 0.516982 0 
0.512519 0.539701 0 
0.512472 0.540097 0 
0.512442 0.540138 0 
0.512377 0.54234 0 
0.512354 0.54092 0 
0.512344 0.515297 0 
0.512337 0.542433 0 
0.512334 0.540165 0 
0.512282 0.542064 0 
0.512273 0.542264 0 
0.512261 0.541389 0 
0.512236 0.541585 0 
0.512232 0.515123 0 
0.512201 0.538489 0 
0.512187 0.54378 0 
0.512119 0.544888 0 
0.512103 0.542634 0 
0.512037 0.541198 0 
0.512029 0.541408 0 
0.512008 0.542161 0 
0.512004 0.541475 0 
0.511964 0.543335 0 
0.511915 0.545702 0 
0.511905 0.54067 0 
0.511886 0.544528 0 
0.511867 0.539407 0 
0.511835 0.543452 0 
0.511786 0.539988 0 
0.511779 0.54435 0 
0.511771 0.540847 0 
0.511666 0.544351 0 
0.511606 0.546031 0 
0.511541 0.544755 0 
0.511462 0.542433 0 
0.511436 0.540847 0 
0.511422 0.515157 0 
0.511371 0.54162 0 
0.511353 0.541846 0 
0.511349 0.5414 0 
0.511339 0.545024 0 
0.51127 0.542987 0 
0.511251 0.543945 0 
0.511212 0.543446 0 
0.511205 0.545406 0 
0.511196 0.541821 0 
0.511182 0.543533 0 
0.51114 0.541475 0 
0.511133 0.542818 0 
0.511128 0.541837 0 
0.511109 0.511989 0 
0.511103 0.543075 0 
0.511053 0.544413 0 
0.511026 0.546708 0 
0.510983 0.542957 0 
0.510967 0.542161 0 
0.510939 0.546826 0 
0.510848 0.542531 0 
0.510773 0.544917 0 
0.510612 0.538395 0 
0.5105 0.547861 0 
0.510473 0.543256 0 
0.510395 0.542795 0 
0.510394 0.543335 0 
0.510216 0.543945 0 
0.510209 0.543945 0 
0.509986 0.547702 0 
0.509943 0.544212 0 
0.509392 0.543945 0 
0.216564 0.221773 1 
0.216093 0.228039 1 
0.216021 0.226227 1 
0.215978 0.224818 1 
0.21582 0.226089 1 
0.215789 0.221183 1 
0.21569 0.223092 1 
0.215608 0.226833 1 
0.215395 0.222809 1 
0.215394 0.226521 1 
0.215333 0.222656 1 
0.215304 0.22263 1 
0.215272 0.224413 1 
0.215254 0.224982 1 
0.215237 0.22402 1 
0.215172 0.222684 1 
0.215136 0.223213 1 
0.215123 0.223802 1 
0.215102 0.222514 1 
0.215044 0.22573 1 
0.214921 0.224568 1 
0.214916 0.224412 1 
0.214897 0.229491 1 
0.21483 0.225869 1 
0.214806 0.226044 1 
0.214766 0.228477 1 
0.214686 0.225848 1 
0.21467 0.22774 1 
0.214571 0.226511 1 
0.214481 0.230506 1 
0.214465 0.225359 1 
0.21446 0.22317 1 
0.214457 0.226743 1 
0.214436 0.223684 1 
0.214396 0.222125 1 
0.214346 0.229448 1 
0.214226 0.230666 1 
0.214155 0.222514 1 
0.214041 0.225156 1 
0.213994 0.220798 1 
0.213922 0.226239 1 
0.213884 0.227449 1 
0.213825 0.223802 1 
0.213778 0.230156 1 
0.213673 0.231364 1 
0.213556 0.224131 1 
0.213535 0.221585 1 
0.213491 0.2238 1 
0.213432 0.224382 1 
0.213394 0.224558 1 
0.213389 0.223489 1 
0.213366 0.228367 1 
0.213353 0.224382 1 
0.213247 0.223714 1 
0.213219 0.224115 1 
0.213216 0.228803 1 
0.213203 0.22065 1 
0.213171 0.224005 1 
0.213153 0.225538 1 
0.213125 0.220936 1 
0.213047 0.226989 1 
0.213017 0.221149 1 
0.213002 0.223136 1 
0.212997 0.223213 1 
0.2129 0.225156 1 
0.212872 0.224899 1 
0.212869 0.222272 1 
0.212834 0.223213 1 
0.212825 0.223542 1 
0.212824 0.228591 1 
0.212798 0.220947 1 
0.212771 0.221811 1 
0.212762 0.224703 1 
0.212712 0.226 1 
0.212592 0.222141 1 
0.212584 0.22742 1 
0.212565 0.219082 1 
0.212534 0.226089 1 
0.212528 0.226205 1 
0.212478 0.222457 1 
0.212449 0.227291 1 
0.212444 0.225311 1 
0.212437 0.224131 1 
0.21241 0.22136 1 
0.212317 0.224252 1 
0.212317 0.228219 1 
0.212207 0.224131 1 
0.212166 0.230709 1 
0.212049 0.221183 1 
0.212008 0.226431 1 
0.211975 0.226521 1 
0.211967 0.224118 1 
0.211944 0.224252 1 
0.211941 0.223659 1 
0.211931 0.227238 1 
0.211913 0.224899 1 
0.211886 0.217849 1 
0.211881 0.223717 1 
0.211872 0.226089 1 
0.21186 0.222272 1 
0.211853 0.223693 1 
0.211853 0.223717 1 
0.211842 0.22578 1 
0.211827 0.221613 1 
0.211822 0.226977 1 
0.211809 0.220936 1 
0.211768 0.220936 1 
0.211677 0.232623 1 
0.21166 0.225563 1 
0.211588 0.224789 1 
0.211567 0.224413 1 
0.211566 0.22136 1 
0.211544 0.225379 1 
0.211521 0.225848 1 
0.211305 0.229921 1 
0.211296 0.220386 1 
0.211216 0.211511 1 
0.211179 0.222001 1 
0.21113 0.223985 1 
0.211101 0.225213 1 
0.211057 0.231951 1 
0.211055 0.221709 1 
0.211039 0.214452 1 
0.211035 0.221709 1 
0.211033 0.224382 1 
0.210917 0.227473 1 
0.210898 0.226372 1 
0.210862 0.223117 1 
0.210837 0.227488 1 
0.210739 0.224558 1 
0.210705 0.227291 1 
0.210646 0.22647 1 
0.21058 0.225379 1 
0.210447 0.224005 1 
0.210422 0.22402 1 
0.210422 0.224118 1 
0.210366 0.221149 1 
0.210348 0.222931 1 
0.210293 0.226891 1 
0.210248 0.22321 1 
0.210135 0.220887 1 
0.210097 0.21094 1 
0.210084 0.22321 1 
0.21006 0.230383 1 
0.210016 0.223119 1 
0.210003 0.222644 1 
0.209991 0.211035 1 
0.209957 0.223666 1 
0.209885 0.222202 1 
0.209845 0.226859 1 
0.209781 0.223482 1 
0.209767 0.226843 1 
0.20976 0.225602 1 
0.209721 0.22317 1 
0.209699 0.227131 1 
0.209698 0.222931 1 
0.209698 0.225213 1 
0.20962 0.211453 1 
0.209617 0.20976 1 
0.209612 0.221183 1 
0.209531 0.223213 1 
0.209484 0.226363 1 
0.209427 0.209607 1 
0.209426 0.226833 1 
0.209395 0.22187 1 
0.209352 0.226989 1 
0.20928 0.217849 1 
0.209271 0.222044 1 
0.209217 0.217849 1 
0.209204 0.209586 1 
0.209201 0.209456 1 
0.209139 0.22263 1 
0.209085 0.22321 1 
0.209078 0.222809 1 
0.209035 0.210186 1 
0.209035 0.22136 1 
0.209022 0.223523 1 
0.208966 0.221334 1 
0.208749 0.224965 1 
0.208718 0.210856 1 
0.208705 0.22402 1 
0.208604 0.22187 1 
0.208551 0.222684 1 
0.208519 0.228525 1 
0.20849 0.221709 1 
0.20846 0.221334 1 
0.20841 0.222044 1 
0.208372 0.211204 1 
0.20828 0.220936 1 
0.208259 0.22028 1 
0.208188 0.21486 1 
0.208126 0.223117 1 
0.208096 0.209179 1 
0.208081 0.221334 1 
0.208077 0.208314 1 
0.208053 0.221773 1 
0.208046 0.224036 1 
0.208035 0.223213 1 
0.20802 0.224189 1 
0.20802 0.225538 1 
0.208014 0.213327 1 
0.207976 0.209499 1 
0.207956 0.222044 1 
0.207935 0.209128 1 
0.207858 0.22774 1 
0.207821 0.211104 1 
0.207786 0.217661 1 
0.207762 0.209396 1 
0.20772 0.226146 1 
0.207718 0.227488 1 
0.207716 0.210737 1 
0.207696 0.225748 1 
0.207631 0.210597 1 
0.207628 0.222644 1 
0.207619 0.223092 1 
0.207617 0.22028 1 
0.207552 0.210083 1 
0.207494 0.208207 1 
0.207477 0.226843 1 
0.20747 0.208265 1 
0.207437 0.208165 1 
0.207435 0.208597 1 
0.207401 0.21063 1 
0.207378 0.225737 1 
0.207356 0.217849 1 
0.207346 0.227488 1 
0.207337 0.207426 1 
0.207327 0.208471 1 
0.207321 0.223819 1 
0.207309 0.209962 1 
0.207281 0.208007 1 
0.207272 0.224157 1 
0.207216 0.21922 1 
0.207214 0.22317 1 
0.207198 0.221811 1 
0.207154 0.228591 1 
0.207148 0.207708 1 
0.207139 0.210762 1 
0.20713 0.208135 1 
0.207087 0.225381 1 
0.20704 0.207188 1 
0.207011 0.209801 1 
0.206943 0.220563 1 
0.206879 0.221613 1 
0.206879 0.225066 1 
0.206858 0.207645 1 
0.206837 0.208993 1 
0.20683 0.223802 1 
0.206812 0.221149 1 
0.206792 0.208391 1 
0.206783 0.208245 1 
0.20678 0.222931 1 
0.206771 0.22187 1 
0.206768 0.22136 1 
0.206741 0.206789 1 
0.206708 0.22065 1 
0.206663 0.224413 1 
0.206621 0.220563 1 
0.206563 0.225902 1 
0.206549 0.21068 1 
0.206543 0.208321 1 
0.206499 0.211104 1 
0.206468 0.220563 1 
0.206462 0.210853 1 
0.206416 0.225066 1 
0.206403 0.208606 1 
0.206396 0.224118 1 
0.206386 0.224157 1 
0.206378 0.206656 1 
0.206359 0.208878 1 
0.206325 0.223117 1 
0.20631 0.206547 1 
0.20629 0.221364 1 
0.206288 0.222644 1 
0.206282 0.2201 1 
0.206262 0.226132 1 
0.206255 0.223666 1 
0.206246 0.21068 1 
0.206241 0.217661 1 
0.206237 0.206244 1 
0.206198 0.208298 1 
0.20619 0.217661 1 
0.20619 0.226521 1 
0.206165 0.22065 1 
0.20616 0.20832 1 
0.206146 0.221183 1 
0.206142 0.222514 1 
0.206098 0.209317 1 
0.20604 0.2201 1 
0.206031 0.211288 1 
0.205997 0.222644 1 
0.205996 0.208727 1 
0.205986 0.222684 1 
0.205957 0.220887 1 
0.205954 0.223523 1 
0.205907 0.22028 1 
0.205886 0.223482 1 
0.205884 0.223565 1 
0.205835 0.206616 1 
0.2058 0.208255 1 
0.205746 0.210204 1 
0.205619 0.224413 1 
0.205586 0.22582 1 
0.205549 0.223523 1 
0.205503 0.20565 1 
0.205499 0.222202 1 
0.205495 0.223666 1 
0.205494 0.207531 1 
0.205489 0.220798 1 
0.20547 0.22312 1 
0.205462 0.225481 1 
0.205461 0.223609 1 
0.205455 0.223802 1 
0.205403 0.222202 1 
0.205402 0.225714 1 
0.205338 0.206171 1 
0.205327 0.221364 1 
0.205284 0.209873 1 
0.205166 0.226143 1 
0.205165 0.22136 1 
0.205165 0.227435 1 
0.205141 0.22028 1 
0.205136 0.210667 1 
0.205036 0.206815 1 
0.205022 0.225296 1 
0.20494 0.223573 1 
0.204929 0.223819 1 
0.204873 0.22101 1 
0.204834 0.221811 1 
0.204832 0.22653 1 
0.204805 0.2201 1 
0.204772 0.204988 1 
0.204708 0.223777 1 
0.204668 0.209999 1 
0.204618 0.223334 1 
0.204564 0.22101 1 
0.204467 0.205111 1 
0.204441 0.221183 1 
0.204393 0.22101 1 
0.204367 0.209447 1 
0.204293 0.221585 1 
0.204283 0.204838 1 
0.204274 0.222514 1 
0.20427 0.206563 1 
0.204253 0.22757 1 
0.204188 0.22136 1 
0.204073 0.222001 1 
0.204033 0.204499 1 
0.20403 0.222656 1 
0.203949 0.223117 1 
0.203919 0.226132 1 
0.203875 0.205246 1 
0.203867 0.225426 1 
0.203789 0.220798 1 
0.203679 0.207321 1 
0.203568 0.205765 1 
0.203527 0.208462 1 
0.203491 0.223489 1 
0.203385 0.221364 1 
0.203242 0.203675 1 
0.203158 0.224005 1 
0.203114 0.204862 1 
0.203026 0.21922 1 
0.202788 0.207618 1 
0.202766 0.209237 1 
0.202515 0.22059 1 
0.0998618 0.104833 2 
0.0996895 0.103195 2 
0.0996531 0.10388 2 
0.0993644 0.103382 2 
0.0993073 0.101664 2 
0.099088 0.100347 2 
0.09898 0.100256 2 
0.0987943 0.102516 2 
0.0984083 0.103257 2 
0.0983026 0.1014 2 
0.0981077 0.0987874 2 
0.0980995 0.104794 2 
0.0980888 0.0987907 2 
0.0979812 0.0985826 2 
0.0979782 0.104607 2 
0.0979087 0.0997783 2 
0.0978208 0.100146 2 
0.0977585 0.100125 2 
0.0977239 0.100574 2 
0.0976279 0.100248 2 
0.0975634 0.0999988 2 
0.0974613 0.102015 2 
0.0973947 0.104022 2 
0.0973686 0.10244 2 
0.097338 0.100584 2 
0.0972384 0.0979684 2 
0.0971987 0.0986755 2 
0.097191 0.102466 2 
0.0971857 0.10006 2 
0.0970659 0.0984433 2 
0.0970573 0.100351 2 
0.0969736 0.105645 2 
0.0969274 0.0981255 2 
0.0968893 0.0998348 2 
0.0968497 0.0982125 2 
0.0968463 0.100679 2 
0.0968061 0.099837 2 
0.0967812 0.102167 2 
0.0967724 0.0997942 2 
0.0967388 0.100975 2 
0.0966432 0.0981629 2 
0.0965982 0.0987874 2 
0.0965508 0.0996545 2 
0.0964672 0.100728 2 
0.0964345 0.0974749 2 
0.0964105 0.0987815 2 
0.096319 0.0980058 2 
0.0962637 0.103754 2 
0.0961658 0.0981255 2 
0.0961422 0.0979256 2 
0.096083 0.0978329 2 
0.0960684 0.0972634 2 
0.0960443 0.100574 2 
0.0959802 0.0969757 2 
0.0959489 0.0981629 2 
0.0958716 0.0970431 2 
0.0958264 0.100398 2 
0.0957968 0.098597 2 
0.0957649 0.1004 2 
0.0957296 0.0985231 2 
0.0956922 0.101871 2 
0.0956567 0.0982125 2 
0.0956531 0.0989755 2 
0.0956516 0.099337 2 
0.0956487 0.0997824 2 
0.0955985 0.0984356 2 
0.0955879 0.100173 2 
0.095565 0.0981629 2 
0.0955542 0.0961628 2 
0.0955252 0.0987815 2 
0.095495 0.100183 2 
0.0953899 0.0974163 2 
0.0953552 0.0991625 2 
0.0953413 0.096872 2 
0.0952931 0.101927 2 
0.0952415 0.0974707 2 
0.0952302 0.0985073 2 
0.0952188 0.100185 2 
0.0951668 0.0961272 2 
0.0951064 0.0958161 2 
0.0951013 0.100974 2 
0.0950358 0.0982125 2 
0.0949964 0.0991625 2 
0.0949487 0.0952922 2 
0.0949432 0.0981255 2 
0.094905 0.100306 2 
0.0948516 0.100125 2 
0.0947381 0.0990382 2 
0.0947275 0.0989598 2 
0.0947061 0.0989979 2 
0.0946164 0.10043 2 
0.0945624 0.0957299 2 
0.0945577 0.0966087 2 
0.094532 0.0998479 2 
0.094498 0.0989979 2 
0.0944819 0.101062 2 
0.0944798 0.0985826 2 
0.0944627 0.1004 2 
0.0944387 0.103332 2 
0.094437 0.101092 2 
0.0943873 0.0974257 2 
0.0943785 0.0997259 2 
0.0943346 0.101544 2 
0.0943319 0.099883 2 
0.0943069 0.0965123 2 
0.0942667 0.095261 2 
0.0942259 0.0981399 2 
0.0941829 0.101572 2 
0.0941136 0.0959403 2 
0.0940876 0.0966087 2 
0.0940763 0.100347 2 
0.0940729 0.100183 2 
0.0940101 0.100627 2 
0.0939776 0.100321 2 
0.0939615 0.0987815 2 
0.0939398 0.0981399 2 
0.0939025 0.0966087 2 
0.0938929 0.0985959 2 
0.093823 0.0947691 2 
0.0938081 0.100627 2 
0.0937841 0.100974 2 
0.0937547 0.0965123 2 
0.0937532 0.0984695 2 
0.0937378 0.0989755 2 
0.0937194 0.0954591 2 
0.0936973 0.0985149 2 
0.0936637 0.0973484 2 
0.0936522 0.0991057 2 
0.0936337 0.0962763 2 
0.0936141 0.094674 2 
0.0935297 0.0981255 2 
0.0934845 0.0958161 2 
0.0934775 0.0953605 2 
0.0934497 0.0961272 2 
0.0934451 0.0970289 2 
0.0934443 0.0977353 2 
0.0934131 0.0979684 2 
0.0933998 0.0995417 2 
0.0933914 0.0967023 2 
0.093357 0.0974603 2 
0.0933334 0.0971995 2 
0.0933301 0.0957887 2 
0.0931619 0.0967177 2 
0.0931487 0.0953605 2 
0.0930653 0.0983797 2 
0.0930543 0.0956346 2 
0.0930523 0.0970507 2 
0.0930361 0.0982054 2 
0.093028 0.0974603 2 
0.0930271 0.100975 2 
0.0930128 0.0982494 2 
0.0929493 0.0933303 2 
0.0929383 0.100207 2 
0.0927795 0.0976168 2 
0.0926951 0.099768 2 
0.0925529 0.0936331 2 
0.092466 0.0933847 2 
0.0923765 0.101871 2 
0.0923564 0.0926637 2 
0.092315 0.0956878 2 
0.0922587 0.0977715 2 
0.0922447 0.0931458 2 
0.092227 0.0922925 2 
0.0922195 0.0991057 2 
0.0922073 0.101871 2 
0.0921819 0.0972742 2 
0.0921327 0.0956878 2 
0.0921288 0.0939016 2 
0.0920715 0.0924038 2 
0.0920683 0.0972742 2 
0.0920272 0.0967177 2 
0.0920056 0.0956878 2 
0.0919672 0.0976514 2 
0.0919251 0.0974603 2 
0.0919224 0.0957887 2 
0.0919206 0.102145 2 
0.0919123 0.0956878 2 
0.0918435 0.101703 2 
0.0917297 0.0921841 2 
0.0917282 0.0977715 2 
0.0917236 0.0966777 2 
0.0916489 0.0963923 2 
0.0916362 0.101496 2 
0.0915569 0.098564 2 
0.091498 0.099837 2 
0.0914867 0.0974749 2 
0.0914323 0.0926443 2 
0.0914311 0.0984695 2 
0.0914291 0.0974924 2 
0.0913742 0.0919072 2 
0.0913208 0.099277 2 
0.0913092 0.0913711 2 
0.0912925 0.0966087 2 
0.091263 0.0965123 2 
0.0912075 0.0970507 2 
0.0912037 0.0980363 2 
0.0911715 0.0914984 2 
0.0911585 0.100321 2 
0.091114 0.0925772 2 
0.0911046 0.0989513 2 
0.0910939 0.0911034 2 
0.0910794 0.0995465 2 
0.091039 0.0910415 2 
0.0910301 0.0926174 2 
0.091016 0.0988504 2 
0.090974 0.0928638 2 
0.0909715 0.0958161 2 
0.0909624 0.096398 2 
0.0909503 0.0977715 2 
0.0909405 0.0959096 2 
0.0909235 0.0912349 2 
0.0909194 0.100975 2 
0.0908783 0.0923876 2 
0.0908645 0.0971995 2 
0.090844 0.0908812 2 
0.090831 0.0957887 2 
0.0908259 0.0977171 2 
0.0907991 0.0996863 2 
0.0907978 0.0920408 2 
0.0907653 0.0967177 2 
0.0907529 0.0909579 2 
0.0907409 0.0989513 2 
0.0907285 0.0909969 2 
0.0906984 0.091549 2 
0.090678 0.0930803 2 
0.0906712 0.0965123 2 
0.0906338 0.0984695 2 
0.0905976 0.0907754 2 
0.0905869 0.0984601 2 
0.0905831 0.0940988 2 
0.0905449 0.0962763 2 
0.0905395 0.0933728 2 
0.090523 0.100574 2 
0.0905202 0.0933847 2 
0.0904748 0.0957299 2 
0.0904737 0.0959096 2 
0.0904549 0.0951787 2 
0.09043 0.0977353 2 
0.0904228 0.0937215 2 
0.0903996 0.099397 2 
0.0903994 0.0979684 2 
0.0903972 0.0951787 2 
0.090322 0.0907532 2 
0.0903144 0.0995851 2 
0.0903133 0.0933847 2 
0.0902996 0.090852 2 
0.0902888 0.0923876 2 
0.0902745 0.0957299 2 
0.0902554 0.10091 2 
0.0901811 0.100179 2 
0.0901701 0.0967023 2 
0.0901613 0.0971995 2 
0.0901536 0.0969757 2 
0.0901489 0.0985826 2 
0.0901457 0.0951297 2 
0.0901184 0.10027 2 
0.0901162 0.0910295 2 
0.0900928 0.0977353 2 
0.0900749 0.0916609 2 
0.0900671 0.0946629 2 
0.0900317 0.0981255 2 
0.0900171 0.0901176 2 
0.0899802 0.0925462 2 
0.0899232 0.0919591 2 
0.0898724 0.0964567 2 
0.08985 0.0934005 2 
0.0898312 0.0994714 2 
0.089828 0.0965123 2 
0.0898051 0.0951297 2 
0.0898001 0.0923972 2 
0.0897984 0.0933086 2 
0.089797 0.0906077 2 
0.0897595 0.0899995 2 
0.089734 0.0923811 2 
0.0897251 0.0933086 2 
0.0896675 0.0903049 2 
0.0896592 0.0936263 2 
0.0896574 0.0996494 2 
0.089648 0.0976168 2 
0.0895775 0.0959096 2 
0.0895725 0.0898017 2 
0.0895696 0.0896263 2 
0.089534 0.091133 2 
0.0894535 0.0906165 2 
0.0894273 0.0961628 2 
0.0894238 0.0920486 2 
0.089417 0.0967023 2 
0.0894064 0.0935144 2 
0.0894016 0.0955633 2 
0.0894 0.099636 2 
0.0893493 0.0985826 2 
0.0893355 0.0912182 2 
0.0893305 0.0925208 2 
0.0893146 0.0971995 2 
0.0893132 0.0987974 2 
0.0892686 0.0947672 2 
0.0892439 0.0926148 2 
0.0892256 0.101611 2 
0.089116 0.0979462 2 
0.0891131 0.0951787 2 
0.0890983 0.0956346 2 
0.0890901 0.092941 2 
0.0890607 0.0974924 2 
0.0890249 0.0947672 2 
0.0889676 0.0997901 2 
0.0889637 0.0974749 2 
0.0889473 0.0951588 2 
0.0889448 0.0929536 2 
0.0889194 0.0953605 2 
0.0889093 0.0964567 2 
0.0888918 0.0985826 2 
0.0888909 0.0970507 2 
0.0888578 0.0972557 2 
0.0888207 0.0951297 2 
0.0888022 0.0925777 2 
0.0887449 0.0976531 2 
0.0887199 0.10027 2 
0.0887083 0.097057 2 
0.0886931 0.0955633 2 
0.0886874 0.0904873 2 
0.0886812 0.0977911 2 
0.0886701 0.0893962 2 
0.0886498 0.0975987 2 
0.0886294 0.0961628 2 
0.088591 0.0887787 2 
0.0885066 0.0951787 2 
0.0884767 0.0972634 2 
0.0884354 0.088617 2 
0.0884296 0.0985314 2 
0.0884032 0.0973331 2 
0.0884028 0.0953605 2 
0.0883762 0.0982125 2 
0.0883356 0.096872 2 
0.0883007 0.0898805 2 
0.0882948 0.0978329 2 
0.0880804 0.0986267 2 
0.0880682 0.0955633 2 
0.0879558 0.0964567 2 
0.0878996 0.0883265 2 
0.0878736 0.0892997 2 
0.0878724 0.0881633 2 
0.0878588 0.0969757 2 
0.0878174 0.0879368 2 
0.0877066 0.0998212 2 
0.0877053 0.0961272 2 
0.0875414 0.0965123 2 
0.0872317 0.0886325 2 
0.0871897 0.0877037 2 
0.0869407 0.0905496 2 
0.086846 0.0870001 2 
0.0867956 0.0946629 2 
0.086497 0.0917147 2 
0.0864816 0.089902 2 
0.0861733 0.0913905 2 
0.0861628 0.0955139 2 
0.0844913 0.0850875 2 
0.0495232 0.0502775 3 
0.0493529 0.0493846 3 
0.0484474 0.0487748 3 
0.0481351 0.0484542 3 
0.0480681 0.0494408 3 
0.04754 0.0495459 3 
0.0474833 0.0491275 3 
0.0472975 0.0476697 3 
0.0471315 0.0479903 3 
0.0470642 0.0501602 3 
0.0467772 0.0474057 3 
0.0465482 0.0466671 3 
0.0464717 0.0476557 3 
0.0464529 0.0489064 3 
0.0462262 0.0467799 3 
0.0461905 0.0467254 3 
0.0461321 0.0478492 3 
0.0461215 0.0468551 3 
0.0460943 0.0461685 3 
0.0459547 0.0462703 3 
0.0458058 0.0466404 3 
0.0455927 0.0458114 3 
0.0455476 0.0460359 3 
0.0455444 0.045755 3 
0.0454911 0.046517 3 
0.0454573 0.0461402 3 
0.0453833 0.0463185 3 
0.0453698 0.0456473 3 
0.0453235 0.0463185 3 
0.045245 0.0465477 3 
0.0452389 0.0457853 3 
0.0452339 0.0477218 3 
0.045196 0.0457853 3 
0.0451752 0.0468008 3 
0.0451082 0.0471986 3 
0.0450886 0.0464799 3 
0.045072 0.0466219 3 
0.0450533 0.0463129 3 
0.04503 0.045036 3 
0.045011 0.0453555 3 
0.0450096 0.0466584 3 
0.0450074 0.0464905 3 
0.0449956 0.0464761 3 
0.0449885 0.0455884 3 
0.044956 0.0471948 3 
0.0449249 0.047009 3 
0.0448723 0.045282 3 
0.0448698 0.045282 3 
0.0447911 0.0467591 3 
0.0447704 0.0451823 3 
0.0447083 0.048017 3 
0.0446981 0.0463633 3 
0.0446489 0.0467591 3 
0.0446488 0.0453413 3 
0.0445715 0.0456849 3 
0.0445497 0.0447068 3 
0.0445472 0.0446046 3 
0.0445427 0.0459075 3 
0.0445423 0.044648 3 
0.0444151 0.0456473 3 
0.0443877 0.045493 3 
0.0443697 0.0457119 3 
0.0442959 0.0460359 3 
0.0442909 0.0453876 3 
0.0442646 0.046064 3 
0.0442503 0.0443028 3 
0.044249 0.0446119 3 
0.0442399 0.0458601 3 
0.0442396 0.0453555 3 
0.044204 0.0460972 3 
0.0441742 0.0459543 3 
0.0441593 0.0442341 3 
0.0441576 0.0465062 3 
0.0441359 0.0469226 3 
0.0441295 0.0473206 3 
0.0440694 0.0444473 3 
0.0439955 0.044648 3 
0.0439947 0.0464024 3 
0.0439743 0.0443963 3 
0.043935 0.0445174 3 
0.0438739 0.0454355 3 
0.0438304 0.0452049 3 
0.0438258 0.0464024 3 
0.0437124 0.044608 3 
0.0435958 0.047774 3 
0.0435878 0.0436541 3 
0.0435664 0.0439161 3 
0.0435348 0.0442391 3 
0.0435271 0.0474262 3 
0.0435041 0.0455644 3 
0.0435026 0.0448135 3 
0.0434965 0.0438826 3 
0.0434948 0.0463587 3 
0.0434936 0.0467254 3 
0.0434389 0.0445174 3 
0.0434386 0.0446709 3 
0.043365 0.0477599 3 
0.0433587 0.0450964 3 
0.0433574 0.046655 3 
0.0433099 0.0438336 3 
0.0433051 0.0448247 3 
0.0432408 0.0440069 3 
0.0432003 0.0457268 3 
0.0431712 0.0444547 3 
0.0431271 0.0435138 3 
0.0431196 0.0479392 3 
0.0430609 0.0438861 3 
0.0430523 0.0450108 3 
0.0430409 0.0464682 3 
0.04304 0.0442746 3 
0.0430297 0.0438475 3 
0.042953 0.0455967 3 
0.0429146 0.0434999 3 
0.0429018 0.0441848 3 
0.0428909 0.0454355 3 
0.0428603 0.0434835 3 
0.0428568 0.0459054 3 
0.0428353 0.0468897 3 
0.0428002 0.0440881 3 
0.0427661 0.0429547 3 
0.0426975 0.0430121 3 
0.0426756 0.0433793 3 
0.0426376 0.0453515 3 
0.0426077 0.0455653 3 
0.0425885 0.0457901 3 
0.0425867 0.0429898 3 
0.0425712 0.0455918 3 
0.042569 0.0441064 3 
0.042559 0.0460294 3 
0.0425464 0.0441199 3 
0.0425336 0.042893 3 
0.0425056 0.0445174 3 
0.042502 0.0427783 3 
0.0424976 0.04253 3 
0.0424686 0.0428034 3 
0.0424638 0.0459192 3 
0.0424563 0.0450185 3 
0.0424561 0.0442391 3 
0.0424276 0.0438336 3 
0.042408 0.0472925 3 
0.042398 0.0440695 3 
0.0423723 0.0426178 3 
0.0423468 0.0463042 3 
0.0423239 0.0464001 3 
0.0423127 0.04253 3 
0.0423065 0.0426904 3 
0.0422837 0.0440069 3 
0.042264 0.0430556 3 
0.0422518 0.0430288 3 
0.0422241 0.0447888 3 
0.0422168 0.0450185 3 
0.0421901 0.0442391 3 
0.0421897 0.0442746 3 
0.0421538 0.0423693 3 
0.0421466 0.0444473 3 
0.0421464 0.0467254 3 
0.0421143 0.0422046 3 
0.0421023 0.0444473 3 
0.0420995 0.0444718 3 
0.0420893 0.0468551 3 
0.0420796 0.0423491 3 
0.042044 0.0447012 3 
0.0420051 0.0438715 3 
0.0420021 0.0459054 3 
0.0419962 0.0445171 3 
0.0419885 0.042249 3 
0.0419884 0.0454355 3 
0.0419774 0.0458173 3 
0.0419682 0.0437079 3 
0.0419681 0.0431318 3 
0.0419495 0.0422874 3 
0.041932 0.044608 3 
0.0419183 0.0439161 3 
0.0418937 0.0438044 3 
0.0418833 0.0446119 3 
0.0418802 0.0457607 3 
0.0418351 0.0461755 3 
0.0418322 0.0423009 3 
0.0417951 0.0449671 3 
0.0417628 0.0421399 3 
0.0417569 0.0430759 3 
0.0416778 0.0435115 3 
0.0416755 0.0465542 3 
0.0416663 0.0427861 3 
0.0416633 0.045952 3 
0.0416594 0.0446119 3 
0.0416593 0.0437191 3 
0.0416557 0.0453413 3 
0.0416057 0.0423626 3 
0.0415996 0.0459771 3 
0.0415911 0.0423693 3 
0.0415906 0.0466605 3 
0.0415875 0.0454202 3 
0.0415874 0.0446709 3 
0.0415828 0.0429898 3 
0.0415561 0.0418906 3 
0.0415537 0.0439004 3 
0.0415262 0.0430761 3 
0.0415262 0.0432682 3 
0.0415181 0.044401 3 
0.0414988 0.0442341 3 
0.0414822 0.0439161 3 
0.041474 0.0446461 3 
0.0414525 0.0416446 3 
0.0414412 0.0428753 3 
0.0414363 0.0429898 3 
0.0414246 0.0442391 3 
0.0414083 0.0435939 3 
0.0413797 0.0442746 3 
0.0413581 0.0453555 3 
0.0413551 0.0456975 3 
0.0413481 0.0453413 3 
0.0413452 0.0413934 3 
0.0413386 0.0452049 3 
0.0413341 0.0431976 3 
0.0413223 0.0437831 3 
0.0413183 0.0473194 3 
0.0412897 0.0438266 3 
0.0412843 0.0427519 3 
0.0412785 0.0444473 3 
0.0412752 0.0430759 3 
0.0412545 0.0418954 3 
0.0412533 0.0465542 3 
0.0412416 0.0429898 3 
0.0412354 0.0438044 3 
0.0412323 0.0455599 3 
0.0412263 0.0415919 3 
0.0412205 0.0435088 3 
0.0412092 0.0429898 3 
0.0411823 0.0458223 3 
0.0411683 0.0453413 3 
0.0411627 0.0443711 3 
0.0411341 0.041704 3 
0.0410762 0.0433227 3 
0.0410331 0.0445586 3 
0.0410299 0.041107 3 
0.0410096 0.0427069 3 
0.0410063 0.0462321 3 
0.0409707 0.0435486 3 
0.0409686 0.0447888 3 
0.0409577 0.0436505 3 
0.0409575 0.0432192 3 
0.0409264 0.0435138 3 
0.0408787 0.0443792 3 
0.040875 0.0452775 3 
0.0408699 0.0433294 3 
0.0408422 0.0420824 3 
0.0408391 0.0449671 3 
0.0408126 0.0449704 3 
0.04079 0.0463421 3 
0.0407861 0.044875 3 
0.0407702 0.0436394 3 
0.0407696 0.0452847 3 
0.0407678 0.0427461 3 
0.0407334 0.0408718 3 
0.0407269 0.0441135 3 
0.0407079 0.0442105 3 
0.0406964 0.0445814 3 
0.0406879 0.0454805 3 
0.0406852 0.0440877 3 
0.0406847 0.0444718 3 
0.0406237 0.0445264 3 
0.0406099 0.0442389 3 
0.0405973 0.0445084 3 
0.0405705 0.0427461 3 
0.0404534 0.0442945 3 
0.0404507 0.0414787 3 
0.0404324 0.0407794 3 
0.0404288 0.0442341 3 
0.0403907 0.0449777 3 
0.0403751 0.0431976 3 
0.0403059 0.0407398 3 
0.0401568 0.0446344 3 
0.0401199 0.0404615 3 
0.0400407 0.0400996 3 
0.040029 0.0438044 3 
0.0400211 0.0442341 3 
0.039963 0.0445814 3 
0.0399533 0.044608 3 
0.0398222 0.0441967 3 
0.0396559 0.0400586 3 
0.0396367 0.0404563 3 
0.0394927 0.0428753 3 
0.0394551 0.0421128 3 
0.0389866 0.042601 3 
0.0389002 0.0428952 3 
0.03873 0.0411198 3 
0.0386396 0.0432542 3 
0.0237979 0.0242354 4 
0.0235871 0.0245114 4 
0.0231605 0.0237968 4 
0.0225155 0.0225157 4 
0.0224192 0.022801 4 
0.0222864 0.0223161 4 
0.0222731 0.0224596 4 
0.0222656 0.0230664 4 
0.0222348 0.0226137 4 
0.0222092 0.0226697 4 
0.0222049 0.0224447 4 
0.0221555 0.0227329 4 
0.0221529 0.0225956 4 
0.0220961 0.0223164 4 
0.0220676 0.0224908 4 
0.0220626 0.0224893 4 
0.0220551 0.0220975 4 
0.0220531 0.022276 4 
0.0220297 0.0229172 4 
0.0220074 0.0224908 4 
0.0220033 0.0221085 4 
0.0219896 0.0220394 4 
0.0218856 0.0222937 4 
0.0218477 0.0218564 4 
0.021829 0.0222092 4 
0.0218201 0.0219635 4 
0.0218111 0.0227562 4 
0.0217754 0.0221433 4 
0.0217681 0.0225161 4 
0.0217426 0.0221084 4 
0.0217264 0.0220995 4 
0.0217249 0.0220215 4 
0.0217024 0.0217717 4 
0.0216193 0.0216769 4 
0.0215419 0.0225157 4 
0.0214456 0.022107 4 
0.0214316 0.0220711 4 
0.021402 0.021983 4 
0.0213948 0.0214436 4 
0.0213889 0.0227007 4 
0.0213709 0.0215434 4 
0.0213617 0.023923 4 
0.0213614 0.0224187 4 
0.0213532 0.0225956 4 
0.0213355 0.021787 4 
0.0213031 0.0230007 4 
0.0212806 0.0217184 4 
0.0212707 0.0230148 4 
0.0212704 0.022107 4 
0.0212704 0.0216884 4 
0.021233 0.0213801 4 
0.0212305 0.0222265 4 
0.0212302 0.0220394 4 
0.0212282 0.0224919 4 
0.0212086 0.0217714 4 
0.0211856 0.0213429 4 
0.0211609 0.021241 4 
0.0211429 0.021354 4 
0.0210768 0.0227382 4 
0.0210699 0.0220718 4 
0.0210517 0.0211246 4 
0.0210496 0.0230824 4 
0.021029 0.0217205 4 
0.021021 0.0223181 4 
0.0210158 0.0214621 4 
0.0209857 0.0210493 4 
0.0209707 0.0218238 4 
0.0209204 0.0233367 4 
0.020913 0.0212034 4 
0.0209022 0.0209468 4 
0.020902 0.0211487 4 
0.0209019 0.021787 4 
0.0208494 0.0209205 4 
0.0208275 0.0210474 4 
0.0208154 0.0216046 4 
0.020808 0.0209633 4 
0.0207814 0.0219217 4 
0.0207746 0.0220032 4 
0.0207659 0.0210629 4 
0.0207572 0.0222006 4 
0.0207566 0.0208302 4 
0.020748 0.0230057 4 
0.0207452 0.0208302 4 
0.0207408 0.0215581 4 
0.0207238 0.0210552 4 
0.0206982 0.0220729 4 
0.0206866 0.0210047 4 
0.0206481 0.0210401 4 
0.0206365 0.0215314 4 
0.0206242 0.0207289 4 
0.0205923 0.0216468 4 
0.0205849 0.0207709 4 
0.0205849 0.0212543 4 
0.0205689 0.0222465 4 
0.0205685 0.0209521 4 
0.0205657 0.0213943 4 
0.0205537 0.0216735 4 
0.0205157 0.0206722 4 
0.0205056 0.0214114 4 
0.0204645 0.0205173 4 
0.0204606 0.0209321 4 
0.0204296 0.0211489 4 
0.0204051 0.0219825 4 
0.0204022 0.0204619 4 
0.0203889 0.0223181 4 
0.020387 0.0223961 4 
0.0203733 0.0213737 4 
0.0203713 0.0212853 4 
0.0203653 0.0209349 4 
0.0203564 0.020612 4 
0.0203386 0.020501 4 
0.0203301 0.0207146 4 
0.0203218 0.0206929 4 
0.0203182 0.0210493 4 
0.0203136 0.0213771 4 
0.0203119 0.0225476 4 
0.0202858 0.0206281 4 
0.0202854 0.0207097 4 
0.0202769 0.021787 4 
0.0202695 0.0213565 4 
0.0202509 0.0205687 4 
0.0202469 0.0209411 4 
0.0202343 0.0220718 4 
0.0202276 0.0202382 4 
0.0202214 0.021149 4 
0.0202081 0.0216735 4 
0.0201959 0.0218926 4 
0.0201934 0.0214621 4 
0.0201788 0.0213979 4 
0.0201687 0.0203755 4 
0.0201676 0.0207133 4 
0.0201629 0.0206959 4 
0.0201479 0.0224454 4 
0.0201374 0.021444 4 
0.0201349 0.0206561 4 
0.0201305 0.0204403 4 
0.0201286 0.0203938 4 
0.0201223 0.0205832 4 
0.020119 0.0217542 4 
0.0201065 0.0203859 4 
0.0200974 0.0215057 4 
0.0200786 0.0202375 4 
0.0200641 0.0223395 4 
0.0200601 0.0225473 4 
0.0200283 0.0205206 4 
0.0200226 0.0214394 4 
0.02002 0.0211379 4 
0.0200178 0.0209521 4 
0.0200115 0.0207146 4 
0.0200111 0.021444 4 
0.0200109 0.0202467 4 
0.0200093 0.0209411 4 
0.0200075 0.0207258 4 
0.0200039 0.020891 4 
0.020001 0.0223395 4 
0.019976 0.021042 4 
0.0199569 0.0219714 4 
0.0199483 0.0219749 4 
0.0199476 0.0224971 4 
0.01994 0.02278 4 
0.0199365 0.0219533 4 
0.0199234 0.0211693 4 
0.0199072 0.0209608 4 
0.0199056 0.0215944 4 
0.0198998 0.0201931 4 
0.0198972 0.021085 4 
0.0198849 0.0201502 4 
0.0198829 0.020295 4 
0.0198771 0.021085 4 
0.0198763 0.0214621 4 
0.0198763 0.0200829 4 
0.0198616 0.0217301 4 
0.01986 0.0206818 4 
0.0198534 0.0213737 4 
0.019843 0.0213928 4 
0.0198395 0.0215189 4 
0.0198336 0.0219381 4 
0.0198206 0.0211958 4 
0.0198179 0.0217054 4 
0.0198005 0.0215779 4 
0.0197947 0.0211145 4 
0.0197895 0.0202506 4 
0.0197858 0.020612 4 
0.0197815 0.0215396 4 
0.0197737 0.0210385 4 
0.0197612 0.0215393 4 
0.0197439 0.0221482 4 
0.0197341 0.0210354 4 
0.019714 0.020618 4 
0.0197067 0.0210869 4 
0.0197037 0.0197315 4 
0.0196984 0.0199404 4 
0.0196977 0.0208883 4 
0.0196743 0.020167 4 
0.0196737 0.021241 4 
0.019669 0.0210666 4 
0.0196638 0.0215208 4 
0.0196552 0.0201223 4 
0.019645 0.0219535 4 
0.0196439 0.021676 4 
0.0196392 0.0220556 4 
0.01963 0.0209521 4 
0.0196122 0.0213411 4 
0.0196088 0.0217244 4 
0.0195688 0.0203408 4 
0.019562 0.0215775 4 
0.0195339 0.0214292 4 
0.019488 0.0213909 4 
0.0194866 0.021444 4 
0.019482 0.0212066 4 
0.0194631 0.0214802 4 
0.0194489 0.0214015 4 
0.0194193 0.0205241 4 
0.0194021 0.0216219 4 
0.0193971 0.0209001 4 
0.0193947 0.0209541 4 
0.0193936 0.0222308 4 
0.0193874 0.0222405 4 
0.0193871 0.0218407 4 
0.0193767 0.0215944 4 
0.0193275 0.0217122 4 
0.0192949 0.0202375 4 
0.0192814 0.0199834 4 
0.0192456 0.0194511 4 
0.0191852 0.020256 4 
0.0191717 0.0214259 4 
0.0191126 0.0209411 4 
0.0190778 0.0195998 4 
0.0190552 0.0205327 4 
0.0190068 0.0220215 4 
0.0189986 0.0213571 4 
0.01897 0.0203309 4 
0.0189282 0.0213064 4 
0.0188401 0.0191394 4 
0.0188174 0.0201502 4 
0.0188033 0.0213429 4 
0.0187951 0.0190881 4 
0.0187926 0.0192442 4 
0.0187731 0.0212803 4 
0.0184163 0.0203408 4 
0.0182455 0.0204676 4 
0.0182153 0.0195278 4 
0.0180484 0.0202496 4 
0.0120517 0.012211 5 
0.0117784 0.0118446 5 
0.0112359 0.0113317 5 
0.0112302 0.0117772 5 
0.011211 0.0114807 5 
0.0111847 0.0112737 5 
0.0111567 0.0112363 5 
0.011116 0.0111609 5 
0.011098 0.0111011 5 
0.0110094 0.0111937 5 
0.01098 0.0110197 5 
0.0109674 0.011095 5 
0.0108644 0.0115062 5 
0.0108523 0.0109624 5 
0.0108372 0.0112737 5 
0.0108194 0.0110496 5 
0.0108168 0.0113464 5 
0.0107802 0.0112293 5 
0.0107772 0.0108692 5 
0.0107473 0.0108146 5 
0.0107158 0.0107265 5 
0.010708 0.0121946 5 
0.0106784 0.0108835 5 
0.010658 0.0106806 5 
0.0106366 0.011614 5 
0.0106358 0.0108704 5 
0.0106264 0.0111716 5 
0.0106241 0.0107173 5 
0.0106135 0.0111438 5 
0.0105968 0.0108168 5 
0.0105821 0.010637 5 
0.0105811 0.0106705 5 
0.010555 0.0110012 5 
0.0105503 0.0107518 5 
0.010532 0.0105964 5 
0.0105238 0.0107669 5 
0.0105133 0.0107805 5 
0.0105069 0.0105962 5 
0.0105054 0.0107894 5 
0.0105018 0.0111255 5 
0.0104924 0.0107636 5 
0.0104811 0.0105032 5 
0.0104576 0.0116243 5 
0.0104504 0.0104531 5 
0.0104429 0.0107624 5 
0.0104398 0.0115971 5 
0.0103914 0.0108411 5 
0.0103903 0.0109254 5 
0.0103822 0.0114077 5 
0.0103745 0.0104893 5 
0.0103667 0.0103689 5 
0.0103662 0.0104987 5 
0.0103446 0.0106737 5 
0.0103409 0.0104482 5 
0.0103383 0.0109035 5 
0.0103379 0.0103589 5 
0.0103374 0.0104721 5 
0.0103332 0.0104721 5 
0.0103255 0.0108101 5 
0.010313 0.0103198 5 
0.0102956 0.0106786 5 
0.0102901 0.0112506 5 
0.0102622 0.0104307 5 
0.0102564 0.0104047 5 
0.01025 0.0106172 5 
0.0102392 0.0102608 5 
0.0102391 0.0103713 5 
0.0102367 0.0103713 5 
0.010229 0.0104872 5 
0.010228 0.0105146 5 
0.0102128 0.0102977 5 
0.010193 0.0108577 5 
0.0101915 0.0103642 5 
0.0101864 0.0109254 5 
0.010186 0.0105032 5 
0.0101668 0.010597 5 
0.0101574 0.0105105 5 
0.0101533 0.0105474 5 
0.0101458 0.010651 5 
0.0101428 0.010774 5 
0.0101398 0.0101836 5 
0.0101305 0.010264 5 
0.010116 0.0107447 5 
0.0101063 0.010624 5 
0.0101034 0.011017 5 
0.0100941 0.0104151 5 
0.010072 0.0107602 5 
0.0100685 0.0106265 5 
0.0100565 0.0102934 5 
0.0100513 0.0113827 5 
0.0100461 0.0111008 5 
0.0100384 0.0107612 5 
0.0100345 0.0108965 5 
0.0100299 0.0102934 5 
0.0100195 0.0104625 5 
0.0100194 0.0108835 5 
0.0100146 0.0103554 5 
0.0100088 0.0105164 5 
0.010007 0.010244 5 
0.0100023 0.0104719 5 
0.0100022 0.0104893 5 
0.00999857 0.0101168 5 
0.00998821 0.0106487 5 
0.00998664 0.0104231 5 
0.00998398 0.0109853 5 
0.0099809 0.0103351 5 
0.00997894 0.0102837 5 
0.00997213 0.0107072 5 
0.00997065 0.0110068 5 
0.00994862 0.0109853 5 
0.00994474 0.010076 5 
0.00994307 0.0102194 5 
0.00994159 0.0104041 5 
0.00994121 0.0107188 5 
0.00993988 0.0106464 5 
0.00993813 0.0108888 5 
0.00993581 0.0104625 5 
0.00993347 0.0104429 5 
0.00992434 0.0102082 5 
0.00991802 0.0102627 5 
0.00991646 0.0110734 5 
0.00990843 0.0109955 5 
0.00990424 0.0103081 5 
0.00990364 0.0105653 5 
0.00990279 0.011721 5 
0.00987601 0.01038 5 
0.00987127 0.0100599 5 
0.00987115 0.00990782 5 
0.00987091 0.0101168 5 
0.00985502 0.0107173 5 
0.00985349 0.00987213 5 
0.00983927 0.00989427 5 
0.00983803 0.0105027 5 
0.00983508 0.010236 5 
0.00982971 0.0102312 5 
0.00982613 0.0105145 5 
0.00980674 0.0106225 5 
0.00980468 0.00980496 5 
0.00980431 0.0103645 5 
0.00979372 0.0108089 5 
0.00979224 0.0105164 5 
0.00979034 0.0109242 5 
0.00978884 0.010109 5 
0.00978266 0.0104429 5 
0.00977806 0.0109524 5 
0.00977737 0.0105117 5 
0.00977701 0.0104891 5 
0.00977592 0.0105667 5 
0.00977399 0.0100647 5 
0.00977274 0.0104311 5 
0.00976319 0.0105595 5 
0.00975326 0.0106949 5 
0.00974774 0.0102312 5 
0.0097416 0.0100113 5 
0.00973411 0.0106689 5 
0.00973355 0.0101757 5 
0.00973009 0.0104743 5 
0.00970343 0.0111255 5 
0.00970075 0.0097856 5 
0.00969715 0.0105032 5 
0.00969322 0.0101757 5 
0.00968602 0.0105206 5 
0.00966829 0.0101277 5 
0.00965915 0.00983887 5 
0.00965266 0.0105255 5 
0.00964068 0.010368 5 
0.00963971 0.0104438 5 
0.00963913 0.0103617 5 
0.00963419 0.0104277 5 
0.00961285 0.0103081 5 
0.00961202 0.0100948 5 
0.00959374 0.00972695 5 
0.00958769 0.0105092 5 
0.00958518 0.0105138 5 
0.00957672 0.0107624 5 
0.00956522 0.0105256 5 
0.00955137 0.0101186 5 
0.00954598 0.0105418 5 
0.00953117 0.0107625 5 
0.00951242 0.0107049 5 
0.00950043 0.00976201 5 
0.00949907 0.0111008 5 
0.00949446 0.00965297 5 
0.00949262 0.00979719 5 
0.00948901 0.0104893 5 
0.00948771 0.010639 5 
0.00948709 0.00956891 5 
0.0094763 0.0105146 5 
0.00947546 0.0095819 5 
0.00946136 0.0106004 5 
0.00946042 0.0105092 5 
0.0094443 0.0110161 5 
0.00943368 0.00980696 5 
0.00940909 0.0100473 5 
0.00940617 0.0103269 5 
0.00940007 0.011155 5 
0.0093716 0.0105146 5 
0.00936814 0.0105216 5 
0.00927589 0.0101029 5 
0.00926423 0.0107173 5 
0.00924974 0.0103063 5 
0.0092452 0.00974211 5 
0.00922883 0.00972024 5 
0.00916493 0.0104233 5 
0.00916266 0.00943662 5 
0.00910832 0.0105207 5 
0.0090006 0.00942591 5 
0.00897167 0.00981698 5 
0.00884664 0.00951839 5 
0.00882257 0.010009 5 
0.00868357 0.00971152 5 
0.00582904 0.006034 6 
0.00575652 0.0057738 6 
0.00571082 0.00574779 6 
0.00570507 0.00575782 6 
0.00565582 0.00597043 6 
0.00565351 0.00572275 6 
0.00561337 0.00575645 6 
0.0056071 0.00572611 6 
0.00559784 0.00571083 6 
0.00549296 0.00562811 6 
0.00547932 0.00550974 6 
0.00545714 0.0056739 6 
0.00545353 0.0061288 6 
0.00543659 0.00544092 6 
0.00541831 0.00545456 6 
0.00541172 0.00546256 6 
0.00538646 0.00577771 6 
0.00538639 0.00546319 6 
0.00537415 0.00544225 6 
0.00536002 0.00559943 6 
0.00535336 0.00588624 6 
0.00533202 0.00588293 6 
0.00532837 0.00534815 6 
0.00530689 0.00543808 6 
0.00529875 0.00533172 6 
0.00529202 0.00545346 6 
0.00528982 0.00535682 6 
0.00528023 0.00574718 6 
0.00527825 0.00547113 6 
0.00527405 0.00549668 6 
0.00527337 0.00536107 6 
0.00526094 0.0053388 6 
0.00526071 0.0053673 6 
0.00526011 0.00550732 6 
0.00525199 0.00535422 6 
0.00524506 0.00529274 6 
0.00524184 0.00536202 6 
0.00524028 0.00536902 6 
0.00523984 0.00562789 6 
0.0052339 0.00536836 6 
0.00523352 0.00531443 6 
0.00522514 0.00529274 6 
0.00522506 0.00539885 6 
0.00522313 0.00545077 6 
0.0052208 0.00545476 6 
0.00521649 0.00545476 6 
0.00520867 0.00552649 6 
0.00520305 0.00536218 6 
0.00519997 0.00556852 6 
0.00519658 0.00535643 6 
0.00519552 0.00522797 6 
0.00519536 0.00553569 6 
0.00519255 0.00521011 6 
0.00518653 0.00522679 6 
0.00517383 0.00526783 6 
0.00517086 0.00548698 6 
0.00516047 0.00525428 6 
0.00514908 0.00543948 6 
0.00513688 0.00526507 6 
0.00513494 0.00525333 6 
0.00513372 0.00538131 6 
0.00512969 0.00607673 6 
0.00511935 0.00531129 6 
0.00511475 0.00550732 6 
0.00510701 0.0052596 6 
0.00510377 0.00530476 6 
0.00510131 0.0054312 6 
0.00509898 0.0053132 6 
0.00509454 0.00552719 6 
0.00509264 0.00536542 6 
0.00509093 0.00537867 6 
0.00508841 0.00556143 6 
0.00508465 0.00537333 6 
0.00507902 0.00534078 6 
0.00507543 0.00551128 6 
0.00507427 0.00532675 6 
0.00507011 0.00522679 6 
0.00506478 0.00574818 6 
0.00506216 0.00550515 6 
0.00506038 0.00525609 6 
0.00505895 0.00546411 6 
0.00505379 0.00517316 6 
0.00504952 0.00517983 6 
0.00504912 0.00522487 6 
0.00504295 0.00550515 6 
0.00504144 0.00560227 6 
0.0050337 0.00525959 6 
0.0050336 0.00524435 6 
0.00503324 0.00561177 6 
0.00503303 0.0050824 6 
0.00503127 0.00534017 6 
0.00503103 0.00506338 6 
0.00502966 0.00540322 6 
0.00502586 0.00522145 6 
0.00502372 0.00504963 6 
0.00501912 0.00536569 6 
0.00501823 0.00517142 6 
0.00501756 0.00506037 6 
0.00500552 0.00536218 6 
0.00498787 0.00553991 6 
0.00498674 0.00512833 6 
0.00498284 0.00540322 6 
0.00497499 0.00508986 6 
0.00497376 0.00530257 6 
0.00496423 0.00501538 6 
0.0049636 0.00496698 6 
0.00496283 0.00521387 6 
0.00495255 0.00549846 6 
0.00495017 0.00516816 6 
0.00494789 0.0052204 6 
0.00494155 0.00513661 6 
0.00494091 0.00544222 6 
0.00493477 0.00502708 6 
0.00493303 0.00517541 6 
0.00493165 0.00521346 6 
0.0049309 0.00504178 6 
0.00492842 0.00507923 6 
0.00492073 0.00525139 6 
0.00491938 0.00517543 6 
0.00491456 0.00531655 6 
0.00491436 0.00496253 6 
0.00491232 0.00541446 6 
0.00490467 0.00518811 6 
0.00490198 0.00531129 6 
0.0049018 0.00528332 6 
0.00489505 0.00545568 6 
0.00488979 0.00507252 6 
0.00488839 0.00540163 6 
0.00488159 0.00491768 6 
0.00488054 0.00521751 6 
0.00487834 0.00549668 6 
0.00487575 0.00491768 6 
0.00487333 0.00494224 6 
0.00487136 0.00489199 6 
0.00487092 0.00546812 6 
0.00487078 0.00525428 6 
0.00485952 0.0048785 6 
0.0048521 0.00517231 6 
0.00485073 0.00521194 6 
0.00484934 0.00532603 6 
0.00484474 0.00509403 6 
0.00483576 0.00517543 6 
0.00483028 0.00520666 6 
0.00482116 0.00483948 6 
0.0048209 0.00503334 6 
0.00481551 0.00540785 6 
0.00481527 0.00527815 6 
0.00481341 0.00527863 6 
0.00481099 0.00518393 6 
0.00479785 0.00521011 6 
0.00479375 0.00484198 6 
0.00479364 0.00547106 6 
0.00479018 0.00496253 6 
0.0047893 0.00520666 6 
0.00477941 0.00530257 6 
0.00477586 0.00509245 6 
0.00477119 0.00506543 6 
0.00476882 0.00490655 6 
0.00476368 0.00504152 6 
0.00476065 0.00489304 6 
0.00475539 0.00521879 6 
0.0047433 0.00496474 6 
0.00473833 0.00530214 6 
0.00473668 0.00561144 6 
0.00473668 0.00530257 6 
0.00472629 0.00481467 6 
0.00472121 0.00474227 6 
0.00471541 0.00524311 6 
0.00471515 0.00490022 6 
0.00471397 0.00527503 6 
0.00470865 0.00552764 6 
0.00470555 0.00485754 6 
0.00470196 0.0052596 6 
0.00469487 0.00554116 6 
0.00468523 0.00540902 6 
0.00468069 0.00525903 6 
0.00466786 0.00525164 6 
0.00465973 0.00467356 6 
0.00464461 0.00531357 6 
0.00463364 0.00481451 6 
0.00461772 0.004999 6 
0.00460485 0.00473566 6 
0.00459445 0.00510632 6 
0.00459169 0.00508113 6 
0.00457061 0.0045965 6 
0.00454576 0.00493055 6 
0.00450795 0.0052963 6 
0.00447107 0.00471596 6 
0.0044086 0.00472737 6 
0.00439764 0.00489014 6 
0.00436178 0.00498659 6 
0.00427891 0.00474051 6 
0.0030649 0.00308107 7 
0.00297841 0.00310809 7 
0.00294776 0.00296111 7 
0.00294266 0.00300582 7 
0.00294181 0.00294886 7 
0.00293186 0.00293266 7 
0.00292781 0.00293683 7 
0.00283971 0.00295973 7 
0.00283706 0.00286611 7 
0.00281394 0.0031214 7 
0.00279946 0.00282859 7 
0.00279093 0.00298667 7 
0.0027627 0.00277726 7 
0.00276264 0.00297835 7 
0.0027549 0.00295175 7 
0.00274476 0.00291678 7 
0.00273054 0.00278103 7 
0.00272987 0.00274562 7 
0.0027279 0.0027837 7 
0.00272265 0.0027675 7 
0.00272091 0.00283383 7 
0.00271937 0.00287851 7 
0.00271378 0.00293683 7 
0.00271254 0.00283476 7 
0.00270349 0.00315249 7 
0.00270284 0.00285529 7 
0.00270074 0.00274793 7 
0.00270054 0.00276982 7 
0.00269934 0.00275783 7 
0.00269473 0.00287684 7 
0.00269434 0.00271885 7 
0.00269216 0.00279122 7 
0.00268536 0.00278973 7 
0.00268196 0.00275865 7 
0.00268193 0.00273419 7 
0.00267959 0.00279496 7 
0.00267918 0.00274793 7 
0.0026752 0.00270577 7 
0.0026716 0.00267462 7 
0.00266919 0.00273678 7 
0.00266891 0.00271544 7 
0.00266699 0.00287684 7 
0.0026651 0.00280552 7 
0.00266493 0.00271524 7 
0.00265718 0.0027675 7 
0.00265524 0.00276958 7 
0.00265304 0.00265959 7 
0.00265241 0.00267227 7 
0.00265031 0.0028342 7 
0.00264414 0.00278393 7 
0.00264252 0.0027054 7 
0.00264182 0.00280174 7 
0.0026411 0.00267801 7 
0.00263631 0.00283793 7 
0.00261967 0.00274364 7 
0.00261835 0.00280053 7 
0.00261525 0.00275826 7 
0.00261237 0.00283934 7 
0.00261036 0.00280067 7 
0.00260901 0.00268619 7 
0.00260722 0.00286445 7 
0.00260196 0.00275505 7 
0.00260035 0.00273419 7 
0.00260028 0.00262115 7 
0.00259903 0.00280067 7 
0.00259348 0.00260794 7 
0.00259108 0.00277987 7 
0.00258973 0.00265961 7 
0.00258802 0.00297601 7 
0.00258576 0.00284398 7 
0.00258453 0.00272103 7 
0.00258133 0.00267801 7 
0.00258015 0.00265974 7 
0.00257954 0.00277237 7 
0.00257952 0.00275946 7 
0.00257445 0.00265411 7 
0.00257024 0.00265961 7 
0.0025698 0.00266901 7 
0.00256563 0.00273642 7 
0.00256341 0.00263918 7 
0.00256198 0.00260618 7 
0.00255734 0.00256351 7 
0.00255619 0.00263303 7 
0.00255467 0.00287966 7 
0.00255367 0.00257057 7 
0.00254651 0.00267462 7 
0.002541 0.00254906 7 
0.00254061 0.00265532 7 
0.0025364 0.00267227 7 
0.00253357 0.00275964 7 
0.00252927 0.00259783 7 
0.00252871 0.00267166 7 
0.00252718 0.00262201 7 
0.00252713 0.00255439 7 
0.00252688 0.00265831 7 
0.00252121 0.00274279 7 
0.0025195 0.00276767 7 
0.00251479 0.00255228 7 
0.00251192 0.00259904 7 
0.00250937 0.00260641 7 
0.00250528 0.00257378 7 
0.00250398 0.00266893 7 
0.00250209 0.00256508 7 
0.0024989 0.00281937 7 
0.00249861 0.00252372 7 
0.0024981 0.00269729 7 
0.0024973 0.00252231 7 
0.00249647 0.0026835 7 
0.00249377 0.00266729 7 
0.00249336 0.0027609 7 
0.00249166 0.00268131 7 
0.00249134 0.00256508 7 
0.00248985 0.00262295 7 
0.00248586 0.00251764 7 
0.00248564 0.00249009 7 
0.00248475 0.00262211 7 
0.00248406 0.00271544 7 
0.00248227 0.00275865 7 
0.00247955 0.00274562 7 
0.00247668 0.00263231 7 
0.00247364 0.0027499 7 
0.00246763 0.00263231 7 
0.00246663 0.00275338 7 
0.00246593 0.00261728 7 
0.00245892 0.00268161 7 
0.0024588 0.00271544 7 
0.00245501 0.00270634 7 
0.00244712 0.00266159 7 
0.00244593 0.00255658 7 
0.00244575 0.00259875 7 
0.00243879 0.0027292 7 
0.00243537 0.00258154 7 
0.00242946 0.0027028 7 
0.00242807 0.00244233 7 
0.00242462 0.00246505 7 
0.00242255 0.00252405 7 
0.0024222 0.00266893 7 
0.00242139 0.00266341 7 
0.00241989 0.00273064 7 
0.00241834 0.00281843 7 
0.00241692 0.00249629 7 
0.00240383 0.002548 7 
0.00240024 0.0028451 7 
0.00239763 0.00249914 7 
0.00239695 0.00287478 7 
0.00239565 0.00248009 7 
0.00239556 0.00257049 7 
0.00239087 0.00262034 7 
0.00239078 0.00244401 7 
0.00238472 0.00265964 7 
0.00238343 0.00242073 7 
0.00238219 0.00239791 7 
0.00238103 0.00239545 7 
0.00237855 0.00266522 7 
0.00237093 0.00269996 7 
0.00236633 0.0027827 7 
0.00236468 0.00264339 7 
0.00235613 0.00263417 7 
0.00235074 0.00267467 7 
0.00235053 0.00254397 7 
0.0023426 0.00250851 7 
0.00233692 0.00248145 7 
0.00232745 0.00234561 7 
0.00232218 0.00253569 7 
0.00230475 0.00250268 7 
0.00230127 0.0023425 7 
0.00230087 0.00257719 7 
0.00226777 0.00272886 7 
0.00226764 0.00239714 7 
0.00224691 0.00241235 7 
0.00222377 0.00251244 7 
0.00219205 0.00254291 7 
0.00215805 0.00234488 7 
0.0015812 0.00160485 8 
0.00155813 0.00159281 8 
0.00151371 0.00151734 8 
0.00149226 0.00155981 8 
0.00147166 0.00153266 8 
0.00146822 0.00160864 8 
0.00145052 0.00152504 8 
0.00144232 0.00164533 8 
0.00144105 0.00144858 8 
0.00143974 0.00149558 8 
0.00143504 0.00146982 8 
0.00142327 0.00145797 8 
0.00142151 0.00151791 8 
0.00142051 0.00148149 8 
0.00141944 0.00154659 8 
0.00141306 0.00144487 8 
0.00141051 0.00145116 8 
0.00141019 0.00142342 8 
0.00140823 0.00146564 8 
0.00140657 0.00151734 8 
0.00139895 0.00140389 8 
0.00139763 0.00144075 8 
0.00139739 0.0014613 8 
0.00139643 0.00143935 8 
0.0013934 0.00140604 8 
0.00139173 0.00142798 8 
0.00138987 0.00140846 8 
0.00138913 0.00147871 8 
0.001388 0.00141185 8 
0.00138662 0.00139645 8 
0.00138613 0.00146232 8 
0.00138455 0.00141215 8 
0.00138177 0.00139986 8 
0.00138074 0.00138222 8 
0.00137413 0.00145497 8 
0.00137055 0.00138029 8 
0.00136673 0.00142272 8 
0.00136623 0.00147721 8 
0.00136452 0.00144222 8 
0.00136312 0.0014881 8 
0.00136191 0.0013827 8 
0.00136181 0.00142638 8 
0.00136177 0.00144051 8 
0.00136146 0.00138029 8 
0.00136089 0.00143935 8 
0.00135944 0.00139309 8 
0.00135898 0.00140232 8 
0.00135629 0.00144537 8 
0.00135605 0.00147512 8 
0.00135277 0.00136576 8 
0.0013452 0.0014327 8 
0.00134144 0.00142862 8 
0.00133994 0.00136881 8 
0.00133984 0.00141343 8 
0.00133928 0.00145439 8 
0.00133554 0.00134217 8 
0.00133486 0.00136881 8 
0.0013309 0.00134716 8 
0.00133072 0.00135329 8 
0.00133056 0.00136104 8 
0.00132849 0.0013946 8 
0.00132633 0.00137539 8 
0.0013256 0.00143018 8 
0.00132554 0.00147322 8 
0.00132134 0.00149483 8 
0.00132133 0.00134895 8 
0.00131893 0.00134366 8 
0.00131863 0.00137422 8 
0.00131803 0.00134216 8 
0.00131574 0.00136271 8 
0.00131239 0.00135686 8 
0.00131182 0.00131632 8 
0.0013117 0.00137262 8 
0.00131103 0.00152922 8 
0.00131077 0.00133353 8 
0.00130972 0.00131803 8 
0.00130638 0.0013233 8 
0.00130402 0.00132804 8 
0.00130213 0.00140748 8 
0.00129956 0.00143603 8 
0.00129869 0.00135646 8 
0.00129855 0.00134366 8 
0.00129791 0.00144102 8 
0.0012971 0.0013916 8 
0.00129624 0.00139027 8 
0.0012934 0.00133362 8 
0.00129306 0.00137826 8 
0.00129267 0.00130529 8 
0.00129167 0.00132858 8 
0.00128808 0.00131489 8 
0.00128728 0.00138029 8 
0.00128683 0.00134346 8 
0.0012858 0.00143451 8 
0.00128511 0.00129231 8 
0.00128146 0.00132806 8 
0.00128008 0.00133221 8 
0.00127837 0.00134554 8 
0.00127821 0.00140515 8 
0.00127788 0.00140543 8 
0.00127707 0.00136713 8 
0.00127662 0.00137155 8 
0.00127538 0.00138168 8 
0.00127435 0.00142649 8 
0.00127392 0.00139575 8 
0.00127325 0.00135258 8 
0.00127157 0.0012755 8 
0.00127015 0.00139386 8 
0.00126865 0.00130658 8 
0.00126841 0.00138356 8 
0.0012676 0.00140188 8 
0.00126491 0.0012755 8 
0.00126358 0.00142243 8 
0.00126087 0.00135258 8 
0.0012603 0.00145542 8 
0.0012524 0.00136967 8 
0.00125236 0.00135646 8 
0.00125131 0.00130666 8 
0.00125097 0.00132746 8 
0.00124928 0.00129492 8 
0.0012492 0.0013916 8 
0.00124113 0.00125946 8 
0.00123512 0.00147281 8 
0.00123506 0.00130533 8 
0.001234 0.0012437 8 
0.0012329 0.00125304 8 
0.00123257 0.00146455 8 
0.00123176 0.00127923 8 
0.00123132 0.00127142 8 
0.00122837 0.00136607 8 
0.00122776 0.00124054 8 
0.00122729 0.00140401 8 
0.00122628 0.00138004 8 
0.00122416 0.00123507 8 
0.00122222 0.00125934 8 
0.00122066 0.00136998 8 
0.00121804 0.00123677 8 
0.00121556 0.00132746 8 
0.0012134 0.00131632 8 
0.00120453 0.00132746 8 
0.00120301 0.00131342 8 
0.0012 0.00128272 8 
0.00119519 0.00133976 8 
0.00119305 0.00127722 8 
0.0011898 0.00127351 8 
0.00118825 0.00137799 8 
0.00118708 0.0013636 8 
0.00118623 0.00121946 8 
0.00118128 0.00133483 8 
0.00117869 0.00128998 8 
0.00117556 0.00126986 8 
0.00117471 0.00141046 8 
0.00117377 0.00120678 8 
0.00116651 0.00123331 8 
0.00116251 0.00125946 8 
0.00113896 0.00130375 8 
0.00111534 0.00130412 8 
0.00110226 0.00117197 8 
0.000848305 0.000849223 9 
0.000830473 0.000850144 9 
0.000790079 0.00082855 9 
0.000782726 0.00081403 9 
0.000776245 0.000855054 9 
0.000773453 0.00086654 9 
0.000770008 0.000788416 9 
0.000769762 0.000782302 9 
0.00076231 0.0007674 9 
0.000754473 0.000768778 9 
0.000752347 0.000771111 9 
0.000747463 0.000770262 9 
0.000743132 0.00078666 9 
0.000740106 0.000767178 9 
0.00073975 0.000759802 9 
0.000738529 0.000772403 9 
0.000737311 0.000743413 9 
0.000735635 0.000807718 9 
0.000733794 0.000790726 9 
0.000731693 0.00073769 9 
0.000724161 0.000732603 9 
0.00072366 0.000734364 9 
0.000723289 0.000767363 9 
0.000721814 0.000721843 9 
0.000721021 0.000750039 9 
0.000719601 0.000765486 9 
0.000717115 0.000765384 9 
0.00071572 0.00073487 9 
0.000715428 0.000748326 9 
0.00071443 0.000768206 9 
0.000713934 0.000733678 9 
0.000710748 0.000714209 9 
0.000710412 0.000723832 9 
0.000710083 0.000754307 9 
0.000710015 0.000721682 9 
0.000709288 0.000739344 9 
0.000704939 0.000710502 9 
0.000703162 0.000750222 9 
0.000702259 0.000769136 9 
0.000701771 0.000725995 9 
0.000700244 0.000740039 9 
0.000699281 0.000722488 9 
0.000698712 0.000705026 9 
0.000698619 0.000702285 9 
0.000697712 0.00070202 9 
0.000695931 0.000767458 9 
0.000694584 0.000699248 9 
0.000692986 0.000783004 9 
0.00069196 0.000753868 9 
0.000691493 0.000698108 9 
0.000690432 0.000714445 9 
0.000689229 0.000690581 9 
0.00068916 0.000721682 9 
0.000688758 0.00070202 9 
0.000687404 0.000714381 9 
0.000684967 0.000700476 9 
0.000680603 0.000712644 9 
0.000680452 0.000737441 9 
0.00067995 0.000680965 9 
0.000678672 0.00071839 9 
0.000678414 0.000694144 9 
0.000678189 0.000791314 9 
0.000677148 0.000755045 9 
0.000676507 0.000771111 9 
0.000676216 0.000748421 9 
0.000675189 0.000702584 9 
0.00067505 0.000725212 9 
0.000674027 0.000692695 9 
0.00067394 0.000681913 9 
0.000673332 0.000680876 9 
0.000671897 0.000726814 9 
0.000671546 0.000712644 9 
0.000671503 0.000684107 9 
0.000671449 0.00069253 9 
0.000670901 0.000680965 9 
0.000669663 0.000679198 9 
0.000669077 0.000702744 9 
0.000668995 0.000703038 9 
0.000667224 0.000726836 9 
0.000666654 0.000744428 9 
0.000665882 0.000682876 9 
0.000663085 0.000671812 9 
0.000662662 0.000696258 9 
0.000662569 0.000759427 9 
0.00066249 0.000698646 9 
0.000662146 0.000739871 9 
0.00066106 0.000732368 9 
0.000660419 0.000720182 9 
0.000660077 0.000719264 9 
0.000659115 0.000714517 9 
0.000658821 0.000743857 9 
0.000658776 0.000712245 9 
0.000658026 0.000666962 9 
0.000653893 0.000702281 9 
0.000653585 0.000695957 9 
0.000653581 0.000683104 9 
0.000652138 0.000663827 9 
0.000648188 0.000708073 9 
0.000648083 0.000721573 9 
0.000648074 0.000700848 9 
0.000645539 0.000770828 9 
0.000644975 0.00067254 9 
0.000644311 0.000670377 9 
0.000643486 0.000712208 9 
0.00064203 0.000663442 9 
0.000640961 0.000712006 9 
0.000640036 0.000765601 9 
0.000636042 0.000644924 9 
0.000632872 0.000667804 9 
0.000632454 0.000653895 9 
0.000630625 0.000707572 9 
0.000629395 0.000634311 9 
0.00062763 0.000707471 9 
0.000623904 0.000662213 9 
0.000623748 0.000670355 9 
0.000623744 0.000658385 9 
0.000623604 0.000678332 9 
0.000622835 0.000684814 9 
0.000622295 0.00067254 9 
0.000620997 0.000626825 9 
0.000619039 0.000679471 9 
0.000616975 0.000715581 9 
0.000614929 0.000638872 9 
0.000613997 0.000686453 9 
0.000609998 0.000638418 9 
0.000609963 0.000645812 9 
0.000608357 0.000645516 9 
0.000605216 0.000626674 9 
0.000604024 0.000663827 9 
0.000604008 0.000640549 9 
0.000603952 0.000728137 9 
0.000598372 0.000705098 9 
0.000597699 0.000655474 9 
0.000597031 0.000661109 9 
0.000589039 0.000672752 9 
0.00057347 0.00067615 9 
0.000568531 0.000590735 9 
0.000548639 0.000549909 9 
