0.523641 0.543011 0 
0.523579 0.543046 0 
0.523429 0.540082 0 
0.523342 0.538933 0 
0.523208 0.543818 0 
0.522969 0.540065 0 
0.522812 0.543368 0 
0.522733 0.544371 0 
0.522557 0.540068 0 
0.52246 0.540287 0 
0.52231 0.544091 0 
0.522245 0.544856 0 
0.522149 0.536949 0 
0.522122 0.540899 0 
0.522091 0.546313 0 
0.521958 0.542705 0 
0.521922 0.544091 0 
0.52184 0.542705 0 
0.521819 0.545482 0 
0.521769 0.545139 0 
0.521624 0.543041 0 
0.521404 0.535938 0 
0.521378 0.543747 0 
0.521378 0.547204 0 
0.521371 0.543376 0 
0.521247 0.545008 0 
0.521239 0.544895 0 
0.521187 0.545229 0 
0.521084 0.542467 0 
0.521043 0.542106 0 
0.520811 0.54327 0 
0.520795 0.538231 0 
0.520767 0.537986 0 
0.520723 0.544339 0 
0.520713 0.546076 0 
0.520653 0.541885 0 
0.520598 0.543109 0 
0.520462 0.541476 0 
0.520301 0.521661 0 
0.520294 0.541926 0 
0.520288 0.536531 0 
0.520193 0.54237 0 
0.520128 0.541897 0 
0.520049 0.537636 0 
0.520033 0.537986 0 
0.519894 0.54501 0 
0.519811 0.541074 0 
0.519711 0.54209 0 
0.519676 0.542841 0 
0.51967 0.538933 0 
0.519568 0.547055 0 
0.519529 0.537658 0 
0.519471 0.53942 0 
0.519458 0.543593 0 
0.519376 0.542423 0 
0.51936 0.535348 0 
0.519353 0.541399 0 
0.519317 0.5423 0 
0.51931 0.53897 0 
0.519288 0.519494 0 
0.519276 0.545682 0 
0.519272 0.540065 0 
0.519256 0.519264 0 
0.519097 0.545171 0 
0.518954 0.543239 0 
0.518924 0.543613 0 
0.518916 0.542502 0 
0.518906 0.53897 0 
0.518886 0.541399 0 
0.518884 0.543239 0 
0.518876 0.541129 0 
0.518855 0.543384 0 
0.518846 0.54135 0 
0.518508 0.540034 0 
0.518487 0.542316 0 
0.518474 0.545929 0 
0.518426 0.540068 0 
0.518369 0.54023 0 
0.518324 0.542738 0 
0.518298 0.541939 0 
0.518212 0.543526 0 
0.518115 0.518503 0 
0.518061 0.542116 0 
0.518037 0.53942 0 
0.517974 0.541603 0 
0.517951 0.545806 0 
0.517913 0.518703 0 
0.517885 0.541896 0 
0.517876 0.543615 0 
0.517854 0.521752 0 
0.517806 0.544345 0 
0.517767 0.542336 0 
0.517642 0.538933 0 
0.517603 0.546058 0 
0.517592 0.54007 0 
0.517539 0.543695 0 
0.517279 0.541725 0 
0.517126 0.543239 0 
0.517105 0.517961 0 
0.517064 0.517742 0 
0.517014 0.518058 0 
0.516973 0.539011 0 
0.51696 0.517167 0 
0.516927 0.546538 0 
0.516913 0.543801 0 
0.516805 0.545958 0 
0.516804 0.535938 0 
0.516797 0.517344 0 
0.516796 0.541896 0 
0.516708 0.518046 0 
0.516695 0.542316 0 
0.516688 0.542098 0 
0.516671 0.519052 0 
0.516651 0.544438 0 
0.516643 0.543285 0 
0.516625 0.54275 0 
0.516617 0.517259 0 
0.516547 0.521661 0 
0.516503 0.544412 0 
0.516443 0.543695 0 
0.516375 0.517797 0 
0.516298 0.545716 0 
0.51629 0.541897 0 
0.516276 0.518222 0 
0.516201 0.54135 0 
0.516198 0.542221 0 
0.516195 0.517598 0 
0.516192 0.518738 0 
0.51619 0.518381 0 
0.516087 0.542106 0 
0.516046 0.538933 0 
0.516017 0.516648 0 
0.515999 0.544817 0 
0.515993 0.544965 0 
0.515878 0.517078 0 
0.515861 0.52137 0 
0.515834 0.517586 0 
0.515722 0.541807 0 
0.515701 0.535348 0 
0.515694 0.540899 0 
0.515653 0.542462 0 
0.515605 0.536949 0 
0.515602 0.542435 0 
0.515555 0.516273 0 
0.515497 0.542482 0 
0.515495 0.53942 0 
0.515477 0.516651 0 
0.515469 0.544686 0 
0.515459 0.516354 0 
0.515441 0.544415 0 
0.515326 0.522315 0 
0.51525 0.540068 0 
0.515152 0.518847 0 
0.51511 0.543196 0 
0.515106 0.541399 0 
0.515088 0.52133 0 
0.515072 0.544405 0 
0.515002 0.542738 0 
0.514926 0.515541 0 
0.514917 0.516029 0 
0.514881 0.539011 0 
0.514877 0.542705 0 
0.514864 0.542784 0 
0.514842 0.54209 0 
0.51482 0.520766 0 
0.51474 0.540687 0 
0.51469 0.518351 0 
0.514687 0.515473 0 
0.514656 0.516113 0 
0.514644 0.516626 0 
0.514578 0.542371 0 
0.514568 0.539011 0 
0.514519 0.541053 0 
0.514493 0.543551 0 
0.514424 0.518678 0 
0.514416 0.51576 0 
0.514379 0.518014 0 
0.514337 0.543711 0 
0.514281 0.519116 0 
0.514247 0.541885 0 
0.514231 0.537944 0 
0.514225 0.517605 0 
0.514225 0.540687 0 
0.514195 0.548364 0 
0.514189 0.520176 0 
0.514171 0.541074 0 
0.514162 0.544476 0 
0.514156 0.53942 0 
0.514142 0.51872 0 
0.513992 0.535348 0 
0.513982 0.515388 0 
0.513867 0.540724 0 
0.513814 0.516074 0 
0.513795 0.54241 0 
0.51378 0.51566 0 
0.513728 0.516841 0 
0.513682 0.515162 0 
0.513652 0.543695 0 
0.513646 0.542743 0 
0.513644 0.541476 0 
0.513602 0.547642 0 
0.513568 0.539759 0 
0.513559 0.513827 0 
0.513504 0.542647 0 
0.513486 0.540687 0 
0.513431 0.514327 0 
0.51338 0.542784 0 
0.51327 0.515716 0 
0.513258 0.542738 0 
0.513225 0.516488 0 
0.513196 0.542006 0 
0.513091 0.515175 0 
0.512928 0.542032 0 
0.512846 0.514993 0 
0.512838 0.542743 0 
0.512817 0.513517 0 
0.512764 0.544344 0 
0.512658 0.540173 0 
0.512656 0.515891 0 
0.512629 0.516051 0 
0.512614 0.51566 0 
0.512605 0.542076 0 
0.512592 0.54135 0 
0.512579 0.519904 0 
0.512535 0.541399 0 
0.512506 0.521248 0 
0.512483 0.51872 0 
0.51247 0.544707 0 
0.512451 0.541885 0 
0.512448 0.514427 0 
0.512435 0.516722 0 
0.512426 0.540173 0 
0.512349 0.541546 0 
0.512338 0.51701 0 
0.512316 0.544391 0 
0.512315 0.542076 0 
0.512301 0.518264 0 
0.512286 0.517918 0 
0.51228 0.515071 0 
0.512278 0.544271 0 
0.512251 0.541621 0 
0.512216 0.542032 0 
0.512174 0.516369 0 
0.51213 0.541489 0 
0.512062 0.521922 0 
0.511972 0.515228 0 
0.511908 0.541129 0 
0.511818 0.54135 0 
0.511799 0.512594 0 
0.511795 0.542827 0 
0.511765 0.512644 0 
0.511664 0.54135 0 
0.511635 0.540034 0 
0.511633 0.517001 0 
0.511621 0.513526 0 
0.511549 0.515032 0 
0.511495 0.512353 0 
0.511491 0.513446 0 
0.511449 0.515528 0 
0.511446 0.54251 0 
0.51143 0.519149 0 
0.511428 0.544412 0 
0.511381 0.516509 0 
0.511217 0.54347 0 
0.511207 0.514817 0 
0.511198 0.542462 0 
0.511109 0.516687 0 
0.511088 0.512526 0 
0.511082 0.516929 0 
0.511041 0.517071 0 
0.511004 0.541926 0 
0.510999 0.515438 0 
0.510984 0.518811 0 
0.510966 0.542293 0 
0.510924 0.537986 0 
0.510856 0.544605 0 
0.510831 0.542316 0 
0.510826 0.542221 0 
0.510808 0.513638 0 
0.510751 0.540883 0 
0.510718 0.519094 0 
0.5107 0.541394 0 
0.51068 0.543182 0 
0.510536 0.54657 0 
0.510446 0.542032 0 
0.510416 0.542106 0 
0.510359 0.512109 0 
0.510353 0.547813 0 
0.510262 0.512109 0 
0.510247 0.515203 0 
0.510162 0.542508 0 
0.510119 0.54023 0 
0.510106 0.542293 0 
0.510105 0.544252 0 
0.510101 0.542189 0 
0.51007 0.54327 0 
0.510043 0.542777 0 
0.51 0.54007 0 
0.509863 0.542784 0 
0.509846 0.537944 0 
0.509838 0.512083 0 
0.509801 0.510264 0 
0.509757 0.510049 0 
0.509693 0.542627 0 
0.509675 0.544155 0 
0.509565 0.543239 0 
0.509528 0.543515 0 
0.509492 0.543369 0 
0.509379 0.543515 0 
0.50932 0.53734 0 
0.508925 0.544867 0 
0.508862 0.509905 0 
0.508757 0.512835 0 
0.508754 0.545084 0 
0.508472 0.543642 0 
0.507331 0.509905 0 
0.223198 0.232309 1 
0.22306 0.22902 1 
0.222971 0.234237 1 
0.222607 0.223558 1 
0.222474 0.227887 1 
0.222458 0.226241 1 
0.222074 0.23081 1 
0.221712 0.226721 1 
0.22171 0.227502 1 
0.221472 0.229117 1 
0.221438 0.229557 1 
0.221263 0.229789 1 
0.220941 0.224695 1 
0.220867 0.228944 1 
0.220853 0.228903 1 
0.220811 0.2303 1 
0.220737 0.231562 1 
0.220561 0.224082 1 
0.220495 0.228403 1 
0.220432 0.2284 1 
0.22034 0.223916 1 
0.220314 0.230197 1 
0.220226 0.231795 1 
0.220101 0.232305 1 
0.219929 0.222212 1 
0.219819 0.231912 1 
0.219794 0.223727 1 
0.219752 0.224372 1 
0.219742 0.229789 1 
0.219722 0.223599 1 
0.219427 0.222357 1 
0.219239 0.220228 1 
0.219217 0.233519 1 
0.219212 0.228568 1 
0.219078 0.224624 1 
0.219064 0.22721 1 
0.219053 0.22803 1 
0.218904 0.224624 1 
0.218696 0.22604 1 
0.218362 0.222834 1 
0.218261 0.225591 1 
0.21814 0.231755 1 
0.218109 0.228612 1 
0.217992 0.226579 1 
0.21798 0.23004 1 
0.217965 0.230786 1 
0.217928 0.22486 1 
0.217894 0.223588 1 
0.217622 0.226648 1 
0.217416 0.225417 1 
0.217332 0.224019 1 
0.21728 0.222773 1 
0.217274 0.230096 1 
0.217123 0.228927 1 
0.217091 0.222098 1 
0.217019 0.218721 1 
0.216827 0.224469 1 
0.21676 0.228392 1 
0.216751 0.228211 1 
0.21674 0.223681 1 
0.216645 0.226093 1 
0.216641 0.223666 1 
0.216563 0.227684 1 
0.216558 0.223558 1 
0.216527 0.218721 1 
0.216399 0.227301 1 
0.216332 0.225706 1 
0.216095 0.224401 1 
0.216092 0.224697 1 
0.216078 0.226928 1 
0.216034 0.220228 1 
0.216032 0.228234 1 
0.215842 0.230126 1 
0.215618 0.222773 1 
0.215617 0.231567 1 
0.215566 0.231444 1 
0.215548 0.219924 1 
0.215514 0.225942 1 
0.215454 0.222773 1 
0.215442 0.224824 1 
0.215351 0.228411 1 
0.215338 0.226015 1 
0.215305 0.220928 1 
0.215287 0.228039 1 
0.215279 0.219924 1 
0.215224 0.227453 1 
0.215224 0.22661 1 
0.21519 0.232584 1 
0.215139 0.22603 1 
0.214877 0.22603 1 
0.214829 0.227453 1 
0.214825 0.226798 1 
0.21471 0.230298 1 
0.214626 0.226457 1 
0.214621 0.215179 1 
0.214611 0.218256 1 
0.214451 0.220228 1 
0.21428 0.216234 1 
0.21411 0.224597 1 
0.214098 0.226526 1 
0.214081 0.229419 1 
0.213929 0.22461 1 
0.213887 0.222421 1 
0.213866 0.217693 1 
0.21378 0.230209 1 
0.213627 0.21699 1 
0.213549 0.223959 1 
0.213517 0.225706 1 
0.213506 0.218825 1 
0.213494 0.219965 1 
0.213468 0.228181 1 
0.213397 0.228423 1 
0.213396 0.223686 1 
0.213282 0.224913 1 
0.213219 0.219965 1 
0.2132 0.220228 1 
0.213126 0.218417 1 
0.213055 0.223352 1 
0.213034 0.224019 1 
0.212976 0.222711 1 
0.212919 0.215991 1 
0.212914 0.225022 1 
0.212861 0.213971 1 
0.212775 0.22693 1 
0.212769 0.213296 1 
0.212763 0.220267 1 
0.212712 0.232257 1 
0.212708 0.223681 1 
0.212699 0.224161 1 
0.212645 0.224372 1 
0.212546 0.214349 1 
0.212519 0.216254 1 
0.212382 0.229634 1 
0.212286 0.22604 1 
0.212214 0.212517 1 
0.21215 0.223916 1 
0.211971 0.223666 1 
0.211947 0.213967 1 
0.211843 0.212911 1 
0.21173 0.21699 1 
0.211669 0.223588 1 
0.211564 0.227814 1 
0.211531 0.21207 1 
0.211519 0.211535 1 
0.211464 0.22604 1 
0.211406 0.22009 1 
0.211305 0.22622 1 
0.211259 0.212669 1 
0.211186 0.211404 1 
0.211176 0.218206 1 
0.211167 0.218825 1 
0.211137 0.211633 1 
0.211114 0.225591 1 
0.211049 0.225706 1 
0.211023 0.22461 1 
0.210881 0.212466 1 
0.210793 0.224831 1 
0.210505 0.218508 1 
0.210432 0.229542 1 
0.210352 0.227532 1 
0.210305 0.223825 1 
0.210198 0.22139 1 
0.210159 0.222357 1 
0.21014 0.224329 1 
0.210113 0.223558 1 
0.210103 0.216654 1 
0.210099 0.224597 1 
0.209994 0.224624 1 
0.209989 0.223681 1 
0.209926 0.22661 1 
0.209747 0.209924 1 
0.209585 0.22212 1 
0.209576 0.22135 1 
0.209558 0.22212 1 
0.209512 0.212452 1 
0.209398 0.209756 1 
0.209228 0.210721 1 
0.209133 0.22983 1 
0.20908 0.209607 1 
0.209062 0.209461 1 
0.209047 0.219965 1 
0.20894 0.228597 1 
0.20885 0.228629 1 
0.208725 0.224597 1 
0.208706 0.224842 1 
0.20869 0.219468 1 
0.208661 0.209332 1 
0.208582 0.219924 1 
0.208575 0.209434 1 
0.208543 0.219924 1 
0.208518 0.209121 1 
0.208508 0.226024 1 
0.20841 0.22607 1 
0.208369 0.22212 1 
0.208311 0.216481 1 
0.208302 0.221894 1 
0.208206 0.222635 1 
0.208186 0.223681 1 
0.208183 0.208311 1 
0.208165 0.225293 1 
0.207781 0.223491 1 
0.207578 0.223352 1 
0.20757 0.210798 1 
0.20754 0.213861 1 
0.207516 0.21769 1 
0.20732 0.223572 1 
0.207294 0.208298 1 
0.207221 0.211712 1 
0.207185 0.211071 1 
0.207149 0.223916 1 
0.207122 0.209852 1 
0.207095 0.228416 1 
0.20702 0.207533 1 
0.207013 0.222834 1 
0.206985 0.214653 1 
0.206937 0.208678 1 
0.20693 0.22456 1 
0.206905 0.22604 1 
0.206645 0.211659 1 
0.206597 0.224695 1 
0.206563 0.210594 1 
0.206494 0.209882 1 
0.206361 0.210552 1 
0.206324 0.224934 1 
0.206297 0.208652 1 
0.206259 0.221869 1 
0.206232 0.224383 1 
0.206181 0.224232 1 
0.206166 0.223057 1 
0.206151 0.207193 1 
0.206029 0.22531 1 
0.205861 0.206496 1 
0.205847 0.226503 1 
0.205784 0.209003 1 
0.205591 0.226826 1 
0.205492 0.211179 1 
0.205479 0.223493 1 
0.20533 0.207453 1 
0.205318 0.225756 1 
0.205309 0.220267 1 
0.205294 0.224912 1 
0.205176 0.218721 1 
0.205049 0.225457 1 
0.204908 0.224117 1 
0.204804 0.206185 1 
0.204723 0.221936 1 
0.204454 0.22139 1 
0.204433 0.220928 1 
0.204337 0.20563 1 
0.204312 0.205983 1 
0.204259 0.22612 1 
0.204125 0.225848 1 
0.204058 0.221962 1 
0.204003 0.20576 1 
0.203995 0.225067 1 
0.203974 0.207059 1 
0.203964 0.225481 1 
0.20394 0.206837 1 
0.203875 0.210167 1 
0.203849 0.204766 1 
0.203828 0.207042 1 
0.203642 0.224383 1 
0.203601 0.206625 1 
0.203543 0.204943 1 
0.203368 0.203722 1 
0.203343 0.22564 1 
0.203343 0.204094 1 
0.203284 0.206147 1 
0.203238 0.207129 1 
0.20323 0.224019 1 
0.203199 0.226186 1 
0.203068 0.21769 1 
0.20306 0.206456 1 
0.202994 0.216322 1 
0.202946 0.207686 1 
0.202865 0.206195 1 
0.202815 0.216882 1 
0.202731 0.209587 1 
0.202688 0.222421 1 
0.202646 0.205722 1 
0.20248 0.206451 1 
0.20223 0.223167 1 
0.202221 0.202743 1 
0.202201 0.209419 1 
0.201919 0.204212 1 
0.201888 0.203625 1 
0.201787 0.207587 1 
0.201483 0.203309 1 
0.201425 0.203638 1 
0.20142 0.211221 1 
0.200851 0.2022 1 
0.200836 0.205463 1 
0.199996 0.203439 1 
0.199268 0.199419 1 
0.107648 0.108244 2 
0.106901 0.10736 2 
0.106444 0.107082 2 
0.105163 0.107065 2 
0.104107 0.10571 2 
0.103564 0.104187 2 
0.103416 0.107031 2 
0.103292 0.10528 2 
0.103249 0.105777 2 
0.102868 0.103481 2 
0.102665 0.107653 2 
0.102608 0.102904 2 
0.102565 0.103381 2 
0.102425 0.10301 2 
0.102272 0.10464 2 
0.102267 0.105671 2 
0.102135 0.10274 2 
0.101858 0.102577 2 
0.101821 0.103735 2 
0.101674 0.101941 2 
0.101672 0.105618 2 
0.101498 0.103768 2 
0.101487 0.105411 2 
0.101344 0.101565 2 
0.101139 0.103564 2 
0.101104 0.10488 2 
0.100987 0.101128 2 
0.100967 0.102798 2 
0.10096 0.104147 2 
0.100744 0.101128 2 
0.100544 0.101468 2 
0.100411 0.102719 2 
0.100361 0.100406 2 
0.10001 0.104317 2 
0.0999545 0.101235 2 
0.0999281 0.102513 2 
0.0994826 0.100563 2 
0.0994755 0.104858 2 
0.0989188 0.0989615 2 
0.0988328 0.103045 2 
0.0988244 0.0989435 2 
0.0987254 0.101424 2 
0.0987238 0.0991656 2 
0.0985715 0.100581 2 
0.0984971 0.0988341 2 
0.0984489 0.105431 2 
0.0982938 0.101215 2 
0.0981399 0.105864 2 
0.0980766 0.100333 2 
0.0980213 0.0982102 2 
0.0980111 0.100919 2 
0.0979209 0.0991029 2 
0.0978566 0.0998953 2 
0.097813 0.100111 2 
0.097771 0.098928 2 
0.0977472 0.099835 2 
0.0976969 0.101216 2 
0.0975783 0.100128 2 
0.0975737 0.101605 2 
0.0974742 0.10513 2 
0.0974051 0.0981745 2 
0.0973435 0.0987196 2 
0.0973321 0.102327 2 
0.0972725 0.097497 2 
0.0971732 0.098165 2 
0.0971421 0.101341 2 
0.0968917 0.100406 2 
0.0967327 0.0992928 2 
0.0967046 0.100315 2 
0.0966744 0.0973116 2 
0.0965495 0.0976431 2 
0.0965333 0.0971792 2 
0.0965227 0.101468 2 
0.0965122 0.10549 2 
0.0964093 0.098017 2 
0.0963933 0.10069 2 
0.0963752 0.101392 2 
0.0963723 0.0971539 2 
0.096256 0.0977027 2 
0.0961432 0.0991656 2 
0.0960387 0.102786 2 
0.0960254 0.0988154 2 
0.095779 0.102478 2 
0.0957281 0.0963672 2 
0.095709 0.0962378 2 
0.0956635 0.101037 2 
0.0955009 0.0988712 2 
0.0954321 0.0991276 2 
0.0954028 0.101811 2 
0.0953051 0.0964189 2 
0.0952852 0.0998609 2 
0.0951657 0.101811 2 
0.0951338 0.10171 2 
0.0950828 0.101406 2 
0.0950321 0.0983388 2 
0.0950297 0.0993759 2 
0.0949262 0.098027 2 
0.094768 0.0971439 2 
0.0944803 0.0945488 2 
0.0944711 0.101472 2 
0.0943895 0.100681 2 
0.0942795 0.0952159 2 
0.0941913 0.103044 2 
0.0941674 0.0991276 2 
0.0941375 0.0992794 2 
0.0940049 0.103 2 
0.0939773 0.0973116 2 
0.0939744 0.0992928 2 
0.0939408 0.0943768 2 
0.0938499 0.0954552 2 
0.0935761 0.0953168 2 
0.0934563 0.101524 2 
0.0934429 0.0999833 2 
0.0933496 0.10001 2 
0.0933089 0.094324 2 
0.0932612 0.0971439 2 
0.0932426 0.098928 2 
0.0932424 0.103436 2 
0.09324 0.0937974 2 
0.0932319 0.0980929 2 
0.0932198 0.101681 2 
0.0930111 0.0991332 2 
0.0929731 0.0943621 2 
0.0929124 0.0936066 2 
0.0929096 0.0997697 2 
0.0928637 0.0932497 2 
0.0928596 0.0956427 2 
0.0928048 0.100946 2 
0.0927973 0.0938052 2 
0.0927929 0.098928 2 
0.0927065 0.0956728 2 
0.0926446 0.0991276 2 
0.0925679 0.100468 2 
0.0925414 0.0965575 2 
0.0925139 0.0987196 2 
0.0924028 0.0937751 2 
0.0923702 0.0983504 2 
0.0923302 0.0990425 2 
0.0923119 0.0970619 2 
0.0921476 0.103045 2 
0.0920914 0.0931502 2 
0.0920613 0.0994392 2 
0.0920046 0.0928996 2 
0.0919318 0.0985938 2 
0.0917279 0.0948883 2 
0.0917 0.0967329 2 
0.0914378 0.0948883 2 
0.0914209 0.0968028 2 
0.0913742 0.0930135 2 
0.0913593 0.100298 2 
0.0913504 0.0945953 2 
0.0912252 0.0969972 2 
0.0912108 0.0955579 2 
0.0911437 0.0932671 2 
0.0910646 0.0950287 2 
0.0910636 0.0922408 2 
0.0910236 0.0916478 2 
0.0910142 0.0952997 2 
0.0909652 0.0987679 2 
0.0909162 0.0940894 2 
0.0909002 0.094528 2 
0.0907587 0.0949665 2 
0.0906283 0.101738 2 
0.0906221 0.100084 2 
0.090612 0.0993184 2 
0.0905389 0.0967329 2 
0.0905206 0.0967695 2 
0.0903736 0.0917028 2 
0.0903375 0.0909135 2 
0.0902946 0.090391 2 
0.0901457 0.0902251 2 
0.0900764 0.0932734 2 
0.0900689 0.0943768 2 
0.0900647 0.100713 2 
0.0900646 0.099706 2 
0.09003 0.100843 2 
0.0899562 0.0986826 2 
0.0898785 0.0898878 2 
0.0898535 0.098017 2 
0.0898338 0.0994392 2 
0.089765 0.0911927 2 
0.0896923 0.0904649 2 
0.0895396 0.0975849 2 
0.089521 0.100327 2 
0.0894824 0.0925061 2 
0.0894471 0.100489 2 
0.0894404 0.102957 2 
0.0894345 0.0902251 2 
0.08942 0.0948462 2 
0.088987 0.0994157 2 
0.088965 0.0897387 2 
0.0889215 0.0957828 2 
0.0889057 0.089599 2 
0.0888587 0.0891818 2 
0.0888174 0.096396 2 
0.0885718 0.0973321 2 
0.0885358 0.0939992 2 
0.0883861 0.0897764 2 
0.0883185 0.0970155 2 
0.0882922 0.100531 2 
0.0881826 0.0971539 2 
0.0881709 0.0899224 2 
0.0881097 0.0928996 2 
0.0880749 0.0890052 2 
0.0880666 0.0886966 2 
0.0880364 0.0901312 2 
0.0880122 0.0897632 2 
0.0879325 0.0928996 2 
0.0876718 0.0935319 2 
0.0874328 0.0892846 2 
0.0874058 0.090055 2 
0.0870184 0.090142 2 
0.0869058 0.0885111 2 
0.0867133 0.0873161 2 
0.0866661 0.0916029 2 
0.0865871 0.0869899 2 
0.0865194 0.0874493 2 
0.0864282 0.0903005 2 
0.0863613 0.0870294 2 
0.0861353 0.0896437 2 
0.0860407 0.0888222 2 
0.0856836 0.0900715 2 
0.0856467 0.0882479 2 
0.0856463 0.0872947 2 
0.0856265 0.0882108 2 
0.0855618 0.0869319 2 
0.0855302 0.0940285 2 
0.0852903 0.0890696 2 
0.0522024 0.0528981 3 
0.0517176 0.0521021 3 
0.050667 0.0508803 3 
0.0494965 0.050102 3 
0.049337 0.0500165 3 
0.0492791 0.0524417 3 
0.0491178 0.0513893 3 
0.0488202 0.0495205 3 
0.0488187 0.0507423 3 
0.0488163 0.0495938 3 
0.0486255 0.0502942 3 
0.0484761 0.0491969 3 
0.0484296 0.0499296 3 
0.048209 0.0511343 3 
0.0479356 0.0492389 3 
0.0478698 0.0483082 3 
0.0475571 0.0490533 3 
0.0474386 0.0481976 3 
0.0474152 0.0484859 3 
0.0473965 0.0481477 3 
0.0473749 0.0480833 3 
0.0467136 0.0469819 3 
0.0465832 0.0474866 3 
0.0464087 0.0494567 3 
0.0463128 0.0478662 3 
0.0462628 0.0468748 3 
0.0461609 0.0468748 3 
0.0461119 0.0482258 3 
0.0459072 0.0502758 3 
0.0458656 0.0460936 3 
0.0458503 0.049507 3 
0.0458477 0.0491371 3 
0.0457825 0.0492544 3 
0.0456172 0.0491248 3 
0.0455919 0.046858 3 
0.0455384 0.0493458 3 
0.0454741 0.0493381 3 
0.0453953 0.0460473 3 
0.0452514 0.0462223 3 
0.045245 0.0495596 3 
0.0452354 0.0473322 3 
0.0451599 0.0486929 3 
0.0450486 0.0478217 3 
0.0449673 0.0453478 3 
0.0449616 0.0468748 3 
0.0449521 0.0471149 3 
0.0448966 0.0469819 3 
0.0448079 0.049507 3 
0.0446839 0.049216 3 
0.0446813 0.0476438 3 
0.0446065 0.0466892 3 
0.0444531 0.0464969 3 
0.0443886 0.0459493 3 
0.0443686 0.0477197 3 
0.044323 0.0488374 3 
0.0443165 0.0453483 3 
0.044295 0.0448976 3 
0.0442889 0.0458639 3 
0.0442575 0.0492258 3 
0.0440448 0.0473936 3 
0.0439763 0.0441714 3 
0.0439535 0.0468558 3 
0.0439062 0.0474297 3 
0.0438727 0.0492544 3 
0.0437544 0.0497915 3 
0.0437399 0.0470565 3 
0.0437189 0.0450155 3 
0.0437067 0.0487056 3 
0.0436483 0.0445502 3 
0.0436476 0.0458639 3 
0.0435285 0.0459493 3 
0.0434308 0.0460764 3 
0.0432823 0.0458668 3 
0.0431782 0.0464632 3 
0.0431518 0.0457146 3 
0.0430959 0.0450453 3 
0.0430668 0.0448842 3 
0.043061 0.0495938 3 
0.0430094 0.0496243 3 
0.04291 0.0460168 3 
0.0429083 0.0455605 3 
0.0428244 0.0447378 3 
0.0427865 0.0430655 3 
0.0427496 0.043169 3 
0.0427043 0.0437854 3 
0.0426923 0.0458654 3 
0.0426604 0.0461412 3 
0.0425855 0.0441683 3 
0.0425261 0.0437533 3 
0.0425236 0.0453444 3 
0.0424993 0.046859 3 
0.0424378 0.0442208 3 
0.0423815 0.0426583 3 
0.0423442 0.0456742 3 
0.0422584 0.0444966 3 
0.0422497 0.0431768 3 
0.0422318 0.0458947 3 
0.0421829 0.0443474 3 
0.0421713 0.0431768 3 
0.0421607 0.0434469 3 
0.0421146 0.0487234 3 
0.0420428 0.0449913 3 
0.0420089 0.0489509 3 
0.0418595 0.0462146 3 
0.0418288 0.0431693 3 
0.0418032 0.042046 3 
0.0417827 0.0428215 3 
0.0417611 0.0462223 3 
0.0417561 0.0417645 3 
0.0416532 0.0488874 3 
0.0416241 0.044018 3 
0.0415974 0.0419913 3 
0.0415463 0.0444193 3 
0.0414791 0.0434268 3 
0.0414298 0.0447759 3 
0.0412246 0.0430655 3 
0.0411808 0.0446022 3 
0.0411719 0.0437521 3 
0.0409513 0.0450966 3 
0.0409487 0.0418052 3 
0.0406338 0.0418364 3 
0.040568 0.0450528 3 
0.0403749 0.0414505 3 
0.0402416 0.0413136 3 
0.0401248 0.0408602 3 
0.0401027 0.0415116 3 
0.0400221 0.0412048 3 
0.0398957 0.0408447 3 
0.0398564 0.04214 3 
0.039545 0.0401658 3 
0.0395097 0.0404176 3 
0.039419 0.0409124 3 
0.0392692 0.0407229 3 
0.03904 0.0403228 3 
0.0390283 0.0403843 3 
0.0390241 0.0392681 3 
0.0389417 0.0392915 3 
0.0389075 0.0416426 3 
0.0388244 0.0421366 3 
0.038796 0.041436 3 
0.0386717 0.0407862 3 
0.0383819 0.0435195 3 
0.0258806 0.0259595 4 
0.0256169 0.0257939 4 
0.0255503 0.0258175 4 
0.0248984 0.0257383 4 
0.0246255 0.0247766 4 
0.0243818 0.0256157 4 
0.0242687 0.0258215 4 
0.0241397 0.0258714 4 
0.0240653 0.02595 4 
0.023931 0.0242647 4 
0.02389 0.0254265 4 
0.0238354 0.0243628 4 
0.0236282 0.0240087 4 
0.0236154 0.0236673 4 
0.0235911 0.0245895 4 
0.0235007 0.0235546 4 
0.0234605 0.0270735 4 
0.0234419 0.0249808 4 
0.0234413 0.0239927 4 
0.0234206 0.0254433 4 
0.023395 0.0258747 4 
0.0233719 0.0239927 4 
0.0233308 0.0252389 4 
0.0232256 0.0251591 4 
0.0232218 0.0257923 4 
0.0231433 0.0244508 4 
0.0230573 0.0256143 4 
0.0230379 0.024202 4 
0.0230333 0.0240476 4 
0.022983 0.0231298 4 
0.0229239 0.0247498 4 
0.0227031 0.0253583 4 
0.022578 0.023763 4 
0.0224854 0.025423 4 
0.0224402 0.0233978 4 
0.0224222 0.0233956 4 
0.0223902 0.0227873 4 
0.0223162 0.0224977 4 
0.0222849 0.0245377 4 
0.0222138 0.0225407 4 
0.0221712 0.0248853 4 
0.0221417 0.0250973 4 
0.0221184 0.0223767 4 
0.0221072 0.0226343 4 
0.0220978 0.0226256 4 
0.0220812 0.0259867 4 
0.0220153 0.0223361 4 
0.0218268 0.0218329 4 
0.0218253 0.0228331 4 
0.021767 0.0219813 4 
0.021752 0.0218785 4 
0.0217042 0.0234755 4 
0.0216686 0.0219702 4 
0.0215838 0.0232191 4 
0.0215432 0.0215471 4 
0.0214231 0.0227368 4 
0.0213654 0.0228257 4 
0.0213633 0.023129 4 
0.0213579 0.023965 4 
0.0212706 0.0225053 4 
0.0210934 0.0226217 4 
0.0210621 0.0219831 4 
0.0210444 0.0218575 4 
0.0210201 0.0210922 4 
0.020993 0.0249785 4 
0.0209692 0.0223055 4 
0.0209622 0.0215719 4 
0.020896 0.0215176 4 
0.0208852 0.0251021 4 
0.0208615 0.0219644 4 
0.0208382 0.0216532 4 
0.020778 0.0219831 4 
0.0207719 0.0217793 4 
0.0207191 0.0209392 4 
0.0206901 0.0229223 4 
0.0206537 0.0249273 4 
0.0205988 0.0207806 4 
0.0205717 0.0223361 4 
0.0205127 0.0221788 4 
0.0205029 0.0223512 4 
0.0205011 0.0222486 4 
0.0204954 0.0215883 4 
0.0204929 0.0206454 4 
0.0204656 0.0222571 4 
0.02035 0.0210601 4 
0.0203291 0.0228257 4 
0.0203214 0.0217561 4 
0.0200411 0.0209201 4 
0.0200216 0.0218619 4 
0.0200058 0.0205748 4 
0.0199822 0.0221736 4 
0.019785 0.0222427 4 
0.0197127 0.0207011 4 
0.0196293 0.0205972 4 
0.019617 0.0197753 4 
0.0195198 0.020181 4 
0.0193722 0.0194296 4 
0.0193651 0.0194458 4 
0.01936 0.0215063 4 
0.0193436 0.0197914 4 
0.019333 0.0195092 4 
0.0192155 0.019983 4 
0.0191827 0.0203481 4 
0.0191211 0.0192821 4 
0.0190835 0.0198254 4 
0.0190194 0.019829 4 
0.0188081 0.0188451 4 
0.0187325 0.0200399 4 
0.0187088 0.0202197 4 
0.0186946 0.0201939 4 
0.0186903 0.0192069 4 
0.0185107 0.0188772 4 
0.0183972 0.0206995 4 
0.0182195 0.0204037 4 
0.0180135 0.0192821 4 
0.0139046 0.0140578 5 
0.0137945 0.0141626 5 
0.013425 0.0139046 5 
0.0132856 0.0137633 5 
0.0131817 0.0135599 5 
0.0130045 0.013739 5 
0.0128652 0.0134522 5 
0.0128203 0.0129939 5 
0.0127778 0.0146082 5 
0.0127246 0.0128696 5 
0.0126984 0.0129998 5 
0.0125819 0.0137131 5 
0.0125791 0.0131457 5 
0.0125609 0.0131804 5 
0.0124503 0.0132621 5 
0.0124337 0.0127102 5 
0.0123679 0.0138645 5 
0.0122398 0.0125318 5 
0.0122331 0.0125384 5 
0.0122311 0.0137172 5 
0.0120851 0.0131126 5 
0.0120754 0.0140683 5 
0.012014 0.0134666 5 
0.0119721 0.0129009 5 
0.0118674 0.0126963 5 
0.0118003 0.0136484 5 
0.0116779 0.0121846 5 
0.0116208 0.0127562 5 
0.0115944 0.0118833 5 
0.0114978 0.0119199 5 
0.0114873 0.0117704 5 
0.0114015 0.0118861 5 
0.0113191 0.0113292 5 
0.0113149 0.0114409 5 
0.0111574 0.0115863 5 
0.011126 0.0128823 5 
0.011115 0.0112433 5 
0.0111087 0.0115744 5 
0.0110805 0.0129998 5 
0.01106 0.0114395 5 
0.0110544 0.0115464 5 
0.0110077 0.0111369 5 
0.0109529 0.0119193 5 
0.010942 0.0117364 5 
0.010919 0.0123437 5 
0.0109093 0.0129597 5 
0.0108918 0.0117259 5 
0.0108332 0.0114739 5 
0.010827 0.0112538 5 
0.0108094 0.0131232 5 
0.0107996 0.0120331 5 
0.0107657 0.0108162 5 
0.0107396 0.0115429 5 
0.0107036 0.0109241 5 
0.0106879 0.0110935 5 
0.0106807 0.0110077 5 
0.0106726 0.010862 5 
0.010643 0.0116573 5 
0.0106119 0.01201 5 
0.0105916 0.0115994 5 
0.0105532 0.0115626 5 
0.0104762 0.0108367 5 
0.0104273 0.0111765 5 
0.0104157 0.0107801 5 
0.0103737 0.0109715 5 
0.0103679 0.0116289 5 
0.0103597 0.0114739 5 
0.0103508 0.0108336 5 
0.0102928 0.0108475 5 
0.0102496 0.0106318 5 
0.0102314 0.0103958 5 
0.0102054 0.0102878 5 
0.0101376 0.0102141 5 
0.0100701 0.0102233 5 
0.0100385 0.0103281 5 
0.0100135 0.0100656 5 
0.00998355 0.0101449 5 
0.00989289 0.0101294 5 
0.00988754 0.0108181 5 
0.00986092 0.0107082 5 
0.00984896 0.0102433 5 
0.00984835 0.0111068 5 
0.00982913 0.0105615 5 
0.00980777 0.0101741 5 
0.00966511 0.0102244 5 
0.00959936 0.00972051 5 
0.00958684 0.00978931 5 
0.00955761 0.00994824 5 
0.00952829 0.0103281 5 
0.00949076 0.0104423 5 
0.00944654 0.0102302 5 
0.00916773 0.0101631 5 
0.0091068 0.00941497 5 
0.00904498 0.0100533 5 
0.00904155 0.0102789 5 
0.00867717 0.00944225 5 
0.00860099 0.0086198 6 
0.00773455 0.00782247 6 
0.00731408 0.00765741 6 
0.00725612 0.00836665 6 
0.00709498 0.00738983 6 
0.00708158 0.00729998 6 
0.00697316 0.00697382 6 
0.00687181 0.00721996 6 
0.00681681 0.00767714 6 
0.00680664 0.00771316 6 
0.00674011 0.00681797 6 
0.0067281 0.00700656 6 
0.00672643 0.00724084 6 
0.00670732 0.00727544 6 
0.00666561 0.00775976 6 
0.00655234 0.00760976 6 
0.00654097 0.00678056 6 
0.00635199 0.00698292 6 
0.00618626 0.00625998 6 
0.00616419 0.00626675 6 
0.00614065 0.00707232 6 
0.00606342 0.00625998 6 
0.00603598 0.00614686 6 
0.00602607 0.00628703 6 
0.00600318 0.00627647 6 
0.00600213 0.00630518 6 
0.00599276 0.00610872 6 
0.00597888 0.00641326 6 
0.00595556 0.00681797 6 
0.00595254 0.00689488 6 
0.00593492 0.00637175 6 
0.00591899 0.00643039 6 
0.00591694 0.00726724 6 
0.00588287 0.00637806 6 
0.00586902 0.0060829 6 
0.00582823 0.00587999 6 
0.00582513 0.00624416 6 
0.00576194 0.0060829 6 
0.00573427 0.00575207 6 
0.00570008 0.00603723 6 
0.00565436 0.00692406 6 
0.00563653 0.00596755 6 
0.00561247 0.00582153 6 
0.00561237 0.00612155 6 
0.00558625 0.00597126 6 
0.00558474 0.00563373 6 
0.00557625 0.00578735 6 
0.00557189 0.00561197 6 
0.00556809 0.00578735 6 
0.00555271 0.00580264 6 
0.00549637 0.00578633 6 
0.00548787 0.00622928 6 
0.00546874 0.00574122 6 
0.00544045 0.00589549 6 
0.00541641 0.00556882 6 
0.00538015 0.00608943 6 
0.00537648 0.00544984 6 
0.00533866 0.00537728 6 
0.00532673 0.00547343 6 
0.00531696 0.00548275 6 
0.00526419 0.00573262 6 
0.00521097 0.00549169 6 
0.00520263 0.00537068 6 
0.00519551 0.00549477 6 
0.00510486 0.00514835 6 
0.00507358 0.00549994 6 
0.005067 0.00558936 6 
0.0050077 0.00569378 6 
0.00500251 0.0054226 6 
0.00499212 0.00506657 6 
0.0049859 0.00549934 6 
0.00497941 0.00543347 6 
0.0049789 0.00547388 6 
0.00489911 0.00497428 6 
0.00489173 0.00518039 6 
0.00487822 0.00518039 6 
0.00480279 0.0051784 6 
0.00466891 0.00529758 6 
0.00461683 0.00482906 6 
0.00459225 0.00503517 6 
0.00448744 0.00492911 6 
0.00490821 0.0049246 7 
0.00449509 0.00453849 7 
0.00426669 0.00467127 7 
0.00421837 0.00434975 7 
0.00410589 0.00422064 7 
0.00399296 0.0043564 7 
0.00386513 0.00439095 7 
0.00386145 0.003945 7 
0.00385279 0.00402005 7 
0.00376904 0.00401981 7 
0.00375577 0.00392505 7 
0.00374461 0.00441746 7 
0.00373761 0.00423272 7 
0.00362989 0.00364769 7 
0.00360524 0.00395419 7 
0.00353634 0.0039324 7 
0.0035079 0.00351164 7 
0.00342819 0.003513 7 
0.00337362 0.00368015 7 
0.00335946 0.00340129 7 
0.00335742 0.00423525 7 
0.00334948 0.00349992 7 
0.00331854 0.00349107 7 
0.00331556 0.00339427 7 
0.00330453 0.00344441 7 
0.0032923 0.00349445 7 
0.00327962 0.00328382 7 
0.00325584 0.00362446 7 
0.00325364 0.00375711 7 
0.00319602 0.00334148 7 
0.00317373 0.00340951 7 
0.00316077 0.00321584 7 
0.00315257 0.00318961 7 
0.00310738 0.00321584 7 
0.00309875 0.00310516 7 
0.00305236 0.00324159 7 
0.00302916 0.00323942 7 
0.00300431 0.00304186 7 
0.00300427 0.00381754 7 
0.00295676 0.00313386 7 
0.00295671 0.00298923 7 
0.00294683 0.00301069 7 
0.00292865 0.00294971 7 
0.00291887 0.00326935 7 
0.00290822 0.00318586 7 
0.00290674 0.00329726 7 
0.00290504 0.00308483 7 
0.00289267 0.00299033 7 
0.00289028 0.00315133 7 
0.00287675 0.00332273 7 
0.00285588 0.00293301 7 
0.0028397 0.00288077 7 
0.00281549 0.00289022 7 
0.00279178 0.00298052 7 
0.00276348 0.00281202 7 
0.00273595 0.00283097 7 
0.00269519 0.0029872 7 
0.00268872 0.00290418 7 
0.00267922 0.00303506 7 
0.00267917 0.00299033 7 
0.0026677 0.0029872 7 
0.00266697 0.00290121 7 
0.00263299 0.00292223 7 
0.00260289 0.00273615 7 
0.00258915 0.00286188 7 
0.00258106 0.00259091 7 
0.00256031 0.00273615 7 
0.00252886 0.00263596 7 
0.00249939 0.0027016 7 
0.00246474 0.00254814 7 
0.00244119 0.00256553 7 
0.00240185 0.00254442 7 
0.0023953 0.00258483 7 
0.00258483 0.0026297 8 
0.00257943 0.00266381 8 
0.00241486 0.00252721 8 
0.00235091 0.00250323 8 
0.00226215 0.00230491 8 
0.00224278 0.00254853 8 
0.00217923 0.00231825 8 
0.00217393 0.00218883 8 
0.00211052 0.00228157 8 
0.0021009 0.00258978 8 
0.00209684 0.00225153 8 
0.00209456 0.00220808 8 
0.00203563 0.00210423 8 
0.00203189 0.00203898 8 
0.00196935 0.00196978 8 
0.00195894 0.00247119 8 
0.00195026 0.00202565 8 
0.00191705 0.00203805 8 
0.00188559 0.00189367 8 
0.00187204 0.00193249 8 
0.00184497 0.00191997 8 
0.00184195 0.00190201 8 
0.0018393 0.00210326 8 
0.00179287 0.00194269 8 
0.00178649 0.0020255 8 
0.00178482 0.00184839 8 
0.00171338 0.00180801 8 
0.0017123 0.00172736 8 
0.00171203 0.00208203 8 
0.00169619 0.00178746 8 
0.00169351 0.00185214 8 
0.00168221 0.00170761 8 
0.00166495 0.00178292 8 
0.00163017 0.00165731 8 
0.00162427 0.00179487 8 
0.0016177 0.00165496 8 
0.00161216 0.00171559 8 
0.00160894 0.00180196 8 
0.00160497 0.00174469 8 
0.00157758 0.00185764 8 
0.00155052 0.00169234 8 
0.00154483 0.00155784 8 
0.00154205 0.00178072 8 
0.00154039 0.00157954 8 
0.00151967 0.00154169 8 
0.00150874 0.00152063 8 
0.00150703 0.0016237 8 
0.00150418 0.00154602 8 
0.00149145 0.00150983 8 
0.00148656 0.00160866 8 
0.00148045 0.00169891 8 
0.00147987 0.00150983 8 
0.0014667 0.00165887 8 
0.00146644 0.00168472 8 
0.00145066 0.00152063 8 
0.00139171 0.00149682 8 
0.00138178 0.00140404 8 
0.00137591 0.00154602 8 
0.00137252 0.00149682 8 
0.00137184 0.00140306 8 
0.00135073 0.00141649 8 
0.00133632 0.00134825 8 
0.00130758 0.00131391 8 
0.00130287 0.00134126 8 
0.00129948 0.00136001 8 
0.001279 0.00135785 8 
0.00150785 0.00154952 9 
0.00149249 0.00149859 9 
0.00138092 0.00150915 9 
0.00136192 0.0013868 9 
0.00132563 0.00147321 9 
0.00129399 0.00132745 9 
0.00126497 0.0012723 9 
0.00121178 0.00155474 9 
0.00121085 0.00132088 9 
0.00119015 0.001268 9 
0.00118567 0.00119134 9 
0.00117526 0.00119372 9 
0.00116736 0.00145404 9 
0.00116692 0.00120759 9 
0.00112079 0.00112718 9 
0.00111926 0.00113986 9 
0.00111645 0.00112294 9 
0.00108108 0.00109277 9 
0.00106428 0.00115763 9 
0.00105732 0.00116494 9 
0.00105381 0.00105707 9 
0.00104625 0.00106136 9 
0.00104438 0.00110233 9 
0.00100945 0.00110666 9 
0.00099482 0.00115051 9 
0.000982426 0.00111933 9 
0.00098088 0.00107061 9 
0.000966366 0.00100976 9 
0.000946025 0.000968138 9 
0.000942956 0.000962813 9 
0.000938795 0.000949593 9 
0.000932004 0.000976016 9 
0.000930933 0.000999096 9 
0.000926557 0.00101866 9 
0.000915149 0.000921386 9 
0.000910387 0.000994367 9 
0.000908295 0.00096559 9 
0.000900133 0.000931981 9 
0.000892106 0.000996255 9 
0.000877573 0.000951939 9 
0.000875657 0.00101012 9 
0.000863128 0.00100994 9 
0.000857858 0.000865243 9 
0.000850442 0.000871851 9 
0.000848676 0.000918885 9 
0.000848023 0.000887013 9 
0.000846816 0.000961051 9 
0.000845965 0.000881699 9 
0.000845866 0.000870366 9 
0.000827943 0.000854979 9 
0.000819431 0.000897404 9 
0.000813861 0.000833133 9 
0.000765341 0.000832245 9 
0.000761758 0.000806662 9 
0.00074985 0.000854979 9 
0.000748644 0.000786941 9 
0.000732539 0.000764826 9 
0.000716449 0.000716892 9 
0.000709845 0.000789713 9 
0.000701821 0.00072513 9 
0.000696067 0.000733185 9 
0.000695016 0.000702184 9 
0.000661545 0.000665522 9 
0.000626237 0.00063545 9 
