0 0.499736 0 
0 0.501813 0 
0 0.502552 0 
0 0.502664 0 
0 0.503023 0 
0 0.50303 0 
0 0.503428 0 
0 0.503698 0 
0 0.503908 0 
0 0.504053 0 
0 0.50407 0 
0 0.504278 0 
0 0.504315 0 
0 0.504455 0 
0 0.504574 0 
0 0.50468 0 
0 0.504898 0 
0 0.505265 0 
0 0.505465 0 
0 0.5055 0 
0 0.505729 0 
0 0.505897 0 
0 0.505968 0 
0 0.505996 0 
0 0.506072 0 
0 0.506319 0 
0 0.506399 0 
0 0.506549 0 
0 0.506633 0 
0 0.506661 0 
0 0.506679 0 
0 0.506747 0 
0 0.50675 0 
0 0.506775 0 
0 0.506871 0 
0 0.506894 0 
0 0.506964 0 
0 0.506986 0 
0 0.507188 0 
0 0.507301 0 
0 0.507488 0 
0 0.50758 0 
0 0.507601 0 
0 0.507836 0 
0 0.507898 0 
0 0.50814 0 
0 0.508172 0 
0 0.508237 0 
0 0.508288 0 
0 0.508296 0 
0 0.508376 0 
0 0.50849 0 
0 0.508537 0 
0 0.508553 0 
0 0.50856 0 
0 0.508566 0 
0 0.508568 0 
0 0.50864 0 
0 0.508676 0 
0 0.508676 0 
0 0.508751 0 
0 0.508755 0 
0 0.508765 0 
0 0.508786 0 
0 0.508806 0 
0 0.508893 0 
0 0.508947 0 
0 0.508951 0 
0 0.509001 0 
0 0.509033 0 
0 0.509079 0 
0 0.509136 0 
0 0.509153 0 
0 0.509214 0 
0 0.509245 0 
0 0.509305 0 
0 0.509314 0 
0 0.509403 0 
0 0.509548 0 
0 0.509601 0 
0 0.509605 0 
0 0.509658 0 
0 0.509663 0 
0 0.509668 0 
0 0.509752 0 
0 0.509789 0 
0 0.509793 0 
0 0.509858 0 
0 0.509919 0 
0 0.509946 0 
0 0.509972 0 
0 0.510075 0 
0 0.510081 0 
0 0.510163 0 
0 0.510167 0 
0 0.51018 0 
0 0.510198 0 
0 0.510199 0 
0 0.510219 0 
0 0.510231 0 
0 0.510281 0 
0 0.510323 0 
0 0.51047 0 
0 0.510727 0 
0 0.510732 0 
0 0.510788 0 
0 0.510793 0 
0 0.510803 0 
0 0.510978 0 
0 0.511189 0 
0 0.511248 0 
0 0.51126 0 
0 0.511273 0 
0 0.511309 0 
0 0.511419 0 
0 0.511504 0 
0 0.511678 0 
0 0.511999 0 
0 0.512115 0 
0 0.512201 0 
0 0.51243 0 
0 0.51245 0 
0 0.512645 0 
0 0.512983 0 
0 0.513665 0 
0 0.514411 0 
0 0.515305 0 
0 inf 0 
0 0.191511 1 
0 0.194712 1 
0 0.195376 1 
0 0.195831 1 
0 0.195867 1 
0 0.197263 1 
0 0.197615 1 
0 0.197917 1 
0 0.198133 1 
0 0.198195 1 
0 0.198202 1 
0 0.198284 1 
0 0.198305 1 
0 0.198312 1 
0 0.198609 1 
0 0.1987 1 
0 0.198745 1 
0 0.19881 1 
0 0.198839 1 
0 0.198897 1 
0 0.19896 1 
0 0.199002 1 
0 0.19904 1 
0 0.199057 1 
0 0.199069 1 
0 0.199113 1 
0 0.199242 1 
0 0.19943 1 
0 0.199505 1 
0 0.199554 1 
0 0.199557 1 
0 0.199569 1 
0 0.199635 1 
0 0.199735 1 
0 0.199864 1 
0 0.199886 1 
0 0.199898 1 
0 0.19996 1 
0 0.200015 1 
0 0.200065 1 
0 0.200183 1 
0 0.200234 1 
0 0.200262 1 
0 0.200334 1 
0 0.200452 1 
0 0.200501 1 
0 0.200518 1 
0 0.200605 1 
0 0.200625 1 
0 0.200856 1 
0 0.200914 1 
0 0.201029 1 
0 0.201053 1 
0 0.201095 1 
0 0.201132 1 
0 0.20117 1 
0 0.20119 1 
0 0.201207 1 
0 0.201207 1 
0 0.20124 1 
0 0.201259 1 
0 0.201356 1 
0 0.201371 1 
0 0.201394 1 
0 0.201428 1 
0 0.201439 1 
0 0.201445 1 
0 0.201484 1 
0 0.201498 1 
0 0.201691 1 
0 0.201712 1 
0 0.201728 1 
0 0.201762 1 
0 0.201789 1 
0 0.201796 1 
0 0.201813 1 
0 0.201871 1 
0 0.20188 1 
0 0.201977 1 
0 0.201989 1 
0 0.202078 1 
0 0.202124 1 
0 0.202125 1 
0 0.202161 1 
0 0.202187 1 
0 0.202282 1 
0 0.202287 1 
0 0.202292 1 
0 0.202296 1 
0 0.202337 1 
0 0.202372 1 
0 0.202481 1 
0 0.202495 1 
0 0.202498 1 
0 0.202507 1 
0 0.202556 1 
0 0.202623 1 
0 0.202666 1 
0 0.202678 1 
0 0.202732 1 
0 0.202746 1 
0 0.20276 1 
0 0.202831 1 
0 0.20291 1 
0 0.202915 1 
0 0.20295 1 
0 0.202956 1 
0 0.202981 1 
0 0.203022 1 
0 0.203094 1 
0 0.203231 1 
0 0.203245 1 
0 0.203321 1 
0 0.203471 1 
0 0.203529 1 
0 0.203539 1 
0 0.203583 1 
0 0.203681 1 
0 0.203723 1 
0 0.203755 1 
0 0.203774 1 
0 0.203875 1 
0 0.20401 1 
0 0.204225 1 
0 0.204348 1 
0 0.204476 1 
0 0.204858 1 
0 inf 1 
0 0.0779121 2 
0 0.0809968 2 
0 0.0814886 2 
0 0.0817197 2 
0 0.0819856 2 
0 0.0820949 2 
0 0.0824916 2 
0 0.0828484 2 
0 0.0830364 2 
0 0.0830385 2 
0 0.0830455 2 
0 0.0832086 2 
0 0.0832978 2 
0 0.0833135 2 
0 0.0834101 2 
0 0.0836212 2 
0 0.0837031 2 
0 0.0837805 2 
0 0.083825 2 
0 0.0838279 2 
0 0.0838577 2 
0 0.0838648 2 
0 0.0840277 2 
0 0.0840402 2 
0 0.0840538 2 
0 0.0840707 2 
0 0.0841116 2 
0 0.0841527 2 
0 0.0841673 2 
0 0.0842009 2 
0 0.084234 2 
0 0.0844585 2 
0 0.084612 2 
0 0.0846871 2 
0 0.0847338 2 
0 0.0847567 2 
0 0.0848316 2 
0 0.0848435 2 
0 0.0848458 2 
0 0.0848671 2 
0 0.0848882 2 
0 0.084922 2 
0 0.084972 2 
0 0.085003 2 
0 0.0850135 2 
0 0.0850218 2 
0 0.0850733 2 
0 0.085108 2 
0 0.0851558 2 
0 0.0851963 2 
0 0.0852096 2 
0 0.0852203 2 
0 0.0852498 2 
0 0.0853267 2 
0 0.0853747 2 
0 0.0853792 2 
0 0.085382 2 
0 0.0853989 2 
0 0.0854496 2 
0 0.085501 2 
0 0.0855222 2 
0 0.0855315 2 
0 0.0855769 2 
0 0.0855843 2 
0 0.0856087 2 
0 0.0856193 2 
0 0.0856199 2 
0 0.0857665 2 
0 0.0857704 2 
0 0.0858283 2 
0 0.0858957 2 
0 0.0859546 2 
0 0.0859626 2 
0 0.0859652 2 
0 0.0859722 2 
0 0.0859783 2 
0 0.0860055 2 
0 0.0860493 2 
0 0.086083 2 
0 0.0860969 2 
0 0.0861541 2 
0 0.0861766 2 
0 0.0862172 2 
0 0.0862946 2 
0 0.0863082 2 
0 0.0863219 2 
0 0.0863552 2 
0 0.0864105 2 
0 0.086425 2 
0 0.0864306 2 
0 0.0864392 2 
0 0.0865606 2 
0 0.0865865 2 
0 0.0866376 2 
0 0.0867234 2 
0 0.0867608 2 
0 0.0868133 2 
0 0.0868882 2 
0 0.0869573 2 
0 0.0870593 2 
0 0.0871617 2 
0 0.0872464 2 
0 0.0872694 2 
0 0.0872746 2 
0 0.087296 2 
0 0.0873111 2 
0 0.0873414 2 
0 0.0873455 2 
0 0.0875259 2 
0 0.0875994 2 
0 0.0876026 2 
0 0.0876679 2 
0 0.0876823 2 
0 0.0876918 2 
0 0.0877203 2 
0 0.087831 2 
0 0.0878729 2 
0 0.0879074 2 
0 0.0879483 2 
0 0.0882925 2 
0 0.0883302 2 
0 0.0888035 2 
0 0.088829 2 
0 0.0889733 2 
0 0.0890359 2 
0 0.0890767 2 
0 0.0896442 2 
0 inf 2 
0 0.0336461 3 
0 0.0354225 3 
0 0.0359539 3 
0 0.0360015 3 
0 0.0362586 3 
0 0.0362836 3 
0 0.0364952 3 
0 0.0365293 3 
0 0.0365462 3 
0 0.0366671 3 
0 0.0367013 3 
0 0.0367267 3 
0 0.0368283 3 
0 0.0368376 3 
0 0.0368832 3 
0 0.0369858 3 
0 0.0370177 3 
0 0.0370496 3 
0 0.0372113 3 
0 0.037284 3 
0 0.0373237 3 
0 0.0373588 3 
0 0.0373637 3 
0 0.0374549 3 
0 0.0375703 3 
0 0.0376122 3 
0 0.03764 3 
0 0.0376466 3 
0 0.0376824 3 
0 0.0376844 3 
0 0.0377479 3 
0 0.0377563 3 
0 0.0377683 3 
0 0.0378153 3 
0 0.0378567 3 
0 0.0378677 3 
0 0.0379298 3 
0 0.0379521 3 
0 0.0379945 3 
0 0.0380125 3 
0 0.038042 3 
0 0.0380718 3 
0 0.0381012 3 
0 0.0381519 3 
0 0.0381623 3 
0 0.0381866 3 
0 0.0382032 3 
0 0.0382464 3 
0 0.0383097 3 
0 0.0383182 3 
0 0.0383387 3 
0 0.038352 3 
0 0.0383584 3 
0 0.038379 3 
0 0.0384132 3 
0 0.0384626 3 
0 0.0384795 3 
0 0.038481 3 
0 0.0384815 3 
0 0.0384917 3 
0 0.0385485 3 
0 0.0385861 3 
0 0.0386012 3 
0 0.0386172 3 
0 0.0386301 3 
0 0.0386397 3 
0 0.0386738 3 
0 0.03868 3 
0 0.0386849 3 
0 0.038701 3 
0 0.0387899 3 
0 0.0387966 3 
0 0.0387981 3 
0 0.038806 3 
0 0.0388095 3 
0 0.0388183 3 
0 0.0388238 3 
0 0.0388542 3 
0 0.038889 3 
0 0.0389092 3 
0 0.0389232 3 
0 0.0390082 3 
0 0.0390731 3 
0 0.0390856 3 
0 0.039091 3 
0 0.0391811 3 
0 0.0392481 3 
0 0.0392518 3 
0 0.0392583 3 
0 0.0392592 3 
0 0.0392759 3 
0 0.0392999 3 
0 0.0393012 3 
0 0.0393882 3 
0 0.0394296 3 
0 0.0394301 3 
0 0.0394344 3 
0 0.0394462 3 
0 0.0394624 3 
0 0.0395144 3 
0 0.0395223 3 
0 0.0395283 3 
0 0.0395366 3 
0 0.0395743 3 
0 0.0396491 3 
0 0.0396634 3 
0 0.039689 3 
0 0.0397387 3 
0 0.0397521 3 
0 0.0397842 3 
0 0.0397877 3 
0 0.0399288 3 
0 0.040065 3 
0 0.0400768 3 
0 0.0402725 3 
0 0.0403048 3 
0 0.0403283 3 
0 0.0403604 3 
0 0.040544 3 
0 0.0405477 3 
0 0.0406082 3 
0 0.0406171 3 
0 0.0410378 3 
0 0.0412505 3 
0 0.0414241 3 
0 0.0415779 3 
0 0.0419761 3 
0 inf 3 
0 0.0152797 4 
0 0.0160298 4 
0 0.0166059 4 
0 0.0166227 4 
0 0.0166513 4 
0 0.0166659 4 
0 0.016767 4 
0 0.0167719 4 
0 0.0168038 4 
0 0.0168125 4 
0 0.0168384 4 
0 0.016859 4 
0 0.0169563 4 
0 0.0169828 4 
0 0.0170629 4 
0 0.0171199 4 
0 0.0171304 4 
0 0.0172453 4 
0 0.0172884 4 
0 0.0173816 4 
0 0.0173993 4 
0 0.0174129 4 
0 0.0174252 4 
0 0.0174644 4 
0 0.017471 4 
0 0.0174893 4 
0 0.0174987 4 
0 0.0175068 4 
0 0.0175781 4 
0 0.0176201 4 
0 0.0176584 4 
0 0.0176695 4 
0 0.0176803 4 
0 0.0176883 4 
0 0.0177142 4 
0 0.0177336 4 
0 0.0177681 4 
0 0.0177706 4 
0 0.0177715 4 
0 0.0177757 4 
0 0.0177906 4 
0 0.017797 4 
0 0.0178015 4 
0 0.0178319 4 
0 0.0178445 4 
0 0.0178581 4 
0 0.0178591 4 
0 0.0178597 4 
0 0.0178692 4 
0 0.0178731 4 
0 0.0178871 4 
0 0.0179114 4 
0 0.0179116 4 
0 0.017938 4 
0 0.0180002 4 
0 0.0180076 4 
0 0.0180093 4 
0 0.0180937 4 
0 0.0181006 4 
0 0.018102 4 
0 0.0181086 4 
0 0.0181181 4 
0 0.0181515 4 
0 0.0181631 4 
0 0.0181653 4 
0 0.0181845 4 
0 0.0182243 4 
0 0.0182302 4 
0 0.018247 4 
0 0.018248 4 
0 0.0182651 4 
0 0.0182864 4 
0 0.018297 4 
0 0.0183236 4 
0 0.0183306 4 
0 0.0183315 4 
0 0.018349 4 
0 0.0183509 4 
0 0.018353 4 
0 0.0183612 4 
0 0.0183936 4 
0 0.0184025 4 
0 0.0184164 4 
0 0.018436 4 
0 0.0184523 4 
0 0.0184631 4 
0 0.0184823 4 
0 0.0185257 4 
0 0.0185307 4 
0 0.0185327 4 
0 0.0185435 4 
0 0.0185442 4 
0 0.0185919 4 
0 0.0186149 4 
0 0.0186278 4 
0 0.0186315 4 
0 0.0186685 4 
0 0.0186816 4 
0 0.0186832 4 
0 0.0186848 4 
0 0.0187168 4 
0 0.0187465 4 
0 0.0187695 4 
0 0.0187996 4 
0 0.0188086 4 
0 0.0188137 4 
0 0.0188316 4 
0 0.0188579 4 
0 0.0188631 4 
0 0.018866 4 
0 0.0189554 4 
0 0.0190102 4 
0 0.019021 4 
0 0.0190651 4 
0 0.0190966 4 
0 0.0191838 4 
0 0.019224 4 
0 0.0193172 4 
0 0.019323 4 
0 0.0193306 4 
0 0.0193759 4 
0 0.0195045 4 
0 0.0196864 4 
0 0.0197691 4 
0 0.0198606 4 
0 0.0202198 4 
0 0.0205978 4 
0 inf 4 
0 0.00722453 5 
0 0.00753334 5 
0 0.00774615 5 
0 0.00781722 5 
0 0.00784459 5 
0 0.00791129 5 
0 0.0079248 5 
0 0.00793934 5 
0 0.00794218 5 
0 0.00798774 5 
0 0.00798966 5 
0 0.00806454 5 
0 0.00810027 5 
0 0.00816319 5 
0 0.008164 5 
0 0.00818993 5 
0 0.0081944 5 
0 0.00826744 5 
0 0.00830303 5 
0 0.00830933 5 
0 0.00832124 5 
0 0.00832947 5 
0 0.00837722 5 
0 0.00837938 5 
0 0.00843106 5 
0 0.00845642 5 
0 0.00846161 5 
0 0.0084646 5 
0 0.00847554 5 
0 0.00849757 5 
0 0.00852376 5 
0 0.00852826 5 
0 0.00853449 5 
0 0.0085458 5 
0 0.00854652 5 
0 0.00855004 5 
0 0.00855739 5 
0 0.00856451 5 
0 0.00858376 5 
0 0.00860711 5 
0 0.00861304 5 
0 0.00862613 5 
0 0.00862946 5 
0 0.00863485 5 
0 0.00864262 5 
0 0.00864271 5 
0 0.00864594 5 
0 0.00864637 5 
0 0.0086488 5 
0 0.00865945 5 
0 0.00867563 5 
0 0.00867846 5 
0 0.00867911 5 
0 0.0086961 5 
0 0.00869757 5 
0 0.00869922 5 
0 0.00870031 5 
0 0.00870172 5 
0 0.00871233 5 
0 0.0087182 5 
0 0.0087219 5 
0 0.00873705 5 
0 0.00874399 5 
0 0.0087445 5 
0 0.00878767 5 
0 0.00880218 5 
0 0.00882098 5 
0 0.00882408 5 
0 0.00882578 5 
0 0.0088275 5 
0 0.0088315 5 
0 0.00883865 5 
0 0.00885508 5 
0 0.00885539 5 
0 0.00885874 5 
0 0.00888803 5 
0 0.00889459 5 
0 0.00889631 5 
0 0.00890592 5 
0 0.00890709 5 
0 0.00892287 5 
0 0.00893252 5 
0 0.00893265 5 
0 0.00893428 5 
0 0.00894273 5 
0 0.00895206 5 
0 0.00897536 5 
0 0.00898599 5 
0 0.00898765 5 
0 0.00898852 5 
0 0.00899309 5 
0 0.00899717 5 
0 0.00899993 5 
0 0.00900335 5 
0 0.00902426 5 
0 0.00904392 5 
0 0.00904518 5 
0 0.00904997 5 
0 0.00909354 5 
0 0.00910052 5 
0 0.00912249 5 
0 0.00913197 5 
0 0.00916675 5 
0 0.00918023 5 
0 0.00919767 5 
0 0.00922969 5 
0 0.00923229 5 
0 0.00924245 5 
0 0.00925115 5 
0 0.00925904 5 
0 0.00926814 5 
0 0.00928005 5 
0 0.00931603 5 
0 0.00933384 5 
0 0.00940776 5 
0 0.00941885 5 
0 0.00942709 5 
0 0.00943903 5 
0 0.00953779 5 
0 0.00956848 5 
0 0.00957148 5 
0 0.00961641 5 
0 0.00963917 5 
0 0.00969292 5 
0 0.00981888 5 
0 0.010093 5 
0 0.0102957 5 
0 inf 5 
0 0.00352387 6 
0 0.00365827 6 
0 0.00369099 6 
0 0.00373971 6 
0 0.0037533 6 
0 0.00384849 6 
0 0.0038551 6 
0 0.00386417 6 
0 0.0038656 6 
0 0.00388198 6 
0 0.00388377 6 
0 0.00392724 6 
0 0.00393611 6 
0 0.00398131 6 
0 0.00400488 6 
0 0.00400612 6 
0 0.00401885 6 
0 0.00406081 6 
0 0.00407133 6 
0 0.00407955 6 
0 0.00408691 6 
0 0.00409196 6 
0 0.00411483 6 
0 0.00412127 6 
0 0.00412223 6 
0 0.00413063 6 
0 0.00413675 6 
0 0.0041809 6 
0 0.00418773 6 
0 0.0041902 6 
0 0.00420197 6 
0 0.00421248 6 
0 0.00422278 6 
0 0.004232 6 
0 0.00423204 6 
0 0.00423927 6 
0 0.00424008 6 
0 0.0042428 6 
0 0.00425074 6 
0 0.004251 6 
0 0.00426054 6 
0 0.00426111 6 
0 0.00426119 6 
0 0.00426422 6 
0 0.00426766 6 
0 0.00427405 6 
0 0.00427458 6 
0 0.00427928 6 
0 0.00428479 6 
0 0.00428648 6 
0 0.00428845 6 
0 0.00429358 6 
0 0.00429382 6 
0 0.00430636 6 
0 0.00430732 6 
0 0.0043074 6 
0 0.00430899 6 
0 0.00430927 6 
0 0.00431014 6 
0 0.00431196 6 
0 0.00431822 6 
0 0.00432161 6 
0 0.0043275 6 
0 0.00433476 6 
0 0.00434166 6 
0 0.00434581 6 
0 0.00434899 6 
0 0.00435677 6 
0 0.00435679 6 
0 0.00436166 6 
0 0.00437765 6 
0 0.0043838 6 
0 0.00438545 6 
0 0.00438828 6 
0 0.00439317 6 
0 0.00439663 6 
0 0.00440771 6 
0 0.00441509 6 
0 0.00441972 6 
0 0.00443243 6 
0 0.00443708 6 
0 0.00443939 6 
0 0.00444204 6 
0 0.00444245 6 
0 0.00444249 6 
0 0.00444395 6 
0 0.00444659 6 
0 0.00444759 6 
0 0.00445784 6 
0 0.00445904 6 
0 0.00446307 6 
0 0.00446607 6 
0 0.00448355 6 
0 0.00448484 6 
0 0.00448558 6 
0 0.0044882 6 
0 0.00448837 6 
0 0.00449775 6 
0 0.00450938 6 
0 0.00451153 6 
0 0.00451406 6 
0 0.00452224 6 
0 0.00455232 6 
0 0.00457836 6 
0 0.004579 6 
0 0.00459888 6 
0 0.00460855 6 
0 0.00462222 6 
0 0.00463271 6 
0 0.00464187 6 
0 0.0046655 6 
0 0.00466919 6 
0 0.00467299 6 
0 0.00467637 6 
0 0.0046841 6 
0 0.00471371 6 
0 0.00474327 6 
0 0.00476658 6 
0 0.00476797 6 
0 0.00477588 6 
0 0.00479715 6 
0 0.00482851 6 
0 0.00485986 6 
0 0.00491059 6 
0 0.00494858 6 
0 0.00513064 6 
0 0.00521695 6 
0 inf 6 
0 0.00175958 7 
0 0.00178993 7 
0 0.0018152 7 
0 0.00182598 7 
0 0.00183503 7 
0 0.0019016 7 
0 0.00190646 7 
0 0.00192231 7 
0 0.00192436 7 
0 0.00192444 7 
0 0.00192514 7 
0 0.00194139 7 
0 0.00195942 7 
0 0.00197016 7 
0 0.00197904 7 
0 0.00199484 7 
0 0.00200394 7 
0 0.0020098 7 
0 0.00202428 7 
0 0.00202919 7 
0 0.00203248 7 
0 0.00204354 7 
0 0.00204598 7 
0 0.0020505 7 
0 0.00205122 7 
0 0.00206592 7 
0 0.0020815 7 
0 0.00208329 7 
0 0.00208691 7 
0 0.00208898 7 
0 0.00209563 7 
0 0.00210951 7 
0 0.00211258 7 
0 0.0021148 7 
0 0.0021171 7 
0 0.00211942 7 
0 0.00212282 7 
0 0.00212292 7 
0 0.00213397 7 
0 0.00213645 7 
0 0.00213812 7 
0 0.00214032 7 
0 0.00214432 7 
0 0.00214476 7 
0 0.00214585 7 
0 0.00214617 7 
0 0.00214887 7 
0 0.0021502 7 
0 0.00215408 7 
0 0.00215742 7 
0 0.00215805 7 
0 0.00216065 7 
0 0.00216067 7 
0 0.00216118 7 
0 0.00216384 7 
0 0.00217194 7 
0 0.00217472 7 
0 0.00217836 7 
0 0.00217916 7 
0 0.00217981 7 
0 0.00218424 7 
0 0.00218495 7 
0 0.00219002 7 
0 0.0021927 7 
0 0.00219305 7 
0 0.00219338 7 
0 0.00219456 7 
0 0.00219642 7 
0 0.00220302 7 
0 0.00220489 7 
0 0.00220515 7 
0 0.00221018 7 
0 0.0022114 7 
0 0.00221323 7 
0 0.00221475 7 
0 0.00221751 7 
0 0.00222303 7 
0 0.00222534 7 
0 0.00222809 7 
0 0.00222968 7 
0 0.0022334 7 
0 0.00223461 7 
0 0.00224151 7 
0 0.00224329 7 
0 0.00224556 7 
0 0.00224595 7 
0 0.00224751 7 
0 0.00224887 7 
0 0.00225044 7 
0 0.0022518 7 
0 0.00225185 7 
0 0.0022519 7 
0 0.00225413 7 
0 0.00226919 7 
0 0.00227049 7 
0 0.00227512 7 
0 0.00227723 7 
0 0.00227874 7 
0 0.00227905 7 
0 0.00228946 7 
0 0.00229155 7 
0 0.00229392 7 
0 0.00230046 7 
0 0.00230631 7 
0 0.00231998 7 
0 0.00232693 7 
0 0.00234222 7 
0 0.00234242 7 
0 0.00234314 7 
0 0.00235142 7 
0 0.00236958 7 
0 0.00237074 7 
0 0.00237523 7 
0 0.00238866 7 
0 0.00239772 7 
0 0.00240296 7 
0 0.00240381 7 
0 0.00240981 7 
0 0.00243109 7 
0 0.00243365 7 
0 0.00244038 7 
0 0.00244694 7 
0 0.00246953 7 
0 0.00253134 7 
0 0.00255936 7 
0 0.00263346 7 
0 0.00267008 7 
0 inf 7 
0 0.000880311 8 
0 0.000894088 8 
0 0.000894989 8 
0 0.00091056 8 
0 0.000931824 8 
0 0.000954819 8 
0 0.000956305 8 
0 0.000967863 8 
0 0.00096981 8 
0 0.000970298 8 
0 0.000974676 8 
0 0.000974909 8 
0 0.000976124 8 
0 0.000988466 8 
0 0.000990437 8 
0 0.000993472 8 
0 0.00101906 8 
0 0.00102069 8 
0 0.00102421 8 
0 0.00102606 8 
0 0.0010272 8 
0 0.00102905 8 
0 0.00103187 8 
0 0.00103275 8 
0 0.00103319 8 
0 0.00104069 8 
0 0.00104995 8 
0 0.00105392 8 
0 0.00105667 8 
0 0.00105804 8 
0 0.00105991 8 
0 0.00106252 8 
0 0.00106665 8 
0 0.00107353 8 
0 0.00107467 8 
0 0.00107858 8 
0 0.00107885 8 
0 0.00108138 8 
0 0.00108214 8 
0 0.00108401 8 
0 0.00108408 8 
0 0.00108608 8 
0 0.00108903 8 
0 0.00108928 8 
0 0.00109022 8 
0 0.00109064 8 
0 0.00109161 8 
0 0.00109177 8 
0 0.00109198 8 
0 0.00109308 8 
0 0.00109327 8 
0 0.00109678 8 
0 0.00109908 8 
0 0.00109914 8 
0 0.00109922 8 
0 0.00110147 8 
0 0.00110412 8 
0 0.00110514 8 
0 0.001108 8 
0 0.00110857 8 
0 0.00110996 8 
0 0.00111025 8 
0 0.00111141 8 
0 0.00111564 8 
0 0.0011158 8 
0 0.00111899 8 
0 0.0011237 8 
0 0.00112483 8 
0 0.00112574 8 
0 0.00112584 8 
0 0.00112731 8 
0 0.001128 8 
0 0.0011332 8 
0 0.00113589 8 
0 0.00113655 8 
0 0.00113689 8 
0 0.00113928 8 
0 0.00113954 8 
0 0.00114095 8 
0 0.00114326 8 
0 0.00114353 8 
0 0.00114367 8 
0 0.00114428 8 
0 0.00114432 8 
0 0.00114561 8 
0 0.00114732 8 
0 0.00114753 8 
0 0.00115077 8 
0 0.00115273 8 
0 0.00115319 8 
0 0.0011566 8 
0 0.00115938 8 
0 0.00116261 8 
0 0.0011641 8 
0 0.00116411 8 
0 0.00116665 8 
0 0.00116928 8 
0 0.00116941 8 
0 0.00117005 8 
0 0.00117218 8 
0 0.00117461 8 
0 0.00117703 8 
0 0.00117806 8 
0 0.0011855 8 
0 0.00118625 8 
0 0.00118705 8 
0 0.0011934 8 
0 0.00119358 8 
0 0.00119674 8 
0 0.00119764 8 
0 0.0012151 8 
0 0.00121776 8 
0 0.00121938 8 
0 0.00122493 8 
0 0.00123292 8 
0 0.00123335 8 
0 0.00123674 8 
0 0.00123907 8 
0 0.00125211 8 
0 0.0012557 8 
0 0.00126645 8 
0 0.00126741 8 
0 0.00126797 8 
0 0.0012781 8 
0 0.00134146 8 
0 0.00134374 8 
0 0.00137761 8 
0 inf 8 
0 0.000437922 9 
0 0.00044747 9 
0 0.000457388 9 
0 0.000460283 9 
0 0.000483791 9 
0 0.000483936 9 
0 0.000484949 9 
0 0.000486101 9 
0 0.000492646 9 
0 0.000495526 9 
0 0.00049559 9 
0 0.000495938 9 
0 0.00050007 9 
0 0.000501335 9 
0 0.000503436 9 
0 0.000505548 9 
0 0.00051542 9 
0 0.000524152 9 
0 0.000524269 9 
0 0.000524473 9 
0 0.000524789 9 
0 0.000524846 9 
0 0.000525223 9 
0 0.000526284 9 
0 0.000529784 9 
0 0.000532005 9 
0 0.00053328 9 
0 0.000538094 9 
0 0.000539416 9 
0 0.000539987 9 
0 0.000542882 9 
0 0.000543486 9 
0 0.000544554 9 
0 0.000544567 9 
0 0.000546074 9 
0 0.00054837 9 
0 0.000550039 9 
0 0.000550409 9 
0 0.000550561 9 
0 0.000553093 9 
0 0.000553469 9 
0 0.000554342 9 
0 0.00055435 9 
0 0.000557906 9 
0 0.000558832 9 
0 0.000560333 9 
0 0.000560795 9 
0 0.000560903 9 
0 0.00056148 9 
0 0.000562361 9 
0 0.000562724 9 
0 0.000563131 9 
0 0.000563481 9 
0 0.000565313 9 
0 0.000565493 9 
0 0.000565509 9 
0 0.000567384 9 
0 0.000568361 9 
0 0.000568544 9 
0 0.000568558 9 
0 0.000569262 9 
0 0.000569318 9 
0 0.000569813 9 
0 0.000571156 9 
0 0.000575424 9 
0 0.000577482 9 
0 0.000578099 9 
0 0.000579854 9 
0 0.000580374 9 
0 0.000581907 9 
0 0.000582198 9 
0 0.000582375 9 
0 0.000582623 9 
0 0.000583353 9 
0 0.000583553 9 
0 0.000583695 9 
0 0.000583727 9 
0 0.00058414 9 
0 0.000585056 9 
0 0.000587447 9 
0 0.0005882 9 
0 0.000588852 9 
0 0.000591611 9 
0 0.000592011 9 
0 0.000595516 9 
0 0.000596076 9 
0 0.000596567 9 
0 0.000597568 9 
0 0.000600467 9 
0 0.000600531 9 
0 0.000601106 9 
0 0.000602951 9 
0 0.000603528 9 
0 0.000603704 9 
0 0.0006042 9 
0 0.000604582 9 
0 0.000605085 9 
0 0.000605677 9 
0 0.000605728 9 
0 0.000606084 9 
0 0.000607174 9 
0 0.000609233 9 
0 0.000613633 9 
0 0.00061536 9 
0 0.00061543 9 
0 0.000617873 9 
0 0.000618179 9 
0 0.00061838 9 
0 0.000618932 9 
0 0.000620034 9 
0 0.000623303 9 
0 0.000623495 9 
0 0.000624965 9 
0 0.000627158 9 
0 0.000636328 9 
0 0.000636406 9 
0 0.000646939 9 
0 0.000648787 9 
0 0.000651639 9 
0 0.000653402 9 
0 0.000656427 9 
0 0.000663695 9 
0 0.000664759 9 
0 0.000666016 9 
0 0.000690667 9 
0 0.000703929 9 
0 0.000715653 9 
0 inf 9 
