0.524897 0.542105 0 
0.524696 0.54014 0 
0.524305 0.535938 0 
0.524147 0.540164 0 
0.523945 0.5411 0 
0.523583 0.538624 0 
0.523057 0.53979 0 
0.522792 0.541401 0 
0.522509 0.541052 0 
0.522211 0.540742 0 
0.522009 0.522014 0 
0.521982 0.542983 0 
0.52194 0.522016 0 
0.521726 0.539135 0 
0.521659 0.542004 0 
0.521591 0.542104 0 
0.521472 0.540233 0 
0.521158 0.52341 0 
0.521137 0.540742 0 
0.521059 0.541618 0 
0.521003 0.541142 0 
0.520989 0.541757 0 
0.520935 0.543365 0 
0.520931 0.540742 0 
0.520916 0.543596 0 
0.520818 0.521518 0 
0.52079 0.542104 0 
0.520725 0.540898 0 
0.520661 0.540822 0 
0.520584 0.545049 0 
0.520569 0.541052 0 
0.520373 0.542262 0 
0.520037 0.540939 0 
0.519977 0.541142 0 
0.519799 0.542555 0 
0.519724 0.543849 0 
0.519692 0.54299 0 
0.51954 0.542577 0 
0.519508 0.541439 0 
0.519356 0.543365 0 
0.519327 0.541638 0 
0.519286 0.541524 0 
0.519211 0.519959 0 
0.519204 0.539042 0 
0.519175 0.520417 0 
0.519126 0.537903 0 
0.51912 0.543102 0 
0.519118 0.54409 0 
0.519089 0.543513 0 
0.519057 0.541618 0 
0.519038 0.538624 0 
0.519017 0.520733 0 
0.519003 0.544386 0 
0.518966 0.51963 0 
0.518963 0.538624 0 
0.518942 0.519249 0 
0.518941 0.521113 0 
0.518923 0.542734 0 
0.518909 0.519296 0 
0.51887 0.540856 0 
0.518858 0.539636 0 
0.518802 0.54103 0 
0.518796 0.542291 0 
0.518748 0.543446 0 
0.518732 0.542091 0 
0.518728 0.540998 0 
0.518689 0.518825 0 
0.518671 0.519838 0 
0.518659 0.51983 0 
0.518642 0.542589 0 
0.518576 0.540881 0 
0.518565 0.541161 0 
0.51853 0.519384 0 
0.51851 0.541618 0 
0.518507 0.540527 0 
0.518408 0.51961 0 
0.518404 0.518681 0 
0.518263 0.518539 0 
0.518234 0.545225 0 
0.518229 0.54299 0 
0.518209 0.541148 0 
0.518106 0.535938 0 
0.518094 0.541096 0 
0.518075 0.542836 0 
0.51804 0.545656 0 
0.518035 0.518124 0 
0.518016 0.51832 0 
0.518006 0.518882 0 
0.517959 0.539042 0 
0.517932 0.544386 0 
0.51793 0.521326 0 
0.51788 0.51885 0 
0.517848 0.544704 0 
0.517844 0.541439 0 
0.517822 0.539042 0 
0.51782 0.519613 0 
0.517802 0.54103 0 
0.517798 0.518456 0 
0.517786 0.545531 0 
0.517779 0.540998 0 
0.517701 0.543102 0 
0.51767 0.5411 0 
0.517662 0.54137 0 
0.517652 0.54318 0 
0.517635 0.543458 0 
0.517543 0.542734 0 
0.517537 0.545225 0 
0.517533 0.542291 0 
0.517513 0.544645 0 
0.517462 0.543526 0 
0.5174 0.517827 0 
0.517389 0.541638 0 
0.517285 0.544703 0 
0.51722 0.542955 0 
0.517197 0.542589 0 
0.51719 0.544386 0 
0.517132 0.542185 0 
0.517105 0.540998 0 
0.517087 0.542577 0 
0.517066 0.518258 0 
0.517036 0.544467 0 
0.517026 0.520919 0 
0.516974 0.53979 0 
0.516937 0.518114 0 
0.516907 0.54531 0 
0.516885 0.517217 0 
0.516879 0.518649 0 
0.51685 0.542069 0 
0.516803 0.542262 0 
0.516753 0.544054 0 
0.516729 0.519688 0 
0.516687 0.543978 0 
0.516642 0.540898 0 
0.516593 0.543386 0 
0.516586 0.542742 0 
0.516574 0.520405 0 
0.516571 0.54554 0 
0.516456 0.516938 0 
0.516454 0.543893 0 
0.516446 0.51858 0 
0.516438 0.541625 0 
0.516422 0.543344 0 
0.516381 0.542197 0 
0.516333 0.516783 0 
0.516322 0.518672 0 
0.516291 0.542527 0 
0.516287 0.51963 0 
0.516277 0.541707 0 
0.516277 0.520819 0 
0.516269 0.516952 0 
0.516257 0.542758 0 
0.516256 0.541618 0 
0.516242 0.519194 0 
0.516238 0.540822 0 
0.516232 0.543182 0 
0.516226 0.542955 0 
0.516198 0.545244 0 
0.516173 0.543526 0 
0.516168 0.517217 0 
0.516131 0.543199 0 
0.516123 0.544716 0 
0.516107 0.518941 0 
0.516096 0.519699 0 
0.516085 0.520034 0 
0.516083 0.540881 0 
0.516071 0.540898 0 
0.516018 0.520462 0 
0.516011 0.543809 0 
0.515961 0.520656 0 
0.515919 0.517303 0 
0.515881 0.541966 0 
0.515797 0.545045 0 
0.51574 0.543602 0 
0.515729 0.540366 0 
0.515699 0.517522 0 
0.515689 0.542189 0 
0.515677 0.51885 0 
0.515638 0.516696 0 
0.515636 0.545244 0 
0.515603 0.54334 0 
0.515592 0.538624 0 
0.515582 0.521707 0 
0.51552 0.520093 0 
0.515487 0.521518 0 
0.515471 0.517067 0 
0.515462 0.516649 0 
0.51543 0.516942 0 
0.515413 0.541524 0 
0.515401 0.541596 0 
0.515382 0.540898 0 
0.515374 0.518649 0 
0.515366 0.517875 0 
0.515352 0.517588 0 
0.515322 0.517827 0 
0.515305 0.52341 0 
0.515279 0.542189 0 
0.515271 0.540856 0 
0.51525 0.518811 0 
0.515228 0.543199 0 
0.515179 0.54352 0 
0.515113 0.542955 0 
0.515095 0.540164 0 
0.515085 0.518246 0 
0.515082 0.540164 0 
0.515065 0.542004 0 
0.515062 0.54103 0 
0.515058 0.540742 0 
0.515052 0.542769 0 
0.515026 0.542004 0 
0.515026 0.542547 0 
0.515011 0.516875 0 
0.514978 0.518411 0 
0.514967 0.544951 0 
0.514965 0.516729 0 
0.514956 0.515576 0 
0.514947 0.519959 0 
0.514939 0.54224 0 
0.514879 0.542557 0 
0.514867 0.545547 0 
0.514853 0.516724 0 
0.514825 0.514955 0 
0.51481 0.543928 0 
0.514771 0.51832 0 
0.514761 0.518788 0 
0.514742 0.51719 0 
0.514672 0.518114 0 
0.514664 0.515996 0 
0.514646 0.515354 0 
0.514641 0.540742 0 
0.514615 0.520855 0 
0.514612 0.5444 0 
0.51461 0.516927 0 
0.514605 0.540998 0 
0.514604 0.518373 0 
0.5146 0.517004 0 
0.514599 0.540527 0 
0.514591 0.542189 0 
0.514583 0.541148 0 
0.514576 0.542189 0 
0.514533 0.515389 0 
0.514525 0.543085 0 
0.514512 0.54014 0 
0.514471 0.542723 0 
0.514409 0.540527 0 
0.514361 0.542004 0 
0.514256 0.515193 0 
0.514247 0.542076 0 
0.514237 0.547207 0 
0.514236 0.518681 0 
0.514236 0.546804 0 
0.514236 0.541161 0 
0.514212 0.541096 0 
0.514212 0.541096 0 
0.514206 0.540164 0 
0.514202 0.516248 0 
0.514183 0.514772 0 
0.514154 0.542706 0 
0.514139 0.54014 0 
0.514102 0.514164 0 
0.514074 0.542758 0 
0.514031 0.540502 0 
0.514024 0.515583 0 
0.513996 0.514841 0 
0.513967 0.517629 0 
0.513939 0.545095 0 
0.513875 0.513909 0 
0.513844 0.519392 0 
0.513832 0.514021 0 
0.5138 0.513995 0 
0.513786 0.518788 0 
0.513779 0.542621 0 
0.513767 0.543526 0 
0.513766 0.540553 0 
0.513766 0.518548 0 
0.513746 0.547912 0 
0.513723 0.514428 0 
0.513687 0.539042 0 
0.513654 0.545597 0 
0.513648 0.541439 0 
0.513609 0.540856 0 
0.513583 0.541638 0 
0.513581 0.517997 0 
0.513563 0.541148 0 
0.513558 0.516527 0 
0.513539 0.542577 0 
0.513482 0.520325 0 
0.513433 0.541744 0 
0.513407 0.543611 0 
0.513402 0.513677 0 
0.513388 0.542435 0 
0.513353 0.519316 0 
0.513343 0.515594 0 
0.51333 0.520336 0 
0.513321 0.543292 0 
0.513302 0.538624 0 
0.513299 0.519518 0 
0.513287 0.519454 0 
0.513275 0.54137 0 
0.513264 0.51885 0 
0.51325 0.540998 0 
0.513241 0.540856 0 
0.513219 0.54321 0 
0.513206 0.541401 0 
0.513196 0.541028 0 
0.513188 0.544163 0 
0.513165 0.542706 0 
0.513165 0.545556 0 
0.513115 0.543778 0 
0.513106 0.54414 0 
0.513068 0.546174 0 
0.51305 0.539636 0 
0.51304 0.540527 0 
0.513039 0.519957 0 
0.513033 0.543196 0 
0.513012 0.543092 0 
0.512994 0.54401 0 
0.51297 0.541148 0 
0.512959 0.541638 0 
0.512921 0.520855 0 
0.512921 0.543685 0 
0.512891 0.542189 0 
0.512805 0.542791 0 
0.512789 0.54495 0 
0.512753 0.540822 0 
0.512724 0.541625 0 
0.512667 0.542421 0 
0.512656 0.541161 0 
0.512643 0.540164 0 
0.51262 0.542734 0 
0.512611 0.51998 0 
0.512581 0.515388 0 
0.512558 0.521931 0 
0.512481 0.546466 0 
0.512403 0.542955 0 
0.512379 0.542197 0 
0.512366 0.542366 0 
0.512361 0.544358 0 
0.512308 0.51636 0 
0.512301 0.54014 0 
0.512287 0.520093 0 
0.512286 0.542621 0 
0.512273 0.540856 0 
0.51227 0.54334 0 
0.512254 0.537903 0 
0.512213 0.542555 0 
0.512208 0.540233 0 
0.512199 0.542547 0 
0.512187 0.544513 0 
0.512152 0.544178 0 
0.512103 0.548867 0 
0.512087 0.545046 0 
0.512074 0.541638 0 
0.512034 0.541028 0 
0.512 0.542076 0 
0.511999 0.541052 0 
0.511942 0.542076 0 
0.511935 0.515557 0 
0.51193 0.541052 0 
0.511876 0.540423 0 
0.511876 0.516494 0 
0.511838 0.54299 0 
0.511767 0.540502 0 
0.511765 0.543599 0 
0.511747 0.543599 0 
0.511742 0.541052 0 
0.511731 0.547468 0 
0.511711 0.541744 0 
0.511676 0.543943 0 
0.511668 0.54576 0 
0.511664 0.514831 0 
0.511604 0.543815 0 
0.511602 0.522068 0 
0.511563 0.541161 0 
0.511554 0.542742 0 
0.511542 0.543599 0 
0.511531 0.542515 0 
0.511504 0.540566 0 
0.511478 0.547468 0 
0.511453 0.542769 0 
0.511447 0.543945 0 
0.511414 0.54334 0 
0.511356 0.540933 0 
0.511356 0.543055 0 
0.511332 0.547906 0 
0.511324 0.540527 0 
0.511315 0.541618 0 
0.511255 0.540933 0 
0.51121 0.537903 0 
0.511188 0.543602 0 
0.511183 0.541672 0 
0.511147 0.543584 0 
0.511094 0.543833 0 
0.511058 0.516357 0 
0.510978 0.541742 0 
0.510938 0.541096 0 
0.510911 0.541689 0 
0.510886 0.542421 0 
0.510729 0.544386 0 
0.51067 0.542262 0 
0.51062 0.54334 0 
0.510571 0.543359 0 
0.510538 0.516649 0 
0.510527 0.542435 0 
0.51039 0.544357 0 
0.510364 0.542447 0 
0.51033 0.547565 0 
0.510217 0.543901 0 
0.51019 0.543974 0 
0.510101 0.545597 0 
0.510046 0.54661 0 
0.50993 0.544342 0 
0.509908 0.543973 0 
0.509871 0.543833 0 
0.509845 0.544263 0 
0.509839 0.544156 0 
0.509807 0.547932 0 
0.509559 0.546077 0 
0.509481 0.544669 0 
0.509473 0.546189 0 
0.509287 0.545887 0 
0.509284 0.545297 0 
0.509144 0.510179 0 
0.508226 0.549889 0 
0.22014 0.228714 1 
0.21811 0.227275 1 
0.217924 0.221673 1 
0.21739 0.224857 1 
0.217168 0.221744 1 
0.216798 0.229967 1 
0.216691 0.224988 1 
0.216666 0.230045 1 
0.216588 0.228528 1 
0.216567 0.222533 1 
0.21645 0.22625 1 
0.216429 0.229346 1 
0.216425 0.225833 1 
0.216424 0.220017 1 
0.216424 0.222684 1 
0.216412 0.223278 1 
0.21633 0.228147 1 
0.216263 0.227137 1 
0.216246 0.222684 1 
0.21608 0.222767 1 
0.215978 0.221428 1 
0.215856 0.226623 1 
0.215833 0.221918 1 
0.21583 0.224565 1 
0.215727 0.229361 1 
0.215724 0.231608 1 
0.21572 0.224069 1 
0.215711 0.224946 1 
0.215461 0.223892 1 
0.215456 0.226882 1 
0.215454 0.229346 1 
0.215294 0.222393 1 
0.215279 0.219406 1 
0.21518 0.226683 1 
0.215177 0.223225 1 
0.215133 0.224804 1 
0.215113 0.222765 1 
0.215096 0.228505 1 
0.215027 0.223477 1 
0.214975 0.228827 1 
0.214972 0.224373 1 
0.214923 0.229122 1 
0.214905 0.223013 1 
0.214856 0.22625 1 
0.214776 0.221673 1 
0.214772 0.227795 1 
0.214766 0.232777 1 
0.214736 0.222393 1 
0.21473 0.225132 1 
0.214707 0.227137 1 
0.21469 0.232185 1 
0.214645 0.22556 1 
0.214566 0.225833 1 
0.214529 0.226378 1 
0.214475 0.228403 1 
0.214472 0.226556 1 
0.21446 0.225395 1 
0.214453 0.21949 1 
0.214442 0.223627 1 
0.214406 0.224565 1 
0.214403 0.219406 1 
0.214399 0.224378 1 
0.214338 0.226381 1 
0.214219 0.227608 1 
0.21415 0.224565 1 
0.214136 0.22144 1 
0.214114 0.227033 1 
0.21408 0.2259 1 
0.214069 0.223559 1 
0.214048 0.224862 1 
0.214029 0.223786 1 
0.214019 0.222721 1 
0.214016 0.225671 1 
0.214015 0.224894 1 
0.213999 0.230042 1 
0.213958 0.226927 1 
0.21393 0.214063 1 
0.21383 0.228827 1 
0.213803 0.229403 1 
0.213784 0.222393 1 
0.213758 0.226684 1 
0.213571 0.225913 1 
0.213553 0.224851 1 
0.213536 0.226546 1 
0.213484 0.232136 1 
0.213462 0.225758 1 
0.213456 0.225784 1 
0.21345 0.225636 1 
0.213411 0.224802 1 
0.213392 0.223502 1 
0.213388 0.21949 1 
0.213373 0.221646 1 
0.213363 0.219406 1 
0.213318 0.231644 1 
0.213284 0.220111 1 
0.213281 0.229663 1 
0.213261 0.228848 1 
0.213235 0.227773 1 
0.213188 0.228211 1 
0.213186 0.227335 1 
0.213135 0.223013 1 
0.213107 0.233669 1 
0.213093 0.222172 1 
0.213091 0.227033 1 
0.213085 0.223559 1 
0.213069 0.224373 1 
0.213041 0.224894 1 
0.212977 0.21949 1 
0.212969 0.223963 1 
0.212927 0.225992 1 
0.212876 0.225784 1 
0.212849 0.221677 1 
0.21284 0.229041 1 
0.212826 0.218127 1 
0.212814 0.227137 1 
0.212777 0.228442 1 
0.212695 0.222882 1 
0.212529 0.228684 1 
0.212476 0.22217 1 
0.212436 0.224153 1 
0.212271 0.227012 1 
0.212244 0.230188 1 
0.212242 0.230767 1 
0.212235 0.228847 1 
0.212228 0.22376 1 
0.212214 0.22658 1 
0.212183 0.225727 1 
0.212166 0.213156 1 
0.212031 0.226546 1 
0.211977 0.227767 1 
0.211972 0.226282 1 
0.211895 0.222882 1 
0.211885 0.227007 1 
0.211883 0.22762 1 
0.21188 0.224931 1 
0.21185 0.225132 1 
0.211813 0.223081 1 
0.211782 0.222017 1 
0.211779 0.223225 1 
0.211762 0.222533 1 
0.21176 0.221646 1 
0.211721 0.225132 1 
0.21172 0.223563 1 
0.21172 0.224565 1 
0.211653 0.224802 1 
0.211635 0.223627 1 
0.211588 0.224205 1 
0.211546 0.221673 1 
0.21151 0.221646 1 
0.211468 0.225232 1 
0.21144 0.23181 1 
0.211405 0.222721 1 
0.211404 0.222623 1 
0.211402 0.22231 1 
0.211391 0.22415 1 
0.211378 0.212762 1 
0.211364 0.212877 1 
0.211352 0.222172 1 
0.211275 0.225019 1 
0.211259 0.211888 1 
0.211235 0.223714 1 
0.211197 0.214519 1 
0.21113 0.22548 1 
0.211108 0.221646 1 
0.211044 0.211373 1 
0.211015 0.223225 1 
0.210963 0.224506 1 
0.210904 0.226 1 
0.210796 0.221428 1 
0.210791 0.211677 1 
0.210757 0.212001 1 
0.210698 0.226684 1 
0.210691 0.235438 1 
0.210665 0.21067 1 
0.210664 0.229812 1 
0.210634 0.223013 1 
0.210599 0.224634 1 
0.210594 0.227029 1 
0.210586 0.210698 1 
0.210566 0.210959 1 
0.21055 0.213302 1 
0.210501 0.228889 1 
0.2105 0.226139 1 
0.210499 0.223658 1 
0.210465 0.225437 1 
0.210399 0.223385 1 
0.210389 0.222623 1 
0.210353 0.224802 1 
0.210352 0.228889 1 
0.210283 0.225774 1 
0.210166 0.226903 1 
0.210159 0.228498 1 
0.21014 0.210364 1 
0.21004 0.227588 1 
0.210015 0.222017 1 
0.210013 0.211125 1 
0.209986 0.227207 1 
0.209981 0.225132 1 
0.209969 0.228488 1 
0.20994 0.232185 1 
0.209886 0.223339 1 
0.209861 0.222017 1 
0.20986 0.225047 1 
0.209772 0.210393 1 
0.209761 0.223658 1 
0.209703 0.210312 1 
0.209526 0.223988 1 
0.20949 0.219406 1 
0.20948 0.223081 1 
0.209472 0.211105 1 
0.209319 0.224331 1 
0.209308 0.210393 1 
0.209284 0.223387 1 
0.209281 0.225201 1 
0.209257 0.227307 1 
0.209227 0.22556 1 
0.209224 0.227259 1 
0.209195 0.224931 1 
0.209158 0.222172 1 
0.209126 0.210022 1 
0.209121 0.22539 1 
0.209064 0.226455 1 
0.209054 0.228138 1 
0.20899 0.210317 1 
0.208988 0.223892 1 
0.208984 0.227093 1 
0.208894 0.226519 1 
0.208826 0.209283 1 
0.208764 0.224331 1 
0.208663 0.223892 1 
0.208654 0.20993 1 
0.208654 0.222882 1 
0.208597 0.226117 1 
0.208584 0.224851 1 
0.208541 0.221673 1 
0.208528 0.211211 1 
0.208402 0.208578 1 
0.208358 0.223714 1 
0.208356 0.223563 1 
0.208308 0.208991 1 
0.208275 0.224931 1 
0.208274 0.212646 1 
0.20827 0.226519 1 
0.208266 0.22217 1 
0.208259 0.224804 1 
0.208251 0.221868 1 
0.208226 0.21949 1 
0.208223 0.22217 1 
0.208215 0.225525 1 
0.208163 0.20871 1 
0.208121 0.223278 1 
0.208104 0.223892 1 
0.208102 0.209449 1 
0.20809 0.22231 1 
0.208071 0.20924 1 
0.208061 0.225019 1 
0.208053 0.209341 1 
0.207964 0.225047 1 
0.207942 0.222623 1 
0.207915 0.209137 1 
0.207884 0.233889 1 
0.207842 0.224802 1 
0.20784 0.225784 1 
0.207822 0.209156 1 
0.207809 0.207824 1 
0.207803 0.226874 1 
0.207701 0.222418 1 
0.207585 0.213785 1 
0.207572 0.223385 1 
0.207554 0.223387 1 
0.207513 0.208575 1 
0.207504 0.22231 1 
0.20746 0.222623 1 
0.207447 0.208399 1 
0.207437 0.208828 1 
0.207427 0.207806 1 
0.20733 0.221673 1 
0.207295 0.223339 1 
0.207286 0.229676 1 
0.207273 0.207408 1 
0.2072 0.211368 1 
0.207196 0.222896 1 
0.207136 0.208411 1 
0.207132 0.227444 1 
0.207126 0.209764 1 
0.207041 0.221677 1 
0.207031 0.208072 1 
0.207004 0.225913 1 
0.206892 0.211319 1 
0.206858 0.20759 1 
0.206846 0.226588 1 
0.206839 0.223006 1 
0.206829 0.219406 1 
0.206824 0.208356 1 
0.206811 0.209795 1 
0.206772 0.212047 1 
0.20675 0.213174 1 
0.206734 0.207918 1 
0.206645 0.223559 1 
0.206644 0.22586 1 
0.206576 0.211211 1 
0.206576 0.210261 1 
0.206543 0.209474 1 
0.206516 0.223013 1 
0.206502 0.227458 1 
0.206453 0.221918 1 
0.20639 0.227146 1 
0.206293 0.223225 1 
0.206268 0.222393 1 
0.20626 0.209545 1 
0.206246 0.206641 1 
0.206225 0.222104 1 
0.20619 0.211419 1 
0.206183 0.224946 1 
0.206168 0.222418 1 
0.206167 0.221516 1 
0.206138 0.223658 1 
0.20606 0.224918 1 
0.206051 0.209009 1 
0.206043 0.209449 1 
0.206035 0.221868 1 
0.206021 0.221744 1 
0.205991 0.209255 1 
0.205985 0.218127 1 
0.205958 0.223387 1 
0.205904 0.223714 1 
0.205897 0.20657 1 
0.205883 0.223385 1 
0.205875 0.210943 1 
0.205865 0.224378 1 
0.205847 0.223385 1 
0.205813 0.221744 1 
0.205781 0.225774 1 
0.205737 0.206301 1 
0.205719 0.206284 1 
0.205718 0.206772 1 
0.205647 0.227137 1 
0.205592 0.223658 1 
0.205577 0.212303 1 
0.20557 0.220111 1 
0.205544 0.207314 1 
0.205501 0.207731 1 
0.205469 0.222767 1 
0.205412 0.223339 1 
0.205383 0.227818 1 
0.205375 0.222017 1 
0.205362 0.222017 1 
0.205321 0.223225 1 
0.2053 0.221529 1 
0.20529 0.206844 1 
0.205208 0.208023 1 
0.205184 0.2259 1 
0.205165 0.223714 1 
0.205055 0.22447 1 
0.205035 0.226289 1 
0.204991 0.224327 1 
0.204983 0.208325 1 
0.204926 0.206813 1 
0.204871 0.205411 1 
0.204776 0.223385 1 
0.204773 0.206023 1 
0.204773 0.221744 1 
0.204692 0.207869 1 
0.204669 0.225833 1 
0.20457 0.204776 1 
0.204567 0.211873 1 
0.204542 0.226501 1 
0.204505 0.223714 1 
0.204483 0.222886 1 
0.204078 0.223443 1 
0.204035 0.223924 1 
0.204034 0.223924 1 
0.203876 0.210134 1 
0.203815 0.222896 1 
0.203762 0.225132 1 
0.203744 0.222393 1 
0.203702 0.204776 1 
0.203331 0.226559 1 
0.203329 0.208616 1 
0.203244 0.210714 1 
0.203234 0.218127 1 
0.203104 0.205096 1 
0.101918 0.102158 2 
0.101583 0.104314 2 
0.10158 0.102534 2 
0.100982 0.103965 2 
0.100568 0.105087 2 
0.10043 0.102955 2 
0.100306 0.103833 2 
0.100261 0.105581 2 
0.100053 0.10257 2 
0.0999445 0.102974 2 
0.0998172 0.101505 2 
0.0996001 0.105708 2 
0.0995431 0.102224 2 
0.0995263 0.100238 2 
0.0994814 0.1008 2 
0.0991255 0.100605 2 
0.0991233 0.101039 2 
0.0990894 0.104841 2 
0.0990853 0.102891 2 
0.0989797 0.102698 2 
0.0989678 0.100711 2 
0.0989082 0.0989234 2 
0.0987493 0.100285 2 
0.0986014 0.10276 2 
0.0985729 0.100633 2 
0.0985268 0.103824 2 
0.0984597 0.105819 2 
0.0984502 0.101426 2 
0.0983603 0.0997454 2 
0.0983537 0.104149 2 
0.0983409 0.0995198 2 
0.0983159 0.103231 2 
0.0982949 0.101288 2 
0.0982035 0.0995198 2 
0.0981563 0.10077 2 
0.0980227 0.101587 2 
0.0980003 0.101446 2 
0.0979787 0.100919 2 
0.0979643 0.10114 2 
0.0979021 0.0997925 2 
0.0978934 0.102625 2 
0.0978664 0.0985076 2 
0.097855 0.102948 2 
0.097699 0.106192 2 
0.0976935 0.103148 2 
0.0975786 0.0986172 2 
0.0975551 0.0975584 2 
0.097554 0.0978349 2 
0.0974686 0.0982584 2 
0.0974668 0.102698 2 
0.0974521 0.101408 2 
0.0974495 0.100783 2 
0.0974371 0.0997116 2 
0.0973231 0.099784 2 
0.09728 0.100605 2 
0.0972535 0.100147 2 
0.097232 0.0993305 2 
0.0971988 0.0998695 2 
0.0971819 0.106681 2 
0.0971812 0.0984086 2 
0.0971015 0.0990245 2 
0.0970795 0.0981394 2 
0.0970298 0.0983699 2 
0.0970267 0.0975131 2 
0.0970083 0.0993404 2 
0.0969822 0.0992471 2 
0.0969205 0.0972915 2 
0.0968741 0.100427 2 
0.0968385 0.100921 2 
0.0968219 0.100986 2 
0.0967844 0.0978214 2 
0.0967813 0.105581 2 
0.0967806 0.105946 2 
0.096619 0.0986172 2 
0.0965648 0.10333 2 
0.0964635 0.0984086 2 
0.0964264 0.100646 2 
0.096412 0.0990245 2 
0.096399 0.0997188 2 
0.0963172 0.100986 2 
0.0962752 0.0999698 2 
0.0962744 0.101545 2 
0.0962464 0.0971654 2 
0.0961557 0.0989234 2 
0.096116 0.0999973 2 
0.0961022 0.102237 2 
0.0960888 0.0996073 2 
0.0959141 0.101303 2 
0.0959093 0.0990264 2 
0.0958875 0.101217 2 
0.0958764 0.0965967 2 
0.0958678 0.0981874 2 
0.0958232 0.100388 2 
0.0958127 0.0960909 2 
0.0957721 0.101003 2 
0.0957691 0.101588 2 
0.0956822 0.0979973 2 
0.0956477 0.102435 2 
0.0956392 0.100427 2 
0.0956227 0.1008 2 
0.0955696 0.102769 2 
0.095557 0.102556 2 
0.0955273 0.0979486 2 
0.0955134 0.0964319 2 
0.0954787 0.0975584 2 
0.095478 0.101787 2 
0.0954718 0.0992812 2 
0.0954437 0.101696 2 
0.0953922 0.0993404 2 
0.0953247 0.0983699 2 
0.0951535 0.101836 2 
0.0951424 0.10023 2 
0.0951144 0.102052 2 
0.0950953 0.101505 2 
0.0950702 0.102503 2 
0.0950256 0.0959082 2 
0.0949677 0.106681 2 
0.0949225 0.0982328 2 
0.0948662 0.0984288 2 
0.0948643 0.0958539 2 
0.0948629 0.0989234 2 
0.0948025 0.0979875 2 
0.0947906 0.100404 2 
0.0947883 0.0971191 2 
0.0947832 0.0964319 2 
0.094592 0.0994411 2 
0.0945009 0.100147 2 
0.0944872 0.0999442 2 
0.0944685 0.0992834 2 
0.0944247 0.100388 2 
0.094392 0.0990264 2 
0.0943877 0.0974186 2 
0.094386 0.0978021 2 
0.094378 0.0979973 2 
0.0943535 0.100747 2 
0.09431 0.0990371 2 
0.0943009 0.0988338 2 
0.0942958 0.0978214 2 
0.0942711 0.0974186 2 
0.0942686 0.0958539 2 
0.0942299 0.0996306 2 
0.0942109 0.0979593 2 
0.0941807 0.0983686 2 
0.0941806 0.0990892 2 
0.0941351 0.0959786 2 
0.0941022 0.095359 2 
0.0940626 0.0946084 2 
0.0940158 0.0991761 2 
0.0940154 0.0993305 2 
0.0939978 0.0971415 2 
0.0939834 0.102052 2 
0.0939638 0.0969273 2 
0.0939597 0.100072 2 
0.0939472 0.0946341 2 
0.0939429 0.100113 2 
0.0938973 0.100623 2 
0.0938862 0.0975131 2 
0.0938541 0.102435 2 
0.0938365 0.0997116 2 
0.0938291 0.0986549 2 
0.0938148 0.101515 2 
0.0938089 0.0992199 2 
0.093716 0.0962793 2 
0.0936594 0.0943822 2 
0.0935813 0.0967927 2 
0.0935641 0.0949281 2 
0.0935409 0.0991761 2 
0.0935017 0.0949314 2 
0.093452 0.0971069 2 
0.0934269 0.0993644 2 
0.0934251 0.0996274 2 
0.0934076 0.0996306 2 
0.0933937 0.0972915 2 
0.0933883 0.0972237 2 
0.0933649 0.0993644 2 
0.0933525 0.0971191 2 
0.0933424 0.0968906 2 
0.0933319 0.0975131 2 
0.0932784 0.0993644 2 
0.093247 0.0978912 2 
0.0932154 0.101424 2 
0.0932027 0.0965967 2 
0.0931651 0.0958539 2 
0.0931379 0.0972237 2 
0.093136 0.0986549 2 
0.0930734 0.102949 2 
0.0929546 0.101528 2 
0.092935 0.100057 2 
0.092934 0.093396 2 
0.0928474 0.0999698 2 
0.0928346 0.0983699 2 
0.0928069 0.0941205 2 
0.0927244 0.0938959 2 
0.09272 0.0930432 2 
0.0926953 0.0928981 2 
0.0926753 0.0952885 2 
0.0926308 0.100623 2 
0.0926252 0.0979601 2 
0.0925821 0.0978912 2 
0.092567 0.0983686 2 
0.0924477 0.0992834 2 
0.0924318 0.0985076 2 
0.0924286 0.0945786 2 
0.0924188 0.0927309 2 
0.0924175 0.0945757 2 
0.0923562 0.0965967 2 
0.0923533 0.0979298 2 
0.0923285 0.10039 2 
0.0923034 0.0973602 2 
0.0921975 0.0934162 2 
0.0921837 0.0964319 2 
0.092177 0.0982584 2 
0.0921325 0.0951234 2 
0.0920605 0.0973602 2 
0.0919892 0.100715 2 
0.0919666 0.101027 2 
0.0919477 0.0997116 2 
0.0919102 0.0991761 2 
0.0918806 0.09372 2 
0.0918385 0.0931464 2 
0.0918309 0.101346 2 
0.0918001 0.0922417 2 
0.0917579 0.0969884 2 
0.0917377 0.100427 2 
0.0916954 0.0935783 2 
0.0916642 0.0916816 2 
0.091618 0.100136 2 
0.0916095 0.1024 2 
0.0916046 0.0982584 2 
0.091593 0.0928981 2 
0.0915664 0.0968013 2 
0.0915521 0.0960033 2 
0.0914388 0.0990264 2 
0.0914006 0.0971035 2 
0.0913824 0.0941959 2 
0.0913645 0.0913858 2 
0.0913382 0.0926397 2 
0.0912754 0.0978021 2 
0.0912669 0.0969273 2 
0.0911937 0.0990264 2 
0.091178 0.0990371 2 
0.0911503 0.0967927 2 
0.0910645 0.0982584 2 
0.0910072 0.0929067 2 
0.0908879 0.0984086 2 
0.0908804 0.0972915 2 
0.0908121 0.100859 2 
0.0907158 0.0971993 2 
0.0906969 0.0917116 2 
0.0906933 0.0969273 2 
0.0906898 0.0920319 2 
0.090671 0.0997454 2 
0.0906698 0.0922265 2 
0.0906399 0.0951978 2 
0.0906021 0.0968013 2 
0.0905624 0.0971343 2 
0.0904546 0.0952267 2 
0.0904514 0.0979875 2 
0.0904188 0.0967927 2 
0.0903971 0.091854 2 
0.0903779 0.0990371 2 
0.0903491 0.0914737 2 
0.0903026 0.0990371 2 
0.0902804 0.0959082 2 
0.0902741 0.0973602 2 
0.0902448 0.0939338 2 
0.0901956 0.0933495 2 
0.0901949 0.0951234 2 
0.0901746 0.0942017 2 
0.0901667 0.0905642 2 
0.0901377 0.0908651 2 
0.0901183 0.0940078 2 
0.0900856 0.0971191 2 
0.0900633 0.0971035 2 
0.0900598 0.0972237 2 
0.0900534 0.100365 2 
0.0900223 0.0989234 2 
0.0899942 0.090239 2 
0.0899744 0.0934852 2 
0.0899598 0.0910057 2 
0.0899338 0.0990245 2 
0.0898579 0.0993144 2 
0.0898572 0.0916937 2 
0.0898379 0.0934425 2 
0.0897947 0.0986172 2 
0.0897741 0.0908239 2 
0.0897667 0.098524 2 
0.0897653 0.0899135 2 
0.0897606 0.0917319 2 
0.0897503 0.0952382 2 
0.0896783 0.0952382 2 
0.0896661 0.0971191 2 
0.0896376 0.1008 2 
0.0896204 0.0979298 2 
0.089608 0.0972237 2 
0.0896069 0.0950069 2 
0.089596 0.0969884 2 
0.0895809 0.0904021 2 
0.0895787 0.0928461 2 
0.0895686 0.0938957 2 
0.0895361 0.100238 2 
0.0895287 0.0949678 2 
0.0895146 0.0901826 2 
0.0895112 0.099712 2 
0.0894686 0.0977766 2 
0.0894633 0.0926397 2 
0.0894229 0.0995198 2 
0.0893979 0.0975131 2 
0.0893614 0.0975584 2 
0.089354 0.100633 2 
0.0892959 0.0961599 2 
0.0892911 0.0975411 2 
0.0892495 0.0920631 2 
0.0892115 0.0902368 2 
0.089207 0.0899234 2 
0.0891974 0.0964959 2 
0.0891739 0.0978912 2 
0.0891256 0.0984288 2 
0.0891175 0.0990176 2 
0.0891153 0.0985566 2 
0.0890921 0.0963681 2 
0.0890874 0.100605 2 
0.0890377 0.0895219 2 
0.0890059 0.0969884 2 
0.0889173 0.0977766 2 
0.0889018 0.0916273 2 
0.0888542 0.0910799 2 
0.0888088 0.0900849 2 
0.0887977 0.0978912 2 
0.0887422 0.0978021 2 
0.0886457 0.0972915 2 
0.0886175 0.0904062 2 
0.088612 0.0990371 2 
0.0885323 0.0978912 2 
0.088437 0.0903585 2 
0.0883811 0.0979358 2 
0.0883147 0.0905864 2 
0.0880869 0.0883074 2 
0.0879003 0.0895219 2 
0.0877501 0.0971069 2 
0.0876559 0.0903927 2 
0.0875544 0.0898269 2 
0.0874744 0.0928535 2 
0.0874351 0.093701 2 
0.0866591 0.0875178 2 
0.0866383 0.0912862 2 
0.0866051 0.09372 2 
0.0498716 0.0499502 3 
0.049698 0.0504359 3 
0.0491288 0.0501482 3 
0.0488892 0.04945 3 
0.0484665 0.0496114 3 
0.0484225 0.050564 3 
0.0483943 0.0484448 3 
0.0483124 0.0488668 3 
0.0480126 0.0482042 3 
0.0478876 0.0487781 3 
0.047785 0.048017 3 
0.0474661 0.0477554 3 
0.0474449 0.0478152 3 
0.047414 0.0503709 3 
0.0473992 0.0503509 3 
0.0472324 0.0484137 3 
0.0472294 0.0501167 3 
0.0470268 0.0503306 3 
0.0469143 0.0487454 3 
0.0467309 0.0468048 3 
0.0467245 0.047416 3 
0.046719 0.0472877 3 
0.0466427 0.0470818 3 
0.0466206 0.0467671 3 
0.0465993 0.0474179 3 
0.0463366 0.0468839 3 
0.0462577 0.0486764 3 
0.0462254 0.0471851 3 
0.0461233 0.047949 3 
0.0460975 0.0479557 3 
0.0460423 0.046529 3 
0.0459541 0.0480803 3 
0.0459443 0.047458 3 
0.0458648 0.0463433 3 
0.0458596 0.0467876 3 
0.0457823 0.0471778 3 
0.0457666 0.0468659 3 
0.0457437 0.0481614 3 
0.0456974 0.0501167 3 
0.0456773 0.0480621 3 
0.0456599 0.0465354 3 
0.0456239 0.0480323 3 
0.0456078 0.046119 3 
0.0455001 0.046766 3 
0.0454781 0.0470818 3 
0.0454267 0.0460698 3 
0.0454121 0.0464978 3 
0.0454074 0.046515 3 
0.0453721 0.0473577 3 
0.0453159 0.0456599 3 
0.0453022 0.0453061 3 
0.0452601 0.0458824 3 
0.0451775 0.0459862 3 
0.0450849 0.046515 3 
0.0450653 0.0455275 3 
0.0450506 0.046716 3 
0.0450259 0.0455619 3 
0.0450136 0.0468786 3 
0.0449571 0.0468659 3 
0.0449328 0.0461072 3 
0.0449282 0.0457661 3 
0.0449241 0.0472104 3 
0.0449097 0.0471796 3 
0.0449026 0.0476715 3 
0.0448623 0.0460246 3 
0.0448589 0.0450158 3 
0.0448354 0.0458982 3 
0.044744 0.0463778 3 
0.0447383 0.0453902 3 
0.0447242 0.0457404 3 
0.0447212 0.0464686 3 
0.0447162 0.0464481 3 
0.0446594 0.0459407 3 
0.0446435 0.046515 3 
0.0446344 0.0462219 3 
0.0446296 0.0474814 3 
0.0446243 0.0463488 3 
0.0446134 0.0468048 3 
0.0445078 0.0445245 3 
0.0444813 0.0458282 3 
0.0444403 0.0459844 3 
0.0443989 0.044403 3 
0.0443857 0.0476127 3 
0.0443775 0.0477613 3 
0.0443135 0.0453849 3 
0.0443092 0.0448485 3 
0.0442956 0.0460886 3 
0.0442785 0.0456599 3 
0.0442722 0.0452842 3 
0.0442687 0.0456414 3 
0.044176 0.0480908 3 
0.0441691 0.0446997 3 
0.044143 0.0444458 3 
0.0441006 0.0450445 3 
0.0440967 0.0449561 3 
0.0440732 0.0482997 3 
0.0440491 0.0458982 3 
0.0440484 0.044427 3 
0.0440474 0.0448451 3 
0.0440128 0.0443798 3 
0.0439964 0.0442265 3 
0.0439912 0.0452677 3 
0.0439729 0.0465634 3 
0.0439613 0.0449963 3 
0.0439589 0.0440963 3 
0.0438921 0.044695 3 
0.0438513 0.0458282 3 
0.0438387 0.0455903 3 
0.0438126 0.0453336 3 
0.0438108 0.0441152 3 
0.0437888 0.0461863 3 
0.043768 0.0452446 3 
0.0437571 0.0457997 3 
0.0437421 0.0457997 3 
0.0437237 0.0472421 3 
0.0437199 0.0439819 3 
0.043688 0.044259 3 
0.0436718 0.0446515 3 
0.0436594 0.0475085 3 
0.0436327 0.0448216 3 
0.0436089 0.046529 3 
0.0435655 0.0459407 3 
0.0435453 0.0437988 3 
0.0435421 0.045003 3 
0.0435234 0.0462098 3 
0.0435159 0.0448451 3 
0.0435079 0.0448216 3 
0.0435014 0.0443716 3 
0.0434889 0.0462508 3 
0.0434491 0.0442825 3 
0.043444 0.0444845 3 
0.0434283 0.0441418 3 
0.0434053 0.0460666 3 
0.0433729 0.0474713 3 
0.0433697 0.044403 3 
0.0433385 0.0442414 3 
0.0433316 0.0459844 3 
0.043325 0.0442414 3 
0.0432852 0.0439403 3 
0.0432642 0.0450344 3 
0.0432617 0.0458282 3 
0.043202 0.0464686 3 
0.0431823 0.0453849 3 
0.0431706 0.0435643 3 
0.042958 0.0439265 3 
0.0429159 0.0453061 3 
0.0429109 0.0470818 3 
0.0428902 0.0438047 3 
0.0428899 0.0471534 3 
0.0428787 0.0443298 3 
0.0428691 0.0451427 3 
0.0428405 0.0449549 3 
0.0427921 0.0443519 3 
0.0427706 0.0442825 3 
0.0427536 0.0444548 3 
0.0427473 0.0479042 3 
0.042745 0.0436389 3 
0.0427372 0.0462722 3 
0.0427057 0.043293 3 
0.0426774 0.0426812 3 
0.042651 0.042824 3 
0.0426496 0.0455329 3 
0.0426206 0.0448451 3 
0.0425695 0.0464481 3 
0.0425622 0.0451427 3 
0.0425456 0.0438047 3 
0.0425331 0.043691 3 
0.0425296 0.0436524 3 
0.0425228 0.0443838 3 
0.0425154 0.044427 3 
0.0424929 0.0469472 3 
0.0424762 0.0431702 3 
0.0423617 0.0453594 3 
0.0423465 0.0443798 3 
0.0423338 0.0441152 3 
0.0423226 0.0440454 3 
0.0423104 0.0442726 3 
0.0422794 0.0431179 3 
0.0422725 0.0457661 3 
0.0421893 0.0428744 3 
0.0421891 0.0422857 3 
0.0421754 0.046016 3 
0.0421264 0.0423547 3 
0.0421262 0.0423739 3 
0.04211 0.0443298 3 
0.0420989 0.0457829 3 
0.0420883 0.0453668 3 
0.0420861 0.0426655 3 
0.0420484 0.0448451 3 
0.0420414 0.044403 3 
0.0420378 0.0457661 3 
0.0420354 0.0435643 3 
0.0420333 0.0453587 3 
0.0420238 0.0464785 3 
0.0419831 0.0442825 3 
0.0419634 0.0432194 3 
0.0419549 0.0446484 3 
0.0419522 0.0441152 3 
0.0419495 0.0443683 3 
0.041948 0.0427123 3 
0.0419344 0.0443798 3 
0.0419314 0.0448216 3 
0.0419259 0.0438909 3 
0.041886 0.0443298 3 
0.041866 0.0453031 3 
0.0418554 0.0418595 3 
0.04185 0.0452446 3 
0.0418424 0.0432932 3 
0.0418348 0.0448063 3 
0.0418318 0.0454843 3 
0.0418228 0.046341 3 
0.0418118 0.0431298 3 
0.0417863 0.046766 3 
0.0417591 0.0461866 3 
0.041729 0.0443838 3 
0.0417239 0.0420969 3 
0.0417006 0.046529 3 
0.041699 0.045399 3 
0.0416638 0.0464241 3 
0.0416496 0.0450687 3 
0.0415941 0.043691 3 
0.041592 0.042127 3 
0.0415764 0.0454404 3 
0.0415763 0.0459211 3 
0.0415589 0.04173 3 
0.0415402 0.0469734 3 
0.0415218 0.0444819 3 
0.0415204 0.0443763 3 
0.0414982 0.0437196 3 
0.0414497 0.0439413 3 
0.0414413 0.0432539 3 
0.0414076 0.0419966 3 
0.0414044 0.0444476 3 
0.0413269 0.0414278 3 
0.0412604 0.044054 3 
0.0412553 0.0438012 3 
0.0412104 0.0467671 3 
0.0411973 0.0456023 3 
0.0411964 0.0455903 3 
0.0411755 0.0457829 3 
0.0411498 0.0448852 3 
0.0411224 0.044054 3 
0.0410866 0.042319 3 
0.0410683 0.0456599 3 
0.0410655 0.0446515 3 
0.0410641 0.0444436 3 
0.041016 0.044422 3 
0.0410055 0.0455495 3 
0.0409807 0.0459447 3 
0.0409716 0.0450134 3 
0.0409631 0.0448451 3 
0.0409491 0.0454364 3 
0.0409078 0.0448216 3 
0.0408856 0.0468048 3 
0.0408705 0.044427 3 
0.0408475 0.0413145 3 
0.0408039 0.0452981 3 
0.0407881 0.0451035 3 
0.0407633 0.0450158 3 
0.0407349 0.0446598 3 
0.0407246 0.041164 3 
0.040706 0.0433182 3 
0.0406531 0.0448025 3 
0.0406363 0.0420533 3 
0.0406179 0.0427341 3 
0.0405365 0.041164 3 
0.0402267 0.0421889 3 
0.040072 0.0424407 3 
0.0400164 0.0440537 3 
0.0399888 0.0448216 3 
0.0399559 0.0436311 3 
0.0399138 0.0418097 3 
0.0397027 0.0410772 3 
0.0396889 0.0438877 3 
0.0395033 0.042319 3 
0.0393222 0.0394773 3 
0.0390118 0.0427354 3 
0.0247278 0.0250127 4 
0.0240155 0.0245391 4 
0.0237689 0.024677 4 
0.023676 0.024677 4 
0.0236076 0.0241405 4 
0.0235362 0.0238076 4 
0.0233093 0.0237733 4 
0.0231201 0.0235342 4 
0.0229683 0.0235303 4 
0.0228817 0.0232337 4 
0.0228603 0.022866 4 
0.0228034 0.0234664 4 
0.0227795 0.0232629 4 
0.0226993 0.0229597 4 
0.0226896 0.0233285 4 
0.0226436 0.0227483 4 
0.0226425 0.0230891 4 
0.0226189 0.0241405 4 
0.0225849 0.0229644 4 
0.0225659 0.0229171 4 
0.0225506 0.0225576 4 
0.0224249 0.0228266 4 
0.0223962 0.0224806 4 
0.0223889 0.0224806 4 
0.0223533 0.0224112 4 
0.0223261 0.0229553 4 
0.0222788 0.0223195 4 
0.0222501 0.023459 4 
0.0222008 0.0229996 4 
0.0221815 0.022602 4 
0.0221429 0.0221502 4 
0.0221261 0.0221948 4 
0.0220961 0.0226883 4 
0.0220572 0.0222477 4 
0.0220167 0.0228013 4 
0.0219953 0.0226722 4 
0.0219786 0.0225693 4 
0.0219408 0.022399 4 
0.0218793 0.0230782 4 
0.0218774 0.0220338 4 
0.0218418 0.0224728 4 
0.0218159 0.0222961 4 
0.0218155 0.0224928 4 
0.0217983 0.0223305 4 
0.021794 0.0221365 4 
0.0217862 0.0224731 4 
0.0217454 0.0221993 4 
0.0217264 0.0221012 4 
0.0216819 0.022613 4 
0.0216783 0.0229166 4 
0.0216782 0.0233135 4 
0.02165 0.0219499 4 
0.0216342 0.0216535 4 
0.0215847 0.021712 4 
0.0215758 0.0221017 4 
0.0215746 0.0219332 4 
0.0215663 0.02342 4 
0.0215572 0.022141 4 
0.0215177 0.0215361 4 
0.0215021 0.0233936 4 
0.0214924 0.0215751 4 
0.0214673 0.0215061 4 
0.0214535 0.0222064 4 
0.0214426 0.0218202 4 
0.0213846 0.0214594 4 
0.0213657 0.0220338 4 
0.0213586 0.0224683 4 
0.0213467 0.0218324 4 
0.0213464 0.0220391 4 
0.0213362 0.0216274 4 
0.0213207 0.0226357 4 
0.0213162 0.0222477 4 
0.021315 0.0218324 4 
0.0212787 0.0221927 4 
0.0212613 0.0213792 4 
0.0212598 0.022159 4 
0.0212593 0.0214828 4 
0.0212325 0.0224714 4 
0.0212171 0.021378 4 
0.0212051 0.0232061 4 
0.0211598 0.0212833 4 
0.0211567 0.0212425 4 
0.0211155 0.0216321 4 
0.0210828 0.0221993 4 
0.0210747 0.0211139 4 
0.021072 0.021601 4 
0.0210462 0.0220482 4 
0.0210258 0.0217893 4 
0.0210109 0.0216507 4 
0.0209733 0.021093 4 
0.020972 0.0214007 4 
0.0209459 0.021601 4 
0.020934 0.0220987 4 
0.0209332 0.0223507 4 
0.0208858 0.0219007 4 
0.0208739 0.0228013 4 
0.020867 0.0209394 4 
0.020863 0.0209909 4 
0.0208516 0.0222809 4 
0.0208294 0.0215844 4 
0.0208129 0.0217727 4 
0.020798 0.0221502 4 
0.0207961 0.0210752 4 
0.0207933 0.0222757 4 
0.0207264 0.0225652 4 
0.0207098 0.0226482 4 
0.0206678 0.0207402 4 
0.0206677 0.0210366 4 
0.0206607 0.0215823 4 
0.0206239 0.0214594 4 
0.0206231 0.0216321 4 
0.020615 0.0211826 4 
0.0206012 0.0215251 4 
0.0205946 0.0212833 4 
0.0205946 0.0206848 4 
0.020564 0.0224374 4 
0.0205615 0.023124 4 
0.0205419 0.0213188 4 
0.0205407 0.0220587 4 
0.0205329 0.0213946 4 
0.0205325 0.0208711 4 
0.0205309 0.0222701 4 
0.0205297 0.0208616 4 
0.020523 0.0218432 4 
0.0205192 0.0209575 4 
0.0205189 0.022034 4 
0.0205165 0.0225906 4 
0.0205128 0.0212031 4 
0.0204905 0.0210532 4 
0.0204785 0.0212836 4 
0.0204696 0.021106 4 
0.0204599 0.0208167 4 
0.0204575 0.0219659 4 
0.020439 0.021106 4 
0.0204144 0.0221242 4 
0.0204055 0.0216769 4 
0.0204038 0.0219649 4 
0.0203946 0.0208889 4 
0.0203872 0.021106 4 
0.0203676 0.021728 4 
0.0203546 0.0206383 4 
0.0203424 0.0224385 4 
0.0203421 0.0222758 4 
0.0203396 0.0209575 4 
0.0203157 0.0216911 4 
0.020295 0.0218691 4 
0.0202937 0.020849 4 
0.0202918 0.0227478 4 
0.0202768 0.0214506 4 
0.0202511 0.0215458 4 
0.0202437 0.0217949 4 
0.0202335 0.0216651 4 
0.0202333 0.0202369 4 
0.0202295 0.0206293 4 
0.020221 0.0207925 4 
0.0201993 0.0207815 4 
0.0201897 0.0217939 4 
0.0201618 0.0204182 4 
0.020159 0.0209615 4 
0.0201565 0.021728 4 
0.0201525 0.02028 4 
0.0201511 0.0218927 4 
0.0201406 0.0212425 4 
0.0201343 0.0204801 4 
0.0201334 0.0208724 4 
0.020127 0.0226366 4 
0.0201048 0.0224714 4 
0.0201044 0.0211868 4 
0.0200893 0.0209406 4 
0.0200825 0.0206383 4 
0.0200786 0.0219925 4 
0.0200573 0.0220432 4 
0.0200528 0.0218202 4 
0.0200089 0.0228738 4 
0.0199856 0.0204974 4 
0.019964 0.0203073 4 
0.0199512 0.0219834 4 
0.0199305 0.0218633 4 
0.0199223 0.0211621 4 
0.0198935 0.0224042 4 
0.019888 0.0217893 4 
0.0198875 0.0202152 4 
0.0198545 0.0218734 4 
0.0198542 0.0216911 4 
0.0198486 0.0219157 4 
0.0198304 0.0213045 4 
0.0198214 0.0211713 4 
0.0198122 0.0210532 4 
0.0197682 0.0209491 4 
0.0197532 0.0217652 4 
0.0197511 0.0206879 4 
0.0197388 0.0224979 4 
0.0197113 0.0213153 4 
0.0196794 0.021768 4 
0.019676 0.0198625 4 
0.0196655 0.0214583 4 
0.0196599 0.0204725 4 
0.0196374 0.0218134 4 
0.0196161 0.0218558 4 
0.0196069 0.0216103 4 
0.0195885 0.0209909 4 
0.0195702 0.0218592 4 
0.0195355 0.0198625 4 
0.0195089 0.0224928 4 
0.0194984 0.0215152 4 
0.0194919 0.0210367 4 
0.0194749 0.0218134 4 
0.0194171 0.021869 4 
0.0193665 0.0198921 4 
0.0193527 0.0208974 4 
0.0193177 0.0219315 4 
0.0193044 0.0223573 4 
0.0192742 0.0209073 4 
0.0192611 0.0205065 4 
0.0191056 0.0212425 4 
0.0190756 0.0205891 4 
0.0190433 0.0202832 4 
0.0189989 0.0210259 4 
0.0189976 0.0199105 4 
0.0189347 0.0213999 4 
0.0188302 0.0195454 4 
0.0182956 0.0205912 4 
0.0121907 0.0123759 5 
0.0121758 0.0123118 5 
0.0120168 0.012034 5 
0.0119015 0.0119325 5 
0.0118305 0.0123034 5 
0.0116576 0.0117312 5 
0.0115977 0.0116584 5 
0.0115549 0.0117811 5 
0.0115091 0.0115265 5 
0.011403 0.0118556 5 
0.0114012 0.0117968 5 
0.0113626 0.0117039 5 
0.0113307 0.0114135 5 
0.0112706 0.0114192 5 
0.0111925 0.0114649 5 
0.0111042 0.0113663 5 
0.0110795 0.0112653 5 
0.0110726 0.0112543 5 
0.011066 0.0114255 5 
0.0110456 0.0115669 5 
0.0110403 0.011768 5 
0.0110211 0.0110445 5 
0.0109353 0.0112468 5 
0.0109188 0.0109949 5 
0.0109167 0.0110883 5 
0.0109005 0.0110901 5 
0.0108863 0.0111744 5 
0.0108853 0.0113874 5 
0.0108802 0.0112372 5 
0.0108491 0.0109589 5 
0.0108448 0.0109331 5 
0.0108369 0.0109357 5 
0.010827 0.0108975 5 
0.0108205 0.0111121 5 
0.0108046 0.0109081 5 
0.0107961 0.0116402 5 
0.0107769 0.010859 5 
0.0107466 0.0110061 5 
0.0107448 0.0107492 5 
0.0107411 0.0113271 5 
0.0107286 0.0108053 5 
0.0107197 0.0108176 5 
0.0107184 0.0109081 5 
0.0107048 0.0116876 5 
0.0106874 0.0107081 5 
0.0106496 0.0109357 5 
0.0106362 0.0110692 5 
0.0106206 0.0116107 5 
0.0106172 0.0114135 5 
0.0106036 0.0109544 5 
0.0105863 0.0110642 5 
0.0105701 0.0111799 5 
0.010547 0.0109805 5 
0.0105452 0.0107881 5 
0.0105372 0.0107787 5 
0.0105297 0.0111028 5 
0.0105146 0.0109103 5 
0.0105045 0.0106142 5 
0.0105028 0.0107565 5 
0.0104976 0.0113134 5 
0.0104902 0.0105557 5 
0.0104725 0.0105023 5 
0.0104536 0.0108289 5 
0.0104356 0.0110806 5 
0.010435 0.0111736 5 
0.0104337 0.0105796 5 
0.0104331 0.0104979 5 
0.0104303 0.0104832 5 
0.0104197 0.0111683 5 
0.0104188 0.0108031 5 
0.0104172 0.0110272 5 
0.0103987 0.0107784 5 
0.0103924 0.0104165 5 
0.0103788 0.0112254 5 
0.0103772 0.0112306 5 
0.0103519 0.0108641 5 
0.0103482 0.0107565 5 
0.0103444 0.0110427 5 
0.0103299 0.0111397 5 
0.0103179 0.0110692 5 
0.0103145 0.0110468 5 
0.0103064 0.0103171 5 
0.0102491 0.0103677 5 
0.0102452 0.0108847 5 
0.0102327 0.0111879 5 
0.0102324 0.0105156 5 
0.0102263 0.0103314 5 
0.0102214 0.0106336 5 
0.0102189 0.0106463 5 
0.0102116 0.0104937 5 
0.0102071 0.0106142 5 
0.0102034 0.0102427 5 
0.0102017 0.010774 5 
0.0102005 0.0106968 5 
0.0101843 0.0103382 5 
0.010183 0.0103275 5 
0.0101757 0.0111614 5 
0.0101692 0.0104808 5 
0.0101692 0.0104213 5 
0.0101612 0.0101833 5 
0.010158 0.0110883 5 
0.0101574 0.0106102 5 
0.0101516 0.010265 5 
0.0101495 0.0109331 5 
0.0101469 0.0103382 5 
0.0101458 0.0104352 5 
0.0101444 0.0104688 5 
0.0101376 0.0105706 5 
0.0101374 0.0101467 5 
0.0101241 0.0114279 5 
0.0101193 0.0111772 5 
0.0101156 0.010678 5 
0.0101132 0.0106006 5 
0.0101122 0.0102492 5 
0.0101105 0.0109399 5 
0.0100875 0.01019 5 
0.0100869 0.0106189 5 
0.0100852 0.0106935 5 
0.0100781 0.0106853 5 
0.0100689 0.0109279 5 
0.0100569 0.0113166 5 
0.0100446 0.0108423 5 
0.0100348 0.0108664 5 
0.0100312 0.0112135 5 
0.0100285 0.0101958 5 
0.0100257 0.0103585 5 
0.0100224 0.0110299 5 
0.010012 0.0110521 5 
0.0100053 0.0101869 5 
0.0100035 0.0106688 5 
0.0100005 0.0101349 5 
0.00999997 0.0101026 5 
0.00999225 0.0108176 5 
0.00997105 0.0106156 5 
0.0099676 0.0099843 5 
0.00996691 0.0112102 5 
0.00994791 0.0106335 5 
0.00993579 0.0110247 5 
0.00993426 0.0103425 5 
0.00992496 0.0101289 5 
0.00991397 0.0114143 5 
0.00990412 0.01072 5 
0.00990204 0.0107933 5 
0.009887 0.0103328 5 
0.00987895 0.0113794 5 
0.00986543 0.0106974 5 
0.00985012 0.0112728 5 
0.00984929 0.0103048 5 
0.00984651 0.0101795 5 
0.00984309 0.0105613 5 
0.00984106 0.0109384 5 
0.00983487 0.0100182 5 
0.00982606 0.0103722 5 
0.00981039 0.0103142 5 
0.00980605 0.01043 5 
0.00980202 0.01075 5 
0.00978965 0.0106566 5 
0.00978229 0.0107366 5 
0.00977489 0.0110087 5 
0.00975852 0.0101447 5 
0.00975017 0.0108685 5 
0.00974101 0.011108 5 
0.00972879 0.00991841 5 
0.00971701 0.010936 5 
0.00971171 0.0106318 5 
0.00970831 0.00991841 5 
0.00969243 0.0100561 5 
0.00968811 0.0102251 5 
0.00968506 0.0101664 5 
0.00965643 0.0104382 5 
0.00962518 0.010355 5 
0.00960137 0.0105721 5 
0.00959602 0.0106688 5 
0.00959165 0.0107411 5 
0.00958827 0.0107411 5 
0.00958714 0.00991248 5 
0.00958412 0.0110883 5 
0.00954928 0.0102798 5 
0.00952251 0.0105694 5 
0.00951334 0.0096833 5 
0.00946778 0.0110784 5 
0.00943843 0.0103328 5 
0.00943651 0.00999363 5 
0.00941145 0.0108861 5 
0.00938621 0.00983967 5 
0.00938279 0.0104506 5 
0.00936169 0.0111742 5 
0.00931905 0.0107983 5 
0.00923067 0.00956087 5 
0.00885001 0.00999363 5 
0.00618264 0.00624361 6 
0.00601025 0.00603243 6 
0.00595972 0.00603674 6 
0.00587937 0.00606042 6 
0.00582931 0.00591729 6 
0.00581254 0.00587972 6 
0.00571374 0.0060638 6 
0.00570847 0.00575129 6 
0.00570428 0.00580162 6 
0.00570121 0.00597799 6 
0.0056386 0.00569767 6 
0.00563402 0.0056627 6 
0.00559852 0.0058326 6 
0.00559291 0.00567838 6 
0.00557538 0.00570996 6 
0.0055587 0.00557525 6 
0.0055501 0.00591463 6 
0.00552642 0.00571631 6 
0.00552179 0.00583859 6 
0.00551337 0.00552964 6 
0.00549877 0.00589793 6 
0.0054977 0.00581723 6 
0.00548163 0.00550481 6 
0.00543626 0.00545786 6 
0.0054357 0.00568356 6 
0.00542445 0.00548111 6 
0.00541921 0.00554614 6 
0.00541745 0.00594229 6 
0.00541434 0.00587996 6 
0.00541254 0.00553501 6 
0.00540288 0.00555563 6 
0.00539846 0.00541695 6 
0.00539682 0.0056435 6 
0.00538926 0.00549385 6 
0.0053866 0.00559611 6 
0.00538147 0.0056134 6 
0.00537866 0.00542747 6 
0.00537151 0.00545866 6 
0.00536748 0.0056528 6 
0.00536526 0.00572964 6 
0.00535875 0.00545316 6 
0.00534882 0.00536526 6 
0.00534497 0.0059117 6 
0.00533285 0.00540722 6 
0.00533206 0.0055771 6 
0.00532974 0.00576935 6 
0.00532478 0.00565312 6 
0.00532384 0.00583325 6 
0.00531957 0.00552243 6 
0.00530667 0.00531749 6 
0.00530498 0.00568969 6 
0.00530157 0.00548758 6 
0.00529761 0.00555563 6 
0.00529646 0.00536526 6 
0.00528247 0.00558249 6 
0.00526583 0.00568872 6 
0.00524703 0.00550481 6 
0.00524135 0.00525682 6 
0.00522979 0.00533992 6 
0.00522636 0.00527132 6 
0.00522085 0.00536672 6 
0.00520358 0.00543101 6 
0.00520151 0.00540888 6 
0.00519751 0.00556966 6 
0.0051962 0.00539765 6 
0.00519186 0.00557629 6 
0.0051905 0.00554978 6 
0.00518761 0.00529012 6 
0.0051807 0.00568546 6 
0.00517629 0.00528876 6 
0.00517462 0.00528976 6 
0.00517084 0.00531749 6 
0.00517051 0.00525167 6 
0.005167 0.00522265 6 
0.00516686 0.0052877 6 
0.0051666 0.00524223 6 
0.00515811 0.00536251 6 
0.00515796 0.00535282 6 
0.00514616 0.00539373 6 
0.00514428 0.00526827 6 
0.00514102 0.00521224 6 
0.00513911 0.00536048 6 
0.00513137 0.00524293 6 
0.0051299 0.0053634 6 
0.00512968 0.00538954 6 
0.00512732 0.00535734 6 
0.00512354 0.00522854 6 
0.00512037 0.00557525 6 
0.0051179 0.00570368 6 
0.00511267 0.00558959 6 
0.00510497 0.00551828 6 
0.00510356 0.00552335 6 
0.00509798 0.00520767 6 
0.00509524 0.00556457 6 
0.00509109 0.00523927 6 
0.00509051 0.00519733 6 
0.00509027 0.00554757 6 
0.00508549 0.00548971 6 
0.00508064 0.00561064 6 
0.00507594 0.00509302 6 
0.00507523 0.00574667 6 
0.0050715 0.00572831 6 
0.00506965 0.00574879 6 
0.00506758 0.00554774 6 
0.00506561 0.00568233 6 
0.0050642 0.00572867 6 
0.00506118 0.00531702 6 
0.00505447 0.00505865 6 
0.00504791 0.00549954 6 
0.00504651 0.00539832 6 
0.00504286 0.00514063 6 
0.00504206 0.00531044 6 
0.00503772 0.00510246 6 
0.00503196 0.00536526 6 
0.00503054 0.00542919 6 
0.00501052 0.00575842 6 
0.00500581 0.00548237 6 
0.00500119 0.00510435 6 
0.00499763 0.00520572 6 
0.00499693 0.00509061 6 
0.00499678 0.00506353 6 
0.00498781 0.0050644 6 
0.00498745 0.00577385 6 
0.00498697 0.00541792 6 
0.00497909 0.00557778 6 
0.00497849 0.0056248 6 
0.00497624 0.00567428 6 
0.00497129 0.00539046 6 
0.00497099 0.00506554 6 
0.00497026 0.005278 6 
0.00496097 0.00540476 6 
0.00495542 0.00512534 6 
0.00495072 0.00507311 6 
0.00493671 0.00577865 6 
0.00492273 0.00502049 6 
0.00491336 0.00552451 6 
0.00491272 0.0050644 6 
0.00491243 0.00510365 6 
0.00491056 0.00523824 6 
0.00490395 0.00550009 6 
0.00489177 0.00528976 6 
0.00486789 0.00501334 6 
0.0048632 0.0053066 6 
0.0048597 0.00527251 6 
0.00484888 0.00525728 6 
0.00484822 0.00531044 6 
0.00484734 0.00569356 6 
0.00482966 0.00525642 6 
0.00482518 0.0053943 6 
0.00482309 0.00525728 6 
0.00481608 0.00563675 6 
0.00480949 0.0049637 6 
0.00479243 0.00521241 6 
0.00478807 0.00547516 6 
0.00478561 0.0054125 6 
0.0047795 0.00518848 6 
0.00477539 0.00527904 6 
0.0047455 0.00548758 6 
0.00472646 0.00478569 6 
0.00468611 0.00543667 6 
0.00463628 0.00559878 6 
0.00463556 0.00477122 6 
0.00441747 0.00492212 6 
0.00313155 0.00321952 7 
0.00298082 0.00309114 7 
0.00297768 0.00321053 7 
0.00294869 0.0029621 7 
0.00292455 0.00307204 7 
0.00291897 0.00306955 7 
0.002917 0.00293586 7 
0.00290974 0.00293586 7 
0.00290704 0.00294041 7 
0.00290171 0.0029215 7 
0.00288886 0.00294953 7 
0.00285576 0.00287746 7 
0.00283947 0.00303496 7 
0.00282788 0.00287077 7 
0.00281663 0.00299479 7 
0.00281576 0.002848 7 
0.00280927 0.00300264 7 
0.00279877 0.00302587 7 
0.00279522 0.00293902 7 
0.00279034 0.00302869 7 
0.00277644 0.00305521 7 
0.00277392 0.00286787 7 
0.00277107 0.00289247 7 
0.00277011 0.00278152 7 
0.00276881 0.00286985 7 
0.00276282 0.00303828 7 
0.00275681 0.0028881 7 
0.00275588 0.00286985 7 
0.00275348 0.00293177 7 
0.00275102 0.00282113 7 
0.00275059 0.003104 7 
0.00274605 0.00291387 7 
0.00274387 0.00290615 7 
0.00274351 0.00285425 7 
0.0027249 0.00296093 7 
0.00271848 0.00288632 7 
0.00271701 0.00280983 7 
0.00271406 0.00278304 7 
0.00271228 0.00285758 7 
0.00270145 0.00283596 7 
0.002698 0.00275051 7 
0.00269699 0.00278073 7 
0.00269676 0.00275868 7 
0.00269603 0.0028719 7 
0.00269553 0.00273269 7 
0.00269366 0.00276186 7 
0.00269164 0.00274584 7 
0.00268545 0.00282056 7 
0.0026834 0.00269211 7 
0.0026824 0.00274294 7 
0.00267978 0.00294734 7 
0.0026713 0.00271597 7 
0.00266917 0.00277574 7 
0.00266914 0.0027071 7 
0.00266909 0.00267667 7 
0.00266627 0.00288032 7 
0.00266546 0.00275297 7 
0.00266007 0.00279759 7 
0.00265868 0.00286019 7 
0.00265836 0.002678 7 
0.00265498 0.00298091 7 
0.00265495 0.00271017 7 
0.00265387 0.00271253 7 
0.00265358 0.00270194 7 
0.00265072 0.00265973 7 
0.00264994 0.00279498 7 
0.00264891 0.00276972 7 
0.0026458 0.0026629 7 
0.00264449 0.00265922 7 
0.00264277 0.00273697 7 
0.00263834 0.00288582 7 
0.00263497 0.0028415 7 
0.00263394 0.0027257 7 
0.00262984 0.00288632 7 
0.00262979 0.00269337 7 
0.00262561 0.00271915 7 
0.00262272 0.00276393 7 
0.0026226 0.00267021 7 
0.00261879 0.00290803 7 
0.00261743 0.00290995 7 
0.00261587 0.0027703 7 
0.00261366 0.00278304 7 
0.00261239 0.00264614 7 
0.00261239 0.00283411 7 
0.0026098 0.00275868 7 
0.00260323 0.00288338 7 
0.00260158 0.00281287 7 
0.00260147 0.00302919 7 
0.00260056 0.0026088 7 
0.00259382 0.00295733 7 
0.00259294 0.00266322 7 
0.00259202 0.00264108 7 
0.00258951 0.00270355 7 
0.00258883 0.00289755 7 
0.00258739 0.00268657 7 
0.00258571 0.00280683 7 
0.00258207 0.00269575 7 
0.00258151 0.0029211 7 
0.00257839 0.0027023 7 
0.0025729 0.00263919 7 
0.00257231 0.00293878 7 
0.00257217 0.0026074 7 
0.00257199 0.0028165 7 
0.00257185 0.00266109 7 
0.00257142 0.00257218 7 
0.00257136 0.00294639 7 
0.00257029 0.00300565 7 
0.00256133 0.00262433 7 
0.00256031 0.00259768 7 
0.00255799 0.00269522 7 
0.00255602 0.00289373 7 
0.00255252 0.00269036 7 
0.00254828 0.00255309 7 
0.00252984 0.00289373 7 
0.00252714 0.0026052 7 
0.00252464 0.0026635 7 
0.00252346 0.00252876 7 
0.0025226 0.00282752 7 
0.00251859 0.00302737 7 
0.00251532 0.00276572 7 
0.00251492 0.002635 7 
0.00250322 0.00269999 7 
0.00250227 0.00254888 7 
0.002493 0.0026939 7 
0.00249214 0.00255309 7 
0.002483 0.00264614 7 
0.00248175 0.00273648 7 
0.00248137 0.002848 7 
0.00248016 0.00271259 7 
0.0024775 0.00274168 7 
0.00247653 0.00271253 7 
0.00247261 0.00266309 7 
0.00246739 0.00277849 7 
0.00246503 0.00246937 7 
0.00246451 0.00293962 7 
0.00246011 0.00271827 7 
0.00245968 0.00273214 7 
0.00245782 0.00265355 7 
0.00244766 0.002857 7 
0.0024449 0.00275156 7 
0.00243476 0.0024521 7 
0.00243412 0.00244973 7 
0.0024124 0.0026513 7 
0.00239928 0.0028284 7 
0.0023699 0.0024178 7 
0.00235809 0.00286088 7 
0.00224832 0.00247411 7 
0.00168519 0.00172892 8 
0.00157803 0.00157895 8 
0.00157351 0.00161672 8 
0.00156533 0.00168108 8 
0.00155683 0.00160269 8 
0.0015454 0.00163538 8 
0.00152845 0.00153545 8 
0.00152665 0.00153886 8 
0.00150679 0.00153886 8 
0.00150643 0.00151398 8 
0.00150418 0.00154509 8 
0.00149132 0.00151092 8 
0.00148642 0.00154643 8 
0.00148281 0.00158164 8 
0.00147852 0.00161722 8 
0.00147392 0.00148056 8 
0.00146316 0.00157769 8 
0.00146132 0.00149765 8 
0.00145733 0.00153715 8 
0.00145145 0.00159308 8 
0.00144989 0.0014646 8 
0.00144929 0.00155624 8 
0.00144619 0.00153116 8 
0.00143985 0.00150183 8 
0.00143961 0.00147429 8 
0.00143955 0.00150431 8 
0.00143811 0.00146602 8 
0.00143746 0.00158769 8 
0.00143072 0.00150008 8 
0.00142906 0.00150902 8 
0.00142716 0.00161696 8 
0.00142705 0.00154237 8 
0.00142351 0.00146358 8 
0.00142191 0.00143395 8 
0.00142181 0.00150389 8 
0.00142047 0.0014587 8 
0.00142039 0.00148979 8 
0.00142017 0.00149785 8 
0.00141932 0.00146719 8 
0.00141656 0.00150902 8 
0.00141409 0.00142191 8 
0.0014115 0.00153201 8 
0.00140949 0.00151334 8 
0.00140923 0.00142158 8 
0.00140805 0.00146519 8 
0.00140803 0.00146257 8 
0.00140709 0.00146184 8 
0.00140384 0.00148611 8 
0.00140382 0.00152882 8 
0.00140361 0.00146717 8 
0.00139923 0.00141976 8 
0.0013973 0.00142239 8 
0.00139346 0.00140697 8 
0.00139267 0.00142172 8 
0.00139096 0.0014754 8 
0.00138593 0.00140016 8 
0.00138538 0.00147081 8 
0.00138511 0.00142304 8 
0.0013846 0.00151523 8 
0.00138388 0.00139655 8 
0.00138355 0.00138991 8 
0.00138201 0.00138758 8 
0.00137632 0.00159053 8 
0.00137583 0.00150947 8 
0.00137552 0.00147374 8 
0.00137365 0.00144378 8 
0.00137356 0.00144757 8 
0.00137253 0.00144183 8 
0.00137067 0.00141977 8 
0.00136802 0.001402 8 
0.00136747 0.00140164 8 
0.00136676 0.00138404 8 
0.00136673 0.00140632 8 
0.00136653 0.00136771 8 
0.00136569 0.00153316 8 
0.00136461 0.00138381 8 
0.0013642 0.00150947 8 
0.00136102 0.00154718 8 
0.00136007 0.00139178 8 
0.00135969 0.0014515 8 
0.00135926 0.00143567 8 
0.0013563 0.00138989 8 
0.00135391 0.001367 8 
0.0013529 0.00145937 8 
0.00135201 0.0015069 8 
0.0013503 0.00145268 8 
0.00134725 0.00137723 8 
0.00134561 0.00146519 8 
0.00133802 0.00139751 8 
0.00133733 0.0015069 8 
0.00133655 0.00142209 8 
0.00133649 0.00135699 8 
0.00133598 0.00145294 8 
0.00133597 0.00145942 8 
0.00133421 0.00156137 8 
0.00133367 0.00134574 8 
0.00133283 0.00148186 8 
0.00132914 0.00151608 8 
0.00132885 0.00140941 8 
0.00132784 0.00135875 8 
0.00132762 0.00141912 8 
0.00132723 0.00151943 8 
0.00132666 0.00151961 8 
0.00132532 0.00156 8 
0.00132322 0.0014045 8 
0.00132237 0.00147636 8 
0.00132166 0.00133309 8 
0.00131744 0.00152453 8 
0.00131692 0.00136879 8 
0.00131438 0.00135465 8 
0.00131051 0.00147268 8 
0.00130878 0.00138953 8 
0.00130817 0.00136317 8 
0.00130607 0.00141019 8 
0.00130344 0.00136122 8 
0.00130339 0.00140956 8 
0.00129672 0.00132365 8 
0.00129263 0.00132365 8 
0.00129208 0.00137368 8 
0.00128956 0.00143402 8 
0.00128443 0.00141107 8 
0.00128082 0.00137083 8 
0.00128008 0.00155028 8 
0.00127595 0.00143837 8 
0.00126956 0.00144633 8 
0.00126876 0.00127467 8 
0.00126795 0.00144472 8 
0.00126702 0.00147463 8 
0.00126045 0.00135579 8 
0.00125987 0.00142413 8 
0.00125335 0.00145518 8 
0.00124662 0.0013764 8 
0.00124468 0.00146553 8 
0.00123017 0.00126882 8 
0.00122808 0.00124063 8 
0.00122798 0.00134768 8 
0.00122713 0.0014929 8 
0.00116233 0.00129615 8 
0.000913997 0.000936109 9 
0.000837383 0.000839912 9 
0.00083679 0.000853271 9 
0.000832574 0.000844603 9 
0.000829833 0.000887 9 
0.000823949 0.000870478 9 
0.000798366 0.000807621 9 
0.000797113 0.00080846 9 
0.000794788 0.00081249 9 
0.000790684 0.000852558 9 
0.000787708 0.000791327 9 
0.000783036 0.000815508 9 
0.000781571 0.000832977 9 
0.000779852 0.000792064 9 
0.000777446 0.000784878 9 
0.000774828 0.000795919 9 
0.00077214 0.000831551 9 
0.000771305 0.000796321 9 
0.000770049 0.000845673 9 
0.000769441 0.000789221 9 
0.000766725 0.000812108 9 
0.000763233 0.000787304 9 
0.000761752 0.000821819 9 
0.000760361 0.000767766 9 
0.000759714 0.000778025 9 
0.000758024 0.000764829 9 
0.000757129 0.000767233 9 
0.000756463 0.000766174 9 
0.000756 0.000807541 9 
0.00075516 0.000767233 9 
0.000754692 0.000769048 9 
0.000754645 0.000807444 9 
0.000753766 0.000810595 9 
0.000753485 0.000775701 9 
0.000752318 0.000759644 9 
0.00075059 0.000856628 9 
0.000750017 0.000773154 9 
0.000749576 0.000766083 9 
0.000747049 0.00080349 9 
0.000746321 0.000788795 9 
0.000745565 0.000845092 9 
0.000743049 0.000792788 9 
0.000742396 0.000785182 9 
0.000741367 0.000789323 9 
0.000741113 0.000745511 9 
0.000740916 0.000777012 9 
0.000737639 0.000788453 9 
0.00073742 0.000758184 9 
0.000736849 0.000738646 9 
0.000736167 0.00084606 9 
0.000736062 0.000748774 9 
0.000734643 0.000797267 9 
0.000732526 0.000746581 9 
0.000730619 0.000788389 9 
0.000729719 0.000734824 9 
0.000729678 0.000740419 9 
0.000727361 0.000748774 9 
0.000726927 0.000762076 9 
0.00072625 0.000787713 9 
0.000725504 0.00079363 9 
0.000725244 0.000738679 9 
0.000724994 0.000787713 9 
0.000724369 0.00075694 9 
0.000724049 0.000771893 9 
0.00072288 0.000738646 9 
0.000721792 0.000815933 9 
0.000719836 0.000818143 9 
0.000718608 0.000768946 9 
0.000717847 0.000762616 9 
0.000717421 0.000730239 9 
0.000716913 0.00072919 9 
0.000716327 0.000768664 9 
0.000716097 0.000726876 9 
0.00071501 0.000770868 9 
0.000714496 0.00073415 9 
0.000714491 0.000792179 9 
0.000713762 0.000807447 9 
0.000712156 0.000719775 9 
0.000711474 0.00078077 9 
0.000710668 0.000744209 9 
0.000710218 0.000766104 9 
0.000709879 0.00071494 9 
0.000707841 0.000712794 9 
0.000706944 0.000769436 9 
0.000705777 0.000730989 9 
0.000703189 0.000751281 9 
0.00070311 0.000783105 9 
0.000700148 0.00072653 9 
0.000700011 0.000746936 9 
0.000699632 0.000745511 9 
0.000699448 0.000818921 9 
0.000699276 0.000755307 9 
0.000698097 0.00072361 9 
0.000696224 0.00070249 9 
0.000695436 0.000797531 9 
0.000694528 0.000707307 9 
0.00069285 0.000710888 9 
0.000690987 0.000695981 9 
0.000690621 0.000834209 9 
0.000690085 0.000747767 9 
0.000689562 0.00071494 9 
0.000687466 0.000778025 9 
0.000687271 0.000751159 9 
0.000686955 0.000762339 9 
0.000685657 0.000768946 9 
0.000684918 0.00072653 9 
0.000684092 0.000696616 9 
0.000682551 0.000796037 9 
0.000681791 0.000699524 9 
0.000680907 0.000747699 9 
0.000680355 0.000753848 9 
0.000679007 0.000740176 9 
0.00067474 0.000820092 9 
0.000674273 0.000767654 9 
0.000674018 0.000696616 9 
0.000673653 0.00072361 9 
0.000667937 0.000698845 9 
0.000663276 0.000672498 9 
0.000662821 0.000770259 9 
0.000662812 0.000733498 9 
0.000662808 0.000777567 9 
0.000662282 0.000768367 9 
0.000661837 0.000760031 9 
0.000658284 0.000765417 9 
0.000653751 0.000660241 9 
0.00065319 0.000747699 9 
0.000652029 0.00070342 9 
0.000647707 0.000786318 9 
0.000646765 0.000696517 9 
0.000643076 0.000692372 9 
0.000642546 0.000643443 9 
0.000632813 0.000767654 9 
0.000629547 0.000666695 9 
0.000608624 0.000682153 9 
