0.524106 0.540091 0 
0.52229 0.542008 0 
0.522109 0.542091 0 
0.521501 0.540195 0 
0.521198 0.541964 0 
0.521046 0.539421 0 
0.520978 0.538794 0 
0.520959 0.541239 0 
0.520939 0.542045 0 
0.520789 0.543933 0 
0.520658 0.539386 0 
0.520608 0.537654 0 
0.52059 0.539942 0 
0.520559 0.540295 0 
0.520482 0.5413 0 
0.520373 0.542397 0 
0.520341 0.540559 0 
0.520284 0.542203 0 
0.520202 0.540577 0 
0.52017 0.539421 0 
0.520116 0.537452 0 
0.520041 0.541917 0 
0.51995 0.54215 0 
0.519942 0.522011 0 
0.519858 0.54167 0 
0.519855 0.541797 0 
0.519745 0.542991 0 
0.519639 0.543042 0 
0.519574 0.541467 0 
0.51953 0.542142 0 
0.519422 0.541065 0 
0.519307 0.539386 0 
0.519263 0.540843 0 
0.519239 0.540027 0 
0.519088 0.519722 0 
0.519086 0.539426 0 
0.519058 0.519433 0 
0.519053 0.539405 0 
0.519042 0.541955 0 
0.519039 0.542247 0 
0.519028 0.540843 0 
0.519001 0.538794 0 
0.518947 0.538922 0 
0.51885 0.54167 0 
0.518828 0.540967 0 
0.518737 0.54073 0 
0.518709 0.541626 0 
0.518576 0.540049 0 
0.518555 0.54082 0 
0.518543 0.538922 0 
0.51854 0.542106 0 
0.518494 0.540904 0 
0.518489 0.539421 0 
0.518417 0.540967 0 
0.518346 0.541649 0 
0.518327 0.538787 0 
0.518301 0.521325 0 
0.518282 0.518974 0 
0.518263 0.54044 0 
0.518226 0.538794 0 
0.518209 0.542877 0 
0.518193 0.545123 0 
0.51816 0.537346 0 
0.518145 0.540122 0 
0.518098 0.518758 0 
0.518033 0.54297 0 
0.51801 0.540396 0 
0.518001 0.519684 0 
0.517966 0.539934 0 
0.517899 0.543401 0 
0.517863 0.54447 0 
0.517811 0.519494 0 
0.517806 0.519828 0 
0.517744 0.543042 0 
0.517722 0.518901 0 
0.517692 0.519598 0 
0.517673 0.539249 0 
0.517657 0.522371 0 
0.517657 0.518671 0 
0.517592 0.542341 0 
0.517524 0.539934 0 
0.517515 0.520368 0 
0.517477 0.542551 0 
0.51745 0.542479 0 
0.517439 0.540978 0 
0.517386 0.540124 0 
0.517346 0.517557 0 
0.517326 0.543541 0 
0.517321 0.520575 0 
0.517303 0.539934 0 
0.51728 0.543145 0 
0.517169 0.540978 0 
0.51714 0.539934 0 
0.517132 0.541216 0 
0.517121 0.540437 0 
0.517098 0.538525 0 
0.51707 0.540802 0 
0.517022 0.540978 0 
0.516954 0.541179 0 
0.516917 0.540091 0 
0.516869 0.518149 0 
0.516822 0.546099 0 
0.51681 0.517777 0 
0.516792 0.517441 0 
0.516684 0.537346 0 
0.516634 0.519923 0 
0.516631 0.519148 0 
0.516631 0.539405 0 
0.516607 0.518861 0 
0.516586 0.518653 0 
0.516575 0.542859 0 
0.516489 0.544641 0 
0.516488 0.540894 0 
0.516474 0.537654 0 
0.516462 0.540116 0 
0.516452 0.517605 0 
0.516444 0.545136 0 
0.516444 0.539386 0 
0.516413 0.537346 0 
0.516405 0.537654 0 
0.516324 0.51846 0 
0.516301 0.517338 0 
0.516301 0.54167 0 
0.51629 0.518273 0 
0.516283 0.541649 0 
0.516268 0.540122 0 
0.516194 0.542329 0 
0.516171 0.542869 0 
0.516137 0.541039 0 
0.516112 0.542127 0 
0.516102 0.540784 0 
0.51609 0.522394 0 
0.516075 0.540503 0 
0.516045 0.517468 0 
0.51601 0.518685 0 
0.515961 0.518068 0 
0.515942 0.517362 0 
0.515939 0.541738 0 
0.515932 0.540295 0 
0.515916 0.538787 0 
0.515902 0.542245 0 
0.515884 0.540027 0 
0.515884 0.538525 0 
0.515856 0.541232 0 
0.515803 0.542988 0 
0.515653 0.541734 0 
0.515621 0.519162 0 
0.515609 0.542129 0 
0.5156 0.51766 0 
0.515581 0.517809 0 
0.515574 0.517873 0 
0.51554 0.51853 0 
0.515522 0.540141 0 
0.515519 0.516797 0 
0.51551 0.518128 0 
0.51546 0.517219 0 
0.515434 0.539958 0 
0.515426 0.515556 0 
0.515418 0.516766 0 
0.515371 0.541955 0 
0.515329 0.539421 0 
0.515329 0.54593 0 
0.515329 0.541467 0 
0.51531 0.542954 0 
0.515269 0.518057 0 
0.515251 0.540503 0 
0.515239 0.540821 0 
0.515239 0.517347 0 
0.515236 0.540843 0 
0.515223 0.517282 0 
0.515217 0.545411 0 
0.515193 0.547243 0 
0.515182 0.516734 0 
0.515169 0.515973 0 
0.515093 0.540417 0 
0.515082 0.537452 0 
0.51507 0.518273 0 
0.515052 0.518509 0 
0.515044 0.539421 0 
0.515006 0.541216 0 
0.514995 0.516352 0 
0.514989 0.540295 0 
0.514939 0.519254 0 
0.514914 0.540141 0 
0.514906 0.51825 0 
0.514884 0.542844 0 
0.514861 0.538922 0 
0.514834 0.515362 0 
0.514818 0.518407 0 
0.514716 0.540049 0 
0.514643 0.517968 0 
0.514605 0.514809 0 
0.514604 0.5413 0 
0.514603 0.515186 0 
0.514579 0.542805 0 
0.514551 0.515168 0 
0.514551 0.539426 0 
0.514544 0.515947 0 
0.514535 0.537452 0 
0.514534 0.539064 0 
0.51451 0.516749 0 
0.514493 0.520928 0 
0.514488 0.518137 0 
0.514488 0.54041 0 
0.514466 0.539958 0 
0.514453 0.518861 0 
0.51444 0.516513 0 
0.51444 0.515509 0 
0.514433 0.540978 0 
0.514429 0.517375 0 
0.514428 0.515237 0 
0.514423 0.540091 0 
0.514405 0.516021 0 
0.514328 0.518606 0 
0.514288 0.51766 0 
0.514258 0.543877 0 
0.514216 0.517146 0 
0.514211 0.540049 0 
0.514203 0.520005 0 
0.514202 0.515168 0 
0.51415 0.542341 0 
0.514147 0.541226 0 
0.51407 0.540396 0 
0.514048 0.518489 0 
0.514039 0.518604 0 
0.514037 0.515421 0 
0.514029 0.519289 0 
0.514 0.51868 0 
0.513958 0.540559 0 
0.51394 0.54104 0 
0.513885 0.540333 0 
0.513882 0.541676 0 
0.513878 0.520473 0 
0.513877 0.514216 0 
0.513874 0.537896 0 
0.513857 0.542445 0 
0.513841 0.516204 0 
0.513828 0.518636 0 
0.513751 0.541714 0 
0.513729 0.517494 0 
0.513725 0.516834 0 
0.513718 0.514752 0 
0.513714 0.540802 0 
0.5137 0.515575 0 
0.513687 0.545659 0 
0.513684 0.541649 0 
0.513653 0.518678 0 
0.513636 0.540784 0 
0.513635 0.538787 0 
0.51361 0.5208 0 
0.513609 0.537896 0 
0.513604 0.540195 0 
0.513587 0.520473 0 
0.513569 0.537896 0 
0.51356 0.537346 0 
0.513536 0.514394 0 
0.513518 0.513894 0 
0.5135 0.514459 0 
0.513458 0.5412 0 
0.5134 0.540333 0 
0.513395 0.513912 0 
0.513368 0.543087 0 
0.513329 0.542247 0 
0.513247 0.515509 0 
0.513246 0.513875 0 
0.51324 0.538922 0 
0.51324 0.540049 0 
0.513228 0.513438 0 
0.513208 0.537654 0 
0.513195 0.542298 0 
0.513167 0.542297 0 
0.513136 0.517375 0 
0.513106 0.540295 0 
0.513105 0.541964 0 
0.513083 0.51753 0 
0.513072 0.542558 0 
0.513006 0.515714 0 
0.512999 0.538806 0 
0.512982 0.513699 0 
0.512972 0.539266 0 
0.51292 0.517591 0 
0.512902 0.540969 0 
0.512868 0.541153 0 
0.51282 0.541232 0 
0.512798 0.543771 0 
0.512795 0.513146 0 
0.512784 0.538026 0 
0.512695 0.53903 0 
0.512672 0.543042 0 
0.512669 0.540195 0 
0.512637 0.516 0 
0.512625 0.519577 0 
0.512615 0.539249 0 
0.512603 0.541937 0 
0.512578 0.541671 0 
0.512551 0.540417 0 
0.512546 0.542807 0 
0.512493 0.513822 0 
0.512471 0.542459 0 
0.512451 0.540595 0 
0.512442 0.518843 0 
0.512437 0.519663 0 
0.512423 0.516574 0 
0.512384 0.542887 0 
0.512339 0.54305 0 
0.512313 0.53981 0 
0.512293 0.540437 0 
0.512293 0.517834 0 
0.512276 0.542231 0 
0.512275 0.519867 0 
0.512272 0.542807 0 
0.512251 0.537654 0 
0.51225 0.541003 0 
0.512221 0.539405 0 
0.512122 0.540396 0 
0.51211 0.538525 0 
0.512032 0.540052 0 
0.51203 0.537684 0 
0.511965 0.538026 0 
0.51193 0.518407 0 
0.511908 0.540894 0 
0.511893 0.53981 0 
0.511886 0.540116 0 
0.511859 0.514366 0 
0.511835 0.513143 0 
0.51181 0.516825 0 
0.511805 0.541476 0 
0.511804 0.514025 0 
0.511742 0.540797 0 
0.511732 0.540894 0 
0.511731 0.540195 0 
0.511719 0.540636 0 
0.511701 0.539958 0 
0.511695 0.542209 0 
0.511678 0.538922 0 
0.511586 0.542129 0 
0.511582 0.541937 0 
0.511558 0.540967 0 
0.511523 0.539968 0 
0.51151 0.540797 0 
0.51146 0.537896 0 
0.511389 0.542859 0 
0.511379 0.511414 0 
0.511368 0.539405 0 
0.511362 0.540652 0 
0.51133 0.540396 0 
0.51132 0.512651 0 
0.511259 0.542231 0 
0.511222 0.519517 0 
0.511216 0.54663 0 
0.511211 0.540444 0 
0.511208 0.540496 0 
0.511133 0.540696 0 
0.511114 0.511531 0 
0.511089 0.540091 0 
0.510873 0.541179 0 
0.510793 0.54059 0 
0.510681 0.542003 0 
0.510676 0.542654 0 
0.510667 0.541216 0 
0.510541 0.543185 0 
0.510422 0.543791 0 
0.510353 0.541991 0 
0.510345 0.542049 0 
0.510331 0.544852 0 
0.510199 0.543812 0 
0.510172 0.543145 0 
0.510065 0.546911 0 
0.509615 0.542068 0 
0.217589 0.229517 1 
0.217279 0.224428 1 
0.216748 0.222307 1 
0.216507 0.230555 1 
0.216125 0.221074 1 
0.215952 0.225057 1 
0.215761 0.223503 1 
0.215736 0.230194 1 
0.215704 0.223828 1 
0.215649 0.225469 1 
0.215592 0.221156 1 
0.215251 0.23118 1 
0.215129 0.225444 1 
0.215088 0.224293 1 
0.215023 0.224212 1 
0.214883 0.220321 1 
0.214822 0.222423 1 
0.214799 0.22738 1 
0.214587 0.224841 1 
0.214538 0.225418 1 
0.21452 0.227062 1 
0.214502 0.222288 1 
0.2143 0.223777 1 
0.214256 0.224043 1 
0.214225 0.220833 1 
0.214175 0.222746 1 
0.214149 0.220084 1 
0.214025 0.221488 1 
0.213967 0.220321 1 
0.213961 0.223111 1 
0.213954 0.228499 1 
0.213894 0.222481 1 
0.213893 0.224354 1 
0.213888 0.225368 1 
0.213844 0.229005 1 
0.213817 0.225925 1 
0.213712 0.22446 1 
0.213584 0.224643 1 
0.213561 0.22542 1 
0.213485 0.221484 1 
0.213463 0.222841 1 
0.213439 0.225948 1 
0.21336 0.223098 1 
0.21335 0.221502 1 
0.213247 0.224422 1 
0.213239 0.224623 1 
0.21323 0.222 1 
0.213124 0.220672 1 
0.213102 0.222423 1 
0.213087 0.217823 1 
0.213087 0.220605 1 
0.213053 0.218154 1 
0.213047 0.224612 1 
0.212983 0.219258 1 
0.212968 0.223987 1 
0.21287 0.22542 1 
0.212863 0.221127 1 
0.21283 0.225146 1 
0.212815 0.220321 1 
0.212814 0.213048 1 
0.212749 0.220723 1 
0.21271 0.222395 1 
0.212691 0.22542 1 
0.21268 0.223968 1 
0.212661 0.224324 1 
0.21261 0.227976 1 
0.212459 0.219258 1 
0.212398 0.223931 1 
0.212391 0.228772 1 
0.212382 0.222835 1 
0.212215 0.224643 1 
0.212175 0.222606 1 
0.212077 0.223111 1 
0.21206 0.224927 1 
0.212053 0.220084 1 
0.212013 0.217608 1 
0.211971 0.219163 1 
0.211964 0.221044 1 
0.211924 0.221127 1 
0.211902 0.222377 1 
0.211884 0.22635 1 
0.211822 0.226068 1 
0.211812 0.212697 1 
0.211784 0.222758 1 
0.211764 0.222949 1 
0.211753 0.225235 1 
0.211746 0.221945 1 
0.21172 0.225899 1 
0.211714 0.222949 1 
0.211695 0.222608 1 
0.211618 0.223098 1 
0.211495 0.221074 1 
0.211422 0.221869 1 
0.211405 0.220037 1 
0.2114 0.221484 1 
0.211377 0.211593 1 
0.211362 0.22808 1 
0.211256 0.231947 1 
0.211231 0.222631 1 
0.211197 0.218154 1 
0.211128 0.211404 1 
0.211094 0.221044 1 
0.21104 0.225418 1 
0.21103 0.219258 1 
0.210995 0.223302 1 
0.210842 0.211091 1 
0.21084 0.223921 1 
0.210831 0.222671 1 
0.210744 0.217823 1 
0.210728 0.221886 1 
0.210725 0.222429 1 
0.21062 0.220799 1 
0.210592 0.222377 1 
0.210549 0.222848 1 
0.21053 0.218154 1 
0.210508 0.223314 1 
0.210506 0.211088 1 
0.210469 0.212238 1 
0.210454 0.222948 1 
0.210433 0.221761 1 
0.210368 0.22153 1 
0.210359 0.212089 1 
0.210338 0.220037 1 
0.210338 0.21186 1 
0.210275 0.220037 1 
0.210268 0.221051 1 
0.210148 0.221627 1 
0.210102 0.220605 1 
0.210068 0.229009 1 
0.21006 0.222743 1 
0.210001 0.223111 1 
0.209981 0.217823 1 
0.209938 0.224289 1 
0.209868 0.210792 1 
0.209866 0.220084 1 
0.209814 0.224794 1 
0.209722 0.225528 1 
0.209636 0.220799 1 
0.209543 0.219952 1 
0.209514 0.223098 1 
0.209483 0.209605 1 
0.209384 0.220723 1 
0.209364 0.222377 1 
0.209343 0.22256 1 
0.209329 0.217823 1 
0.209188 0.219952 1 
0.209149 0.220799 1 
0.209146 0.210179 1 
0.209123 0.221156 1 
0.209119 0.218114 1 
0.209103 0.20967 1 
0.209084 0.209473 1 
0.208985 0.211508 1 
0.208928 0.226366 1 
0.208879 0.221051 1 
0.208854 0.20967 1 
0.20884 0.225266 1 
0.208795 0.211846 1 
0.208734 0.221156 1 
0.208711 0.224187 1 
0.208687 0.212138 1 
0.208643 0.222841 1 
0.208619 0.222448 1 
0.208608 0.210191 1 
0.208602 0.224709 1 
0.208505 0.211342 1 
0.208504 0.208639 1 
0.208501 0.217608 1 
0.208495 0.209443 1 
0.208426 0.224436 1 
0.208418 0.20857 1 
0.208403 0.224322 1 
0.208378 0.223304 1 
0.208339 0.210643 1 
0.208313 0.224794 1 
0.208306 0.218114 1 
0.208252 0.210217 1 
0.208142 0.223302 1 
0.208104 0.221051 1 
0.208058 0.209484 1 
0.207978 0.223302 1 
0.207968 0.208652 1 
0.207955 0.221074 1 
0.207914 0.222 1 
0.207888 0.225986 1 
0.20788 0.218154 1 
0.207875 0.221488 1 
0.207856 0.223098 1 
0.207841 0.21075 1 
0.20777 0.221782 1 
0.207693 0.222746 1 
0.207686 0.221908 1 
0.207678 0.224764 1 
0.207639 0.208217 1 
0.207633 0.224927 1 
0.207631 0.223806 1 
0.207577 0.209221 1 
0.207476 0.224697 1 
0.207442 0.212363 1 
0.207435 0.221156 1 
0.207399 0.221869 1 
0.207355 0.211479 1 
0.207352 0.209113 1 
0.207322 0.222569 1 
0.207316 0.222318 1 
0.207309 0.223005 1 
0.207274 0.207519 1 
0.207261 0.207926 1 
0.207179 0.223777 1 
0.207126 0.209828 1 
0.207058 0.230277 1 
0.207024 0.208822 1 
0.206967 0.207282 1 
0.206898 0.220799 1 
0.206754 0.2071 1 
0.206752 0.222569 1 
0.206714 0.208969 1 
0.206674 0.220321 1 
0.20666 0.222 1 
0.206641 0.221908 1 
0.206634 0.222949 1 
0.206613 0.219163 1 
0.206489 0.224053 1 
0.206461 0.223663 1 
0.206459 0.206743 1 
0.206441 0.219163 1 
0.206425 0.221044 1 
0.206402 0.222395 1 
0.206378 0.221434 1 
0.206356 0.206496 1 
0.206302 0.210217 1 
0.206269 0.222948 1 
0.206195 0.208475 1 
0.206188 0.209266 1 
0.206166 0.221761 1 
0.206145 0.222218 1 
0.206104 0.221945 1 
0.206086 0.208429 1 
0.206065 0.209327 1 
0.206047 0.209023 1 
0.206003 0.209426 1 
0.205934 0.208184 1 
0.205918 0.223098 1 
0.205904 0.217608 1 
0.205885 0.210643 1 
0.20586 0.222848 1 
0.205822 0.206317 1 
0.205732 0.206195 1 
0.205629 0.222423 1 
0.205588 0.22153 1 
0.205588 0.221488 1 
0.20553 0.224697 1 
0.205528 0.20917 1 
0.205446 0.225911 1 
0.205415 0.223397 1 
0.205362 0.207524 1 
0.205318 0.220321 1 
0.205316 0.207257 1 
0.205306 0.20813 1 
0.205257 0.222 1 
0.205254 0.210017 1 
0.205248 0.221434 1 
0.205247 0.21851 1 
0.205247 0.207448 1 
0.205202 0.207579 1 
0.205191 0.221945 1 
0.205179 0.221945 1 
0.205176 0.21851 1 
0.205151 0.222687 1 
0.205117 0.219434 1 
0.205086 0.206674 1 
0.205079 0.221488 1 
0.205033 0.224187 1 
0.205011 0.224292 1 
0.205007 0.223009 1 
0.20499 0.205568 1 
0.20496 0.222667 1 
0.204933 0.207097 1 
0.204931 0.221571 1 
0.204906 0.2087 1 
0.204843 0.20991 1 
0.204809 0.223663 1 
0.204792 0.220535 1 
0.204759 0.222423 1 
0.204753 0.210199 1 
0.204698 0.205622 1 
0.204666 0.205492 1 
0.20466 0.20795 1 
0.204639 0.21033 1 
0.204621 0.210775 1 
0.204618 0.222218 1 
0.204566 0.221795 1 
0.204558 0.223801 1 
0.204558 0.207639 1 
0.204556 0.223314 1 
0.204521 0.221074 1 
0.204508 0.206952 1 
0.204457 0.226634 1 
0.204451 0.221886 1 
0.204301 0.225444 1 
0.204271 0.220037 1 
0.204239 0.204343 1 
0.204225 0.209935 1 
0.204207 0.208338 1 
0.204136 0.210006 1 
0.204123 0.218114 1 
0.204107 0.210324 1 
0.204099 0.224436 1 
0.204094 0.209415 1 
0.204056 0.218154 1 
0.20402 0.221639 1 
0.204012 0.21863 1 
0.203948 0.220672 1 
0.203901 0.206857 1 
0.203865 0.21863 1 
0.203844 0.204612 1 
0.203751 0.221804 1 
0.203742 0.218696 1 
0.203703 0.204185 1 
0.203695 0.205263 1 
0.203679 0.20782 1 
0.203661 0.20799 1 
0.203648 0.221502 1 
0.203646 0.218446 1 
0.203584 0.204627 1 
0.203551 0.203815 1 
0.203495 0.208106 1 
0.203485 0.221127 1 
0.20348 0.220723 1 
0.203349 0.221127 1 
0.203267 0.205436 1 
0.203264 0.207969 1 
0.203245 0.222658 1 
0.203196 0.227519 1 
0.202727 0.205859 1 
0.202619 0.220272 1 
0.202482 0.221639 1 
0.202474 0.223067 1 
0.20238 0.21851 1 
0.202153 0.221051 1 
0.202066 0.223806 1 
0.201852 0.203595 1 
0.201845 0.20251 1 
0.201361 0.204779 1 
0.101461 0.104194 2 
0.100672 0.104116 2 
0.100469 0.104484 2 
0.0997283 0.103866 2 
0.0992769 0.0998514 2 
0.0990361 0.105904 2 
0.0988718 0.0997676 2 
0.0988471 0.0989167 2 
0.0987755 0.0995976 2 
0.0982496 0.099632 2 
0.0982207 0.0984198 2 
0.0981429 0.100991 2 
0.0979048 0.101535 2 
0.09773 0.0991208 2 
0.0976213 0.0995151 2 
0.0976078 0.0990634 2 
0.0974093 0.100035 2 
0.0973795 0.101853 2 
0.0972965 0.097349 2 
0.0972092 0.100368 2 
0.0971804 0.100417 2 
0.0968775 0.0981387 2 
0.0967624 0.0974089 2 
0.0966122 0.101253 2 
0.0965908 0.101829 2 
0.0965722 0.0972644 2 
0.0965396 0.098547 2 
0.0964565 0.0974876 2 
0.0963842 0.0966506 2 
0.0963093 0.0982098 2 
0.0962052 0.0989842 2 
0.0962008 0.102013 2 
0.0961353 0.0998514 2 
0.0960979 0.0995151 2 
0.0960681 0.0988292 2 
0.0960438 0.0990408 2 
0.0960293 0.0968406 2 
0.096028 0.0968377 2 
0.0960237 0.0961405 2 
0.0960098 0.100314 2 
0.0959938 0.100175 2 
0.0959202 0.0960551 2 
0.0959134 0.0988875 2 
0.0958977 0.0970313 2 
0.0958852 0.0971273 2 
0.095829 0.100255 2 
0.0957928 0.0986117 2 
0.0957203 0.0988242 2 
0.0957178 0.0969893 2 
0.0955601 0.0969903 2 
0.09546 0.0969442 2 
0.0954502 0.0985588 2 
0.0953544 0.0990036 2 
0.0953344 0.0966365 2 
0.0952925 0.0968609 2 
0.0952768 0.10286 2 
0.0952683 0.0957964 2 
0.0952201 0.0984767 2 
0.0951529 0.0954377 2 
0.095143 0.0956298 2 
0.0950329 0.0974202 2 
0.094883 0.100884 2 
0.0948504 0.0952287 2 
0.094791 0.0974691 2 
0.0947576 0.0970313 2 
0.0947447 0.0973094 2 
0.0947136 0.0970843 2 
0.0946878 0.0988263 2 
0.0946569 0.0998267 2 
0.0946413 0.0978552 2 
0.0945796 0.0966365 2 
0.0945467 0.0988057 2 
0.0944422 0.0982664 2 
0.094421 0.0982298 2 
0.0944062 0.0995151 2 
0.0943943 0.101194 2 
0.0943884 0.0947395 2 
0.0941936 0.0974876 2 
0.09417 0.0969597 2 
0.0941088 0.0978111 2 
0.0941002 0.0949948 2 
0.0940889 0.0957964 2 
0.0940785 0.0971273 2 
0.0940277 0.103335 2 
0.0939761 0.0956038 2 
0.0939629 0.096196 2 
0.0939324 0.100371 2 
0.0939132 0.0944446 2 
0.0938713 0.0941002 2 
0.0938381 0.0964971 2 
0.093835 0.0978111 2 
0.0937513 0.0947667 2 
0.0937281 0.0978018 2 
0.0936827 0.0956038 2 
0.0936345 0.0971698 2 
0.093625 0.0943675 2 
0.0935419 0.0944825 2 
0.0935327 0.0955544 2 
0.0934972 0.0936392 2 
0.09347 0.0973214 2 
0.0934682 0.0998411 2 
0.0934023 0.0943675 2 
0.093368 0.0975272 2 
0.0933569 0.0977063 2 
0.0933509 0.0974876 2 
0.0933287 0.0949031 2 
0.0933154 0.101021 2 
0.0932794 0.0953245 2 
0.0932298 0.0940237 2 
0.093149 0.0975625 2 
0.0931367 0.0941854 2 
0.0931102 0.0931202 2 
0.0931072 0.0954526 2 
0.093104 0.0989445 2 
0.0930354 0.0955727 2 
0.0930173 0.0990408 2 
0.0929847 0.0937636 2 
0.0929472 0.0937563 2 
0.092867 0.0965741 2 
0.09285 0.0965756 2 
0.0928357 0.0943765 2 
0.0928014 0.0971174 2 
0.0927977 0.0939043 2 
0.0927856 0.0964902 2 
0.0927669 0.0974376 2 
0.0927404 0.0970843 2 
0.0927326 0.0968406 2 
0.0926524 0.0965014 2 
0.0926121 0.0988057 2 
0.0926045 0.0995836 2 
0.0926017 0.0970313 2 
0.0925872 0.0937351 2 
0.0925355 0.0955727 2 
0.0924939 0.0931134 2 
0.092436 0.0964971 2 
0.092408 0.0974351 2 
0.0923834 0.096196 2 
0.0923825 0.0988057 2 
0.0923752 0.0970002 2 
0.0923748 0.0974996 2 
0.0923639 0.095849 2 
0.0922636 0.0938626 2 
0.0922262 0.0959004 2 
0.0922159 0.0969739 2 
0.0921403 0.0930562 2 
0.0921003 0.0923669 2 
0.0920768 0.0932861 2 
0.0920696 0.0939043 2 
0.0920568 0.0986547 2 
0.0920523 0.0984198 2 
0.0920295 0.0925296 2 
0.0919968 0.0991363 2 
0.0919667 0.0969739 2 
0.0919384 0.0947748 2 
0.0919281 0.0930386 2 
0.0918625 0.0956038 2 
0.0918401 0.0956079 2 
0.0918268 0.0925987 2 
0.0917676 0.0928266 2 
0.0917443 0.0974202 2 
0.0917405 0.0940237 2 
0.0916932 0.0939213 2 
0.0916862 0.0934934 2 
0.0916498 0.0968377 2 
0.0915001 0.0936573 2 
0.0914808 0.0979371 2 
0.0914031 0.0927443 2 
0.0914024 0.0995105 2 
0.091362 0.094178 2 
0.0913335 0.0917593 2 
0.0912953 0.0957964 2 
0.0912887 0.0956298 2 
0.0912564 0.0922118 2 
0.0912262 0.0985131 2 
0.0911899 0.0965756 2 
0.0911645 0.0954526 2 
0.0911362 0.0977063 2 
0.0911212 0.0939436 2 
0.0911095 0.0970313 2 
0.0910966 0.0914813 2 
0.0910583 0.097532 2 
0.0910231 0.0952463 2 
0.0909852 0.101975 2 
0.0909728 0.0964971 2 
0.0909205 0.0914071 2 
0.0908745 0.096196 2 
0.0908686 0.0984787 2 
0.0908236 0.0969597 2 
0.0907795 0.0982098 2 
0.0906287 0.0930562 2 
0.0905739 0.0955727 2 
0.0904912 0.0973094 2 
0.0904462 0.0963888 2 
0.0904413 0.0907334 2 
0.0903917 0.0967228 2 
0.0902687 0.090692 2 
0.0902166 0.090595 2 
0.0901997 0.0912329 2 
0.0901565 0.0934934 2 
0.0899877 0.0978579 2 
0.0899729 0.0963888 2 
0.0899452 0.0955727 2 
0.0898864 0.0969739 2 
0.0898656 0.0902611 2 
0.0898603 0.0967228 2 
0.0898577 0.0969903 2 
0.0898556 0.0959004 2 
0.0897934 0.0991411 2 
0.0897827 0.0985339 2 
0.0897699 0.0928872 2 
0.0897172 0.0930655 2 
0.0897124 0.0900376 2 
0.0896725 0.0903826 2 
0.0896717 0.0973214 2 
0.0896481 0.0919369 2 
0.0895955 0.0989077 2 
0.0895892 0.0898874 2 
0.0895854 0.0959004 2 
0.089577 0.0966602 2 
0.0895625 0.0916767 2 
0.0895376 0.0995976 2 
0.0895056 0.100702 2 
0.0894792 0.0916048 2 
0.0894576 0.0933075 2 
0.089453 0.0965521 2 
0.0894212 0.0916891 2 
0.0894116 0.0971273 2 
0.0894058 0.0930562 2 
0.0893581 0.10075 2 
0.0893563 0.0917101 2 
0.0893533 0.0964902 2 
0.0893448 0.0943239 2 
0.0893082 0.0896441 2 
0.0892932 0.0978693 2 
0.0892394 0.0907433 2 
0.0892364 0.0963888 2 
0.0891654 0.0989167 2 
0.0891098 0.0974202 2 
0.0890679 0.0934516 2 
0.0890603 0.096164 2 
0.0890531 0.0920346 2 
0.0890253 0.0962467 2 
0.0890109 0.0891356 2 
0.0890018 0.0923638 2 
0.0889716 0.0969597 2 
0.088953 0.0927413 2 
0.08894 0.0903287 2 
0.0888998 0.0919233 2 
0.0888851 0.093934 2 
0.0888749 0.0910521 2 
0.0888696 0.0944875 2 
0.0888676 0.0986817 2 
0.0888186 0.09803 2 
0.0887698 0.0970002 2 
0.0887609 0.0928585 2 
0.0887213 0.0954377 2 
0.0887195 0.0989445 2 
0.088674 0.0981506 2 
0.0886418 0.0941076 2 
0.0885754 0.0892172 2 
0.0885724 0.0887109 2 
0.0885662 0.0899165 2 
0.0885641 0.0923249 2 
0.0885639 0.0974435 2 
0.0885537 0.0966602 2 
0.0885392 0.094797 2 
0.0885276 0.0899662 2 
0.0884891 0.0966506 2 
0.0884541 0.0966365 2 
0.0884234 0.0973174 2 
0.0883708 0.0943765 2 
0.0882258 0.0954377 2 
0.0882036 0.0978592 2 
0.0881927 0.093887 2 
0.0881398 0.088256 2 
0.0881012 0.0888445 2 
0.0880986 0.0960065 2 
0.0880669 0.0881703 2 
0.0880612 0.0921562 2 
0.0880549 0.0969903 2 
0.0880367 0.0963888 2 
0.0880315 0.0908141 2 
0.0879938 0.0902452 2 
0.0879589 0.090709 2 
0.087913 0.0903054 2 
0.0878231 0.0903408 2 
0.0877808 0.095849 2 
0.08777 0.0906562 2 
0.0877678 0.0894122 2 
0.0877349 0.0943405 2 
0.0877323 0.0915518 2 
0.0877171 0.0936351 2 
0.0877126 0.0946881 2 
0.0876896 0.0929682 2 
0.0876808 0.0969597 2 
0.0876415 0.0968609 2 
0.0876404 0.0940237 2 
0.0876269 0.0966365 2 
0.0875725 0.0918023 2 
0.0875397 0.0960551 2 
0.0875332 0.093934 2 
0.0875148 0.0929189 2 
0.0875118 0.0894026 2 
0.0874617 0.094462 2 
0.0874255 0.0956038 2 
0.0874103 0.0882633 2 
0.0873914 0.0956298 2 
0.0873289 0.0967228 2 
0.0872677 0.0956079 2 
0.0872513 0.0904527 2 
0.0872308 0.0959004 2 
0.0871763 0.0972216 2 
0.0870057 0.0967479 2 
0.0869345 0.0979371 2 
0.086927 0.0875122 2 
0.0866001 0.0871469 2 
0.0864825 0.0968609 2 
0.0861247 0.0864919 2 
0.0858787 0.093934 2 
0.0858308 0.0958745 2 
0.0856313 0.0881823 2 
0.085554 0.0860664 2 
0.085532 0.0894781 2 
0.0495838 0.0496218 3 
0.049504 0.051059 3 
0.0469274 0.0475446 3 
0.0464958 0.0474443 3 
0.0462339 0.0475345 3 
0.0462223 0.046795 3 
0.0460646 0.0461731 3 
0.0459855 0.0475039 3 
0.0456475 0.0459663 3 
0.0455942 0.0469701 3 
0.0455303 0.0455784 3 
0.0455269 0.0483143 3 
0.0454685 0.0455098 3 
0.0452979 0.0458902 3 
0.0452511 0.0457288 3 
0.0451928 0.0465335 3 
0.0451595 0.0468895 3 
0.0451364 0.0458033 3 
0.0450647 0.0469403 3 
0.0450206 0.0484337 3 
0.0449431 0.045288 3 
0.0449132 0.0457898 3 
0.0449005 0.0449821 3 
0.0448879 0.0453238 3 
0.0448511 0.0449224 3 
0.0448324 0.046749 3 
0.0448015 0.0453629 3 
0.0447583 0.0466429 3 
0.0447367 0.045217 3 
0.0446391 0.0458564 3 
0.0446276 0.0462068 3 
0.0445878 0.0453486 3 
0.0445371 0.0455105 3 
0.0444274 0.0447137 3 
0.0444009 0.0456795 3 
0.0443657 0.0446413 3 
0.0443018 0.0457322 3 
0.0442896 0.0446224 3 
0.0442886 0.0459663 3 
0.0442759 0.0452537 3 
0.0442206 0.0451607 3 
0.0442102 0.0449737 3 
0.0441941 0.0442853 3 
0.0441629 0.0444221 3 
0.0441145 0.0446224 3 
0.0441078 0.0449561 3 
0.0440662 0.0452537 3 
0.0440287 0.0444221 3 
0.0439831 0.0451365 3 
0.0439645 0.0446967 3 
0.043892 0.0469877 3 
0.0438599 0.0442585 3 
0.0438537 0.0453882 3 
0.0438222 0.0451365 3 
0.0438052 0.045547 3 
0.0437694 0.0444441 3 
0.0437544 0.0441343 3 
0.043659 0.0448502 3 
0.0435989 0.043964 3 
0.0435857 0.0441013 3 
0.0435828 0.0453882 3 
0.0435813 0.0479045 3 
0.0435512 0.0444715 3 
0.0435427 0.0451554 3 
0.0435347 0.0446018 3 
0.0435082 0.0445355 3 
0.0434869 0.0440456 3 
0.0434798 0.0441509 3 
0.0434726 0.0459043 3 
0.0434438 0.0448651 3 
0.0433834 0.0449679 3 
0.0433812 0.0448502 3 
0.0432788 0.0441678 3 
0.0432774 0.043715 3 
0.0432399 0.0449728 3 
0.043231 0.0450613 3 
0.0432092 0.044753 3 
0.0431645 0.0432464 3 
0.0431628 0.0432841 3 
0.0431365 0.0452192 3 
0.0431225 0.0454622 3 
0.043084 0.04385 3 
0.043059 0.0450132 3 
0.0430282 0.0441357 3 
0.0429529 0.0448651 3 
0.0429507 0.0448084 3 
0.0429042 0.0441492 3 
0.0428988 0.0433292 3 
0.0427688 0.0434069 3 
0.0427207 0.0428408 3 
0.0427067 0.0458349 3 
0.0427057 0.0434374 3 
0.0426842 0.0431385 3 
0.0426684 0.0433916 3 
0.0426068 0.043996 3 
0.0425813 0.043342 3 
0.0425754 0.0441227 3 
0.0425711 0.0451486 3 
0.0425655 0.0444471 3 
0.042554 0.0431784 3 
0.042545 0.0449737 3 
0.0425443 0.0441343 3 
0.0425157 0.0443803 3 
0.0424365 0.0430002 3 
0.0424354 0.0445928 3 
0.0424229 0.0447112 3 
0.042401 0.0446695 3 
0.0423937 0.0426871 3 
0.0423766 0.0454738 3 
0.0423655 0.043996 3 
0.0423549 0.0444702 3 
0.0422696 0.0424326 3 
0.0421989 0.0437328 3 
0.0421838 0.0441636 3 
0.0421799 0.0454093 3 
0.042168 0.042727 3 
0.0421632 0.0460198 3 
0.0421374 0.0459663 3 
0.0421226 0.045438 3 
0.0420816 0.045198 3 
0.042054 0.043029 3 
0.0420496 0.0435631 3 
0.0420428 0.042202 3 
0.0419786 0.0434463 3 
0.0419627 0.0438128 3 
0.04195 0.0433931 3 
0.0419135 0.0437004 3 
0.041866 0.0441691 3 
0.0418659 0.0427852 3 
0.0418094 0.0455532 3 
0.0417831 0.0427606 3 
0.041772 0.0442356 3 
0.0417613 0.0419525 3 
0.0417588 0.0455273 3 
0.0417499 0.0420482 3 
0.0416964 0.0432844 3 
0.0416823 0.0451474 3 
0.041652 0.0419525 3 
0.0416346 0.0438148 3 
0.0416219 0.0417137 3 
0.0415915 0.0416046 3 
0.0415655 0.0448208 3 
0.0415581 0.0441636 3 
0.0415351 0.044079 3 
0.0415299 0.0470264 3 
0.0415251 0.0421197 3 
0.0415234 0.0449588 3 
0.0415032 0.0446413 3 
0.0414997 0.0415038 3 
0.0414845 0.0448729 3 
0.0414809 0.0432844 3 
0.0414485 0.0441678 3 
0.0414455 0.0473555 3 
0.0414347 0.0450295 3 
0.0414304 0.0431552 3 
0.0414304 0.0433984 3 
0.0413895 0.041469 3 
0.0413877 0.0415491 3 
0.0413697 0.0436748 3 
0.0413579 0.0452519 3 
0.0413182 0.0426417 3 
0.0412555 0.0429168 3 
0.0412497 0.0460991 3 
0.0412392 0.041569 3 
0.0412377 0.0420274 3 
0.0412256 0.0425081 3 
0.0412056 0.0457973 3 
0.0412014 0.0455116 3 
0.0411859 0.043996 3 
0.0411825 0.0435326 3 
0.0411465 0.0437436 3 
0.0411426 0.0421198 3 
0.0411338 0.0422578 3 
0.0410761 0.043104 3 
0.0410592 0.045692 3 
0.0410572 0.041784 3 
0.0410336 0.0451607 3 
0.0409904 0.044799 3 
0.0409871 0.0435631 3 
0.0409246 0.0438128 3 
0.0408904 0.04344 3 
0.0408449 0.0433292 3 
0.0408437 0.0457322 3 
0.0408213 0.0433465 3 
0.0408183 0.0439996 3 
0.0408176 0.043296 3 
0.0407812 0.04371 3 
0.0407719 0.041691 3 
0.0407546 0.0412211 3 
0.040754 0.0413196 3 
0.0406994 0.0441636 3 
0.0406843 0.0436158 3 
0.0406808 0.0431385 3 
0.0406455 0.0425081 3 
0.0406376 0.0441652 3 
0.040629 0.042969 3 
0.0406198 0.0409291 3 
0.0406177 0.0441013 3 
0.0405978 0.0441296 3 
0.0405703 0.0436158 3 
0.0405566 0.0436158 3 
0.0405513 0.0439939 3 
0.0405468 0.0447822 3 
0.0405439 0.0437621 3 
0.0405188 0.0423781 3 
0.0405071 0.0430003 3 
0.0405054 0.0444477 3 
0.040482 0.0440371 3 
0.0404743 0.044811 3 
0.0404308 0.0444779 3 
0.0404304 0.0422995 3 
0.0403619 0.0442522 3 
0.0403148 0.0444123 3 
0.0403146 0.0417188 3 
0.0403142 0.0429278 3 
0.0402605 0.0446018 3 
0.0402521 0.0419282 3 
0.0402474 0.0433087 3 
0.0402027 0.0431784 3 
0.0401004 0.0435631 3 
0.0400456 0.0433363 3 
0.0399984 0.0419254 3 
0.0399681 0.0442356 3 
0.0399482 0.0439566 3 
0.0399251 0.0444123 3 
0.039912 0.0450325 3 
0.0399043 0.0436343 3 
0.0398947 0.0424749 3 
0.0398912 0.0404909 3 
0.0398843 0.0411566 3 
0.0398711 0.0424551 3 
0.0398525 0.0441443 3 
0.0398362 0.0402814 3 
0.0397958 0.0437703 3 
0.039743 0.0432602 3 
0.0397102 0.0441296 3 
0.0396631 0.0449311 3 
0.0396066 0.0404865 3 
0.0396022 0.0441584 3 
0.0395903 0.0423686 3 
0.039575 0.0436748 3 
0.0395685 0.0439496 3 
0.0395607 0.0446421 3 
0.0394353 0.0443927 3 
0.0394299 0.0433363 3 
0.0394268 0.041089 3 
0.0394213 0.0434069 3 
0.0394018 0.0445928 3 
0.039386 0.0445355 3 
0.0392627 0.0424551 3 
0.0389134 0.0417203 3 
0.0388799 0.0392913 3 
0.0384915 0.0388016 3 
0.0384387 0.0400343 3 
0.0384213 0.0439787 3 
0.0230016 0.0230424 4 
0.0227553 0.0229461 4 
0.0226787 0.0228115 4 
0.0224552 0.0233419 4 
0.0224444 0.0229679 4 
0.02244 0.022616 4 
0.0224073 0.0229432 4 
0.0223815 0.0233972 4 
0.0222664 0.0224123 4 
0.0222533 0.0223437 4 
0.0222507 0.0234494 4 
0.0221679 0.0234765 4 
0.0221209 0.0223647 4 
0.0221178 0.0222221 4 
0.0221092 0.0224362 4 
0.0220964 0.0225439 4 
0.0220873 0.0225125 4 
0.0218797 0.0225125 4 
0.0218321 0.0219759 4 
0.0217545 0.0218981 4 
0.0217424 0.0233226 4 
0.0216648 0.0218757 4 
0.0216527 0.0225723 4 
0.0215929 0.0216237 4 
0.0215895 0.0216237 4 
0.0215689 0.0219357 4 
0.0215532 0.0219265 4 
0.0214959 0.0219332 4 
0.0214515 0.0217283 4 
0.0214508 0.0217991 4 
0.0214365 0.0214669 4 
0.0214201 0.0215088 4 
0.0213657 0.022237 4 
0.0213528 0.0217128 4 
0.0213518 0.0218189 4 
0.0213213 0.0214823 4 
0.021302 0.0223444 4 
0.0212957 0.0218757 4 
0.0212905 0.022473 4 
0.0212693 0.0212815 4 
0.0211455 0.0214576 4 
0.0211452 0.0214863 4 
0.0211409 0.0215461 4 
0.0210991 0.0212914 4 
0.0210725 0.0219888 4 
0.0210685 0.0214951 4 
0.0210553 0.0216965 4 
0.021055 0.0212914 4 
0.0210183 0.0216465 4 
0.0209729 0.0213049 4 
0.0209609 0.021029 4 
0.0209422 0.0213101 4 
0.0208835 0.0226952 4 
0.0208695 0.0216991 4 
0.0208687 0.021247 4 
0.0208551 0.0214825 4 
0.0208524 0.0215112 4 
0.0208475 0.0219689 4 
0.0208148 0.0213312 4 
0.0208119 0.0218176 4 
0.0207724 0.0210261 4 
0.0207537 0.0217258 4 
0.0207498 0.0210046 4 
0.0207455 0.0214295 4 
0.0207178 0.0211002 4 
0.0207067 0.021023 4 
0.0206731 0.0219441 4 
0.0206547 0.020778 4 
0.0206433 0.0209369 4 
0.0206403 0.0216881 4 
0.0206236 0.0207348 4 
0.0205809 0.020822 4 
0.020544 0.0217213 4 
0.0205245 0.020887 4 
0.0205173 0.0219441 4 
0.0205134 0.021081 4 
0.0204978 0.0218426 4 
0.0204738 0.0223314 4 
0.0204615 0.0205948 4 
0.0204582 0.0219751 4 
0.0204565 0.0221115 4 
0.020455 0.0206164 4 
0.0204541 0.0208035 4 
0.0204432 0.021154 4 
0.0203908 0.0220184 4 
0.0203903 0.0205185 4 
0.0203658 0.0207954 4 
0.020358 0.0217571 4 
0.0203437 0.0215121 4 
0.0203434 0.0222345 4 
0.0203201 0.0205545 4 
0.0203133 0.0207162 4 
0.0203114 0.0209562 4 
0.0202826 0.0219586 4 
0.0202625 0.020887 4 
0.0202514 0.0208607 4 
0.0202389 0.0209899 4 
0.0202345 0.0212055 4 
0.0202288 0.0214808 4 
0.020225 0.0206856 4 
0.0201879 0.0217641 4 
0.0201505 0.021029 4 
0.0201355 0.0227573 4 
0.0201324 0.0219357 4 
0.0200575 0.0202215 4 
0.0200551 0.020897 4 
0.0200546 0.0202568 4 
0.0200502 0.0206856 4 
0.0200357 0.0204292 4 
0.0200154 0.0206788 4 
0.0200082 0.021719 4 
0.0200005 0.0231523 4 
0.0199989 0.0202215 4 
0.0199943 0.0206498 4 
0.0199939 0.0219867 4 
0.0199876 0.0206808 4 
0.019981 0.0206498 4 
0.0199808 0.0218467 4 
0.0199355 0.0207348 4 
0.0199227 0.0199415 4 
0.0199122 0.0211604 4 
0.0199055 0.0200957 4 
0.0199052 0.0206788 4 
0.0198835 0.0202328 4 
0.0198796 0.0205378 4 
0.019871 0.0200208 4 
0.019867 0.0220716 4 
0.0198665 0.0202242 4 
0.019854 0.0202242 4 
0.0198533 0.0210454 4 
0.0198312 0.0198631 4 
0.0198249 0.0214123 4 
0.0198203 0.021874 4 
0.0198112 0.0217809 4 
0.0197547 0.0197982 4 
0.0197445 0.0212146 4 
0.0197433 0.0201954 4 
0.0197205 0.0211257 4 
0.0197188 0.0199364 4 
0.019697 0.0197457 4 
0.019694 0.0210539 4 
0.0196921 0.020245 4 
0.0196792 0.0214648 4 
0.0196787 0.0209628 4 
0.0196761 0.0199387 4 
0.0196746 0.0212815 4 
0.0196683 0.0205919 4 
0.0196645 0.0213586 4 
0.0196613 0.0209498 4 
0.0196543 0.0212623 4 
0.0196528 0.0219448 4 
0.0196413 0.0202909 4 
0.0196202 0.020887 4 
0.0196107 0.0198631 4 
0.0195981 0.0209239 4 
0.0195953 0.0200816 4 
0.0195682 0.0215425 4 
0.0195604 0.0202244 4 
0.0195396 0.0218218 4 
0.0195279 0.0204689 4 
0.0195135 0.0207413 4 
0.0195128 0.0215088 4 
0.0194796 0.0214572 4 
0.0194628 0.0203905 4 
0.0194081 0.0217349 4 
0.0193571 0.0208641 4 
0.0193366 0.021076 4 
0.0193219 0.0206834 4 
0.0193057 0.0204689 4 
0.0192971 0.02058 4 
0.0192924 0.0210257 4 
0.0192749 0.0196519 4 
0.0192721 0.0203905 4 
0.0192662 0.0205919 4 
0.0192421 0.020103 4 
0.0192264 0.020107 4 
0.0191888 0.0209633 4 
0.0191858 0.0202941 4 
0.0191714 0.0213847 4 
0.0191409 0.0207141 4 
0.0191309 0.0203651 4 
0.0191156 0.0207436 4 
0.0190786 0.0202941 4 
0.0190731 0.02105 4 
0.0190679 0.0223329 4 
0.0190644 0.0213787 4 
0.0190442 0.0205919 4 
0.0190374 0.0208613 4 
0.0190121 0.0194622 4 
0.0190034 0.0213472 4 
0.0189452 0.0206856 4 
0.018916 0.020617 4 
0.0189139 0.0211486 4 
0.0189098 0.0204071 4 
0.0189091 0.0194863 4 
0.0189012 0.0200325 4 
0.0188933 0.0208607 4 
0.018888 0.02112 4 
0.0188795 0.0207807 4 
0.0188711 0.0195636 4 
0.0188626 0.0201448 4 
0.0188581 0.0198838 4 
0.0188576 0.0209498 4 
0.0188518 0.0204071 4 
0.0188122 0.0200325 4 
0.018795 0.0212472 4 
0.0187865 0.01976 4 
0.0187863 0.0210428 4 
0.0187823 0.0212954 4 
0.0187804 0.0212238 4 
0.018723 0.0210018 4 
0.0186962 0.0208946 4 
0.0186888 0.020945 4 
0.0186453 0.0203354 4 
0.0186389 0.020897 4 
0.0185585 0.0204762 4 
0.018546 0.021035 4 
0.0184541 0.0210604 4 
0.0181648 0.0184956 4 
0.0180862 0.0182456 4 
0.0180764 0.0209633 4 
0.0179986 0.0189959 4 
0.0114597 0.0115581 5 
0.0114467 0.0116423 5 
0.011405 0.0117799 5 
0.0113718 0.0117745 5 
0.0112665 0.0114624 5 
0.0111974 0.0115536 5 
0.011136 0.0117829 5 
0.0110945 0.0117018 5 
0.0109993 0.0111008 5 
0.010984 0.0110889 5 
0.0109549 0.0112246 5 
0.0109387 0.0112247 5 
0.010935 0.0110092 5 
0.0109218 0.0110262 5 
0.0108575 0.0114627 5 
0.010812 0.0109561 5 
0.0107532 0.0109379 5 
0.0107297 0.0107577 5 
0.0107024 0.0113755 5 
0.0106711 0.0111186 5 
0.0106546 0.0110125 5 
0.0106463 0.0107693 5 
0.0106185 0.0107051 5 
0.0106177 0.0107455 5 
0.0106111 0.0106355 5 
0.0106059 0.0108004 5 
0.0105949 0.0106312 5 
0.0105802 0.0105935 5 
0.0105617 0.0108665 5 
0.0105609 0.0107124 5 
0.0105463 0.0105742 5 
0.0105387 0.0105623 5 
0.0104912 0.0107272 5 
0.0104728 0.0109369 5 
0.0104711 0.0107366 5 
0.0104607 0.0107051 5 
0.0104579 0.010774 5 
0.0104494 0.0104655 5 
0.0104471 0.0109368 5 
0.0104421 0.0109439 5 
0.010382 0.0107051 5 
0.0103552 0.0112898 5 
0.0103468 0.0110072 5 
0.0103158 0.0106857 5 
0.0103064 0.0105317 5 
0.0103035 0.0110874 5 
0.0102917 0.0105591 5 
0.010242 0.0103974 5 
0.0102137 0.0102829 5 
0.0102019 0.0109137 5 
0.0101988 0.010905 5 
0.0101952 0.0102215 5 
0.0101828 0.0102967 5 
0.0101808 0.0104368 5 
0.0101615 0.0109149 5 
0.0101599 0.0109189 5 
0.0101539 0.0103357 5 
0.0101502 0.010819 5 
0.0101421 0.0102726 5 
0.0101234 0.0101463 5 
0.0101223 0.0103193 5 
0.0101101 0.0101341 5 
0.0101033 0.0103909 5 
0.0100857 0.0107857 5 
0.0100737 0.010477 5 
0.0100679 0.0108009 5 
0.010059 0.0113123 5 
0.0100588 0.0107315 5 
0.0100321 0.0104536 5 
0.00999809 0.0108469 5 
0.00998843 0.010011 5 
0.00998482 0.0103018 5 
0.00998364 0.0112905 5 
0.0099813 0.0104563 5 
0.0099754 0.0108792 5 
0.00997445 0.0107744 5 
0.00995085 0.010436 5 
0.00993788 0.0102278 5 
0.00992762 0.010928 5 
0.00991861 0.0104491 5 
0.00991141 0.010131 5 
0.00990711 0.0100503 5 
0.00989765 0.0102165 5 
0.00986911 0.011531 5 
0.00986021 0.0106552 5 
0.00985367 0.0101423 5 
0.00985281 0.0100355 5 
0.00984752 0.0100964 5 
0.00984369 0.0108025 5 
0.00984191 0.0100053 5 
0.00983712 0.0105523 5 
0.00983358 0.0108854 5 
0.00983142 0.0105757 5 
0.00983135 0.00994342 5 
0.00982783 0.0108143 5 
0.00982674 0.00988836 5 
0.00981823 0.0098928 5 
0.00981074 0.00986426 5 
0.00979915 0.010003 5 
0.00978802 0.0100355 5 
0.00978101 0.0100282 5 
0.009773 0.0101506 5 
0.00976814 0.0101849 5 
0.00976378 0.010003 5 
0.00976366 0.0107985 5 
0.00975293 0.00992347 5 
0.00975055 0.010563 5 
0.00974063 0.0105095 5 
0.00973497 0.0101463 5 
0.0097329 0.0107089 5 
0.00971816 0.0104897 5 
0.00971673 0.0101341 5 
0.00968603 0.0101876 5 
0.00968412 0.0108286 5 
0.00967 0.0105742 5 
0.0096594 0.0107192 5 
0.00965822 0.010533 5 
0.00965775 0.00986202 5 
0.00965533 0.010579 5 
0.00962252 0.00988756 5 
0.0096185 0.0103746 5 
0.00960142 0.00995735 5 
0.00958841 0.0101506 5 
0.00958649 0.0100053 5 
0.00957532 0.0103476 5 
0.00957384 0.0106264 5 
0.00955941 0.00980395 5 
0.00954618 0.0106587 5 
0.00954462 0.0102005 5 
0.00954343 0.0106062 5 
0.00952387 0.010484 5 
0.00951927 0.00988756 5 
0.00951699 0.00962305 5 
0.00950783 0.0100282 5 
0.00950058 0.0104585 5 
0.00949902 0.0104298 5 
0.00949779 0.0102097 5 
0.00946526 0.0102726 5 
0.00945864 0.010477 5 
0.00945161 0.00998107 5 
0.00945084 0.0105078 5 
0.00943437 0.00950364 5 
0.00943191 0.00970481 5 
0.00942596 0.0102456 5 
0.00941252 0.00997181 5 
0.0093989 0.00946286 5 
0.00939368 0.0104846 5 
0.00939087 0.00979973 5 
0.00938455 0.0105111 5 
0.00938324 0.00988088 5 
0.0093756 0.0103113 5 
0.00937186 0.00976703 5 
0.00936311 0.0112562 5 
0.00935817 0.00986681 5 
0.00935417 0.00986563 5 
0.00934777 0.00998955 5 
0.00932096 0.0103476 5 
0.0093188 0.0104638 5 
0.00930787 0.00982324 5 
0.00930707 0.0108078 5 
0.00928058 0.010158 5 
0.00927946 0.0100871 5 
0.00927297 0.0101511 5 
0.00926512 0.00970773 5 
0.00926055 0.00982078 5 
0.00923344 0.0105193 5 
0.00923034 0.0105705 5 
0.00919994 0.010186 5 
0.00918909 0.010011 5 
0.00917869 0.00978232 5 
0.00916679 0.0093132 5 
0.00915912 0.010433 5 
0.00915896 0.00995175 5 
0.00915114 0.0103219 5 
0.00913019 0.0102072 5 
0.00912993 0.0103476 5 
0.00911086 0.00990127 5 
0.00910064 0.00964156 5 
0.00906705 0.010159 5 
0.00905067 0.0101724 5 
0.00904583 0.0103771 5 
0.00901096 0.0101753 5 
0.00900825 0.0101277 5 
0.00900066 0.0102423 5 
0.00885371 0.0103336 5 
0.00877878 0.00884345 5 
0.00874253 0.00899038 5 
0.00870485 0.00931973 5 
0.00596451 0.00603979 6 
0.00586787 0.00612285 6 
0.00583278 0.00591444 6 
0.00580585 0.00601537 6 
0.00567325 0.00569937 6 
0.00567292 0.00580257 6 
0.0056725 0.00570123 6 
0.00565177 0.00575736 6 
0.00562007 0.00562047 6 
0.00562002 0.00593814 6 
0.00561931 0.0056822 6 
0.00561324 0.00570301 6 
0.00561224 0.00594876 6 
0.00560143 0.00570739 6 
0.0055775 0.00573956 6 
0.00552032 0.00560247 6 
0.00548727 0.00553553 6 
0.00548359 0.00553913 6 
0.00545613 0.00547888 6 
0.00543681 0.00558796 6 
0.0054349 0.00552611 6 
0.00538921 0.00572606 6 
0.0053884 0.00544615 6 
0.00537603 0.00561858 6 
0.00535591 0.00546143 6 
0.00535444 0.00542028 6 
0.00534213 0.00568121 6 
0.00533595 0.00578731 6 
0.00532298 0.00568354 6 
0.00532232 0.0053835 6 
0.00531981 0.0053835 6 
0.00530962 0.00538565 6 
0.00530653 0.00552432 6 
0.00529866 0.00542835 6 
0.00528253 0.00535455 6 
0.00525661 0.00527036 6 
0.00523784 0.0052902 6 
0.00522133 0.00531318 6 
0.00521859 0.00556329 6 
0.00521347 0.00524046 6 
0.00518855 0.0056015 6 
0.00518773 0.00528368 6 
0.00517561 0.00567432 6 
0.00517499 0.00538204 6 
0.00516871 0.00520485 6 
0.00516562 0.00519253 6 
0.00516414 0.00583665 6 
0.0051605 0.00525961 6 
0.00515841 0.00544322 6 
0.00515698 0.00550522 6 
0.00515164 0.00520384 6 
0.00515076 0.00517462 6 
0.00514936 0.00514986 6 
0.00513701 0.00573784 6 
0.00512043 0.00523306 6 
0.00510784 0.00553297 6 
0.00510435 0.0051171 6 
0.00510055 0.00511436 6 
0.00509998 0.00550993 6 
0.00509666 0.00536049 6 
0.0050884 0.00536215 6 
0.00508052 0.00536592 6 
0.0050793 0.0054958 6 
0.0050481 0.00512012 6 
0.0050458 0.0053802 6 
0.00504427 0.00541822 6 
0.00504045 0.00540989 6 
0.00503938 0.00546143 6 
0.00503171 0.0052525 6 
0.00503164 0.00512627 6 
0.00503062 0.00556198 6 
0.00501942 0.00552762 6 
0.00501756 0.00581337 6 
0.0050147 0.0051558 6 
0.00501436 0.00541385 6 
0.00501098 0.00502228 6 
0.00500279 0.00511339 6 
0.00499592 0.00501515 6 
0.00498718 0.00507209 6 
0.00498655 0.00527208 6 
0.00496507 0.00499941 6 
0.00496139 0.00559463 6 
0.00495642 0.00500572 6 
0.00494854 0.00503129 6 
0.00494613 0.00523636 6 
0.00493984 0.00495631 6 
0.00493961 0.00528591 6 
0.00493474 0.0049929 6 
0.00492382 0.00548657 6 
0.00492011 0.00552611 6 
0.00491625 0.00522613 6 
0.00491389 0.00497918 6 
0.00491291 0.00495241 6 
0.00490973 0.00514556 6 
0.00490687 0.00498633 6 
0.00490163 0.00521453 6 
0.00489953 0.00503129 6 
0.0048814 0.00541541 6 
0.00487876 0.00520384 6 
0.00487502 0.00497538 6 
0.00487448 0.0049107 6 
0.00487146 0.00530594 6 
0.00486532 0.00537437 6 
0.00486485 0.00516401 6 
0.00486393 0.00517359 6 
0.00486094 0.00492557 6 
0.00485006 0.00532718 6 
0.0048488 0.00522817 6 
0.00484587 0.00486323 6 
0.00484569 0.00503161 6 
0.00483984 0.00533094 6 
0.00483899 0.0052544 6 
0.00483748 0.00524929 6 
0.00483134 0.0056678 6 
0.00482797 0.00507432 6 
0.00482447 0.00516035 6 
0.00481776 0.00527733 6 
0.00481078 0.00484986 6 
0.00480959 0.00493655 6 
0.00480503 0.00485816 6 
0.00480266 0.00495408 6 
0.00479881 0.00542918 6 
0.00479813 0.00523174 6 
0.00478436 0.00502228 6 
0.00477307 0.00522627 6 
0.00477004 0.00524011 6 
0.00476837 0.00525492 6 
0.00476775 0.00520485 6 
0.00476676 0.00486571 6 
0.00476446 0.00530136 6 
0.00476387 0.00491334 6 
0.00475742 0.00523484 6 
0.00474835 0.00512988 6 
0.00474214 0.00515035 6 
0.00473556 0.00545482 6 
0.00473199 0.00533472 6 
0.00472687 0.00495059 6 
0.00472312 0.00509584 6 
0.00472154 0.00517359 6 
0.00472107 0.00498892 6 
0.00471456 0.00524778 6 
0.00470587 0.00506784 6 
0.00470154 0.00488827 6 
0.00468908 0.00495039 6 
0.00468723 0.00472931 6 
0.00468535 0.00490676 6 
0.00468187 0.00501521 6 
0.00467876 0.00527702 6 
0.00467414 0.00527761 6 
0.00466454 0.00500111 6 
0.00465416 0.00510529 6 
0.00464639 0.00492447 6 
0.00462606 0.00463051 6 
0.00462143 0.00535761 6 
0.00458999 0.00478693 6 
0.00458804 0.00507073 6 
0.00458354 0.00506099 6 
0.00458277 0.00527122 6 
0.00458115 0.00510596 6 
0.00457486 0.00517359 6 
0.00457385 0.00478693 6 
0.00456843 0.00514556 6 
0.00453085 0.00506137 6 
0.00452669 0.00498001 6 
0.004524 0.00471044 6 
0.0045101 0.00502366 6 
0.00450541 0.00451316 6 
0.00450245 0.00516652 6 
0.00448702 0.00471044 6 
0.00448403 0.00503042 6 
0.00447524 0.00506137 6 
0.004474 0.00509564 6 
0.00447313 0.00519989 6 
0.00446667 0.00511871 6 
0.00444864 0.00512044 6 
0.00432885 0.00447619 6 
0.00430497 0.00468882 6 
0.00306497 0.00309821 7 
0.00306349 0.00318606 7 
0.00295871 0.00298133 7 
0.00294659 0.00310691 7 
0.00293079 0.00296023 7 
0.00292058 0.00292848 7 
0.00290303 0.00295467 7 
0.0028962 0.00296569 7 
0.00287312 0.00294161 7 
0.00286119 0.00307153 7 
0.00284135 0.00298342 7 
0.00283739 0.00293408 7 
0.00283189 0.00284756 7 
0.00282486 0.00294161 7 
0.00282176 0.00284721 7 
0.00279828 0.00292125 7 
0.00278362 0.00302379 7 
0.00274696 0.00298133 7 
0.00274415 0.00291836 7 
0.00274376 0.002765 7 
0.00273641 0.00277876 7 
0.00273435 0.0027926 7 
0.00273368 0.00273457 7 
0.00272878 0.00274697 7 
0.00272505 0.00295123 7 
0.00271373 0.0027516 7 
0.00270871 0.00283191 7 
0.00270324 0.00274417 7 
0.00267756 0.00272435 7 
0.00266766 0.0029556 7 
0.00266217 0.00282089 7 
0.00266208 0.00270305 7 
0.00265378 0.00266516 7 
0.00264846 0.00275472 7 
0.0026436 0.00264713 7 
0.00264325 0.00279026 7 
0.00264212 0.00265242 7 
0.0026389 0.00265294 7 
0.00263217 0.00274488 7 
0.00263208 0.00285727 7 
0.0026258 0.00271023 7 
0.00262566 0.00281387 7 
0.00262345 0.00286252 7 
0.00262226 0.00296367 7 
0.00261843 0.00275795 7 
0.00261836 0.00263874 7 
0.00261073 0.00278323 7 
0.0026088 0.00282556 7 
0.00260855 0.00281995 7 
0.00260143 0.00277814 7 
0.00259629 0.00260654 7 
0.00259355 0.00263105 7 
0.00259176 0.0028604 7 
0.00259128 0.00266061 7 
0.002583 0.00267486 7 
0.00258212 0.00275456 7 
0.00256496 0.00263649 7 
0.00256318 0.00293704 7 
0.00256052 0.00264997 7 
0.00255461 0.0027926 7 
0.00255151 0.00275732 7 
0.00255046 0.0025531 7 
0.0025495 0.00271311 7 
0.00254797 0.00263244 7 
0.00254522 0.00275995 7 
0.00254225 0.00254501 7 
0.00254184 0.00293408 7 
0.00253978 0.00256013 7 
0.00253472 0.00254056 7 
0.00253435 0.00268239 7 
0.00253414 0.00284657 7 
0.0025325 0.00289744 7 
0.00252924 0.00259306 7 
0.00252666 0.00260873 7 
0.0025198 0.0025449 7 
0.00251645 0.00265811 7 
0.00251366 0.0026473 7 
0.00251314 0.00274516 7 
0.00249677 0.00264365 7 
0.00249562 0.00256013 7 
0.0024952 0.00267204 7 
0.00249093 0.00255 7 
0.00248745 0.00264365 7 
0.0024866 0.00249885 7 
0.00248561 0.00250965 7 
0.00248406 0.00259762 7 
0.00248266 0.00260625 7 
0.00247921 0.00269213 7 
0.00247799 0.00262775 7 
0.00247592 0.00260479 7 
0.00246519 0.0026867 7 
0.00246305 0.00266697 7 
0.00246302 0.00249431 7 
0.00246272 0.00250769 7 
0.00246259 0.00266399 7 
0.00245996 0.00266157 7 
0.00245638 0.0027797 7 
0.00245637 0.00261583 7 
0.00244751 0.00246399 7 
0.00244642 0.0025359 7 
0.00244389 0.00255566 7 
0.0024409 0.00267911 7 
0.00243882 0.00255881 7 
0.00243454 0.00263286 7 
0.00243188 0.00260654 7 
0.00243087 0.00255214 7 
0.00242646 0.00277227 7 
0.00242509 0.00258556 7 
0.00242408 0.00268239 7 
0.00242371 0.00254425 7 
0.00242184 0.00266399 7 
0.00242042 0.00242921 7 
0.00241871 0.00272608 7 
0.00241557 0.00265376 7 
0.00241396 0.00245908 7 
0.00241153 0.00257247 7 
0.00240875 0.00264273 7 
0.00240812 0.00261205 7 
0.00240403 0.0024516 7 
0.00240011 0.00240077 7 
0.00239552 0.00249011 7 
0.00238573 0.00272435 7 
0.00238556 0.00252068 7 
0.0023851 0.0025944 7 
0.00238378 0.0024489 7 
0.00238169 0.0024075 7 
0.00237942 0.0027516 7 
0.00237244 0.00251099 7 
0.00236559 0.00266356 7 
0.00236518 0.00270694 7 
0.00235933 0.0026645 7 
0.00234357 0.00238895 7 
0.0023393 0.00256932 7 
0.00233682 0.00248805 7 
0.00233341 0.00263288 7 
0.00233335 0.00264273 7 
0.00232799 0.00254934 7 
0.00232166 0.00260288 7 
0.00231716 0.00251401 7 
0.00230273 0.00237562 7 
0.00230187 0.00258556 7 
0.00230059 0.00230307 7 
0.0022975 0.00262663 7 
0.00227498 0.00228207 7 
0.00227107 0.00234097 7 
0.00227085 0.00251401 7 
0.00227072 0.00238279 7 
0.00226949 0.00253426 7 
0.00226762 0.00259742 7 
0.00226612 0.00251006 7 
0.00226113 0.00259516 7 
0.002255 0.00261775 7 
0.00225234 0.00264849 7 
0.00225187 0.0026242 7 
0.00225116 0.00234097 7 
0.00219269 0.0022696 7 
0.00215877 0.00240354 7 
0.00163278 0.0016407 8 
0.00161316 0.00164683 8 
0.00155949 0.00163722 8 
0.00154982 0.00156422 8 
0.00154578 0.00156431 8 
0.00151663 0.00152578 8 
0.00151057 0.00154311 8 
0.00150832 0.00157268 8 
0.00149826 0.00152227 8 
0.0014951 0.00155488 8 
0.00149118 0.00152578 8 
0.00147692 0.0014774 8 
0.00147673 0.00157507 8 
0.00146807 0.00153325 8 
0.00146763 0.00156356 8 
0.00146455 0.00159573 8 
0.00145993 0.00151737 8 
0.00145731 0.00147005 8 
0.00144759 0.00146554 8 
0.00142707 0.00149142 8 
0.00142042 0.00144503 8 
0.00142025 0.00143077 8 
0.00141578 0.00143258 8 
0.00140789 0.00144851 8 
0.00140757 0.00145497 8 
0.00140613 0.00140774 8 
0.00140568 0.00143735 8 
0.00140334 0.00154078 8 
0.00139599 0.00140589 8 
0.00139297 0.0014639 8 
0.00139137 0.00153123 8 
0.00138798 0.00138875 8 
0.00138512 0.00141348 8 
0.00138246 0.00139777 8 
0.00138016 0.00138448 8 
0.00137829 0.00149534 8 
0.00137632 0.00142421 8 
0.00137443 0.00147251 8 
0.00137252 0.00145804 8 
0.00137221 0.00138448 8 
0.00137055 0.00141073 8 
0.00136921 0.00143171 8 
0.00136268 0.00146648 8 
0.0013617 0.00138393 8 
0.00136108 0.0014132 8 
0.00135972 0.00136631 8 
0.00135256 0.0013584 8 
0.00134966 0.00149203 8 
0.00134827 0.00141189 8 
0.00134754 0.00136189 8 
0.00134644 0.00142542 8 
0.00134604 0.00140565 8 
0.00134375 0.00134583 8 
0.00134289 0.00143796 8 
0.00134191 0.00149987 8 
0.00134048 0.00153913 8 
0.00133954 0.00136263 8 
0.00133775 0.00139574 8 
0.00133495 0.00140692 8 
0.00133101 0.00137589 8 
0.00132895 0.00155577 8 
0.00132741 0.00144347 8 
0.00132605 0.00136447 8 
0.00132201 0.00149053 8 
0.0013217 0.00136078 8 
0.00131835 0.0014128 8 
0.00131641 0.00136286 8 
0.00131382 0.00132056 8 
0.0013133 0.00135971 8 
0.00131167 0.00136059 8 
0.00130781 0.00144503 8 
0.00130655 0.00135934 8 
0.00130589 0.00133572 8 
0.0013053 0.00142359 8 
0.00130238 0.001353 8 
0.0012973 0.00131851 8 
0.00129509 0.00133139 8 
0.00129227 0.00129368 8 
0.00128579 0.00131398 8 
0.00128477 0.00136477 8 
0.001284 0.00133139 8 
0.00128381 0.00131142 8 
0.00128111 0.00136346 8 
0.00128016 0.00128159 8 
0.00127855 0.00137447 8 
0.00127702 0.00132008 8 
0.00127418 0.0014192 8 
0.00127158 0.0013584 8 
0.00127023 0.00132252 8 
0.00127016 0.0014187 8 
0.00127011 0.00135991 8 
0.00126803 0.00136804 8 
0.00126166 0.00131592 8 
0.00126034 0.00143896 8 
0.00125879 0.0014187 8 
0.00125844 0.00128029 8 
0.00125791 0.00135395 8 
0.00125593 0.00127848 8 
0.00125468 0.00133928 8 
0.00125365 0.00130823 8 
0.00125003 0.001353 8 
0.00124999 0.00132 8 
0.00124995 0.0014128 8 
0.00124952 0.00129455 8 
0.00124724 0.0012487 8 
0.0012434 0.00138568 8 
0.00124266 0.00135443 8 
0.0012393 0.0013926 8 
0.00123884 0.00141348 8 
0.0012377 0.00126029 8 
0.0012361 0.00130005 8 
0.00123396 0.0013036 8 
0.00123293 0.00136566 8 
0.00123216 0.00131286 8 
0.00122956 0.00133786 8 
0.00122819 0.00125989 8 
0.00122798 0.00136926 8 
0.00122768 0.00123831 8 
0.00122739 0.00128786 8 
0.00122202 0.00123026 8 
0.00122083 0.00143734 8 
0.00121657 0.00126385 8 
0.0012164 0.00132594 8 
0.00121234 0.00133928 8 
0.00121172 0.00133915 8 
0.00121168 0.00121278 8 
0.0012106 0.00133503 8 
0.00120582 0.00136768 8 
0.00120504 0.00135215 8 
0.001203 0.00126836 8 
0.00119852 0.0013838 8 
0.00119363 0.00127366 8 
0.00119297 0.00134185 8 
0.00118045 0.00131142 8 
0.00116783 0.00132103 8 
0.00116588 0.0011695 8 
0.0011654 0.00135385 8 
0.00116203 0.0012983 8 
0.00115826 0.00133372 8 
0.00115633 0.00118044 8 
0.00115632 0.00132974 8 
0.00115582 0.00121278 8 
0.00115278 0.0013414 8 
0.00115226 0.00127262 8 
0.00114992 0.00137103 8 
0.00114927 0.00126385 8 
0.00114566 0.00118044 8 
0.00113312 0.0012019 8 
0.0011215 0.0011671 8 
0.00110753 0.00125004 8 
0.000854972 0.000857152 9 
0.000831304 0.000862815 9 
0.000815628 0.000827882 9 
0.000807262 0.000830101 9 
0.000801432 0.000844661 9 
0.000793537 0.00080936 9 
0.000793202 0.000815513 9 
0.000791278 0.000812601 9 
0.000779 0.000792406 9 
0.000778617 0.000799133 9 
0.000776736 0.000810664 9 
0.000775331 0.000846645 9 
0.000769881 0.000782447 9 
0.000763994 0.00077993 9 
0.000756674 0.000794121 9 
0.000752401 0.000761899 9 
0.000750489 0.000753854 9 
0.000747375 0.000787137 9 
0.000747222 0.000768269 9 
0.00074574 0.00081081 9 
0.000740187 0.000753123 9 
0.000738315 0.000741184 9 
0.000736949 0.000767408 9 
0.00073498 0.000744003 9 
0.000731516 0.000757602 9 
0.000731219 0.000731875 9 
0.000730444 0.000791948 9 
0.000729335 0.000754776 9 
0.000726543 0.000743868 9 
0.000725633 0.00072758 9 
0.000724671 0.000757872 9 
0.000723614 0.000762336 9 
0.000722535 0.000736127 9 
0.000721257 0.000739705 9 
0.000720927 0.000746796 9 
0.000720086 0.000750597 9 
0.000717283 0.000749556 9 
0.000716651 0.000784717 9 
0.000716363 0.000730791 9 
0.000714021 0.000727114 9 
0.00071384 0.000722514 9 
0.000713593 0.000722514 9 
0.000713283 0.000729502 9 
0.000709848 0.000729062 9 
0.000708334 0.000729324 9 
0.000707475 0.000806733 9 
0.000707076 0.000782899 9 
0.000706807 0.00073557 9 
0.000705449 0.000713066 9 
0.000701637 0.000803527 9 
0.000701527 0.000705016 9 
0.000701488 0.000710378 9 
0.000697724 0.000733108 9 
0.000697186 0.000786008 9 
0.00069359 0.000708371 9 
0.000691603 0.000713454 9 
0.0006892 0.000749795 9 
0.000686977 0.000687431 9 
0.000686833 0.000715411 9 
0.00068214 0.000718103 9 
0.000682081 0.00074578 9 
0.000681458 0.000691744 9 
0.000680786 0.000704556 9 
0.000679318 0.00068309 9 
0.000675243 0.000705189 9 
0.000674806 0.000754776 9 
0.000673848 0.000742773 9 
0.000673036 0.000703619 9 
0.000671378 0.000689493 9 
0.000670441 0.000708391 9 
0.000669696 0.000676797 9 
0.000669065 0.000674273 9 
0.00066848 0.000679083 9 
0.000667629 0.000702027 9 
0.000667119 0.000690994 9 
0.000665043 0.00067028 9 
0.000663803 0.000689092 9 
0.000662434 0.000762504 9 
0.000661576 0.000702696 9 
0.000661261 0.000746 9 
0.000660783 0.000681833 9 
0.000659535 0.000672816 9 
0.000659137 0.000739705 9 
0.000658827 0.000729842 9 
0.000656495 0.000731716 9 
0.000656333 0.000683701 9 
0.000655876 0.000687054 9 
0.000652943 0.000733108 9 
0.000652544 0.000702469 9 
0.000651687 0.000661567 9 
0.000650985 0.000689493 9 
0.00064924 0.000660343 9 
0.000648313 0.000762504 9 
0.00064699 0.000684895 9 
0.000644569 0.000667652 9 
0.000644309 0.000711109 9 
0.000644113 0.000671419 9 
0.000643254 0.000652939 9 
0.000642652 0.000669543 9 
0.000642425 0.000681612 9 
0.000641791 0.000729914 9 
0.000641173 0.000652943 9 
0.000640383 0.000750569 9 
0.000638303 0.000725062 9 
0.000637484 0.000676784 9 
0.000636996 0.000662138 9 
0.000636793 0.000684895 9 
0.000635239 0.000703911 9 
0.000633505 0.00064995 9 
0.000630334 0.000706095 9 
0.000629541 0.00071978 9 
0.000629509 0.000715328 9 
0.000628574 0.000651063 9 
0.000628187 0.000722289 9 
0.00062149 0.000711468 9 
0.000620265 0.000688016 9 
0.000618535 0.0006248 9 
0.000613204 0.000690185 9 
0.00061244 0.000613891 9 
0.000612248 0.000703077 9 
0.000612101 0.000714227 9 
0.00060709 0.000674829 9 
0.000605904 0.000667355 9 
0.000604865 0.000681444 9 
0.000604475 0.000691081 9 
0.000602174 0.000671425 9 
0.00060165 0.0006248 9 
0.000599626 0.000690285 9 
0.000597688 0.000694701 9 
0.00059592 0.000602759 9 
0.000594846 0.000723778 9 
0.000589996 0.000607936 9 
0.000588988 0.000651785 9 
0.000586092 0.000642145 9 
0.000578801 0.000657485 9 
0.000577159 0.000606847 9 
0.000574063 0.000613891 9 
