0 0.493387 0 
0 0.497191 0 
0 0.497467 0 
0 0.497998 0 
0 0.499255 0 
0 0.500081 0 
0 0.500432 0 
0 0.500926 0 
0 0.501164 0 
0 0.501169 0 
0 0.501693 0 
0 0.5017 0 
0 0.502321 0 
0 0.503306 0 
0 0.503366 0 
0 0.503794 0 
0 0.503885 0 
0 0.504179 0 
0 0.504289 0 
0 0.504413 0 
0 0.504422 0 
0 0.504958 0 
0 0.505083 0 
0 0.5051 0 
0 0.505133 0 
0 0.505328 0 
0 0.505339 0 
0 0.505509 0 
0 0.505629 0 
0 0.505703 0 
0 0.505816 0 
0 0.505881 0 
0 0.506002 0 
0 0.506194 0 
0 0.506235 0 
0 0.506247 0 
0 0.506276 0 
0 0.506282 0 
0 0.506436 0 
0 0.506484 0 
0 0.506545 0 
0 0.506547 0 
0 0.5066 0 
0 0.506614 0 
0 0.506641 0 
0 0.506644 0 
0 0.506657 0 
0 0.506682 0 
0 0.506733 0 
0 0.506833 0 
0 0.506922 0 
0 0.506933 0 
0 0.506998 0 
0 0.50701 0 
0 0.507115 0 
0 0.507161 0 
0 0.507168 0 
0 0.507196 0 
0 0.507264 0 
0 0.507268 0 
0 0.507279 0 
0 0.507338 0 
0 0.50746 0 
0 0.507463 0 
0 0.507477 0 
0 0.507496 0 
0 0.50778 0 
0 0.50779 0 
0 0.507802 0 
0 0.507832 0 
0 0.507833 0 
0 0.507867 0 
0 0.508007 0 
0 0.508028 0 
0 0.508133 0 
0 0.508206 0 
0 0.508213 0 
0 0.508268 0 
0 0.508315 0 
0 0.508356 0 
0 0.508369 0 
0 0.508373 0 
0 0.508396 0 
0 0.508409 0 
0 0.508418 0 
0 0.508464 0 
0 0.508729 0 
0 0.508738 0 
0 0.508793 0 
0 0.508803 0 
0 0.508803 0 
0 0.508842 0 
0 0.508858 0 
0 0.508984 0 
0 0.50916 0 
0 0.509189 0 
0 0.509311 0 
0 0.509439 0 
0 0.509535 0 
0 0.509539 0 
0 0.509574 0 
0 0.509598 0 
0 0.509739 0 
0 0.510094 0 
0 0.510102 0 
0 0.510231 0 
0 0.510322 0 
0 0.510562 0 
0 0.510607 0 
0 0.510655 0 
0 0.510659 0 
0 0.510719 0 
0 0.510722 0 
0 0.510799 0 
0 0.51091 0 
0 0.510931 0 
0 0.511154 0 
0 0.511186 0 
0 0.511222 0 
0 0.511247 0 
0 0.511377 0 
0 0.511552 0 
0 0.511565 0 
0 0.511574 0 
0 0.511601 0 
0 0.513287 0 
0 0.513297 0 
0 inf 0 
0 0.186946 1 
0 0.192064 1 
0 0.192672 1 
0 0.193505 1 
0 0.193865 1 
0 0.194153 1 
0 0.194372 1 
0 0.194593 1 
0 0.19461 1 
0 0.19494 1 
0 0.195 1 
0 0.195087 1 
0 0.195205 1 
0 0.195337 1 
0 0.195395 1 
0 0.195581 1 
0 0.195627 1 
0 0.195824 1 
0 0.195938 1 
0 0.195971 1 
0 0.196107 1 
0 0.196275 1 
0 0.196324 1 
0 0.196618 1 
0 0.196755 1 
0 0.196874 1 
0 0.197021 1 
0 0.19707 1 
0 0.197086 1 
0 0.197155 1 
0 0.197438 1 
0 0.197439 1 
0 0.197596 1 
0 0.197756 1 
0 0.197771 1 
0 0.197894 1 
0 0.197898 1 
0 0.197921 1 
0 0.198029 1 
0 0.19805 1 
0 0.1981 1 
0 0.198449 1 
0 0.198467 1 
0 0.198474 1 
0 0.198727 1 
0 0.198771 1 
0 0.19896 1 
0 0.199027 1 
0 0.199061 1 
0 0.199122 1 
0 0.199206 1 
0 0.199236 1 
0 0.19939 1 
0 0.199408 1 
0 0.199452 1 
0 0.199484 1 
0 0.199575 1 
0 0.199715 1 
0 0.19976 1 
0 0.199883 1 
0 0.199887 1 
0 0.199889 1 
0 0.199896 1 
0 0.199903 1 
0 0.19997 1 
0 0.200061 1 
0 0.200127 1 
0 0.200173 1 
0 0.200207 1 
0 0.200323 1 
0 0.200384 1 
0 0.200402 1 
0 0.200474 1 
0 0.200484 1 
0 0.200556 1 
0 0.200604 1 
0 0.200743 1 
0 0.200794 1 
0 0.200828 1 
0 0.200841 1 
0 0.200856 1 
0 0.200913 1 
0 0.200914 1 
0 0.20095 1 
0 0.200954 1 
0 0.200971 1 
0 0.200976 1 
0 0.201133 1 
0 0.20117 1 
0 0.20118 1 
0 0.201201 1 
0 0.201224 1 
0 0.20126 1 
0 0.20129 1 
0 0.201615 1 
0 0.20164 1 
0 0.201655 1 
0 0.20166 1 
0 0.201955 1 
0 0.202145 1 
0 0.20215 1 
0 0.202291 1 
0 0.202293 1 
0 0.202418 1 
0 0.202466 1 
0 0.202548 1 
0 0.202627 1 
0 0.202692 1 
0 0.202985 1 
0 0.203064 1 
0 0.203331 1 
0 0.203462 1 
0 0.203479 1 
0 0.203656 1 
0 0.203775 1 
0 0.203808 1 
0 0.204117 1 
0 0.20417 1 
0 0.204334 1 
0 0.204341 1 
0 0.204386 1 
0 0.204566 1 
0 0.204578 1 
0 0.204799 1 
0 0.206284 1 
0 0.206944 1 
0 0.208601 1 
0 inf 1 
0 0.0766805 2 
0 0.0783705 2 
0 0.079246 2 
0 0.0795448 2 
0 0.0797579 2 
0 0.080014 2 
0 0.0802139 2 
0 0.0803868 2 
0 0.0806311 2 
0 0.0807385 2 
0 0.0807754 2 
0 0.0812415 2 
0 0.0812932 2 
0 0.0813558 2 
0 0.0814123 2 
0 0.0815806 2 
0 0.0815955 2 
0 0.0816985 2 
0 0.0817149 2 
0 0.081829 2 
0 0.0819174 2 
0 0.0819274 2 
0 0.0820414 2 
0 0.0821508 2 
0 0.0821557 2 
0 0.0823105 2 
0 0.0823109 2 
0 0.082377 2 
0 0.0824332 2 
0 0.08252 2 
0 0.0828938 2 
0 0.0829203 2 
0 0.0829558 2 
0 0.0829714 2 
0 0.083043 2 
0 0.083079 2 
0 0.083185 2 
0 0.0832654 2 
0 0.0833563 2 
0 0.083397 2 
0 0.0834363 2 
0 0.0835246 2 
0 0.0835492 2 
0 0.0836187 2 
0 0.083732 2 
0 0.0837439 2 
0 0.0838758 2 
0 0.0839483 2 
0 0.0839539 2 
0 0.0840095 2 
0 0.0840828 2 
0 0.0841586 2 
0 0.0841948 2 
0 0.0842138 2 
0 0.0842303 2 
0 0.084264 2 
0 0.0845115 2 
0 0.0846141 2 
0 0.084626 2 
0 0.0846708 2 
0 0.0847013 2 
0 0.0847227 2 
0 0.0848452 2 
0 0.0849008 2 
0 0.0849911 2 
0 0.0849978 2 
0 0.0850273 2 
0 0.0850515 2 
0 0.085217 2 
0 0.085254 2 
0 0.0853514 2 
0 0.0854702 2 
0 0.0854772 2 
0 0.0855863 2 
0 0.085608 2 
0 0.08566 2 
0 0.0856771 2 
0 0.0856821 2 
0 0.0856958 2 
0 0.0856996 2 
0 0.085851 2 
0 0.0858637 2 
0 0.0858679 2 
0 0.0858733 2 
0 0.0858803 2 
0 0.0858928 2 
0 0.0859007 2 
0 0.0859206 2 
0 0.0859682 2 
0 0.0860208 2 
0 0.0860325 2 
0 0.086039 2 
0 0.0861523 2 
0 0.0861918 2 
0 0.0862577 2 
0 0.0863215 2 
0 0.0863292 2 
0 0.0863456 2 
0 0.0866481 2 
0 0.0866713 2 
0 0.0867862 2 
0 0.0868686 2 
0 0.0869254 2 
0 0.0869676 2 
0 0.0873068 2 
0 0.0873339 2 
0 0.0874506 2 
0 0.087686 2 
0 0.0878287 2 
0 0.0878486 2 
0 0.0879268 2 
0 0.0879693 2 
0 0.0880353 2 
0 0.088044 2 
0 0.088064 2 
0 0.0882538 2 
0 0.0882579 2 
0 0.0883718 2 
0 0.0884598 2 
0 0.088507 2 
0 0.08872 2 
0 0.0891868 2 
0 0.0893935 2 
0 0.0903344 2 
0 0.0929565 2 
0 0.0945412 2 
0 0.0949272 2 
0 inf 2 
0 0.032993 3 
0 0.0335166 3 
0 0.0345805 3 
0 0.034749 3 
0 0.0348845 3 
0 0.0350307 3 
0 0.0352028 3 
0 0.0353658 3 
0 0.035412 3 
0 0.0356397 3 
0 0.035672 3 
0 0.0357105 3 
0 0.0358754 3 
0 0.0359186 3 
0 0.0359739 3 
0 0.0361814 3 
0 0.0362927 3 
0 0.0363288 3 
0 0.0363379 3 
0 0.0364078 3 
0 0.0364194 3 
0 0.0365353 3 
0 0.0365411 3 
0 0.0365854 3 
0 0.0365996 3 
0 0.0366123 3 
0 0.0368037 3 
0 0.0368442 3 
0 0.0369125 3 
0 0.0369451 3 
0 0.0369843 3 
0 0.0371194 3 
0 0.0371258 3 
0 0.0371362 3 
0 0.0371891 3 
0 0.037203 3 
0 0.0372039 3 
0 0.0372407 3 
0 0.0372411 3 
0 0.0373084 3 
0 0.0373134 3 
0 0.0373531 3 
0 0.0373957 3 
0 0.0373996 3 
0 0.037502 3 
0 0.0377686 3 
0 0.0379216 3 
0 0.0379273 3 
0 0.0379466 3 
0 0.0379543 3 
0 0.0379682 3 
0 0.0380044 3 
0 0.0380257 3 
0 0.0380684 3 
0 0.0380716 3 
0 0.0381327 3 
0 0.0381459 3 
0 0.0382509 3 
0 0.0382561 3 
0 0.0382714 3 
0 0.0382989 3 
0 0.0383183 3 
0 0.0383385 3 
0 0.0383571 3 
0 0.0383627 3 
0 0.0383934 3 
0 0.0384676 3 
0 0.0385133 3 
0 0.0386034 3 
0 0.0386133 3 
0 0.0386194 3 
0 0.0386832 3 
0 0.038696 3 
0 0.038699 3 
0 0.0387306 3 
0 0.0387706 3 
0 0.0387754 3 
0 0.0387937 3 
0 0.0388347 3 
0 0.0389258 3 
0 0.0389515 3 
0 0.0389756 3 
0 0.0389777 3 
0 0.0389809 3 
0 0.0390237 3 
0 0.0390302 3 
0 0.0390469 3 
0 0.039061 3 
0 0.039113 3 
0 0.0391286 3 
0 0.0391576 3 
0 0.0391602 3 
0 0.0391617 3 
0 0.0392158 3 
0 0.0395735 3 
0 0.0395914 3 
0 0.0396068 3 
0 0.03961 3 
0 0.0396254 3 
0 0.0396536 3 
0 0.0396901 3 
0 0.0397502 3 
0 0.0397525 3 
0 0.0398231 3 
0 0.0398993 3 
0 0.0399239 3 
0 0.0401164 3 
0 0.0402239 3 
0 0.040276 3 
0 0.0404595 3 
0 0.0405702 3 
0 0.0408767 3 
0 0.0409065 3 
0 0.0409702 3 
0 0.0409934 3 
0 0.0411925 3 
0 0.0412838 3 
0 0.0414837 3 
0 0.0414853 3 
0 0.0417223 3 
0 0.0422431 3 
0 0.0425349 3 
0 0.0425548 3 
0 0.0429653 3 
0 0.0436866 3 
0 0.0454618 3 
0 0.0464809 3 
0 inf 3 
0 0.0144726 4 
0 0.0153361 4 
0 0.0157968 4 
0 0.0158434 4 
0 0.015957 4 
0 0.0162266 4 
0 0.0162324 4 
0 0.0162967 4 
0 0.0164911 4 
0 0.0166134 4 
0 0.0166435 4 
0 0.016647 4 
0 0.0167229 4 
0 0.0167942 4 
0 0.0168477 4 
0 0.0169458 4 
0 0.0169557 4 
0 0.0170753 4 
0 0.0171131 4 
0 0.0171327 4 
0 0.0171679 4 
0 0.0171724 4 
0 0.0172016 4 
0 0.017246 4 
0 0.0172561 4 
0 0.0172901 4 
0 0.0172982 4 
0 0.0173721 4 
0 0.0173833 4 
0 0.017404 4 
0 0.0174306 4 
0 0.0174921 4 
0 0.0175042 4 
0 0.0175246 4 
0 0.0175343 4 
0 0.0175347 4 
0 0.0175578 4 
0 0.0175817 4 
0 0.017643 4 
0 0.0176469 4 
0 0.0176537 4 
0 0.0176619 4 
0 0.0177446 4 
0 0.0177691 4 
0 0.0177986 4 
0 0.0178132 4 
0 0.0178266 4 
0 0.017878 4 
0 0.0178982 4 
0 0.0179229 4 
0 0.017948 4 
0 0.0180655 4 
0 0.0180789 4 
0 0.0181208 4 
0 0.0181659 4 
0 0.0181659 4 
0 0.018175 4 
0 0.0181838 4 
0 0.0181871 4 
0 0.0181885 4 
0 0.0182025 4 
0 0.0182072 4 
0 0.0182506 4 
0 0.0182772 4 
0 0.0182999 4 
0 0.0183006 4 
0 0.0183225 4 
0 0.0183257 4 
0 0.0183265 4 
0 0.0183267 4 
0 0.0183676 4 
0 0.0184411 4 
0 0.0184421 4 
0 0.0184433 4 
0 0.0184765 4 
0 0.0184901 4 
0 0.0185043 4 
0 0.0185172 4 
0 0.0185225 4 
0 0.0185265 4 
0 0.0185278 4 
0 0.0185391 4 
0 0.0185416 4 
0 0.0185808 4 
0 0.0185852 4 
0 0.0186009 4 
0 0.0186295 4 
0 0.0187015 4 
0 0.0187092 4 
0 0.018722 4 
0 0.0187251 4 
0 0.0188277 4 
0 0.0188358 4 
0 0.0189245 4 
0 0.0189505 4 
0 0.0189709 4 
0 0.0189836 4 
0 0.0190303 4 
0 0.0190355 4 
0 0.0191354 4 
0 0.0191455 4 
0 0.0191542 4 
0 0.0191871 4 
0 0.0192224 4 
0 0.0192414 4 
0 0.0192862 4 
0 0.019411 4 
0 0.0194521 4 
0 0.0195309 4 
0 0.0197147 4 
0 0.0197542 4 
0 0.0198384 4 
0 0.0199823 4 
0 0.0201998 4 
0 0.0203716 4 
0 0.0204139 4 
0 0.0204168 4 
0 0.0207498 4 
0 0.0208125 4 
0 0.0208717 4 
0 0.0209777 4 
0 0.0210058 4 
0 0.021512 4 
0 0.0219892 4 
0 0.0222776 4 
0 0.0225127 4 
0 0.0237779 4 
0 inf 4 
0 0.00663125 5 
0 0.00724951 5 
0 0.00750756 5 
0 0.00759178 5 
0 0.00761152 5 
0 0.00780981 5 
0 0.0078314 5 
0 0.00796577 5 
0 0.00798213 5 
0 0.00798413 5 
0 0.00806228 5 
0 0.00810284 5 
0 0.00810798 5 
0 0.00810866 5 
0 0.00821249 5 
0 0.00825298 5 
0 0.00825339 5 
0 0.00826644 5 
0 0.00827039 5 
0 0.00836336 5 
0 0.00836497 5 
0 0.00837076 5 
0 0.00841175 5 
0 0.00843104 5 
0 0.00853301 5 
0 0.00853619 5 
0 0.00854304 5 
0 0.00856383 5 
0 0.00856499 5 
0 0.00856647 5 
0 0.00858904 5 
0 0.00859963 5 
0 0.00864463 5 
0 0.00866474 5 
0 0.0086925 5 
0 0.00871043 5 
0 0.00872371 5 
0 0.00872483 5 
0 0.00873159 5 
0 0.00874708 5 
0 0.00877895 5 
0 0.0087807 5 
0 0.00880364 5 
0 0.00880481 5 
0 0.00881048 5 
0 0.00883174 5 
0 0.00884786 5 
0 0.0088519 5 
0 0.00885965 5 
0 0.00886039 5 
0 0.00886784 5 
0 0.00886942 5 
0 0.0089008 5 
0 0.00890909 5 
0 0.00894866 5 
0 0.00896333 5 
0 0.00896967 5 
0 0.008973 5 
0 0.00897542 5 
0 0.00898292 5 
0 0.00899259 5 
0 0.00901506 5 
0 0.00902061 5 
0 0.00902768 5 
0 0.00903012 5 
0 0.00907935 5 
0 0.00909537 5 
0 0.00910754 5 
0 0.00911511 5 
0 0.00914465 5 
0 0.00915062 5 
0 0.00916485 5 
0 0.00918616 5 
0 0.009191 5 
0 0.00920062 5 
0 0.00921158 5 
0 0.00922101 5 
0 0.00922152 5 
0 0.00923126 5 
0 0.00923361 5 
0 0.00923431 5 
0 0.00924216 5 
0 0.00924614 5 
0 0.00924674 5 
0 0.0092626 5 
0 0.00927284 5 
0 0.0092829 5 
0 0.00930391 5 
0 0.0093147 5 
0 0.00932407 5 
0 0.00937011 5 
0 0.00937114 5 
0 0.00937122 5 
0 0.00940327 5 
0 0.00943057 5 
0 0.00943229 5 
0 0.00943672 5 
0 0.00943786 5 
0 0.00944164 5 
0 0.00947818 5 
0 0.00955012 5 
0 0.00957062 5 
0 0.00957568 5 
0 0.00959363 5 
0 0.00970235 5 
0 0.0097197 5 
0 0.00972293 5 
0 0.00983225 5 
0 0.00986544 5 
0 0.00990039 5 
0 0.0101896 5 
0 0.0103353 5 
0 0.0103657 5 
0 0.0103917 5 
0 0.0104321 5 
0 0.0105322 5 
0 0.0105903 5 
0 0.0106795 5 
0 0.010708 5 
0 0.0109891 5 
0 0.0110231 5 
0 0.0110312 5 
0 0.0110473 5 
0 0.0114747 5 
0 0.0116431 5 
0 0.0123354 5 
0 0.0124687 5 
0 inf 5 
0 0.00319954 6 
0 0.00351228 6 
0 0.00372865 6 
0 0.00378601 6 
0 0.00379467 6 
0 0.0039312 6 
0 0.00394888 6 
0 0.00395894 6 
0 0.00396305 6 
0 0.00399458 6 
0 0.00401988 6 
0 0.00403512 6 
0 0.00405123 6 
0 0.00407762 6 
0 0.00408778 6 
0 0.0040991 6 
0 0.004116 6 
0 0.0041328 6 
0 0.00417724 6 
0 0.00420328 6 
0 0.00422979 6 
0 0.00426196 6 
0 0.0042661 6 
0 0.00426862 6 
0 0.00427902 6 
0 0.0043015 6 
0 0.00431143 6 
0 0.00434314 6 
0 0.00434377 6 
0 0.00434796 6 
0 0.00434924 6 
0 0.00436003 6 
0 0.00436225 6 
0 0.00437106 6 
0 0.00437481 6 
0 0.00437582 6 
0 0.00437948 6 
0 0.00442398 6 
0 0.00444308 6 
0 0.00444598 6 
0 0.004452 6 
0 0.00446009 6 
0 0.00446418 6 
0 0.00447261 6 
0 0.00447289 6 
0 0.00448241 6 
0 0.00448878 6 
0 0.00449818 6 
0 0.00449875 6 
0 0.0045025 6 
0 0.00452755 6 
0 0.00455412 6 
0 0.00455577 6 
0 0.00456708 6 
0 0.00457454 6 
0 0.00457667 6 
0 0.00458641 6 
0 0.00459129 6 
0 0.0045914 6 
0 0.00459229 6 
0 0.00459319 6 
0 0.00459553 6 
0 0.00460074 6 
0 0.00461341 6 
0 0.00461616 6 
0 0.00461731 6 
0 0.00462889 6 
0 0.00464855 6 
0 0.0046585 6 
0 0.00467243 6 
0 0.00467509 6 
0 0.00468077 6 
0 0.00468797 6 
0 0.00469445 6 
0 0.00470659 6 
0 0.00471567 6 
0 0.00474666 6 
0 0.00474674 6 
0 0.00474737 6 
0 0.00474751 6 
0 0.00475016 6 
0 0.0047605 6 
0 0.00479145 6 
0 0.00479589 6 
0 0.00480306 6 
0 0.0048077 6 
0 0.00480961 6 
0 0.00483865 6 
0 0.00484166 6 
0 0.00484484 6 
0 0.00486143 6 
0 0.00486709 6 
0 0.00487944 6 
0 0.00488951 6 
0 0.0048958 6 
0 0.00490698 6 
0 0.00491222 6 
0 0.00491661 6 
0 0.00492082 6 
0 0.00492952 6 
0 0.00493458 6 
0 0.00494937 6 
0 0.00494991 6 
0 0.00496876 6 
0 0.00503028 6 
0 0.00508007 6 
0 0.00514502 6 
0 0.00514937 6 
0 0.00517345 6 
0 0.00519892 6 
0 0.00524773 6 
0 0.00541903 6 
0 0.00550874 6 
0 0.00555872 6 
0 0.00558045 6 
0 0.00561362 6 
0 0.00565571 6 
0 0.00569582 6 
0 0.00575544 6 
0 0.00585467 6 
0 0.00586195 6 
0 0.00587038 6 
0 0.00599469 6 
0 0.00611363 6 
0 0.0061844 6 
0 0.00660817 6 
0 0.00670321 6 
0 inf 6 
0 0.00164301 7 
0 0.00173657 7 
0 0.00193901 7 
0 0.00196267 7 
0 0.00197266 7 
0 0.00201523 7 
0 0.00202299 7 
0 0.00202819 7 
0 0.00203704 7 
0 0.00204324 7 
0 0.00206416 7 
0 0.00206785 7 
0 0.00208315 7 
0 0.00208351 7 
0 0.00208983 7 
0 0.00209282 7 
0 0.00209339 7 
0 0.00209498 7 
0 0.00211088 7 
0 0.00216821 7 
0 0.00217663 7 
0 0.00218591 7 
0 0.00219509 7 
0 0.00219772 7 
0 0.00220298 7 
0 0.00221801 7 
0 0.00221828 7 
0 0.00223001 7 
0 0.00223232 7 
0 0.00223403 7 
0 0.00224597 7 
0 0.0022701 7 
0 0.00228081 7 
0 0.00228717 7 
0 0.00228817 7 
0 0.00228903 7 
0 0.00229251 7 
0 0.00230281 7 
0 0.0023101 7 
0 0.00231012 7 
0 0.00231177 7 
0 0.00231314 7 
0 0.00232094 7 
0 0.00233412 7 
0 0.0023363 7 
0 0.00233791 7 
0 0.00233906 7 
0 0.00235413 7 
0 0.00235727 7 
0 0.00236464 7 
0 0.00236739 7 
0 0.00237011 7 
0 0.00237714 7 
0 0.00238347 7 
0 0.0023878 7 
0 0.00238792 7 
0 0.00238965 7 
0 0.00239223 7 
0 0.00239303 7 
0 0.00239812 7 
0 0.00239886 7 
0 0.00239953 7 
0 0.00240195 7 
0 0.00242022 7 
0 0.00243059 7 
0 0.00244954 7 
0 0.00245015 7 
0 0.00245786 7 
0 0.00246858 7 
0 0.00248451 7 
0 0.00249218 7 
0 0.00250354 7 
0 0.00250854 7 
0 0.00250929 7 
0 0.0025226 7 
0 0.00252608 7 
0 0.00252613 7 
0 0.00252671 7 
0 0.00252976 7 
0 0.00253544 7 
0 0.00253927 7 
0 0.00254006 7 
0 0.00254194 7 
0 0.00254665 7 
0 0.00254846 7 
0 0.00255091 7 
0 0.00255635 7 
0 0.00255724 7 
0 0.0025595 7 
0 0.00256117 7 
0 0.00256295 7 
0 0.0025638 7 
0 0.00257597 7 
0 0.00257882 7 
0 0.00258978 7 
0 0.00259939 7 
0 0.00260864 7 
0 0.00261144 7 
0 0.00261573 7 
0 0.00265802 7 
0 0.00268191 7 
0 0.00270771 7 
0 0.00270885 7 
0 0.00272264 7 
0 0.00272631 7 
0 0.00273606 7 
0 0.00274432 7 
0 0.00275615 7 
0 0.00281874 7 
0 0.00285738 7 
0 0.00291817 7 
0 0.0029439 7 
0 0.0029508 7 
0 0.00297303 7 
0 0.00300912 7 
0 0.00305248 7 
0 0.00305685 7 
0 0.00310328 7 
0 0.0031127 7 
0 0.00314295 7 
0 0.00317935 7 
0 0.00320238 7 
0 0.00322811 7 
0 0.00342161 7 
0 0.00342691 7 
0 0.0034422 7 
0 0.00368465 7 
0 inf 7 
0 0.000874379 8 
0 0.000903479 8 
0 0.00101375 8 
0 0.00103731 8 
0 0.00104346 8 
0 0.00104989 8 
0 0.00105816 8 
0 0.00105889 8 
0 0.00105949 8 
0 0.00106609 8 
0 0.00106873 8 
0 0.00106945 8 
0 0.00107357 8 
0 0.00109367 8 
0 0.00109373 8 
0 0.00109543 8 
0 0.00111618 8 
0 0.00112186 8 
0 0.00112449 8 
0 0.00113408 8 
0 0.0011348 8 
0 0.00114606 8 
0 0.00114669 8 
0 0.00114883 8 
0 0.00116152 8 
0 0.00116771 8 
0 0.00116968 8 
0 0.00117373 8 
0 0.00117695 8 
0 0.00118138 8 
0 0.00118152 8 
0 0.00118249 8 
0 0.00118546 8 
0 0.00119063 8 
0 0.00119487 8 
0 0.00120148 8 
0 0.00120786 8 
0 0.00121079 8 
0 0.0012124 8 
0 0.00121959 8 
0 0.00122321 8 
0 0.0012266 8 
0 0.00122697 8 
0 0.00123202 8 
0 0.00124553 8 
0 0.00125319 8 
0 0.00126158 8 
0 0.0012617 8 
0 0.00126469 8 
0 0.00126956 8 
0 0.0012742 8 
0 0.00127531 8 
0 0.00127694 8 
0 0.00128624 8 
0 0.00129269 8 
0 0.00129556 8 
0 0.0012969 8 
0 0.00129879 8 
0 0.00130451 8 
0 0.00131086 8 
0 0.00131592 8 
0 0.00131876 8 
0 0.00132328 8 
0 0.00132421 8 
0 0.0013252 8 
0 0.00132865 8 
0 0.0013293 8 
0 0.00132976 8 
0 0.0013306 8 
0 0.00133101 8 
0 0.00133308 8 
0 0.0013331 8 
0 0.00134094 8 
0 0.00134288 8 
0 0.00134321 8 
0 0.00135027 8 
0 0.00135707 8 
0 0.00135791 8 
0 0.00136559 8 
0 0.00137387 8 
0 0.00138489 8 
0 0.00138725 8 
0 0.00139495 8 
0 0.0013966 8 
0 0.00139662 8 
0 0.00139677 8 
0 0.00139957 8 
0 0.0014065 8 
0 0.00141332 8 
0 0.00141597 8 
0 0.00141739 8 
0 0.00142091 8 
0 0.0014268 8 
0 0.00143034 8 
0 0.00144149 8 
0 0.00144257 8 
0 0.00144633 8 
0 0.00144685 8 
0 0.00145921 8 
0 0.00146076 8 
0 0.0014671 8 
0 0.00146869 8 
0 0.00146991 8 
0 0.00148029 8 
0 0.00152577 8 
0 0.00154761 8 
0 0.00156799 8 
0 0.00158358 8 
0 0.00158733 8 
0 0.00159384 8 
0 0.00159474 8 
0 0.00161462 8 
0 0.00164254 8 
0 0.00164364 8 
0 0.00164599 8 
0 0.00166555 8 
0 0.00167111 8 
0 0.00167751 8 
0 0.0017078 8 
0 0.00174617 8 
0 0.00175909 8 
0 0.001772 8 
0 0.00184589 8 
0 0.00190824 8 
0 0.00191021 8 
0 0.00194989 8 
0 0.00196584 8 
0 inf 8 
0 0.000447955 9 
0 0.000504919 9 
0 0.000529586 9 
0 0.00054238 9 
0 0.000543058 9 
0 0.00054438 9 
0 0.00055905 9 
0 0.000566996 9 
0 0.000574241 9 
0 0.000575485 9 
0 0.000579091 9 
0 0.000579452 9 
0 0.000580808 9 
0 0.000583678 9 
0 0.000589227 9 
0 0.000589264 9 
0 0.000596604 9 
0 0.000596798 9 
0 0.000596954 9 
0 0.000601895 9 
0 0.00060532 9 
0 0.000605707 9 
0 0.000605853 9 
0 0.000607254 9 
0 0.000610816 9 
0 0.00061626 9 
0 0.000618966 9 
0 0.000619514 9 
0 0.000621331 9 
0 0.000630365 9 
0 0.000635629 9 
0 0.000639431 9 
0 0.000642915 9 
0 0.000646153 9 
0 0.000646257 9 
0 0.000646417 9 
0 0.000652956 9 
0 0.000655087 9 
0 0.000655442 9 
0 0.000656532 9 
0 0.000657196 9 
0 0.000659691 9 
0 0.000668425 9 
0 0.000670252 9 
0 0.00067211 9 
0 0.000674837 9 
0 0.000682864 9 
0 0.000690371 9 
0 0.000690443 9 
0 0.000698319 9 
0 0.000699902 9 
0 0.000702843 9 
0 0.000706512 9 
0 0.000706643 9 
0 0.00071061 9 
0 0.000712638 9 
0 0.000713248 9 
0 0.000713974 9 
0 0.000716432 9 
0 0.000722443 9 
0 0.000722695 9 
0 0.000722884 9 
0 0.000727186 9 
0 0.000729872 9 
0 0.000732866 9 
0 0.000735955 9 
0 0.000736501 9 
0 0.000736959 9 
0 0.000739651 9 
0 0.000740247 9 
0 0.000740588 9 
0 0.000742181 9 
0 0.000743031 9 
0 0.000748609 9 
0 0.00075188 9 
0 0.000752147 9 
0 0.000753175 9 
0 0.000756048 9 
0 0.000756665 9 
0 0.000759835 9 
0 0.000760802 9 
0 0.000762578 9 
0 0.000763047 9 
0 0.000766292 9 
0 0.000767912 9 
0 0.000769002 9 
0 0.000769459 9 
0 0.000773815 9 
0 0.000778218 9 
0 0.000778356 9 
0 0.000785345 9 
0 0.000787463 9 
0 0.000789689 9 
0 0.000806815 9 
0 0.00081047 9 
0 0.00081641 9 
0 0.000820478 9 
0 0.000821991 9 
0 0.00082823 9 
0 0.000830565 9 
0 0.000830705 9 
0 0.000837927 9 
0 0.000839742 9 
0 0.000845778 9 
0 0.000851073 9 
0 0.000851652 9 
0 0.0008635 9 
0 0.000872405 9 
0 0.000874047 9 
0 0.00087557 9 
0 0.000876892 9 
0 0.000894419 9 
0 0.000909362 9 
0 0.00091824 9 
0 0.000938957 9 
0 0.000943314 9 
0 0.000953895 9 
0 0.000967845 9 
0 0.000970553 9 
0 0.000976199 9 
0 0.000983702 9 
0 0.00102362 9 
0 0.00102507 9 
0 0.00102597 9 
0 0.00104897 9 
0 0.00108226 9 
0 0.00116745 9 
0 inf 9 
