0 0.495785 0 
0 0.495884 0 
0 0.496397 0 
0 0.498833 0 
0 0.498985 0 
0 0.499284 0 
0 0.499355 0 
0 0.49953 0 
0 0.499608 0 
0 0.499778 0 
0 0.499843 0 
0 0.499844 0 
0 0.50014 0 
0 0.500678 0 
0 0.501177 0 
0 0.501183 0 
0 0.501222 0 
0 0.501278 0 
0 0.501646 0 
0 0.50165 0 
0 0.501852 0 
0 0.501865 0 
0 0.501892 0 
0 0.502101 0 
0 0.502185 0 
0 0.502214 0 
0 0.502261 0 
0 0.502267 0 
0 0.502337 0 
0 0.502393 0 
0 0.502427 0 
0 0.50245 0 
0 0.502478 0 
0 0.502686 0 
0 0.502736 0 
0 0.502758 0 
0 0.502782 0 
0 0.502863 0 
0 0.502927 0 
0 0.502939 0 
0 0.502965 0 
0 0.503123 0 
0 0.503292 0 
0 0.503295 0 
0 0.503314 0 
0 0.503465 0 
0 0.503472 0 
0 0.503514 0 
0 0.503606 0 
0 0.503686 0 
0 0.503698 0 
0 0.503732 0 
0 0.50375 0 
0 0.50376 0 
0 0.503852 0 
0 0.503882 0 
0 0.503902 0 
0 0.503995 0 
0 0.504061 0 
0 0.504232 0 
0 0.504237 0 
0 0.504244 0 
0 0.50426 0 
0 0.504269 0 
0 0.504281 0 
0 0.504387 0 
0 0.504403 0 
0 0.504501 0 
0 0.504523 0 
0 0.504552 0 
0 0.504675 0 
0 0.504695 0 
0 0.504695 0 
0 0.5047 0 
0 0.50476 0 
0 0.504761 0 
0 0.504765 0 
0 0.504797 0 
0 0.5048 0 
0 0.504822 0 
0 0.504892 0 
0 0.504946 0 
0 0.504962 0 
0 0.50505 0 
0 0.505055 0 
0 0.505088 0 
0 0.505109 0 
0 0.505215 0 
0 0.505425 0 
0 0.505605 0 
0 0.505609 0 
0 0.505733 0 
0 0.505767 0 
0 0.505774 0 
0 0.50579 0 
0 0.505849 0 
0 0.505906 0 
0 0.505979 0 
0 0.506053 0 
0 0.506114 0 
0 0.506185 0 
0 0.506193 0 
0 0.506271 0 
0 0.506309 0 
0 0.506366 0 
0 0.506441 0 
0 0.506539 0 
0 0.506699 0 
0 0.506784 0 
0 0.506814 0 
0 0.507036 0 
0 0.507104 0 
0 0.507195 0 
0 0.507255 0 
0 0.507323 0 
0 0.507586 0 
0 0.50836 0 
0 0.508461 0 
0 0.508747 0 
0 0.508841 0 
0 0.508946 0 
0 0.509044 0 
0 0.509149 0 
0 0.510167 0 
0 0.510505 0 
0 0.5113 0 
0 0.511892 0 
0 inf 0 
0 0.18463 1 
0 0.187569 1 
0 0.187587 1 
0 0.187742 1 
0 0.187801 1 
0 0.188104 1 
0 0.188178 1 
0 0.188465 1 
0 0.188493 1 
0 0.188626 1 
0 0.188878 1 
0 0.189005 1 
0 0.189408 1 
0 0.18942 1 
0 0.189656 1 
0 0.189966 1 
0 0.190068 1 
0 0.190097 1 
0 0.190341 1 
0 0.190344 1 
0 0.190385 1 
0 0.19044 1 
0 0.190692 1 
0 0.19078 1 
0 0.190927 1 
0 0.190944 1 
0 0.190951 1 
0 0.191074 1 
0 0.191092 1 
0 0.19121 1 
0 0.191435 1 
0 0.191456 1 
0 0.191515 1 
0 0.191547 1 
0 0.19166 1 
0 0.19174 1 
0 0.191749 1 
0 0.191856 1 
0 0.191885 1 
0 0.191938 1 
0 0.191946 1 
0 0.192014 1 
0 0.192084 1 
0 0.192117 1 
0 0.192235 1 
0 0.192424 1 
0 0.192449 1 
0 0.192582 1 
0 0.192625 1 
0 0.192631 1 
0 0.192653 1 
0 0.192704 1 
0 0.192709 1 
0 0.192802 1 
0 0.192859 1 
0 0.192872 1 
0 0.192971 1 
0 0.193081 1 
0 0.193113 1 
0 0.193125 1 
0 0.193168 1 
0 0.193207 1 
0 0.193234 1 
0 0.193278 1 
0 0.19336 1 
0 0.193378 1 
0 0.193474 1 
0 0.19364 1 
0 0.193645 1 
0 0.193774 1 
0 0.193793 1 
0 0.193794 1 
0 0.19383 1 
0 0.193848 1 
0 0.193949 1 
0 0.193965 1 
0 0.193976 1 
0 0.193998 1 
0 0.194035 1 
0 0.194072 1 
0 0.194102 1 
0 0.194179 1 
0 0.194273 1 
0 0.194278 1 
0 0.194339 1 
0 0.194509 1 
0 0.194572 1 
0 0.194629 1 
0 0.194665 1 
0 0.194668 1 
0 0.194706 1 
0 0.194726 1 
0 0.194745 1 
0 0.194781 1 
0 0.194826 1 
0 0.194887 1 
0 0.194912 1 
0 0.195327 1 
0 0.19539 1 
0 0.195449 1 
0 0.19545 1 
0 0.195561 1 
0 0.195611 1 
0 0.195813 1 
0 0.195998 1 
0 0.196002 1 
0 0.196139 1 
0 0.196142 1 
0 0.196451 1 
0 0.196599 1 
0 0.19667 1 
0 0.196709 1 
0 0.196713 1 
0 0.197045 1 
0 0.197088 1 
0 0.197314 1 
0 0.19754 1 
0 0.198236 1 
0 0.198737 1 
0 0.199927 1 
0 0.200502 1 
0 0.201459 1 
0 0.202051 1 
0 0.202185 1 
0 0.211875 1 
0 0.211915 1 
0 0.215059 1 
0 inf 1 
0 0.0724149 2 
0 0.0736321 2 
0 0.0744346 2 
0 0.0744688 2 
0 0.0746562 2 
0 0.0747702 2 
0 0.0751794 2 
0 0.0751905 2 
0 0.0753241 2 
0 0.0754073 2 
0 0.0755 2 
0 0.0757229 2 
0 0.0762571 2 
0 0.0762672 2 
0 0.0763824 2 
0 0.0766664 2 
0 0.0767419 2 
0 0.0767573 2 
0 0.0767747 2 
0 0.0767921 2 
0 0.0769186 2 
0 0.0771125 2 
0 0.0771662 2 
0 0.0771872 2 
0 0.0772151 2 
0 0.0772189 2 
0 0.0773394 2 
0 0.0773626 2 
0 0.0774051 2 
0 0.0774452 2 
0 0.0774502 2 
0 0.077488 2 
0 0.0776238 2 
0 0.0776382 2 
0 0.0777261 2 
0 0.0777433 2 
0 0.0777711 2 
0 0.0779223 2 
0 0.0780449 2 
0 0.0780753 2 
0 0.0780764 2 
0 0.0780806 2 
0 0.0781088 2 
0 0.0781845 2 
0 0.0781952 2 
0 0.0782338 2 
0 0.0782509 2 
0 0.0783374 2 
0 0.0783627 2 
0 0.0783957 2 
0 0.0784333 2 
0 0.0784534 2 
0 0.0784825 2 
0 0.0786211 2 
0 0.0787037 2 
0 0.0787884 2 
0 0.0788094 2 
0 0.0788944 2 
0 0.078898 2 
0 0.078939 2 
0 0.079008 2 
0 0.0790541 2 
0 0.0790582 2 
0 0.079142 2 
0 0.0791688 2 
0 0.0791932 2 
0 0.0792789 2 
0 0.0792907 2 
0 0.0793013 2 
0 0.0793252 2 
0 0.0793505 2 
0 0.0793649 2 
0 0.079381 2 
0 0.0793933 2 
0 0.0794405 2 
0 0.0795488 2 
0 0.0796477 2 
0 0.0796674 2 
0 0.0796715 2 
0 0.0796758 2 
0 0.0797051 2 
0 0.0797989 2 
0 0.079887 2 
0 0.0798962 2 
0 0.0799554 2 
0 0.080015 2 
0 0.0800634 2 
0 0.0801861 2 
0 0.0801915 2 
0 0.0802246 2 
0 0.0802371 2 
0 0.0802385 2 
0 0.080253 2 
0 0.0804183 2 
0 0.0805502 2 
0 0.080568 2 
0 0.0805971 2 
0 0.0806776 2 
0 0.0806894 2 
0 0.0808635 2 
0 0.0809835 2 
0 0.0810232 2 
0 0.081084 2 
0 0.0813267 2 
0 0.0815246 2 
0 0.0819028 2 
0 0.0819212 2 
0 0.0819381 2 
0 0.0823588 2 
0 0.0823857 2 
0 0.0826225 2 
0 0.0826321 2 
0 0.083261 2 
0 0.0835368 2 
0 0.083957 2 
0 0.0839833 2 
0 0.0842072 2 
0 0.0842212 2 
0 0.0852259 2 
0 0.0860931 2 
0 0.0862586 2 
0 0.0868247 2 
0 0.0886153 2 
0 0.0893924 2 
0 0.103594 2 
0 0.104938 2 
0 0.105868 2 
0 inf 2 
0 0.0310509 3 
0 0.0310582 3 
0 0.031212 3 
0 0.0312415 3 
0 0.0312768 3 
0 0.0312822 3 
0 0.031395 3 
0 0.0317347 3 
0 0.0321959 3 
0 0.0324829 3 
0 0.0324845 3 
0 0.0324902 3 
0 0.0325707 3 
0 0.0326575 3 
0 0.0326909 3 
0 0.0328749 3 
0 0.0329222 3 
0 0.0329815 3 
0 0.033037 3 
0 0.0331495 3 
0 0.0331654 3 
0 0.0332059 3 
0 0.0332175 3 
0 0.0332361 3 
0 0.0332655 3 
0 0.0333397 3 
0 0.0333549 3 
0 0.0333677 3 
0 0.0333933 3 
0 0.0334585 3 
0 0.0335155 3 
0 0.033554 3 
0 0.0335547 3 
0 0.0335579 3 
0 0.0335773 3 
0 0.0336043 3 
0 0.0336108 3 
0 0.0336369 3 
0 0.0336442 3 
0 0.0336718 3 
0 0.0336893 3 
0 0.0336938 3 
0 0.0337134 3 
0 0.0337282 3 
0 0.0339024 3 
0 0.0339043 3 
0 0.033919 3 
0 0.0339784 3 
0 0.0340021 3 
0 0.0340304 3 
0 0.0340909 3 
0 0.0341306 3 
0 0.0341548 3 
0 0.0341559 3 
0 0.0341931 3 
0 0.0342127 3 
0 0.0342354 3 
0 0.0343159 3 
0 0.0343215 3 
0 0.0343295 3 
0 0.0343623 3 
0 0.0343981 3 
0 0.0344793 3 
0 0.0344883 3 
0 0.0345593 3 
0 0.0345631 3 
0 0.0345738 3 
0 0.0345812 3 
0 0.0345856 3 
0 0.0345955 3 
0 0.0346273 3 
0 0.0346396 3 
0 0.0346458 3 
0 0.0346524 3 
0 0.0348072 3 
0 0.0348151 3 
0 0.0348616 3 
0 0.0349233 3 
0 0.0349387 3 
0 0.0350018 3 
0 0.0350798 3 
0 0.0350909 3 
0 0.0351048 3 
0 0.0351077 3 
0 0.0351278 3 
0 0.0352252 3 
0 0.0352897 3 
0 0.0353342 3 
0 0.0354697 3 
0 0.0354784 3 
0 0.0355448 3 
0 0.0355918 3 
0 0.0356333 3 
0 0.0357275 3 
0 0.035811 3 
0 0.0358262 3 
0 0.0359427 3 
0 0.0359686 3 
0 0.0360085 3 
0 0.0360448 3 
0 0.0361727 3 
0 0.0361892 3 
0 0.0363465 3 
0 0.0363923 3 
0 0.0365579 3 
0 0.0367856 3 
0 0.0369049 3 
0 0.0372016 3 
0 0.0377023 3 
0 0.0377297 3 
0 0.0377521 3 
0 0.0377982 3 
0 0.0382454 3 
0 0.0389008 3 
0 0.0389832 3 
0 0.0398546 3 
0 0.0399331 3 
0 0.0399877 3 
0 0.0404776 3 
0 0.0408126 3 
0 0.0408629 3 
0 0.0413416 3 
0 0.0430942 3 
0 0.043352 3 
0 0.0597204 3 
0 0.0623567 3 
0 0.0626385 3 
0 inf 3 
0 0.0136169 4 
0 0.0137712 4 
0 0.0138305 4 
0 0.014068 4 
0 0.0140722 4 
0 0.014175 4 
0 0.0144819 4 
0 0.0145264 4 
0 0.0146822 4 
0 0.014754 4 
0 0.0148101 4 
0 0.0148589 4 
0 0.0148781 4 
0 0.0149144 4 
0 0.0149238 4 
0 0.0149498 4 
0 0.0149756 4 
0 0.0150184 4 
0 0.0151127 4 
0 0.0151334 4 
0 0.0151768 4 
0 0.0151904 4 
0 0.0151933 4 
0 0.0152041 4 
0 0.0152236 4 
0 0.0152244 4 
0 0.0152257 4 
0 0.0152382 4 
0 0.0152442 4 
0 0.0153251 4 
0 0.0153556 4 
0 0.0153782 4 
0 0.0153972 4 
0 0.0154181 4 
0 0.0154787 4 
0 0.0154901 4 
0 0.0154999 4 
0 0.0155021 4 
0 0.0155037 4 
0 0.0155351 4 
0 0.0155782 4 
0 0.0155971 4 
0 0.015602 4 
0 0.0156179 4 
0 0.015624 4 
0 0.0156433 4 
0 0.0156704 4 
0 0.0157021 4 
0 0.0157118 4 
0 0.0157193 4 
0 0.0157395 4 
0 0.0157615 4 
0 0.0157694 4 
0 0.0157757 4 
0 0.0158129 4 
0 0.0158187 4 
0 0.0158759 4 
0 0.0159643 4 
0 0.0159652 4 
0 0.0159815 4 
0 0.0160031 4 
0 0.0160532 4 
0 0.0160627 4 
0 0.0160652 4 
0 0.0160779 4 
0 0.0161082 4 
0 0.0161514 4 
0 0.0161701 4 
0 0.0162166 4 
0 0.016233 4 
0 0.0162366 4 
0 0.0162672 4 
0 0.0162728 4 
0 0.0163639 4 
0 0.0164398 4 
0 0.0164417 4 
0 0.0164834 4 
0 0.0164887 4 
0 0.0165805 4 
0 0.01661 4 
0 0.0166259 4 
0 0.0166845 4 
0 0.0167037 4 
0 0.0167542 4 
0 0.0167896 4 
0 0.0168217 4 
0 0.0168259 4 
0 0.0169148 4 
0 0.0169493 4 
0 0.0169845 4 
0 0.0170046 4 
0 0.0170453 4 
0 0.0170983 4 
0 0.0171965 4 
0 0.0172291 4 
0 0.0172522 4 
0 0.0172825 4 
0 0.0173469 4 
0 0.0173477 4 
0 0.0174531 4 
0 0.0174887 4 
0 0.0175116 4 
0 0.0177247 4 
0 0.0178614 4 
0 0.0179294 4 
0 0.0181913 4 
0 0.0183051 4 
0 0.0184309 4 
0 0.0184633 4 
0 0.0184748 4 
0 0.0184892 4 
0 0.0185159 4 
0 0.0185397 4 
0 0.0187855 4 
0 0.0193691 4 
0 0.0200148 4 
0 0.0200698 4 
0 0.020241 4 
0 0.0207108 4 
0 0.0208311 4 
0 0.0212465 4 
0 0.0216167 4 
0 0.0217066 4 
0 0.0228711 4 
0 0.0391606 4 
0 0.0404594 4 
0 0.0419123 4 
0 inf 4 
0 0.00622202 5 
0 0.00651194 5 
0 0.00658844 5 
0 0.00665685 5 
0 0.00682138 5 
0 0.00684232 5 
0 0.00685546 5 
0 0.0069174 5 
0 0.00694693 5 
0 0.00694713 5 
0 0.00705711 5 
0 0.0070929 5 
0 0.00712496 5 
0 0.00718189 5 
0 0.00719591 5 
0 0.00721472 5 
0 0.00723222 5 
0 0.00727099 5 
0 0.00727113 5 
0 0.00731195 5 
0 0.00733635 5 
0 0.00734179 5 
0 0.00738691 5 
0 0.00739954 5 
0 0.00741688 5 
0 0.00744667 5 
0 0.00748412 5 
0 0.00749307 5 
0 0.00750854 5 
0 0.00752023 5 
0 0.00753773 5 
0 0.00755042 5 
0 0.00755172 5 
0 0.00755384 5 
0 0.00756558 5 
0 0.00758322 5 
0 0.00758871 5 
0 0.00760362 5 
0 0.00760822 5 
0 0.00761168 5 
0 0.00761324 5 
0 0.00761802 5 
0 0.00763002 5 
0 0.00763397 5 
0 0.00764017 5 
0 0.00764219 5 
0 0.00771817 5 
0 0.00772538 5 
0 0.00773769 5 
0 0.00775647 5 
0 0.00781642 5 
0 0.00784397 5 
0 0.00786382 5 
0 0.00788943 5 
0 0.00789789 5 
0 0.00792225 5 
0 0.00793033 5 
0 0.00793652 5 
0 0.00794672 5 
0 0.00796515 5 
0 0.00796935 5 
0 0.00797413 5 
0 0.00802961 5 
0 0.00805445 5 
0 0.00809785 5 
0 0.00809846 5 
0 0.00812959 5 
0 0.00813395 5 
0 0.00815892 5 
0 0.00819521 5 
0 0.00820154 5 
0 0.008269 5 
0 0.0082822 5 
0 0.0083226 5 
0 0.00832433 5 
0 0.00836971 5 
0 0.00837039 5 
0 0.00837946 5 
0 0.00840998 5 
0 0.0084941 5 
0 0.00860805 5 
0 0.00861404 5 
0 0.00862888 5 
0 0.00864077 5 
0 0.00864134 5 
0 0.0086501 5 
0 0.00868448 5 
0 0.00870969 5 
0 0.00872263 5 
0 0.00874105 5 
0 0.00882665 5 
0 0.00886474 5 
0 0.00890046 5 
0 0.00891715 5 
0 0.00903441 5 
0 0.00911447 5 
0 0.00913409 5 
0 0.00916938 5 
0 0.00919475 5 
0 0.00921394 5 
0 0.00926312 5 
0 0.00937418 5 
0 0.00957031 5 
0 0.00959851 5 
0 0.0096001 5 
0 0.00964255 5 
0 0.00989377 5 
0 0.00989731 5 
0 0.00991759 5 
0 0.0101268 5 
0 0.010184 5 
0 0.010194 5 
0 0.0102086 5 
0 0.0103264 5 
0 0.0105357 5 
0 0.0108225 5 
0 0.0108423 5 
0 0.01087 5 
0 0.0109276 5 
0 0.0109397 5 
0 0.0109936 5 
0 0.0111678 5 
0 0.0115808 5 
0 0.0135857 5 
0 0.0253318 5 
0 0.0283987 5 
0 0.0291364 5 
0 inf 5 
0 0.00299275 6 
0 0.0032736 6 
0 0.00330915 6 
0 0.00335156 6 
0 0.00336035 6 
0 0.00338603 6 
0 0.00348186 6 
0 0.00348886 6 
0 0.00350451 6 
0 0.00350791 6 
0 0.00353484 6 
0 0.00354264 6 
0 0.00358335 6 
0 0.00364128 6 
0 0.0036453 6 
0 0.00365827 6 
0 0.00369338 6 
0 0.00370759 6 
0 0.00373197 6 
0 0.00375079 6 
0 0.00375141 6 
0 0.00377157 6 
0 0.00380756 6 
0 0.00380791 6 
0 0.00381321 6 
0 0.00382731 6 
0 0.00384089 6 
0 0.00384618 6 
0 0.0038834 6 
0 0.0039174 6 
0 0.00391811 6 
0 0.00392707 6 
0 0.00394924 6 
0 0.00396238 6 
0 0.00397101 6 
0 0.00398576 6 
0 0.0039906 6 
0 0.00399376 6 
0 0.00402177 6 
0 0.00405685 6 
0 0.00405865 6 
0 0.00406519 6 
0 0.00409705 6 
0 0.00412134 6 
0 0.00413527 6 
0 0.00418447 6 
0 0.00418488 6 
0 0.00418781 6 
0 0.00421101 6 
0 0.00422543 6 
0 0.00423123 6 
0 0.00424005 6 
0 0.00426296 6 
0 0.00427976 6 
0 0.00428986 6 
0 0.00429621 6 
0 0.00430492 6 
0 0.00430744 6 
0 0.0043075 6 
0 0.00432409 6 
0 0.00434349 6 
0 0.00435241 6 
0 0.00437837 6 
0 0.00438986 6 
0 0.00439171 6 
0 0.00440711 6 
0 0.00443432 6 
0 0.00443987 6 
0 0.00444953 6 
0 0.0044503 6 
0 0.00448625 6 
0 0.00448664 6 
0 0.00448776 6 
0 0.00453691 6 
0 0.00454368 6 
0 0.00454977 6 
0 0.00455215 6 
0 0.00462544 6 
0 0.00465102 6 
0 0.00469083 6 
0 0.00469271 6 
0 0.00470841 6 
0 0.00472282 6 
0 0.00476471 6 
0 0.00477222 6 
0 0.00478955 6 
0 0.00479278 6 
0 0.00484529 6 
0 0.00487484 6 
0 0.00487787 6 
0 0.00488112 6 
0 0.00489832 6 
0 0.00490738 6 
0 0.00490813 6 
0 0.00498414 6 
0 0.00499972 6 
0 0.00506886 6 
0 0.00509117 6 
0 0.00512306 6 
0 0.00513803 6 
0 0.00530778 6 
0 0.00531385 6 
0 0.00532569 6 
0 0.00532927 6 
0 0.00537251 6 
0 0.00546272 6 
0 0.00554631 6 
0 0.00559138 6 
0 0.00562323 6 
0 0.00564055 6 
0 0.00568512 6 
0 0.00579404 6 
0 0.0058158 6 
0 0.00591677 6 
0 0.00612738 6 
0 0.00616115 6 
0 0.00622171 6 
0 0.00637471 6 
0 0.00639437 6 
0 0.00640781 6 
0 0.00650236 6 
0 0.00651409 6 
0 0.00665083 6 
0 0.00897058 6 
0 0.0176147 6 
0 0.0203827 6 
0 0.0210692 6 
0 inf 6 
0 0.0015324 7 
0 0.00163006 7 
0 0.00168129 7 
0 0.00168727 7 
0 0.00169589 7 
0 0.00172641 7 
0 0.00177492 7 
0 0.00186585 7 
0 0.00187799 7 
0 0.00192048 7 
0 0.00192462 7 
0 0.0019328 7 
0 0.00193731 7 
0 0.00195566 7 
0 0.00197413 7 
0 0.0019902 7 
0 0.00200058 7 
0 0.00200946 7 
0 0.00205002 7 
0 0.00210156 7 
0 0.00211637 7 
0 0.00212984 7 
0 0.0021334 7 
0 0.00214097 7 
0 0.002141 7 
0 0.00216392 7 
0 0.00216659 7 
0 0.00216722 7 
0 0.00218064 7 
0 0.00219242 7 
0 0.00219336 7 
0 0.00222363 7 
0 0.002228 7 
0 0.00223755 7 
0 0.00223883 7 
0 0.00224002 7 
0 0.00224527 7 
0 0.00226761 7 
0 0.00228077 7 
0 0.00228567 7 
0 0.00228681 7 
0 0.00230797 7 
0 0.00231468 7 
0 0.00231603 7 
0 0.0023197 7 
0 0.00232067 7 
0 0.00234327 7 
0 0.00234599 7 
0 0.00235766 7 
0 0.00236629 7 
0 0.00236901 7 
0 0.00238021 7 
0 0.00241788 7 
0 0.00244375 7 
0 0.00245182 7 
0 0.00246241 7 
0 0.00246243 7 
0 0.00246441 7 
0 0.00247462 7 
0 0.00251322 7 
0 0.0025298 7 
0 0.00256207 7 
0 0.00256445 7 
0 0.00256511 7 
0 0.00256679 7 
0 0.00256904 7 
0 0.00258449 7 
0 0.00260513 7 
0 0.00266917 7 
0 0.00267376 7 
0 0.00269298 7 
0 0.0027058 7 
0 0.00270715 7 
0 0.00272104 7 
0 0.00273048 7 
0 0.00273609 7 
0 0.00273768 7 
0 0.00273894 7 
0 0.00277253 7 
0 0.00278891 7 
0 0.00279774 7 
0 0.00283309 7 
0 0.00283433 7 
0 0.00283728 7 
0 0.00285552 7 
0 0.00286101 7 
0 0.00287294 7 
0 0.00288682 7 
0 0.00290255 7 
0 0.00291177 7 
0 0.00291606 7 
0 0.0029215 7 
0 0.00294634 7 
0 0.00295135 7 
0 0.00296659 7 
0 0.00299861 7 
0 0.00302833 7 
0 0.00308015 7 
0 0.00314425 7 
0 0.00317442 7 
0 0.00317673 7 
0 0.00317925 7 
0 0.00321268 7 
0 0.00321739 7 
0 0.00323391 7 
0 0.00325561 7 
0 0.00328179 7 
0 0.00330323 7 
0 0.00337893 7 
0 0.00344805 7 
0 0.00354243 7 
0 0.00359761 7 
0 0.00364604 7 
0 0.00366605 7 
0 0.00370054 7 
0 0.00374665 7 
0 0.00384867 7 
0 0.00406087 7 
0 0.00413451 7 
0 0.0041766 7 
0 0.0042198 7 
0 0.00423917 7 
0 0.00431425 7 
0 0.00637378 7 
0 0.0128027 7 
0 0.0149426 7 
0 0.0155113 7 
0 inf 7 
0 0.000818085 8 
0 0.000832322 8 
0 0.00084854 8 
0 0.000883897 8 
0 0.000889921 8 
0 0.000958962 8 
0 0.00096304 8 
0 0.000973125 8 
0 0.000994295 8 
0 0.00105886 8 
0 0.00110192 8 
0 0.00112248 8 
0 0.0011395 8 
0 0.00114447 8 
0 0.00114449 8 
0 0.00116467 8 
0 0.00117958 8 
0 0.00118554 8 
0 0.00119169 8 
0 0.0012054 8 
0 0.00122364 8 
0 0.00123552 8 
0 0.0012465 8 
0 0.00125453 8 
0 0.00126527 8 
0 0.00127051 8 
0 0.00127854 8 
0 0.00128201 8 
0 0.001287 8 
0 0.00130165 8 
0 0.00131709 8 
0 0.00131856 8 
0 0.00132298 8 
0 0.0013278 8 
0 0.00133107 8 
0 0.0013323 8 
0 0.00133253 8 
0 0.00133587 8 
0 0.00135627 8 
0 0.00136123 8 
0 0.00136338 8 
0 0.00137415 8 
0 0.00137522 8 
0 0.00138356 8 
0 0.00138599 8 
0 0.00139207 8 
0 0.00142347 8 
0 0.00142648 8 
0 0.00143753 8 
0 0.00144608 8 
0 0.00145319 8 
0 0.00145426 8 
0 0.00145519 8 
0 0.00146264 8 
0 0.00146284 8 
0 0.00150539 8 
0 0.00151289 8 
0 0.00151921 8 
0 0.00153561 8 
0 0.00154599 8 
0 0.00156848 8 
0 0.00158516 8 
0 0.00160458 8 
0 0.00162063 8 
0 0.00163057 8 
0 0.00165229 8 
0 0.00165359 8 
0 0.0016613 8 
0 0.00166404 8 
0 0.00167747 8 
0 0.00168217 8 
0 0.00168821 8 
0 0.00169904 8 
0 0.00173369 8 
0 0.00173866 8 
0 0.00174253 8 
0 0.00178269 8 
0 0.00178985 8 
0 0.00179058 8 
0 0.00179729 8 
0 0.00180381 8 
0 0.00181062 8 
0 0.00182466 8 
0 0.0018308 8 
0 0.00184608 8 
0 0.00184768 8 
0 0.00185367 8 
0 0.001854 8 
0 0.00187568 8 
0 0.0018983 8 
0 0.00191306 8 
0 0.00191541 8 
0 0.00193152 8 
0 0.0019403 8 
0 0.0019459 8 
0 0.00194842 8 
0 0.00203604 8 
0 0.00204982 8 
0 0.00207662 8 
0 0.00211364 8 
0 0.00212269 8 
0 0.00213607 8 
0 0.0021383 8 
0 0.00215645 8 
0 0.00217604 8 
0 0.0022023 8 
0 0.00223796 8 
0 0.00224592 8 
0 0.00225044 8 
0 0.00227794 8 
0 0.00229783 8 
0 0.00230735 8 
0 0.00230833 8 
0 0.00242767 8 
0 0.00248461 8 
0 0.00256292 8 
0 0.00259531 8 
0 0.0026218 8 
0 0.00273281 8 
0 0.00275799 8 
0 0.00288917 8 
0 0.00299949 8 
0 0.00305304 8 
0 0.00471378 8 
0 0.00952401 8 
0 0.0111287 8 
0 0.0115138 8 
0 inf 8 
0 0.000419867 9 
0 0.000428932 9 
0 0.000486646 9 
0 0.000496579 9 
0 0.000512511 9 
0 0.000518052 9 
0 0.000568526 9 
0 0.000584112 9 
0 0.000621823 9 
0 0.000627498 9 
0 0.000666013 9 
0 0.000682716 9 
0 0.00068789 9 
0 0.00069081 9 
0 0.00069457 9 
0 0.000707951 9 
0 0.000718083 9 
0 0.000721397 9 
0 0.00072615 9 
0 0.000731286 9 
0 0.000741893 9 
0 0.000749627 9 
0 0.000754016 9 
0 0.000760158 9 
0 0.000765126 9 
0 0.000769283 9 
0 0.000779043 9 
0 0.000789129 9 
0 0.000802867 9 
0 0.000822314 9 
0 0.000823138 9 
0 0.000823964 9 
0 0.000828953 9 
0 0.000834206 9 
0 0.0008433 9 
0 0.000851499 9 
0 0.000862269 9 
0 0.000863231 9 
0 0.000865487 9 
0 0.000880171 9 
0 0.000892336 9 
0 0.000905381 9 
0 0.000908214 9 
0 0.000910821 9 
0 0.000913158 9 
0 0.000915692 9 
0 0.00091961 9 
0 0.000921433 9 
0 0.000939575 9 
0 0.000940122 9 
0 0.000947261 9 
0 0.00097348 9 
0 0.00098176 9 
0 0.000988761 9 
0 0.0010052 9 
0 0.00100541 9 
0 0.0010186 9 
0 0.00104329 9 
0 0.00105862 9 
0 0.00106494 9 
0 0.00107396 9 
0 0.00107956 9 
0 0.00108487 9 
0 0.00108797 9 
0 0.00109053 9 
0 0.00109569 9 
0 0.00110639 9 
0 0.00110809 9 
0 0.00112111 9 
0 0.00112816 9 
0 0.00113108 9 
0 0.00113274 9 
0 0.00113326 9 
0 0.00114883 9 
0 0.00119032 9 
0 0.00119187 9 
0 0.00119288 9 
0 0.00120807 9 
0 0.00122797 9 
0 0.00123465 9 
0 0.00123478 9 
0 0.00123806 9 
0 0.00124145 9 
0 0.00124743 9 
0 0.00125773 9 
0 0.00126614 9 
0 0.00127907 9 
0 0.00128217 9 
0 0.0012926 9 
0 0.00130423 9 
0 0.00130457 9 
0 0.00132036 9 
0 0.00132312 9 
0 0.0013272 9 
0 0.00133353 9 
0 0.00137064 9 
0 0.00142765 9 
0 0.00145955 9 
0 0.00146297 9 
0 0.00148723 9 
0 0.00149097 9 
0 0.00151729 9 
0 0.00152775 9 
0 0.00152782 9 
0 0.00153294 9 
0 0.00153676 9 
0 0.00154404 9 
0 0.00154845 9 
0 0.00155799 9 
0 0.00158468 9 
0 0.00160359 9 
0 0.00165517 9 
0 0.00168096 9 
0 0.00170247 9 
0 0.00173321 9 
0 0.00176887 9 
0 0.00177881 9 
0 0.00187343 9 
0 0.00192506 9 
0 0.00193595 9 
0 0.00210634 9 
0 0.00222819 9 
0 0.00224462 9 
0 0.00355382 9 
0 0.00716566 9 
0 0.00835588 9 
0 0.00858195 9 
0 inf 9 
