0 0.503039 0 
0 0.503061 0 
0 0.503493 0 
0 0.503877 0 
0 0.504228 0 
0 0.504917 0 
0 0.50515 0 
0 0.505203 0 
0 0.505506 0 
0 0.505877 0 
0 0.506041 0 
0 0.506555 0 
0 0.506613 0 
0 0.506633 0 
0 0.506745 0 
0 0.506809 0 
0 0.506968 0 
0 0.506981 0 
0 0.5071 0 
0 0.507122 0 
0 0.507205 0 
0 0.507264 0 
0 0.507268 0 
0 0.507282 0 
0 0.50748 0 
0 0.50751 0 
0 0.507573 0 
0 0.507675 0 
0 0.507746 0 
0 0.507785 0 
0 0.508076 0 
0 0.508262 0 
0 0.50828 0 
0 0.508294 0 
0 0.508473 0 
0 0.508592 0 
0 0.508644 0 
0 0.508718 0 
0 0.508782 0 
0 0.508794 0 
0 0.508856 0 
0 0.508937 0 
0 0.508999 0 
0 0.509057 0 
0 0.509061 0 
0 0.509202 0 
0 0.509211 0 
0 0.509242 0 
0 0.509276 0 
0 0.509358 0 
0 0.50936 0 
0 0.509379 0 
0 0.509492 0 
0 0.509552 0 
0 0.509554 0 
0 0.509558 0 
0 0.509606 0 
0 0.509691 0 
0 0.509718 0 
0 0.509814 0 
0 0.509848 0 
0 0.509851 0 
0 0.509892 0 
0 0.509971 0 
0 0.509981 0 
0 0.509982 0 
0 0.510037 0 
0 0.510094 0 
0 0.510148 0 
0 0.510154 0 
0 0.51018 0 
0 0.510192 0 
0 0.510233 0 
0 0.510271 0 
0 0.510313 0 
0 0.510333 0 
0 0.510354 0 
0 0.510354 0 
0 0.510361 0 
0 0.510381 0 
0 0.510396 0 
0 0.510403 0 
0 0.510415 0 
0 0.510482 0 
0 0.510505 0 
0 0.510774 0 
0 0.510799 0 
0 0.510805 0 
0 0.510949 0 
0 0.510966 0 
0 0.510996 0 
0 0.510996 0 
0 0.511016 0 
0 0.511111 0 
0 0.511218 0 
0 0.511304 0 
0 0.511481 0 
0 0.511484 0 
0 0.51155 0 
0 0.511626 0 
0 0.511642 0 
0 0.511723 0 
0 0.511892 0 
0 0.511934 0 
0 0.512011 0 
0 0.512023 0 
0 0.512056 0 
0 0.512161 0 
0 0.512293 0 
0 0.512309 0 
0 0.512341 0 
0 0.512376 0 
0 0.512382 0 
0 0.512436 0 
0 0.512556 0 
0 0.512605 0 
0 0.512611 0 
0 0.512745 0 
0 0.512936 0 
0 0.513132 0 
0 0.513144 0 
0 0.513174 0 
0 0.51327 0 
0 0.513287 0 
0 0.513589 0 
0 0.513853 0 
0 0.514683 0 
0 inf 0 
0 0.194797 1 
0 0.195078 1 
0 0.19576 1 
0 0.196463 1 
0 0.196916 1 
0 0.197523 1 
0 0.19771 1 
0 0.19772 1 
0 0.197744 1 
0 0.198256 1 
0 0.198737 1 
0 0.19874 1 
0 0.198822 1 
0 0.198888 1 
0 0.19894 1 
0 0.199018 1 
0 0.199117 1 
0 0.199174 1 
0 0.199229 1 
0 0.199308 1 
0 0.199367 1 
0 0.19946 1 
0 0.19952 1 
0 0.199832 1 
0 0.199928 1 
0 0.200016 1 
0 0.200101 1 
0 0.200107 1 
0 0.200163 1 
0 0.200167 1 
0 0.200202 1 
0 0.2003 1 
0 0.200498 1 
0 0.200557 1 
0 0.200581 1 
0 0.200657 1 
0 0.200688 1 
0 0.200705 1 
0 0.200724 1 
0 0.200872 1 
0 0.20092 1 
0 0.200987 1 
0 0.201019 1 
0 0.201025 1 
0 0.20109 1 
0 0.201143 1 
0 0.201161 1 
0 0.201169 1 
0 0.20127 1 
0 0.201298 1 
0 0.201312 1 
0 0.201334 1 
0 0.201336 1 
0 0.20135 1 
0 0.201358 1 
0 0.201432 1 
0 0.201435 1 
0 0.201456 1 
0 0.201476 1 
0 0.201485 1 
0 0.201503 1 
0 0.201523 1 
0 0.201536 1 
0 0.201567 1 
0 0.201683 1 
0 0.201732 1 
0 0.201749 1 
0 0.201775 1 
0 0.201781 1 
0 0.201794 1 
0 0.201854 1 
0 0.201857 1 
0 0.201857 1 
0 0.20189 1 
0 0.202006 1 
0 0.202089 1 
0 0.202154 1 
0 0.202197 1 
0 0.202201 1 
0 0.202238 1 
0 0.202261 1 
0 0.20234 1 
0 0.20237 1 
0 0.202527 1 
0 0.202562 1 
0 0.202564 1 
0 0.202569 1 
0 0.202627 1 
0 0.202631 1 
0 0.202659 1 
0 0.202714 1 
0 0.202771 1 
0 0.20278 1 
0 0.20279 1 
0 0.202828 1 
0 0.202902 1 
0 0.202934 1 
0 0.203009 1 
0 0.203012 1 
0 0.203029 1 
0 0.203095 1 
0 0.203129 1 
0 0.203163 1 
0 0.203176 1 
0 0.203177 1 
0 0.203206 1 
0 0.203244 1 
0 0.203291 1 
0 0.203324 1 
0 0.203404 1 
0 0.203411 1 
0 0.20343 1 
0 0.203473 1 
0 0.203487 1 
0 0.20349 1 
0 0.203573 1 
0 0.203585 1 
0 0.203601 1 
0 0.203671 1 
0 0.204058 1 
0 0.204296 1 
0 0.204517 1 
0 0.204754 1 
0 0.204788 1 
0 0.205013 1 
0 0.205433 1 
0 0.205646 1 
0 inf 1 
0 0.0792736 2 
0 0.0803235 2 
0 0.0805046 2 
0 0.0817672 2 
0 0.081936 2 
0 0.0823158 2 
0 0.0823261 2 
0 0.0823401 2 
0 0.0823873 2 
0 0.0828484 2 
0 0.083318 2 
0 0.0834525 2 
0 0.083477 2 
0 0.0834959 2 
0 0.0835098 2 
0 0.0835458 2 
0 0.0835538 2 
0 0.0838098 2 
0 0.0838772 2 
0 0.0839942 2 
0 0.0840166 2 
0 0.0840442 2 
0 0.0840776 2 
0 0.0841249 2 
0 0.0841462 2 
0 0.0841598 2 
0 0.084242 2 
0 0.0842745 2 
0 0.084401 2 
0 0.0844667 2 
0 0.0844802 2 
0 0.0844932 2 
0 0.0846262 2 
0 0.0846528 2 
0 0.0847407 2 
0 0.0847755 2 
0 0.0848489 2 
0 0.0849318 2 
0 0.0850571 2 
0 0.0850658 2 
0 0.085073 2 
0 0.0850783 2 
0 0.0851482 2 
0 0.0851553 2 
0 0.085205 2 
0 0.0852413 2 
0 0.0852449 2 
0 0.0853742 2 
0 0.0853921 2 
0 0.0854154 2 
0 0.0854357 2 
0 0.0855166 2 
0 0.0855218 2 
0 0.0855529 2 
0 0.0855869 2 
0 0.0856141 2 
0 0.0856198 2 
0 0.0856284 2 
0 0.0856527 2 
0 0.0856637 2 
0 0.0857015 2 
0 0.0857788 2 
0 0.0857954 2 
0 0.0858042 2 
0 0.0858206 2 
0 0.0858321 2 
0 0.0859237 2 
0 0.0859414 2 
0 0.0859468 2 
0 0.0859885 2 
0 0.0860577 2 
0 0.0860623 2 
0 0.0860633 2 
0 0.0861013 2 
0 0.0861165 2 
0 0.0861426 2 
0 0.0861498 2 
0 0.0861788 2 
0 0.086191 2 
0 0.0862287 2 
0 0.0862483 2 
0 0.0862891 2 
0 0.0863055 2 
0 0.0863204 2 
0 0.0863459 2 
0 0.0863731 2 
0 0.0863756 2 
0 0.0863889 2 
0 0.0864137 2 
0 0.086414 2 
0 0.0864329 2 
0 0.0865264 2 
0 0.0865564 2 
0 0.0865642 2 
0 0.0866959 2 
0 0.0867485 2 
0 0.0868029 2 
0 0.086847 2 
0 0.0869935 2 
0 0.0870407 2 
0 0.087077 2 
0 0.0870847 2 
0 0.087158 2 
0 0.0873106 2 
0 0.0873272 2 
0 0.0874254 2 
0 0.0874624 2 
0 0.0874673 2 
0 0.0875999 2 
0 0.0876859 2 
0 0.0877146 2 
0 0.0877207 2 
0 0.0877217 2 
0 0.0877246 2 
0 0.0877498 2 
0 0.0879578 2 
0 0.0879589 2 
0 0.08811 2 
0 0.0881284 2 
0 0.0881298 2 
0 0.0883068 2 
0 0.0884105 2 
0 0.088443 2 
0 0.0884934 2 
0 0.0885703 2 
0 0.0890024 2 
0 0.0896356 2 
0 inf 2 
0 0.0340034 3 
0 0.0348887 3 
0 0.0352459 3 
0 0.0354415 3 
0 0.0356657 3 
0 0.0358059 3 
0 0.0360114 3 
0 0.0364136 3 
0 0.0364647 3 
0 0.0364993 3 
0 0.0366103 3 
0 0.0369387 3 
0 0.0370775 3 
0 0.037094 3 
0 0.0371249 3 
0 0.0371459 3 
0 0.0371507 3 
0 0.0372085 3 
0 0.0372492 3 
0 0.0372852 3 
0 0.037361 3 
0 0.0373618 3 
0 0.0373986 3 
0 0.0374369 3 
0 0.0374614 3 
0 0.037493 3 
0 0.0375069 3 
0 0.0376214 3 
0 0.0376434 3 
0 0.0376775 3 
0 0.0377081 3 
0 0.0377215 3 
0 0.0378084 3 
0 0.0378216 3 
0 0.0378324 3 
0 0.0378529 3 
0 0.0378707 3 
0 0.0378789 3 
0 0.0379581 3 
0 0.0379661 3 
0 0.0379722 3 
0 0.0380439 3 
0 0.0380441 3 
0 0.0380534 3 
0 0.0380905 3 
0 0.0381123 3 
0 0.0381247 3 
0 0.0381816 3 
0 0.0382029 3 
0 0.0382092 3 
0 0.0382545 3 
0 0.03829 3 
0 0.0383317 3 
0 0.0383653 3 
0 0.0383827 3 
0 0.038384 3 
0 0.0383861 3 
0 0.0384161 3 
0 0.0384312 3 
0 0.0384491 3 
0 0.0384527 3 
0 0.0385022 3 
0 0.0385266 3 
0 0.0385486 3 
0 0.0385753 3 
0 0.0385756 3 
0 0.0385838 3 
0 0.0386133 3 
0 0.0386493 3 
0 0.0386696 3 
0 0.0387081 3 
0 0.0387312 3 
0 0.0387385 3 
0 0.0387405 3 
0 0.0387629 3 
0 0.0388107 3 
0 0.0388346 3 
0 0.0388774 3 
0 0.0389118 3 
0 0.0389561 3 
0 0.0389701 3 
0 0.039049 3 
0 0.0390864 3 
0 0.039116 3 
0 0.0391346 3 
0 0.0391416 3 
0 0.0391625 3 
0 0.0392078 3 
0 0.039217 3 
0 0.0392318 3 
0 0.0392615 3 
0 0.0392641 3 
0 0.0392843 3 
0 0.0393623 3 
0 0.0393673 3 
0 0.0395437 3 
0 0.0395512 3 
0 0.0395787 3 
0 0.0396339 3 
0 0.0396386 3 
0 0.0396621 3 
0 0.0396635 3 
0 0.0397236 3 
0 0.0397261 3 
0 0.0397694 3 
0 0.0398348 3 
0 0.039879 3 
0 0.0399099 3 
0 0.0399782 3 
0 0.0399991 3 
0 0.0400815 3 
0 0.0400977 3 
0 0.0401217 3 
0 0.0401726 3 
0 0.0401731 3 
0 0.0401771 3 
0 0.0402198 3 
0 0.0402662 3 
0 0.0403048 3 
0 0.0403263 3 
0 0.0404362 3 
0 0.0406074 3 
0 0.0408043 3 
0 0.0408265 3 
0 0.0408656 3 
0 0.0409502 3 
0 0.0413905 3 
0 inf 3 
0 0.0152428 4 
0 0.0157813 4 
0 0.0158845 4 
0 0.0162217 4 
0 0.0162685 4 
0 0.0163833 4 
0 0.0164873 4 
0 0.0166093 4 
0 0.0168552 4 
0 0.016927 4 
0 0.0169352 4 
0 0.0169453 4 
0 0.0171074 4 
0 0.017191 4 
0 0.0172293 4 
0 0.0172335 4 
0 0.017239 4 
0 0.0172659 4 
0 0.0172808 4 
0 0.0173112 4 
0 0.0173138 4 
0 0.017343 4 
0 0.0173462 4 
0 0.0173496 4 
0 0.0173502 4 
0 0.0173685 4 
0 0.0174322 4 
0 0.0174445 4 
0 0.0174496 4 
0 0.0174625 4 
0 0.0174762 4 
0 0.0174923 4 
0 0.0175139 4 
0 0.0175407 4 
0 0.01755 4 
0 0.017555 4 
0 0.0175656 4 
0 0.0175663 4 
0 0.0176825 4 
0 0.0176843 4 
0 0.0176883 4 
0 0.017721 4 
0 0.0177396 4 
0 0.0177611 4 
0 0.0177753 4 
0 0.0177838 4 
0 0.0177902 4 
0 0.0178204 4 
0 0.0178275 4 
0 0.0178415 4 
0 0.0178447 4 
0 0.0178452 4 
0 0.0178623 4 
0 0.0178666 4 
0 0.0178785 4 
0 0.0178847 4 
0 0.0178942 4 
0 0.0179261 4 
0 0.0179265 4 
0 0.0179679 4 
0 0.0179935 4 
0 0.0180238 4 
0 0.0180619 4 
0 0.018078 4 
0 0.0180839 4 
0 0.0180966 4 
0 0.0181015 4 
0 0.0181166 4 
0 0.018138 4 
0 0.0181602 4 
0 0.0182008 4 
0 0.018208 4 
0 0.0182152 4 
0 0.0182199 4 
0 0.0183143 4 
0 0.0183152 4 
0 0.0183428 4 
0 0.0183577 4 
0 0.0183581 4 
0 0.0183731 4 
0 0.0183877 4 
0 0.0184688 4 
0 0.0184835 4 
0 0.0184943 4 
0 0.0184987 4 
0 0.018511 4 
0 0.0185175 4 
0 0.018526 4 
0 0.0185335 4 
0 0.0185801 4 
0 0.0186521 4 
0 0.0186673 4 
0 0.0186839 4 
0 0.018686 4 
0 0.0187097 4 
0 0.0187544 4 
0 0.0187774 4 
0 0.0187849 4 
0 0.0188258 4 
0 0.0188335 4 
0 0.0188404 4 
0 0.0188509 4 
0 0.0188626 4 
0 0.018871 4 
0 0.0189259 4 
0 0.0189503 4 
0 0.0189822 4 
0 0.0189983 4 
0 0.0190037 4 
0 0.0190113 4 
0 0.0190252 4 
0 0.0190262 4 
0 0.0190802 4 
0 0.019086 4 
0 0.0190952 4 
0 0.0191332 4 
0 0.0191831 4 
0 0.0192039 4 
0 0.0192853 4 
0 0.0193007 4 
0 0.0193117 4 
0 0.0193829 4 
0 0.0194098 4 
0 0.0195001 4 
0 0.0197441 4 
0 0.0198023 4 
0 0.0198461 4 
0 inf 4 
0 0.00708549 5 
0 0.00728983 5 
0 0.00750777 5 
0 0.00759306 5 
0 0.00768323 5 
0 0.00772372 5 
0 0.00777731 5 
0 0.00801054 5 
0 0.00807252 5 
0 0.00807509 5 
0 0.00813967 5 
0 0.00814731 5 
0 0.00816301 5 
0 0.00818353 5 
0 0.00820015 5 
0 0.008215 5 
0 0.0082239 5 
0 0.00822616 5 
0 0.00822753 5 
0 0.00823574 5 
0 0.00825467 5 
0 0.00828418 5 
0 0.00828871 5 
0 0.00829042 5 
0 0.00829987 5 
0 0.0083037 5 
0 0.00833256 5 
0 0.00834363 5 
0 0.00834583 5 
0 0.00834979 5 
0 0.00836834 5 
0 0.00838745 5 
0 0.00838818 5 
0 0.00840712 5 
0 0.00842773 5 
0 0.00845807 5 
0 0.0084607 5 
0 0.00848147 5 
0 0.0084957 5 
0 0.00849646 5 
0 0.00849713 5 
0 0.00850509 5 
0 0.00850639 5 
0 0.0085228 5 
0 0.00853461 5 
0 0.00854522 5 
0 0.00854586 5 
0 0.00855032 5 
0 0.00857606 5 
0 0.00859422 5 
0 0.00859709 5 
0 0.00860183 5 
0 0.0086056 5 
0 0.00861094 5 
0 0.00861127 5 
0 0.00863084 5 
0 0.00864534 5 
0 0.00865248 5 
0 0.00867703 5 
0 0.00867894 5 
0 0.0086856 5 
0 0.00871561 5 
0 0.00871645 5 
0 0.00872689 5 
0 0.00874097 5 
0 0.00875345 5 
0 0.00875895 5 
0 0.008761 5 
0 0.00878069 5 
0 0.00883159 5 
0 0.00884901 5 
0 0.00885237 5 
0 0.00887534 5 
0 0.00889325 5 
0 0.00889419 5 
0 0.00890052 5 
0 0.00890106 5 
0 0.00890292 5 
0 0.00890431 5 
0 0.00890798 5 
0 0.00891353 5 
0 0.00892653 5 
0 0.00894834 5 
0 0.00895535 5 
0 0.00897028 5 
0 0.00898614 5 
0 0.00900131 5 
0 0.0090367 5 
0 0.00908812 5 
0 0.00910003 5 
0 0.00910661 5 
0 0.0091199 5 
0 0.00913593 5 
0 0.00917524 5 
0 0.0091759 5 
0 0.0091772 5 
0 0.00917723 5 
0 0.00918474 5 
0 0.00918825 5 
0 0.00920206 5 
0 0.00920602 5 
0 0.00921207 5 
0 0.00922751 5 
0 0.00926255 5 
0 0.00926317 5 
0 0.00926807 5 
0 0.00928274 5 
0 0.00929893 5 
0 0.00930508 5 
0 0.00932072 5 
0 0.0093226 5 
0 0.00933489 5 
0 0.00934437 5 
0 0.00935148 5 
0 0.00937926 5 
0 0.00941264 5 
0 0.0094376 5 
0 0.00944046 5 
0 0.00945164 5 
0 0.0094553 5 
0 0.0095042 5 
0 0.00950908 5 
0 0.00957701 5 
0 0.00971041 5 
0 0.00972515 5 
0 0.00979307 5 
0 0.00990869 5 
0 inf 5 
0 0.00339425 6 
0 0.00345591 6 
0 0.0036495 6 
0 0.00365445 6 
0 0.00369051 6 
0 0.00374152 6 
0 0.00379392 6 
0 0.0039103 6 
0 0.00395414 6 
0 0.00396297 6 
0 0.00397607 6 
0 0.00397893 6 
0 0.00398422 6 
0 0.00398687 6 
0 0.00399791 6 
0 0.00399982 6 
0 0.00400733 6 
0 0.00401933 6 
0 0.00401944 6 
0 0.00402898 6 
0 0.00402975 6 
0 0.00404113 6 
0 0.00405178 6 
0 0.00406313 6 
0 0.00406537 6 
0 0.00406998 6 
0 0.00407265 6 
0 0.0040898 6 
0 0.0040977 6 
0 0.00409985 6 
0 0.00410554 6 
0 0.00410993 6 
0 0.00411529 6 
0 0.00411699 6 
0 0.0041292 6 
0 0.00413328 6 
0 0.00414259 6 
0 0.00416546 6 
0 0.00417081 6 
0 0.00417282 6 
0 0.00420645 6 
0 0.0042146 6 
0 0.00422243 6 
0 0.00422525 6 
0 0.00423001 6 
0 0.00423002 6 
0 0.00423195 6 
0 0.00423242 6 
0 0.00423559 6 
0 0.00424475 6 
0 0.00424624 6 
0 0.00426582 6 
0 0.00427028 6 
0 0.00428026 6 
0 0.00428082 6 
0 0.00428187 6 
0 0.00428459 6 
0 0.00428562 6 
0 0.00429301 6 
0 0.00429376 6 
0 0.00430707 6 
0 0.00430758 6 
0 0.00432299 6 
0 0.00432559 6 
0 0.00432734 6 
0 0.00432937 6 
0 0.00433265 6 
0 0.00433314 6 
0 0.00434804 6 
0 0.0043583 6 
0 0.00437244 6 
0 0.0043795 6 
0 0.00438365 6 
0 0.00438792 6 
0 0.00439229 6 
0 0.00439964 6 
0 0.00441127 6 
0 0.00441664 6 
0 0.00441853 6 
0 0.00442116 6 
0 0.00442196 6 
0 0.00442871 6 
0 0.0044631 6 
0 0.00449011 6 
0 0.00449333 6 
0 0.00449693 6 
0 0.00450581 6 
0 0.0045123 6 
0 0.004514 6 
0 0.00451402 6 
0 0.00451777 6 
0 0.00453252 6 
0 0.00453355 6 
0 0.00455226 6 
0 0.0045805 6 
0 0.00458783 6 
0 0.00459029 6 
0 0.00459109 6 
0 0.00459329 6 
0 0.00459946 6 
0 0.0046051 6 
0 0.00461489 6 
0 0.00461958 6 
0 0.00462628 6 
0 0.00463051 6 
0 0.00463901 6 
0 0.00464922 6 
0 0.00465122 6 
0 0.00467158 6 
0 0.00468435 6 
0 0.00468668 6 
0 0.00469389 6 
0 0.00469699 6 
0 0.00469758 6 
0 0.00470478 6 
0 0.00471467 6 
0 0.00471906 6 
0 0.00472892 6 
0 0.00474411 6 
0 0.00477743 6 
0 0.00479726 6 
0 0.00480543 6 
0 0.00481933 6 
0 0.00485502 6 
0 0.00495255 6 
0 0.00495673 6 
0 0.00503119 6 
0 inf 6 
0 0.00166791 7 
0 0.0016744 7 
0 0.00179281 7 
0 0.00180733 7 
0 0.00182083 7 
0 0.00184235 7 
0 0.00191253 7 
0 0.00191766 7 
0 0.00192758 7 
0 0.00194205 7 
0 0.00195502 7 
0 0.00198226 7 
0 0.00198548 7 
0 0.00198733 7 
0 0.00198763 7 
0 0.00199118 7 
0 0.00199315 7 
0 0.00199522 7 
0 0.00200317 7 
0 0.0020085 7 
0 0.00201365 7 
0 0.00201612 7 
0 0.002025 7 
0 0.00202637 7 
0 0.0020271 7 
0 0.00203469 7 
0 0.00204219 7 
0 0.0020424 7 
0 0.00204886 7 
0 0.00205169 7 
0 0.00205329 7 
0 0.00206386 7 
0 0.00206931 7 
0 0.00207163 7 
0 0.00208773 7 
0 0.00208775 7 
0 0.00208847 7 
0 0.00210226 7 
0 0.0021046 7 
0 0.00210563 7 
0 0.00210726 7 
0 0.00211811 7 
0 0.00212221 7 
0 0.00212623 7 
0 0.00212819 7 
0 0.00212903 7 
0 0.0021305 7 
0 0.0021306 7 
0 0.00213078 7 
0 0.00213124 7 
0 0.00213238 7 
0 0.00214082 7 
0 0.00214495 7 
0 0.0021455 7 
0 0.00215174 7 
0 0.00215225 7 
0 0.00215343 7 
0 0.00215445 7 
0 0.00215476 7 
0 0.00216031 7 
0 0.00217476 7 
0 0.00217519 7 
0 0.00217617 7 
0 0.00217971 7 
0 0.00218026 7 
0 0.00218127 7 
0 0.00219374 7 
0 0.00219505 7 
0 0.00220176 7 
0 0.00220815 7 
0 0.00220829 7 
0 0.00220936 7 
0 0.00221458 7 
0 0.00221509 7 
0 0.00222108 7 
0 0.00222768 7 
0 0.00223524 7 
0 0.00223789 7 
0 0.00224049 7 
0 0.00224174 7 
0 0.00224182 7 
0 0.00224463 7 
0 0.00225241 7 
0 0.00225435 7 
0 0.00225935 7 
0 0.0022594 7 
0 0.00226013 7 
0 0.00227925 7 
0 0.00228416 7 
0 0.0022851 7 
0 0.00229165 7 
0 0.00229513 7 
0 0.00230841 7 
0 0.00230984 7 
0 0.00231537 7 
0 0.00231951 7 
0 0.00231964 7 
0 0.00231974 7 
0 0.00232007 7 
0 0.00232585 7 
0 0.00232741 7 
0 0.00233057 7 
0 0.00233673 7 
0 0.0023508 7 
0 0.00235576 7 
0 0.00236333 7 
0 0.00236608 7 
0 0.00236979 7 
0 0.00237283 7 
0 0.00238544 7 
0 0.00238748 7 
0 0.00239799 7 
0 0.00239799 7 
0 0.00240327 7 
0 0.00240877 7 
0 0.00240888 7 
0 0.00241306 7 
0 0.00242237 7 
0 0.00242721 7 
0 0.00243556 7 
0 0.00243564 7 
0 0.00244372 7 
0 0.0025008 7 
0 0.00250256 7 
0 0.00254679 7 
0 0.00255379 7 
0 0.00256041 7 
0 inf 7 
0 0.000826209 8 
0 0.000837807 8 
0 0.000896972 8 
0 0.00089931 8 
0 0.000924481 8 
0 0.000925483 8 
0 0.000949773 8 
0 0.000950932 8 
0 0.000964037 8 
0 0.000972366 8 
0 0.000992485 8 
0 0.000992593 8 
0 0.000993659 8 
0 0.000995326 8 
0 0.000996461 8 
0 0.000999198 8 
0 0.00100327 8 
0 0.00101012 8 
0 0.0010207 8 
0 0.00102208 8 
0 0.00102243 8 
0 0.00102541 8 
0 0.00102585 8 
0 0.0010289 8 
0 0.00103147 8 
0 0.00103201 8 
0 0.00103516 8 
0 0.00103704 8 
0 0.00104375 8 
0 0.00104769 8 
0 0.00105474 8 
0 0.00105572 8 
0 0.00106102 8 
0 0.00106264 8 
0 0.00106266 8 
0 0.00106336 8 
0 0.00106526 8 
0 0.00106779 8 
0 0.00107446 8 
0 0.00107556 8 
0 0.00107706 8 
0 0.00107717 8 
0 0.00108114 8 
0 0.00108196 8 
0 0.00108281 8 
0 0.0010835 8 
0 0.00108351 8 
0 0.00108689 8 
0 0.00108822 8 
0 0.00109023 8 
0 0.00109157 8 
0 0.00109232 8 
0 0.00109246 8 
0 0.00109389 8 
0 0.00109952 8 
0 0.00109998 8 
0 0.00110073 8 
0 0.00110116 8 
0 0.0011013 8 
0 0.00110219 8 
0 0.00110665 8 
0 0.0011074 8 
0 0.00110933 8 
0 0.00111418 8 
0 0.00111505 8 
0 0.00111509 8 
0 0.00111608 8 
0 0.00112019 8 
0 0.00112576 8 
0 0.00112943 8 
0 0.00112978 8 
0 0.00113004 8 
0 0.00113226 8 
0 0.00113883 8 
0 0.00113901 8 
0 0.00113965 8 
0 0.00114382 8 
0 0.00114531 8 
0 0.00114647 8 
0 0.00114716 8 
0 0.00114746 8 
0 0.00115167 8 
0 0.00115264 8 
0 0.00115286 8 
0 0.00115511 8 
0 0.00116189 8 
0 0.00116384 8 
0 0.00116894 8 
0 0.00116914 8 
0 0.00117704 8 
0 0.00117815 8 
0 0.0011801 8 
0 0.00118054 8 
0 0.00118213 8 
0 0.00118221 8 
0 0.00118361 8 
0 0.00118548 8 
0 0.00118684 8 
0 0.00118913 8 
0 0.00119324 8 
0 0.00120362 8 
0 0.00120564 8 
0 0.00120783 8 
0 0.00121179 8 
0 0.00121301 8 
0 0.00121549 8 
0 0.001217 8 
0 0.00121757 8 
0 0.00122547 8 
0 0.00122585 8 
0 0.00123027 8 
0 0.00123449 8 
0 0.0012345 8 
0 0.00123661 8 
0 0.00124353 8 
0 0.00124819 8 
0 0.00124837 8 
0 0.00125493 8 
0 0.0012561 8 
0 0.00126435 8 
0 0.00126835 8 
0 0.00128383 8 
0 0.00130369 8 
0 0.00130796 8 
0 0.00131773 8 
0 0.00132368 8 
0 0.0013333 8 
0 inf 8 
0 0.000413972 9 
0 0.000429001 9 
0 0.000453469 9 
0 0.000455775 9 
0 0.000472919 9 
0 0.000473629 9 
0 0.00047669 9 
0 0.000477863 9 
0 0.000483736 9 
0 0.000489176 9 
0 0.00050077 9 
0 0.000502654 9 
0 0.000503356 9 
0 0.000503783 9 
0 0.0005106 9 
0 0.00051478 9 
0 0.000516823 9 
0 0.000521034 9 
0 0.000521553 9 
0 0.000523613 9 
0 0.000526403 9 
0 0.000528519 9 
0 0.000528879 9 
0 0.000529206 9 
0 0.000530389 9 
0 0.000531329 9 
0 0.000531848 9 
0 0.00053192 9 
0 0.000536804 9 
0 0.000542073 9 
0 0.000545492 9 
0 0.000546858 9 
0 0.000547923 9 
0 0.000548392 9 
0 0.0005491 9 
0 0.000549505 9 
0 0.00054962 9 
0 0.000551064 9 
0 0.000551296 9 
0 0.000551764 9 
0 0.000552658 9 
0 0.000552769 9 
0 0.00055304 9 
0 0.000554495 9 
0 0.000555439 9 
0 0.000556722 9 
0 0.000560619 9 
0 0.000560966 9 
0 0.000561783 9 
0 0.000563622 9 
0 0.00056453 9 
0 0.000565544 9 
0 0.000566281 9 
0 0.000566473 9 
0 0.000567411 9 
0 0.000567447 9 
0 0.000568343 9 
0 0.000569958 9 
0 0.000570752 9 
0 0.000570831 9 
0 0.000571169 9 
0 0.000571472 9 
0 0.00057278 9 
0 0.000573708 9 
0 0.000574 9 
0 0.000575099 9 
0 0.00057517 9 
0 0.000576954 9 
0 0.000579882 9 
0 0.000579911 9 
0 0.000582206 9 
0 0.000583061 9 
0 0.000583903 9 
0 0.000584042 9 
0 0.000585569 9 
0 0.000589576 9 
0 0.000590397 9 
0 0.00059065 9 
0 0.000594443 9 
0 0.000595873 9 
0 0.000597847 9 
0 0.000599689 9 
0 0.000600045 9 
0 0.000600551 9 
0 0.000602028 9 
0 0.000602185 9 
0 0.00060544 9 
0 0.000605707 9 
0 0.000606473 9 
0 0.000607109 9 
0 0.000610605 9 
0 0.000611997 9 
0 0.000614572 9 
0 0.000616641 9 
0 0.000616875 9 
0 0.000616992 9 
0 0.000618578 9 
0 0.000619871 9 
0 0.000624253 9 
0 0.000624623 9 
0 0.000625035 9 
0 0.000625694 9 
0 0.00062651 9 
0 0.000626945 9 
0 0.000628878 9 
0 0.000630231 9 
0 0.000632329 9 
0 0.000634081 9 
0 0.000636322 9 
0 0.000638259 9 
0 0.000640849 9 
0 0.000641507 9 
0 0.000641564 9 
0 0.000641867 9 
0 0.000647114 9 
0 0.000653457 9 
0 0.000653868 9 
0 0.000655809 9 
0 0.000660447 9 
0 0.000663573 9 
0 0.000665916 9 
0 0.000667963 9 
0 0.000674777 9 
0 0.000684238 9 
0 0.000686024 9 
0 0.000694212 9 
0 0.000695808 9 
0 inf 9 
