0 0.500877 0 
0 0.501194 0 
0 0.501837 0 
0 0.501898 0 
0 0.503645 0 
0 0.504683 0 
0 0.504834 0 
0 0.504865 0 
0 0.504877 0 
0 0.504883 0 
0 0.505014 0 
0 0.505094 0 
0 0.50514 0 
0 0.505294 0 
0 0.50563 0 
0 0.505641 0 
0 0.50567 0 
0 0.505701 0 
0 0.505762 0 
0 0.505911 0 
0 0.506057 0 
0 0.506089 0 
0 0.50611 0 
0 0.506496 0 
0 0.506648 0 
0 0.506721 0 
0 0.506752 0 
0 0.506981 0 
0 0.507066 0 
0 0.507366 0 
0 0.507378 0 
0 0.507379 0 
0 0.507411 0 
0 0.507414 0 
0 0.507478 0 
0 0.507955 0 
0 0.507987 0 
0 0.508039 0 
0 0.508091 0 
0 0.508126 0 
0 0.508223 0 
0 0.5084 0 
0 0.508431 0 
0 0.508472 0 
0 0.508503 0 
0 0.50853 0 
0 0.508584 0 
0 0.508611 0 
0 0.508642 0 
0 0.508721 0 
0 0.508726 0 
0 0.508766 0 
0 0.508772 0 
0 0.50884 0 
0 0.508849 0 
0 0.508872 0 
0 0.508898 0 
0 0.508927 0 
0 0.508984 0 
0 0.508989 0 
0 0.509025 0 
0 0.509145 0 
0 0.509193 0 
0 0.509205 0 
0 0.509208 0 
0 0.509212 0 
0 0.509213 0 
0 0.509285 0 
0 0.509289 0 
0 0.509343 0 
0 0.509375 0 
0 0.509387 0 
0 0.509401 0 
0 0.509426 0 
0 0.509444 0 
0 0.509451 0 
0 0.509463 0 
0 0.50953 0 
0 0.509676 0 
0 0.509714 0 
0 0.509734 0 
0 0.509761 0 
0 0.509781 0 
0 0.509846 0 
0 0.509866 0 
0 0.509882 0 
0 0.509989 0 
0 0.50999 0 
0 0.51 0 
0 0.510014 0 
0 0.510116 0 
0 0.510243 0 
0 0.510257 0 
0 0.510281 0 
0 0.510291 0 
0 0.510352 0 
0 0.510364 0 
0 0.51037 0 
0 0.510442 0 
0 0.510444 0 
0 0.510468 0 
0 0.510498 0 
0 0.510764 0 
0 0.51082 0 
0 0.510846 0 
0 0.510899 0 
0 0.510986 0 
0 0.511009 0 
0 0.511069 0 
0 0.511114 0 
0 0.511224 0 
0 0.511256 0 
0 0.511366 0 
0 0.511394 0 
0 0.511418 0 
0 0.511608 0 
0 0.511938 0 
0 0.512107 0 
0 0.512501 0 
0 0.512644 0 
0 0.512723 0 
0 0.512894 0 
0 0.51298 0 
0 0.513137 0 
0 0.513256 0 
0 0.513501 0 
0 0.514189 0 
0 inf 0 
0 0.188639 1 
0 0.192516 1 
0 0.193652 1 
0 0.194579 1 
0 0.194841 1 
0 0.195097 1 
0 0.195577 1 
0 0.195644 1 
0 0.195654 1 
0 0.195742 1 
0 0.195744 1 
0 0.195763 1 
0 0.195817 1 
0 0.195835 1 
0 0.195946 1 
0 0.195986 1 
0 0.19607 1 
0 0.196075 1 
0 0.196091 1 
0 0.196154 1 
0 0.196251 1 
0 0.196914 1 
0 0.197276 1 
0 0.197415 1 
0 0.197532 1 
0 0.197566 1 
0 0.197636 1 
0 0.197795 1 
0 0.198017 1 
0 0.198126 1 
0 0.198279 1 
0 0.198457 1 
0 0.198472 1 
0 0.19848 1 
0 0.198531 1 
0 0.198595 1 
0 0.198711 1 
0 0.198742 1 
0 0.198877 1 
0 0.198879 1 
0 0.198953 1 
0 0.199004 1 
0 0.199035 1 
0 0.199052 1 
0 0.199127 1 
0 0.199131 1 
0 0.199183 1 
0 0.199261 1 
0 0.199273 1 
0 0.199369 1 
0 0.199369 1 
0 0.19938 1 
0 0.199442 1 
0 0.199482 1 
0 0.199607 1 
0 0.199764 1 
0 0.199837 1 
0 0.199884 1 
0 0.199885 1 
0 0.199906 1 
0 0.20005 1 
0 0.200089 1 
0 0.200106 1 
0 0.200122 1 
0 0.200155 1 
0 0.200177 1 
0 0.200247 1 
0 0.20026 1 
0 0.200346 1 
0 0.200367 1 
0 0.200368 1 
0 0.200422 1 
0 0.200434 1 
0 0.200487 1 
0 0.200489 1 
0 0.20055 1 
0 0.200674 1 
0 0.200743 1 
0 0.200773 1 
0 0.200876 1 
0 0.200974 1 
0 0.201003 1 
0 0.20102 1 
0 0.201065 1 
0 0.20107 1 
0 0.201159 1 
0 0.201164 1 
0 0.201176 1 
0 0.201195 1 
0 0.201243 1 
0 0.201247 1 
0 0.201269 1 
0 0.201338 1 
0 0.201349 1 
0 0.201379 1 
0 0.201402 1 
0 0.201461 1 
0 0.201476 1 
0 0.201605 1 
0 0.20163 1 
0 0.201645 1 
0 0.201652 1 
0 0.201688 1 
0 0.201763 1 
0 0.201832 1 
0 0.201865 1 
0 0.201916 1 
0 0.202087 1 
0 0.202129 1 
0 0.202142 1 
0 0.202312 1 
0 0.202415 1 
0 0.202445 1 
0 0.202657 1 
0 0.202797 1 
0 0.203125 1 
0 0.203442 1 
0 0.203481 1 
0 0.203538 1 
0 0.203617 1 
0 0.203816 1 
0 0.203918 1 
0 0.20398 1 
0 0.204034 1 
0 0.204402 1 
0 0.205362 1 
0 0.205859 1 
0 inf 1 
0 0.075642 2 
0 0.0790289 2 
0 0.0791182 2 
0 0.0799474 2 
0 0.0803571 2 
0 0.0803613 2 
0 0.080551 2 
0 0.0808259 2 
0 0.0808501 2 
0 0.0810129 2 
0 0.0810463 2 
0 0.0810737 2 
0 0.0811386 2 
0 0.0812433 2 
0 0.0815049 2 
0 0.0816019 2 
0 0.0817531 2 
0 0.081783 2 
0 0.0818318 2 
0 0.0820731 2 
0 0.0820907 2 
0 0.0821176 2 
0 0.0821224 2 
0 0.0821715 2 
0 0.0823568 2 
0 0.0823774 2 
0 0.0823908 2 
0 0.0825408 2 
0 0.0826818 2 
0 0.0827225 2 
0 0.0828439 2 
0 0.0828755 2 
0 0.0828956 2 
0 0.082997 2 
0 0.0830417 2 
0 0.0830639 2 
0 0.0830719 2 
0 0.0830778 2 
0 0.0830935 2 
0 0.0832827 2 
0 0.0833703 2 
0 0.0834304 2 
0 0.0834528 2 
0 0.0834553 2 
0 0.0835639 2 
0 0.0835751 2 
0 0.08361 2 
0 0.0836224 2 
0 0.0836437 2 
0 0.0836456 2 
0 0.0836495 2 
0 0.0837084 2 
0 0.0837209 2 
0 0.0837213 2 
0 0.0837658 2 
0 0.0839144 2 
0 0.0839418 2 
0 0.0840196 2 
0 0.084061 2 
0 0.0841413 2 
0 0.0841507 2 
0 0.0842157 2 
0 0.0842628 2 
0 0.0842868 2 
0 0.0843451 2 
0 0.0843721 2 
0 0.0843762 2 
0 0.0843902 2 
0 0.0844837 2 
0 0.0845024 2 
0 0.0845144 2 
0 0.0847008 2 
0 0.0847009 2 
0 0.0847835 2 
0 0.0848443 2 
0 0.0848475 2 
0 0.0849683 2 
0 0.0850022 2 
0 0.0850379 2 
0 0.0850932 2 
0 0.0851635 2 
0 0.0851976 2 
0 0.0852426 2 
0 0.0853298 2 
0 0.0853719 2 
0 0.085383 2 
0 0.0854164 2 
0 0.0854923 2 
0 0.0855442 2 
0 0.0855887 2 
0 0.0856055 2 
0 0.0856717 2 
0 0.0856903 2 
0 0.0858091 2 
0 0.0858148 2 
0 0.0858634 2 
0 0.0858891 2 
0 0.0859106 2 
0 0.0859569 2 
0 0.0859617 2 
0 0.0859909 2 
0 0.0861195 2 
0 0.0861421 2 
0 0.0861492 2 
0 0.0862086 2 
0 0.0862296 2 
0 0.086298 2 
0 0.086357 2 
0 0.0865562 2 
0 0.0867889 2 
0 0.0868378 2 
0 0.0868586 2 
0 0.0872885 2 
0 0.087578 2 
0 0.0876715 2 
0 0.0880883 2 
0 0.0880928 2 
0 0.0881268 2 
0 0.0881485 2 
0 0.0882656 2 
0 0.0883582 2 
0 0.0885642 2 
0 0.0885735 2 
0 0.0887613 2 
0 0.0889053 2 
0 0.0889343 2 
0 0.0902864 2 
0 inf 2 
0 0.03225 3 
0 0.0339971 3 
0 0.0342313 3 
0 0.0349062 3 
0 0.03501 3 
0 0.0350753 3 
0 0.0352303 3 
0 0.0353443 3 
0 0.0354078 3 
0 0.0354199 3 
0 0.0354464 3 
0 0.0355962 3 
0 0.0356186 3 
0 0.0356716 3 
0 0.035957 3 
0 0.036046 3 
0 0.0360582 3 
0 0.0360618 3 
0 0.0360635 3 
0 0.0362144 3 
0 0.0363707 3 
0 0.036494 3 
0 0.0365188 3 
0 0.0365453 3 
0 0.0365563 3 
0 0.0366981 3 
0 0.0367008 3 
0 0.0367512 3 
0 0.0367715 3 
0 0.036777 3 
0 0.0367879 3 
0 0.0368393 3 
0 0.0368647 3 
0 0.0368726 3 
0 0.0368996 3 
0 0.036977 3 
0 0.036977 3 
0 0.0369989 3 
0 0.0370062 3 
0 0.0370176 3 
0 0.0370302 3 
0 0.0370409 3 
0 0.0370531 3 
0 0.0370614 3 
0 0.037079 3 
0 0.0370793 3 
0 0.0370956 3 
0 0.0371447 3 
0 0.0371501 3 
0 0.0372147 3 
0 0.0372566 3 
0 0.0372828 3 
0 0.0372868 3 
0 0.0372914 3 
0 0.03731 3 
0 0.0373221 3 
0 0.0373414 3 
0 0.0374511 3 
0 0.0374661 3 
0 0.0374784 3 
0 0.0374957 3 
0 0.0375876 3 
0 0.0377043 3 
0 0.0377935 3 
0 0.0378072 3 
0 0.0378292 3 
0 0.037841 3 
0 0.0378416 3 
0 0.0378912 3 
0 0.0379148 3 
0 0.0379782 3 
0 0.0380733 3 
0 0.0380754 3 
0 0.0380868 3 
0 0.0382249 3 
0 0.0382344 3 
0 0.0382441 3 
0 0.0382819 3 
0 0.0383605 3 
0 0.0384091 3 
0 0.0384895 3 
0 0.0385533 3 
0 0.0385562 3 
0 0.0385571 3 
0 0.0386177 3 
0 0.0386258 3 
0 0.0386932 3 
0 0.0386956 3 
0 0.0386988 3 
0 0.0387495 3 
0 0.0387643 3 
0 0.0388081 3 
0 0.0388361 3 
0 0.0388452 3 
0 0.0388678 3 
0 0.03892 3 
0 0.0389257 3 
0 0.0389293 3 
0 0.0389389 3 
0 0.0390946 3 
0 0.0391147 3 
0 0.039216 3 
0 0.0392351 3 
0 0.0393195 3 
0 0.0393293 3 
0 0.0394546 3 
0 0.0395532 3 
0 0.0395544 3 
0 0.0396014 3 
0 0.0397198 3 
0 0.0397495 3 
0 0.0399327 3 
0 0.0400623 3 
0 0.0401733 3 
0 0.040206 3 
0 0.0402385 3 
0 0.0403175 3 
0 0.0407192 3 
0 0.040765 3 
0 0.0408467 3 
0 0.0408521 3 
0 0.0409224 3 
0 0.0409557 3 
0 0.0412084 3 
0 0.0412463 3 
0 0.0416507 3 
0 0.0424406 3 
0 inf 3 
0 0.0145539 4 
0 0.0154224 4 
0 0.0156644 4 
0 0.0158078 4 
0 0.0158244 4 
0 0.0160347 4 
0 0.0160471 4 
0 0.016092 4 
0 0.0161917 4 
0 0.0161938 4 
0 0.0162944 4 
0 0.0164578 4 
0 0.016467 4 
0 0.0164782 4 
0 0.0165221 4 
0 0.0165603 4 
0 0.0167133 4 
0 0.0168221 4 
0 0.0168412 4 
0 0.0168631 4 
0 0.0168933 4 
0 0.0169034 4 
0 0.0169086 4 
0 0.0169458 4 
0 0.0169836 4 
0 0.0169906 4 
0 0.0169911 4 
0 0.0170409 4 
0 0.0170722 4 
0 0.0171024 4 
0 0.0171347 4 
0 0.0171441 4 
0 0.0171563 4 
0 0.0171586 4 
0 0.0171758 4 
0 0.0171777 4 
0 0.0171928 4 
0 0.017208 4 
0 0.0172145 4 
0 0.017252 4 
0 0.0172522 4 
0 0.0172743 4 
0 0.0173263 4 
0 0.0173601 4 
0 0.0173929 4 
0 0.0174257 4 
0 0.0174636 4 
0 0.0174824 4 
0 0.0175102 4 
0 0.0175109 4 
0 0.0175307 4 
0 0.0175384 4 
0 0.0175408 4 
0 0.0175434 4 
0 0.0175539 4 
0 0.0175546 4 
0 0.0175934 4 
0 0.0176057 4 
0 0.0176962 4 
0 0.0177607 4 
0 0.0177826 4 
0 0.0177919 4 
0 0.0178152 4 
0 0.0178171 4 
0 0.0178314 4 
0 0.0178567 4 
0 0.017871 4 
0 0.0179175 4 
0 0.0179194 4 
0 0.0179455 4 
0 0.0179671 4 
0 0.0179945 4 
0 0.0180309 4 
0 0.0180483 4 
0 0.0180687 4 
0 0.0180886 4 
0 0.0180935 4 
0 0.0181097 4 
0 0.0181537 4 
0 0.018161 4 
0 0.0182159 4 
0 0.0182241 4 
0 0.0182249 4 
0 0.0183062 4 
0 0.0183152 4 
0 0.0183387 4 
0 0.018375 4 
0 0.0183855 4 
0 0.0184924 4 
0 0.0185032 4 
0 0.0185064 4 
0 0.0185099 4 
0 0.0185101 4 
0 0.0185188 4 
0 0.0185694 4 
0 0.0186048 4 
0 0.0186114 4 
0 0.0186524 4 
0 0.0186727 4 
0 0.0186775 4 
0 0.01871 4 
0 0.0187309 4 
0 0.0187903 4 
0 0.0188793 4 
0 0.0188852 4 
0 0.0189079 4 
0 0.0189453 4 
0 0.0189458 4 
0 0.0190171 4 
0 0.0190623 4 
0 0.019164 4 
0 0.019178 4 
0 0.0192362 4 
0 0.0192726 4 
0 0.0193136 4 
0 0.019399 4 
0 0.0196134 4 
0 0.0196667 4 
0 0.019674 4 
0 0.0197918 4 
0 0.0198984 4 
0 0.0200302 4 
0 0.0201159 4 
0 0.0201196 4 
0 0.0203164 4 
0 0.0203983 4 
0 0.0205683 4 
0 inf 4 
0 0.00690654 5 
0 0.00737201 5 
0 0.00743177 5 
0 0.00743495 5 
0 0.00751219 5 
0 0.00754065 5 
0 0.00757982 5 
0 0.00769331 5 
0 0.00769366 5 
0 0.00773657 5 
0 0.00776352 5 
0 0.00776619 5 
0 0.00779479 5 
0 0.00785634 5 
0 0.00794644 5 
0 0.00795156 5 
0 0.00795647 5 
0 0.00797591 5 
0 0.00802563 5 
0 0.00807649 5 
0 0.00808195 5 
0 0.00809425 5 
0 0.00809524 5 
0 0.00810686 5 
0 0.00815294 5 
0 0.00816989 5 
0 0.00818121 5 
0 0.00818269 5 
0 0.00819102 5 
0 0.00823319 5 
0 0.00825785 5 
0 0.00827034 5 
0 0.00827297 5 
0 0.00830846 5 
0 0.00834035 5 
0 0.00835744 5 
0 0.00838291 5 
0 0.00838954 5 
0 0.00841402 5 
0 0.00842492 5 
0 0.0084494 5 
0 0.00844975 5 
0 0.00845668 5 
0 0.00846232 5 
0 0.00847335 5 
0 0.00848075 5 
0 0.00849445 5 
0 0.00849745 5 
0 0.00850209 5 
0 0.00851749 5 
0 0.0085223 5 
0 0.00860322 5 
0 0.00860369 5 
0 0.0086063 5 
0 0.00862589 5 
0 0.00862653 5 
0 0.0086731 5 
0 0.00869885 5 
0 0.00872531 5 
0 0.00873646 5 
0 0.00876651 5 
0 0.00877981 5 
0 0.00878045 5 
0 0.00878807 5 
0 0.00881805 5 
0 0.00882195 5 
0 0.00883118 5 
0 0.00884123 5 
0 0.00885332 5 
0 0.00887097 5 
0 0.00889499 5 
0 0.0089073 5 
0 0.00892195 5 
0 0.00892679 5 
0 0.0089405 5 
0 0.0089676 5 
0 0.00897723 5 
0 0.00897927 5 
0 0.00898662 5 
0 0.00899023 5 
0 0.00899683 5 
0 0.00900311 5 
0 0.00902971 5 
0 0.00903005 5 
0 0.00906384 5 
0 0.00912608 5 
0 0.00912916 5 
0 0.00913006 5 
0 0.00916159 5 
0 0.00918203 5 
0 0.00919602 5 
0 0.00920628 5 
0 0.00921029 5 
0 0.00922208 5 
0 0.00922672 5 
0 0.00925732 5 
0 0.0092796 5 
0 0.00929414 5 
0 0.00930427 5 
0 0.00930431 5 
0 0.00931517 5 
0 0.00931712 5 
0 0.00933416 5 
0 0.00933695 5 
0 0.00937087 5 
0 0.00938463 5 
0 0.00939702 5 
0 0.009429 5 
0 0.0094916 5 
0 0.00950705 5 
0 0.00951545 5 
0 0.00951885 5 
0 0.00954051 5 
0 0.00958538 5 
0 0.00959132 5 
0 0.00959267 5 
0 0.00970561 5 
0 0.00978693 5 
0 0.00983069 5 
0 0.0100021 5 
0 0.0100092 5 
0 0.010081 5 
0 0.0101721 5 
0 0.0101966 5 
0 0.0102571 5 
0 0.0103048 5 
0 0.0104421 5 
0 inf 5 
0 0.00342245 6 
0 0.0036086 6 
0 0.00362134 6 
0 0.00362379 6 
0 0.00369456 6 
0 0.00369686 6 
0 0.00370336 6 
0 0.00375572 6 
0 0.00379433 6 
0 0.00380052 6 
0 0.00382326 6 
0 0.00382663 6 
0 0.00383586 6 
0 0.00387089 6 
0 0.00387872 6 
0 0.00389978 6 
0 0.00391625 6 
0 0.00393606 6 
0 0.0039448 6 
0 0.00395431 6 
0 0.00397407 6 
0 0.00399122 6 
0 0.003992 6 
0 0.00399603 6 
0 0.00400504 6 
0 0.00402181 6 
0 0.0040227 6 
0 0.00402621 6 
0 0.0040551 6 
0 0.00407152 6 
0 0.00408089 6 
0 0.00409621 6 
0 0.00411303 6 
0 0.00412923 6 
0 0.0041558 6 
0 0.00418485 6 
0 0.00419706 6 
0 0.00420218 6 
0 0.00421932 6 
0 0.00422955 6 
0 0.00423133 6 
0 0.00425339 6 
0 0.00425712 6 
0 0.00426836 6 
0 0.00427519 6 
0 0.00427709 6 
0 0.00432073 6 
0 0.00432745 6 
0 0.00433927 6 
0 0.00436426 6 
0 0.00438659 6 
0 0.0043943 6 
0 0.00439553 6 
0 0.00440728 6 
0 0.00440745 6 
0 0.00441109 6 
0 0.00441492 6 
0 0.00442685 6 
0 0.00443935 6 
0 0.00443998 6 
0 0.00445055 6 
0 0.0044654 6 
0 0.00446993 6 
0 0.00447625 6 
0 0.0044766 6 
0 0.00448779 6 
0 0.00449663 6 
0 0.00450075 6 
0 0.00452752 6 
0 0.00453202 6 
0 0.00453228 6 
0 0.00453727 6 
0 0.00454085 6 
0 0.00454844 6 
0 0.0045503 6 
0 0.00457362 6 
0 0.00457787 6 
0 0.0045788 6 
0 0.00459634 6 
0 0.00459662 6 
0 0.00460675 6 
0 0.00460802 6 
0 0.00463036 6 
0 0.00464339 6 
0 0.00464852 6 
0 0.00465539 6 
0 0.00467089 6 
0 0.00467135 6 
0 0.00467267 6 
0 0.00467646 6 
0 0.00468003 6 
0 0.00469019 6 
0 0.00469645 6 
0 0.00470034 6 
0 0.00470235 6 
0 0.00473976 6 
0 0.0047401 6 
0 0.00474402 6 
0 0.00474773 6 
0 0.00475247 6 
0 0.00476299 6 
0 0.0047718 6 
0 0.00478549 6 
0 0.00478845 6 
0 0.00480514 6 
0 0.00480652 6 
0 0.00481926 6 
0 0.00482 6 
0 0.00482545 6 
0 0.00482898 6 
0 0.00483483 6 
0 0.00488981 6 
0 0.00492454 6 
0 0.0049602 6 
0 0.00496104 6 
0 0.0049724 6 
0 0.00498448 6 
0 0.00499794 6 
0 0.00501542 6 
0 0.00509266 6 
0 0.00512799 6 
0 0.00519089 6 
0 0.00522319 6 
0 0.00525373 6 
0 0.00529765 6 
0 0.00533044 6 
0 0.00536655 6 
0 inf 6 
0 0.00175983 7 
0 0.00178867 7 
0 0.00180887 7 
0 0.00182578 7 
0 0.00182683 7 
0 0.0018528 7 
0 0.00187105 7 
0 0.00187711 7 
0 0.00189237 7 
0 0.00190728 7 
0 0.00193776 7 
0 0.00194042 7 
0 0.00194343 7 
0 0.00194602 7 
0 0.00196043 7 
0 0.00198705 7 
0 0.00198988 7 
0 0.00199336 7 
0 0.00199878 7 
0 0.00200271 7 
0 0.00200567 7 
0 0.00201825 7 
0 0.00201964 7 
0 0.00202044 7 
0 0.00202373 7 
0 0.0020302 7 
0 0.0020339 7 
0 0.00203967 7 
0 0.00204354 7 
0 0.00204973 7 
0 0.00207381 7 
0 0.00209401 7 
0 0.00209499 7 
0 0.00212744 7 
0 0.00214273 7 
0 0.00215159 7 
0 0.00215252 7 
0 0.00215587 7 
0 0.00216859 7 
0 0.00219177 7 
0 0.00219837 7 
0 0.00221522 7 
0 0.00221815 7 
0 0.00223238 7 
0 0.00223836 7 
0 0.00223883 7 
0 0.0022433 7 
0 0.00225265 7 
0 0.00225749 7 
0 0.00226056 7 
0 0.00226353 7 
0 0.00226397 7 
0 0.00226714 7 
0 0.0022679 7 
0 0.00227397 7 
0 0.00228265 7 
0 0.00228559 7 
0 0.00229162 7 
0 0.00229518 7 
0 0.00230164 7 
0 0.00230729 7 
0 0.00231222 7 
0 0.0023182 7 
0 0.00233009 7 
0 0.00234053 7 
0 0.0023409 7 
0 0.00234793 7 
0 0.00234903 7 
0 0.00235222 7 
0 0.00235393 7 
0 0.00235532 7 
0 0.00236407 7 
0 0.00236737 7 
0 0.00237002 7 
0 0.00237974 7 
0 0.00238877 7 
0 0.00239322 7 
0 0.00239497 7 
0 0.00239805 7 
0 0.00240222 7 
0 0.00240382 7 
0 0.00240922 7 
0 0.00240946 7 
0 0.00241984 7 
0 0.00242024 7 
0 0.0024231 7 
0 0.00242516 7 
0 0.00243063 7 
0 0.00243088 7 
0 0.00243133 7 
0 0.00243367 7 
0 0.00243438 7 
0 0.00245964 7 
0 0.00246163 7 
0 0.00247352 7 
0 0.00248063 7 
0 0.00248148 7 
0 0.00248258 7 
0 0.0024838 7 
0 0.00248404 7 
0 0.00250225 7 
0 0.00250857 7 
0 0.00251053 7 
0 0.00251243 7 
0 0.00252243 7 
0 0.00252505 7 
0 0.00253194 7 
0 0.00253751 7 
0 0.00254468 7 
0 0.002548 7 
0 0.0025563 7 
0 0.00256119 7 
0 0.00257583 7 
0 0.00257665 7 
0 0.00258353 7 
0 0.0026183 7 
0 0.00264118 7 
0 0.00271586 7 
0 0.00271772 7 
0 0.00271793 7 
0 0.00272639 7 
0 0.00277549 7 
0 0.00278041 7 
0 0.00278327 7 
0 0.00278484 7 
0 0.00279117 7 
0 0.00286009 7 
0 inf 7 
0 0.000903212 8 
0 0.000928126 8 
0 0.000933883 8 
0 0.000937968 8 
0 0.000939628 8 
0 0.000946442 8 
0 0.000949446 8 
0 0.000954307 8 
0 0.000964071 8 
0 0.000964074 8 
0 0.000971011 8 
0 0.000975104 8 
0 0.000998039 8 
0 0.00100797 8 
0 0.00102324 8 
0 0.00102956 8 
0 0.00103364 8 
0 0.00103421 8 
0 0.00103455 8 
0 0.00103506 8 
0 0.00103672 8 
0 0.00103817 8 
0 0.00104333 8 
0 0.00105178 8 
0 0.00106198 8 
0 0.00106228 8 
0 0.00106887 8 
0 0.00107504 8 
0 0.0010803 8 
0 0.00108471 8 
0 0.0010933 8 
0 0.00110599 8 
0 0.00111034 8 
0 0.0011121 8 
0 0.00111783 8 
0 0.00112119 8 
0 0.00112413 8 
0 0.00113136 8 
0 0.00114669 8 
0 0.00115374 8 
0 0.00115841 8 
0 0.00116298 8 
0 0.00116556 8 
0 0.00117226 8 
0 0.00117923 8 
0 0.00117997 8 
0 0.00118189 8 
0 0.00118795 8 
0 0.0011887 8 
0 0.00119291 8 
0 0.00119467 8 
0 0.00119549 8 
0 0.00119555 8 
0 0.00120669 8 
0 0.00121022 8 
0 0.00121028 8 
0 0.00121252 8 
0 0.00121519 8 
0 0.00121565 8 
0 0.00121965 8 
0 0.00122096 8 
0 0.00122165 8 
0 0.00122236 8 
0 0.00122239 8 
0 0.00122298 8 
0 0.00122441 8 
0 0.00122489 8 
0 0.00123336 8 
0 0.00123516 8 
0 0.00123682 8 
0 0.00123767 8 
0 0.00123967 8 
0 0.00124057 8 
0 0.00124445 8 
0 0.00124662 8 
0 0.00125016 8 
0 0.00125124 8 
0 0.00125232 8 
0 0.00126214 8 
0 0.00126537 8 
0 0.00127062 8 
0 0.00127529 8 
0 0.00127743 8 
0 0.00128474 8 
0 0.00128975 8 
0 0.00129457 8 
0 0.00129649 8 
0 0.00130012 8 
0 0.00130333 8 
0 0.00131037 8 
0 0.00131049 8 
0 0.00131381 8 
0 0.00131406 8 
0 0.00131518 8 
0 0.00132061 8 
0 0.00132338 8 
0 0.0013263 8 
0 0.00133633 8 
0 0.00133692 8 
0 0.0013396 8 
0 0.00134148 8 
0 0.00135644 8 
0 0.00135657 8 
0 0.00135819 8 
0 0.00135842 8 
0 0.00135963 8 
0 0.00136039 8 
0 0.0013695 8 
0 0.00137141 8 
0 0.00137442 8 
0 0.00137457 8 
0 0.00137892 8 
0 0.0013905 8 
0 0.00139493 8 
0 0.00139585 8 
0 0.0013969 8 
0 0.00140199 8 
0 0.00144232 8 
0 0.00144885 8 
0 0.00147005 8 
0 0.00147764 8 
0 0.00148435 8 
0 0.00149511 8 
0 0.00150911 8 
0 0.00152463 8 
0 0.00153193 8 
0 0.00156336 8 
0 inf 8 
0 0.000465976 9 
0 0.000479869 9 
0 0.000484105 9 
0 0.000484343 9 
0 0.000486812 9 
0 0.000497737 9 
0 0.000500784 9 
0 0.000504007 9 
0 0.000504166 9 
0 0.000504455 9 
0 0.000507385 9 
0 0.000509001 9 
0 0.000509289 9 
0 0.000530992 9 
0 0.000534349 9 
0 0.000537162 9 
0 0.000538928 9 
0 0.000540889 9 
0 0.000542602 9 
0 0.000546771 9 
0 0.000548908 9 
0 0.000556593 9 
0 0.000559481 9 
0 0.000560816 9 
0 0.000564033 9 
0 0.000567565 9 
0 0.000574387 9 
0 0.000587934 9 
0 0.000589981 9 
0 0.000592315 9 
0 0.000594626 9 
0 0.000595374 9 
0 0.000596867 9 
0 0.000598163 9 
0 0.000599202 9 
0 0.000599818 9 
0 0.000600571 9 
0 0.000600572 9 
0 0.000601874 9 
0 0.000607921 9 
0 0.000609061 9 
0 0.000609253 9 
0 0.000610108 9 
0 0.000613471 9 
0 0.000620328 9 
0 0.000626875 9 
0 0.000627089 9 
0 0.000628288 9 
0 0.000629256 9 
0 0.000632632 9 
0 0.000634363 9 
0 0.000636305 9 
0 0.000638534 9 
0 0.000639499 9 
0 0.000640324 9 
0 0.0006414 9 
0 0.000643844 9 
0 0.000645789 9 
0 0.000645941 9 
0 0.000647115 9 
0 0.000649359 9 
0 0.000650523 9 
0 0.000651127 9 
0 0.000651363 9 
0 0.000652849 9 
0 0.000657039 9 
0 0.000657749 9 
0 0.0006611 9 
0 0.000661904 9 
0 0.00066248 9 
0 0.000665905 9 
0 0.000666396 9 
0 0.000669342 9 
0 0.000673846 9 
0 0.000676089 9 
0 0.000676129 9 
0 0.000679494 9 
0 0.000679666 9 
0 0.000681591 9 
0 0.000682094 9 
0 0.000683565 9 
0 0.00068383 9 
0 0.000685377 9 
0 0.000687269 9 
0 0.000687842 9 
0 0.000690765 9 
0 0.000696795 9 
0 0.00069775 9 
0 0.000698358 9 
0 0.000698981 9 
0 0.000702534 9 
0 0.000706636 9 
0 0.000712525 9 
0 0.00071389 9 
0 0.000714952 9 
0 0.000726145 9 
0 0.000727202 9 
0 0.000727788 9 
0 0.000727949 9 
0 0.000729518 9 
0 0.000730386 9 
0 0.000731713 9 
0 0.000732512 9 
0 0.000735483 9 
0 0.000737128 9 
0 0.000738694 9 
0 0.000741108 9 
0 0.00074931 9 
0 0.00074957 9 
0 0.000749626 9 
0 0.000754104 9 
0 0.000759763 9 
0 0.000761439 9 
0 0.000767979 9 
0 0.000770474 9 
0 0.00077547 9 
0 0.000779677 9 
0 0.000786335 9 
0 0.000793294 9 
0 0.000795178 9 
0 0.000801886 9 
0 0.000803921 9 
0 0.000808919 9 
0 0.000838207 9 
0 0.00083971 9 
0 0.000846661 9 
0 0.000886606 9 
0 inf 9 
