0 0.506642 0 
0 0.506711 0 
0 0.506782 0 
0 0.506849 0 
0 0.506867 0 
0 0.506892 0 
0 0.506933 0 
0 0.507082 0 
0 0.507109 0 
0 0.507135 0 
0 0.507229 0 
0 0.507314 0 
0 0.507328 0 
0 0.507352 0 
0 0.507435 0 
0 0.507439 0 
0 0.507528 0 
0 0.507612 0 
0 0.507726 0 
0 0.507772 0 
0 0.507865 0 
0 0.508196 0 
0 0.508218 0 
0 0.508334 0 
0 0.508386 0 
0 0.508656 0 
0 0.508843 0 
0 0.508848 0 
0 0.508907 0 
0 0.50892 0 
0 0.508968 0 
0 0.508972 0 
0 0.509043 0 
0 0.50906 0 
0 0.50911 0 
0 0.509217 0 
0 0.509356 0 
0 0.509487 0 
0 0.509632 0 
0 0.509642 0 
0 0.509693 0 
0 0.509733 0 
0 0.509738 0 
0 0.509773 0 
0 0.509816 0 
0 0.509821 0 
0 0.509846 0 
0 0.509883 0 
0 0.509905 0 
0 0.509906 0 
0 0.509942 0 
0 0.509943 0 
0 0.509968 0 
0 0.510027 0 
0 0.510046 0 
0 0.510052 0 
0 0.510082 0 
0 0.510193 0 
0 0.51021 0 
0 0.510217 0 
0 0.510229 0 
0 0.510322 0 
0 0.510333 0 
0 0.51034 0 
0 0.510353 0 
0 0.510402 0 
0 0.510407 0 
0 0.510467 0 
0 0.510473 0 
0 0.510493 0 
0 0.510666 0 
0 0.510676 0 
0 0.510692 0 
0 0.510695 0 
0 0.510787 0 
0 0.510793 0 
0 0.510812 0 
0 0.510817 0 
0 0.510857 0 
0 0.510879 0 
0 0.510885 0 
0 0.510948 0 
0 0.510976 0 
0 0.510984 0 
0 0.511044 0 
0 0.511104 0 
0 0.511188 0 
0 0.511206 0 
0 0.51121 0 
0 0.511213 0 
0 0.511328 0 
0 0.51138 0 
0 0.511385 0 
0 0.51142 0 
0 0.511426 0 
0 0.511443 0 
0 0.511543 0 
0 0.511656 0 
0 0.511689 0 
0 0.511692 0 
0 0.511699 0 
0 0.511725 0 
0 0.511752 0 
0 0.51176 0 
0 0.511783 0 
0 0.51183 0 
0 0.511882 0 
0 0.511886 0 
0 0.511985 0 
0 0.512159 0 
0 0.512174 0 
0 0.512177 0 
0 0.51227 0 
0 0.51235 0 
0 0.512432 0 
0 0.512609 0 
0 0.512767 0 
0 0.512877 0 
0 0.512911 0 
0 0.512917 0 
0 0.513026 0 
0 0.513062 0 
0 0.513162 0 
0 0.513221 0 
0 0.513493 0 
0 0.513783 0 
0 0.513797 0 
0 inf 0 
0 0.195268 1 
0 0.195858 1 
0 0.196919 1 
0 0.197055 1 
0 0.197402 1 
0 0.19752 1 
0 0.197533 1 
0 0.197702 1 
0 0.197858 1 
0 0.1979 1 
0 0.198072 1 
0 0.198416 1 
0 0.198436 1 
0 0.198511 1 
0 0.19883 1 
0 0.198892 1 
0 0.198972 1 
0 0.199045 1 
0 0.199075 1 
0 0.199087 1 
0 0.19928 1 
0 0.199383 1 
0 0.19957 1 
0 0.199746 1 
0 0.199789 1 
0 0.19984 1 
0 0.199915 1 
0 0.199934 1 
0 0.199935 1 
0 0.199968 1 
0 0.199999 1 
0 0.200009 1 
0 0.200031 1 
0 0.200048 1 
0 0.200122 1 
0 0.200247 1 
0 0.200265 1 
0 0.200314 1 
0 0.200315 1 
0 0.200347 1 
0 0.200348 1 
0 0.200377 1 
0 0.200392 1 
0 0.200506 1 
0 0.200535 1 
0 0.200583 1 
0 0.200611 1 
0 0.20068 1 
0 0.200712 1 
0 0.200776 1 
0 0.200815 1 
0 0.20086 1 
0 0.200878 1 
0 0.200894 1 
0 0.200914 1 
0 0.200918 1 
0 0.200945 1 
0 0.200946 1 
0 0.200959 1 
0 0.200965 1 
0 0.200982 1 
0 0.200985 1 
0 0.201001 1 
0 0.201053 1 
0 0.201193 1 
0 0.201207 1 
0 0.201226 1 
0 0.201239 1 
0 0.201243 1 
0 0.201303 1 
0 0.201338 1 
0 0.201485 1 
0 0.201514 1 
0 0.201577 1 
0 0.201618 1 
0 0.201639 1 
0 0.201682 1 
0 0.201716 1 
0 0.201759 1 
0 0.201777 1 
0 0.201787 1 
0 0.201789 1 
0 0.201807 1 
0 0.201808 1 
0 0.201852 1 
0 0.201859 1 
0 0.201878 1 
0 0.201904 1 
0 0.201921 1 
0 0.201931 1 
0 0.201939 1 
0 0.201945 1 
0 0.202011 1 
0 0.202059 1 
0 0.202059 1 
0 0.202078 1 
0 0.202139 1 
0 0.202152 1 
0 0.20216 1 
0 0.202182 1 
0 0.202282 1 
0 0.202305 1 
0 0.202384 1 
0 0.202424 1 
0 0.202492 1 
0 0.202507 1 
0 0.202527 1 
0 0.202598 1 
0 0.202791 1 
0 0.202801 1 
0 0.202806 1 
0 0.202812 1 
0 0.202844 1 
0 0.202896 1 
0 0.203066 1 
0 0.203194 1 
0 0.203265 1 
0 0.203435 1 
0 0.203564 1 
0 0.203942 1 
0 0.204008 1 
0 0.204058 1 
0 0.204148 1 
0 0.204272 1 
0 0.204408 1 
0 0.204496 1 
0 0.205457 1 
0 inf 1 
0 0.0804101 2 
0 0.0810875 2 
0 0.0811032 2 
0 0.081655 2 
0 0.0819983 2 
0 0.0822073 2 
0 0.0822522 2 
0 0.0822766 2 
0 0.0825458 2 
0 0.0825948 2 
0 0.082614 2 
0 0.0826839 2 
0 0.0827032 2 
0 0.082838 2 
0 0.0829204 2 
0 0.0829554 2 
0 0.082972 2 
0 0.0830014 2 
0 0.0830769 2 
0 0.0830984 2 
0 0.083113 2 
0 0.0833256 2 
0 0.0833527 2 
0 0.0834258 2 
0 0.0834354 2 
0 0.0835423 2 
0 0.0835683 2 
0 0.0835703 2 
0 0.0836638 2 
0 0.0836639 2 
0 0.0837087 2 
0 0.0837353 2 
0 0.0837397 2 
0 0.083906 2 
0 0.083946 2 
0 0.0839637 2 
0 0.0840424 2 
0 0.0840509 2 
0 0.0840947 2 
0 0.084107 2 
0 0.084158 2 
0 0.0841862 2 
0 0.0842475 2 
0 0.0842565 2 
0 0.0843073 2 
0 0.0843596 2 
0 0.0844281 2 
0 0.0844613 2 
0 0.0844763 2 
0 0.0844773 2 
0 0.0845414 2 
0 0.0845817 2 
0 0.0845966 2 
0 0.0847181 2 
0 0.0847251 2 
0 0.0847357 2 
0 0.0847364 2 
0 0.0847376 2 
0 0.0847518 2 
0 0.0847651 2 
0 0.0848004 2 
0 0.0848083 2 
0 0.0848413 2 
0 0.0848908 2 
0 0.0848914 2 
0 0.0848943 2 
0 0.0849113 2 
0 0.0849358 2 
0 0.0849414 2 
0 0.0849472 2 
0 0.084962 2 
0 0.0850003 2 
0 0.0850525 2 
0 0.0850647 2 
0 0.0850804 2 
0 0.0850904 2 
0 0.0851088 2 
0 0.085128 2 
0 0.0851511 2 
0 0.0851747 2 
0 0.0851874 2 
0 0.0851881 2 
0 0.0851964 2 
0 0.0853297 2 
0 0.0853876 2 
0 0.0854033 2 
0 0.0854303 2 
0 0.0854449 2 
0 0.0854508 2 
0 0.0855629 2 
0 0.0856749 2 
0 0.0857253 2 
0 0.0857411 2 
0 0.0857459 2 
0 0.085758 2 
0 0.0857923 2 
0 0.0858208 2 
0 0.0860103 2 
0 0.0860163 2 
0 0.0860192 2 
0 0.086021 2 
0 0.0860404 2 
0 0.0860511 2 
0 0.0861825 2 
0 0.0862137 2 
0 0.0862193 2 
0 0.0862447 2 
0 0.0862479 2 
0 0.086274 2 
0 0.0863305 2 
0 0.0863628 2 
0 0.0864337 2 
0 0.0864346 2 
0 0.0867304 2 
0 0.0867963 2 
0 0.0868077 2 
0 0.0868331 2 
0 0.0868508 2 
0 0.0869873 2 
0 0.0872747 2 
0 0.0873338 2 
0 0.0878659 2 
0 0.0879079 2 
0 0.088681 2 
0 0.0887098 2 
0 0.0889845 2 
0 0.0892059 2 
0 inf 2 
0 0.0350821 3 
0 0.0351428 3 
0 0.0356064 3 
0 0.0356139 3 
0 0.0357634 3 
0 0.035898 3 
0 0.0359308 3 
0 0.0359597 3 
0 0.0360201 3 
0 0.036116 3 
0 0.0361784 3 
0 0.0361879 3 
0 0.0362612 3 
0 0.0363026 3 
0 0.0364009 3 
0 0.0364092 3 
0 0.03644 3 
0 0.0365157 3 
0 0.0365284 3 
0 0.0365637 3 
0 0.0365768 3 
0 0.0365985 3 
0 0.0366719 3 
0 0.0367233 3 
0 0.0367271 3 
0 0.0367497 3 
0 0.0367823 3 
0 0.036834 3 
0 0.0368835 3 
0 0.0368876 3 
0 0.0368937 3 
0 0.0370276 3 
0 0.0370543 3 
0 0.0370841 3 
0 0.0371408 3 
0 0.037185 3 
0 0.037229 3 
0 0.0372612 3 
0 0.0372662 3 
0 0.0373107 3 
0 0.037312 3 
0 0.0373193 3 
0 0.0373284 3 
0 0.0373488 3 
0 0.0373555 3 
0 0.0373921 3 
0 0.0373968 3 
0 0.0374539 3 
0 0.0374643 3 
0 0.0374859 3 
0 0.0374969 3 
0 0.0375328 3 
0 0.0375414 3 
0 0.0375707 3 
0 0.0375919 3 
0 0.0376026 3 
0 0.0376042 3 
0 0.0376092 3 
0 0.0376566 3 
0 0.0376999 3 
0 0.0377539 3 
0 0.0377718 3 
0 0.0377746 3 
0 0.0377852 3 
0 0.0378036 3 
0 0.0378071 3 
0 0.0378185 3 
0 0.0378385 3 
0 0.037856 3 
0 0.0378761 3 
0 0.0378923 3 
0 0.0379105 3 
0 0.0379595 3 
0 0.0379645 3 
0 0.0379864 3 
0 0.0380048 3 
0 0.0380183 3 
0 0.03804 3 
0 0.0380412 3 
0 0.0380559 3 
0 0.0380694 3 
0 0.0380952 3 
0 0.0381032 3 
0 0.0381316 3 
0 0.0381418 3 
0 0.0381614 3 
0 0.0382089 3 
0 0.0382463 3 
0 0.0382598 3 
0 0.0382678 3 
0 0.0382731 3 
0 0.0382871 3 
0 0.0382988 3 
0 0.0384172 3 
0 0.0384746 3 
0 0.0384897 3 
0 0.0385097 3 
0 0.0385859 3 
0 0.0386059 3 
0 0.0386071 3 
0 0.0386084 3 
0 0.0386449 3 
0 0.0386656 3 
0 0.0387101 3 
0 0.0387137 3 
0 0.0388585 3 
0 0.038875 3 
0 0.0388821 3 
0 0.0388991 3 
0 0.038919 3 
0 0.0389235 3 
0 0.0389343 3 
0 0.039003 3 
0 0.0390142 3 
0 0.0392384 3 
0 0.0392496 3 
0 0.039456 3 
0 0.0395614 3 
0 0.039581 3 
0 0.0397363 3 
0 0.039777 3 
0 0.0398294 3 
0 0.0400568 3 
0 0.040126 3 
0 0.0408683 3 
0 0.0410962 3 
0 0.0411504 3 
0 inf 3 
0 0.0157721 4 
0 0.0160076 4 
0 0.0161635 4 
0 0.0162055 4 
0 0.0162057 4 
0 0.016273 4 
0 0.0162747 4 
0 0.0163035 4 
0 0.0163125 4 
0 0.0164025 4 
0 0.0164634 4 
0 0.0164754 4 
0 0.0165325 4 
0 0.0166182 4 
0 0.0166372 4 
0 0.0166987 4 
0 0.0167178 4 
0 0.0167563 4 
0 0.0167836 4 
0 0.0168021 4 
0 0.016805 4 
0 0.0168922 4 
0 0.0169031 4 
0 0.0169207 4 
0 0.0169273 4 
0 0.0169273 4 
0 0.0169346 4 
0 0.0169532 4 
0 0.0169675 4 
0 0.0169925 4 
0 0.0169981 4 
0 0.0170125 4 
0 0.0170328 4 
0 0.0170386 4 
0 0.0170391 4 
0 0.0170468 4 
0 0.0170637 4 
0 0.0170666 4 
0 0.0170922 4 
0 0.0171186 4 
0 0.0171537 4 
0 0.0171541 4 
0 0.0171573 4 
0 0.0171589 4 
0 0.017173 4 
0 0.0172277 4 
0 0.0172285 4 
0 0.0172661 4 
0 0.0172895 4 
0 0.0172914 4 
0 0.0172923 4 
0 0.0173136 4 
0 0.0173465 4 
0 0.017356 4 
0 0.0173617 4 
0 0.0173861 4 
0 0.0174046 4 
0 0.0174559 4 
0 0.0174617 4 
0 0.0174786 4 
0 0.0174827 4 
0 0.0174881 4 
0 0.017522 4 
0 0.0175252 4 
0 0.0175315 4 
0 0.0175454 4 
0 0.0175479 4 
0 0.017583 4 
0 0.0175859 4 
0 0.0175997 4 
0 0.0176299 4 
0 0.0176426 4 
0 0.0176426 4 
0 0.0176497 4 
0 0.0176647 4 
0 0.0176864 4 
0 0.0176968 4 
0 0.017713 4 
0 0.0177277 4 
0 0.0177351 4 
0 0.0177436 4 
0 0.0177453 4 
0 0.0177475 4 
0 0.0177503 4 
0 0.017768 4 
0 0.0177706 4 
0 0.0178141 4 
0 0.0178254 4 
0 0.0178711 4 
0 0.0178713 4 
0 0.0178765 4 
0 0.0178859 4 
0 0.0179434 4 
0 0.017952 4 
0 0.0179656 4 
0 0.0179756 4 
0 0.0180006 4 
0 0.0180114 4 
0 0.0180332 4 
0 0.0180427 4 
0 0.0180593 4 
0 0.0180599 4 
0 0.0181089 4 
0 0.0181162 4 
0 0.0181361 4 
0 0.0181746 4 
0 0.0182 4 
0 0.018249 4 
0 0.0182875 4 
0 0.0182972 4 
0 0.0182981 4 
0 0.0183669 4 
0 0.0184104 4 
0 0.0184153 4 
0 0.01844 4 
0 0.0185618 4 
0 0.0186607 4 
0 0.0186782 4 
0 0.0187298 4 
0 0.0187304 4 
0 0.0187406 4 
0 0.0187669 4 
0 0.0187847 4 
0 0.0191559 4 
0 0.0193047 4 
0 0.0196838 4 
0 0.0197734 4 
0 inf 4 
0 0.00730728 5 
0 0.00735215 5 
0 0.00754032 5 
0 0.00754197 5 
0 0.00757809 5 
0 0.00758589 5 
0 0.00761119 5 
0 0.00770668 5 
0 0.00773207 5 
0 0.00775206 5 
0 0.00775436 5 
0 0.0077576 5 
0 0.00776786 5 
0 0.00776943 5 
0 0.00784128 5 
0 0.00787647 5 
0 0.0078803 5 
0 0.00788336 5 
0 0.00791153 5 
0 0.00791446 5 
0 0.00792814 5 
0 0.00794357 5 
0 0.00794491 5 
0 0.00795169 5 
0 0.00797008 5 
0 0.00800622 5 
0 0.00804217 5 
0 0.00804364 5 
0 0.0080579 5 
0 0.008072 5 
0 0.00807461 5 
0 0.00808513 5 
0 0.00810065 5 
0 0.00811221 5 
0 0.00811479 5 
0 0.00813691 5 
0 0.00814321 5 
0 0.00814762 5 
0 0.00815325 5 
0 0.00815985 5 
0 0.00816525 5 
0 0.00816645 5 
0 0.0081742 5 
0 0.00817664 5 
0 0.00818021 5 
0 0.00818065 5 
0 0.00819154 5 
0 0.00820295 5 
0 0.00820412 5 
0 0.00820639 5 
0 0.00821432 5 
0 0.00822096 5 
0 0.0082511 5 
0 0.00825556 5 
0 0.0082583 5 
0 0.00827922 5 
0 0.00830822 5 
0 0.00831083 5 
0 0.00831539 5 
0 0.00832248 5 
0 0.0083411 5 
0 0.00834163 5 
0 0.00834171 5 
0 0.00834232 5 
0 0.00836802 5 
0 0.00837835 5 
0 0.00838778 5 
0 0.00839979 5 
0 0.00841751 5 
0 0.0084389 5 
0 0.00845012 5 
0 0.0084549 5 
0 0.00846274 5 
0 0.00846375 5 
0 0.00848139 5 
0 0.00848267 5 
0 0.00848628 5 
0 0.00848974 5 
0 0.00851079 5 
0 0.0085265 5 
0 0.00854787 5 
0 0.00854893 5 
0 0.00855309 5 
0 0.00855491 5 
0 0.00855599 5 
0 0.00856439 5 
0 0.00856983 5 
0 0.0086035 5 
0 0.00861226 5 
0 0.00861563 5 
0 0.0086204 5 
0 0.00863084 5 
0 0.00864581 5 
0 0.00864685 5 
0 0.00865353 5 
0 0.00865731 5 
0 0.00866352 5 
0 0.00867576 5 
0 0.00867689 5 
0 0.00867963 5 
0 0.00868651 5 
0 0.00869521 5 
0 0.00870076 5 
0 0.00870409 5 
0 0.0087053 5 
0 0.00871082 5 
0 0.00871362 5 
0 0.00871599 5 
0 0.00875619 5 
0 0.00879824 5 
0 0.00885126 5 
0 0.00892429 5 
0 0.00894932 5 
0 0.00895381 5 
0 0.00897546 5 
0 0.00901826 5 
0 0.00903203 5 
0 0.00904373 5 
0 0.00907305 5 
0 0.00909594 5 
0 0.00911085 5 
0 0.00911288 5 
0 0.00919887 5 
0 0.00928535 5 
0 0.00932738 5 
0 0.00965094 5 
0 0.00974839 5 
0 inf 5 
0 0.00344783 6 
0 0.00346827 6 
0 0.00359468 6 
0 0.00360121 6 
0 0.00360364 6 
0 0.00362641 6 
0 0.00363763 6 
0 0.00368057 6 
0 0.00369958 6 
0 0.00371151 6 
0 0.00372543 6 
0 0.00373532 6 
0 0.0037417 6 
0 0.00377053 6 
0 0.00377176 6 
0 0.00379006 6 
0 0.00379007 6 
0 0.00379852 6 
0 0.00379926 6 
0 0.00380242 6 
0 0.00381387 6 
0 0.0038217 6 
0 0.00384256 6 
0 0.00384605 6 
0 0.00385595 6 
0 0.00388848 6 
0 0.00389148 6 
0 0.00389331 6 
0 0.00390379 6 
0 0.00390964 6 
0 0.00391851 6 
0 0.00391932 6 
0 0.00393228 6 
0 0.00395854 6 
0 0.00396028 6 
0 0.00396086 6 
0 0.00396845 6 
0 0.00396959 6 
0 0.00398206 6 
0 0.00398567 6 
0 0.00398674 6 
0 0.00399277 6 
0 0.00399389 6 
0 0.00399423 6 
0 0.00399433 6 
0 0.00399765 6 
0 0.00400049 6 
0 0.00400192 6 
0 0.00401149 6 
0 0.0040154 6 
0 0.00401667 6 
0 0.00402395 6 
0 0.00402573 6 
0 0.00403283 6 
0 0.00403608 6 
0 0.0040378 6 
0 0.00404374 6 
0 0.00404747 6 
0 0.00405122 6 
0 0.00405256 6 
0 0.0040539 6 
0 0.00406999 6 
0 0.00407069 6 
0 0.00408343 6 
0 0.00409463 6 
0 0.00410552 6 
0 0.00411454 6 
0 0.00411718 6 
0 0.00412008 6 
0 0.00412531 6 
0 0.00412747 6 
0 0.00413125 6 
0 0.00413445 6 
0 0.00413483 6 
0 0.00413586 6 
0 0.00413592 6 
0 0.00413952 6 
0 0.0041494 6 
0 0.00415715 6 
0 0.00417607 6 
0 0.00418015 6 
0 0.00418244 6 
0 0.0041924 6 
0 0.00419318 6 
0 0.00419538 6 
0 0.00419601 6 
0 0.00420113 6 
0 0.00420861 6 
0 0.00420877 6 
0 0.0042094 6 
0 0.00421755 6 
0 0.00422099 6 
0 0.00423378 6 
0 0.00424971 6 
0 0.00425007 6 
0 0.00425412 6 
0 0.00426619 6 
0 0.00426663 6 
0 0.00427049 6 
0 0.00428145 6 
0 0.00428574 6 
0 0.0042892 6 
0 0.00429236 6 
0 0.00429726 6 
0 0.00429987 6 
0 0.00431508 6 
0 0.00431519 6 
0 0.00431624 6 
0 0.00432117 6 
0 0.00433832 6 
0 0.00436297 6 
0 0.00437753 6 
0 0.00438314 6 
0 0.00441323 6 
0 0.00443548 6 
0 0.00444107 6 
0 0.00445259 6 
0 0.00448122 6 
0 0.00448829 6 
0 0.00450476 6 
0 0.00450863 6 
0 0.00455348 6 
0 0.00457449 6 
0 0.00458725 6 
0 0.00460713 6 
0 0.00481649 6 
0 0.00487638 6 
0 inf 6 
0 0.00164533 7 
0 0.00167927 7 
0 0.00174522 7 
0 0.00174658 7 
0 0.00175657 7 
0 0.00176976 7 
0 0.0017742 7 
0 0.00177476 7 
0 0.00178645 7 
0 0.00180253 7 
0 0.001813 7 
0 0.00183009 7 
0 0.00183103 7 
0 0.00183475 7 
0 0.00184405 7 
0 0.00184613 7 
0 0.00184618 7 
0 0.00184876 7 
0 0.00185902 7 
0 0.00186529 7 
0 0.00186989 7 
0 0.00189063 7 
0 0.00189482 7 
0 0.00190329 7 
0 0.00191397 7 
0 0.00191481 7 
0 0.00191854 7 
0 0.00192018 7 
0 0.00192155 7 
0 0.00192537 7 
0 0.00193638 7 
0 0.00194621 7 
0 0.00194679 7 
0 0.00195334 7 
0 0.00195465 7 
0 0.001957 7 
0 0.00195841 7 
0 0.00196921 7 
0 0.00197381 7 
0 0.00197546 7 
0 0.0019788 7 
0 0.00198057 7 
0 0.00198133 7 
0 0.00198223 7 
0 0.00198408 7 
0 0.00198803 7 
0 0.00198834 7 
0 0.00198852 7 
0 0.00199023 7 
0 0.00199172 7 
0 0.00199653 7 
0 0.00200134 7 
0 0.00200724 7 
0 0.00200799 7 
0 0.00201453 7 
0 0.00202151 7 
0 0.00202272 7 
0 0.0020229 7 
0 0.00202663 7 
0 0.00202713 7 
0 0.00202893 7 
0 0.00202944 7 
0 0.00203016 7 
0 0.00203065 7 
0 0.00203102 7 
0 0.00203239 7 
0 0.00203323 7 
0 0.00203381 7 
0 0.00203413 7 
0 0.00203688 7 
0 0.00203869 7 
0 0.00203904 7 
0 0.00204065 7 
0 0.0020408 7 
0 0.0020539 7 
0 0.00205623 7 
0 0.00206122 7 
0 0.00206169 7 
0 0.00206214 7 
0 0.00206733 7 
0 0.00207282 7 
0 0.00207445 7 
0 0.00208253 7 
0 0.00208432 7 
0 0.00208471 7 
0 0.00209067 7 
0 0.00209074 7 
0 0.0020931 7 
0 0.00209563 7 
0 0.00209847 7 
0 0.00209973 7 
0 0.00210241 7 
0 0.00210387 7 
0 0.00212157 7 
0 0.00213157 7 
0 0.00213268 7 
0 0.00213445 7 
0 0.00213541 7 
0 0.00213542 7 
0 0.00213552 7 
0 0.0021445 7 
0 0.00214991 7 
0 0.00215028 7 
0 0.00215167 7 
0 0.00215632 7 
0 0.00215707 7 
0 0.00217334 7 
0 0.00217943 7 
0 0.00218695 7 
0 0.00219505 7 
0 0.00219593 7 
0 0.0022042 7 
0 0.00220502 7 
0 0.00220768 7 
0 0.00222496 7 
0 0.00222538 7 
0 0.00222853 7 
0 0.00223639 7 
0 0.00224989 7 
0 0.00225653 7 
0 0.00226696 7 
0 0.00227515 7 
0 0.00230386 7 
0 0.00230475 7 
0 0.00231306 7 
0 0.00243583 7 
0 0.00246874 7 
0 inf 7 
0 0.000797047 8 
0 0.000826844 8 
0 0.000857593 8 
0 0.000862385 8 
0 0.000866873 8 
0 0.000868154 8 
0 0.000871374 8 
0 0.000872826 8 
0 0.00088543 8 
0 0.000887848 8 
0 0.000901392 8 
0 0.000903103 8 
0 0.000904094 8 
0 0.000904389 8 
0 0.000909812 8 
0 0.000911365 8 
0 0.000913564 8 
0 0.000923268 8 
0 0.00092818 8 
0 0.000930126 8 
0 0.000930935 8 
0 0.000931308 8 
0 0.000944877 8 
0 0.000946837 8 
0 0.000947655 8 
0 0.000954964 8 
0 0.000956609 8 
0 0.000959332 8 
0 0.000965033 8 
0 0.000969682 8 
0 0.000973552 8 
0 0.000973665 8 
0 0.000976895 8 
0 0.00097814 8 
0 0.00098108 8 
0 0.000981559 8 
0 0.000981702 8 
0 0.00098193 8 
0 0.000987605 8 
0 0.000987994 8 
0 0.000988848 8 
0 0.000990892 8 
0 0.00099266 8 
0 0.000995785 8 
0 0.000999275 8 
0 0.00100187 8 
0 0.00100511 8 
0 0.00100566 8 
0 0.0010079 8 
0 0.00100982 8 
0 0.00100985 8 
0 0.00101073 8 
0 0.00101141 8 
0 0.00101157 8 
0 0.00101195 8 
0 0.00101214 8 
0 0.0010133 8 
0 0.00101588 8 
0 0.00101949 8 
0 0.00102032 8 
0 0.00102044 8 
0 0.00102201 8 
0 0.00102325 8 
0 0.00102342 8 
0 0.00102367 8 
0 0.00102434 8 
0 0.00102584 8 
0 0.0010264 8 
0 0.00102646 8 
0 0.00102707 8 
0 0.00102961 8 
0 0.00103394 8 
0 0.00103437 8 
0 0.00103464 8 
0 0.00103529 8 
0 0.0010371 8 
0 0.00103735 8 
0 0.00103799 8 
0 0.00103804 8 
0 0.00103917 8 
0 0.00104004 8 
0 0.00104259 8 
0 0.00104309 8 
0 0.00104444 8 
0 0.00104604 8 
0 0.00104974 8 
0 0.00105094 8 
0 0.00105151 8 
0 0.00105498 8 
0 0.00105525 8 
0 0.001058 8 
0 0.0010594 8 
0 0.00106001 8 
0 0.00106415 8 
0 0.00106929 8 
0 0.00107964 8 
0 0.00108159 8 
0 0.00108244 8 
0 0.00108576 8 
0 0.00108648 8 
0 0.00108686 8 
0 0.00109069 8 
0 0.00109229 8 
0 0.00109447 8 
0 0.0010973 8 
0 0.0010976 8 
0 0.00109995 8 
0 0.00109998 8 
0 0.00110062 8 
0 0.00110326 8 
0 0.00111148 8 
0 0.00111535 8 
0 0.00111871 8 
0 0.00112286 8 
0 0.00112354 8 
0 0.00113248 8 
0 0.00113323 8 
0 0.00113872 8 
0 0.00113959 8 
0 0.00114539 8 
0 0.00115479 8 
0 0.00115591 8 
0 0.00116493 8 
0 0.00117373 8 
0 0.00117395 8 
0 0.00124446 8 
0 0.00126201 8 
0 inf 8 
0 0.000391229 9 
0 0.000413033 9 
0 0.000424948 9 
0 0.00042648 9 
0 0.000430559 9 
0 0.000431783 9 
0 0.000435053 9 
0 0.000438076 9 
0 0.000439037 9 
0 0.000447415 9 
0 0.000449814 9 
0 0.000450413 9 
0 0.000453172 9 
0 0.000454615 9 
0 0.000457048 9 
0 0.000457343 9 
0 0.000457683 9 
0 0.000464258 9 
0 0.000464542 9 
0 0.000469739 9 
0 0.000471259 9 
0 0.000471633 9 
0 0.000474042 9 
0 0.000475155 9 
0 0.000478694 9 
0 0.000480186 9 
0 0.000482203 9 
0 0.000483573 9 
0 0.000484644 9 
0 0.000487464 9 
0 0.000488193 9 
0 0.000490203 9 
0 0.000491375 9 
0 0.000491384 9 
0 0.000491569 9 
0 0.000494908 9 
0 0.000498564 9 
0 0.000498643 9 
0 0.000498936 9 
0 0.000500339 9 
0 0.000503704 9 
0 0.000504954 9 
0 0.000505348 9 
0 0.000505851 9 
0 0.000508274 9 
0 0.000508297 9 
0 0.000509408 9 
0 0.000509543 9 
0 0.000510125 9 
0 0.000510203 9 
0 0.00051086 9 
0 0.000511183 9 
0 0.000511189 9 
0 0.00051198 9 
0 0.000512181 9 
0 0.000516226 9 
0 0.000517342 9 
0 0.000517563 9 
0 0.000518287 9 
0 0.000519039 9 
0 0.000519841 9 
0 0.000520811 9 
0 0.000521028 9 
0 0.000521037 9 
0 0.0005213 9 
0 0.000521638 9 
0 0.000523644 9 
0 0.00052406 9 
0 0.00052478 9 
0 0.000524957 9 
0 0.000525375 9 
0 0.000527111 9 
0 0.00052731 9 
0 0.000527425 9 
0 0.00052846 9 
0 0.000528705 9 
0 0.000528955 9 
0 0.000529142 9 
0 0.000529646 9 
0 0.000531373 9 
0 0.000531698 9 
0 0.000532917 9 
0 0.000532994 9 
0 0.000533931 9 
0 0.000533946 9 
0 0.000534077 9 
0 0.000535707 9 
0 0.000535938 9 
0 0.000540474 9 
0 0.000540898 9 
0 0.000541541 9 
0 0.000541817 9 
0 0.000542933 9 
0 0.000545472 9 
0 0.000550787 9 
0 0.000552168 9 
0 0.000554467 9 
0 0.000554784 9 
0 0.000555383 9 
0 0.00055541 9 
0 0.000555951 9 
0 0.000557506 9 
0 0.0005577 9 
0 0.000558163 9 
0 0.000559448 9 
0 0.000561735 9 
0 0.000561939 9 
0 0.000563382 9 
0 0.000563663 9 
0 0.000565057 9 
0 0.000565275 9 
0 0.000565874 9 
0 0.000566063 9 
0 0.000566347 9 
0 0.000568004 9 
0 0.000571979 9 
0 0.00058633 9 
0 0.000587476 9 
0 0.000591788 9 
0 0.000594707 9 
0 0.000595492 9 
0 0.000597341 9 
0 0.000598939 9 
0 0.000601138 9 
0 0.000606718 9 
0 0.000640846 9 
0 0.000646639 9 
0 inf 9 
