0 0.492711 0 
0 0.495185 0 
0 0.496631 0 
0 0.497035 0 
0 0.49717 0 
0 0.497463 0 
0 0.497595 0 
0 0.497839 0 
0 0.497883 0 
0 0.498171 0 
0 0.498457 0 
0 0.498564 0 
0 0.498608 0 
0 0.499165 0 
0 0.499339 0 
0 0.499393 0 
0 0.499434 0 
0 0.499542 0 
0 0.499713 0 
0 0.499737 0 
0 0.499959 0 
0 0.500135 0 
0 0.500371 0 
0 0.500461 0 
0 0.500545 0 
0 0.500684 0 
0 0.500846 0 
0 0.500974 0 
0 0.500997 0 
0 0.501025 0 
0 0.50105 0 
0 0.501181 0 
0 0.501256 0 
0 0.501441 0 
0 0.501472 0 
0 0.501554 0 
0 0.501651 0 
0 0.501684 0 
0 0.501746 0 
0 0.501751 0 
0 0.501826 0 
0 0.501897 0 
0 0.501911 0 
0 0.501954 0 
0 0.502083 0 
0 0.50221 0 
0 0.502237 0 
0 0.502386 0 
0 0.502536 0 
0 0.502581 0 
0 0.502651 0 
0 0.502658 0 
0 0.502676 0 
0 0.502707 0 
0 0.502741 0 
0 0.502838 0 
0 0.502879 0 
0 0.502893 0 
0 0.502972 0 
0 0.50299 0 
0 0.503097 0 
0 0.503124 0 
0 0.503138 0 
0 0.503159 0 
0 0.503159 0 
0 0.503211 0 
0 0.503252 0 
0 0.503254 0 
0 0.503264 0 
0 0.50331 0 
0 0.503323 0 
0 0.503324 0 
0 0.503396 0 
0 0.503401 0 
0 0.503425 0 
0 0.503427 0 
0 0.503428 0 
0 0.503462 0 
0 0.503489 0 
0 0.50355 0 
0 0.503714 0 
0 0.503763 0 
0 0.503826 0 
0 0.504027 0 
0 0.504046 0 
0 0.504096 0 
0 0.504099 0 
0 0.504108 0 
0 0.504143 0 
0 0.50415 0 
0 0.504179 0 
0 0.504193 0 
0 0.50422 0 
0 0.504385 0 
0 0.504444 0 
0 0.504482 0 
0 0.50453 0 
0 0.504601 0 
0 0.504639 0 
0 0.50473 0 
0 0.504749 0 
0 0.504803 0 
0 0.504812 0 
0 0.504854 0 
0 0.504922 0 
0 0.505041 0 
0 0.505065 0 
0 0.505095 0 
0 0.505181 0 
0 0.505288 0 
0 0.505307 0 
0 0.505526 0 
0 0.505607 0 
0 0.505898 0 
0 0.505968 0 
0 0.506175 0 
0 0.506177 0 
0 0.506289 0 
0 0.506407 0 
0 0.506438 0 
0 0.507132 0 
0 0.507276 0 
0 0.507361 0 
0 0.507618 0 
0 0.509437 0 
0 0.516708 0 
0 0.519959 0 
0 inf 0 
0 0.184124 1 
0 0.1854 1 
0 0.185621 1 
0 0.185708 1 
0 0.18577 1 
0 0.186138 1 
0 0.186188 1 
0 0.186229 1 
0 0.186365 1 
0 0.186679 1 
0 0.186871 1 
0 0.186931 1 
0 0.186931 1 
0 0.186951 1 
0 0.186988 1 
0 0.187118 1 
0 0.187355 1 
0 0.187366 1 
0 0.187463 1 
0 0.187565 1 
0 0.187823 1 
0 0.187826 1 
0 0.187833 1 
0 0.187982 1 
0 0.18821 1 
0 0.188463 1 
0 0.188538 1 
0 0.188657 1 
0 0.188689 1 
0 0.188699 1 
0 0.188733 1 
0 0.188981 1 
0 0.189014 1 
0 0.189372 1 
0 0.189434 1 
0 0.189455 1 
0 0.189481 1 
0 0.1897 1 
0 0.189756 1 
0 0.189839 1 
0 0.190057 1 
0 0.190315 1 
0 0.190348 1 
0 0.190361 1 
0 0.190454 1 
0 0.190493 1 
0 0.190557 1 
0 0.190568 1 
0 0.190701 1 
0 0.190711 1 
0 0.190865 1 
0 0.190887 1 
0 0.190892 1 
0 0.190903 1 
0 0.190916 1 
0 0.190957 1 
0 0.191001 1 
0 0.191105 1 
0 0.191243 1 
0 0.191245 1 
0 0.19132 1 
0 0.191327 1 
0 0.191358 1 
0 0.191378 1 
0 0.191431 1 
0 0.191555 1 
0 0.191561 1 
0 0.191578 1 
0 0.191608 1 
0 0.19166 1 
0 0.191671 1 
0 0.19169 1 
0 0.191788 1 
0 0.191788 1 
0 0.191876 1 
0 0.191923 1 
0 0.191929 1 
0 0.191961 1 
0 0.192011 1 
0 0.19206 1 
0 0.192187 1 
0 0.19224 1 
0 0.192259 1 
0 0.192302 1 
0 0.192455 1 
0 0.19249 1 
0 0.192547 1 
0 0.192678 1 
0 0.192706 1 
0 0.192844 1 
0 0.192946 1 
0 0.192946 1 
0 0.193124 1 
0 0.193133 1 
0 0.193326 1 
0 0.193327 1 
0 0.193376 1 
0 0.193435 1 
0 0.193444 1 
0 0.19348 1 
0 0.193495 1 
0 0.193576 1 
0 0.193756 1 
0 0.193779 1 
0 0.193788 1 
0 0.193791 1 
0 0.194206 1 
0 0.194372 1 
0 0.194405 1 
0 0.194466 1 
0 0.194543 1 
0 0.194647 1 
0 0.194815 1 
0 0.195133 1 
0 0.195262 1 
0 0.195296 1 
0 0.195311 1 
0 0.195612 1 
0 0.195639 1 
0 0.195649 1 
0 0.195846 1 
0 0.196256 1 
0 0.198764 1 
0 0.200029 1 
0 0.220601 1 
0 0.225203 1 
0 0.232761 1 
0 inf 1 
0 0.0721545 2 
0 0.0722167 2 
0 0.0722768 2 
0 0.0725551 2 
0 0.0727341 2 
0 0.0729031 2 
0 0.0729452 2 
0 0.073242 2 
0 0.0734981 2 
0 0.0735414 2 
0 0.0740215 2 
0 0.0740947 2 
0 0.0741756 2 
0 0.0741957 2 
0 0.0743391 2 
0 0.0743439 2 
0 0.0744475 2 
0 0.0744513 2 
0 0.0745846 2 
0 0.0746435 2 
0 0.0747041 2 
0 0.0747207 2 
0 0.0747966 2 
0 0.0750152 2 
0 0.0752231 2 
0 0.0752719 2 
0 0.0753548 2 
0 0.0755067 2 
0 0.0755496 2 
0 0.0756045 2 
0 0.075616 2 
0 0.075674 2 
0 0.0756948 2 
0 0.0757211 2 
0 0.0757576 2 
0 0.0760633 2 
0 0.0760712 2 
0 0.0760747 2 
0 0.0760852 2 
0 0.0760872 2 
0 0.0761517 2 
0 0.0761763 2 
0 0.0763593 2 
0 0.076368 2 
0 0.0763883 2 
0 0.0764711 2 
0 0.0765139 2 
0 0.0766664 2 
0 0.0766707 2 
0 0.0766723 2 
0 0.0767694 2 
0 0.0767822 2 
0 0.0768588 2 
0 0.0769005 2 
0 0.0770039 2 
0 0.0770723 2 
0 0.0772023 2 
0 0.0772059 2 
0 0.0772611 2 
0 0.0772685 2 
0 0.0772818 2 
0 0.0773914 2 
0 0.0774396 2 
0 0.0775942 2 
0 0.0775994 2 
0 0.0778439 2 
0 0.0778639 2 
0 0.078034 2 
0 0.0780388 2 
0 0.0780774 2 
0 0.0780899 2 
0 0.0781082 2 
0 0.0781249 2 
0 0.0781253 2 
0 0.0782202 2 
0 0.0782367 2 
0 0.0782417 2 
0 0.0782575 2 
0 0.0783837 2 
0 0.0785379 2 
0 0.0785487 2 
0 0.0786575 2 
0 0.078858 2 
0 0.0788691 2 
0 0.0789544 2 
0 0.0790293 2 
0 0.0790542 2 
0 0.0790804 2 
0 0.0792291 2 
0 0.0793144 2 
0 0.0793651 2 
0 0.0794513 2 
0 0.0794545 2 
0 0.0794585 2 
0 0.0795215 2 
0 0.0796873 2 
0 0.0798268 2 
0 0.0798345 2 
0 0.0800755 2 
0 0.080146 2 
0 0.0801698 2 
0 0.0802846 2 
0 0.0802971 2 
0 0.0803237 2 
0 0.0803504 2 
0 0.0804028 2 
0 0.0804098 2 
0 0.080607 2 
0 0.0806676 2 
0 0.080915 2 
0 0.0810435 2 
0 0.0811073 2 
0 0.0812989 2 
0 0.0814409 2 
0 0.0819337 2 
0 0.0819752 2 
0 0.0821277 2 
0 0.0821352 2 
0 0.0826764 2 
0 0.0827035 2 
0 0.0832235 2 
0 0.0847544 2 
0 0.0865736 2 
0 0.0874564 2 
0 0.11926 2 
0 0.124393 2 
0 0.135801 2 
0 inf 2 
0 0.0296232 3 
0 0.0297574 3 
0 0.0301623 3 
0 0.0301852 3 
0 0.0302761 3 
0 0.0306759 3 
0 0.0307053 3 
0 0.0307708 3 
0 0.0308964 3 
0 0.0309837 3 
0 0.0309898 3 
0 0.031301 3 
0 0.0313073 3 
0 0.0313875 3 
0 0.0313963 3 
0 0.0315118 3 
0 0.0316107 3 
0 0.0316125 3 
0 0.0316154 3 
0 0.0316344 3 
0 0.0317551 3 
0 0.0318511 3 
0 0.0318785 3 
0 0.031918 3 
0 0.0319832 3 
0 0.0320251 3 
0 0.032137 3 
0 0.032336 3 
0 0.0323555 3 
0 0.0323597 3 
0 0.032399 3 
0 0.0324103 3 
0 0.0324186 3 
0 0.032508 3 
0 0.0325265 3 
0 0.032546 3 
0 0.0325984 3 
0 0.0326473 3 
0 0.032693 3 
0 0.0327269 3 
0 0.0327385 3 
0 0.0328038 3 
0 0.0328118 3 
0 0.0328955 3 
0 0.0329831 3 
0 0.033082 3 
0 0.0331197 3 
0 0.0331313 3 
0 0.0331606 3 
0 0.0331802 3 
0 0.0332107 3 
0 0.0333089 3 
0 0.0333184 3 
0 0.0333383 3 
0 0.033373 3 
0 0.0333983 3 
0 0.0335364 3 
0 0.0335822 3 
0 0.0335831 3 
0 0.0337751 3 
0 0.0337792 3 
0 0.0338382 3 
0 0.0338386 3 
0 0.0338689 3 
0 0.0339884 3 
0 0.0340671 3 
0 0.0340972 3 
0 0.0341022 3 
0 0.0341025 3 
0 0.0341753 3 
0 0.0341784 3 
0 0.0341784 3 
0 0.0342334 3 
0 0.0343 3 
0 0.0343348 3 
0 0.0344023 3 
0 0.0344542 3 
0 0.0344632 3 
0 0.0344868 3 
0 0.0344921 3 
0 0.0344953 3 
0 0.0345063 3 
0 0.034538 3 
0 0.0345702 3 
0 0.0346229 3 
0 0.0346296 3 
0 0.0346459 3 
0 0.0346789 3 
0 0.0347635 3 
0 0.0349214 3 
0 0.0349665 3 
0 0.035296 3 
0 0.0353189 3 
0 0.0354134 3 
0 0.0354426 3 
0 0.0354934 3 
0 0.0355481 3 
0 0.0356564 3 
0 0.0357049 3 
0 0.0357069 3 
0 0.0358137 3 
0 0.0358918 3 
0 0.0361221 3 
0 0.0362416 3 
0 0.0362856 3 
0 0.0363136 3 
0 0.0364066 3 
0 0.0366367 3 
0 0.0369978 3 
0 0.0375268 3 
0 0.0378358 3 
0 0.0378707 3 
0 0.0379983 3 
0 0.0380381 3 
0 0.0385358 3 
0 0.0386941 3 
0 0.0391052 3 
0 0.0393637 3 
0 0.0399482 3 
0 0.0403602 3 
0 0.0405977 3 
0 0.041156 3 
0 0.0430793 3 
0 0.0436819 3 
0 0.0805179 3 
0 0.085323 3 
0 0.0939039 3 
0 inf 3 
0 0.01335 4 
0 0.0133598 4 
0 0.0134825 4 
0 0.0135031 4 
0 0.0136869 4 
0 0.0137315 4 
0 0.0137398 4 
0 0.0138073 4 
0 0.0138135 4 
0 0.0140883 4 
0 0.0141795 4 
0 0.0141886 4 
0 0.0142279 4 
0 0.0142323 4 
0 0.0143102 4 
0 0.0143158 4 
0 0.0143262 4 
0 0.0143305 4 
0 0.0143392 4 
0 0.0144368 4 
0 0.0145985 4 
0 0.0146226 4 
0 0.0146304 4 
0 0.0146481 4 
0 0.0147401 4 
0 0.0147951 4 
0 0.0148128 4 
0 0.0148376 4 
0 0.0148826 4 
0 0.0148878 4 
0 0.0149041 4 
0 0.014936 4 
0 0.0149389 4 
0 0.0149983 4 
0 0.0150383 4 
0 0.0150477 4 
0 0.0151259 4 
0 0.0152511 4 
0 0.0152795 4 
0 0.015293 4 
0 0.0153466 4 
0 0.0153543 4 
0 0.0153862 4 
0 0.0153989 4 
0 0.0154051 4 
0 0.0154366 4 
0 0.0154688 4 
0 0.0154871 4 
0 0.0155217 4 
0 0.0155254 4 
0 0.0155497 4 
0 0.0155539 4 
0 0.0155594 4 
0 0.0155987 4 
0 0.0156269 4 
0 0.0156608 4 
0 0.0157248 4 
0 0.0158439 4 
0 0.0158592 4 
0 0.0158824 4 
0 0.0159016 4 
0 0.0159424 4 
0 0.0159523 4 
0 0.0159584 4 
0 0.0159661 4 
0 0.0159681 4 
0 0.0159703 4 
0 0.0160132 4 
0 0.0160615 4 
0 0.0160714 4 
0 0.016075 4 
0 0.0161644 4 
0 0.0162115 4 
0 0.0162443 4 
0 0.0163176 4 
0 0.0166002 4 
0 0.0166779 4 
0 0.0167052 4 
0 0.0167276 4 
0 0.0167512 4 
0 0.0168673 4 
0 0.0168985 4 
0 0.0169184 4 
0 0.0169253 4 
0 0.0169713 4 
0 0.0171006 4 
0 0.0171209 4 
0 0.0171321 4 
0 0.0171687 4 
0 0.0171868 4 
0 0.0172149 4 
0 0.0172229 4 
0 0.0172828 4 
0 0.0172971 4 
0 0.017311 4 
0 0.0173485 4 
0 0.0174295 4 
0 0.0174313 4 
0 0.0174395 4 
0 0.0174398 4 
0 0.0174506 4 
0 0.017598 4 
0 0.0177895 4 
0 0.0177945 4 
0 0.0178997 4 
0 0.0179733 4 
0 0.0183674 4 
0 0.0184857 4 
0 0.0187107 4 
0 0.0188963 4 
0 0.0191731 4 
0 0.0193643 4 
0 0.0198235 4 
0 0.0202612 4 
0 0.0204812 4 
0 0.0205201 4 
0 0.0209099 4 
0 0.020924 4 
0 0.0216764 4 
0 0.0218539 4 
0 0.0222775 4 
0 0.022507 4 
0 0.023939 4 
0 0.0247386 4 
0 0.0616134 4 
0 0.0643178 4 
0 0.0723386 4 
0 inf 4 
0 0.00612404 5 
0 0.00619787 5 
0 0.00649439 5 
0 0.00678576 5 
0 0.00680552 5 
0 0.00681712 5 
0 0.00683766 5 
0 0.00691346 5 
0 0.00692802 5 
0 0.00693392 5 
0 0.00696261 5 
0 0.00697334 5 
0 0.00700947 5 
0 0.00701122 5 
0 0.0070497 5 
0 0.00705852 5 
0 0.00707745 5 
0 0.00709017 5 
0 0.00710455 5 
0 0.00712691 5 
0 0.007127 5 
0 0.00720302 5 
0 0.00725738 5 
0 0.00726472 5 
0 0.00731075 5 
0 0.00733529 5 
0 0.00736634 5 
0 0.00737899 5 
0 0.00738732 5 
0 0.00739381 5 
0 0.0074278 5 
0 0.00753881 5 
0 0.00757039 5 
0 0.00757574 5 
0 0.00761391 5 
0 0.00765076 5 
0 0.00769801 5 
0 0.00770701 5 
0 0.00771106 5 
0 0.00771868 5 
0 0.00777419 5 
0 0.00779497 5 
0 0.0078011 5 
0 0.00780844 5 
0 0.00781566 5 
0 0.00784588 5 
0 0.00786431 5 
0 0.00787357 5 
0 0.00792375 5 
0 0.00794827 5 
0 0.00800741 5 
0 0.00809994 5 
0 0.00811686 5 
0 0.00815945 5 
0 0.00816376 5 
0 0.00819329 5 
0 0.00821555 5 
0 0.00826408 5 
0 0.00827945 5 
0 0.00829882 5 
0 0.00830749 5 
0 0.00831212 5 
0 0.00831588 5 
0 0.00834885 5 
0 0.0083911 5 
0 0.00841245 5 
0 0.0084433 5 
0 0.00847336 5 
0 0.0084931 5 
0 0.00853511 5 
0 0.00857032 5 
0 0.00857653 5 
0 0.00860798 5 
0 0.00874186 5 
0 0.00881654 5 
0 0.00883097 5 
0 0.00883819 5 
0 0.00884067 5 
0 0.00886161 5 
0 0.00898877 5 
0 0.00900686 5 
0 0.00908875 5 
0 0.00908956 5 
0 0.00920019 5 
0 0.0092372 5 
0 0.0092511 5 
0 0.00926756 5 
0 0.00928646 5 
0 0.00931524 5 
0 0.00933641 5 
0 0.00936632 5 
0 0.00939736 5 
0 0.00943179 5 
0 0.00943365 5 
0 0.00943511 5 
0 0.00943916 5 
0 0.00945789 5 
0 0.00947363 5 
0 0.00951039 5 
0 0.00960089 5 
0 0.00967432 5 
0 0.00987342 5 
0 0.00988204 5 
0 0.00991376 5 
0 0.00992779 5 
0 0.0100094 5 
0 0.0100228 5 
0 0.0104249 5 
0 0.0106223 5 
0 0.0106295 5 
0 0.0107004 5 
0 0.0109593 5 
0 0.0109797 5 
0 0.0111286 5 
0 0.0112107 5 
0 0.0115586 5 
0 0.011596 5 
0 0.0116419 5 
0 0.0125111 5 
0 0.0131563 5 
0 0.0134795 5 
0 0.013893 5 
0 0.0142599 5 
0 0.0149421 5 
0 0.0475277 5 
0 0.0514041 5 
0 0.059133 5 
0 inf 5 
0 0.00302466 6 
0 0.0032871 6 
0 0.00330505 6 
0 0.00338901 6 
0 0.00346881 6 
0 0.00352278 6 
0 0.00353322 6 
0 0.00359972 6 
0 0.00362271 6 
0 0.0036426 6 
0 0.00364709 6 
0 0.00366516 6 
0 0.00367675 6 
0 0.00370872 6 
0 0.00371722 6 
0 0.00372331 6 
0 0.00379198 6 
0 0.00381517 6 
0 0.00382792 6 
0 0.00384087 6 
0 0.00386845 6 
0 0.00386978 6 
0 0.00389432 6 
0 0.00390059 6 
0 0.00392769 6 
0 0.00394484 6 
0 0.00395443 6 
0 0.00398489 6 
0 0.00401144 6 
0 0.00402868 6 
0 0.0040536 6 
0 0.00412087 6 
0 0.00412932 6 
0 0.00414084 6 
0 0.00418394 6 
0 0.00418443 6 
0 0.00418771 6 
0 0.00420301 6 
0 0.00420345 6 
0 0.00421018 6 
0 0.00422318 6 
0 0.00430525 6 
0 0.00432942 6 
0 0.00435535 6 
0 0.00436898 6 
0 0.0043768 6 
0 0.00439739 6 
0 0.00441174 6 
0 0.00444344 6 
0 0.00446582 6 
0 0.00450766 6 
0 0.00451482 6 
0 0.00452023 6 
0 0.0045434 6 
0 0.0045464 6 
0 0.00457903 6 
0 0.00461379 6 
0 0.00462123 6 
0 0.00462715 6 
0 0.0046498 6 
0 0.00472532 6 
0 0.0047438 6 
0 0.00481405 6 
0 0.00483466 6 
0 0.0048971 6 
0 0.004967 6 
0 0.00502509 6 
0 0.00507772 6 
0 0.0051498 6 
0 0.0051546 6 
0 0.00515667 6 
0 0.00518497 6 
0 0.0051904 6 
0 0.00519329 6 
0 0.00520135 6 
0 0.00520572 6 
0 0.0052381 6 
0 0.00524155 6 
0 0.00524332 6 
0 0.00530025 6 
0 0.00530464 6 
0 0.00534006 6 
0 0.00540356 6 
0 0.0054157 6 
0 0.00542898 6 
0 0.00546079 6 
0 0.00549943 6 
0 0.00552569 6 
0 0.00557619 6 
0 0.00560261 6 
0 0.00562149 6 
0 0.0056903 6 
0 0.00571407 6 
0 0.00575003 6 
0 0.00587358 6 
0 0.00587757 6 
0 0.00591103 6 
0 0.00608926 6 
0 0.00609982 6 
0 0.00614462 6 
0 0.00618247 6 
0 0.00625013 6 
0 0.00633652 6 
0 0.00633826 6 
0 0.00637602 6 
0 0.00638854 6 
0 0.00640286 6 
0 0.00643967 6 
0 0.00646628 6 
0 0.00648975 6 
0 0.00649471 6 
0 0.00650532 6 
0 0.0067432 6 
0 0.00683901 6 
0 0.00688829 6 
0 0.00699566 6 
0 0.00742213 6 
0 0.00759381 6 
0 0.00846495 6 
0 0.00849389 6 
0 0.0088214 6 
0 0.00920601 6 
0 0.00928622 6 
0 0.0107406 6 
0 0.0378965 6 
0 0.0419688 6 
0 0.0495389 6 
0 inf 6 
0 0.00164126 7 
0 0.00172761 7 
0 0.001749 7 
0 0.00175858 7 
0 0.00178245 7 
0 0.00193717 7 
0 0.00199854 7 
0 0.00208541 7 
0 0.00209276 7 
0 0.00210694 7 
0 0.00214397 7 
0 0.00215684 7 
0 0.0021578 7 
0 0.00217349 7 
0 0.00218542 7 
0 0.00219281 7 
0 0.00220771 7 
0 0.00223794 7 
0 0.00225859 7 
0 0.00227847 7 
0 0.00228008 7 
0 0.00228344 7 
0 0.00229512 7 
0 0.00229539 7 
0 0.00231839 7 
0 0.0023185 7 
0 0.00233362 7 
0 0.00233528 7 
0 0.0023384 7 
0 0.00235091 7 
0 0.00235105 7 
0 0.00235885 7 
0 0.00237432 7 
0 0.00237802 7 
0 0.002382 7 
0 0.00240148 7 
0 0.00242494 7 
0 0.0024411 7 
0 0.00244408 7 
0 0.00246912 7 
0 0.00261065 7 
0 0.00263669 7 
0 0.00271912 7 
0 0.00276099 7 
0 0.00276553 7 
0 0.00276979 7 
0 0.00279885 7 
0 0.00281824 7 
0 0.00283785 7 
0 0.00291136 7 
0 0.00291315 7 
0 0.0029261 7 
0 0.00293126 7 
0 0.00294382 7 
0 0.00299005 7 
0 0.0030049 7 
0 0.0030093 7 
0 0.00301225 7 
0 0.00303524 7 
0 0.00303556 7 
0 0.00304999 7 
0 0.00307957 7 
0 0.00313391 7 
0 0.00317516 7 
0 0.00319732 7 
0 0.0032057 7 
0 0.00325183 7 
0 0.00329034 7 
0 0.00330111 7 
0 0.00330625 7 
0 0.00332292 7 
0 0.00335845 7 
0 0.00337851 7 
0 0.00341547 7 
0 0.00346755 7 
0 0.00349394 7 
0 0.00353194 7 
0 0.00356116 7 
0 0.00358331 7 
0 0.00360731 7 
0 0.00361105 7 
0 0.00363209 7 
0 0.00364683 7 
0 0.00365603 7 
0 0.00372025 7 
0 0.00375647 7 
0 0.00376445 7 
0 0.0037813 7 
0 0.00380302 7 
0 0.0038093 7 
0 0.00382295 7 
0 0.00384507 7 
0 0.00384622 7 
0 0.00386287 7 
0 0.00395772 7 
0 0.00396401 7 
0 0.00398304 7 
0 0.00401348 7 
0 0.00404711 7 
0 0.0042349 7 
0 0.00426362 7 
0 0.00435846 7 
0 0.00442615 7 
0 0.00446879 7 
0 0.00451406 7 
0 0.00453286 7 
0 0.00454564 7 
0 0.00460716 7 
0 0.00466816 7 
0 0.0047457 7 
0 0.00476718 7 
0 0.00479255 7 
0 0.00487401 7 
0 0.00492106 7 
0 0.00504101 7 
0 0.00530428 7 
0 0.00541267 7 
0 0.00576784 7 
0 0.00587156 7 
0 0.00615372 7 
0 0.00679161 7 
0 0.00680559 7 
0 0.00694713 7 
0 0.00778563 7 
0 0.0306989 7 
0 0.034526 7 
0 0.0418635 7 
0 inf 7 
0 0.000882905 8 
0 0.000923526 8 
0 0.00100863 8 
0 0.00111464 8 
0 0.0011601 8 
0 0.00116908 8 
0 0.00118555 8 
0 0.00125337 8 
0 0.00128384 8 
0 0.0013126 8 
0 0.00132166 8 
0 0.00132923 8 
0 0.0013394 8 
0 0.00136583 8 
0 0.00136644 8 
0 0.00136876 8 
0 0.00137063 8 
0 0.00139662 8 
0 0.00139942 8 
0 0.00145891 8 
0 0.00146358 8 
0 0.00146413 8 
0 0.00148708 8 
0 0.00151117 8 
0 0.00152055 8 
0 0.0015227 8 
0 0.00154975 8 
0 0.00157426 8 
0 0.00158535 8 
0 0.00158859 8 
0 0.00158974 8 
0 0.00161404 8 
0 0.0016224 8 
0 0.00165113 8 
0 0.001654 8 
0 0.00166917 8 
0 0.00174016 8 
0 0.00175833 8 
0 0.0017589 8 
0 0.00180669 8 
0 0.00182973 8 
0 0.00185734 8 
0 0.00187734 8 
0 0.00189981 8 
0 0.00189999 8 
0 0.00190857 8 
0 0.00196376 8 
0 0.00198358 8 
0 0.00204177 8 
0 0.00207004 8 
0 0.00210761 8 
0 0.00213887 8 
0 0.00214963 8 
0 0.00215364 8 
0 0.00218653 8 
0 0.00219223 8 
0 0.00219847 8 
0 0.00220303 8 
0 0.00221533 8 
0 0.00223334 8 
0 0.00223357 8 
0 0.0022462 8 
0 0.00225163 8 
0 0.00228233 8 
0 0.00228512 8 
0 0.00232725 8 
0 0.00236636 8 
0 0.0023751 8 
0 0.00239194 8 
0 0.00239271 8 
0 0.00240419 8 
0 0.0024056 8 
0 0.00241764 8 
0 0.00248326 8 
0 0.00251935 8 
0 0.00258514 8 
0 0.00268709 8 
0 0.00269756 8 
0 0.0027084 8 
0 0.00272949 8 
0 0.00273688 8 
0 0.00274013 8 
0 0.00274229 8 
0 0.00276779 8 
0 0.00277545 8 
0 0.00281001 8 
0 0.00282402 8 
0 0.00285923 8 
0 0.00286764 8 
0 0.00288711 8 
0 0.00291678 8 
0 0.00293716 8 
0 0.00298788 8 
0 0.00301771 8 
0 0.00303969 8 
0 0.00305445 8 
0 0.00307948 8 
0 0.00308363 8 
0 0.00313834 8 
0 0.00318273 8 
0 0.00331323 8 
0 0.00334697 8 
0 0.00339868 8 
0 0.00342291 8 
0 0.00353262 8 
0 0.00356585 8 
0 0.00362419 8 
0 0.00362828 8 
0 0.00367889 8 
0 0.00376825 8 
0 0.00377259 8 
0 0.00378602 8 
0 0.00387949 8 
0 0.00395063 8 
0 0.00402726 8 
0 0.00417027 8 
0 0.00425611 8 
0 0.00447587 8 
0 0.00457636 8 
0 0.00484283 8 
0 0.00532119 8 
0 0.00539074 8 
0 0.00575498 8 
0 0.00600487 8 
0 0.0250354 8 
0 0.0284834 8 
0 0.0354895 8 
0 inf 8 
0 0.000556875 9 
0 0.000563931 9 
0 0.000667681 9 
0 0.000723054 9 
0 0.000810906 9 
0 0.000814655 9 
0 0.000827625 9 
0 0.000835964 9 
0 0.000846371 9 
0 0.000872183 9 
0 0.000889523 9 
0 0.000900712 9 
0 0.000911253 9 
0 0.000918259 9 
0 0.000943545 9 
0 0.000949749 9 
0 0.00096676 9 
0 0.000968349 9 
0 0.00101287 9 
0 0.00101755 9 
0 0.00103158 9 
0 0.00111374 9 
0 0.00112703 9 
0 0.00113147 9 
0 0.00114178 9 
0 0.00114327 9 
0 0.00115947 9 
0 0.00118073 9 
0 0.00118104 9 
0 0.0011947 9 
0 0.00120075 9 
0 0.00122697 9 
0 0.00126223 9 
0 0.00126917 9 
0 0.0012935 9 
0 0.00129587 9 
0 0.00130547 9 
0 0.00132602 9 
0 0.00134544 9 
0 0.00135966 9 
0 0.00136797 9 
0 0.00138061 9 
0 0.00138308 9 
0 0.00143797 9 
0 0.00144891 9 
0 0.00148638 9 
0 0.00150033 9 
0 0.00152371 9 
0 0.00156612 9 
0 0.00157991 9 
0 0.00160543 9 
0 0.0016456 9 
0 0.00165172 9 
0 0.00169361 9 
0 0.00170477 9 
0 0.00170961 9 
0 0.00173252 9 
0 0.00173332 9 
0 0.00173988 9 
0 0.00175463 9 
0 0.00177368 9 
0 0.00179032 9 
0 0.00180579 9 
0 0.00180956 9 
0 0.00182268 9 
0 0.00186196 9 
0 0.00187868 9 
0 0.00189169 9 
0 0.00189834 9 
0 0.00190683 9 
0 0.00192212 9 
0 0.00193301 9 
0 0.00198697 9 
0 0.00200298 9 
0 0.0020383 9 
0 0.0020547 9 
0 0.00208218 9 
0 0.0021379 9 
0 0.00215368 9 
0 0.00216661 9 
0 0.00216838 9 
0 0.0021991 9 
0 0.00220023 9 
0 0.0022263 9 
0 0.00223767 9 
0 0.00225063 9 
0 0.00225315 9 
0 0.00227456 9 
0 0.00229135 9 
0 0.00229543 9 
0 0.002356 9 
0 0.00237265 9 
0 0.00240818 9 
0 0.00244929 9 
0 0.00245626 9 
0 0.00247262 9 
0 0.00251469 9 
0 0.00252455 9 
0 0.00253766 9 
0 0.00258602 9 
0 0.0026197 9 
0 0.0026997 9 
0 0.00271207 9 
0 0.0027886 9 
0 0.00292786 9 
0 0.00296391 9 
0 0.00297451 9 
0 0.00297934 9 
0 0.00298693 9 
0 0.00303996 9 
0 0.00308567 9 
0 0.0030953 9 
0 0.00320707 9 
0 0.00324283 9 
0 0.00336312 9 
0 0.00339506 9 
0 0.00345306 9 
0 0.00358273 9 
0 0.00368064 9 
0 0.00396602 9 
0 0.00430236 9 
0 0.00436698 9 
0 0.00481954 9 
0 0.0048589 9 
0 0.0204756 9 
0 0.0235257 9 
0 0.0300943 9 
0 inf 9 
