0.523877 0.539387 0 
0.523423 0.540882 0 
0.522754 0.54153 0 
0.522476 0.541866 0 
0.522297 0.540441 0 
0.521925 0.540524 0 
0.521674 0.54309 0 
0.521419 0.539193 0 
0.521381 0.541585 0 
0.521165 0.540524 0 
0.520874 0.544026 0 
0.520872 0.539847 0 
0.520795 0.540817 0 
0.520558 0.540441 0 
0.520527 0.543379 0 
0.520495 0.541071 0 
0.520471 0.540005 0 
0.520455 0.521124 0 
0.520455 0.540244 0 
0.52041 0.539354 0 
0.52011 0.540145 0 
0.520061 0.520583 0 
0.520032 0.540138 0 
0.520009 0.54058 0 
0.519872 0.540844 0 
0.51976 0.539888 0 
0.519648 0.541599 0 
0.51962 0.542541 0 
0.519587 0.539687 0 
0.519548 0.519897 0 
0.519503 0.542211 0 
0.5195 0.521123 0 
0.519476 0.540145 0 
0.519414 0.540453 0 
0.519408 0.522324 0 
0.519405 0.538711 0 
0.51938 0.521255 0 
0.519373 0.522707 0 
0.519353 0.543377 0 
0.519298 0.540936 0 
0.519296 0.519555 0 
0.519153 0.541084 0 
0.51915 0.539238 0 
0.519139 0.519842 0 
0.519134 0.542052 0 
0.519003 0.540195 0 
0.51889 0.540531 0 
0.518879 0.54124 0 
0.518869 0.52178 0 
0.51878 0.54226 0 
0.518775 0.540776 0 
0.518652 0.540662 0 
0.51862 0.536233 0 
0.518567 0.542344 0 
0.518556 0.540844 0 
0.51851 0.540531 0 
0.518485 0.518727 0 
0.518432 0.542151 0 
0.518408 0.54055 0 
0.518401 0.541429 0 
0.518378 0.539354 0 
0.518365 0.54124 0 
0.518344 0.518511 0 
0.51832 0.54124 0 
0.518232 0.544077 0 
0.518196 0.540138 0 
0.518132 0.54346 0 
0.51811 0.543379 0 
0.518098 0.539461 0 
0.518041 0.539888 0 
0.517984 0.540976 0 
0.517827 0.520597 0 
0.517776 0.518453 0 
0.51774 0.54198 0 
0.517702 0.51795 0 
0.517693 0.518435 0 
0.51754 0.518027 0 
0.517504 0.51774 0 
0.517481 0.543515 0 
0.517421 0.542569 0 
0.517421 0.542207 0 
0.517338 0.54129 0 
0.517322 0.542151 0 
0.517258 0.541729 0 
0.517247 0.519736 0 
0.517236 0.517625 0 
0.517226 0.51883 0 
0.517226 0.539147 0 
0.517164 0.54133 0 
0.517163 0.518414 0 
0.517141 0.519853 0 
0.517028 0.519262 0 
0.517027 0.543981 0 
0.516993 0.542608 0 
0.516964 0.543331 0 
0.516954 0.541467 0 
0.51695 0.52043 0 
0.516942 0.539238 0 
0.516919 0.541084 0 
0.516916 0.517112 0 
0.516909 0.542121 0 
0.516872 0.541034 0 
0.516823 0.541285 0 
0.516805 0.517796 0 
0.516789 0.538582 0 
0.516783 0.517719 0 
0.516779 0.518135 0 
0.516775 0.540244 0 
0.516727 0.519192 0 
0.516682 0.519644 0 
0.516677 0.519192 0 
0.516676 0.517603 0 
0.516637 0.517657 0 
0.516637 0.539687 0 
0.516631 0.540272 0 
0.51663 0.516695 0 
0.516629 0.539354 0 
0.516623 0.517033 0 
0.516622 0.542224 0 
0.516612 0.517168 0 
0.516611 0.519516 0 
0.516603 0.518793 0 
0.516602 0.540195 0 
0.51657 0.517896 0 
0.51655 0.542344 0 
0.516526 0.539461 0 
0.516517 0.517091 0 
0.516511 0.544334 0 
0.516504 0.540244 0 
0.516432 0.516642 0 
0.516396 0.51997 0 
0.516375 0.542032 0 
0.516356 0.539145 0 
0.516323 0.536233 0 
0.516295 0.517983 0 
0.516227 0.516995 0 
0.516189 0.520504 0 
0.516188 0.541732 0 
0.516179 0.517202 0 
0.516132 0.517896 0 
0.516121 0.540531 0 
0.516115 0.541732 0 
0.516086 0.540469 0 
0.516085 0.54226 0 
0.516074 0.536233 0 
0.516062 0.516262 0 
0.516019 0.519652 0 
0.516015 0.539687 0 
0.516008 0.520558 0 
0.515974 0.541658 0 
0.515972 0.516156 0 
0.515968 0.543601 0 
0.515952 0.518965 0 
0.515934 0.540346 0 
0.515906 0.517293 0 
0.515813 0.517119 0 
0.515807 0.517643 0 
0.515802 0.540531 0 
0.515776 0.542024 0 
0.515771 0.540315 0 
0.515749 0.541034 0 
0.515737 0.515863 0 
0.515735 0.542562 0 
0.515729 0.542442 0 
0.515675 0.52208 0 
0.515663 0.542608 0 
0.515646 0.543684 0 
0.515646 0.521124 0 
0.515642 0.520473 0 
0.515615 0.541429 0 
0.515606 0.517846 0 
0.515587 0.51926 0 
0.515582 0.540868 0 
0.515526 0.520505 0 
0.515473 0.517846 0 
0.51547 0.540936 0 
0.515469 0.519736 0 
0.515463 0.515612 0 
0.515458 0.540658 0 
0.515454 0.520226 0 
0.515444 0.515755 0 
0.515413 0.541788 0 
0.515308 0.540659 0 
0.515298 0.540244 0 
0.515203 0.540144 0 
0.515197 0.516979 0 
0.515194 0.541071 0 
0.515166 0.538711 0 
0.515166 0.54247 0 
0.515144 0.517695 0 
0.515096 0.540793 0 
0.515054 0.517325 0 
0.515046 0.515414 0 
0.515026 0.539687 0 
0.514996 0.540481 0 
0.514994 0.518539 0 
0.514989 0.540793 0 
0.514986 0.540817 0 
0.514985 0.51734 0 
0.514978 0.51696 0 
0.514962 0.539888 0 
0.514949 0.541729 0 
0.514924 0.54109 0 
0.514922 0.541658 0 
0.514916 0.519912 0 
0.514879 0.54153 0 
0.514868 0.539238 0 
0.514858 0.51739 0 
0.514822 0.540421 0 
0.51481 0.540138 0 
0.514791 0.515333 0 
0.514704 0.544071 0 
0.514674 0.539238 0 
0.514658 0.517103 0 
0.514655 0.515372 0 
0.514596 0.516488 0 
0.514587 0.539145 0 
0.514557 0.516385 0 
0.514527 0.521698 0 
0.514522 0.51533 0 
0.51448 0.515618 0 
0.51447 0.518471 0 
0.514469 0.515578 0 
0.514436 0.516063 0 
0.514412 0.518039 0 
0.514405 0.521328 0 
0.514392 0.541947 0 
0.514384 0.539888 0 
0.514374 0.520226 0 
0.514362 0.539967 0 
0.514357 0.517417 0 
0.514315 0.544948 0 
0.514291 0.542515 0 
0.51429 0.519842 0 
0.514267 0.514271 0 
0.514264 0.539828 0 
0.514261 0.516801 0 
0.514254 0.514662 0 
0.514251 0.540844 0 
0.514204 0.539847 0 
0.514173 0.518603 0 
0.514168 0.540144 0 
0.514161 0.540145 0 
0.514111 0.517601 0 
0.514093 0.514841 0 
0.514075 0.522324 0 
0.514048 0.514636 0 
0.514022 0.539147 0 
0.514018 0.516796 0 
0.513988 0.542334 0 
0.513978 0.518965 0 
0.513974 0.539484 0 
0.51396 0.539828 0 
0.513951 0.518553 0 
0.51393 0.519042 0 
0.513923 0.519778 0 
0.513853 0.514752 0 
0.513851 0.519606 0 
0.513848 0.518057 0 
0.513832 0.519628 0 
0.513771 0.520439 0 
0.513769 0.540272 0 
0.513726 0.540955 0 
0.513721 0.541622 0 
0.513709 0.517032 0 
0.513707 0.544377 0 
0.513693 0.519835 0 
0.513669 0.516046 0 
0.513665 0.521328 0 
0.513639 0.519606 0 
0.513639 0.539773 0 
0.513627 0.542032 0 
0.5136 0.545307 0 
0.513595 0.540662 0 
0.513588 0.545188 0 
0.513585 0.520215 0 
0.513553 0.541607 0 
0.513542 0.539828 0 
0.513507 0.541732 0 
0.51349 0.538711 0 
0.513485 0.540793 0 
0.513478 0.517373 0 
0.513425 0.541795 0 
0.513425 0.520242 0 
0.513424 0.518706 0 
0.513412 0.539828 0 
0.513399 0.515312 0 
0.513385 0.517121 0 
0.513369 0.515491 0 
0.513364 0.540448 0 
0.513353 0.513792 0 
0.513341 0.54153 0 
0.513274 0.520682 0 
0.513248 0.539238 0 
0.513232 0.541071 0 
0.5132 0.539687 0 
0.513198 0.540448 0 
0.513196 0.514379 0 
0.513176 0.514154 0 
0.513125 0.539147 0 
0.513029 0.516991 0 
0.512996 0.541413 0 
0.512976 0.541967 0 
0.512973 0.520645 0 
0.512904 0.518014 0 
0.51286 0.520702 0 
0.51284 0.539289 0 
0.512821 0.539354 0 
0.512804 0.519211 0 
0.512765 0.519211 0 
0.512763 0.541795 0 
0.512736 0.515961 0 
0.512733 0.543768 0 
0.512702 0.515703 0 
0.512677 0.517325 0 
0.512656 0.519416 0 
0.512651 0.517679 0 
0.512649 0.539747 0 
0.512597 0.538711 0 
0.512538 0.54096 0 
0.51252 0.51973 0 
0.512498 0.536233 0 
0.512482 0.520866 0 
0.512458 0.540976 0 
0.512457 0.539145 0 
0.512433 0.539484 0 
0.512422 0.540851 0 
0.512392 0.513682 0 
0.512385 0.538711 0 
0.512354 0.544157 0 
0.512346 0.519842 0 
0.512333 0.541505 0 
0.512303 0.54152 0 
0.5123 0.538711 0 
0.512282 0.541599 0 
0.512262 0.514963 0 
0.512227 0.540244 0 
0.512207 0.54129 0 
0.512105 0.540272 0 
0.512104 0.512756 0 
0.512102 0.539461 0 
0.512049 0.540145 0 
0.512048 0.516044 0 
0.512 0.514568 0 
0.511977 0.522423 0 
0.511936 0.541505 0 
0.511886 0.540195 0 
0.511813 0.541771 0 
0.51181 0.541696 0 
0.511809 0.542442 0 
0.511808 0.515017 0 
0.511785 0.541872 0 
0.511771 0.513627 0 
0.511728 0.538582 0 
0.511645 0.521123 0 
0.511643 0.539484 0 
0.511567 0.542614 0 
0.511522 0.539773 0 
0.511503 0.540659 0 
0.511489 0.540448 0 
0.511469 0.541285 0 
0.511421 0.540272 0 
0.511398 0.540441 0 
0.511397 0.54058 0 
0.511357 0.540531 0 
0.511334 0.538582 0 
0.511297 0.54153 0 
0.511203 0.542184 0 
0.511158 0.542318 0 
0.511117 0.540955 0 
0.511097 0.541435 0 
0.511097 0.540662 0 
0.511088 0.544327 0 
0.511 0.539461 0 
0.510833 0.539888 0 
0.510814 0.54103 0 
0.510804 0.540346 0 
0.510803 0.544198 0 
0.5108 0.542922 0 
0.510768 0.544658 0 
0.510687 0.542818 0 
0.510683 0.540272 0 
0.510601 0.540955 0 
0.510508 0.542024 0 
0.510375 0.541969 0 
0.510261 0.541034 0 
0.510237 0.541585 0 
0.510031 0.54226 0 
0.510002 0.543319 0 
0.509956 0.544323 0 
0.509876 0.541776 0 
0.509571 0.542005 0 
0.509537 0.544835 0 
0.509464 0.542736 0 
0.509394 0.545161 0 
0.509353 0.549114 0 
0.509294 0.540575 0 
0.509285 0.54519 0 
0.509099 0.541429 0 
0.508186 0.539145 0 
0.218701 0.226074 1 
0.217982 0.222645 1 
0.216894 0.223401 1 
0.216674 0.226878 1 
0.216548 0.224548 1 
0.216074 0.221868 1 
0.215995 0.22792 1 
0.215994 0.228064 1 
0.215806 0.2264 1 
0.21579 0.220168 1 
0.215406 0.236471 1 
0.215237 0.220478 1 
0.215108 0.224806 1 
0.214817 0.226752 1 
0.214784 0.226295 1 
0.214706 0.221868 1 
0.214441 0.2264 1 
0.214256 0.224982 1 
0.214213 0.221816 1 
0.214202 0.223942 1 
0.214202 0.21912 1 
0.214133 0.222409 1 
0.214107 0.229038 1 
0.214094 0.225226 1 
0.214048 0.224279 1 
0.213982 0.22317 1 
0.213978 0.226555 1 
0.21391 0.223476 1 
0.213835 0.223956 1 
0.213828 0.221325 1 
0.213801 0.221626 1 
0.213785 0.222596 1 
0.213778 0.223662 1 
0.213484 0.224864 1 
0.213424 0.222151 1 
0.213409 0.226753 1 
0.213363 0.222409 1 
0.213336 0.222409 1 
0.213262 0.22122 1 
0.21319 0.228855 1 
0.21319 0.22513 1 
0.213166 0.219944 1 
0.21311 0.22122 1 
0.213093 0.221008 1 
0.213073 0.226606 1 
0.21303 0.221684 1 
0.212974 0.220654 1 
0.212971 0.225014 1 
0.212942 0.223007 1 
0.212936 0.223402 1 
0.21289 0.224765 1 
0.212869 0.222311 1 
0.212867 0.222377 1 
0.212822 0.222271 1 
0.212819 0.222784 1 
0.212806 0.228441 1 
0.212778 0.223542 1 
0.212744 0.226587 1 
0.212692 0.221684 1 
0.212665 0.219702 1 
0.212599 0.220448 1 
0.212596 0.222151 1 
0.212583 0.225057 1 
0.212566 0.213413 1 
0.212466 0.221166 1 
0.212415 0.224328 1 
0.212343 0.223318 1 
0.212326 0.222596 1 
0.21231 0.223007 1 
0.212306 0.224812 1 
0.212228 0.221738 1 
0.211927 0.223329 1 
0.21184 0.223476 1 
0.211794 0.221693 1 
0.211772 0.219944 1 
0.211771 0.223131 1 
0.211694 0.222784 1 
0.211659 0.227852 1 
0.211657 0.223131 1 
0.211622 0.22317 1 
0.211616 0.221008 1 
0.21145 0.222397 1 
0.211421 0.2222 1 
0.211412 0.219136 1 
0.211405 0.224784 1 
0.211384 0.22122 1 
0.211312 0.224183 1 
0.211209 0.223776 1 
0.211206 0.212443 1 
0.211161 0.222596 1 
0.211055 0.226913 1 
0.21099 0.222219 1 
0.210981 0.221732 1 
0.210877 0.222409 1 
0.210834 0.21912 1 
0.210828 0.224431 1 
0.210819 0.223004 1 
0.210805 0.221732 1 
0.210772 0.221216 1 
0.210744 0.215581 1 
0.210707 0.224231 1 
0.210684 0.220156 1 
0.210674 0.223301 1 
0.210548 0.220654 1 
0.210467 0.223131 1 
0.210453 0.221122 1 
0.210446 0.222596 1 
0.210319 0.227272 1 
0.21027 0.22231 1 
0.210257 0.224487 1 
0.210248 0.227418 1 
0.210243 0.223301 1 
0.21019 0.227089 1 
0.21016 0.22075 1 
0.210148 0.225122 1 
0.210138 0.222397 1 
0.210106 0.22245 1 
0.210062 0.222596 1 
0.210058 0.220568 1 
0.210042 0.210135 1 
0.210022 0.212915 1 
0.209867 0.224242 1 
0.209867 0.211664 1 
0.209838 0.22122 1 
0.209824 0.224231 1 
0.209681 0.215581 1 
0.209666 0.224183 1 
0.209625 0.211216 1 
0.209624 0.222524 1 
0.209621 0.22122 1 
0.209555 0.22384 1 
0.209532 0.22401 1 
0.209509 0.224374 1 
0.209495 0.219724 1 
0.209478 0.21275 1 
0.209384 0.221722 1 
0.209382 0.209737 1 
0.209376 0.223185 1 
0.209373 0.221738 1 
0.209351 0.229129 1 
0.209345 0.225267 1 
0.209341 0.22484 1 
0.209331 0.209543 1 
0.209304 0.209438 1 
0.209295 0.209933 1 
0.209269 0.209493 1 
0.209239 0.221122 1 
0.209211 0.221166 1 
0.20921 0.21049 1 
0.209181 0.209331 1 
0.209134 0.224676 1 
0.209113 0.226377 1 
0.209089 0.222735 1 
0.209075 0.209499 1 
0.209033 0.224565 1 
0.209003 0.210193 1 
0.208939 0.210874 1 
0.208931 0.220568 1 
0.208925 0.221008 1 
0.208891 0.210043 1 
0.20887 0.224374 1 
0.208823 0.228702 1 
0.208807 0.224242 1 
0.208769 0.220568 1 
0.208706 0.227628 1 
0.20867 0.219623 1 
0.208634 0.223329 1 
0.208503 0.222669 1 
0.208476 0.224637 1 
0.208421 0.221008 1 
0.208392 0.210668 1 
0.208293 0.20952 1 
0.208245 0.223211 1 
0.20817 0.209556 1 
0.208121 0.223696 1 
0.208055 0.227992 1 
0.208054 0.221865 1 
0.207953 0.221809 1 
0.207949 0.211002 1 
0.207909 0.210655 1 
0.207851 0.209009 1 
0.207831 0.21912 1 
0.207825 0.227932 1 
0.207806 0.224507 1 
0.207806 0.222975 1 
0.207789 0.209196 1 
0.207738 0.221922 1 
0.207688 0.210656 1 
0.20762 0.209836 1 
0.20759 0.220654 1 
0.207584 0.219136 1 
0.20748 0.221698 1 
0.207446 0.225222 1 
0.207441 0.20833 1 
0.207438 0.22308 1 
0.207388 0.221693 1 
0.207361 0.209438 1 
0.2073 0.210906 1 
0.207267 0.207645 1 
0.207264 0.207274 1 
0.207228 0.208803 1 
0.207223 0.210308 1 
0.20718 0.207562 1 
0.207173 0.213044 1 
0.207144 0.209027 1 
0.207099 0.211351 1 
0.207085 0.224598 1 
0.207042 0.222735 1 
0.207036 0.209292 1 
0.206975 0.21912 1 
0.206898 0.221051 1 
0.206897 0.222478 1 
0.206892 0.222596 1 
0.206879 0.219835 1 
0.206861 0.219724 1 
0.206815 0.221226 1 
0.206754 0.219944 1 
0.206731 0.208752 1 
0.206684 0.208754 1 
0.206666 0.22231 1 
0.206662 0.210417 1 
0.206644 0.209431 1 
0.206632 0.210656 1 
0.20662 0.215581 1 
0.206618 0.209383 1 
0.206575 0.209566 1 
0.206568 0.20742 1 
0.206518 0.206774 1 
0.206514 0.208263 1 
0.206488 0.221226 1 
0.206485 0.224231 1 
0.206481 0.208892 1 
0.20647 0.2185 1 
0.206453 0.221008 1 
0.20645 0.22075 1 
0.206402 0.207394 1 
0.206397 0.208302 1 
0.206394 0.207417 1 
0.206372 0.210244 1 
0.206352 0.220135 1 
0.20635 0.212541 1 
0.206348 0.221922 1 
0.206346 0.220901 1 
0.206316 0.225264 1 
0.206314 0.22245 1 
0.20631 0.207598 1 
0.206303 0.21008 1 
0.206256 0.20828 1 
0.20624 0.210639 1 
0.206166 0.220156 1 
0.206104 0.206541 1 
0.20608 0.223274 1 
0.206064 0.219136 1 
0.20606 0.210768 1 
0.20606 0.221732 1 
0.205971 0.210434 1 
0.205883 0.222478 1 
0.205803 0.220568 1 
0.20575 0.212925 1 
0.205747 0.208413 1 
0.205738 0.220654 1 
0.205726 0.20588 1 
0.205722 0.207804 1 
0.205673 0.22075 1 
0.20567 0.221166 1 
0.205605 0.22231 1 
0.20559 0.210881 1 
0.205587 0.206792 1 
0.205491 0.224548 1 
0.20549 0.221693 1 
0.205475 0.207898 1 
0.205473 0.219136 1 
0.205467 0.221196 1 
0.205428 0.210508 1 
0.2054 0.208767 1 
0.205397 0.222975 1 
0.20539 0.225726 1 
0.205349 0.206138 1 
0.205347 0.22317 1 
0.205344 0.222219 1 
0.20534 0.20571 1 
0.205337 0.210965 1 
0.205309 0.224503 1 
0.205248 0.210881 1 
0.205233 0.206114 1 
0.205204 0.224507 1 
0.205068 0.205275 1 
0.204969 0.220448 1 
0.204968 0.223301 1 
0.204922 0.209541 1 
0.204911 0.21912 1 
0.204894 0.220156 1 
0.204814 0.219623 1 
0.204808 0.2185 1 
0.204806 0.208162 1 
0.204792 0.224319 1 
0.204773 0.222519 1 
0.204767 0.221226 1 
0.204708 0.222124 1 
0.204702 0.223004 1 
0.204661 0.222622 1 
0.204648 0.208684 1 
0.20463 0.208144 1 
0.20462 0.206497 1 
0.204576 0.208144 1 
0.204519 0.2222 1 
0.204508 0.208118 1 
0.20448 0.2185 1 
0.204479 0.222104 1 
0.204451 0.205845 1 
0.204422 0.224557 1 
0.204383 0.223733 1 
0.204371 0.208392 1 
0.204332 0.208068 1 
0.204318 0.204531 1 
0.204318 0.224676 1 
0.204307 0.221122 1 
0.204272 0.210675 1 
0.204251 0.221216 1 
0.204239 0.220156 1 
0.204237 0.225462 1 
0.204201 0.209166 1 
0.204131 0.219623 1 
0.204129 0.212925 1 
0.204123 0.219724 1 
0.204115 0.206186 1 
0.204018 0.219136 1 
0.204015 0.220835 1 
0.203977 0.219136 1 
0.203883 0.221693 1 
0.203766 0.207135 1 
0.20367 0.22075 1 
0.203668 0.204667 1 
0.203648 0.224641 1 
0.203628 0.205883 1 
0.203606 0.223185 1 
0.203559 0.20801 1 
0.203472 0.204537 1 
0.203399 0.210585 1 
0.203344 0.220835 1 
0.203296 0.203763 1 
0.203287 0.215581 1 
0.20325 0.224199 1 
0.203238 0.224779 1 
0.203206 0.206315 1 
0.203155 0.221809 1 
0.203099 0.224231 1 
0.203032 0.219944 1 
0.20299 0.203174 1 
0.202949 0.222409 1 
0.202562 0.204196 1 
0.202506 0.220901 1 
0.202444 0.206716 1 
0.103079 0.109758 2 
0.101138 0.10247 2 
0.100572 0.103176 2 
0.0994199 0.103194 2 
0.0993068 0.100934 2 
0.0986015 0.100271 2 
0.0983401 0.100491 2 
0.098223 0.0992617 2 
0.0981624 0.100901 2 
0.0981509 0.100168 2 
0.0980087 0.0994326 2 
0.0979085 0.102319 2 
0.0976758 0.100478 2 
0.0971879 0.0978297 2 
0.0971387 0.098683 2 
0.0971344 0.0994038 2 
0.0970351 0.0978297 2 
0.0969642 0.100325 2 
0.0969617 0.102344 2 
0.0969539 0.0985175 2 
0.0968839 0.0983459 2 
0.0967422 0.0984113 2 
0.0967341 0.1007 2 
0.0966907 0.0992908 2 
0.0965898 0.096652 2 
0.0964155 0.0979923 2 
0.0963445 0.0977996 2 
0.096343 0.0992169 2 
0.0963238 0.101124 2 
0.0963225 0.0975182 2 
0.0962805 0.100801 2 
0.0961986 0.099419 2 
0.0961951 0.0984836 2 
0.0961639 0.0968926 2 
0.0961505 0.0988451 2 
0.096072 0.096573 2 
0.0960504 0.0996419 2 
0.096049 0.0970527 2 
0.0960399 0.0991533 2 
0.0959645 0.097331 2 
0.0958908 0.0963681 2 
0.0957677 0.0977996 2 
0.0956605 0.0991752 2 
0.0955363 0.096652 2 
0.0954997 0.0991231 2 
0.0954567 0.0979981 2 
0.0953812 0.0975045 2 
0.0952742 0.096652 2 
0.0951744 0.0977538 2 
0.0951737 0.100478 2 
0.0951309 0.0972128 2 
0.094998 0.10147 2 
0.0949816 0.0983921 2 
0.0948428 0.0987984 2 
0.0948125 0.0978891 2 
0.0948074 0.101777 2 
0.0947771 0.096265 2 
0.0947749 0.101384 2 
0.0947725 0.0978297 2 
0.0947435 0.0964251 2 
0.0947079 0.0947431 2 
0.0947017 0.0966117 2 
0.0946879 0.100362 2 
0.0946876 0.0989939 2 
0.0946609 0.0972845 2 
0.0946539 0.0987416 2 
0.0946332 0.0965286 2 
0.0945823 0.0993751 2 
0.094542 0.0956626 2 
0.0945262 0.0993737 2 
0.0945259 0.0989911 2 
0.0945228 0.10091 2 
0.0944564 0.0988553 2 
0.0943874 0.0979981 2 
0.0943334 0.0979923 2 
0.0943176 0.102964 2 
0.0942968 0.0987821 2 
0.0942857 0.0962091 2 
0.0942219 0.0947784 2 
0.0942099 0.0966117 2 
0.0941997 0.101184 2 
0.0941564 0.102463 2 
0.0941444 0.0970364 2 
0.0941391 0.101756 2 
0.0941345 0.101209 2 
0.0941229 0.0959268 2 
0.0940821 0.0985175 2 
0.0940318 0.0955601 2 
0.0940031 0.0951005 2 
0.0939963 0.097755 2 
0.0939919 0.095876 2 
0.0939135 0.0967389 2 
0.093849 0.0956922 2 
0.0938064 0.097331 2 
0.0938048 0.0965286 2 
0.0937246 0.0956626 2 
0.0936948 0.0962549 2 
0.0936943 0.0939886 2 
0.0936812 0.0967774 2 
0.0936619 0.0940413 2 
0.0936508 0.0970364 2 
0.0936486 0.096652 2 
0.0936283 0.0975045 2 
0.0935186 0.0971144 2 
0.09349 0.096652 2 
0.09349 0.0975958 2 
0.0934896 0.0972128 2 
0.0934601 0.0964331 2 
0.0933855 0.0995841 2 
0.0933597 0.0979321 2 
0.0933591 0.095438 2 
0.0932751 0.0975596 2 
0.0932635 0.096699 2 
0.093205 0.0943014 2 
0.0931298 0.096586 2 
0.0931169 0.0968648 2 
0.0931007 0.0972101 2 
0.0930995 0.0940076 2 
0.093092 0.0982104 2 
0.0930876 0.099419 2 
0.0930325 0.0990025 2 
0.0930127 0.0948891 2 
0.0929919 0.0978328 2 
0.0929784 0.0956626 2 
0.0929593 0.096898 2 
0.0928979 0.0970364 2 
0.0928824 0.0954789 2 
0.0928487 0.0966117 2 
0.0928105 0.095438 2 
0.0927003 0.092948 2 
0.0926571 0.0987821 2 
0.0925576 0.0936523 2 
0.0924966 0.0959839 2 
0.0923535 0.0992093 2 
0.0922794 0.0978328 2 
0.0922389 0.0936881 2 
0.0922273 0.0989036 2 
0.0922191 0.0923038 2 
0.0921777 0.0926842 2 
0.0921706 0.0943551 2 
0.0921434 0.0956626 2 
0.0921422 0.0983921 2 
0.0920998 0.0962044 2 
0.0920604 0.0967774 2 
0.0920493 0.0943014 2 
0.0919862 0.095438 2 
0.0919209 0.0941663 2 
0.0918778 0.0966046 2 
0.0918559 0.0965879 2 
0.0918446 0.0932087 2 
0.0918297 0.0985613 2 
0.091792 0.0921668 2 
0.091762 0.0962549 2 
0.0917176 0.0973581 2 
0.0916997 0.0964251 2 
0.091696 0.0974436 2 
0.0916891 0.0991791 2 
0.0916787 0.0951786 2 
0.0916712 0.0924641 2 
0.0916359 0.0938369 2 
0.091615 0.0921277 2 
0.091585 0.0917339 2 
0.0915382 0.0959268 2 
0.0914138 0.0925854 2 
0.0913114 0.092329 2 
0.0913049 0.094746 2 
0.0912459 0.0916142 2 
0.0911606 0.0975891 2 
0.0911541 0.0994148 2 
0.0911528 0.0993899 2 
0.0911442 0.0929528 2 
0.0911298 0.0949943 2 
0.0911037 0.0989722 2 
0.0910904 0.0913398 2 
0.0910766 0.0915773 2 
0.0910717 0.0926894 2 
0.0910274 0.097268 2 
0.0909957 0.0962091 2 
0.0909908 0.0944229 2 
0.0909771 0.0951786 2 
0.0909629 0.0935816 2 
0.0909538 0.0970527 2 
0.0908938 0.0970026 2 
0.0908914 0.0916231 2 
0.0908584 0.0993099 2 
0.0908421 0.0959839 2 
0.0908337 0.0968995 2 
0.0908072 0.0938196 2 
0.0908031 0.0910269 2 
0.0907943 0.0962747 2 
0.0907781 0.0912631 2 
0.0907607 0.0933173 2 
0.0906881 0.0926894 2 
0.0906624 0.0921345 2 
0.0906507 0.0971144 2 
0.0906236 0.0926985 2 
0.0905842 0.0914895 2 
0.0905812 0.0979916 2 
0.0905659 0.0926669 2 
0.0905413 0.0914376 2 
0.0904587 0.0945102 2 
0.0904462 0.0912325 2 
0.090404 0.0972101 2 
0.0904024 0.0951005 2 
0.0903983 0.0916281 2 
0.0903776 0.0918324 2 
0.0903558 0.0983459 2 
0.0903277 0.0921091 2 
0.0903054 0.0943014 2 
0.0902761 0.0933415 2 
0.0902655 0.0917949 2 
0.0902563 0.0906042 2 
0.0902539 0.0924897 2 
0.0902311 0.095438 2 
0.0902191 0.0999623 2 
0.0902071 0.0959952 2 
0.0901846 0.0932207 2 
0.0901604 0.0938369 2 
0.090129 0.0990223 2 
0.0900973 0.0943014 2 
0.0900907 0.099465 2 
0.090027 0.0956809 2 
0.0900185 0.0906991 2 
0.0899822 0.0909653 2 
0.0899795 0.0903627 2 
0.0899448 0.0943609 2 
0.0899382 0.0923984 2 
0.0899352 0.0968995 2 
0.0899332 0.0911245 2 
0.0898857 0.0931166 2 
0.0898724 0.0951786 2 
0.0898661 0.0952569 2 
0.0898529 0.0943551 2 
0.0898396 0.0905476 2 
0.08975 0.0898965 2 
0.0897124 0.094879 2 
0.0896953 0.0967389 2 
0.0896701 0.0966117 2 
0.0896507 0.0918094 2 
0.0896219 0.092191 2 
0.0896182 0.0940737 2 
0.0896151 0.0967278 2 
0.0896002 0.0935468 2 
0.0895979 0.0958511 2 
0.0895712 0.0898441 2 
0.089571 0.0896422 2 
0.0895707 0.100439 2 
0.0895633 0.0986267 2 
0.089553 0.0923112 2 
0.089552 0.0902047 2 
0.0895405 0.0896816 2 
0.0895343 0.0958511 2 
0.0895037 0.0900939 2 
0.089476 0.0900469 2 
0.0894497 0.095876 2 
0.08943 0.0968648 2 
0.0894112 0.0962091 2 
0.0893922 0.0910785 2 
0.0893809 0.0923443 2 
0.0893456 0.0934877 2 
0.0893326 0.0957707 2 
0.0892908 0.0996139 2 
0.0892705 0.0912295 2 
0.089256 0.099185 2 
0.0892123 0.0958511 2 
0.089211 0.0962044 2 
0.0891622 0.0955601 2 
0.089137 0.0930942 2 
0.089125 0.0977561 2 
0.0890717 0.0909122 2 
0.0890684 0.0947784 2 
0.0890433 0.0923443 2 
0.0890405 0.0959268 2 
0.0890092 0.0974436 2 
0.0890031 0.096898 2 
0.0889874 0.0959445 2 
0.0889845 0.0971877 2 
0.0889606 0.0963679 2 
0.0889078 0.0990223 2 
0.0889005 0.0951005 2 
0.0888276 0.0968995 2 
0.0888102 0.0958784 2 
0.0888068 0.0961296 2 
0.0887825 0.0987821 2 
0.0887705 0.089552 2 
0.0887546 0.0962091 2 
0.0887244 0.0955601 2 
0.0887164 0.0908282 2 
0.0887162 0.0917663 2 
0.0887153 0.0971877 2 
0.0886759 0.092437 2 
0.0886457 0.0914847 2 
0.0886249 0.0938369 2 
0.0885913 0.0970527 2 
0.0885562 0.0900939 2 
0.0885436 0.0983512 2 
0.0885085 0.0920067 2 
0.0884519 0.092155 2 
0.0883967 0.0989175 2 
0.0883867 0.0900217 2 
0.0883441 0.0915668 2 
0.0883207 0.0987821 2 
0.0882284 0.0973581 2 
0.0881846 0.0970026 2 
0.0881042 0.0959952 2 
0.0880889 0.0924506 2 
0.088058 0.0962044 2 
0.0880544 0.0970961 2 
0.088021 0.0934877 2 
0.0880029 0.0970732 2 
0.0879676 0.0934877 2 
0.087947 0.0926331 2 
0.0879112 0.0990172 2 
0.0878801 0.0943014 2 
0.0878763 0.0883892 2 
0.0877539 0.0931811 2 
0.0876576 0.0924651 2 
0.0876465 0.0893132 2 
0.0876312 0.0887827 2 
0.0875801 0.0876055 2 
0.0874305 0.0943551 2 
0.0874228 0.0943014 2 
0.0874072 0.0877982 2 
0.0873997 0.0959445 2 
0.0873402 0.0962044 2 
0.0873149 0.0899682 2 
0.0872607 0.094746 2 
0.0872508 0.0994818 2 
0.0871306 0.094746 2 
0.0871006 0.0924651 2 
0.0870197 0.0947784 2 
0.0869014 0.0897008 2 
0.0868584 0.0958784 2 
0.0867737 0.087036 2 
0.0866818 0.0895401 2 
0.0863809 0.0871911 2 
0.0856308 0.0957707 2 
0.052884 0.052909 3 
0.0479548 0.0479613 3 
0.0469413 0.0481215 3 
0.0465574 0.0469493 3 
0.0465421 0.0468916 3 
0.0463435 0.0475935 3 
0.0459768 0.0465045 3 
0.0458994 0.0470964 3 
0.0457179 0.0459047 3 
0.0455536 0.0456936 3 
0.0454735 0.0462613 3 
0.0454156 0.046083 3 
0.0453962 0.0466083 3 
0.0453739 0.0455508 3 
0.0453686 0.0464785 3 
0.0453489 0.0477078 3 
0.0453415 0.046762 3 
0.0452872 0.0474847 3 
0.0452755 0.0457306 3 
0.045235 0.0458569 3 
0.0452121 0.0466324 3 
0.0451387 0.0462219 3 
0.0451315 0.045452 3 
0.0451005 0.0475097 3 
0.0450893 0.0481208 3 
0.045024 0.0476191 3 
0.0450224 0.0464588 3 
0.0450127 0.0468992 3 
0.0449651 0.0466181 3 
0.0449444 0.0470054 3 
0.0448929 0.0481697 3 
0.044881 0.0459137 3 
0.0447678 0.0449163 3 
0.0444766 0.0456641 3 
0.0444044 0.0459835 3 
0.0443863 0.0451999 3 
0.0443561 0.0446857 3 
0.0443206 0.0443455 3 
0.0443021 0.0447678 3 
0.0442813 0.0453151 3 
0.0442553 0.0445082 3 
0.0442329 0.045631 3 
0.0442162 0.0445199 3 
0.0441842 0.0456891 3 
0.0441355 0.0462884 3 
0.0441223 0.0444832 3 
0.0440242 0.0445445 3 
0.0440046 0.0440965 3 
0.0439691 0.0444832 3 
0.0439026 0.045897 3 
0.0438159 0.044023 3 
0.0437995 0.0461703 3 
0.0437943 0.0445068 3 
0.0437745 0.0440902 3 
0.043772 0.0439743 3 
0.0437452 0.044011 3 
0.0437369 0.0440578 3 
0.0437109 0.0447678 3 
0.0437045 0.0441334 3 
0.0436971 0.0444745 3 
0.0436736 0.0439728 3 
0.0436567 0.0442755 3 
0.0436543 0.0442277 3 
0.0435896 0.0440542 3 
0.0435764 0.0459491 3 
0.0435751 0.0441534 3 
0.0435029 0.0444405 3 
0.0434939 0.0442732 3 
0.0434789 0.0455377 3 
0.0434523 0.0440578 3 
0.0434354 0.0437005 3 
0.0434139 0.0451088 3 
0.0434119 0.0439771 3 
0.0433448 0.0446455 3 
0.0433241 0.0460747 3 
0.0433139 0.0456641 3 
0.0433119 0.0436115 3 
0.0431945 0.0440341 3 
0.0431341 0.0437304 3 
0.0431215 0.0437801 3 
0.0431015 0.0433223 3 
0.0430516 0.0445068 3 
0.0430487 0.0444586 3 
0.0430441 0.0457306 3 
0.0430362 0.0451774 3 
0.0429378 0.0437579 3 
0.0429225 0.0447211 3 
0.0428966 0.043627 3 
0.0428346 0.0433806 3 
0.0428105 0.0446332 3 
0.0427946 0.044158 3 
0.0427931 0.0433051 3 
0.0427221 0.0440965 3 
0.0427062 0.0439771 3 
0.0426781 0.0435158 3 
0.042675 0.0450144 3 
0.0426573 0.0426911 3 
0.0426216 0.0432469 3 
0.0426177 0.04537 3 
0.0425918 0.0451831 3 
0.0425856 0.0429056 3 
0.042566 0.0437252 3 
0.0425608 0.0428758 3 
0.0425207 0.0466115 3 
0.0424909 0.0434379 3 
0.0424561 0.0440658 3 
0.0424402 0.0428953 3 
0.0424095 0.0429522 3 
0.0424049 0.0425818 3 
0.0423961 0.0451297 3 
0.0423948 0.0443455 3 
0.0423893 0.0424619 3 
0.0423847 0.0425557 3 
0.0423616 0.0447101 3 
0.0423492 0.0435852 3 
0.042345 0.044757 3 
0.0423389 0.0438671 3 
0.0423085 0.0439951 3 
0.0422691 0.0436409 3 
0.0422458 0.044011 3 
0.042241 0.0427926 3 
0.0422239 0.0463177 3 
0.04221 0.0457414 3 
0.0422082 0.0437281 3 
0.042161 0.0443662 3 
0.0421313 0.0466362 3 
0.042129 0.0437227 3 
0.0421197 0.04286 3 
0.0421105 0.0445836 3 
0.0420961 0.0436639 3 
0.04209 0.0422227 3 
0.0420824 0.044992 3 
0.0420555 0.0426477 3 
0.0420526 0.0422227 3 
0.0420301 0.0423498 3 
0.0420214 0.042798 3 
0.0420108 0.0460588 3 
0.0420008 0.042847 3 
0.0419834 0.0443404 3 
0.0419466 0.0440658 3 
0.0419456 0.0424754 3 
0.0419345 0.043627 3 
0.0419309 0.0429202 3 
0.0419209 0.0425539 3 
0.041913 0.0459303 3 
0.0419045 0.0435033 3 
0.0418977 0.0434843 3 
0.0418927 0.0445689 3 
0.0418626 0.0437005 3 
0.0418527 0.042126 3 
0.0418272 0.042513 3 
0.0418075 0.0421945 3 
0.0417885 0.0428181 3 
0.0417723 0.0438711 3 
0.0417608 0.044011 3 
0.0417516 0.0436062 3 
0.0417413 0.0440542 3 
0.0417345 0.0434916 3 
0.0416491 0.0439469 3 
0.041616 0.0456891 3 
0.0415986 0.0449247 3 
0.0415882 0.0465686 3 
0.0415712 0.0420659 3 
0.0415665 0.0448168 3 
0.0415523 0.0460323 3 
0.0415481 0.0450144 3 
0.0415305 0.0428762 3 
0.0415153 0.0424645 3 
0.0414986 0.0436049 3 
0.0414916 0.0427192 3 
0.0414897 0.042798 3 
0.0414756 0.0467793 3 
0.0414666 0.0427926 3 
0.0414594 0.0444544 3 
0.0414483 0.0431892 3 
0.0414344 0.0441827 3 
0.0414272 0.0434752 3 
0.0414109 0.0428794 3 
0.0414005 0.0432914 3 
0.041398 0.0433774 3 
0.0413543 0.0423821 3 
0.0413203 0.0440542 3 
0.0413186 0.0436666 3 
0.0412889 0.043627 3 
0.0412646 0.044083 3 
0.0412411 0.045631 3 
0.0412324 0.0417731 3 
0.0412238 0.0438668 3 
0.0412121 0.043627 3 
0.0411998 0.0442819 3 
0.0411864 0.0435171 3 
0.0411634 0.0434859 3 
0.0411533 0.0439421 3 
0.0411505 0.0426711 3 
0.041148 0.0417485 3 
0.0411392 0.0451287 3 
0.041134 0.0445068 3 
0.0411266 0.0430223 3 
0.0411216 0.0456641 3 
0.0411187 0.0440636 3 
0.0410955 0.04364 3 
0.0410914 0.0419477 3 
0.0410558 0.0440658 3 
0.0410372 0.041803 3 
0.0410318 0.0451263 3 
0.0410315 0.0441534 3 
0.0409937 0.0419695 3 
0.0409893 0.0440079 3 
0.0409631 0.0441306 3 
0.040955 0.0445445 3 
0.0409393 0.04364 3 
0.0409059 0.045401 3 
0.0408873 0.0445827 3 
0.0408737 0.0432881 3 
0.0408299 0.0419477 3 
0.0408141 0.0441827 3 
0.0408051 0.0431759 3 
0.0407985 0.0435852 3 
0.0407945 0.0445821 3 
0.0407903 0.0443181 3 
0.0407819 0.0436135 3 
0.0407719 0.0458217 3 
0.0407715 0.0457622 3 
0.0407663 0.0431759 3 
0.0406761 0.0455788 3 
0.0406419 0.0435226 3 
0.0406253 0.041363 3 
0.0406195 0.0432225 3 
0.0405553 0.045795 3 
0.0405484 0.0446857 3 
0.0405196 0.0426711 3 
0.0405062 0.0407241 3 
0.0404877 0.0440916 3 
0.0404756 0.0412449 3 
0.0404491 0.0423036 3 
0.0404317 0.0441493 3 
0.0404309 0.0437499 3 
0.0403516 0.0421207 3 
0.0403508 0.0448253 3 
0.0403331 0.0447664 3 
0.0402904 0.0434379 3 
0.0402619 0.0430248 3 
0.0402426 0.040594 3 
0.0402108 0.0446455 3 
0.0401925 0.0437849 3 
0.0401417 0.0429027 3 
0.0401344 0.0411409 3 
0.0400937 0.0404677 3 
0.0400374 0.0412362 3 
0.0400236 0.0427433 3 
0.0400135 0.0444745 3 
0.0399727 0.041417 3 
0.0399103 0.0436977 3 
0.0398783 0.0402223 3 
0.0398773 0.0409475 3 
0.0398635 0.0427926 3 
0.0398017 0.0441494 3 
0.0397525 0.0462403 3 
0.0396904 0.0430621 3 
0.0396472 0.0428953 3 
0.0396013 0.0398541 3 
0.0395822 0.0436049 3 
0.0395819 0.0410533 3 
0.0395554 0.041261 3 
0.0394651 0.0428953 3 
0.0393915 0.0426591 3 
0.0393649 0.0417731 3 
0.0392413 0.0428953 3 
0.0390591 0.0440658 3 
0.0390237 0.0435761 3 
0.0381541 0.0382052 3 
0.0231738 0.0233236 4 
0.0227506 0.0228073 4 
0.0226916 0.0231997 4 
0.0224921 0.0224949 4 
0.0224214 0.0233657 4 
0.0223905 0.0229823 4 
0.0223368 0.0228875 4 
0.0223043 0.0229185 4 
0.0222965 0.022592 4 
0.0222264 0.0225099 4 
0.0222242 0.0224283 4 
0.0222051 0.0225025 4 
0.0221789 0.0227091 4 
0.0220962 0.0231983 4 
0.022046 0.0231491 4 
0.0220396 0.0223322 4 
0.0219853 0.0222793 4 
0.0218967 0.0224924 4 
0.0218156 0.0220511 4 
0.0216531 0.0218863 4 
0.0215706 0.0219807 4 
0.0215239 0.0216126 4 
0.0215201 0.0216126 4 
0.0215061 0.0218326 4 
0.0214542 0.0217279 4 
0.0213849 0.0217834 4 
0.0213805 0.0215151 4 
0.0213696 0.0215399 4 
0.0213487 0.0216793 4 
0.0213445 0.0217182 4 
0.0212844 0.0220893 4 
0.0212154 0.0217754 4 
0.0212151 0.0218994 4 
0.0212017 0.0214713 4 
0.0211723 0.0221858 4 
0.0211465 0.0216254 4 
0.0211373 0.0213591 4 
0.0211359 0.0219546 4 
0.0210342 0.0214657 4 
0.0210258 0.0219308 4 
0.0210003 0.0213541 4 
0.0209667 0.0221047 4 
0.0209562 0.0221106 4 
0.0209522 0.0213124 4 
0.0209521 0.0209793 4 
0.0209493 0.0214401 4 
0.0209242 0.0217189 4 
0.0209162 0.0225652 4 
0.0209157 0.0211533 4 
0.0209088 0.0209836 4 
0.0208999 0.0214713 4 
0.0208974 0.0225777 4 
0.0208827 0.0210158 4 
0.0208784 0.0221477 4 
0.0208436 0.0215247 4 
0.0208058 0.0215884 4 
0.0207581 0.0214962 4 
0.020711 0.0207982 4 
0.0206989 0.0215595 4 
0.0206868 0.0216494 4 
0.0206823 0.0216249 4 
0.0206777 0.0212836 4 
0.0206488 0.020822 4 
0.0206327 0.0209886 4 
0.0205926 0.0211749 4 
0.0205822 0.0212127 4 
0.0205822 0.0216893 4 
0.0205518 0.0222379 4 
0.0205413 0.0209579 4 
0.0205357 0.0210297 4 
0.0205298 0.0211995 4 
0.0205156 0.0216551 4 
0.0205149 0.0210395 4 
0.0204566 0.0205641 4 
0.0204461 0.0209782 4 
0.020445 0.0218295 4 
0.0204355 0.020547 4 
0.0204295 0.0207264 4 
0.0204204 0.0213124 4 
0.0204091 0.0211705 4 
0.0204042 0.0228134 4 
0.0203922 0.0209958 4 
0.020376 0.0216015 4 
0.0203733 0.0215247 4 
0.0203691 0.0205096 4 
0.0203662 0.021467 4 
0.0203659 0.0204287 4 
0.0203525 0.0223503 4 
0.0203512 0.0215486 4 
0.0203505 0.0217472 4 
0.0203398 0.0225705 4 
0.0203119 0.0206442 4 
0.020309 0.0209753 4 
0.0203043 0.0211059 4 
0.0203041 0.020329 4 
0.0203035 0.0203793 4 
0.0202918 0.0216393 4 
0.0202883 0.0209011 4 
0.0202637 0.0212834 4 
0.0202443 0.0206481 4 
0.0202413 0.0214319 4 
0.0202403 0.020822 4 
0.0202196 0.0212864 4 
0.0202187 0.0209011 4 
0.0202177 0.0210395 4 
0.0202059 0.0225777 4 
0.020148 0.0212744 4 
0.0201373 0.0204887 4 
0.0201268 0.0221155 4 
0.0201247 0.0218524 4 
0.0200968 0.0210158 4 
0.0200901 0.0215961 4 
0.0200713 0.0209011 4 
0.0200491 0.0206545 4 
0.0200459 0.0205349 4 
0.0200442 0.0204673 4 
0.0200031 0.0207264 4 
0.0199861 0.0225512 4 
0.0199721 0.0212201 4 
0.0199666 0.020455 4 
0.0199626 0.0224376 4 
0.0199455 0.0220662 4 
0.0199404 0.0205656 4 
0.0199392 0.0199437 4 
0.019935 0.0211749 4 
0.0199284 0.0204887 4 
0.0199253 0.020547 4 
0.0199213 0.0210961 4 
0.0199111 0.0201212 4 
0.019907 0.0209928 4 
0.019902 0.0217646 4 
0.0198767 0.0204497 4 
0.0198735 0.0211698 4 
0.0198707 0.020467 4 
0.0198631 0.0210511 4 
0.0198602 0.0218152 4 
0.0198453 0.0213124 4 
0.0198293 0.0214931 4 
0.0198252 0.0198768 4 
0.0198165 0.0209656 4 
0.0198151 0.0223432 4 
0.0198049 0.0204673 4 
0.0198029 0.0209099 4 
0.0197895 0.0209045 4 
0.0197758 0.0204986 4 
0.0197454 0.0207504 4 
0.0197403 0.0201251 4 
0.0197149 0.0206797 4 
0.0197013 0.0203793 4 
0.0196832 0.0203109 4 
0.0196679 0.0212942 4 
0.019667 0.0216249 4 
0.0196666 0.0206194 4 
0.0196545 0.0220219 4 
0.0196327 0.0207777 4 
0.0196182 0.0216126 4 
0.0196154 0.0219364 4 
0.0196024 0.0217646 4 
0.0195987 0.0213969 4 
0.0195928 0.0207994 4 
0.0195736 0.0205853 4 
0.0195723 0.0213997 4 
0.0195563 0.0208105 4 
0.0195368 0.0216893 4 
0.0195302 0.0216126 4 
0.0195143 0.0216308 4 
0.0195139 0.0211183 4 
0.0195074 0.0198738 4 
0.0194966 0.0206481 4 
0.0194874 0.0208332 4 
0.0194723 0.0195342 4 
0.0194658 0.0200302 4 
0.0194619 0.0211935 4 
0.0194569 0.020867 4 
0.0194555 0.0219427 4 
0.0194522 0.0196744 4 
0.0194336 0.020547 4 
0.0194243 0.0213085 4 
0.0194146 0.0201605 4 
0.0193922 0.0198738 4 
0.0193888 0.0216735 4 
0.019378 0.020822 4 
0.0193559 0.0198151 4 
0.0193523 0.0215247 4 
0.019336 0.0194176 4 
0.0193031 0.0205096 4 
0.0192772 0.0204701 4 
0.0192707 0.0194176 4 
0.0192395 0.0195783 4 
0.0192374 0.0215435 4 
0.0192191 0.0202102 4 
0.0191917 0.0192022 4 
0.0191869 0.0202739 4 
0.0191405 0.0219584 4 
0.0191345 0.0203317 4 
0.0191304 0.0209099 4 
0.0191162 0.019294 4 
0.019097 0.0209868 4 
0.0190889 0.0207834 4 
0.0190751 0.0198048 4 
0.0190209 0.0213627 4 
0.0190053 0.0206194 4 
0.0189845 0.0216551 4 
0.018974 0.0195721 4 
0.0189728 0.0198635 4 
0.0189358 0.0216921 4 
0.0189235 0.0196889 4 
0.0189026 0.0198768 4 
0.0188857 0.0205096 4 
0.0188287 0.0206442 4 
0.018826 0.0205788 4 
0.0187937 0.0202102 4 
0.0187585 0.0197018 4 
0.0186345 0.0212042 4 
0.0185441 0.019678 4 
0.018524 0.0210019 4 
0.018456 0.0197964 4 
0.0184336 0.0207391 4 
0.0183251 0.0193308 4 
0.0182741 0.0205932 4 
0.0114316 0.0115361 5 
0.0113277 0.011391 5 
0.0113146 0.0113321 5 
0.0112668 0.011618 5 
0.0112166 0.0112991 5 
0.0112157 0.0113797 5 
0.011126 0.0114009 5 
0.0110955 0.0112253 5 
0.0110019 0.0114433 5 
0.0109214 0.0109891 5 
0.0107673 0.0107827 5 
0.0107554 0.0110771 5 
0.0107393 0.0108409 5 
0.0107114 0.0111981 5 
0.0107068 0.0108253 5 
0.0107037 0.0107121 5 
0.0106397 0.0111425 5 
0.0106359 0.0107518 5 
0.0106208 0.0107923 5 
0.0106097 0.010728 5 
0.0106071 0.0106717 5 
0.0106059 0.0112354 5 
0.0105851 0.0105906 5 
0.0105701 0.0110385 5 
0.0105561 0.0112567 5 
0.0104882 0.0105902 5 
0.0104745 0.0108639 5 
0.0104716 0.0107804 5 
0.0104624 0.0105407 5 
0.010454 0.0106015 5 
0.0104494 0.0108615 5 
0.0104199 0.0108736 5 
0.0104189 0.0107755 5 
0.0104176 0.0108594 5 
0.010392 0.0110202 5 
0.0103889 0.0110592 5 
0.0103616 0.0105833 5 
0.0103517 0.0111261 5 
0.0103504 0.0107177 5 
0.0103426 0.0105902 5 
0.0103383 0.0106727 5 
0.010338 0.0107136 5 
0.0103232 0.0111064 5 
0.0103188 0.0103967 5 
0.0103091 0.010381 5 
0.0102852 0.0105849 5 
0.010266 0.0106727 5 
0.0102608 0.0110626 5 
0.0102532 0.0106316 5 
0.0102514 0.0102985 5 
0.0102489 0.0105902 5 
0.0102304 0.010399 5 
0.0102184 0.0102236 5 
0.0102164 0.0106343 5 
0.0102129 0.0106316 5 
0.0102051 0.0111779 5 
0.0102046 0.0108757 5 
0.0101991 0.0107426 5 
0.010194 0.0107544 5 
0.0101939 0.0102762 5 
0.0101897 0.0103756 5 
0.0101874 0.010361 5 
0.010183 0.0106343 5 
0.0101822 0.0113434 5 
0.0101815 0.0109791 5 
0.0101281 0.0102846 5 
0.0101212 0.0105643 5 
0.0101133 0.0115054 5 
0.0101077 0.0101106 5 
0.0101033 0.0114549 5 
0.0100947 0.0101101 5 
0.0100897 0.0112779 5 
0.0100892 0.0110849 5 
0.0100864 0.0104626 5 
0.0100796 0.0100985 5 
0.0100593 0.0108032 5 
0.0100413 0.0101457 5 
0.0100406 0.0100985 5 
0.0100185 0.0103004 5 
0.0100129 0.0101498 5 
0.0100038 0.0101718 5 
0.00999839 0.0107279 5 
0.00998883 0.010274 5 
0.0099788 0.0101695 5 
0.00996889 0.0104319 5 
0.0099665 0.0104836 5 
0.00995672 0.0107001 5 
0.00995516 0.0104427 5 
0.00995257 0.0101909 5 
0.00993771 0.0106435 5 
0.00993676 0.0100702 5 
0.0099295 0.010361 5 
0.00992382 0.0106076 5 
0.00991992 0.0102796 5 
0.00991551 0.0112372 5 
0.00990399 0.010942 5 
0.00989802 0.010897 5 
0.00989288 0.0102078 5 
0.00989274 0.0106682 5 
0.00989019 0.0111774 5 
0.0098519 0.00988604 5 
0.00984797 0.00990826 5 
0.0098411 0.0104093 5 
0.00982329 0.0106258 5 
0.00981915 0.0113224 5 
0.00981516 0.00997842 5 
0.00980868 0.0101797 5 
0.00980559 0.0109776 5 
0.00980557 0.0102062 5 
0.0097934 0.0101967 5 
0.00978946 0.0108874 5 
0.00978248 0.0106972 5 
0.00977171 0.0106143 5 
0.00975633 0.0100155 5 
0.00974435 0.00998378 5 
0.00973952 0.0104749 5 
0.00973949 0.0110242 5 
0.00973459 0.0101905 5 
0.009727 0.0100574 5 
0.00972513 0.00991347 5 
0.00970093 0.00988604 5 
0.00969984 0.0102031 5 
0.00969503 0.010861 5 
0.00969413 0.010093 5 
0.00968789 0.0101779 5 
0.00968606 0.0100313 5 
0.00968559 0.0102655 5 
0.00968011 0.0100956 5 
0.00967396 0.0103914 5 
0.0096579 0.00976627 5 
0.00964374 0.0106606 5 
0.00962193 0.010582 5 
0.00961989 0.0104189 5 
0.00961382 0.0104955 5 
0.00961372 0.00984036 5 
0.00961176 0.0105608 5 
0.00960647 0.0105902 5 
0.00960606 0.0101078 5 
0.00960584 0.0100956 5 
0.00960328 0.0100172 5 
0.00959 0.00984036 5 
0.00958143 0.0100333 5 
0.00957979 0.0104428 5 
0.00957084 0.0106717 5 
0.00956333 0.0100662 5 
0.00955922 0.0102031 5 
0.00955467 0.0107968 5 
0.00955273 0.00979291 5 
0.00954515 0.00969158 5 
0.00954425 0.00991027 5 
0.00953893 0.0107542 5 
0.00953618 0.00978667 5 
0.00953071 0.0107124 5 
0.0095301 0.0105732 5 
0.0095238 0.00968309 5 
0.00951859 0.00962443 5 
0.00951717 0.0097516 5 
0.00950931 0.0102062 5 
0.00950828 0.00997285 5 
0.00948492 0.0106507 5 
0.00947997 0.010618 5 
0.00947975 0.010582 5 
0.00946279 0.00953422 5 
0.00945634 0.00987536 5 
0.00939155 0.00941668 5 
0.00936453 0.0095679 5 
0.00936231 0.00955192 5 
0.00935715 0.00997285 5 
0.00933844 0.00945849 5 
0.00933395 0.00983532 5 
0.00932757 0.0102796 5 
0.00932698 0.009641 5 
0.00932236 0.0107518 5 
0.00929611 0.0097516 5 
0.00929568 0.0103921 5 
0.00928674 0.00999936 5 
0.00928587 0.0106495 5 
0.00926269 0.00967581 5 
0.00924897 0.0102142 5 
0.00924096 0.00967335 5 
0.00922765 0.00987946 5 
0.0092068 0.0102647 5 
0.00916738 0.0106929 5 
0.00915945 0.00991634 5 
0.00915188 0.0100697 5 
0.00913948 0.00984036 5 
0.00905603 0.0104802 5 
0.00894483 0.0101424 5 
0.00893476 0.00943523 5 
0.00882499 0.00920384 5 
0.00879925 0.00984106 5 
0.00876629 0.00954846 5 
0.00874146 0.00875554 5 
0.00578017 0.00582204 6 
0.00556468 0.00574992 6 
0.00552303 0.00565965 6 
0.00551341 0.00572965 6 
0.00550967 0.00562394 6 
0.00549698 0.00568968 6 
0.00546068 0.00551865 6 
0.00545312 0.00560457 6 
0.00544205 0.0055753 6 
0.00543567 0.00573851 6 
0.005421 0.00553796 6 
0.00541189 0.005445 6 
0.0054051 0.0054771 6 
0.0053737 0.00544307 6 
0.0053524 0.00539434 6 
0.00534915 0.00555485 6 
0.00531574 0.0056844 6 
0.00531126 0.0054077 6 
0.00530277 0.00564729 6 
0.00528866 0.00541963 6 
0.00528682 0.00542699 6 
0.00528249 0.00536788 6 
0.00528144 0.00561326 6 
0.00527632 0.00573603 6 
0.00526657 0.00532408 6 
0.00526641 0.00545435 6 
0.005264 0.00564772 6 
0.00525258 0.00527889 6 
0.00525148 0.00552652 6 
0.00524682 0.00550634 6 
0.00524296 0.00527195 6 
0.00523922 0.00523961 6 
0.00523364 0.00526629 6 
0.00521913 0.00526629 6 
0.00521807 0.00548222 6 
0.00521354 0.00526332 6 
0.00521063 0.00568667 6 
0.00520464 0.00528608 6 
0.00520453 0.00539392 6 
0.00520332 0.00525706 6 
0.00519848 0.00533449 6 
0.00519769 0.00605964 6 
0.00518651 0.00520568 6 
0.00518606 0.0053096 6 
0.00517274 0.00563102 6 
0.00517084 0.00571196 6 
0.00516732 0.00518565 6 
0.00516504 0.00574231 6 
0.00516451 0.00516691 6 
0.00516232 0.00517478 6 
0.0051616 0.00524152 6 
0.00515285 0.00523873 6 
0.00515119 0.0053096 6 
0.00514108 0.00530646 6 
0.00513514 0.00549287 6 
0.00513265 0.00529099 6 
0.00513196 0.00573394 6 
0.00510573 0.00554737 6 
0.00510202 0.00591282 6 
0.0050991 0.00532226 6 
0.00509482 0.00551375 6 
0.00509071 0.00551464 6 
0.00507637 0.00512227 6 
0.00507134 0.00527394 6 
0.00506281 0.00544571 6 
0.00505992 0.00560042 6 
0.00504484 0.00557003 6 
0.00504447 0.00535874 6 
0.00504423 0.00522902 6 
0.00503993 0.00512992 6 
0.00503915 0.00509311 6 
0.00503554 0.00514069 6 
0.00503399 0.00520763 6 
0.00501416 0.00538532 6 
0.00501145 0.00503289 6 
0.00500971 0.00516056 6 
0.00500258 0.00504644 6 
0.0049999 0.00531114 6 
0.00499387 0.00528008 6 
0.00498563 0.00566314 6 
0.00498345 0.00502116 6 
0.00498291 0.00530171 6 
0.00498153 0.00548582 6 
0.00497906 0.00571412 6 
0.00496998 0.00511502 6 
0.00496906 0.00507111 6 
0.00495934 0.00499062 6 
0.00494904 0.00506116 6 
0.00494128 0.00506116 6 
0.00493521 0.00513444 6 
0.00493514 0.00554056 6 
0.00491415 0.00521384 6 
0.00489691 0.0050669 6 
0.00489548 0.00531422 6 
0.00489254 0.00542653 6 
0.00488938 0.00504644 6 
0.00488856 0.00490627 6 
0.00488796 0.00490376 6 
0.00488644 0.00525096 6 
0.00488487 0.00519011 6 
0.00488436 0.00512696 6 
0.00487659 0.00539582 6 
0.00487508 0.00493159 6 
0.00486906 0.00520765 6 
0.00486837 0.00524042 6 
0.00486333 0.00550049 6 
0.00485711 0.00488125 6 
0.00485658 0.00546147 6 
0.00485326 0.00490839 6 
0.00485212 0.0050294 6 
0.00484234 0.00496746 6 
0.00483491 0.00494359 6 
0.004833 0.00500377 6 
0.00483254 0.00507111 6 
0.00483101 0.00497702 6 
0.00482639 0.00529099 6 
0.0048255 0.00494359 6 
0.00482449 0.00530561 6 
0.00482117 0.00525582 6 
0.00481419 0.00529998 6 
0.00481366 0.00513199 6 
0.00480462 0.00491179 6 
0.00480034 0.00513984 6 
0.00479604 0.00559091 6 
0.00479029 0.00532408 6 
0.00478808 0.00546147 6 
0.00478279 0.00486264 6 
0.00478063 0.00494533 6 
0.00477971 0.00543046 6 
0.00477592 0.00477725 6 
0.00477338 0.00539761 6 
0.0047704 0.00483767 6 
0.00476719 0.00541037 6 
0.00475935 0.00516056 6 
0.00474283 0.00495327 6 
0.00474115 0.00494579 6 
0.00473582 0.00526331 6 
0.00471869 0.00532175 6 
0.00471637 0.00504171 6 
0.00470463 0.00488744 6 
0.00470255 0.00477725 6 
0.00469723 0.00535103 6 
0.00469606 0.00485747 6 
0.00469212 0.00496861 6 
0.00468948 0.00472175 6 
0.00468382 0.00560844 6 
0.0046833 0.00495327 6 
0.00466658 0.00505107 6 
0.0046642 0.00507904 6 
0.00466175 0.00508218 6 
0.00466089 0.00485145 6 
0.00464489 0.00520609 6 
0.0046368 0.00475363 6 
0.00463414 0.00531704 6 
0.00462428 0.00496861 6 
0.00462298 0.00499062 6 
0.00458499 0.00543279 6 
0.00457631 0.0052595 6 
0.00457151 0.00512024 6 
0.00454787 0.00490739 6 
0.00453676 0.0050765 6 
0.00446658 0.0048845 6 
0.0044652 0.00475363 6 
0.0044398 0.0045996 6 
0.00443464 0.00504644 6 
0.00437586 0.00477496 6 
0.00435474 0.0044864 6 
0.00434772 0.00438693 6 
0.00432944 0.00482903 6 
0.00290921 0.00292478 7 
0.00290047 0.00291616 7 
0.00289296 0.00291867 7 
0.00288071 0.00289704 7 
0.00287839 0.00299685 7 
0.0028441 0.00292605 7 
0.00284254 0.00284292 7 
0.00283938 0.00297675 7 
0.00283567 0.00284447 7 
0.00283541 0.00284495 7 
0.0028334 0.00285994 7 
0.00281212 0.00290455 7 
0.00280108 0.00287583 7 
0.00278875 0.00280765 7 
0.0027694 0.00294199 7 
0.00276667 0.00281688 7 
0.00276385 0.00287583 7 
0.00274213 0.00290024 7 
0.00273073 0.00275692 7 
0.0027267 0.00275302 7 
0.00272256 0.00273421 7 
0.00271524 0.00313014 7 
0.00271309 0.00273538 7 
0.00271011 0.00293445 7 
0.00270618 0.00280552 7 
0.00270335 0.00288292 7 
0.00270311 0.00292 7 
0.00269869 0.00283908 7 
0.00269312 0.00271954 7 
0.00268896 0.00272761 7 
0.00268785 0.00270938 7 
0.00268712 0.00279987 7 
0.00268708 0.00272592 7 
0.0026864 0.00291721 7 
0.00267218 0.00277461 7 
0.00267017 0.00271338 7 
0.00266955 0.00269525 7 
0.00266872 0.00279268 7 
0.00265267 0.00267025 7 
0.00264826 0.00272592 7 
0.00264595 0.00268959 7 
0.00264538 0.00267689 7 
0.00264469 0.00295645 7 
0.00264451 0.00272622 7 
0.00264319 0.00304039 7 
0.00264111 0.00279651 7 
0.00263986 0.00290113 7 
0.00263926 0.00288004 7 
0.00263291 0.00288334 7 
0.00262829 0.00274126 7 
0.00262495 0.00281726 7 
0.00262369 0.00276556 7 
0.00262096 0.0027594 7 
0.00261807 0.0028168 7 
0.00261371 0.00288004 7 
0.00261049 0.00290113 7 
0.00260267 0.00269894 7 
0.00260263 0.00270308 7 
0.0025995 0.00265972 7 
0.00259702 0.00266658 7 
0.00259355 0.00279402 7 
0.00258643 0.00263827 7 
0.00258411 0.00279726 7 
0.00257424 0.00277867 7 
0.00257216 0.00288507 7 
0.00256284 0.00263628 7 
0.00255855 0.00256753 7 
0.00255846 0.00267067 7 
0.00255685 0.00277283 7 
0.00255331 0.0026032 7 
0.00254785 0.00292077 7 
0.00254432 0.0026086 7 
0.00254269 0.00267189 7 
0.00253463 0.00265121 7 
0.00252993 0.00258051 7 
0.0025283 0.00287101 7 
0.00252823 0.00271749 7 
0.00252501 0.00274711 7 
0.00251787 0.00265121 7 
0.00251752 0.00259097 7 
0.00251586 0.00283432 7 
0.00251316 0.00254706 7 
0.00251183 0.00274957 7 
0.00250827 0.00270969 7 
0.00250799 0.0028002 7 
0.00250608 0.00253223 7 
0.00249523 0.0026318 7 
0.00249398 0.00263148 7 
0.00249303 0.00253768 7 
0.00249159 0.00256236 7 
0.00248894 0.00253943 7 
0.00248746 0.00265285 7 
0.00248669 0.0026932 7 
0.00248218 0.0025252 7 
0.00248092 0.00253179 7 
0.00246979 0.00267722 7 
0.00246768 0.0025589 7 
0.00246682 0.00246824 7 
0.0024653 0.00274994 7 
0.00246479 0.00251809 7 
0.0024643 0.00270162 7 
0.00246137 0.00250355 7 
0.00245892 0.00266701 7 
0.0024504 0.00246023 7 
0.00244941 0.00284896 7 
0.00244805 0.00277192 7 
0.00244672 0.00247896 7 
0.00244404 0.00253768 7 
0.00244293 0.00256236 7 
0.00243999 0.0025304 7 
0.00242902 0.00254051 7 
0.00242858 0.00260938 7 
0.00242179 0.00244843 7 
0.00242069 0.00272124 7 
0.0024177 0.00241789 7 
0.00241601 0.00274075 7 
0.00240995 0.00244951 7 
0.00240959 0.00255813 7 
0.00240785 0.00271888 7 
0.00240756 0.0025599 7 
0.00240754 0.0024907 7 
0.00240281 0.0026253 7 
0.00240177 0.00264146 7 
0.00240074 0.00250526 7 
0.00239544 0.00285617 7 
0.00239489 0.00256506 7 
0.00239171 0.00256799 7 
0.00238989 0.00246736 7 
0.0023864 0.00250526 7 
0.00238113 0.00241366 7 
0.00237127 0.00276138 7 
0.00237023 0.00278227 7 
0.00236583 0.00238041 7 
0.00236365 0.00265885 7 
0.00236284 0.0027755 7 
0.00235122 0.00267689 7 
0.00234596 0.00257341 7 
0.00234551 0.00262831 7 
0.00234246 0.00240069 7 
0.00233678 0.00257341 7 
0.00233203 0.00252968 7 
0.00233119 0.00279083 7 
0.00232349 0.00235271 7 
0.00232316 0.00253218 7 
0.00232018 0.00258242 7 
0.00231906 0.00258079 7 
0.00231903 0.00233083 7 
0.00230019 0.00240069 7 
0.00224757 0.00229243 7 
0.00224212 0.00258461 7 
0.00223876 0.00253943 7 
0.00223092 0.00247997 7 
0.00222925 0.00242646 7 
0.00220745 0.00224452 7 
0.00219286 0.00223041 7 
0.00219206 0.0024027 7 
0.00218529 0.00242547 7 
0.0015217 0.00153196 8 
0.00151897 0.00154092 8 
0.00149987 0.00156555 8 
0.00149502 0.00152134 8 
0.00148203 0.00148445 8 
0.00147229 0.00147481 8 
0.00146682 0.00149928 8 
0.00146615 0.0015043 8 
0.00145924 0.00152095 8 
0.00145433 0.00145887 8 
0.00144856 0.00154152 8 
0.00144182 0.00144382 8 
0.00143814 0.00145463 8 
0.00143456 0.00163546 8 
0.0014297 0.00155985 8 
0.00142552 0.00145517 8 
0.00142007 0.00147745 8 
0.00141879 0.0014242 8 
0.00141858 0.00145627 8 
0.00141577 0.00151537 8 
0.00141066 0.00141142 8 
0.00140938 0.00144893 8 
0.00140781 0.0014097 8 
0.00140503 0.00140889 8 
0.0014039 0.00151808 8 
0.00140278 0.00150053 8 
0.00139929 0.00150954 8 
0.00139698 0.00142189 8 
0.00139505 0.00144875 8 
0.00139502 0.00144243 8 
0.00139389 0.00144808 8 
0.00138985 0.00143688 8 
0.00138693 0.00145873 8 
0.00138299 0.00146442 8 
0.00138202 0.00151829 8 
0.00138174 0.0015551 8 
0.00138131 0.00138155 8 
0.00137856 0.00139626 8 
0.00137681 0.00144372 8 
0.00137631 0.00154053 8 
0.00137492 0.00152305 8 
0.00137471 0.00138253 8 
0.0013732 0.00143153 8 
0.0013687 0.00144382 8 
0.00136715 0.00137025 8 
0.00136641 0.00144831 8 
0.0013618 0.00142195 8 
0.00136149 0.0014179 8 
0.00136 0.00148874 8 
0.00135589 0.00137195 8 
0.0013523 0.00145742 8 
0.00134916 0.0013642 8 
0.00134872 0.00146921 8 
0.00134858 0.00145592 8 
0.00134597 0.00141415 8 
0.00134494 0.00142299 8 
0.00134455 0.00143585 8 
0.00134349 0.00140638 8 
0.00133427 0.00145873 8 
0.00133381 0.00149249 8 
0.00133182 0.00142728 8 
0.00133128 0.00137633 8 
0.00132967 0.00148874 8 
0.00132894 0.0013397 8 
0.00132801 0.00135669 8 
0.00132787 0.00133005 8 
0.00132414 0.00133207 8 
0.0013229 0.0014206 8 
0.00132281 0.0014488 8 
0.00131823 0.00133243 8 
0.00131621 0.00133357 8 
0.00131605 0.00152019 8 
0.00131046 0.00133573 8 
0.00130651 0.00146408 8 
0.00130444 0.00135274 8 
0.00130382 0.00140934 8 
0.00130272 0.00140108 8 
0.00129871 0.00140766 8 
0.00129795 0.00140711 8 
0.0012974 0.00134711 8 
0.00129524 0.00146496 8 
0.00129256 0.00132877 8 
0.00128942 0.00132343 8 
0.00128918 0.0013039 8 
0.0012887 0.00131445 8 
0.00128664 0.00129252 8 
0.00128626 0.00136731 8 
0.00128548 0.00129146 8 
0.00128292 0.00131075 8 
0.00128091 0.00135685 8 
0.00127936 0.00129146 8 
0.00127926 0.0013669 8 
0.00127866 0.0012966 8 
0.0012719 0.00133663 8 
0.00127051 0.00142033 8 
0.00126964 0.00141624 8 
0.00126867 0.00127533 8 
0.00126867 0.00144845 8 
0.0012678 0.00135274 8 
0.00126708 0.00131194 8 
0.00126062 0.00131035 8 
0.00126043 0.00129727 8 
0.00125376 0.0013597 8 
0.00125365 0.0012679 8 
0.00125171 0.00126563 8 
0.00125163 0.00129514 8 
0.00124908 0.00135004 8 
0.00124804 0.00131266 8 
0.0012445 0.00126533 8 
0.00124378 0.00132206 8 
0.00124259 0.00147619 8 
0.00124258 0.0012679 8 
0.0012417 0.00136034 8 
0.00124162 0.00131944 8 
0.00124001 0.00132347 8 
0.00123759 0.00141339 8 
0.00123685 0.00143264 8 
0.00123684 0.00134326 8 
0.00123327 0.00128539 8 
0.0012295 0.00128539 8 
0.00122667 0.00136685 8 
0.00122519 0.00141336 8 
0.00122517 0.00125254 8 
0.00122031 0.00124901 8 
0.00121933 0.0012367 8 
0.00121889 0.00132272 8 
0.00121851 0.00143824 8 
0.00121292 0.00144466 8 
0.00120815 0.00137869 8 
0.00120496 0.0013008 8 
0.00120277 0.00145475 8 
0.00120244 0.00122275 8 
0.00120031 0.00143768 8 
0.00119738 0.00132647 8 
0.00119612 0.00124839 8 
0.00119563 0.00131209 8 
0.00119332 0.00129997 8 
0.00119271 0.00121203 8 
0.00118857 0.00132033 8 
0.00118742 0.0013395 8 
0.00118296 0.00128346 8 
0.00118265 0.00122657 8 
0.00115705 0.00117326 8 
0.00115657 0.00122657 8 
0.0011552 0.00127405 8 
0.00115446 0.00116957 8 
0.00115419 0.00124911 8 
0.00115127 0.00129727 8 
0.00113999 0.00116693 8 
0.00113501 0.00123198 8 
0.0011298 0.00132631 8 
0.00110614 0.00124632 8 
0.000799438 0.000832491 9 
0.000790944 0.000806125 9 
0.000775951 0.000791954 9 
0.000774847 0.000777866 9 
0.000770982 0.000824788 9 
0.000770593 0.000844389 9 
0.00076496 0.000766455 9 
0.000764498 0.000852705 9 
0.000764391 0.000792019 9 
0.000763945 0.0007674 9 
0.00076325 0.000795295 9 
0.000761353 0.000776209 9 
0.000753782 0.000758675 9 
0.000751034 0.000763925 9 
0.000749946 0.000765179 9 
0.000746672 0.000789893 9 
0.000743362 0.000743799 9 
0.000740595 0.0007733 9 
0.000737323 0.000751109 9 
0.000736339 0.000767779 9 
0.000735142 0.000736353 9 
0.000734266 0.000766412 9 
0.000733911 0.000781339 9 
0.000731984 0.000799046 9 
0.000730424 0.000733655 9 
0.000729237 0.000776426 9 
0.000729089 0.000802402 9 
0.000727158 0.000791773 9 
0.000726492 0.000745356 9 
0.000724321 0.000809294 9 
0.000724177 0.000725484 9 
0.000723986 0.000803719 9 
0.000723592 0.000733201 9 
0.000723353 0.000737236 9 
0.000723017 0.000763426 9 
0.000722041 0.000744084 9 
0.000721382 0.000758675 9 
0.000720732 0.000748907 9 
0.000719202 0.000755828 9 
0.000718386 0.000752316 9 
0.000715696 0.00075702 9 
0.000712374 0.000747818 9 
0.000712001 0.000784768 9 
0.000711643 0.000757891 9 
0.000710614 0.000715065 9 
0.000708372 0.000735206 9 
0.000708344 0.000729808 9 
0.000707568 0.000751109 9 
0.000705975 0.000770485 9 
0.00070353 0.000767064 9 
0.000701911 0.000732985 9 
0.000697641 0.000716158 9 
0.000696811 0.000732631 9 
0.000695757 0.000767271 9 
0.000693142 0.000703424 9 
0.000691021 0.000764275 9 
0.000690966 0.000720895 9 
0.000690157 0.000756564 9 
0.000689767 0.000748629 9 
0.000685824 0.000772121 9 
0.000685779 0.000791387 9 
0.000685447 0.000693135 9 
0.000684085 0.000701341 9 
0.00068328 0.000729493 9 
0.000682483 0.000694741 9 
0.000681556 0.000770485 9 
0.000680811 0.000694844 9 
0.000679115 0.000736123 9 
0.000677428 0.000677811 9 
0.000676737 0.000678042 9 
0.000675645 0.000688476 9 
0.000674244 0.000728624 9 
0.000672284 0.000699934 9 
0.000672129 0.000763925 9 
0.000670843 0.000691337 9 
0.000669127 0.000698659 9 
0.000668682 0.00070449 9 
0.000667466 0.000679443 9 
0.000665071 0.000737342 9 
0.000664795 0.00070836 9 
0.000663508 0.000670624 9 
0.000663096 0.000747939 9 
0.00066237 0.000673602 9 
0.000661186 0.000731009 9 
0.000660999 0.000702663 9 
0.000660248 0.000669993 9 
0.000659983 0.000703945 9 
0.000657899 0.000681123 9 
0.000657534 0.000679308 9 
0.000656397 0.000738931 9 
0.000654151 0.000685602 9 
0.000652847 0.000665973 9 
0.000652836 0.000656623 9 
0.000652072 0.000770048 9 
0.00065199 0.000679023 9 
0.000650918 0.000696582 9 
0.000649809 0.000696582 9 
0.00064848 0.000656623 9 
0.000647761 0.000691782 9 
0.000647743 0.000658076 9 
0.000647561 0.000649475 9 
0.00064595 0.000670624 9 
0.000645829 0.000661966 9 
0.000644542 0.000667004 9 
0.000641138 0.000698068 9 
0.000640447 0.000746107 9 
0.000638071 0.000755986 9 
0.000637134 0.00065763 9 
0.000636548 0.000690997 9 
0.000635967 0.000733543 9 
0.00063581 0.000667004 9 
0.000632852 0.000739907 9 
0.00063237 0.000667607 9 
0.000632089 0.000696896 9 
0.000631373 0.000648619 9 
0.000630846 0.000651343 9 
0.000627439 0.000761515 9 
0.000627116 0.000720895 9 
0.000626294 0.000679226 9 
0.000624212 0.000752701 9 
0.00062263 0.000683027 9 
0.000620489 0.000659618 9 
0.000618169 0.000767448 9 
0.00061795 0.000673843 9 
0.000616748 0.000676525 9 
0.000613509 0.000680891 9 
0.000609736 0.000634523 9 
0.000607652 0.000679924 9 
0.000607616 0.000680177 9 
0.000606636 0.000628073 9 
0.000605544 0.000632631 9 
0.000605337 0.000649967 9 
0.000597479 0.000631868 9 
0.000597 0.00061426 9 
0.000596627 0.000600845 9 
0.000593292 0.000603637 9 
0.000590873 0.000689258 9 
0.000588226 0.000632631 9 
0.00058041 0.000660902 9 
0.000573816 0.000654741 9 
