0 0.491356 0 
0 0.491659 0 
0 0.496472 0 
0 0.49654 0 
0 0.496572 0 
0 0.49662 0 
0 0.496968 0 
0 0.498478 0 
0 0.499072 0 
0 0.499156 0 
0 0.49952 0 
0 0.499774 0 
0 0.500347 0 
0 0.500721 0 
0 0.501458 0 
0 0.501507 0 
0 0.502051 0 
0 0.502402 0 
0 0.502616 0 
0 0.502698 0 
0 0.502933 0 
0 0.503192 0 
0 0.50323 0 
0 0.503262 0 
0 0.503303 0 
0 0.503366 0 
0 0.503394 0 
0 0.503835 0 
0 0.503887 0 
0 0.503949 0 
0 0.50395 0 
0 0.504045 0 
0 0.504045 0 
0 0.504078 0 
0 0.504145 0 
0 0.504233 0 
0 0.504477 0 
0 0.504532 0 
0 0.504685 0 
0 0.504803 0 
0 0.504827 0 
0 0.505056 0 
0 0.505059 0 
0 0.505064 0 
0 0.50507 0 
0 0.505178 0 
0 0.505202 0 
0 0.505207 0 
0 0.505216 0 
0 0.505233 0 
0 0.505318 0 
0 0.505483 0 
0 0.505617 0 
0 0.505812 0 
0 0.505956 0 
0 0.505978 0 
0 0.506015 0 
0 0.506166 0 
0 0.506183 0 
0 0.506295 0 
0 0.506301 0 
0 0.506347 0 
0 0.506369 0 
0 0.506371 0 
0 0.506413 0 
0 0.506487 0 
0 0.506507 0 
0 0.506595 0 
0 0.506611 0 
0 0.50666 0 
0 0.506685 0 
0 0.506809 0 
0 0.506882 0 
0 0.506884 0 
0 0.506904 0 
0 0.506935 0 
0 0.506964 0 
0 0.506993 0 
0 0.507003 0 
0 0.507033 0 
0 0.507085 0 
0 0.507097 0 
0 0.507116 0 
0 0.507133 0 
0 0.507151 0 
0 0.507175 0 
0 0.507294 0 
0 0.507381 0 
0 0.507416 0 
0 0.507494 0 
0 0.50772 0 
0 0.507737 0 
0 0.507873 0 
0 0.508029 0 
0 0.508064 0 
0 0.508129 0 
0 0.508214 0 
0 0.508297 0 
0 0.508456 0 
0 0.508673 0 
0 0.508756 0 
0 0.508816 0 
0 0.508839 0 
0 0.508864 0 
0 0.508874 0 
0 0.508931 0 
0 0.508971 0 
0 0.509057 0 
0 0.509077 0 
0 0.5091 0 
0 0.509104 0 
0 0.509125 0 
0 0.509207 0 
0 0.509241 0 
0 0.5093 0 
0 0.509358 0 
0 0.509567 0 
0 0.509749 0 
0 0.509839 0 
0 0.509843 0 
0 0.510156 0 
0 0.510218 0 
0 0.510498 0 
0 0.510604 0 
0 0.510982 0 
0 0.511006 0 
0 0.51251 0 
0 inf 0 
0 0.187615 1 
0 0.189261 1 
0 0.189732 1 
0 0.190697 1 
0 0.190714 1 
0 0.190853 1 
0 0.191327 1 
0 0.191636 1 
0 0.19167 1 
0 0.191721 1 
0 0.191761 1 
0 0.191787 1 
0 0.192202 1 
0 0.192288 1 
0 0.192432 1 
0 0.192548 1 
0 0.193753 1 
0 0.193806 1 
0 0.193999 1 
0 0.19413 1 
0 0.19427 1 
0 0.194275 1 
0 0.194277 1 
0 0.194393 1 
0 0.194698 1 
0 0.194819 1 
0 0.194942 1 
0 0.194968 1 
0 0.195047 1 
0 0.195098 1 
0 0.19514 1 
0 0.195157 1 
0 0.195188 1 
0 0.195297 1 
0 0.195337 1 
0 0.195372 1 
0 0.195372 1 
0 0.195419 1 
0 0.195424 1 
0 0.195424 1 
0 0.195501 1 
0 0.195607 1 
0 0.195653 1 
0 0.195783 1 
0 0.195873 1 
0 0.195874 1 
0 0.195927 1 
0 0.195938 1 
0 0.196012 1 
0 0.196073 1 
0 0.196314 1 
0 0.196344 1 
0 0.196444 1 
0 0.196461 1 
0 0.19647 1 
0 0.196498 1 
0 0.1966 1 
0 0.19665 1 
0 0.196946 1 
0 0.196951 1 
0 0.197146 1 
0 0.197211 1 
0 0.197293 1 
0 0.197311 1 
0 0.197385 1 
0 0.197387 1 
0 0.197411 1 
0 0.197475 1 
0 0.19748 1 
0 0.197506 1 
0 0.197626 1 
0 0.197713 1 
0 0.197721 1 
0 0.197801 1 
0 0.197811 1 
0 0.198021 1 
0 0.198155 1 
0 0.198245 1 
0 0.198384 1 
0 0.198412 1 
0 0.198425 1 
0 0.198452 1 
0 0.198569 1 
0 0.198742 1 
0 0.198755 1 
0 0.198779 1 
0 0.198866 1 
0 0.198959 1 
0 0.198975 1 
0 0.199144 1 
0 0.199226 1 
0 0.19923 1 
0 0.199234 1 
0 0.199288 1 
0 0.199391 1 
0 0.199461 1 
0 0.199565 1 
0 0.199619 1 
0 0.199673 1 
0 0.199841 1 
0 0.199921 1 
0 0.199922 1 
0 0.199998 1 
0 0.200048 1 
0 0.200236 1 
0 0.200327 1 
0 0.200426 1 
0 0.200701 1 
0 0.201078 1 
0 0.201198 1 
0 0.201355 1 
0 0.201405 1 
0 0.201556 1 
0 0.201826 1 
0 0.2023 1 
0 0.202682 1 
0 0.202773 1 
0 0.203354 1 
0 0.203981 1 
0 0.204055 1 
0 0.204124 1 
0 0.204131 1 
0 0.2042 1 
0 0.204643 1 
0 0.205077 1 
0 0.206706 1 
0 0.207014 1 
0 inf 1 
0 0.0765409 2 
0 0.0769015 2 
0 0.0779979 2 
0 0.0782376 2 
0 0.0782849 2 
0 0.0783074 2 
0 0.0783747 2 
0 0.0783939 2 
0 0.0786052 2 
0 0.0786162 2 
0 0.0787156 2 
0 0.0787409 2 
0 0.0787802 2 
0 0.078972 2 
0 0.0791061 2 
0 0.0791163 2 
0 0.0791533 2 
0 0.0794003 2 
0 0.0796702 2 
0 0.0797184 2 
0 0.0798063 2 
0 0.079863 2 
0 0.0799831 2 
0 0.0801119 2 
0 0.0804492 2 
0 0.0805127 2 
0 0.0805339 2 
0 0.0805467 2 
0 0.0807819 2 
0 0.0808374 2 
0 0.080882 2 
0 0.0809105 2 
0 0.0809655 2 
0 0.0810397 2 
0 0.0810419 2 
0 0.0810613 2 
0 0.0811141 2 
0 0.081309 2 
0 0.0813559 2 
0 0.0815197 2 
0 0.0815657 2 
0 0.0815829 2 
0 0.081616 2 
0 0.0817854 2 
0 0.0818137 2 
0 0.0818273 2 
0 0.0818549 2 
0 0.0818954 2 
0 0.081969 2 
0 0.0820434 2 
0 0.0820596 2 
0 0.0820674 2 
0 0.082157 2 
0 0.0821621 2 
0 0.0822215 2 
0 0.0822474 2 
0 0.0822695 2 
0 0.0822932 2 
0 0.0822961 2 
0 0.082391 2 
0 0.0824149 2 
0 0.0824819 2 
0 0.0826075 2 
0 0.0826308 2 
0 0.0826466 2 
0 0.0827005 2 
0 0.0827527 2 
0 0.0827851 2 
0 0.0828711 2 
0 0.0829127 2 
0 0.0829899 2 
0 0.0830697 2 
0 0.0831215 2 
0 0.0831754 2 
0 0.0831917 2 
0 0.0832025 2 
0 0.0832246 2 
0 0.08328 2 
0 0.0832867 2 
0 0.0833642 2 
0 0.0834454 2 
0 0.0834484 2 
0 0.0836182 2 
0 0.0836274 2 
0 0.0836541 2 
0 0.0838113 2 
0 0.0838244 2 
0 0.0840373 2 
0 0.0840621 2 
0 0.0842865 2 
0 0.08429 2 
0 0.084331 2 
0 0.0843502 2 
0 0.0843512 2 
0 0.0846513 2 
0 0.084662 2 
0 0.0847437 2 
0 0.0848026 2 
0 0.0848138 2 
0 0.085108 2 
0 0.0852228 2 
0 0.0852323 2 
0 0.085284 2 
0 0.0853844 2 
0 0.0856113 2 
0 0.0857119 2 
0 0.085729 2 
0 0.0859829 2 
0 0.0862009 2 
0 0.086257 2 
0 0.0863273 2 
0 0.0863473 2 
0 0.0864148 2 
0 0.0867205 2 
0 0.0869021 2 
0 0.087074 2 
0 0.0883648 2 
0 0.0883869 2 
0 0.0884216 2 
0 0.0884291 2 
0 0.0897819 2 
0 0.0901621 2 
0 0.0902475 2 
0 0.0904627 2 
0 0.0909811 2 
0 0.0920074 2 
0 0.0927822 2 
0 inf 2 
0 0.0323426 3 
0 0.0329361 3 
0 0.0336299 3 
0 0.0338654 3 
0 0.0340271 3 
0 0.0341761 3 
0 0.0342056 3 
0 0.0342776 3 
0 0.0342955 3 
0 0.0343271 3 
0 0.034486 3 
0 0.0345137 3 
0 0.0345438 3 
0 0.0345929 3 
0 0.0346987 3 
0 0.0347484 3 
0 0.034804 3 
0 0.0348174 3 
0 0.0348493 3 
0 0.0348747 3 
0 0.0348928 3 
0 0.0349041 3 
0 0.0349615 3 
0 0.0352211 3 
0 0.0352245 3 
0 0.0352368 3 
0 0.0353043 3 
0 0.0354755 3 
0 0.0355731 3 
0 0.0355994 3 
0 0.0356872 3 
0 0.035736 3 
0 0.0358096 3 
0 0.035838 3 
0 0.0358528 3 
0 0.0359364 3 
0 0.0359608 3 
0 0.0359614 3 
0 0.0360002 3 
0 0.0360359 3 
0 0.0361088 3 
0 0.0361168 3 
0 0.036137 3 
0 0.0361735 3 
0 0.0362485 3 
0 0.0362627 3 
0 0.0362884 3 
0 0.0363224 3 
0 0.0363483 3 
0 0.0364393 3 
0 0.0364472 3 
0 0.0364578 3 
0 0.0365204 3 
0 0.0365835 3 
0 0.0366017 3 
0 0.0366785 3 
0 0.0367927 3 
0 0.036826 3 
0 0.0368265 3 
0 0.0368383 3 
0 0.0368417 3 
0 0.036899 3 
0 0.0369058 3 
0 0.0369457 3 
0 0.0369602 3 
0 0.0370775 3 
0 0.0370945 3 
0 0.0371313 3 
0 0.0371981 3 
0 0.0373025 3 
0 0.0373852 3 
0 0.037396 3 
0 0.0374769 3 
0 0.0375336 3 
0 0.0375894 3 
0 0.0376264 3 
0 0.0376767 3 
0 0.0376887 3 
0 0.0377105 3 
0 0.0378185 3 
0 0.0378812 3 
0 0.037906 3 
0 0.0379772 3 
0 0.0380508 3 
0 0.0380611 3 
0 0.0380809 3 
0 0.0381165 3 
0 0.0382037 3 
0 0.0382644 3 
0 0.0382718 3 
0 0.0382948 3 
0 0.0383117 3 
0 0.0383332 3 
0 0.0385547 3 
0 0.0386425 3 
0 0.038655 3 
0 0.038706 3 
0 0.0387267 3 
0 0.0387563 3 
0 0.0387715 3 
0 0.038911 3 
0 0.0389471 3 
0 0.0389867 3 
0 0.0391771 3 
0 0.0391793 3 
0 0.0392234 3 
0 0.0392641 3 
0 0.0392653 3 
0 0.0392687 3 
0 0.0394033 3 
0 0.0394787 3 
0 0.0398327 3 
0 0.0399886 3 
0 0.0401993 3 
0 0.0404259 3 
0 0.0405965 3 
0 0.0410433 3 
0 0.0412805 3 
0 0.0413452 3 
0 0.041409 3 
0 0.041652 3 
0 0.0417499 3 
0 0.0442267 3 
0 0.0442953 3 
0 0.0445364 3 
0 0.0453605 3 
0 0.0455885 3 
0 inf 3 
0 0.0144326 4 
0 0.015122 4 
0 0.0151727 4 
0 0.0154829 4 
0 0.0155041 4 
0 0.0155274 4 
0 0.0155925 4 
0 0.0156011 4 
0 0.0157061 4 
0 0.0158212 4 
0 0.0158402 4 
0 0.0158793 4 
0 0.015896 4 
0 0.0159193 4 
0 0.015925 4 
0 0.0159402 4 
0 0.016084 4 
0 0.0162151 4 
0 0.0162174 4 
0 0.016218 4 
0 0.0162559 4 
0 0.0162582 4 
0 0.0162633 4 
0 0.0162684 4 
0 0.0163463 4 
0 0.0163686 4 
0 0.0163696 4 
0 0.01649 4 
0 0.0165063 4 
0 0.016667 4 
0 0.0166766 4 
0 0.016739 4 
0 0.0167815 4 
0 0.0168191 4 
0 0.0168375 4 
0 0.0168592 4 
0 0.0168865 4 
0 0.016924 4 
0 0.0169346 4 
0 0.0169543 4 
0 0.0169601 4 
0 0.0169706 4 
0 0.0170309 4 
0 0.017042 4 
0 0.017043 4 
0 0.0170688 4 
0 0.0170832 4 
0 0.0170919 4 
0 0.0171607 4 
0 0.0171635 4 
0 0.0171685 4 
0 0.0171829 4 
0 0.0171836 4 
0 0.017189 4 
0 0.0171897 4 
0 0.0172334 4 
0 0.0173695 4 
0 0.0174803 4 
0 0.0175241 4 
0 0.0175632 4 
0 0.0175843 4 
0 0.0176122 4 
0 0.0176194 4 
0 0.0176197 4 
0 0.0176206 4 
0 0.0176977 4 
0 0.0177019 4 
0 0.0177493 4 
0 0.0177523 4 
0 0.0178358 4 
0 0.0178429 4 
0 0.017852 4 
0 0.0178657 4 
0 0.0178721 4 
0 0.0180075 4 
0 0.0180422 4 
0 0.0180471 4 
0 0.0180497 4 
0 0.0180582 4 
0 0.0181268 4 
0 0.0181669 4 
0 0.0182251 4 
0 0.0182253 4 
0 0.0182478 4 
0 0.0182584 4 
0 0.0182651 4 
0 0.0183606 4 
0 0.0183682 4 
0 0.0183774 4 
0 0.0183801 4 
0 0.0184763 4 
0 0.0184944 4 
0 0.0185058 4 
0 0.0185466 4 
0 0.0185499 4 
0 0.0185592 4 
0 0.0186534 4 
0 0.0186554 4 
0 0.0188111 4 
0 0.0188576 4 
0 0.0189009 4 
0 0.0189352 4 
0 0.0189508 4 
0 0.019028 4 
0 0.0190973 4 
0 0.0191115 4 
0 0.0192127 4 
0 0.0192842 4 
0 0.019424 4 
0 0.019485 4 
0 0.0195473 4 
0 0.0195577 4 
0 0.019596 4 
0 0.0196452 4 
0 0.0197733 4 
0 0.0198223 4 
0 0.0201243 4 
0 0.0201682 4 
0 0.0202505 4 
0 0.0203899 4 
0 0.0205291 4 
0 0.0206394 4 
0 0.0235179 4 
0 0.0237207 4 
0 0.0238441 4 
0 0.0239471 4 
0 0.0239919 4 
0 inf 4 
0 0.0068969 5 
0 0.00717369 5 
0 0.00730975 5 
0 0.00734656 5 
0 0.0073814 5 
0 0.00739381 5 
0 0.007402 5 
0 0.00748764 5 
0 0.00750786 5 
0 0.00757144 5 
0 0.00768137 5 
0 0.00771127 5 
0 0.00777249 5 
0 0.00777732 5 
0 0.00778686 5 
0 0.00779884 5 
0 0.0078256 5 
0 0.00783606 5 
0 0.00784686 5 
0 0.00789009 5 
0 0.00790715 5 
0 0.00795147 5 
0 0.00797366 5 
0 0.00804261 5 
0 0.00806306 5 
0 0.00807237 5 
0 0.00809824 5 
0 0.00810234 5 
0 0.00817718 5 
0 0.00822467 5 
0 0.00823991 5 
0 0.00825317 5 
0 0.00830012 5 
0 0.00830103 5 
0 0.00830223 5 
0 0.00834633 5 
0 0.00835012 5 
0 0.00835173 5 
0 0.00835945 5 
0 0.00836239 5 
0 0.00837334 5 
0 0.00838844 5 
0 0.00840615 5 
0 0.00844011 5 
0 0.00844044 5 
0 0.00847668 5 
0 0.00849803 5 
0 0.00850286 5 
0 0.00851039 5 
0 0.0085695 5 
0 0.00858386 5 
0 0.00861743 5 
0 0.00862893 5 
0 0.00863952 5 
0 0.00865446 5 
0 0.00866122 5 
0 0.00868175 5 
0 0.00868212 5 
0 0.00871766 5 
0 0.00872113 5 
0 0.00874099 5 
0 0.00874289 5 
0 0.00881493 5 
0 0.00882721 5 
0 0.00885198 5 
0 0.00885337 5 
0 0.0088835 5 
0 0.00890248 5 
0 0.0089299 5 
0 0.00893455 5 
0 0.00893633 5 
0 0.00894839 5 
0 0.00897172 5 
0 0.00898306 5 
0 0.00898987 5 
0 0.00899453 5 
0 0.00899854 5 
0 0.00906424 5 
0 0.00908706 5 
0 0.00908964 5 
0 0.00913256 5 
0 0.00913335 5 
0 0.00928592 5 
0 0.00928723 5 
0 0.00931484 5 
0 0.00933942 5 
0 0.00936312 5 
0 0.00936409 5 
0 0.00937471 5 
0 0.00939933 5 
0 0.00947174 5 
0 0.00950615 5 
0 0.00951135 5 
0 0.00951433 5 
0 0.00951712 5 
0 0.00953178 5 
0 0.00953236 5 
0 0.00954275 5 
0 0.00954592 5 
0 0.00958498 5 
0 0.00960694 5 
0 0.00967312 5 
0 0.00969231 5 
0 0.00972687 5 
0 0.00974853 5 
0 0.00977584 5 
0 0.00978378 5 
0 0.00987209 5 
0 0.010035 5 
0 0.0100817 5 
0 0.0101228 5 
0 0.0101374 5 
0 0.0101729 5 
0 0.0101822 5 
0 0.0102276 5 
0 0.0102659 5 
0 0.0103496 5 
0 0.0104406 5 
0 0.0104535 5 
0 0.0105881 5 
0 0.0108422 5 
0 0.0109008 5 
0 0.0132925 5 
0 0.0134107 5 
0 0.0135775 5 
0 0.013655 5 
0 0.013889 5 
0 inf 5 
0 0.00354154 6 
0 0.00360127 6 
0 0.00361377 6 
0 0.00363776 6 
0 0.00368558 6 
0 0.00372748 6 
0 0.0037333 6 
0 0.00376739 6 
0 0.00379967 6 
0 0.00380472 6 
0 0.00383567 6 
0 0.00386735 6 
0 0.00396094 6 
0 0.00398789 6 
0 0.0039975 6 
0 0.00401641 6 
0 0.00402071 6 
0 0.00402144 6 
0 0.00402497 6 
0 0.00406063 6 
0 0.0040694 6 
0 0.00409114 6 
0 0.00409756 6 
0 0.00410594 6 
0 0.00411548 6 
0 0.00412119 6 
0 0.0041828 6 
0 0.00418536 6 
0 0.00420602 6 
0 0.00422456 6 
0 0.0042334 6 
0 0.00427074 6 
0 0.00427553 6 
0 0.00429037 6 
0 0.00430413 6 
0 0.00431148 6 
0 0.0043164 6 
0 0.00431849 6 
0 0.00432554 6 
0 0.00432702 6 
0 0.00432819 6 
0 0.00433257 6 
0 0.00433279 6 
0 0.00437826 6 
0 0.00439261 6 
0 0.00439267 6 
0 0.00439414 6 
0 0.00439834 6 
0 0.00443716 6 
0 0.00443893 6 
0 0.00445272 6 
0 0.0044545 6 
0 0.00445587 6 
0 0.00446123 6 
0 0.00448099 6 
0 0.00448119 6 
0 0.00448354 6 
0 0.00451792 6 
0 0.0045277 6 
0 0.00454178 6 
0 0.00454839 6 
0 0.00456743 6 
0 0.00458274 6 
0 0.00461017 6 
0 0.00461504 6 
0 0.00463776 6 
0 0.004648 6 
0 0.00465025 6 
0 0.00466636 6 
0 0.00466801 6 
0 0.00467854 6 
0 0.00468625 6 
0 0.00469522 6 
0 0.00473651 6 
0 0.0047448 6 
0 0.00476284 6 
0 0.00476976 6 
0 0.00478054 6 
0 0.00478106 6 
0 0.0047825 6 
0 0.0047841 6 
0 0.00478434 6 
0 0.00482177 6 
0 0.00485926 6 
0 0.00488834 6 
0 0.00489734 6 
0 0.00490017 6 
0 0.00492093 6 
0 0.00495019 6 
0 0.00497425 6 
0 0.00497542 6 
0 0.00498928 6 
0 0.00502096 6 
0 0.00506468 6 
0 0.00506473 6 
0 0.00506666 6 
0 0.00507321 6 
0 0.00508683 6 
0 0.00511226 6 
0 0.00517753 6 
0 0.00518067 6 
0 0.0051831 6 
0 0.00521717 6 
0 0.00525863 6 
0 0.00527269 6 
0 0.00531565 6 
0 0.00532532 6 
0 0.00539161 6 
0 0.00544228 6 
0 0.00545526 6 
0 0.00546942 6 
0 0.00551443 6 
0 0.00552639 6 
0 0.00560729 6 
0 0.00562281 6 
0 0.00562762 6 
0 0.00569841 6 
0 0.00581583 6 
0 0.00599985 6 
0 0.00605053 6 
0 0.006098 6 
0 0.0061918 6 
0 0.00758791 6 
0 0.00804414 6 
0 0.00807921 6 
0 0.00810295 6 
0 0.00860367 6 
0 inf 6 
0 0.00175656 7 
0 0.00187335 7 
0 0.00191237 7 
0 0.00194505 7 
0 0.00194698 7 
0 0.00197394 7 
0 0.00200143 7 
0 0.00201804 7 
0 0.0020268 7 
0 0.00205816 7 
0 0.00207449 7 
0 0.00208496 7 
0 0.00208588 7 
0 0.00208765 7 
0 0.00211226 7 
0 0.00212979 7 
0 0.00213644 7 
0 0.00216526 7 
0 0.0021821 7 
0 0.00218831 7 
0 0.00220325 7 
0 0.00220426 7 
0 0.00222952 7 
0 0.00223255 7 
0 0.0022335 7 
0 0.00223592 7 
0 0.00224108 7 
0 0.00224145 7 
0 0.00225615 7 
0 0.00225616 7 
0 0.00225872 7 
0 0.00226157 7 
0 0.00226239 7 
0 0.00226328 7 
0 0.00228109 7 
0 0.00228604 7 
0 0.00228909 7 
0 0.00230046 7 
0 0.00231052 7 
0 0.00231219 7 
0 0.00233544 7 
0 0.00234507 7 
0 0.00234699 7 
0 0.0023694 7 
0 0.00238815 7 
0 0.00239256 7 
0 0.00239843 7 
0 0.00239904 7 
0 0.00240448 7 
0 0.00242123 7 
0 0.00242278 7 
0 0.00242288 7 
0 0.00243682 7 
0 0.00244974 7 
0 0.00245542 7 
0 0.00246379 7 
0 0.00246719 7 
0 0.00246889 7 
0 0.00248206 7 
0 0.00250053 7 
0 0.00251234 7 
0 0.00252198 7 
0 0.00252244 7 
0 0.00253081 7 
0 0.00253484 7 
0 0.0025375 7 
0 0.00255278 7 
0 0.00255321 7 
0 0.002554 7 
0 0.00255516 7 
0 0.00255767 7 
0 0.00256366 7 
0 0.0025695 7 
0 0.00257174 7 
0 0.00258449 7 
0 0.00258468 7 
0 0.00258658 7 
0 0.00258971 7 
0 0.00260057 7 
0 0.00260213 7 
0 0.0026255 7 
0 0.00262677 7 
0 0.00262762 7 
0 0.00265004 7 
0 0.0026852 7 
0 0.00269134 7 
0 0.00269468 7 
0 0.00270159 7 
0 0.00271106 7 
0 0.00272756 7 
0 0.00273029 7 
0 0.00273569 7 
0 0.00274813 7 
0 0.00276609 7 
0 0.00277355 7 
0 0.00278858 7 
0 0.00280233 7 
0 0.00280297 7 
0 0.00280712 7 
0 0.00281526 7 
0 0.00286812 7 
0 0.00289367 7 
0 0.002901 7 
0 0.00290865 7 
0 0.00291126 7 
0 0.0029336 7 
0 0.00294276 7 
0 0.00298234 7 
0 0.00301472 7 
0 0.00308559 7 
0 0.0031899 7 
0 0.00323386 7 
0 0.00324454 7 
0 0.00328263 7 
0 0.00329081 7 
0 0.0033074 7 
0 0.00331154 7 
0 0.00341888 7 
0 0.00347391 7 
0 0.0034876 7 
0 0.00360059 7 
0 0.00362804 7 
0 0.0045025 7 
0 0.00470432 7 
0 0.00511118 7 
0 0.00522155 7 
0 0.00523373 7 
0 inf 7 
0 0.000908727 8 
0 0.00098251 8 
0 0.000999563 8 
0 0.00105906 8 
0 0.00107065 8 
0 0.00108998 8 
0 0.00110398 8 
0 0.00112298 8 
0 0.0011273 8 
0 0.0011403 8 
0 0.00114508 8 
0 0.00114838 8 
0 0.00116466 8 
0 0.00116771 8 
0 0.00116959 8 
0 0.00117065 8 
0 0.00117153 8 
0 0.00118184 8 
0 0.00118238 8 
0 0.00120329 8 
0 0.00121077 8 
0 0.00121383 8 
0 0.00122197 8 
0 0.00122328 8 
0 0.00123475 8 
0 0.0012387 8 
0 0.00125315 8 
0 0.00126166 8 
0 0.00126348 8 
0 0.00126491 8 
0 0.00126706 8 
0 0.00126847 8 
0 0.00127203 8 
0 0.0012797 8 
0 0.00128071 8 
0 0.00128802 8 
0 0.00129951 8 
0 0.00131804 8 
0 0.00132176 8 
0 0.00132287 8 
0 0.00133983 8 
0 0.00134378 8 
0 0.00134421 8 
0 0.0013509 8 
0 0.00135639 8 
0 0.00136312 8 
0 0.00136389 8 
0 0.00136925 8 
0 0.00138441 8 
0 0.00138565 8 
0 0.00139044 8 
0 0.00139117 8 
0 0.00139288 8 
0 0.00140943 8 
0 0.00141007 8 
0 0.00141732 8 
0 0.00142603 8 
0 0.00142932 8 
0 0.00143048 8 
0 0.00143101 8 
0 0.00143247 8 
0 0.00143476 8 
0 0.00143612 8 
0 0.00144078 8 
0 0.00144126 8 
0 0.00144833 8 
0 0.00144851 8 
0 0.00144913 8 
0 0.00145645 8 
0 0.00145716 8 
0 0.00146447 8 
0 0.00146877 8 
0 0.00147179 8 
0 0.00147702 8 
0 0.00147772 8 
0 0.00148903 8 
0 0.00148937 8 
0 0.00149645 8 
0 0.00149742 8 
0 0.00150798 8 
0 0.00151065 8 
0 0.00151343 8 
0 0.00151586 8 
0 0.00151634 8 
0 0.00153006 8 
0 0.00153609 8 
0 0.00153614 8 
0 0.00153942 8 
0 0.00155901 8 
0 0.00156296 8 
0 0.00156831 8 
0 0.0015743 8 
0 0.00157629 8 
0 0.00157915 8 
0 0.00158497 8 
0 0.00158809 8 
0 0.0015946 8 
0 0.00161065 8 
0 0.0016107 8 
0 0.00162139 8 
0 0.00162883 8 
0 0.0016493 8 
0 0.00165617 8 
0 0.00167053 8 
0 0.00170853 8 
0 0.00172397 8 
0 0.00173263 8 
0 0.0017446 8 
0 0.00174552 8 
0 0.00177304 8 
0 0.00186771 8 
0 0.00188951 8 
0 0.00192598 8 
0 0.00193975 8 
0 0.00196101 8 
0 0.00202327 8 
0 0.00203687 8 
0 0.00206093 8 
0 0.00209121 8 
0 0.00209757 8 
0 0.00210759 8 
0 0.00217707 8 
0 0.00281232 8 
0 0.00287246 8 
0 0.00331528 8 
0 0.00338481 8 
0 0.00345114 8 
0 inf 8 
0 0.000494255 9 
0 0.000542751 9 
0 0.000546567 9 
0 0.000566863 9 
0 0.00057965 9 
0 0.000595421 9 
0 0.000609198 9 
0 0.00061563 9 
0 0.00062156 9 
0 0.000624476 9 
0 0.000632937 9 
0 0.00064104 9 
0 0.000644212 9 
0 0.000645089 9 
0 0.000653621 9 
0 0.00065731 9 
0 0.000657997 9 
0 0.000672848 9 
0 0.000674162 9 
0 0.000687161 9 
0 0.000702948 9 
0 0.000704881 9 
0 0.000718775 9 
0 0.000721501 9 
0 0.000722716 9 
0 0.000732326 9 
0 0.000736995 9 
0 0.000748628 9 
0 0.000750497 9 
0 0.000752904 9 
0 0.000754281 9 
0 0.000756097 9 
0 0.000756684 9 
0 0.00076116 9 
0 0.000768631 9 
0 0.000777751 9 
0 0.000780294 9 
0 0.000781253 9 
0 0.000784129 9 
0 0.000785764 9 
0 0.000789188 9 
0 0.000791712 9 
0 0.000798751 9 
0 0.000800274 9 
0 0.000801418 9 
0 0.00080143 9 
0 0.000801828 9 
0 0.000803932 9 
0 0.000804293 9 
0 0.0008055 9 
0 0.000810064 9 
0 0.000810883 9 
0 0.000823151 9 
0 0.000824375 9 
0 0.000839885 9 
0 0.000847947 9 
0 0.00084941 9 
0 0.000850207 9 
0 0.000860125 9 
0 0.000860529 9 
0 0.000861238 9 
0 0.00086195 9 
0 0.00087152 9 
0 0.00087267 9 
0 0.000874692 9 
0 0.000876329 9 
0 0.000877681 9 
0 0.000877685 9 
0 0.000880756 9 
0 0.000884894 9 
0 0.00088621 9 
0 0.000890063 9 
0 0.000892268 9 
0 0.000895224 9 
0 0.000896446 9 
0 0.000901696 9 
0 0.000911238 9 
0 0.000911613 9 
0 0.000914381 9 
0 0.000916443 9 
0 0.000918229 9 
0 0.000920183 9 
0 0.000920241 9 
0 0.000920248 9 
0 0.000920634 9 
0 0.000920752 9 
0 0.000921459 9 
0 0.000925425 9 
0 0.000926083 9 
0 0.000931521 9 
0 0.000935419 9 
0 0.000935713 9 
0 0.000935896 9 
0 0.000944184 9 
0 0.000945881 9 
0 0.000949838 9 
0 0.000951762 9 
0 0.000952209 9 
0 0.000967589 9 
0 0.000983918 9 
0 0.000984201 9 
0 0.000993095 9 
0 0.000993194 9 
0 0.00101016 9 
0 0.0010475 9 
0 0.00106478 9 
0 0.00106884 9 
0 0.00107076 9 
0 0.0010709 9 
0 0.00107759 9 
0 0.00109128 9 
0 0.00112573 9 
0 0.00119665 9 
0 0.00123424 9 
0 0.00125215 9 
0 0.00127582 9 
0 0.00127643 9 
0 0.00127872 9 
0 0.00130704 9 
0 0.00131917 9 
0 0.00132936 9 
0 0.00142854 9 
0 0.00182327 9 
0 0.0018271 9 
0 0.00217447 9 
0 0.00230148 9 
0 0.00235208 9 
0 inf 9 
