0.526226 0.541007 0 
0.523035 0.540809 0 
0.522925 0.537576 0 
0.522914 0.542773 0 
0.522898 0.541613 0 
0.522772 0.523678 0 
0.522715 0.540088 0 
0.522707 0.540809 0 
0.522414 0.540088 0 
0.522063 0.540088 0 
0.521852 0.540751 0 
0.521805 0.538835 0 
0.521627 0.542274 0 
0.521561 0.541859 0 
0.521378 0.53747 0 
0.521217 0.538592 0 
0.52103 0.54422 0 
0.52093 0.542058 0 
0.520689 0.540055 0 
0.520541 0.542274 0 
0.520505 0.54378 0 
0.520407 0.520908 0 
0.520381 0.542213 0 
0.520255 0.541422 0 
0.520157 0.541129 0 
0.520144 0.544498 0 
0.520109 0.54379 0 
0.519972 0.542688 0 
0.519892 0.542423 0 
0.519824 0.541072 0 
0.519771 0.543165 0 
0.519759 0.541072 0 
0.51975 0.542527 0 
0.519677 0.541356 0 
0.519677 0.541701 0 
0.519584 0.540088 0 
0.519564 0.543584 0 
0.519556 0.540376 0 
0.519494 0.541752 0 
0.519489 0.544685 0 
0.519407 0.542855 0 
0.519383 0.519592 0 
0.519378 0.542462 0 
0.519349 0.544903 0 
0.519266 0.544322 0 
0.519255 0.538324 0 
0.519255 0.540733 0 
0.519199 0.542941 0 
0.519158 0.53747 0 
0.51914 0.521533 0 
0.519107 0.541007 0 
0.519022 0.54188 0 
0.519011 0.539464 0 
0.519001 0.541728 0 
0.518908 0.541613 0 
0.518723 0.519573 0 
0.518712 0.519546 0 
0.518618 0.541769 0 
0.518603 0.541007 0 
0.518589 0.541044 0 
0.518318 0.542493 0 
0.51825 0.518275 0 
0.518216 0.522403 0 
0.518187 0.519238 0 
0.518149 0.543958 0 
0.518116 0.521142 0 
0.518101 0.518137 0 
0.518025 0.52122 0 
0.517984 0.519154 0 
0.517963 0.518157 0 
0.517947 0.541072 0 
0.51792 0.518185 0 
0.517912 0.541831 0 
0.517908 0.541097 0 
0.517899 0.540734 0 
0.517867 0.540562 0 
0.517814 0.518228 0 
0.517795 0.518065 0 
0.51773 0.544803 0 
0.517571 0.518527 0 
0.517535 0.544074 0 
0.517524 0.543799 0 
0.517523 0.518278 0 
0.517515 0.51791 0 
0.517493 0.517711 0 
0.517469 0.519511 0 
0.517369 0.543664 0 
0.517348 0.517369 0 
0.517335 0.541097 0 
0.517328 0.519472 0 
0.517304 0.519459 0 
0.517295 0.521533 0 
0.517186 0.541819 0 
0.517148 0.543943 0 
0.517129 0.541318 0 
0.517127 0.517149 0 
0.517126 0.541629 0 
0.517115 0.542269 0 
0.517011 0.520148 0 
0.516999 0.544126 0 
0.516961 0.51825 0 
0.516843 0.517319 0 
0.516804 0.519179 0 
0.516799 0.544379 0 
0.516796 0.543117 0 
0.516745 0.518546 0 
0.516694 0.518848 0 
0.516687 0.516943 0 
0.516616 0.517068 0 
0.516611 0.518956 0 
0.51659 0.518509 0 
0.516577 0.541097 0 
0.516547 0.544685 0 
0.516516 0.520837 0 
0.516496 0.519813 0 
0.516465 0.541171 0 
0.516439 0.540055 0 
0.516438 0.540132 0 
0.516418 0.519749 0 
0.51638 0.517399 0 
0.51636 0.517204 0 
0.51635 0.517689 0 
0.516311 0.540088 0 
0.516293 0.520043 0 
0.516293 0.540132 0 
0.516279 0.517072 0 
0.516271 0.542423 0 
0.516265 0.542145 0 
0.516202 0.540425 0 
0.5162 0.541092 0 
0.516188 0.542129 0 
0.516044 0.544849 0 
0.516037 0.516669 0 
0.516026 0.518546 0 
0.515949 0.540733 0 
0.515911 0.542463 0 
0.515908 0.520043 0 
0.5159 0.542145 0 
0.51586 0.517352 0 
0.515757 0.516067 0 
0.515717 0.540132 0 
0.515692 0.543485 0 
0.51569 0.538324 0 
0.515604 0.515981 0 
0.51557 0.538324 0 
0.515522 0.541465 0 
0.515509 0.520317 0 
0.515455 0.516693 0 
0.515448 0.540809 0 
0.515436 0.522411 0 
0.515421 0.540425 0 
0.515415 0.545411 0 
0.515333 0.540848 0 
0.515332 0.542274 0 
0.515218 0.517701 0 
0.515194 0.516627 0 
0.51518 0.519171 0 
0.515168 0.544142 0 
0.515129 0.541479 0 
0.51511 0.51834 0 
0.515081 0.538324 0 
0.515058 0.546569 0 
0.515047 0.517519 0 
0.515041 0.519706 0 
0.515027 0.519926 0 
0.515018 0.518855 0 
0.515012 0.544759 0 
0.515006 0.540734 0 
0.515006 0.542538 0 
0.514982 0.520143 0 
0.514954 0.541256 0 
0.514934 0.547383 0 
0.514929 0.543201 0 
0.514921 0.518715 0 
0.514863 0.5176 0 
0.514851 0.519012 0 
0.514822 0.539464 0 
0.514804 0.547065 0 
0.514803 0.516084 0 
0.514769 0.518924 0 
0.514729 0.541914 0 
0.514712 0.519026 0 
0.51469 0.51515 0 
0.514671 0.521357 0 
0.514614 0.543752 0 
0.514611 0.521142 0 
0.5146 0.520179 0 
0.514575 0.539628 0 
0.514569 0.520028 0 
0.514533 0.517098 0 
0.514531 0.541007 0 
0.514499 0.541465 0 
0.514496 0.515989 0 
0.514493 0.544178 0 
0.51446 0.517895 0 
0.51443 0.515649 0 
0.514395 0.543077 0 
0.514392 0.516925 0 
0.514334 0.515442 0 
0.514317 0.543302 0 
0.514281 0.518065 0 
0.51428 0.547896 0 
0.51422 0.520108 0 
0.514182 0.521395 0 
0.514162 0.541044 0 
0.51416 0.519072 0 
0.514087 0.5156 0 
0.514048 0.538592 0 
0.513995 0.515378 0 
0.513988 0.5176 0 
0.513958 0.517711 0 
0.513948 0.544964 0 
0.513935 0.516067 0 
0.513931 0.541118 0 
0.513916 0.540376 0 
0.513896 0.520179 0 
0.513848 0.538393 0 
0.513823 0.52395 0 
0.513809 0.519179 0 
0.513758 0.544776 0 
0.513755 0.52061 0 
0.513752 0.516629 0 
0.513743 0.520891 0 
0.513704 0.538393 0 
0.513699 0.541626 0 
0.513678 0.540721 0 
0.513669 0.545508 0 
0.513656 0.546398 0 
0.513647 0.53747 0 
0.513643 0.520092 0 
0.513598 0.542809 0 
0.513586 0.541097 0 
0.513578 0.539448 0 
0.513575 0.540809 0 
0.513542 0.519884 0 
0.513514 0.541256 0 
0.513456 0.518982 0 
0.513402 0.514969 0 
0.513359 0.514496 0 
0.513333 0.522103 0 
0.513306 0.516945 0 
0.513288 0.540425 0 
0.513284 0.541171 0 
0.51327 0.515242 0 
0.51324 0.547136 0 
0.513235 0.515327 0 
0.513234 0.544577 0 
0.513215 0.520964 0 
0.513159 0.513442 0 
0.513159 0.545475 0 
0.513146 0.537927 0 
0.513143 0.520551 0 
0.513133 0.515436 0 
0.513131 0.521142 0 
0.513114 0.517217 0 
0.513107 0.544712 0 
0.513065 0.514358 0 
0.512996 0.541118 0 
0.512987 0.541092 0 
0.512976 0.541859 0 
0.512957 0.542114 0 
0.512938 0.540376 0 
0.512934 0.545277 0 
0.512905 0.53747 0 
0.512888 0.540088 0 
0.512874 0.517652 0 
0.512873 0.517369 0 
0.512862 0.541893 0 
0.512842 0.543241 0 
0.512838 0.52395 0 
0.512794 0.538393 0 
0.51278 0.541769 0 
0.512744 0.514084 0 
0.512716 0.53747 0 
0.512691 0.541072 0 
0.51269 0.51485 0 
0.512687 0.547817 0 
0.512657 0.537576 0 
0.512653 0.540055 0 
0.512642 0.520964 0 
0.512641 0.522237 0 
0.512587 0.541859 0 
0.512575 0.517217 0 
0.51255 0.544722 0 
0.512547 0.540682 0 
0.512492 0.52061 0 
0.512482 0.540704 0 
0.51246 0.541118 0 
0.512458 0.540751 0 
0.512431 0.541782 0 
0.512419 0.5433 0 
0.512389 0.543145 0 
0.512388 0.518509 0 
0.512387 0.542773 0 
0.512353 0.517829 0 
0.512346 0.515649 0 
0.512342 0.537927 0 
0.51232 0.542416 0 
0.51231 0.542269 0 
0.512289 0.53747 0 
0.512253 0.541097 0 
0.512242 0.544493 0 
0.512237 0.545204 0 
0.512208 0.520129 0 
0.512207 0.541111 0 
0.512203 0.521674 0 
0.5122 0.542755 0 
0.512189 0.513529 0 
0.512162 0.540682 0 
0.51214 0.537576 0 
0.512124 0.539448 0 
0.512097 0.515981 0 
0.512094 0.539464 0 
0.512086 0.513614 0 
0.512063 0.545151 0 
0.512054 0.537927 0 
0.512009 0.518633 0 
0.511997 0.512679 0 
0.511989 0.540721 0 
0.511966 0.541914 0 
0.511955 0.542303 0 
0.511931 0.517639 0 
0.511887 0.541111 0 
0.511867 0.546327 0 
0.511837 0.540751 0 
0.511786 0.543165 0 
0.511767 0.540809 0 
0.511752 0.518394 0 
0.511704 0.517652 0 
0.511642 0.543186 0 
0.511637 0.514545 0 
0.511626 0.544817 0 
0.511605 0.540721 0 
0.511603 0.521674 0 
0.51153 0.515828 0 
0.511476 0.542527 0 
0.511463 0.541044 0 
0.511451 0.545465 0 
0.511403 0.543186 0 
0.511368 0.540519 0 
0.511362 0.537576 0 
0.511357 0.541702 0 
0.511337 0.513632 0 
0.511304 0.541171 0 
0.511296 0.54543 0 
0.511277 0.541044 0 
0.511159 0.54509 0 
0.511122 0.543683 0 
0.511109 0.541479 0 
0.511097 0.513635 0 
0.511026 0.546502 0 
0.510942 0.542264 0 
0.510926 0.51732 0 
0.51086 0.543081 0 
0.510814 0.53747 0 
0.510797 0.540809 0 
0.510764 0.541072 0 
0.510724 0.541626 0 
0.510704 0.540809 0 
0.510702 0.541097 0 
0.510645 0.518633 0 
0.510572 0.543843 0 
0.510553 0.541782 0 
0.510551 0.542556 0 
0.510468 0.543563 0 
0.510396 0.519338 0 
0.510233 0.511866 0 
0.510116 0.540562 0 
0.510108 0.540733 0 
0.510101 0.545763 0 
0.510043 0.546287 0 
0.510007 0.547642 0 
0.510004 0.541422 0 
0.509842 0.545674 0 
0.509694 0.513016 0 
0.509588 0.542429 0 
0.509277 0.541203 0 
0.509228 0.544007 0 
0.509088 0.541914 0 
0.50907 0.542303 0 
0.509046 0.544206 0 
0.508988 0.546099 0 
0.508931 0.545875 0 
0.508738 0.548238 0 
0.508527 0.515912 0 
0.21854 0.223229 1 
0.218219 0.223164 1 
0.217989 0.224243 1 
0.217755 0.226409 1 
0.217595 0.231116 1 
0.21749 0.224938 1 
0.21716 0.221127 1 
0.217123 0.227327 1 
0.217042 0.224938 1 
0.217021 0.219288 1 
0.216878 0.226484 1 
0.216776 0.232531 1 
0.216689 0.22464 1 
0.216653 0.233564 1 
0.216343 0.222136 1 
0.216208 0.227636 1 
0.216162 0.224736 1 
0.216149 0.232662 1 
0.216123 0.228771 1 
0.216097 0.230752 1 
0.216085 0.226303 1 
0.216075 0.225995 1 
0.216009 0.221127 1 
0.216002 0.223358 1 
0.215879 0.225524 1 
0.215818 0.228325 1 
0.215789 0.22464 1 
0.215596 0.227786 1 
0.215568 0.223515 1 
0.215561 0.217614 1 
0.215549 0.220296 1 
0.215511 0.231545 1 
0.215506 0.228678 1 
0.215377 0.222994 1 
0.215252 0.226484 1 
0.215242 0.227926 1 
0.215209 0.224243 1 
0.215193 0.220519 1 
0.215145 0.232075 1 
0.215135 0.220471 1 
0.215128 0.224034 1 
0.215017 0.225035 1 
0.214858 0.225051 1 
0.214847 0.21851 1 
0.214796 0.224964 1 
0.214718 0.22444 1 
0.214678 0.224512 1 
0.214623 0.221127 1 
0.214579 0.228122 1 
0.214489 0.223164 1 
0.214425 0.217483 1 
0.214411 0.22525 1 
0.214395 0.227872 1 
0.21435 0.223875 1 
0.214341 0.224552 1 
0.214316 0.224551 1 
0.214312 0.227566 1 
0.214282 0.214671 1 
0.214272 0.227716 1 
0.214248 0.222087 1 
0.214209 0.227818 1 
0.214192 0.222315 1 
0.214154 0.221894 1 
0.214144 0.21477 1 
0.214078 0.226932 1 
0.214041 0.225807 1 
0.21402 0.230682 1 
0.214018 0.227105 1 
0.213975 0.22874 1 
0.213963 0.22082 1 
0.213919 0.223358 1 
0.213851 0.227723 1 
0.213838 0.222896 1 
0.213801 0.228489 1 
0.213679 0.223358 1 
0.213665 0.231172 1 
0.213557 0.229029 1 
0.213496 0.224654 1 
0.213482 0.22859 1 
0.213472 0.223714 1 
0.21347 0.222977 1 
0.213382 0.224736 1 
0.213338 0.228966 1 
0.213202 0.221971 1 
0.213178 0.226295 1 
0.213157 0.223229 1 
0.213104 0.228062 1 
0.212921 0.224607 1 
0.212921 0.217483 1 
0.21287 0.229331 1 
0.212864 0.226963 1 
0.212847 0.229826 1 
0.212833 0.221758 1 
0.212825 0.228256 1 
0.212762 0.227487 1 
0.212753 0.21851 1 
0.212713 0.223004 1 
0.212662 0.223683 1 
0.212584 0.224429 1 
0.21247 0.212472 1 
0.21243 0.228794 1 
0.212373 0.224948 1 
0.212266 0.221127 1 
0.212264 0.228777 1 
0.212253 0.22524 1 
0.212252 0.227655 1 
0.212252 0.224331 1 
0.212112 0.218339 1 
0.212102 0.223758 1 
0.212097 0.226067 1 
0.211949 0.221127 1 
0.211912 0.233106 1 
0.211822 0.222911 1 
0.211746 0.225096 1 
0.211682 0.220471 1 
0.211669 0.229129 1 
0.211586 0.227349 1 
0.211512 0.222464 1 
0.211489 0.223422 1 
0.211481 0.229138 1 
0.211468 0.224331 1 
0.21143 0.211592 1 
0.211275 0.222911 1 
0.211259 0.229414 1 
0.21124 0.22447 1 
0.211196 0.211579 1 
0.211133 0.217483 1 
0.211097 0.222759 1 
0.211055 0.217614 1 
0.211052 0.212041 1 
0.21098 0.212565 1 
0.210961 0.227525 1 
0.210921 0.222315 1 
0.210854 0.223956 1 
0.210812 0.223464 1 
0.210675 0.211381 1 
0.210645 0.227446 1 
0.210621 0.21112 1 
0.210618 0.223926 1 
0.210583 0.223869 1 
0.210483 0.223464 1 
0.210446 0.22792 1 
0.21043 0.224622 1 
0.210405 0.224082 1 
0.210403 0.212077 1 
0.21039 0.223229 1 
0.210384 0.224445 1 
0.210272 0.212041 1 
0.210264 0.222975 1 
0.210248 0.226303 1 
0.209879 0.223312 1 
0.209757 0.228932 1 
0.209698 0.225688 1 
0.209625 0.224072 1 
0.209601 0.224006 1 
0.209585 0.211696 1 
0.209533 0.225676 1 
0.209465 0.222759 1 
0.209432 0.210191 1 
0.209423 0.210915 1 
0.20934 0.221758 1 
0.20929 0.220296 1 
0.20926 0.209606 1 
0.209247 0.222975 1 
0.209173 0.212053 1 
0.209169 0.2258 1 
0.209115 0.226888 1 
0.209105 0.209842 1 
0.20905 0.218339 1 
0.209035 0.209225 1 
0.209011 0.209834 1 
0.208918 0.22082 1 
0.208818 0.218339 1 
0.208804 0.209551 1 
0.208804 0.223221 1 
0.208792 0.227284 1 
0.208789 0.209726 1 
0.208747 0.215457 1 
0.208727 0.224243 1 
0.20872 0.229109 1 
0.208719 0.227475 1 
0.208699 0.218339 1 
0.208649 0.210123 1 
0.208648 0.22082 1 
0.208621 0.212023 1 
0.208619 0.223451 1 
0.208599 0.221894 1 
0.208592 0.224696 1 
0.208588 0.210961 1 
0.208559 0.229927 1 
0.208544 0.208997 1 
0.208539 0.211221 1 
0.208394 0.228251 1 
0.208392 0.222145 1 
0.208386 0.227382 1 
0.208297 0.211579 1 
0.208294 0.209342 1 
0.208256 0.209631 1 
0.208212 0.223042 1 
0.208166 0.217483 1 
0.208122 0.211515 1 
0.208114 0.226571 1 
0.208057 0.210675 1 
0.207967 0.212843 1 
0.207935 0.224443 1 
0.207924 0.209886 1 
0.207909 0.208123 1 
0.207894 0.209351 1 
0.207885 0.208134 1 
0.207851 0.230349 1 
0.207813 0.22444 1 
0.207783 0.223358 1 
0.207777 0.208382 1 
0.207764 0.212728 1 
0.207703 0.210536 1 
0.207639 0.221971 1 
0.207604 0.209246 1 
0.207408 0.209671 1 
0.207393 0.209579 1 
0.207372 0.210437 1 
0.207348 0.211148 1 
0.207314 0.209937 1 
0.207295 0.223164 1 
0.20728 0.222358 1 
0.207241 0.209246 1 
0.207235 0.209538 1 
0.207186 0.208291 1 
0.207186 0.207905 1 
0.207182 0.208046 1 
0.207112 0.224006 1 
0.20708 0.218992 1 
0.207076 0.211221 1 
0.207014 0.225022 1 
0.206993 0.212406 1 
0.206986 0.210859 1 
0.206972 0.220296 1 
0.206945 0.207598 1 
0.206885 0.209301 1 
0.20686 0.209361 1 
0.206849 0.213734 1 
0.206848 0.217614 1 
0.206811 0.217483 1 
0.206805 0.209422 1 
0.206761 0.210061 1 
0.206733 0.2085 1 
0.206711 0.209847 1 
0.206648 0.210257 1 
0.206578 0.221936 1 
0.206531 0.207769 1 
0.206464 0.223758 1 
0.206461 0.208225 1 
0.206454 0.212912 1 
0.206441 0.218548 1 
0.206413 0.221127 1 
0.206393 0.208291 1 
0.206376 0.231707 1 
0.206367 0.209393 1 
0.206293 0.207276 1 
0.206283 0.210872 1 
0.206272 0.212034 1 
0.206234 0.217483 1 
0.206209 0.207239 1 
0.206168 0.210487 1 
0.206154 0.221758 1 
0.206151 0.223312 1 
0.206148 0.208479 1 
0.206118 0.224825 1 
0.206031 0.224196 1 
0.206012 0.212496 1 
0.205997 0.225676 1 
0.205986 0.209749 1 
0.20597 0.206864 1 
0.205909 0.224607 1 
0.205884 0.218548 1 
0.205881 0.212106 1 
0.205846 0.208596 1 
0.205839 0.218992 1 
0.205827 0.224098 1 
0.205794 0.2085 1 
0.205775 0.222726 1 
0.205765 0.222975 1 
0.20574 0.223869 1 
0.205713 0.208756 1 
0.205647 0.213734 1 
0.205605 0.221894 1 
0.20554 0.224243 1 
0.205512 0.223883 1 
0.205496 0.211594 1 
0.205493 0.211543 1 
0.205385 0.209342 1 
0.205369 0.209657 1 
0.205329 0.206928 1 
0.205328 0.221971 1 
0.205327 0.223221 1 
0.20525 0.211875 1 
0.205246 0.206029 1 
0.205235 0.217483 1 
0.205215 0.208186 1 
0.205212 0.226409 1 
0.205201 0.220975 1 
0.205165 0.222087 1 
0.205134 0.20536 1 
0.205103 0.206005 1 
0.205099 0.223464 1 
0.205068 0.209567 1 
0.205045 0.217614 1 
0.205013 0.223464 1 
0.204952 0.208512 1 
0.204945 0.220519 1 
0.204933 0.205914 1 
0.204898 0.222977 1 
0.204863 0.222994 1 
0.204709 0.223229 1 
0.204707 0.211148 1 
0.204698 0.207527 1 
0.204655 0.227538 1 
0.204612 0.222358 1 
0.20456 0.218548 1 
0.204554 0.218992 1 
0.204507 0.222145 1 
0.204457 0.221869 1 
0.204457 0.223962 1 
0.204432 0.220471 1 
0.204427 0.225045 1 
0.204381 0.205896 1 
0.204378 0.205402 1 
0.204355 0.209561 1 
0.204332 0.223451 1 
0.204191 0.222464 1 
0.204177 0.219803 1 
0.204171 0.209886 1 
0.204123 0.204644 1 
0.204113 0.224196 1 
0.204001 0.227626 1 
0.203841 0.225731 1 
0.203774 0.224988 1 
0.203728 0.221936 1 
0.203589 0.222087 1 
0.203347 0.204539 1 
0.203245 0.222136 1 
0.203223 0.209663 1 
0.203199 0.206458 1 
0.202924 0.222977 1 
0.202855 0.222136 1 
0.202837 0.223358 1 
0.202674 0.223446 1 
0.201996 0.20231 1 
0.103965 0.10524 2 
0.102574 0.107455 2 
0.102079 0.106708 2 
0.10186 0.106697 2 
0.100898 0.105117 2 
0.100829 0.10385 2 
0.100683 0.104588 2 
0.100569 0.101301 2 
0.100457 0.102485 2 
0.100388 0.100693 2 
0.10027 0.100693 2 
0.10009 0.102406 2 
0.0998282 0.100787 2 
0.0997128 0.104649 2 
0.0995744 0.100771 2 
0.0995384 0.102601 2 
0.0993956 0.102703 2 
0.0993807 0.0999337 2 
0.0993024 0.102012 2 
0.0991382 0.0993381 2 
0.0990933 0.0999692 2 
0.0990145 0.099959 2 
0.098995 0.101366 2 
0.0989642 0.100864 2 
0.0988106 0.103754 2 
0.0985145 0.103208 2 
0.0985017 0.10605 2 
0.0984441 0.0999038 2 
0.0984422 0.0984558 2 
0.0982848 0.103335 2 
0.0982725 0.104102 2 
0.0982682 0.0993381 2 
0.0980835 0.0985185 2 
0.0980758 0.10194 2 
0.0980302 0.102924 2 
0.0980201 0.101661 2 
0.0979031 0.0990024 2 
0.0978195 0.100662 2 
0.0977145 0.0997359 2 
0.0977027 0.100679 2 
0.0976666 0.0988511 2 
0.097656 0.102062 2 
0.0976109 0.0992582 2 
0.0975685 0.10183 2 
0.0975408 0.100309 2 
0.0975261 0.102033 2 
0.0975137 0.0992988 2 
0.0975055 0.0975913 2 
0.0974945 0.0985389 2 
0.097364 0.101865 2 
0.0972976 0.0993125 2 
0.0972547 0.101089 2 
0.097201 0.103197 2 
0.0971062 0.102953 2 
0.0970952 0.0993287 2 
0.0970144 0.0992944 2 
0.0969521 0.0989764 2 
0.0968976 0.103104 2 
0.0968901 0.101418 2 
0.0968701 0.102406 2 
0.0968448 0.0985962 2 
0.0967398 0.102101 2 
0.0966717 0.0983346 2 
0.0966567 0.102584 2 
0.0965969 0.0991738 2 
0.0965201 0.102042 2 
0.0965118 0.100977 2 
0.0965041 0.0978342 2 
0.0963887 0.0985962 2 
0.0962471 0.0991663 2 
0.0962467 0.0976886 2 
0.0962231 0.10158 2 
0.0961268 0.0969606 2 
0.0960914 0.0981884 2 
0.0960713 0.100217 2 
0.0960517 0.0962308 2 
0.096031 0.0972541 2 
0.096007 0.10343 2 
0.0959629 0.0968538 2 
0.0959176 0.101414 2 
0.095914 0.100679 2 
0.0959104 0.0997836 2 
0.0959046 0.0998313 2 
0.0959034 0.103968 2 
0.0958682 0.0968846 2 
0.0957537 0.0962308 2 
0.095723 0.101999 2 
0.0956711 0.104126 2 
0.0956175 0.0973022 2 
0.0955782 0.10194 2 
0.0955716 0.0980959 2 
0.0955655 0.0993267 2 
0.0955597 0.0957066 2 
0.0954476 0.0967825 2 
0.0953947 0.0989478 2 
0.0953575 0.0985709 2 
0.0952743 0.101987 2 
0.0952209 0.0983202 2 
0.0951388 0.100864 2 
0.0951151 0.101976 2 
0.0949864 0.0987798 2 
0.0948661 0.0994003 2 
0.094801 0.0989478 2 
0.0947329 0.0992797 2 
0.0945945 0.101512 2 
0.0945268 0.100349 2 
0.0945121 0.0972802 2 
0.0944273 0.101312 2 
0.0943309 0.0988962 2 
0.0942976 0.0957682 2 
0.0942443 0.0958479 2 
0.0942143 0.098425 2 
0.094209 0.0942636 2 
0.0941303 0.0972802 2 
0.0940309 0.0954558 2 
0.0940257 0.0978912 2 
0.0940224 0.0972246 2 
0.0939433 0.0985348 2 
0.0939241 0.0943733 2 
0.0937976 0.0981616 2 
0.0937548 0.0946511 2 
0.0937515 0.0987798 2 
0.0937 0.0976875 2 
0.0936036 0.104369 2 
0.093577 0.0980732 2 
0.0935727 0.0982647 2 
0.093488 0.100012 2 
0.0934874 0.101795 2 
0.0934658 0.0962308 2 
0.0934028 0.0990098 2 
0.0932961 0.100573 2 
0.0932014 0.104304 2 
0.0931454 0.0954183 2 
0.0931391 0.0935691 2 
0.0930787 0.0999781 2 
0.0930744 0.0997643 2 
0.0930336 0.0942132 2 
0.0929735 0.101618 2 
0.0928957 0.0941075 2 
0.0928611 0.0974225 2 
0.0928027 0.0942339 2 
0.0927942 0.101854 2 
0.0927433 0.0989764 2 
0.0927214 0.100393 2 
0.092654 0.0940653 2 
0.0926503 0.101687 2 
0.0925955 0.0934378 2 
0.0925814 0.0938309 2 
0.0925683 0.0950057 2 
0.0925493 0.0943971 2 
0.0924781 0.0926587 2 
0.0924735 0.0975693 2 
0.0924642 0.0928956 2 
0.092336 0.0944837 2 
0.0922795 0.0935691 2 
0.0922682 0.0965268 2 
0.0922661 0.0934588 2 
0.0922644 0.0924644 2 
0.0922615 0.0933594 2 
0.0922442 0.0944307 2 
0.0922218 0.0975693 2 
0.0921892 0.0944579 2 
0.0921811 0.0985887 2 
0.0921144 0.0929343 2 
0.0920916 0.098372 2 
0.0920887 0.0988209 2 
0.092085 0.0923025 2 
0.0920621 0.100012 2 
0.0920175 0.0998163 2 
0.0920016 0.0922876 2 
0.0919909 0.100505 2 
0.0919673 0.0933847 2 
0.0919207 0.0930676 2 
0.0919103 0.0926184 2 
0.0918851 0.0936019 2 
0.09188 0.0979301 2 
0.0918775 0.0959713 2 
0.091867 0.0985187 2 
0.091849 0.0982276 2 
0.0918116 0.0950639 2 
0.091791 0.100693 2 
0.0916957 0.0946467 2 
0.091642 0.0969224 2 
0.091638 0.0928962 2 
0.091614 0.0994021 2 
0.0915953 0.0982198 2 
0.0915882 0.0985962 2 
0.0915492 0.093714 2 
0.0915258 0.0981784 2 
0.091495 0.0952171 2 
0.0914671 0.0938975 2 
0.0914601 0.0920778 2 
0.0914571 0.094535 2 
0.0914136 0.0964086 2 
0.0913912 0.0915371 2 
0.0913608 0.0914502 2 
0.0913007 0.0914038 2 
0.0912459 0.100082 2 
0.0912398 0.0922156 2 
0.0911019 0.0920466 2 
0.0909153 0.0935691 2 
0.0909051 0.0954183 2 
0.0908752 0.0968538 2 
0.0908591 0.0969564 2 
0.0908333 0.0972246 2 
0.0908276 0.0932617 2 
0.0908219 0.0932617 2 
0.0907813 0.0934423 2 
0.090776 0.0987798 2 
0.0907707 0.0945988 2 
0.0907045 0.0913371 2 
0.0907038 0.0994449 2 
0.0906546 0.0917908 2 
0.090636 0.0914806 2 
0.0906078 0.0942132 2 
0.0905966 0.0935797 2 
0.0905603 0.0946825 2 
0.0904524 0.0974443 2 
0.09039 0.0974225 2 
0.0903671 0.0936213 2 
0.0903412 0.0933847 2 
0.0901332 0.0975693 2 
0.0901295 0.0911383 2 
0.0901267 0.0901963 2 
0.0901113 0.0969606 2 
0.0900706 0.0979138 2 
0.0900689 0.0912525 2 
0.0900372 0.0946556 2 
0.0900309 0.0946467 2 
0.0900062 0.0935878 2 
0.0900054 0.0924396 2 
0.0900044 0.0978247 2 
0.0899678 0.0950996 2 
0.089943 0.091928 2 
0.0899419 0.0930035 2 
0.0899275 0.0920591 2 
0.0899139 0.0968846 2 
0.0898572 0.0990493 2 
0.0898528 0.091386 2 
0.0898463 0.0933594 2 
0.0898187 0.0990109 2 
0.0897707 0.0998335 2 
0.0897593 0.0899225 2 
0.0897578 0.0957682 2 
0.0897367 0.0964017 2 
0.0897036 0.0940498 2 
0.0897026 0.0962308 2 
0.0896182 0.0945988 2 
0.0895904 0.0916502 2 
0.0895776 0.0982647 2 
0.0895535 0.0911722 2 
0.089521 0.0915098 2 
0.0895184 0.0982647 2 
0.0894916 0.101527 2 
0.0894601 0.0906858 2 
0.0894555 0.0990109 2 
0.0894216 0.0979301 2 
0.0894196 0.0969564 2 
0.0893844 0.0952884 2 
0.0893779 0.0921218 2 
0.0893425 0.0919745 2 
0.0893171 0.0972246 2 
0.0893125 0.0972541 2 
0.0892756 0.0987949 2 
0.0892448 0.0895527 2 
0.0892426 0.0989582 2 
0.0892383 0.0906805 2 
0.0892361 0.101764 2 
0.0891547 0.0891715 2 
0.0891451 0.0946204 2 
0.0890846 0.0901963 2 
0.0890839 0.0969167 2 
0.0890597 0.0980732 2 
0.089031 0.0945988 2 
0.0889605 0.093695 2 
0.0889596 0.0981784 2 
0.0888408 0.0922542 2 
0.0888037 0.0944446 2 
0.0887969 0.0973022 2 
0.0887715 0.0986295 2 
0.0887401 0.0969224 2 
0.0887185 0.0958479 2 
0.0886833 0.0943733 2 
0.0886442 0.094446 2 
0.0886136 0.100294 2 
0.088604 0.0943733 2 
0.0886007 0.0969606 2 
0.0884416 0.0945988 2 
0.0883694 0.0886452 2 
0.0883416 0.0967923 2 
0.0882918 0.0930309 2 
0.0882517 0.0960465 2 
0.0882484 0.0954247 2 
0.0882268 0.098372 2 
0.088223 0.0940718 2 
0.0880788 0.0972802 2 
0.0880485 0.0923727 2 
0.0880411 0.0968846 2 
0.087991 0.0968274 2 
0.0879827 0.0915373 2 
0.0879091 0.0965215 2 
0.0878507 0.0902335 2 
0.0878375 0.0985962 2 
0.0878082 0.0889102 2 
0.0877111 0.0895917 2 
0.087702 0.0929343 2 
0.087065 0.0935999 2 
0.0869728 0.0972107 2 
0.0869118 0.0968538 2 
0.0868289 0.0960465 2 
0.0867793 0.0883534 2 
0.0861157 0.088449 2 
0.0514142 0.0517589 3 
0.0510681 0.0511326 3 
0.0488775 0.0492671 3 
0.0488096 0.0506694 3 
0.0485312 0.0493346 3 
0.0484215 0.0493806 3 
0.048255 0.0487735 3 
0.0480056 0.0484041 3 
0.0479948 0.0490054 3 
0.0477726 0.0480658 3 
0.0476399 0.0482707 3 
0.0476244 0.0480958 3 
0.0474874 0.0476408 3 
0.0474515 0.049498 3 
0.0474187 0.0480135 3 
0.0473743 0.0484892 3 
0.0471594 0.0478526 3 
0.0471531 0.0474241 3 
0.0471425 0.0483497 3 
0.0470982 0.0478546 3 
0.0469934 0.0472332 3 
0.0469021 0.0480475 3 
0.0468401 0.0489548 3 
0.0468099 0.0473416 3 
0.046719 0.0476643 3 
0.0466986 0.046771 3 
0.0466657 0.0486512 3 
0.0465261 0.0474322 3 
0.0464551 0.049032 3 
0.0464114 0.0465977 3 
0.0464015 0.0468264 3 
0.0463563 0.0473074 3 
0.0463187 0.046614 3 
0.0462737 0.0482602 3 
0.0462633 0.0474356 3 
0.0462547 0.049032 3 
0.0461125 0.0485262 3 
0.0460343 0.0470773 3 
0.0459494 0.0462889 3 
0.0458725 0.0465466 3 
0.0457376 0.0473923 3 
0.0454986 0.046536 3 
0.0454938 0.0455193 3 
0.045479 0.0456588 3 
0.0454591 0.0472892 3 
0.0454398 0.0462272 3 
0.0453992 0.0464284 3 
0.0453752 0.046362 3 
0.0453163 0.0454108 3 
0.0452886 0.0459811 3 
0.04528 0.0472451 3 
0.0452628 0.0469417 3 
0.045242 0.0468921 3 
0.0451533 0.0471281 3 
0.0451385 0.0467112 3 
0.0450684 0.0456588 3 
0.0449792 0.0459655 3 
0.044859 0.0489954 3 
0.044679 0.047175 3 
0.0446599 0.0453402 3 
0.0446226 0.047154 3 
0.0446083 0.0478233 3 
0.044583 0.0466168 3 
0.0445563 0.0452325 3 
0.0445263 0.0462272 3 
0.04451 0.044994 3 
0.0445062 0.0457047 3 
0.0444997 0.0456278 3 
0.04448 0.0449984 3 
0.0444464 0.0464478 3 
0.0444255 0.0445711 3 
0.0443609 0.0452021 3 
0.0443345 0.0446196 3 
0.0443066 0.0450839 3 
0.0442923 0.0466616 3 
0.0442074 0.0452135 3 
0.0441826 0.0451718 3 
0.0441586 0.0452576 3 
0.0441065 0.0450541 3 
0.0440814 0.0473923 3 
0.0440807 0.0443448 3 
0.0440761 0.049032 3 
0.0440645 0.0466616 3 
0.0440346 0.0441985 3 
0.0440104 0.0452755 3 
0.0440027 0.0451202 3 
0.0439965 0.0447584 3 
0.0439925 0.0455774 3 
0.043957 0.0456969 3 
0.0439053 0.0461961 3 
0.0438833 0.0441723 3 
0.043872 0.0448498 3 
0.043804 0.046837 3 
0.0437701 0.0474356 3 
0.0437542 0.045482 3 
0.0437312 0.0468234 3 
0.04371 0.045881 3 
0.0437079 0.0451089 3 
0.0436537 0.0456479 3 
0.0435979 0.0459058 3 
0.0435818 0.047187 3 
0.0435462 0.0443459 3 
0.0435351 0.0438918 3 
0.0435154 0.0473074 3 
0.0434491 0.0441333 3 
0.0434468 0.0452755 3 
0.0434359 0.0436792 3 
0.0434046 0.0441398 3 
0.0434034 0.0467439 3 
0.0433979 0.0449303 3 
0.0433793 0.0451023 3 
0.0433722 0.0436303 3 
0.04336 0.0441433 3 
0.043282 0.0462272 3 
0.0432755 0.0459224 3 
0.0432098 0.0442142 3 
0.0431967 0.0439368 3 
0.0431694 0.0447602 3 
0.0431623 0.0448347 3 
0.0430891 0.0441723 3 
0.0430814 0.0465977 3 
0.0430573 0.0439873 3 
0.0430462 0.0431452 3 
0.0430436 0.0458347 3 
0.0429786 0.0437234 3 
0.042976 0.0431749 3 
0.0429658 0.0459811 3 
0.0429239 0.0440302 3 
0.0428978 0.0460252 3 
0.042876 0.043172 3 
0.0428499 0.0448299 3 
0.0428444 0.0469776 3 
0.0428359 0.0448347 3 
0.0428296 0.0457619 3 
0.042803 0.0431015 3 
0.0427982 0.0455639 3 
0.0427928 0.0442927 3 
0.0427494 0.0431646 3 
0.0427159 0.0448299 3 
0.0427004 0.0428417 3 
0.0426799 0.0432246 3 
0.0426666 0.0448299 3 
0.042603 0.0479336 3 
0.0425539 0.0437503 3 
0.0424988 0.0448582 3 
0.042348 0.0445392 3 
0.0423365 0.0433221 3 
0.0423148 0.0440056 3 
0.0422843 0.0448981 3 
0.0422569 0.0443448 3 
0.0422417 0.0432649 3 
0.0422357 0.0472184 3 
0.0421662 0.0423446 3 
0.042162 0.0427926 3 
0.0421145 0.0439873 3 
0.0419853 0.0454742 3 
0.0419669 0.0440056 3 
0.0419505 0.0441985 3 
0.0419498 0.0435534 3 
0.0419449 0.0466756 3 
0.041944 0.0462659 3 
0.0419347 0.0451202 3 
0.0419234 0.0427191 3 
0.0419222 0.0459585 3 
0.0419193 0.0439566 3 
0.0419186 0.0444167 3 
0.0418762 0.043144 3 
0.0418714 0.0449571 3 
0.0418653 0.0457802 3 
0.0418276 0.0437819 3 
0.0418043 0.0445711 3 
0.0418026 0.0443451 3 
0.0417967 0.0422663 3 
0.0417846 0.0444733 3 
0.0417801 0.0425146 3 
0.0417471 0.0423181 3 
0.0417293 0.0450125 3 
0.0417125 0.0420149 3 
0.0417017 0.0442963 3 
0.041693 0.0430728 3 
0.0416634 0.0429537 3 
0.0416555 0.0446968 3 
0.0416547 0.0430212 3 
0.0416437 0.0452002 3 
0.0416191 0.0449571 3 
0.0416185 0.0445484 3 
0.0416121 0.0455383 3 
0.0416043 0.0428581 3 
0.0415724 0.0456969 3 
0.0415468 0.0459058 3 
0.0415419 0.0446031 3 
0.0415268 0.0428641 3 
0.0415087 0.0448347 3 
0.0414677 0.0437505 3 
0.0414594 0.0449984 3 
0.041447 0.0423752 3 
0.0414295 0.0446968 3 
0.0413657 0.0451602 3 
0.0413321 0.0459963 3 
0.0413153 0.0468234 3 
0.041312 0.0423187 3 
0.0412868 0.0414705 3 
0.0412351 0.0460271 3 
0.0412345 0.0459655 3 
0.0412125 0.045404 3 
0.0411826 0.0459866 3 
0.0411635 0.0412937 3 
0.0411267 0.0452135 3 
0.0410337 0.0452135 3 
0.0410136 0.0450269 3 
0.0409981 0.0451718 3 
0.0409841 0.0423362 3 
0.0409677 0.0457619 3 
0.0409649 0.0453317 3 
0.0409622 0.0450155 3 
0.0409434 0.0423414 3 
0.0409232 0.0444385 3 
0.0409022 0.0430728 3 
0.0408745 0.0411944 3 
0.0408686 0.0451526 3 
0.0407785 0.0412741 3 
0.0407762 0.045282 3 
0.040678 0.0437234 3 
0.0406717 0.0434353 3 
0.04061 0.045282 3 
0.040609 0.043172 3 
0.0406022 0.0443359 3 
0.0405783 0.0445392 3 
0.0405437 0.0436204 3 
0.0404696 0.0439745 3 
0.0404147 0.0445274 3 
0.0403505 0.0450155 3 
0.0402936 0.0454288 3 
0.0402738 0.0443448 3 
0.0401516 0.0451973 3 
0.0400866 0.0457619 3 
0.0400703 0.0418627 3 
0.0400677 0.0439745 3 
0.0400221 0.0445274 3 
0.0398829 0.045456 3 
0.0398676 0.0423697 3 
0.0398389 0.0455383 3 
0.0398082 0.0428641 3 
0.0396185 0.0443451 3 
0.03957 0.0400536 3 
0.038923 0.043172 3 
0.0382137 0.0401918 3 
0.0239142 0.02407 4 
0.0237377 0.0239464 4 
0.0234915 0.0237545 4 
0.0233544 0.023575 4 
0.0233176 0.0238134 4 
0.0232697 0.0237625 4 
0.0232002 0.0232269 4 
0.0231099 0.0237545 4 
0.0229763 0.0230185 4 
0.0229686 0.0230245 4 
0.022763 0.022819 4 
0.0225808 0.0228229 4 
0.0225673 0.0229166 4 
0.0225223 0.0226731 4 
0.0224409 0.0225471 4 
0.0224194 0.0229899 4 
0.0223974 0.0225307 4 
0.022385 0.0224873 4 
0.0223722 0.0231512 4 
0.0222038 0.023979 4 
0.0221428 0.0223703 4 
0.0221239 0.0232399 4 
0.0221216 0.0223059 4 
0.0221093 0.0228814 4 
0.022105 0.0223704 4 
0.0220818 0.0226812 4 
0.0220764 0.022361 4 
0.0220396 0.02289 4 
0.0219989 0.0220498 4 
0.0219798 0.0233228 4 
0.0219214 0.022318 4 
0.0219181 0.0226549 4 
0.0218962 0.0221664 4 
0.0218653 0.0219577 4 
0.0218384 0.0221712 4 
0.0218345 0.0223093 4 
0.0218182 0.0225718 4 
0.0218119 0.0230595 4 
0.0218065 0.0226498 4 
0.021794 0.0221273 4 
0.0217702 0.0226551 4 
0.0217675 0.0229347 4 
0.0217441 0.0227638 4 
0.0217344 0.0218273 4 
0.0216968 0.0226378 4 
0.0216795 0.0226498 4 
0.0216516 0.0218913 4 
0.0216404 0.0237545 4 
0.0216152 0.02183 4 
0.021606 0.0218441 4 
0.0216039 0.0228998 4 
0.0215962 0.0217237 4 
0.0215923 0.0225558 4 
0.0215702 0.0218076 4 
0.0215644 0.023313 4 
0.0215505 0.0226812 4 
0.0215154 0.022786 4 
0.0215111 0.022171 4 
0.0214537 0.0220806 4 
0.0214235 0.0218438 4 
0.0214148 0.0224219 4 
0.0213541 0.0246773 4 
0.0212823 0.021801 4 
0.0212789 0.0217687 4 
0.0212708 0.0215437 4 
0.0212578 0.0216381 4 
0.0212303 0.022656 4 
0.0212196 0.0215009 4 
0.0211998 0.0222171 4 
0.0211034 0.0211873 4 
0.0210969 0.0211361 4 
0.0210938 0.0213956 4 
0.0210844 0.0214502 4 
0.0210746 0.0218711 4 
0.0210679 0.0223951 4 
0.0210137 0.0213728 4 
0.0209692 0.0231126 4 
0.0209689 0.0223849 4 
0.0209613 0.0213604 4 
0.0209538 0.0211361 4 
0.0209496 0.0210966 4 
0.0209395 0.0210452 4 
0.0209117 0.0209379 4 
0.0208981 0.0217237 4 
0.0208946 0.0228605 4 
0.0208877 0.0215329 4 
0.0208708 0.0211751 4 
0.0208506 0.0210589 4 
0.0208246 0.0221087 4 
0.0208078 0.021499 4 
0.0208067 0.022501 4 
0.0207886 0.0210167 4 
0.0207568 0.021411 4 
0.0207418 0.0214819 4 
0.020738 0.0208292 4 
0.0207079 0.0218076 4 
0.0206528 0.0211361 4 
0.0206297 0.021431 4 
0.0206146 0.0215622 4 
0.0206131 0.0213464 4 
0.020596 0.0211462 4 
0.0205829 0.0209743 4 
0.0205813 0.0219175 4 
0.0205288 0.022836 4 
0.0205271 0.0206997 4 
0.020525 0.0216765 4 
0.0205033 0.021054 4 
0.0204862 0.021893 4 
0.020479 0.0209586 4 
0.0204623 0.02132 4 
0.0204618 0.0207248 4 
0.0204227 0.0211497 4 
0.0204213 0.0223951 4 
0.0204117 0.0218076 4 
0.0203985 0.0211602 4 
0.0203905 0.0205182 4 
0.0203714 0.0217494 4 
0.0203698 0.0211212 4 
0.0203292 0.0221691 4 
0.0203234 0.0207533 4 
0.0203104 0.0217441 4 
0.0202962 0.0215597 4 
0.0202843 0.0223032 4 
0.0202707 0.0217441 4 
0.0202628 0.0210295 4 
0.0202523 0.0206675 4 
0.0202444 0.0222541 4 
0.0202418 0.0205143 4 
0.0202257 0.0217896 4 
0.020216 0.020886 4 
0.0202147 0.0209914 4 
0.0201946 0.0219604 4 
0.0201644 0.0220715 4 
0.0201505 0.0217889 4 
0.0201312 0.0218145 4 
0.020118 0.0219851 4 
0.0201007 0.0213881 4 
0.0200892 0.022353 4 
0.0200835 0.0218617 4 
0.0200835 0.0218438 4 
0.0200587 0.0223853 4 
0.0200537 0.0221233 4 
0.0200484 0.0203891 4 
0.0200327 0.0225199 4 
0.0200211 0.0219122 4 
0.020018 0.0215322 4 
0.0199902 0.0204075 4 
0.0199809 0.0201795 4 
0.019976 0.0202785 4 
0.0199713 0.0218711 4 
0.0199466 0.0199848 4 
0.0199439 0.0218794 4 
0.0199352 0.0220715 4 
0.019934 0.0218438 4 
0.019904 0.0218913 4 
0.019866 0.0217746 4 
0.0198255 0.0219319 4 
0.0197919 0.0218871 4 
0.0197277 0.0212708 4 
0.0197171 0.02183 4 
0.0196854 0.0206954 4 
0.019668 0.0211827 4 
0.0196661 0.0214957 4 
0.0196618 0.0217342 4 
0.0196363 0.0208858 4 
0.0195869 0.0227539 4 
0.0195525 0.0211978 4 
0.0195429 0.0215962 4 
0.019542 0.0224192 4 
0.019521 0.020886 4 
0.0194898 0.01999 4 
0.0194895 0.0218293 4 
0.019489 0.0215887 4 
0.0194758 0.0215962 4 
0.0194326 0.0221548 4 
0.0194288 0.0222281 4 
0.0194246 0.0196182 4 
0.0194143 0.0221603 4 
0.0193858 0.022215 4 
0.0193365 0.0215433 4 
0.0192614 0.0195783 4 
0.0192524 0.0203743 4 
0.0192449 0.0218913 4 
0.0191748 0.0201795 4 
0.0191673 0.0223709 4 
0.0191316 0.0223032 4 
0.0191305 0.0217687 4 
0.01912 0.0215322 4 
0.0191164 0.0219448 4 
0.0190855 0.0220995 4 
0.0190216 0.0207684 4 
0.0189816 0.018982 4 
0.0188206 0.0204352 4 
0.0187696 0.0188265 4 
0.0180505 0.01999 4 
0.0180285 0.0190253 4 
0.0118693 0.0120946 5 
0.0118431 0.0119592 5 
0.0116683 0.0118486 5 
0.0115819 0.0119026 5 
0.0114743 0.0118699 5 
0.0113826 0.0114001 5 
0.0113219 0.0113908 5 
0.0112901 0.01147 5 
0.0112895 0.0115192 5 
0.0112373 0.0114318 5 
0.0112283 0.011306 5 
0.0112281 0.0116977 5 
0.0112254 0.0119392 5 
0.0111793 0.0114648 5 
0.0111544 0.0112416 5 
0.0111532 0.0114801 5 
0.0111371 0.0112739 5 
0.0111053 0.0111122 5 
0.0110751 0.0113107 5 
0.0110686 0.0110717 5 
0.0110624 0.0110669 5 
0.0110546 0.0112739 5 
0.0110541 0.0114515 5 
0.0110509 0.0129596 5 
0.0109781 0.0112474 5 
0.0109764 0.0112861 5 
0.010976 0.0114479 5 
0.0109652 0.0116585 5 
0.0109616 0.0118743 5 
0.0109337 0.0115036 5 
0.0109193 0.0117662 5 
0.0108777 0.0115528 5 
0.0108446 0.0108957 5 
0.0108303 0.0113925 5 
0.0108233 0.0108263 5 
0.0108108 0.0113321 5 
0.0108034 0.0117423 5 
0.0107977 0.0109561 5 
0.0107493 0.0108159 5 
0.0107301 0.0111683 5 
0.0107289 0.0107882 5 
0.0107121 0.0114934 5 
0.01068 0.0106809 5 
0.0106783 0.0110845 5 
0.0106402 0.011124 5 
0.0105976 0.0109364 5 
0.0105807 0.0106631 5 
0.0105727 0.0111232 5 
0.0105539 0.010736 5 
0.0105497 0.0114177 5 
0.0105467 0.010901 5 
0.0105338 0.0108316 5 
0.0105259 0.0105869 5 
0.0105129 0.0105641 5 
0.0105069 0.0106598 5 
0.010505 0.0106299 5 
0.0104621 0.0110355 5 
0.0104598 0.0107057 5 
0.0104517 0.0105641 5 
0.010447 0.0111345 5 
0.0104464 0.0105983 5 
0.0104402 0.0111678 5 
0.0104398 0.0110326 5 
0.0104366 0.0109835 5 
0.0103979 0.0110252 5 
0.0103863 0.0105601 5 
0.0103776 0.0104302 5 
0.0103719 0.0109732 5 
0.0103717 0.0108186 5 
0.0103701 0.0110195 5 
0.0103638 0.0113695 5 
0.0103609 0.0113926 5 
0.0103548 0.0109292 5 
0.0103493 0.0105856 5 
0.010333 0.0107614 5 
0.010328 0.0109977 5 
0.0103269 0.0106472 5 
0.0103085 0.0108451 5 
0.0102973 0.0105481 5 
0.0102894 0.0114479 5 
0.010289 0.0106668 5 
0.0102871 0.0105943 5 
0.0102317 0.0105601 5 
0.0102281 0.0106697 5 
0.0102274 0.0113649 5 
0.0102141 0.0112831 5 
0.0102025 0.0102954 5 
0.0101926 0.0111037 5 
0.0101887 0.0107995 5 
0.010179 0.0106714 5 
0.0101759 0.0109184 5 
0.010171 0.0109447 5 
0.0101458 0.0108126 5 
0.010139 0.0104281 5 
0.0101346 0.0105943 5 
0.0101334 0.0104637 5 
0.0101325 0.0104801 5 
0.0101294 0.0112495 5 
0.0101206 0.0109823 5 
0.0101158 0.0103913 5 
0.0101115 0.0109409 5 
0.0100997 0.0105726 5 
0.0100941 0.010435 5 
0.0100795 0.0109395 5 
0.0100535 0.0112474 5 
0.0100478 0.0108157 5 
0.0100322 0.0108157 5 
0.0100155 0.0107587 5 
0.00998917 0.0109447 5 
0.00998031 0.0106331 5 
0.00996242 0.0100416 5 
0.00995523 0.0111465 5 
0.00994358 0.0103985 5 
0.00992282 0.0107482 5 
0.00992004 0.0100512 5 
0.00991974 0.0110704 5 
0.00991135 0.0103145 5 
0.00991041 0.011266 5 
0.00990085 0.0105937 5 
0.00989713 0.0107063 5 
0.00988813 0.0100271 5 
0.00988582 0.0110758 5 
0.0098668 0.0108828 5 
0.00985682 0.0106622 5 
0.00982131 0.0107482 5 
0.00981794 0.00998615 5 
0.00981504 0.0105601 5 
0.00980225 0.0106752 5 
0.0097915 0.0108159 5 
0.00978473 0.0108444 5 
0.00978165 0.0108444 5 
0.00975559 0.0106331 5 
0.00975328 0.0113944 5 
0.00974074 0.0110134 5 
0.00974051 0.0105212 5 
0.00967192 0.0111683 5 
0.00966056 0.0111957 5 
0.00963779 0.0102664 5 
0.00963501 0.0109732 5 
0.00962706 0.0112875 5 
0.00961838 0.0109226 5 
0.00961091 0.0110717 5 
0.00960662 0.00997839 5 
0.00960277 0.0110212 5 
0.00959274 0.011165 5 
0.00958749 0.0104497 5 
0.00957902 0.0108159 5 
0.00956898 0.011075 5 
0.00954366 0.0110252 5 
0.00953841 0.0107614 5 
0.00952172 0.00957749 5 
0.00947384 0.0111122 5 
0.00943587 0.0105862 5 
0.00941592 0.0108497 5 
0.00934405 0.0100889 5 
0.00931151 0.0093171 5 
0.009211 0.0101369 5 
0.00913464 0.00932428 5 
0.00888314 0.00928505 5 
0.00877394 0.00963777 5 
0.00628637 0.0063102 6 
0.00613258 0.00613854 6 
0.00611963 0.00622696 6 
0.00598795 0.00611525 6 
0.005847 0.00608968 6 
0.00583154 0.00608623 6 
0.00581995 0.00681173 6 
0.0058102 0.00587397 6 
0.00577691 0.00583167 6 
0.00576225 0.00583099 6 
0.00576215 0.00616751 6 
0.00575097 0.00597782 6 
0.00574755 0.0057686 6 
0.00573178 0.00600708 6 
0.00572216 0.00623342 6 
0.0057119 0.00571752 6 
0.0056781 0.00594472 6 
0.00567401 0.00624553 6 
0.00566678 0.00574486 6 
0.00564331 0.0058337 6 
0.00563874 0.0056908 6 
0.00562874 0.00592911 6 
0.00560853 0.00571671 6 
0.00560836 0.0059511 6 
0.00560057 0.00563315 6 
0.00556805 0.00558036 6 
0.00555995 0.00575952 6 
0.00554258 0.00590275 6 
0.00553226 0.0058053 6 
0.00551012 0.00560468 6 
0.00550112 0.00610361 6 
0.00549872 0.00566192 6 
0.00549688 0.00581043 6 
0.00548366 0.00595639 6 
0.00548028 0.00548507 6 
0.00547357 0.00590655 6 
0.00545597 0.00553946 6 
0.00545528 0.00571431 6 
0.00543959 0.00557541 6 
0.00542909 0.00563504 6 
0.00542154 0.00563315 6 
0.00539972 0.00569395 6 
0.00539437 0.00565801 6 
0.00539087 0.00543654 6 
0.00538954 0.0058121 6 
0.00538267 0.00578018 6 
0.00538265 0.00575425 6 
0.00537477 0.00553013 6 
0.00537362 0.00551177 6 
0.00537282 0.00560744 6 
0.00536819 0.00567209 6 
0.00536669 0.00547972 6 
0.00536505 0.00542778 6 
0.00535723 0.0058337 6 
0.00534304 0.00564476 6 
0.00534256 0.00572001 6 
0.00533155 0.00558974 6 
0.00532987 0.00554697 6 
0.00532936 0.005544 6 
0.00531862 0.00545595 6 
0.00530326 0.00538985 6 
0.00530047 0.00530239 6 
0.00528465 0.00553721 6 
0.00526633 0.00544194 6 
0.00525561 0.0055912 6 
0.00525356 0.00562506 6 
0.005253 0.0054622 6 
0.00524828 0.00542291 6 
0.00524172 0.00549482 6 
0.00523195 0.00563006 6 
0.00522793 0.00548756 6 
0.0052253 0.00565782 6 
0.005225 0.00525013 6 
0.00522367 0.00546895 6 
0.0052218 0.00576405 6 
0.00521882 0.00536926 6 
0.00521649 0.00532716 6 
0.00520728 0.00532787 6 
0.00520146 0.00531186 6 
0.0051889 0.00541957 6 
0.00518224 0.00553745 6 
0.00517485 0.00562057 6 
0.00517416 0.00519516 6 
0.00517213 0.00540318 6 
0.00517099 0.0056908 6 
0.00514309 0.00582061 6 
0.00514304 0.00553973 6 
0.00513371 0.00525156 6 
0.00512912 0.00524103 6 
0.00512743 0.00542291 6 
0.00512556 0.00550605 6 
0.00512424 0.00549151 6 
0.00512172 0.00570917 6 
0.00511659 0.00541793 6 
0.00510989 0.00520971 6 
0.00510399 0.00552662 6 
0.00509371 0.00530239 6 
0.00508937 0.00538884 6 
0.00507869 0.00563546 6 
0.00507533 0.00549482 6 
0.00507298 0.00549568 6 
0.00506876 0.00530239 6 
0.00506172 0.0057172 6 
0.00505358 0.00560708 6 
0.00505011 0.00564947 6 
0.00503194 0.00516009 6 
0.00502876 0.00560744 6 
0.00501119 0.0053494 6 
0.00500064 0.00550587 6 
0.0049959 0.00532249 6 
0.00499441 0.00532238 6 
0.00498114 0.00542778 6 
0.00496804 0.00546121 6 
0.00496536 0.00570917 6 
0.00495984 0.00572364 6 
0.00495439 0.00523728 6 
0.00495292 0.00506244 6 
0.00495291 0.00578181 6 
0.00495233 0.00542672 6 
0.00494872 0.0053494 6 
0.00494795 0.00530176 6 
0.00493285 0.00579306 6 
0.0049224 0.00570566 6 
0.00492092 0.00501813 6 
0.00491058 0.00571328 6 
0.00490695 0.00550587 6 
0.00490536 0.00560468 6 
0.00490298 0.00530657 6 
0.00490082 0.00509551 6 
0.00488685 0.00565695 6 
0.00488673 0.00564125 6 
0.00487988 0.00550652 6 
0.00485575 0.00566192 6 
0.00485522 0.00556774 6 
0.00483187 0.00567758 6 
0.00479773 0.00524191 6 
0.00477381 0.00543654 6 
0.00476938 0.0047694 6 
0.00475542 0.00542632 6 
0.00474756 0.00512689 6 
0.00471466 0.00501163 6 
0.0045434 0.00474077 6 
0.00451719 0.00464184 6 
0.00437504 0.00485969 6 
0.0032835 0.00333343 7 
0.00323439 0.00329719 7 
0.00314419 0.00328451 7 
0.00312549 0.00318033 7 
0.0030956 0.00337296 7 
0.00307235 0.0031602 7 
0.00306655 0.00360763 7 
0.0030545 0.00309033 7 
0.00302196 0.00320086 7 
0.00300384 0.00318926 7 
0.00299573 0.00300744 7 
0.00299226 0.00323075 7 
0.00299158 0.00304016 7 
0.00298222 0.0031739 7 
0.00297768 0.00307643 7 
0.00296244 0.00304016 7 
0.00295835 0.0030561 7 
0.00295217 0.00302977 7 
0.00292616 0.00302447 7 
0.00292546 0.00301033 7 
0.00292199 0.00316227 7 
0.00290944 0.00292252 7 
0.00290547 0.00298435 7 
0.00290146 0.00306666 7 
0.00289511 0.00290365 7 
0.00288893 0.00299693 7 
0.0028857 0.00294502 7 
0.00288384 0.00288573 7 
0.0028646 0.00287738 7 
0.00286448 0.00289251 7 
0.00286221 0.00300191 7 
0.00285267 0.00298742 7 
0.00284734 0.00302744 7 
0.0028306 0.00290977 7 
0.00282975 0.0030544 7 
0.00282368 0.0028482 7 
0.00282312 0.0028436 7 
0.00281712 0.00295638 7 
0.00281225 0.00285711 7 
0.00281041 0.00307142 7 
0.00281032 0.00287134 7 
0.00280844 0.00293862 7 
0.00280388 0.00286889 7 
0.00280126 0.00290938 7 
0.00279824 0.00291781 7 
0.00279521 0.0030137 7 
0.0027923 0.00287559 7 
0.00278665 0.00318405 7 
0.00278613 0.0028763 7 
0.00278491 0.00289712 7 
0.00278153 0.00285164 7 
0.00278049 0.00296024 7 
0.00277328 0.00280209 7 
0.0027689 0.00293959 7 
0.002766 0.00287992 7 
0.00276265 0.0028129 7 
0.00276208 0.00277413 7 
0.00275856 0.00292363 7 
0.00275691 0.00276969 7 
0.00275684 0.00277413 7 
0.0027558 0.00284955 7 
0.00275321 0.002822 7 
0.00274463 0.00296786 7 
0.00273562 0.00283422 7 
0.00273288 0.00289235 7 
0.00272578 0.00305238 7 
0.00272216 0.00274972 7 
0.00272204 0.00293302 7 
0.00271314 0.00271728 7 
0.00270756 0.00271897 7 
0.00270667 0.00271728 7 
0.00270388 0.0028839 7 
0.00270385 0.00278787 7 
0.00269635 0.00289508 7 
0.00269208 0.00285453 7 
0.00269129 0.00280901 7 
0.00269116 0.00293059 7 
0.00269111 0.00294063 7 
0.00269094 0.00272465 7 
0.00268676 0.00270621 7 
0.00268301 0.0028482 7 
0.00267732 0.00267929 7 
0.00267224 0.00271438 7 
0.00267005 0.00269137 7 
0.00266913 0.00282598 7 
0.00266441 0.00282924 7 
0.00266371 0.0029014 7 
0.0026635 0.00293061 7 
0.00266289 0.0027813 7 
0.00265021 0.00265844 7 
0.0026483 0.00271404 7 
0.00264817 0.0029014 7 
0.00264132 0.00305064 7 
0.00264128 0.00277715 7 
0.00263267 0.00279791 7 
0.00262495 0.0028129 7 
0.00262316 0.0029128 7 
0.00262074 0.00289199 7 
0.00261514 0.00306036 7 
0.00261116 0.00268637 7 
0.0026075 0.00282007 7 
0.00260581 0.00295506 7 
0.00260361 0.0028106 7 
0.00259144 0.00260535 7 
0.00258506 0.00301447 7 
0.0025786 0.00280133 7 
0.00257634 0.00269988 7 
0.00257613 0.00269988 7 
0.00257357 0.00285164 7 
0.00257084 0.00287525 7 
0.00256739 0.00299555 7 
0.00256634 0.00272336 7 
0.00256596 0.00284981 7 
0.00256417 0.00268182 7 
0.00256182 0.00273193 7 
0.00256175 0.00267929 7 
0.00254698 0.00294553 7 
0.00254492 0.00302104 7 
0.00254317 0.00286807 7 
0.00253934 0.00294502 7 
0.00253912 0.00303055 7 
0.0025359 0.00287559 7 
0.00253148 0.00262276 7 
0.00252931 0.00278838 7 
0.00252446 0.00288961 7 
0.00251649 0.002629 7 
0.00251259 0.00262737 7 
0.00251185 0.00288595 7 
0.00250266 0.00300015 7 
0.00247537 0.00277159 7 
0.00245993 0.00267046 7 
0.00245944 0.00283641 7 
0.00243028 0.00253456 7 
0.00238257 0.00245984 7 
0.00233151 0.00237309 7 
0.00232521 0.00233914 7 
0.00230522 0.00237309 7 
0.00222905 0.00250145 7 
0.00178348 0.0018032 8 
0.00177168 0.00179788 8 
0.0017117 0.00179161 8 
0.00170232 0.00185319 8 
0.00164197 0.00165985 8 
0.0016407 0.00165169 8 
0.0016364 0.0016458 8 
0.00163099 0.001928 8 
0.00162697 0.00163673 8 
0.00161567 0.00166049 8 
0.00158995 0.00167279 8 
0.00158722 0.00165985 8 
0.00158638 0.00163441 8 
0.0015847 0.00167502 8 
0.00158057 0.00160224 8 
0.00157585 0.00161061 8 
0.00156817 0.00170653 8 
0.00154999 0.00162401 8 
0.00154009 0.00155367 8 
0.00153769 0.00157554 8 
0.00153764 0.00154674 8 
0.00153612 0.0015948 8 
0.00153431 0.00160554 8 
0.00153113 0.00153214 8 
0.001527 0.00155078 8 
0.00152699 0.00161633 8 
0.00151984 0.00152003 8 
0.00151076 0.00157256 8 
0.00150291 0.00161633 8 
0.00150281 0.00155703 8 
0.00150106 0.00150653 8 
0.00149627 0.00155399 8 
0.00149457 0.00151899 8 
0.00149285 0.00152435 8 
0.00148505 0.00153847 8 
0.00148426 0.00160604 8 
0.00148342 0.00149193 8 
0.00148307 0.001518 8 
0.00147645 0.00148332 8 
0.0014739 0.00157448 8 
0.00147296 0.00153759 8 
0.0014676 0.00150044 8 
0.00146718 0.00162401 8 
0.00146517 0.00153546 8 
0.0014649 0.00151259 8 
0.00145988 0.00149406 8 
0.00145963 0.00150976 8 
0.00145891 0.00150122 8 
0.00145822 0.00150691 8 
0.00145311 0.00157194 8 
0.00145016 0.001471 8 
0.00144905 0.00152302 8 
0.00144685 0.00147943 8 
0.00144661 0.00151772 8 
0.00143853 0.00153076 8 
0.00143785 0.00146135 8 
0.00143217 0.0016858 8 
0.00142594 0.00144235 8 
0.00142454 0.00144439 8 
0.00142437 0.00165715 8 
0.00142343 0.00151619 8 
0.00142301 0.00144905 8 
0.00142178 0.00145473 8 
0.00142051 0.0014687 8 
0.00141897 0.00155843 8 
0.00141742 0.00153304 8 
0.00141594 0.00154512 8 
0.00141148 0.0015086 8 
0.00141102 0.00146305 8 
0.00140913 0.00151489 8 
0.00140679 0.00143258 8 
0.00140602 0.00145114 8 
0.00140229 0.00162814 8 
0.00140132 0.00142255 8 
0.00139909 0.0016258 8 
0.00139511 0.00143277 8 
0.00139186 0.00152415 8 
0.00139066 0.00153546 8 
0.00138606 0.00151589 8 
0.0013857 0.00143691 8 
0.00138467 0.00155915 8 
0.00138374 0.00146418 8 
0.00137862 0.00150122 8 
0.00137769 0.00154002 8 
0.00137696 0.00146432 8 
0.00136929 0.00143518 8 
0.00136872 0.0016155 8 
0.00136795 0.00147528 8 
0.00136176 0.00153668 8 
0.00135836 0.00149704 8 
0.0013573 0.00136474 8 
0.00135569 0.00142296 8 
0.00135388 0.00162814 8 
0.0013534 0.00136195 8 
0.00135146 0.00153385 8 
0.00135002 0.00147943 8 
0.00134941 0.00145296 8 
0.00134906 0.00147764 8 
0.00134722 0.00151764 8 
0.00134449 0.00137797 8 
0.00134366 0.00137134 8 
0.00134232 0.00157259 8 
0.00133831 0.00153029 8 
0.00133644 0.00152206 8 
0.00133472 0.00136608 8 
0.00132763 0.00150572 8 
0.00132364 0.0016172 8 
0.00132273 0.00155367 8 
0.0013223 0.00144256 8 
0.00132219 0.00133463 8 
0.00132117 0.00144189 8 
0.00130801 0.00143469 8 
0.001302 0.00133463 8 
0.00129454 0.0014957 8 
0.00128819 0.0016076 8 
0.0012824 0.00138163 8 
0.00127904 0.00129752 8 
0.00127475 0.0013007 8 
0.00119605 0.0012282 8 
0.00118865 0.00121951 8 
0.00117264 0.0012282 8 
0.00115701 0.00131051 8 
0.00098123 0.000981734 9 
0.000948201 0.0010262 9 
0.000940788 0.000985609 9 
0.000890721 0.000895906 9 
0.000880187 0.000884116 9 
0.000878799 0.000908337 9 
0.00087423 0.00104498 9 
0.000869925 0.000908337 9 
0.000861668 0.000865298 9 
0.000844279 0.000896175 9 
0.000842762 0.00087896 9 
0.00084263 0.000891378 9 
0.000840462 0.000856678 9 
0.000839702 0.000851079 9 
0.000837794 0.000841417 9 
0.000835104 0.000858719 9 
0.000832295 0.000847345 9 
0.000827982 0.000907012 9 
0.000823766 0.000851917 9 
0.000822486 0.000834974 9 
0.000820859 0.000862341 9 
0.000815214 0.000862341 9 
0.000812326 0.000826789 9 
0.000803076 0.000807715 9 
0.000802583 0.00080991 9 
0.000800599 0.000814393 9 
0.000799083 0.000844199 9 
0.000798837 0.000813609 9 
0.000797703 0.000856678 9 
0.000792852 0.000805639 9 
0.000792469 0.000806963 9 
0.000792276 0.000795635 9 
0.000790241 0.000850373 9 
0.000789205 0.00079595 9 
0.000788781 0.000814902 9 
0.000786421 0.000808604 9 
0.000785232 0.000834618 9 
0.00078039 0.00080991 9 
0.000779922 0.000824118 9 
0.000776676 0.00080877 9 
0.000775233 0.000791702 9 
0.000774503 0.000806443 9 
0.00077386 0.000810683 9 
0.000773144 0.00079355 9 
0.000772204 0.000781883 9 
0.000769692 0.000804366 9 
0.000767025 0.000820818 9 
0.000766016 0.000813884 9 
0.000763857 0.000765228 9 
0.000761716 0.000875237 9 
0.000760888 0.000762414 9 
0.000760172 0.000823489 9 
0.000758737 0.00079401 9 
0.000757854 0.000773867 9 
0.000757001 0.000823395 9 
0.000756839 0.000842405 9 
0.000755796 0.000763733 9 
0.000754673 0.000835734 9 
0.000750825 0.000756421 9 
0.000750163 0.000875237 9 
0.0007486 0.000769725 9 
0.00074812 0.000801063 9 
0.000746043 0.000910153 9 
0.000745766 0.000765002 9 
0.000745304 0.000775221 9 
0.000744689 0.000769725 9 
0.000743174 0.00081273 9 
0.000741167 0.000830241 9 
0.000740859 0.000792788 9 
0.00073991 0.000828172 9 
0.000737718 0.000754072 9 
0.000736653 0.000751428 9 
0.000736202 0.000814837 9 
0.000735425 0.000884116 9 
0.000732883 0.000868488 9 
0.000732532 0.000889849 9 
0.000732017 0.000795635 9 
0.000730706 0.00080346 9 
0.000730483 0.000808406 9 
0.00072751 0.000814393 9 
0.00072729 0.000777992 9 
0.000727125 0.000813538 9 
0.0007256 0.000809565 9 
0.000725569 0.000778451 9 
0.000724332 0.00072465 9 
0.000723282 0.000780999 9 
0.000719382 0.000744069 9 
0.000718193 0.000767601 9 
0.000716859 0.000724417 9 
0.000714551 0.000753901 9 
0.000713662 0.0008122 9 
0.000713224 0.000812913 9 
0.000712263 0.000801063 9 
0.000711166 0.000740586 9 
0.00070754 0.000819013 9 
0.000706843 0.000776958 9 
0.000703525 0.000824118 9 
0.000702411 0.00081005 9 
0.0007023 0.00075303 9 
0.000698504 0.000877712 9 
0.000697655 0.000825917 9 
0.000697018 0.000754072 9 
0.000690815 0.000791702 9 
0.000677777 0.00072417 9 
0.000671951 0.000871227 9 
0.000624632 0.000646708 9 
0.000620549 0.000643354 9 
0.000610384 0.000697042 9 
0.00060348 0.000646708 9 
