0.537598 0.559959 0 
0.536259 0.558582 0 
0.535723 0.558502 0 
0.535448 0.557518 0 
0.535152 0.559304 0 
0.534349 0.558088 0 
0.53407 0.537888 0 
0.534021 0.561635 0 
0.533939 0.55978 0 
0.53393 0.561636 0 
0.533877 0.562555 0 
0.53358 0.562297 0 
0.533416 0.560295 0 
0.5334 0.558502 0 
0.532893 0.558584 0 
0.532824 0.557206 0 
0.531575 0.558024 0 
0.531236 0.561586 0 
0.531224 0.559427 0 
0.530958 0.560943 0 
0.530915 0.559329 0 
0.530449 0.559441 0 
0.529691 0.558677 0 
0.528679 0.560311 0 
0.527927 0.562684 0 
0.506742 0.506768 0 
0.505481 0.506299 0 
0.505227 0.505518 0 
0.504997 0.505039 0 
0.504912 0.505181 0 
0.50487 0.506128 0 
0.504867 0.507805 0 
0.504547 0.506232 0 
0.504302 0.505535 0 
0.504295 0.505514 0 
0.504217 0.504575 0 
0.504201 0.504379 0 
0.503968 0.505077 0 
0.503956 0.505571 0 
0.503935 0.503992 0 
0.503909 0.506558 0 
0.503789 0.504338 0 
0.503669 0.504903 0 
0.503659 0.50434 0 
0.503649 0.504364 0 
0.503581 0.504226 0 
0.503579 0.504623 0 
0.503573 0.505523 0 
0.503554 0.503915 0 
0.503518 0.506003 0 
0.503502 0.504532 0 
0.503365 0.504515 0 
0.503332 0.504295 0 
0.503263 0.503619 0 
0.503246 0.505149 0 
0.503198 0.504338 0 
0.503198 0.505601 0 
0.50314 0.506402 0 
0.503135 0.504623 0 
0.503056 0.504137 0 
0.502991 0.504036 0 
0.50293 0.504865 0 
0.502877 0.504082 0 
0.502809 0.505042 0 
0.502756 0.502829 0 
0.502715 0.505039 0 
0.502711 0.505796 0 
0.502707 0.504588 0 
0.502685 0.50708 0 
0.502625 0.503334 0 
0.502623 0.503134 0 
0.502571 0.505324 0 
0.502542 0.505149 0 
0.502536 0.504878 0 
0.502531 0.502756 0 
0.502508 0.50591 0 
0.5025 0.504059 0 
0.502482 0.505349 0 
0.502414 0.50318 0 
0.502386 0.503208 0 
0.502337 0.504402 0 
0.502326 0.50385 0 
0.502246 0.504172 0 
0.502192 0.502481 0 
0.502187 0.502762 0 
0.502022 0.505819 0 
0.501951 0.507059 0 
0.501917 0.502413 0 
0.501915 0.504926 0 
0.501811 0.501941 0 
0.501803 0.504926 0 
0.50178 0.504605 0 
0.50174 0.50454 0 
0.501675 0.504532 0 
0.501625 0.504679 0 
0.501585 0.502154 0 
0.501562 0.505181 0 
0.50154 0.505035 0 
0.501539 0.50315 0 
0.501473 0.502939 0 
0.501428 0.503465 0 
0.501389 0.501754 0 
0.501375 0.501684 0 
0.501294 0.501707 0 
0.501288 0.502493 0 
0.501211 0.504279 0 
0.501136 0.502041 0 
0.50109 0.502498 0 
0.501084 0.501383 0 
0.501075 0.502638 0 
0.501008 0.505049 0 
0.501001 0.501288 0 
0.500886 0.502701 0 
0.500884 0.50342 0 
0.50087 0.503015 0 
0.500805 0.502108 0 
0.500782 0.504774 0 
0.500755 0.503341 0 
0.500743 0.503654 0 
0.500699 0.504122 0 
0.50062 0.503619 0 
0.500487 0.501628 0 
0.500331 0.503919 0 
0.500221 0.504226 0 
0.500177 0.504722 0 
0.500153 0.500276 0 
0.500122 0.503281 0 
0.500027 0.504892 0 
0.499968 0.50261 0 
0.499623 0.501528 0 
0.49961 0.50364 0 
0.499573 0.500414 0 
0.499414 0.501528 0 
0.498912 0.503628 0 
0.284264 0.286661 1 
0.282456 0.29263 1 
0.282214 0.292351 1 
0.281372 0.289821 1 
0.280904 0.290651 1 
0.280262 0.289533 1 
0.280155 0.290342 1 
0.280094 0.295262 1 
0.278461 0.28729 1 
0.278357 0.284605 1 
0.277559 0.285377 1 
0.277182 0.291456 1 
0.277144 0.282606 1 
0.276848 0.287355 1 
0.27604 0.282318 1 
0.275286 0.284063 1 
0.27464 0.286238 1 
0.273594 0.28362 1 
0.27342 0.287872 1 
0.273332 0.290374 1 
0.272856 0.286554 1 
0.271905 0.284122 1 
0.271657 0.284809 1 
0.270221 0.29016 1 
0.194494 0.195046 1 
0.193522 0.195455 1 
0.193261 0.194767 1 
0.192766 0.193271 1 
0.19274 0.193779 1 
0.192058 0.192576 1 
0.191934 0.192735 1 
0.191356 0.191389 1 
0.191255 0.191406 1 
0.191144 0.19296 1 
0.19101 0.191535 1 
0.190995 0.192805 1 
0.190946 0.193103 1 
0.190783 0.19091 1 
0.190771 0.193244 1 
0.190759 0.193553 1 
0.190732 0.191389 1 
0.190405 0.192692 1 
0.190377 0.194494 1 
0.190342 0.192858 1 
0.190046 0.192407 1 
0.189944 0.190731 1 
0.189918 0.192397 1 
0.189859 0.191406 1 
0.189809 0.19117 1 
0.189706 0.189893 1 
0.18965 0.190069 1 
0.189634 0.193687 1 
0.189492 0.194892 1 
0.189355 0.190311 1 
0.189338 0.190652 1 
0.189313 0.193261 1 
0.189286 0.195918 1 
0.189266 0.191623 1 
0.189209 0.190818 1 
0.189113 0.192265 1 
0.188992 0.190653 1 
0.188932 0.191483 1 
0.188924 0.191616 1 
0.188895 0.188933 1 
0.188767 0.190744 1 
0.188717 0.189989 1 
0.188489 0.188631 1 
0.188473 0.192218 1 
0.188462 0.188545 1 
0.188237 0.190653 1 
0.188155 0.189142 1 
0.188128 0.189591 1 
0.188126 0.190618 1 
0.188078 0.193703 1 
0.188042 0.189332 1 
0.188032 0.188581 1 
0.187936 0.189734 1 
0.187924 0.189332 1 
0.187916 0.189944 1 
0.187906 0.18901 1 
0.187827 0.188839 1 
0.187805 0.190808 1 
0.187761 0.190044 1 
0.187662 0.191546 1 
0.187661 0.189741 1 
0.187657 0.188391 1 
0.187642 0.192351 1 
0.187635 0.187934 1 
0.187539 0.189682 1 
0.187493 0.189989 1 
0.187486 0.189836 1 
0.187454 0.19287 1 
0.187441 0.190751 1 
0.18741 0.189671 1 
0.1874 0.187669 1 
0.187279 0.188081 1 
0.187186 0.189008 1 
0.187057 0.187669 1 
0.187001 0.190883 1 
0.186897 0.191607 1 
0.186615 0.188286 1 
0.186528 0.187359 1 
0.186486 0.186553 1 
0.186392 0.187733 1 
0.186377 0.187747 1 
0.186359 0.187486 1 
0.186282 0.187885 1 
0.186243 0.187791 1 
0.186115 0.186413 1 
0.185901 0.188391 1 
0.185895 0.188585 1 
0.185881 0.189441 1 
0.185733 0.186771 1 
0.184928 0.189623 1 
0.18479 0.188643 1 
0.183528 0.186311 1 
0.221001 0.221922 2 
0.216447 0.216449 2 
0.211455 0.215302 2 
0.207589 0.210245 2 
0.206706 0.208584 2 
0.205086 0.207203 2 
0.0797365 0.0810273 2 
0.0796227 0.0797052 2 
0.0789293 0.0817974 2 
0.07887 0.0790625 2 
0.0779715 0.0804165 2 
0.0778345 0.0785446 2 
0.0777057 0.0782044 2 
0.0776708 0.0781432 2 
0.0774808 0.0778346 2 
0.077427 0.0774314 2 
0.0772625 0.0803158 2 
0.0772414 0.0772747 2 
0.0771812 0.0800398 2 
0.076914 0.0785136 2 
0.0769086 0.0806615 2 
0.0768963 0.0786139 2 
0.0767741 0.0777534 2 
0.0766492 0.0768921 2 
0.0763309 0.0778626 2 
0.076296 0.0770655 2 
0.0762163 0.0767734 2 
0.075646 0.0757555 2 
0.0756107 0.0792264 2 
0.0754889 0.0762988 2 
0.0754227 0.0796659 2 
0.0754202 0.0786139 2 
0.075404 0.0759123 2 
0.0751406 0.0767734 2 
0.0751118 0.0753872 2 
0.0750504 0.0753924 2 
0.07478 0.0783624 2 
0.0747791 0.0756328 2 
0.0747774 0.0755765 2 
0.0747063 0.0772049 2 
0.0746792 0.076786 2 
0.0745555 0.0748199 2 
0.0745236 0.0757511 2 
0.0744716 0.074756 2 
0.0743773 0.076068 2 
0.0742428 0.076049 2 
0.0741644 0.0756142 2 
0.0741481 0.0746689 2 
0.0741429 0.0750859 2 
0.0739548 0.0742802 2 
0.0739449 0.0740934 2 
0.073925 0.0757289 2 
0.0737775 0.0746343 2 
0.0737475 0.0756563 2 
0.0736871 0.0753728 2 
0.0736486 0.0742072 2 
0.0735411 0.0746343 2 
0.0735136 0.0741963 2 
0.0735024 0.0758841 2 
0.0734847 0.0738146 2 
0.0734508 0.0773886 2 
0.0734333 0.0768938 2 
0.0733025 0.0765503 2 
0.0732172 0.0737639 2 
0.073132 0.0763575 2 
0.0731278 0.0774015 2 
0.0730253 0.0731004 2 
0.0729824 0.0734996 2 
0.0727533 0.0728132 2 
0.0726507 0.07344 2 
0.072327 0.0737047 2 
0.0722497 0.0745081 2 
0.0720194 0.0738305 2 
0.0719827 0.0719894 2 
0.0719284 0.0731147 2 
0.0718235 0.0756897 2 
0.0717232 0.0727191 2 
0.0716829 0.0743915 2 
0.0716799 0.0748543 2 
0.071221 0.071464 2 
0.0702843 0.0725795 2 
0.186133 0.187802 3 
0.037831 0.0378542 3 
0.0369645 0.0378446 3 
0.0360903 0.0368816 3 
0.0357957 0.0358757 3 
0.0357011 0.0364896 3 
0.0356349 0.0356977 3 
0.0355301 0.0371131 3 
0.0352377 0.0382186 3 
0.0351514 0.035452 3 
0.0348574 0.0361894 3 
0.0347642 0.0348043 3 
0.0344821 0.03519 3 
0.0344566 0.035239 3 
0.0343982 0.0349458 3 
0.0340762 0.0352251 3 
0.0338417 0.0342565 3 
0.0337744 0.034262 3 
0.0336366 0.0342605 3 
0.0333929 0.0359949 3 
0.0330014 0.0331627 3 
0.0328684 0.0332447 3 
0.032853 0.0342779 3 
0.0328144 0.0328882 3 
0.0328025 0.0329915 3 
0.0324036 0.0327838 3 
0.0323133 0.0334474 3 
0.0322174 0.0322512 3 
0.0321574 0.0337484 3 
0.0321111 0.0325956 3 
0.0319589 0.0321401 3 
0.0318585 0.0337484 3 
0.0318516 0.0325121 3 
0.0318345 0.0325774 3 
0.0317883 0.031956 3 
0.0317783 0.0320638 3 
0.0316195 0.0321156 3 
0.0315827 0.0323183 3 
0.0315784 0.0325807 3 
0.0314562 0.0317253 3 
0.0314359 0.0323889 3 
0.0313852 0.0329107 3 
0.031375 0.0315205 3 
0.0313599 0.0331922 3 
0.0313559 0.0318569 3 
0.031163 0.0317774 3 
0.0311156 0.0319814 3 
0.0310668 0.031305 3 
0.031054 0.0314643 3 
0.0309911 0.0313203 3 
0.0307359 0.031545 3 
0.0306657 0.0318068 3 
0.0306164 0.0307331 3 
0.0305502 0.0323316 3 
0.0304908 0.0317253 3 
0.0304077 0.0323527 3 
0.0303214 0.0313684 3 
0.0302966 0.0314537 3 
0.030293 0.0313437 3 
0.0302607 0.0308309 3 
0.0301964 0.0303521 3 
0.0301344 0.0303055 3 
0.0301057 0.0308457 3 
0.0300729 0.0308309 3 
0.029884 0.0320177 3 
0.0296974 0.0301181 3 
0.0296412 0.0323183 3 
0.0295803 0.0302467 3 
0.0294983 0.0295444 3 
0.0294546 0.029558 3 
0.0293974 0.0295008 3 
0.0291383 0.0302469 3 
0.029092 0.029803 3 
0.0290026 0.0323556 3 
0.0283906 0.028809 3 
0.027855 0.0293918 3 
0.176438 0.177087 4 
0.0202989 0.0208028 4 
0.0199249 0.0202501 4 
0.0190973 0.0192141 4 
0.0190505 0.0203053 4 
0.0186154 0.019288 4 
0.0183235 0.0199875 4 
0.0179432 0.0195767 4 
0.0178877 0.0188033 4 
0.0177923 0.018345 4 
0.017746 0.0188707 4 
0.0173843 0.0194904 4 
0.0171392 0.0176748 4 
0.0170827 0.0179942 4 
0.0166982 0.0181166 4 
0.0161298 0.0163524 4 
0.016121 0.0168435 4 
0.0159981 0.0160618 4 
0.0157243 0.0157673 4 
0.014626 0.0147018 4 
0.0145388 0.0147316 4 
0.0143397 0.0149622 4 
0.0143239 0.0148597 4 
0.0142715 0.0145001 4 
0.0141401 0.0149622 4 
0.0141302 0.0145221 4 
0.0138965 0.0139362 4 
0.0137855 0.0140782 4 
0.0137172 0.0142524 4 
0.0136842 0.0137884 4 
0.0136721 0.0141992 4 
0.0136163 0.0137884 4 
0.0135179 0.0136677 4 
0.0134756 0.0137923 4 
0.0133325 0.0134658 4 
0.0132142 0.014112 4 
0.0131425 0.0143066 4 
0.0130164 0.0137567 4 
0.0130092 0.014112 4 
0.0129096 0.0142732 4 
0.0128856 0.0134631 4 
0.0128705 0.0129397 4 
0.012769 0.0136752 4 
0.0126327 0.0132491 4 
0.0125491 0.0136245 4 
0.0124635 0.0126383 4 
0.0124055 0.0124155 4 
0.0123811 0.0136899 4 
0.0122632 0.0123873 4 
0.0122477 0.0123873 4 
0.0118806 0.0121116 4 
0.0113933 0.012309 4 
0.0121406 0.0121442 5 
0.0118757 0.0142723 5 
0.0115692 0.0118684 5 
0.00899016 0.0102584 5 
0.00795225 0.00801606 5 
0.00693484 0.00762451 5 
0.00684449 0.00702053 5 
0.00681935 0.00733183 5 
0.00674954 0.00693554 5 
0.00672037 0.00686163 5 
0.00671644 0.00686163 5 
0.00655589 0.00661676 5 
0.00635628 0.00663686 5 
0.00620851 0.00649881 5 
0.00619135 0.0062582 5 
0.0061172 0.00665009 5 
0.00606877 0.00607811 5 
0.00599533 0.00636301 5 
0.00598375 0.00641672 5 
0.00584742 0.00604837 5 
0.0058377 0.00636301 5 
0.00582174 0.00660066 5 
0.0057813 0.00585219 5 
0.00574074 0.00614596 5 
0.00572325 0.00602788 5 
0.00570178 0.00593483 5 
0.00568871 0.00583311 5 
0.00568032 0.00593483 5 
0.00562466 0.00584832 5 
0.00553894 0.00608554 5 
0.00549673 0.00553285 5 
0.00531325 0.00558385 5 
0.00530797 0.00536378 5 
0.00485733 0.00524791 5 
0.0110754 0.0110946 6 
0.0101575 0.012605 6 
0.0073196 0.00897713 6 
0.00393037 0.00440656 6 
0.00360269 0.00389629 6 
0.00338297 0.00345782 6 
0.00329762 0.00341166 6 
0.00321638 0.00329435 6 
0.00315244 0.00316949 6 
0.0031262 0.00323655 6 
0.00304351 0.00322973 6 
0.00299811 0.00306337 6 
0.00298063 0.00311739 6 
0.00292494 0.00305526 6 
0.00292259 0.00322973 6 
0.00280449 0.00288407 6 
0.00278634 0.00284384 6 
0.00276601 0.00277224 6 
0.00275403 0.00282899 6 
0.00274057 0.00276112 6 
0.00272027 0.00274507 6 
0.00266709 0.00293797 6 
0.00259507 0.00268891 6 
0.00254435 0.00306866 6 
0.0025092 0.00254133 6 
0.0148024 0.0148056 7 
0.0102569 0.0103159 7 
0.00945986 0.0118624 7 
0.0067519 0.0084314 7 
0.00258837 0.00260625 7 
0.00236349 0.00240921 7 
0.00193014 0.00207972 7 
0.00180158 0.00186249 7 
0.0017994 0.00185423 7 
0.00168714 0.00183065 7 
0.00168149 0.00170319 7 
0.00161079 0.0016498 7 
0.00157611 0.00171838 7 
0.00153695 0.00181719 7 
0.00148923 0.00162235 7 
0.00143438 0.00168064 7 
0.00136466 0.00144141 7 
0.00133761 0.00138776 7 
0.014126 0.0143016 8 
0.00973704 0.00983489 8 
0.00900867 0.0113449 8 
0.00643233 0.00804295 8 
0.00187756 0.00199787 8 
0.00181653 0.00227716 8 
0.00134898 0.00162408 8 
0.00126748 0.00133565 8 
0.00122368 0.00139935 8 
0.00116462 0.00124812 8 
0.00113857 0.00142488 8 
0.0010572 0.00112754 8 
0.00095113 0.00103026 8 
0.000860555 0.000873918 8 
0.013517 0.013896 9 
0.00930048 0.00943503 9 
0.00862542 0.0108612 9 
0.00617331 0.00769761 9 
0.00173988 0.00188887 9 
0.00170689 0.0021013 9 
0.00160414 0.00166946 9 
0.00118367 0.00133723 9 
0.00111486 0.00124838 9 
0.00110687 0.00112735 9 
0.00101837 0.00107882 9 
0.000896983 0.000971825 9 
0.00078859 0.000792229 9 
0.000728899 0.000758679 9 
0.000645471 0.000686179 9 
