0.525141 0.542777 0 
0.524016 0.542574 0 
0.523226 0.543527 0 
0.523059 0.543299 0 
0.52277 0.54204 0 
0.522478 0.543401 0 
0.522278 0.542338 0 
0.522059 0.540321 0 
0.521972 0.540395 0 
0.521964 0.543401 0 
0.521952 0.53907 0 
0.521898 0.54132 0 
0.521838 0.536181 0 
0.521685 0.540544 0 
0.521534 0.541017 0 
0.521469 0.544896 0 
0.521442 0.542338 0 
0.520855 0.543524 0 
0.520836 0.540841 0 
0.52083 0.54021 0 
0.520729 0.540395 0 
0.52068 0.541486 0 
0.520675 0.542338 0 
0.520584 0.543115 0 
0.520518 0.538416 0 
0.520503 0.543184 0 
0.520459 0.541359 0 
0.520368 0.541769 0 
0.520313 0.520919 0 
0.520219 0.546853 0 
0.520179 0.54296 0 
0.520165 0.537471 0 
0.520112 0.545177 0 
0.5201 0.543775 0 
0.520027 0.540106 0 
0.519921 0.540096 0 
0.519888 0.538416 0 
0.519826 0.540321 0 
0.519818 0.539314 0 
0.519741 0.542794 0 
0.519732 0.543785 0 
0.519696 0.543034 0 
0.519646 0.545748 0 
0.519616 0.540395 0 
0.519577 0.543378 0 
0.519545 0.541107 0 
0.519449 0.543576 0 
0.519413 0.545324 0 
0.519334 0.542978 0 
0.519333 0.547158 0 
0.51925 0.538897 0 
0.519116 0.541225 0 
0.519098 0.539542 0 
0.519076 0.542906 0 
0.519058 0.547424 0 
0.519046 0.543223 0 
0.518983 0.51936 0 
0.518895 0.543166 0 
0.518807 0.539314 0 
0.518777 0.545092 0 
0.518768 0.539171 0 
0.518721 0.542862 0 
0.518662 0.54446 0 
0.518651 0.544924 0 
0.51861 0.54204 0 
0.518588 0.542054 0 
0.518583 0.540801 0 
0.518469 0.537801 0 
0.518461 0.544554 0 
0.51845 0.541468 0 
0.518447 0.51955 0 
0.518408 0.543127 0 
0.518377 0.538416 0 
0.518368 0.542054 0 
0.518299 0.52186 0 
0.518252 0.541356 0 
0.518195 0.518674 0 
0.518185 0.543134 0 
0.518028 0.542525 0 
0.518022 0.540557 0 
0.51799 0.53795 0 
0.517957 0.537801 0 
0.517943 0.540266 0 
0.517926 0.544172 0 
0.517872 0.54168 0 
0.517745 0.544302 0 
0.517655 0.544344 0 
0.517637 0.520302 0 
0.517629 0.518061 0 
0.517619 0.520282 0 
0.5176 0.544341 0 
0.517576 0.54159 0 
0.517462 0.518193 0 
0.517441 0.51955 0 
0.517415 0.541145 0 
0.51737 0.540805 0 
0.51717 0.543353 0 
0.517108 0.538416 0 
0.517065 0.544402 0 
0.517062 0.542578 0 
0.517018 0.546579 0 
0.517003 0.54208 0 
0.516968 0.540805 0 
0.516943 0.540266 0 
0.516879 0.519167 0 
0.516849 0.543374 0 
0.516832 0.544341 0 
0.516792 0.517135 0 
0.516761 0.51792 0 
0.516704 0.517461 0 
0.516654 0.518039 0 
0.516548 0.543785 0 
0.516506 0.542525 0 
0.516493 0.542338 0 
0.516432 0.54168 0 
0.516426 0.544604 0 
0.516395 0.520472 0 
0.516388 0.541356 0 
0.516374 0.543546 0 
0.51629 0.542862 0 
0.51626 0.543738 0 
0.516232 0.542525 0 
0.516223 0.539171 0 
0.516201 0.518905 0 
0.516126 0.516768 0 
0.516123 0.520302 0 
0.516115 0.544402 0 
0.515968 0.516653 0 
0.515938 0.516992 0 
0.515896 0.518321 0 
0.515878 0.542047 0 
0.515868 0.541053 0 
0.515863 0.543091 0 
0.515834 0.540321 0 
0.515831 0.518768 0 
0.515802 0.541017 0 
0.51578 0.516159 0 
0.515766 0.518251 0 
0.515761 0.540427 0 
0.515737 0.539542 0 
0.515716 0.536181 0 
0.515684 0.543115 0 
0.515573 0.543898 0 
0.515555 0.545846 0 
0.515439 0.542578 0 
0.515418 0.519686 0 
0.515404 0.540395 0 
0.515399 0.519289 0 
0.515391 0.539236 0 
0.515383 0.543689 0 
0.515376 0.519322 0 
0.515344 0.542986 0 
0.515329 0.517167 0 
0.515323 0.540395 0 
0.515313 0.516745 0 
0.515311 0.517461 0 
0.515296 0.519167 0 
0.515281 0.515829 0 
0.515264 0.543546 0 
0.515263 0.518187 0 
0.515209 0.543285 0 
0.515194 0.543947 0 
0.515063 0.515704 0 
0.515047 0.540883 0 
0.515022 0.544642 0 
0.515017 0.515719 0 
0.514978 0.515024 0 
0.51497 0.546141 0 
0.514885 0.516281 0 
0.514875 0.543689 0 
0.514874 0.52057 0 
0.514862 0.518185 0 
0.514824 0.518248 0 
0.514819 0.518499 0 
0.514809 0.515627 0 
0.514786 0.515862 0 
0.514785 0.51546 0 
0.514756 0.544554 0 
0.51474 0.543127 0 
0.514728 0.518412 0 
0.514709 0.515788 0 
0.514674 0.544314 0 
0.514635 0.541651 0 
0.514628 0.543715 0 
0.514625 0.514822 0 
0.514618 0.545846 0 
0.514581 0.515625 0 
0.514519 0.515595 0 
0.514466 0.516281 0 
0.514463 0.537801 0 
0.514462 0.543386 0 
0.514439 0.540328 0 
0.514432 0.546188 0 
0.514389 0.517374 0 
0.514386 0.549365 0 
0.514385 0.541017 0 
0.514377 0.51663 0 
0.514338 0.519026 0 
0.514328 0.516109 0 
0.514323 0.522483 0 
0.514307 0.516552 0 
0.514305 0.515595 0 
0.5143 0.516075 0 
0.514269 0.544222 0 
0.514267 0.516075 0 
0.514257 0.519562 0 
0.514242 0.5438 0 
0.514227 0.542486 0 
0.514224 0.543527 0 
0.51413 0.516247 0 
0.514123 0.514494 0 
0.514088 0.544636 0 
0.51403 0.545749 0 
0.513999 0.514879 0 
0.513976 0.517897 0 
0.513941 0.543115 0 
0.513939 0.538416 0 
0.513928 0.51666 0 
0.513926 0.518928 0 
0.513919 0.546385 0 
0.513878 0.543399 0 
0.513844 0.541145 0 
0.513817 0.52063 0 
0.513742 0.542134 0 
0.51374 0.542986 0 
0.513717 0.516109 0 
0.513699 0.513735 0 
0.513678 0.521722 0 
0.513646 0.516121 0 
0.513638 0.541651 0 
0.513598 0.54021 0 
0.513594 0.540321 0 
0.513563 0.54168 0 
0.513559 0.516304 0 
0.513548 0.54355 0 
0.513539 0.540166 0 
0.513538 0.542578 0 
0.513526 0.520715 0 
0.513518 0.513862 0 
0.513486 0.513703 0 
0.513476 0.544914 0 
0.513475 0.514066 0 
0.513435 0.513709 0 
0.513433 0.515346 0 
0.513418 0.514455 0 
0.513388 0.51645 0 
0.513366 0.518499 0 
0.513353 0.51864 0 
0.513294 0.543378 0 
0.513176 0.539542 0 
0.513174 0.517464 0 
0.513162 0.514521 0 
0.513158 0.515565 0 
0.513151 0.517409 0 
0.513145 0.540801 0 
0.51312 0.51478 0 
0.513107 0.519763 0 
0.513102 0.518058 0 
0.513065 0.544731 0 
0.513054 0.515267 0 
0.51304 0.545219 0 
0.513027 0.515512 0 
0.512984 0.543671 0 
0.512977 0.519671 0 
0.512932 0.539171 0 
0.512909 0.518058 0 
0.512823 0.517972 0 
0.512795 0.541705 0 
0.512721 0.514301 0 
0.512683 0.542265 0 
0.512678 0.540321 0 
0.512664 0.521598 0 
0.512634 0.519762 0 
0.51262 0.518648 0 
0.512565 0.539254 0 
0.512531 0.520202 0 
0.512529 0.540799 0 
0.512523 0.543091 0 
0.512504 0.544344 0 
0.512495 0.515281 0 
0.512479 0.544914 0 
0.512473 0.542626 0 
0.512469 0.545368 0 
0.512459 0.512569 0 
0.512459 0.541965 0 
0.512455 0.54208 0 
0.512398 0.520132 0 
0.512387 0.54204 0 
0.512384 0.542525 0 
0.512379 0.54021 0 
0.512322 0.540801 0 
0.512321 0.537471 0 
0.512316 0.540328 0 
0.512292 0.547745 0 
0.51229 0.513487 0 
0.512271 0.543886 0 
0.512269 0.516247 0 
0.512263 0.540544 0 
0.512263 0.517695 0 
0.512202 0.538897 0 
0.512163 0.545585 0 
0.512132 0.543091 0 
0.512098 0.540805 0 
0.512069 0.54021 0 
0.512069 0.515007 0 
0.512039 0.516216 0 
0.512029 0.541486 0 
0.511971 0.512099 0 
0.511933 0.541285 0 
0.511892 0.546071 0 
0.511881 0.547654 0 
0.511801 0.542746 0 
0.511799 0.540801 0 
0.511783 0.540841 0 
0.511767 0.540166 0 
0.511754 0.516733 0 
0.511752 0.541777 0 
0.511714 0.546151 0 
0.511706 0.540805 0 
0.511704 0.514158 0 
0.511691 0.543353 0 
0.511676 0.543719 0 
0.511638 0.54426 0 
0.511622 0.54204 0 
0.511564 0.541529 0 
0.511528 0.538897 0 
0.51147 0.542862 0 
0.511455 0.5212 0 
0.511449 0.541225 0 
0.511399 0.517319 0 
0.511321 0.539171 0 
0.511249 0.546474 0 
0.511242 0.540544 0 
0.511232 0.518979 0 
0.511159 0.540846 0 
0.511049 0.542134 0 
0.51099 0.543432 0 
0.510976 0.542626 0 
0.510966 0.542592 0 
0.51096 0.540266 0 
0.51076 0.544783 0 
0.51067 0.544977 0 
0.510669 0.546151 0 
0.51063 0.545402 0 
0.51059 0.513006 0 
0.510481 0.542374 0 
0.510411 0.542818 0 
0.510381 0.545258 0 
0.510249 0.547082 0 
0.51022 0.51222 0 
0.510077 0.510401 0 
0.509954 0.546342 0 
0.509823 0.517225 0 
0.509775 0.549559 0 
0.509716 0.545368 0 
0.509175 0.548399 0 
0.5091 0.548415 0 
0.508096 0.541769 0 
0.506883 0.508347 0 
0.22327 0.233321 1 
0.220746 0.233 1 
0.220743 0.226775 1 
0.220571 0.227869 1 
0.220346 0.224547 1 
0.219738 0.229221 1 
0.21964 0.221668 1 
0.219517 0.236307 1 
0.219411 0.230117 1 
0.219196 0.225552 1 
0.219091 0.226653 1 
0.219033 0.22715 1 
0.21901 0.231842 1 
0.218994 0.225916 1 
0.21888 0.226179 1 
0.218754 0.220103 1 
0.218735 0.223098 1 
0.218379 0.228378 1 
0.218195 0.23192 1 
0.21802 0.22655 1 
0.217973 0.222262 1 
0.21791 0.226937 1 
0.217867 0.222844 1 
0.217833 0.226161 1 
0.217798 0.221921 1 
0.217745 0.221406 1 
0.217644 0.222916 1 
0.217397 0.226448 1 
0.217351 0.22655 1 
0.21732 0.228734 1 
0.217144 0.225738 1 
0.217054 0.222727 1 
0.21703 0.223324 1 
0.217019 0.22695 1 
0.216959 0.227117 1 
0.216914 0.227869 1 
0.216828 0.224804 1 
0.216764 0.225753 1 
0.216718 0.225552 1 
0.21661 0.230497 1 
0.216532 0.229604 1 
0.216455 0.227201 1 
0.216394 0.226671 1 
0.216318 0.22318 1 
0.216278 0.231621 1 
0.216246 0.224288 1 
0.216227 0.228364 1 
0.216174 0.226126 1 
0.216119 0.221406 1 
0.216101 0.226238 1 
0.216039 0.220732 1 
0.216022 0.22596 1 
0.21601 0.225552 1 
0.215992 0.222664 1 
0.215974 0.227201 1 
0.215918 0.22715 1 
0.215906 0.227189 1 
0.21569 0.221286 1 
0.215684 0.219163 1 
0.215641 0.221956 1 
0.215422 0.227405 1 
0.215399 0.219583 1 
0.215382 0.221406 1 
0.215363 0.226837 1 
0.21535 0.236418 1 
0.215232 0.220506 1 
0.215132 0.226916 1 
0.215116 0.224921 1 
0.215059 0.225246 1 
0.215011 0.225396 1 
0.214997 0.226071 1 
0.214995 0.228935 1 
0.214922 0.219583 1 
0.214872 0.227405 1 
0.214869 0.224687 1 
0.214844 0.221956 1 
0.214811 0.218205 1 
0.214774 0.22945 1 
0.214735 0.22661 1 
0.214706 0.231585 1 
0.214667 0.228583 1 
0.214646 0.222825 1 
0.214636 0.231451 1 
0.214619 0.234516 1 
0.214619 0.222726 1 
0.214606 0.225925 1 
0.214559 0.224398 1 
0.214542 0.227767 1 
0.214469 0.231252 1 
0.214327 0.225552 1 
0.214294 0.224815 1 
0.214292 0.232619 1 
0.214277 0.230318 1 
0.214249 0.220506 1 
0.214237 0.22194 1 
0.214161 0.228403 1 
0.214106 0.231443 1 
0.214105 0.225753 1 
0.213989 0.226218 1 
0.213928 0.227767 1 
0.213858 0.222282 1 
0.213857 0.224526 1 
0.213778 0.224906 1 
0.213553 0.225618 1 
0.213502 0.227682 1 
0.213462 0.224906 1 
0.2134 0.227692 1 
0.21336 0.228434 1 
0.213312 0.221838 1 
0.213151 0.22553 1 
0.213095 0.228655 1 
0.213067 0.214889 1 
0.212994 0.221901 1 
0.212944 0.224398 1 
0.212925 0.213829 1 
0.212924 0.214304 1 
0.212833 0.228378 1 
0.212833 0.221674 1 
0.212773 0.219583 1 
0.212759 0.22937 1 
0.212748 0.224398 1 
0.21271 0.227865 1 
0.212679 0.217684 1 
0.212651 0.227647 1 
0.212623 0.225885 1 
0.212582 0.221838 1 
0.212542 0.228527 1 
0.212538 0.224921 1 
0.212509 0.224921 1 
0.212499 0.229846 1 
0.212493 0.227363 1 
0.21239 0.221674 1 
0.212375 0.21859 1 
0.212373 0.214419 1 
0.21231 0.228194 1 
0.212253 0.229509 1 
0.212239 0.227839 1 
0.212229 0.220416 1 
0.212187 0.221838 1 
0.212173 0.222825 1 
0.212118 0.212371 1 
0.212113 0.225753 1 
0.212093 0.22999 1 
0.212007 0.22611 1 
0.212001 0.226594 1 
0.211964 0.222727 1 
0.211914 0.232485 1 
0.211871 0.227741 1 
0.211838 0.219583 1 
0.211782 0.228194 1 
0.211757 0.223962 1 
0.211694 0.222726 1 
0.211681 0.220418 1 
0.21163 0.21175 1 
0.211622 0.224815 1 
0.211563 0.22999 1 
0.211523 0.227264 1 
0.211433 0.226593 1 
0.211413 0.227556 1 
0.211369 0.22611 1 
0.211359 0.228047 1 
0.21134 0.222108 1 
0.21132 0.221286 1 
0.211161 0.222767 1 
0.211153 0.227134 1 
0.211007 0.211801 1 
0.210996 0.226238 1 
0.210978 0.220416 1 
0.210933 0.225102 1 
0.210908 0.213325 1 
0.21084 0.224526 1 
0.210768 0.22611 1 
0.210729 0.21179 1 
0.210681 0.224804 1 
0.210667 0.227839 1 
0.210659 0.224526 1 
0.210568 0.211185 1 
0.210235 0.212012 1 
0.210212 0.224906 1 
0.210202 0.229111 1 
0.210155 0.217684 1 
0.210085 0.211622 1 
0.209988 0.219983 1 
0.209878 0.221674 1 
0.209841 0.211151 1 
0.209838 0.221674 1 
0.209731 0.228434 1 
0.209684 0.228403 1 
0.209598 0.213248 1 
0.209519 0.227741 1 
0.209406 0.212576 1 
0.209358 0.219583 1 
0.209356 0.220328 1 
0.209134 0.210571 1 
0.208951 0.217208 1 
0.208935 0.225618 1 
0.208884 0.233652 1 
0.208834 0.20964 1 
0.20871 0.221921 1 
0.208677 0.212305 1 
0.208662 0.208972 1 
0.208525 0.209576 1 
0.208466 0.212456 1 
0.208416 0.211358 1 
0.208409 0.208666 1 
0.208408 0.226356 1 
0.208393 0.211653 1 
0.208316 0.208443 1 
0.208138 0.209034 1 
0.208135 0.212452 1 
0.208122 0.22582 1 
0.20808 0.211857 1 
0.208054 0.209513 1 
0.208043 0.226218 1 
0.208009 0.209766 1 
0.207941 0.211346 1 
0.207935 0.213371 1 
0.20792 0.220333 1 
0.207727 0.213346 1 
0.207705 0.212089 1 
0.207695 0.221406 1 
0.207644 0.209312 1 
0.207629 0.225102 1 
0.207599 0.210901 1 
0.207561 0.230783 1 
0.20753 0.212792 1 
0.207507 0.209328 1 
0.207464 0.212152 1 
0.207428 0.207604 1 
0.207402 0.221406 1 
0.207352 0.21226 1 
0.20733 0.224622 1 
0.207329 0.222277 1 
0.207315 0.207424 1 
0.20727 0.221921 1 
0.207207 0.209339 1 
0.207136 0.227647 1 
0.207103 0.208146 1 
0.20698 0.208209 1 
0.206963 0.209815 1 
0.206891 0.208631 1 
0.206822 0.208222 1 
0.206777 0.223904 1 
0.206623 0.22346 1 
0.206607 0.210831 1 
0.206522 0.208277 1 
0.206515 0.212766 1 
0.206484 0.22675 1 
0.20646 0.223175 1 
0.206358 0.210009 1 
0.206299 0.207068 1 
0.206283 0.206499 1 
0.206257 0.212926 1 
0.206246 0.223098 1 
0.20616 0.227647 1 
0.206064 0.220732 1 
0.206019 0.20602 1 
0.206017 0.214889 1 
0.20601 0.21301 1 
0.205985 0.210621 1 
0.205967 0.220333 1 
0.205963 0.224804 1 
0.20596 0.214525 1 
0.205956 0.221727 1 
0.205933 0.206244 1 
0.20593 0.213308 1 
0.205906 0.205938 1 
0.205875 0.222415 1 
0.205847 0.214943 1 
0.205825 0.206409 1 
0.2058 0.209379 1 
0.205762 0.22275 1 
0.205741 0.210543 1 
0.205714 0.210003 1 
0.205706 0.221956 1 
0.205659 0.212696 1 
0.205447 0.209396 1 
0.205306 0.22318 1 
0.205262 0.222277 1 
0.20526 0.205977 1 
0.205218 0.221668 1 
0.205212 0.217684 1 
0.205101 0.225167 1 
0.205042 0.222664 1 
0.205041 0.224346 1 
0.205011 0.22275 1 
0.204933 0.219163 1 
0.204921 0.224804 1 
0.204907 0.219983 1 
0.204901 0.220416 1 
0.204845 0.206112 1 
0.20483 0.227041 1 
0.20482 0.209186 1 
0.204798 0.221668 1 
0.204693 0.219163 1 
0.204688 0.219549 1 
0.204651 0.22613 1 
0.204615 0.208328 1 
0.204576 0.22474 1 
0.204521 0.225267 1 
0.204512 0.222767 1 
0.204457 0.206244 1 
0.20444 0.22582 1 
0.204383 0.208742 1 
0.204352 0.222134 1 
0.204344 0.231777 1 
0.204212 0.228608 1 
0.204201 0.206153 1 
0.203974 0.210041 1 
0.203926 0.205875 1 
0.203916 0.218205 1 
0.203893 0.22275 1 
0.203859 0.221838 1 
0.203854 0.209348 1 
0.203692 0.205848 1 
0.203448 0.221956 1 
0.203447 0.221921 1 
0.20331 0.221668 1 
0.203269 0.203467 1 
0.203115 0.22275 1 
0.202961 0.22318 1 
0.202929 0.20423 1 
0.202851 0.204822 1 
0.202355 0.206112 1 
0.201537 0.201814 1 
0.200026 0.208024 1 
0.106933 0.109313 2 
0.106264 0.106823 2 
0.103723 0.106055 2 
0.103525 0.103551 2 
0.103482 0.106508 2 
0.102903 0.103143 2 
0.102356 0.110152 2 
0.101928 0.103551 2 
0.101865 0.104698 2 
0.10185 0.108695 2 
0.101582 0.101787 2 
0.101028 0.10545 2 
0.100942 0.1059 2 
0.100623 0.101571 2 
0.100567 0.102909 2 
0.100523 0.101896 2 
0.100456 0.103545 2 
0.100264 0.102321 2 
0.10011 0.101218 2 
0.100086 0.104538 2 
0.100068 0.101523 2 
0.100053 0.100064 2 
0.100044 0.101277 2 
0.100015 0.101448 2 
0.100009 0.100455 2 
0.099978 0.102984 2 
0.0998138 0.100908 2 
0.0997293 0.101896 2 
0.0996996 0.101669 2 
0.0996409 0.100959 2 
0.0996169 0.101199 2 
0.0995841 0.105651 2 
0.0995473 0.106013 2 
0.0994868 0.105382 2 
0.0994727 0.100638 2 
0.0994234 0.101144 2 
0.0993604 0.0998582 2 
0.0992062 0.102124 2 
0.0991241 0.100638 2 
0.0990258 0.101556 2 
0.0989396 0.106159 2 
0.0989097 0.0995004 2 
0.0989027 0.102196 2 
0.0988109 0.100455 2 
0.0988084 0.104487 2 
0.0987919 0.102292 2 
0.0985961 0.0997981 2 
0.0985881 0.0988486 2 
0.0983968 0.0984533 2 
0.0983344 0.099171 2 
0.0983035 0.101523 2 
0.0982994 0.101891 2 
0.0981737 0.103638 2 
0.0981147 0.101002 2 
0.0980528 0.102461 2 
0.0980225 0.101081 2 
0.0979771 0.100859 2 
0.097607 0.101556 2 
0.0976018 0.102009 2 
0.0975751 0.0977136 2 
0.097552 0.10009 2 
0.097543 0.097846 2 
0.0975258 0.101306 2 
0.0974405 0.100605 2 
0.0974033 0.0988486 2 
0.09738 0.10366 2 
0.0973531 0.102202 2 
0.0973404 0.102724 2 
0.0973194 0.101891 2 
0.0972303 0.102336 2 
0.0971918 0.0999029 2 
0.0971627 0.102788 2 
0.0971599 0.104294 2 
0.0971064 0.103683 2 
0.0971006 0.102567 2 
0.0970972 0.0993134 2 
0.0970051 0.102117 2 
0.0969925 0.0993134 2 
0.0969692 0.098822 2 
0.0969143 0.0993776 2 
0.0969095 0.105922 2 
0.0968134 0.103782 2 
0.0967469 0.100226 2 
0.0966925 0.100884 2 
0.096592 0.100455 2 
0.0965578 0.102859 2 
0.0965182 0.096645 2 
0.0964416 0.101056 2 
0.0963816 0.102628 2 
0.0963406 0.0964795 2 
0.0962469 0.100168 2 
0.0961807 0.0993134 2 
0.0961053 0.0978136 2 
0.0960853 0.0972852 2 
0.0960297 0.0988486 2 
0.0959942 0.100605 2 
0.0959781 0.102138 2 
0.0957772 0.0993123 2 
0.0956118 0.100784 2 
0.0955628 0.0995898 2 
0.0955194 0.101081 2 
0.0955015 0.103346 2 
0.0954044 0.0999029 2 
0.0953605 0.0959274 2 
0.0953505 0.100605 2 
0.0952951 0.102336 2 
0.0952871 0.102751 2 
0.0950995 0.0968311 2 
0.0948496 0.096239 2 
0.0948303 0.0956628 2 
0.094758 0.0972473 2 
0.0945941 0.0964905 2 
0.0945638 0.0954682 2 
0.0945354 0.0969484 2 
0.0945265 0.0958984 2 
0.094473 0.0969484 2 
0.094405 0.0960128 2 
0.0943834 0.0960626 2 
0.0943788 0.0958931 2 
0.0943742 0.102202 2 
0.0943477 0.0986016 2 
0.0942929 0.104599 2 
0.0942702 0.0960128 2 
0.0942457 0.095075 2 
0.0942324 0.102628 2 
0.0940988 0.101955 2 
0.0940526 0.0950143 2 
0.0940495 0.100959 2 
0.093984 0.099171 2 
0.0939445 0.099171 2 
0.0938645 0.0941729 2 
0.0937274 0.0992612 2 
0.0937255 0.095498 2 
0.0937242 0.0962446 2 
0.0936897 0.0944082 2 
0.0936615 0.094903 2 
0.0936536 0.0941157 2 
0.0936397 0.0972473 2 
0.0936393 0.102859 2 
0.0935379 0.0966749 2 
0.0935076 0.0977819 2 
0.093499 0.0962534 2 
0.0933869 0.105922 2 
0.0933494 0.0946434 2 
0.0933269 0.0964455 2 
0.0932797 0.0943895 2 
0.0930801 0.0958931 2 
0.0930655 0.0961614 2 
0.0930624 0.0935296 2 
0.0930561 0.10205 2 
0.0929924 0.095747 2 
0.0928918 0.0961632 2 
0.092849 0.095729 2 
0.0928229 0.0946384 2 
0.0928152 0.0973766 2 
0.0927816 0.0938409 2 
0.0927652 0.0930821 2 
0.0927454 0.0973991 2 
0.0926941 0.100327 2 
0.0926825 0.0942561 2 
0.0926163 0.0928417 2 
0.0925804 0.0991863 2 
0.092555 0.0996833 2 
0.0924546 0.0963713 2 
0.0924199 0.0991863 2 
0.0923193 0.0937756 2 
0.0922992 0.0960465 2 
0.092278 0.0998582 2 
0.0921946 0.100235 2 
0.0921905 0.0929255 2 
0.0921804 0.0959703 2 
0.0920985 0.0980879 2 
0.0920329 0.0946548 2 
0.0919804 0.0928281 2 
0.0919683 0.0969851 2 
0.0919378 0.0928379 2 
0.09192 0.10009 2 
0.0919154 0.0943146 2 
0.0918979 0.0924987 2 
0.0917932 0.0941596 2 
0.0917016 0.0969095 2 
0.0916861 0.0954135 2 
0.0916647 0.0979564 2 
0.091622 0.0934762 2 
0.0916141 0.103504 2 
0.0916067 0.0995278 2 
0.0916065 0.0969484 2 
0.0915624 0.0972473 2 
0.0915201 0.0973313 2 
0.0915136 0.0972473 2 
0.0914779 0.100784 2 
0.0914214 0.0977528 2 
0.0913948 0.0924061 2 
0.0912574 0.0941312 2 
0.0912304 0.0926924 2 
0.0912208 0.101023 2 
0.0912165 0.0978923 2 
0.0911744 0.096997 2 
0.0910004 0.0956628 2 
0.0909867 0.105243 2 
0.0909851 0.0987248 2 
0.0909715 0.0922374 2 
0.0909563 0.102278 2 
0.0908236 0.0975282 2 
0.0908107 0.0929505 2 
0.0907916 0.0924002 2 
0.0907867 0.0987409 2 
0.0907719 0.0926642 2 
0.0906885 0.0946677 2 
0.0904752 0.0962996 2 
0.0904674 0.0962996 2 
0.0904364 0.0904762 2 
0.0903784 0.0944451 2 
0.0903493 0.0946384 2 
0.0903453 0.0910945 2 
0.090314 0.0907822 2 
0.0902832 0.0908635 2 
0.0902636 0.0934762 2 
0.0901293 0.0911983 2 
0.0900891 0.0928631 2 
0.0900208 0.102001 2 
0.0900107 0.0973766 2 
0.08997 0.0905871 2 
0.0899696 0.097943 2 
0.0899364 0.0943951 2 
0.0898775 0.097846 2 
0.0898492 0.097809 2 
0.0898365 0.0934611 2 
0.0898223 0.0916377 2 
0.0898017 0.0957783 2 
0.0897991 0.0916566 2 
0.0897547 0.096606 2 
0.0897307 0.0902857 2 
0.0896911 0.0976563 2 
0.0896671 0.0924975 2 
0.0896102 0.094903 2 
0.0896088 0.0992763 2 
0.0895375 0.0978243 2 
0.0894358 0.0962473 2 
0.0893932 0.0931183 2 
0.0893706 0.0966562 2 
0.0893693 0.0982479 2 
0.0893362 0.0982479 2 
0.0893274 0.0933852 2 
0.0892916 0.0946384 2 
0.0891165 0.0929404 2 
0.089087 0.096606 2 
0.0890522 0.0975282 2 
0.0890491 0.0998582 2 
0.0890289 0.096606 2 
0.089025 0.0995394 2 
0.0889471 0.0975489 2 
0.0888396 0.0960128 2 
0.0887901 0.090822 2 
0.0887864 0.0983332 2 
0.088772 0.0896442 2 
0.088733 0.100327 2 
0.0886925 0.0988303 2 
0.0886341 0.101702 2 
0.0886047 0.0888548 2 
0.088599 0.0909674 2 
0.0885694 0.0992208 2 
0.0885655 0.0943951 2 
0.0885483 0.096645 2 
0.0883886 0.0966519 2 
0.0883428 0.0945216 2 
0.0881986 0.0924141 2 
0.0881927 0.0974377 2 
0.0881657 0.098822 2 
0.0881264 0.0947734 2 
0.088122 0.0896098 2 
0.0880788 0.0985105 2 
0.0879263 0.0966379 2 
0.0875875 0.0881063 2 
0.0874521 0.0892316 2 
0.0866256 0.0877463 2 
0.0865658 0.0874675 2 
0.086188 0.088457 2 
0.0858187 0.0912544 2 
0.0522452 0.052499 3 
0.0521356 0.054179 3 
0.0518216 0.053136 3 
0.0502647 0.0503272 3 
0.0499501 0.051026 3 
0.0493103 0.0510141 3 
0.0492739 0.0501514 3 
0.0489394 0.0490169 3 
0.0488752 0.0501559 3 
0.0485437 0.0509245 3 
0.0484438 0.0490791 3 
0.048319 0.0487271 3 
0.0480978 0.0482049 3 
0.04809 0.0481971 3 
0.0480484 0.0490144 3 
0.0480341 0.0485657 3 
0.0477768 0.0483891 3 
0.0477319 0.047995 3 
0.0475935 0.0476675 3 
0.0475915 0.0493661 3 
0.0475361 0.048797 3 
0.0475146 0.0490086 3 
0.0474831 0.0491498 3 
0.047401 0.0479484 3 
0.0473499 0.0482447 3 
0.0473266 0.0483949 3 
0.0473246 0.0508198 3 
0.0472945 0.0492798 3 
0.0472222 0.0485739 3 
0.0472075 0.0506657 3 
0.0471798 0.0482396 3 
0.0470029 0.0491498 3 
0.046893 0.0483632 3 
0.0468877 0.0479911 3 
0.0467454 0.0469575 3 
0.0467396 0.0474988 3 
0.0466618 0.0493071 3 
0.0465181 0.0480499 3 
0.0465157 0.0466551 3 
0.0463122 0.0481907 3 
0.0462645 0.0474509 3 
0.0462608 0.0478005 3 
0.0462141 0.0484374 3 
0.0461546 0.0473316 3 
0.0459479 0.0499232 3 
0.0459279 0.0464862 3 
0.0458143 0.0474712 3 
0.0457321 0.0490498 3 
0.0456868 0.0461598 3 
0.0456358 0.04764 3 
0.0456137 0.0461414 3 
0.0453199 0.0469693 3 
0.0452223 0.0459374 3 
0.0451523 0.0487312 3 
0.0451112 0.0452656 3 
0.0450862 0.048797 3 
0.0450694 0.0465456 3 
0.0450405 0.0455047 3 
0.044995 0.047303 3 
0.0449486 0.045854 3 
0.0449282 0.0479484 3 
0.0448991 0.0484728 3 
0.0448939 0.0461143 3 
0.0448339 0.0449443 3 
0.0448333 0.0460365 3 
0.0448137 0.0469575 3 
0.0447984 0.0453093 3 
0.0447562 0.045854 3 
0.0447543 0.045193 3 
0.044733 0.0457106 3 
0.0446652 0.0449443 3 
0.0445672 0.0447261 3 
0.0445478 0.0467957 3 
0.0445401 0.0513925 3 
0.0445241 0.0469118 3 
0.0444929 0.0449575 3 
0.0444421 0.0456026 3 
0.0444332 0.0473211 3 
0.0444306 0.0485695 3 
0.0443577 0.044904 3 
0.0443533 0.0458311 3 
0.0443438 0.0474489 3 
0.0443196 0.0458308 3 
0.0442632 0.048731 3 
0.0442629 0.0463332 3 
0.0442477 0.0446002 3 
0.0442343 0.0496216 3 
0.0442071 0.0475806 3 
0.0442038 0.0452656 3 
0.044199 0.0465379 3 
0.0441695 0.0447596 3 
0.0441466 0.0462021 3 
0.0440647 0.0468889 3 
0.0440412 0.044306 3 
0.0440278 0.0449126 3 
0.0440168 0.0465101 3 
0.0438809 0.0442025 3 
0.0438648 0.0463223 3 
0.0437939 0.049806 3 
0.0437722 0.0448482 3 
0.0437471 0.0468304 3 
0.0437174 0.0441042 3 
0.043644 0.0451799 3 
0.0436283 0.0436445 3 
0.0435692 0.0461534 3 
0.0435026 0.0491417 3 
0.0434917 0.0471187 3 
0.0434632 0.0461221 3 
0.0434563 0.0464862 3 
0.0434332 0.0447819 3 
0.043411 0.045473 3 
0.0433542 0.0454593 3 
0.0433252 0.0469815 3 
0.0433102 0.0464862 3 
0.0432766 0.0446902 3 
0.0432242 0.0467957 3 
0.0431515 0.044648 3 
0.0431474 0.045854 3 
0.0431432 0.0456318 3 
0.0431365 0.0440054 3 
0.0430981 0.044306 3 
0.0430821 0.0455668 3 
0.0430741 0.0444381 3 
0.0430526 0.0431262 3 
0.0430473 0.04544 3 
0.0429984 0.0443942 3 
0.0429498 0.04693 3 
0.0429301 0.0443667 3 
0.0429091 0.0445717 3 
0.0428984 0.0465379 3 
0.042866 0.045854 3 
0.0426201 0.0449443 3 
0.0425963 0.0471213 3 
0.042523 0.0444302 3 
0.0425136 0.0467474 3 
0.0425051 0.045686 3 
0.0424814 0.0467771 3 
0.0424431 0.0468987 3 
0.0424376 0.0436889 3 
0.0424339 0.0446698 3 
0.0423118 0.0442606 3 
0.0423118 0.0428553 3 
0.0422551 0.0447341 3 
0.0422528 0.0439897 3 
0.0422169 0.0461422 3 
0.0422103 0.0463398 3 
0.0421982 0.0435469 3 
0.0421978 0.0432768 3 
0.0421706 0.0464323 3 
0.0421427 0.0435611 3 
0.0421404 0.0446862 3 
0.0421223 0.0421559 3 
0.0421002 0.0474414 3 
0.0420732 0.0425083 3 
0.0420219 0.046374 3 
0.0419956 0.0445408 3 
0.0419883 0.0466899 3 
0.0419688 0.0446819 3 
0.0419502 0.0440533 3 
0.0419481 0.0438897 3 
0.041919 0.0482754 3 
0.0419104 0.0442416 3 
0.0417917 0.046695 3 
0.0417842 0.045649 3 
0.0417583 0.0470422 3 
0.0417535 0.0472707 3 
0.0417117 0.0429585 3 
0.0416819 0.0456318 3 
0.0416654 0.0437144 3 
0.0416618 0.0440533 3 
0.0416117 0.0442051 3 
0.0415972 0.0440365 3 
0.0415627 0.0421131 3 
0.0415073 0.0452176 3 
0.0415032 0.0442606 3 
0.0415004 0.0435051 3 
0.0414661 0.0460601 3 
0.0414646 0.0469118 3 
0.041462 0.0426697 3 
0.0414392 0.0425949 3 
0.0414097 0.0438234 3 
0.0413113 0.046695 3 
0.0413033 0.0430272 3 
0.0412939 0.0468015 3 
0.0412771 0.0446509 3 
0.0411943 0.0433937 3 
0.0411571 0.046464 3 
0.0411221 0.042288 3 
0.0411042 0.0427392 3 
0.0410988 0.0472109 3 
0.0410961 0.0437864 3 
0.0410959 0.0441453 3 
0.0410315 0.0466006 3 
0.0410138 0.0446902 3 
0.0409819 0.0439913 3 
0.0408369 0.0458308 3 
0.040771 0.045197 3 
0.0407328 0.0415173 3 
0.040719 0.0478215 3 
0.0406579 0.041278 3 
0.0405967 0.0466847 3 
0.0405521 0.0426779 3 
0.0400759 0.0412681 3 
0.0395597 0.0401227 3 
0.039333 0.0405345 3 
0.0392275 0.0402972 3 
0.0390955 0.0427833 3 
0.0254213 0.0254811 4 
0.0248406 0.0249014 4 
0.0247726 0.0251784 4 
0.0246873 0.0247904 4 
0.0246202 0.0251921 4 
0.0244198 0.025023 4 
0.0242829 0.0245042 4 
0.0242419 0.0247486 4 
0.0242412 0.0248314 4 
0.0241497 0.0258195 4 
0.0241308 0.0244282 4 
0.0239366 0.0254176 4 
0.0239203 0.0240078 4 
0.0237953 0.0240404 4 
0.0237111 0.0243729 4 
0.0236333 0.0243255 4 
0.023575 0.024535 4 
0.0234652 0.0241443 4 
0.0234389 0.0252134 4 
0.0234352 0.0236667 4 
0.0233975 0.0243111 4 
0.0232218 0.0237971 4 
0.0232014 0.0239807 4 
0.0231764 0.0241981 4 
0.02314 0.0237679 4 
0.023095 0.0266504 4 
0.0230688 0.0230838 4 
0.0229952 0.0230745 4 
0.0229464 0.0243111 4 
0.0229092 0.0238945 4 
0.0228894 0.0233653 4 
0.022663 0.0230838 4 
0.0226604 0.0227656 4 
0.0226199 0.0232372 4 
0.0226084 0.0230933 4 
0.0226029 0.0233001 4 
0.0225418 0.0228406 4 
0.022348 0.0226 4 
0.0223112 0.0238731 4 
0.0223056 0.0249485 4 
0.0222965 0.0236622 4 
0.022243 0.0223478 4 
0.0221743 0.022198 4 
0.0221727 0.0226911 4 
0.0221388 0.0232726 4 
0.0221218 0.0237101 4 
0.0220555 0.0234198 4 
0.0220458 0.0224034 4 
0.0220424 0.022776 4 
0.0220192 0.0234055 4 
0.022005 0.0221245 4 
0.0220044 0.022143 4 
0.0219967 0.0231592 4 
0.0219565 0.0230745 4 
0.0219512 0.0242136 4 
0.0219156 0.0222374 4 
0.0218861 0.0219017 4 
0.0218544 0.0226587 4 
0.0218536 0.0231564 4 
0.0218523 0.0232122 4 
0.0218494 0.0222751 4 
0.0218444 0.0241439 4 
0.0217691 0.0218323 4 
0.0217626 0.0219017 4 
0.0217352 0.0236485 4 
0.0217291 0.0219744 4 
0.0217174 0.022143 4 
0.0216575 0.0224099 4 
0.0216474 0.0226394 4 
0.0216353 0.0222314 4 
0.0216257 0.0219052 4 
0.021624 0.0230108 4 
0.0215251 0.0222353 4 
0.0215066 0.0223011 4 
0.0214969 0.0220353 4 
0.0214965 0.0218071 4 
0.0214887 0.0223814 4 
0.0214807 0.0231755 4 
0.0213641 0.021451 4 
0.021344 0.0219631 4 
0.0213321 0.0230717 4 
0.0212807 0.0231054 4 
0.0212763 0.0212965 4 
0.0212739 0.023887 4 
0.0212424 0.0222881 4 
0.0212357 0.0224535 4 
0.0212118 0.0216708 4 
0.0212081 0.0215647 4 
0.0211941 0.0219183 4 
0.0211772 0.0240169 4 
0.0211691 0.0239312 4 
0.0211688 0.021384 4 
0.021108 0.0232097 4 
0.0210904 0.0228734 4 
0.0210772 0.0227458 4 
0.0210546 0.0232375 4 
0.0210542 0.0237101 4 
0.0210463 0.022256 4 
0.021046 0.0238888 4 
0.0210284 0.0222199 4 
0.021026 0.0218662 4 
0.0209646 0.0214203 4 
0.02094 0.0219744 4 
0.0209294 0.0221181 4 
0.0209286 0.0214261 4 
0.0208971 0.022779 4 
0.0208964 0.0233909 4 
0.0208811 0.0211673 4 
0.0208543 0.0242256 4 
0.0208532 0.0218566 4 
0.0208527 0.0240667 4 
0.0208146 0.0236553 4 
0.020768 0.023827 4 
0.020753 0.0227299 4 
0.0207373 0.0220353 4 
0.0207166 0.0222314 4 
0.0207026 0.021755 4 
0.0206838 0.0214013 4 
0.0206372 0.0207077 4 
0.0206328 0.0226507 4 
0.0206191 0.0218482 4 
0.0205806 0.0235294 4 
0.0205586 0.0211054 4 
0.0205389 0.0212935 4 
0.0205104 0.0233262 4 
0.0204882 0.021761 4 
0.0204816 0.0208257 4 
0.0204563 0.0224645 4 
0.0204477 0.0220236 4 
0.0203774 0.021761 4 
0.020373 0.0230589 4 
0.020366 0.0241279 4 
0.0203197 0.021699 4 
0.0203131 0.022782 4 
0.0203087 0.0236348 4 
0.0203053 0.0211594 4 
0.0202721 0.0218528 4 
0.0202719 0.0218227 4 
0.0202511 0.0212153 4 
0.0201993 0.021 4 
0.0201992 0.0212965 4 
0.0201961 0.0236622 4 
0.0201953 0.0223054 4 
0.0201949 0.0223814 4 
0.0201532 0.0206139 4 
0.0201079 0.0223054 4 
0.0200908 0.0215296 4 
0.0200523 0.0236927 4 
0.020014 0.0207495 4 
0.0200042 0.0236089 4 
0.019967 0.0210206 4 
0.0199618 0.0210913 4 
0.0199156 0.0224413 4 
0.0198672 0.0201475 4 
0.019841 0.0212919 4 
0.0197384 0.0216708 4 
0.0196802 0.0226911 4 
0.0196594 0.0207384 4 
0.0195752 0.0236887 4 
0.0193894 0.0203899 4 
0.0193481 0.0200031 4 
0.019238 0.0193233 4 
0.0191644 0.0193425 4 
0.0187483 0.0194581 4 
0.0185861 0.0202931 4 
0.0185807 0.0195136 4 
0.0130496 0.0134026 5 
0.0128824 0.0134288 5 
0.0127649 0.012944 5 
0.0127298 0.0127695 5 
0.0127203 0.0129925 5 
0.0127175 0.0133866 5 
0.0125501 0.0128972 5 
0.0124646 0.0137126 5 
0.0124546 0.0126298 5 
0.0123491 0.0128616 5 
0.0123184 0.0127284 5 
0.01225 0.0124469 5 
0.012117 0.0126537 5 
0.0119154 0.0121831 5 
0.0119126 0.0127061 5 
0.0119075 0.0122815 5 
0.0118944 0.0122317 5 
0.0116069 0.0121289 5 
0.0115535 0.0128203 5 
0.0115516 0.0125109 5 
0.0115178 0.0115498 5 
0.011511 0.0127991 5 
0.0115042 0.0122536 5 
0.0114291 0.0121699 5 
0.011425 0.0115126 5 
0.011421 0.0115145 5 
0.0114141 0.0121658 5 
0.0113789 0.0117095 5 
0.011373 0.0118458 5 
0.0113105 0.0121303 5 
0.0113031 0.0114221 5 
0.0112706 0.0120334 5 
0.0112677 0.0116494 5 
0.0112392 0.0117669 5 
0.0111917 0.0116817 5 
0.0111673 0.0112587 5 
0.0111663 0.0115867 5 
0.011163 0.0114357 5 
0.0111409 0.0115835 5 
0.011129 0.0118497 5 
0.0111228 0.0121901 5 
0.0110771 0.0114413 5 
0.0110632 0.0123977 5 
0.0110569 0.0110691 5 
0.0110498 0.0123052 5 
0.0110483 0.0122982 5 
0.0110251 0.0111418 5 
0.0110177 0.0125257 5 
0.0110102 0.0110155 5 
0.0109925 0.011228 5 
0.0109876 0.0117766 5 
0.0109761 0.0118913 5 
0.0109733 0.0112225 5 
0.0109461 0.0121699 5 
0.010931 0.0110624 5 
0.0109242 0.0120991 5 
0.0109183 0.0127695 5 
0.0109008 0.0110155 5 
0.0109002 0.0114618 5 
0.0108993 0.0122662 5 
0.0108803 0.0119346 5 
0.0108596 0.011231 5 
0.0108596 0.0111963 5 
0.0108339 0.0112808 5 
0.0108313 0.0118891 5 
0.0108298 0.0111939 5 
0.0108276 0.0114764 5 
0.0108185 0.0109832 5 
0.0108144 0.0118377 5 
0.0107821 0.0115051 5 
0.0107473 0.0125906 5 
0.0107335 0.0126308 5 
0.0106487 0.0110471 5 
0.0106213 0.0115853 5 
0.0105972 0.0120703 5 
0.0105785 0.0107327 5 
0.0105774 0.0106237 5 
0.010576 0.01263 5 
0.0105508 0.0107158 5 
0.0105429 0.0108825 5 
0.0105405 0.0117964 5 
0.0105274 0.0107327 5 
0.0105238 0.0108598 5 
0.010495 0.0112274 5 
0.0104948 0.0110494 5 
0.010493 0.0108297 5 
0.010491 0.0112274 5 
0.0104848 0.0108324 5 
0.0104711 0.0105192 5 
0.0104665 0.0117922 5 
0.0104596 0.0117996 5 
0.010457 0.0109487 5 
0.0104236 0.0117661 5 
0.0104083 0.0121823 5 
0.0104043 0.0110624 5 
0.010401 0.0112666 5 
0.0103882 0.0111383 5 
0.0103722 0.0109397 5 
0.0103682 0.0111921 5 
0.0103629 0.011372 5 
0.0103623 0.0113126 5 
0.0103375 0.0104012 5 
0.0102965 0.0117384 5 
0.0102927 0.0105274 5 
0.0102582 0.0104834 5 
0.0102561 0.0114869 5 
0.0102291 0.0105403 5 
0.0102212 0.0123774 5 
0.0102038 0.0118118 5 
0.0101795 0.0120601 5 
0.0101737 0.0112323 5 
0.0101627 0.0106319 5 
0.0101311 0.0108708 5 
0.010112 0.0111503 5 
0.0101027 0.0101184 5 
0.0100984 0.0120334 5 
0.0100598 0.0112323 5 
0.0100216 0.0109481 5 
0.00996985 0.0103172 5 
0.00995577 0.0105716 5 
0.00992798 0.0110881 5 
0.00990026 0.0101318 5 
0.0098592 0.0103551 5 
0.00983897 0.0113706 5 
0.00979096 0.0103172 5 
0.00978998 0.0121679 5 
0.00973678 0.00980501 5 
0.00967027 0.0107147 5 
0.00961739 0.00964297 5 
0.00958117 0.00975067 5 
0.00941737 0.00953059 5 
0.00935646 0.0096572 5 
0.00931872 0.00983669 5 
0.00914656 0.0100179 5 
0.00691946 0.00723166 6 
0.00685929 0.00701939 6 
0.00682402 0.00699209 6 
0.00673444 0.00691588 6 
0.00671267 0.00673098 6 
0.00667094 0.00679019 6 
0.00662013 0.00684246 6 
0.00657322 0.00658924 6 
0.0063954 0.00648472 6 
0.00638445 0.00639774 6 
0.0063511 0.00656512 6 
0.00634168 0.006486 6 
0.00630163 0.00632286 6 
0.00623574 0.00668415 6 
0.00621066 0.00669264 6 
0.00620897 0.00679105 6 
0.00620562 0.00624977 6 
0.0061616 0.00646001 6 
0.00609293 0.00662751 6 
0.00607975 0.00608103 6 
0.0060651 0.00615648 6 
0.00604669 0.00641695 6 
0.00601309 0.00670053 6 
0.00598673 0.00605615 6 
0.0059833 0.00649396 6 
0.00597587 0.00611535 6 
0.00596447 0.00620574 6 
0.00596304 0.00632177 6 
0.00595376 0.00621956 6 
0.00594434 0.00636962 6 
0.00594262 0.00647213 6 
0.00593213 0.00623163 6 
0.00591137 0.00600525 6 
0.005869 0.00596494 6 
0.00586739 0.00590045 6 
0.00586732 0.00586806 6 
0.00583324 0.00646759 6 
0.00583289 0.00689778 6 
0.00583221 0.00613724 6 
0.00582188 0.00597803 6 
0.00581247 0.0060831 6 
0.00581041 0.00583769 6 
0.00580315 0.00593684 6 
0.00578895 0.00587438 6 
0.0057823 0.00599003 6 
0.00575915 0.00589698 6 
0.00575608 0.00575922 6 
0.00574479 0.00659109 6 
0.00574156 0.00587431 6 
0.00573762 0.00607271 6 
0.00573177 0.00588709 6 
0.00573019 0.00652347 6 
0.00572628 0.00583749 6 
0.00572092 0.00607714 6 
0.00572 0.00576001 6 
0.00571527 0.00615687 6 
0.005691 0.00620845 6 
0.00568637 0.0067102 6 
0.00568539 0.00586679 6 
0.00568532 0.00674489 6 
0.00568456 0.00626198 6 
0.00567919 0.00599226 6 
0.00564036 0.00606244 6 
0.00561677 0.00561861 6 
0.00561068 0.00679105 6 
0.00559485 0.0056168 6 
0.00559095 0.00594444 6 
0.00558694 0.00645211 6 
0.00557328 0.00640102 6 
0.00556868 0.00578569 6 
0.00556796 0.00581392 6 
0.00556733 0.00589698 6 
0.00555434 0.00593898 6 
0.00555094 0.00576648 6 
0.00551518 0.00580931 6 
0.00550686 0.00552502 6 
0.0055047 0.00598857 6 
0.00549663 0.00619607 6 
0.00546613 0.00555955 6 
0.00546551 0.00549854 6 
0.00546436 0.00609259 6 
0.00546107 0.00605099 6 
0.00546077 0.00556865 6 
0.00544966 0.00554787 6 
0.00541687 0.00602335 6 
0.00541185 0.00599414 6 
0.00540145 0.00545625 6 
0.00538502 0.00552487 6 
0.00538502 0.00656512 6 
0.00536028 0.00609751 6 
0.0053306 0.00558683 6 
0.00531962 0.00540197 6 
0.00531831 0.00608554 6 
0.00531629 0.00539391 6 
0.0053012 0.00551401 6 
0.00530044 0.00609774 6 
0.00529362 0.00613286 6 
0.00528327 0.00573307 6 
0.00527495 0.0054181 6 
0.00524621 0.00558538 6 
0.00524189 0.00538629 6 
0.00523734 0.00628479 6 
0.00523543 0.00585963 6 
0.00523239 0.00632806 6 
0.00522443 0.00541129 6 
0.00517145 0.00568004 6 
0.0051655 0.00567036 6 
0.00515897 0.00564594 6 
0.00513368 0.0059558 6 
0.00506908 0.00636543 6 
0.00506875 0.00559703 6 
0.00503547 0.00567136 6 
0.00498469 0.00520035 6 
0.00498338 0.00538974 6 
0.00494369 0.004946 6 
0.00490904 0.00510687 6 
0.00489122 0.00541313 6 
0.00483133 0.0049959 6 
0.00475314 0.00494908 6 
0.00474832 0.00482244 6 
0.00471778 0.00511726 6 
0.00461577 0.00471767 6 
0.00383561 0.00391837 7 
0.00377023 0.0037817 7 
0.00373147 0.00383704 7 
0.00358409 0.00358537 7 
0.00353317 0.00354114 7 
0.00349999 0.00365754 7 
0.00344386 0.00355251 7 
0.00342112 0.00365547 7 
0.00341702 0.00343649 7 
0.00341653 0.0036948 7 
0.00336657 0.00339716 7 
0.00331327 0.00353513 7 
0.00331139 0.00350319 7 
0.00329307 0.00340631 7 
0.00325615 0.00349437 7 
0.00325049 0.00344543 7 
0.00324219 0.0034172 7 
0.0032296 0.00326694 7 
0.0032064 0.00322669 7 
0.00318496 0.00344747 7 
0.00317422 0.00320892 7 
0.0031657 0.00350405 7 
0.0031654 0.00323163 7 
0.00315962 0.00316105 7 
0.00315515 0.00318682 7 
0.00314948 0.00317548 7 
0.00314301 0.00318682 7 
0.00313479 0.00364511 7 
0.00311697 0.00330705 7 
0.00311358 0.00323371 7 
0.00311219 0.00319998 7 
0.00310254 0.00347221 7 
0.00308612 0.00364564 7 
0.00307246 0.00330732 7 
0.00307224 0.00313185 7 
0.00306789 0.00330763 7 
0.00306675 0.00351557 7 
0.00306051 0.0032878 7 
0.00305748 0.00321459 7 
0.00305497 0.00311599 7 
0.00305141 0.00357971 7 
0.00304755 0.00352507 7 
0.00304717 0.00365341 7 
0.00302972 0.00317143 7 
0.00301951 0.00349546 7 
0.00301882 0.00346175 7 
0.00301474 0.00308612 7 
0.00301095 0.00339759 7 
0.00300209 0.00305365 7 
0.0029973 0.00308889 7 
0.00298927 0.00309828 7 
0.00298466 0.00304359 7 
0.00298416 0.00314298 7 
0.00298269 0.00327847 7 
0.00298032 0.00334629 7 
0.00296529 0.00329657 7 
0.0029639 0.00335085 7 
0.00296267 0.00309055 7 
0.00295536 0.00332257 7 
0.00294135 0.00296566 7 
0.00292973 0.0030728 7 
0.00292717 0.00324177 7 
0.00291771 0.00315324 7 
0.0029157 0.00302513 7 
0.00291422 0.00357287 7 
0.0028965 0.00291327 7 
0.00288852 0.00301114 7 
0.00287938 0.00296158 7 
0.00285051 0.00308243 7 
0.00284664 0.00289694 7 
0.00283427 0.00284076 7 
0.0028268 0.00318327 7 
0.00281727 0.00315866 7 
0.00280168 0.00301605 7 
0.0027923 0.00285447 7 
0.00278066 0.00313748 7 
0.00277195 0.00322226 7 
0.00276182 0.00315968 7 
0.00276084 0.0034772 7 
0.0027604 0.0032654 7 
0.0027449 0.00275462 7 
0.00274041 0.00291573 7 
0.00274009 0.00321075 7 
0.00273696 0.00292906 7 
0.00271088 0.002921 7 
0.0027091 0.00288543 7 
0.00270478 0.00338971 7 
0.00270467 0.00290589 7 
0.00270436 0.00271622 7 
0.0026907 0.00294763 7 
0.00267573 0.0029566 7 
0.00266954 0.00267331 7 
0.00266544 0.00270854 7 
0.00264603 0.00265047 7 
0.00264102 0.00269368 7 
0.00262187 0.00284562 7 
0.00261519 0.00268923 7 
0.00257107 0.00266305 7 
0.00256142 0.00291985 7 
0.00255465 0.00265479 7 
0.00245797 0.00248765 7 
0.00245576 0.00245845 7 
0.00243358 0.00256703 7 
0.00237955 0.00248946 7 
0.00214049 0.00225041 8 
0.00210964 0.00211666 8 
0.00198415 0.00202129 8 
0.00198169 0.00202833 8 
0.00191638 0.00196009 8 
0.00189943 0.00190253 8 
0.00188342 0.00197417 8 
0.00185067 0.00189142 8 
0.00179805 0.00182765 8 
0.00179722 0.00193979 8 
0.00179325 0.00187644 8 
0.00178045 0.00185079 8 
0.00176121 0.00201223 8 
0.00175864 0.00186793 8 
0.00175656 0.00182861 8 
0.00174244 0.00195292 8 
0.00173593 0.00173781 8 
0.00172636 0.00189661 8 
0.00172217 0.00175631 8 
0.00171713 0.00178303 8 
0.00170423 0.00177267 8 
0.00170262 0.00189291 8 
0.00169766 0.00201359 8 
0.00168313 0.00172047 8 
0.00167807 0.00181621 8 
0.00167724 0.00177282 8 
0.00167661 0.00172863 8 
0.0016683 0.00189881 8 
0.00166462 0.00189881 8 
0.00166066 0.00176224 8 
0.00164995 0.00167424 8 
0.00164628 0.00193686 8 
0.00164406 0.00185194 8 
0.00163668 0.00176838 8 
0.00163227 0.00168306 8 
0.00162812 0.00178509 8 
0.00162354 0.00196378 8 
0.00162327 0.00172884 8 
0.00161829 0.00192965 8 
0.00161637 0.00188953 8 
0.00161258 0.00190613 8 
0.00161248 0.00178929 8 
0.00161174 0.00199038 8 
0.00160047 0.00160071 8 
0.00159799 0.00184803 8 
0.00159449 0.00164421 8 
0.00159175 0.00162115 8 
0.00158279 0.00185269 8 
0.00158191 0.00166626 8 
0.00157718 0.00168109 8 
0.00157581 0.00159436 8 
0.00157342 0.00159839 8 
0.00156726 0.00162822 8 
0.00154871 0.00167222 8 
0.00154269 0.00168009 8 
0.00152733 0.00167263 8 
0.00152529 0.00160467 8 
0.00152504 0.00167424 8 
0.00152036 0.00156461 8 
0.00151948 0.00159817 8 
0.00151841 0.00167223 8 
0.00151265 0.00168109 8 
0.0015003 0.00170193 8 
0.00149439 0.00170923 8 
0.00149031 0.00172132 8 
0.00148901 0.00170415 8 
0.0014866 0.00183481 8 
0.00147351 0.00147919 8 
0.0014733 0.00155171 8 
0.00145315 0.00191476 8 
0.00145075 0.00149279 8 
0.00144682 0.00148962 8 
0.00144635 0.00160225 8 
0.00144314 0.00151261 8 
0.00143886 0.00151261 8 
0.00142794 0.00146397 8 
0.00140834 0.00143076 8 
0.00140594 0.00151842 8 
0.0014032 0.0014798 8 
0.00140018 0.00151332 8 
0.00139846 0.00147919 8 
0.0013805 0.00160552 8 
0.00137816 0.00138323 8 
0.00135126 0.001439 8 
0.00135016 0.00138647 8 
0.0012922 0.0013571 8 
0.00126154 0.00128269 8 
0.00125507 0.00130592 8 
0.00120734 0.00125989 9 
0.00111121 0.0011262 9 
0.00105423 0.00112274 9 
0.00100353 0.0010512 9 
0.000999114 0.00105886 9 
0.00099548 0.00104243 9 
0.000971166 0.00112681 9 
0.000969558 0.000981093 9 
0.00096836 0.000991776 9 
0.000961633 0.00113062 9 
0.000960976 0.000991078 9 
0.000960094 0.000996454 9 
0.000958316 0.000999608 9 
0.000948584 0.00101888 9 
0.000944136 0.00105014 9 
0.000939388 0.00100569 9 
0.000938992 0.000973873 9 
0.000938385 0.000950891 9 
0.000930762 0.00104243 9 
0.000928944 0.000976535 9 
0.000926592 0.000942381 9 
0.000925883 0.00100924 9 
0.000923508 0.000952448 9 
0.000911708 0.000924416 9 
0.000909086 0.000923334 9 
0.000907136 0.00100365 9 
0.000906584 0.000983084 9 
0.000904883 0.00104564 9 
0.000900762 0.00105256 9 
0.000900281 0.00107398 9 
0.000894694 0.00105147 9 
0.000893666 0.000995509 9 
0.000889747 0.000906082 9 
0.00088178 0.000883435 9 
0.000881397 0.000906946 9 
0.000875862 0.00104156 9 
0.00087415 0.00108708 9 
0.000871311 0.000932562 9 
0.000871264 0.00109751 9 
0.000870379 0.00107296 9 
0.000864366 0.000877837 9 
0.000863277 0.00103153 9 
0.000860915 0.000885981 9 
0.000860607 0.000892417 9 
0.000856789 0.000901589 9 
0.000843417 0.000907339 9 
0.000842858 0.00089626 9 
0.000841994 0.000915574 9 
0.00083902 0.00089626 9 
0.000838625 0.000937718 9 
0.000838512 0.000851835 9 
0.000835967 0.00094114 9 
0.000835263 0.0010183 9 
0.000834313 0.000859233 9 
0.00083217 0.000869834 9 
0.000831208 0.000935925 9 
0.000827292 0.00090683 9 
0.000822848 0.000828906 9 
0.000818979 0.000838752 9 
0.000816148 0.000956166 9 
0.000811384 0.000910663 9 
0.000809182 0.00081608 9 
0.000804667 0.00106844 9 
0.000800284 0.000808404 9 
0.000800187 0.000883435 9 
0.000785617 0.000786604 9 
0.000784033 0.000895614 9 
0.000775941 0.000783996 9 
0.000770723 0.000784894 9 
0.000765394 0.000793942 9 
0.000765043 0.000798816 9 
0.000763377 0.000786604 9 
0.000761392 0.000802553 9 
0.000760722 0.000877109 9 
0.000757293 0.000782895 9 
0.000752582 0.000817498 9 
0.000750008 0.000792935 9 
0.000749028 0.000798816 9 
0.000742627 0.000798816 9 
0.000730972 0.00079292 9 
0.000722569 0.00073514 9 
0.000721091 0.000732401 9 
0.000699531 0.000729754 9 
0.000675194 0.000694203 9 
0.000666239 0.000670715 9 
