0 0.499274 0 
0 0.500155 0 
0 0.500963 0 
0 0.501063 0 
0 0.502453 0 
0 0.503463 0 
0 0.503643 0 
0 0.503648 0 
0 0.503873 0 
0 0.504008 0 
0 0.50448 0 
0 0.504768 0 
0 0.504989 0 
0 0.505078 0 
0 0.505385 0 
0 0.505857 0 
0 0.506152 0 
0 0.506354 0 
0 0.506362 0 
0 0.506404 0 
0 0.506418 0 
0 0.50643 0 
0 0.506439 0 
0 0.506444 0 
0 0.506512 0 
0 0.50653 0 
0 0.506533 0 
0 0.506545 0 
0 0.506913 0 
0 0.507006 0 
0 0.507063 0 
0 0.507073 0 
0 0.507163 0 
0 0.507263 0 
0 0.50728 0 
0 0.507295 0 
0 0.507307 0 
0 0.50732 0 
0 0.507367 0 
0 0.507507 0 
0 0.507521 0 
0 0.507547 0 
0 0.507625 0 
0 0.507684 0 
0 0.507828 0 
0 0.507831 0 
0 0.507852 0 
0 0.507895 0 
0 0.50792 0 
0 0.507964 0 
0 0.508053 0 
0 0.508054 0 
0 0.508507 0 
0 0.508532 0 
0 0.508557 0 
0 0.508677 0 
0 0.508684 0 
0 0.508709 0 
0 0.508841 0 
0 0.508892 0 
0 0.508946 0 
0 0.508958 0 
0 0.509004 0 
0 0.509046 0 
0 0.509092 0 
0 0.509101 0 
0 0.509136 0 
0 0.509206 0 
0 0.509246 0 
0 0.50933 0 
0 0.509348 0 
0 0.509429 0 
0 0.509472 0 
0 0.509658 0 
0 0.509675 0 
0 0.509714 0 
0 0.509751 0 
0 0.509764 0 
0 0.509775 0 
0 0.509831 0 
0 0.50992 0 
0 0.509925 0 
0 0.510041 0 
0 0.510055 0 
0 0.510134 0 
0 0.510143 0 
0 0.510198 0 
0 0.510447 0 
0 0.510581 0 
0 0.510607 0 
0 0.51062 0 
0 0.510631 0 
0 0.510638 0 
0 0.510674 0 
0 0.510814 0 
0 0.510897 0 
0 0.51091 0 
0 0.510925 0 
0 0.510977 0 
0 0.511035 0 
0 0.511069 0 
0 0.511093 0 
0 0.511097 0 
0 0.511222 0 
0 0.511231 0 
0 0.511301 0 
0 0.511375 0 
0 0.511436 0 
0 0.511484 0 
0 0.511542 0 
0 0.511583 0 
0 0.51179 0 
0 0.511885 0 
0 0.511888 0 
0 0.511933 0 
0 0.511964 0 
0 0.512006 0 
0 0.512317 0 
0 0.51239 0 
0 0.512447 0 
0 0.512677 0 
0 0.512869 0 
0 0.513249 0 
0 0.513291 0 
0 0.513588 0 
0 0.51387 0 
0 0.514539 0 
0 inf 0 
0 0.193285 1 
0 0.194261 1 
0 0.195069 1 
0 0.19546 1 
0 0.196031 1 
0 0.196459 1 
0 0.19716 1 
0 0.197523 1 
0 0.197653 1 
0 0.197796 1 
0 0.198269 1 
0 0.198298 1 
0 0.198366 1 
0 0.198554 1 
0 0.198838 1 
0 0.199177 1 
0 0.199303 1 
0 0.199919 1 
0 0.200023 1 
0 0.200177 1 
0 0.200194 1 
0 0.200203 1 
0 0.200363 1 
0 0.200547 1 
0 0.200809 1 
0 0.200817 1 
0 0.200918 1 
0 0.200929 1 
0 0.201204 1 
0 0.201228 1 
0 0.201383 1 
0 0.201467 1 
0 0.201553 1 
0 0.201623 1 
0 0.201645 1 
0 0.201795 1 
0 0.201849 1 
0 0.201861 1 
0 0.201865 1 
0 0.201871 1 
0 0.201875 1 
0 0.201904 1 
0 0.201921 1 
0 0.201956 1 
0 0.201979 1 
0 0.201982 1 
0 0.202018 1 
0 0.202044 1 
0 0.202054 1 
0 0.202057 1 
0 0.202077 1 
0 0.202102 1 
0 0.20213 1 
0 0.202173 1 
0 0.20219 1 
0 0.202204 1 
0 0.202243 1 
0 0.202287 1 
0 0.202337 1 
0 0.202372 1 
0 0.202462 1 
0 0.202502 1 
0 0.202533 1 
0 0.202545 1 
0 0.202557 1 
0 0.202574 1 
0 0.202585 1 
0 0.202598 1 
0 0.202616 1 
0 0.20264 1 
0 0.202679 1 
0 0.202689 1 
0 0.202703 1 
0 0.202724 1 
0 0.202744 1 
0 0.202753 1 
0 0.202798 1 
0 0.202807 1 
0 0.202849 1 
0 0.20286 1 
0 0.20287 1 
0 0.202956 1 
0 0.202993 1 
0 0.203012 1 
0 0.203016 1 
0 0.203091 1 
0 0.203219 1 
0 0.203247 1 
0 0.20325 1 
0 0.203293 1 
0 0.203371 1 
0 0.203409 1 
0 0.203461 1 
0 0.203523 1 
0 0.203584 1 
0 0.203586 1 
0 0.203651 1 
0 0.203666 1 
0 0.203686 1 
0 0.203686 1 
0 0.203729 1 
0 0.203743 1 
0 0.20376 1 
0 0.203824 1 
0 0.204012 1 
0 0.204092 1 
0 0.204104 1 
0 0.204129 1 
0 0.20427 1 
0 0.204387 1 
0 0.204412 1 
0 0.204474 1 
0 0.204569 1 
0 0.204577 1 
0 0.204579 1 
0 0.204597 1 
0 0.204711 1 
0 0.204733 1 
0 0.204815 1 
0 0.204847 1 
0 0.205049 1 
0 0.205067 1 
0 0.205108 1 
0 0.205126 1 
0 0.205142 1 
0 0.205923 1 
0 0.206639 1 
0 inf 1 
0 0.0800276 2 
0 0.0803581 2 
0 0.0813863 2 
0 0.0813963 2 
0 0.0815105 2 
0 0.0815708 2 
0 0.0819554 2 
0 0.0820383 2 
0 0.0832946 2 
0 0.0833141 2 
0 0.0834136 2 
0 0.0840182 2 
0 0.0842149 2 
0 0.0842931 2 
0 0.0843402 2 
0 0.0844071 2 
0 0.0846993 2 
0 0.0847064 2 
0 0.0847847 2 
0 0.0848288 2 
0 0.0850128 2 
0 0.085135 2 
0 0.0851378 2 
0 0.0852174 2 
0 0.085225 2 
0 0.0852265 2 
0 0.0852599 2 
0 0.085261 2 
0 0.0853782 2 
0 0.0853875 2 
0 0.0853956 2 
0 0.085421 2 
0 0.0855003 2 
0 0.0855593 2 
0 0.0855746 2 
0 0.0855812 2 
0 0.0855934 2 
0 0.0857032 2 
0 0.0858011 2 
0 0.0858155 2 
0 0.0859526 2 
0 0.0859908 2 
0 0.0860593 2 
0 0.0860713 2 
0 0.0860972 2 
0 0.0860996 2 
0 0.0861378 2 
0 0.0861584 2 
0 0.0861707 2 
0 0.0861903 2 
0 0.0861958 2 
0 0.0862488 2 
0 0.0863854 2 
0 0.0863895 2 
0 0.0863902 2 
0 0.0864373 2 
0 0.0864495 2 
0 0.0864562 2 
0 0.0865017 2 
0 0.0865562 2 
0 0.0865925 2 
0 0.0866033 2 
0 0.0866563 2 
0 0.0866817 2 
0 0.0867071 2 
0 0.086717 2 
0 0.086717 2 
0 0.0867417 2 
0 0.0867716 2 
0 0.0867827 2 
0 0.0868036 2 
0 0.0868107 2 
0 0.0868325 2 
0 0.0868531 2 
0 0.0868707 2 
0 0.0868823 2 
0 0.0868975 2 
0 0.0869356 2 
0 0.0869753 2 
0 0.0870147 2 
0 0.0870343 2 
0 0.0870398 2 
0 0.0870414 2 
0 0.0871748 2 
0 0.0872132 2 
0 0.0872169 2 
0 0.0872184 2 
0 0.0872617 2 
0 0.0872914 2 
0 0.0873665 2 
0 0.0874295 2 
0 0.0874599 2 
0 0.0875129 2 
0 0.0876016 2 
0 0.0876926 2 
0 0.0878217 2 
0 0.0878673 2 
0 0.0880506 2 
0 0.0880945 2 
0 0.0880987 2 
0 0.0881482 2 
0 0.0881986 2 
0 0.088204 2 
0 0.0882677 2 
0 0.0882807 2 
0 0.0883266 2 
0 0.0883305 2 
0 0.0884218 2 
0 0.0884993 2 
0 0.0886514 2 
0 0.0887408 2 
0 0.0888022 2 
0 0.0888138 2 
0 0.0888849 2 
0 0.0889355 2 
0 0.088956 2 
0 0.088995 2 
0 0.0890792 2 
0 0.0891492 2 
0 0.0893139 2 
0 0.089425 2 
0 0.089647 2 
0 0.089776 2 
0 0.0898258 2 
0 0.0901983 2 
0 0.0908267 2 
0 0.0916788 2 
0 inf 2 
0 0.034529 3 
0 0.0352385 3 
0 0.035648 3 
0 0.035983 3 
0 0.0360464 3 
0 0.0363862 3 
0 0.0365946 3 
0 0.0367187 3 
0 0.0368352 3 
0 0.0369872 3 
0 0.0371086 3 
0 0.0371575 3 
0 0.0373273 3 
0 0.0373765 3 
0 0.0374517 3 
0 0.0375769 3 
0 0.0375938 3 
0 0.0377108 3 
0 0.0377299 3 
0 0.0377339 3 
0 0.0377887 3 
0 0.0377925 3 
0 0.0379249 3 
0 0.0380848 3 
0 0.0382575 3 
0 0.0383215 3 
0 0.0383701 3 
0 0.0383743 3 
0 0.038382 3 
0 0.0383955 3 
0 0.0384232 3 
0 0.0384368 3 
0 0.0384455 3 
0 0.0384563 3 
0 0.0384771 3 
0 0.0384811 3 
0 0.0384966 3 
0 0.0385588 3 
0 0.0386072 3 
0 0.038622 3 
0 0.0386309 3 
0 0.0387144 3 
0 0.0387252 3 
0 0.0387823 3 
0 0.0388201 3 
0 0.0388227 3 
0 0.0388383 3 
0 0.0388714 3 
0 0.0388858 3 
0 0.0390636 3 
0 0.0390666 3 
0 0.0390773 3 
0 0.0391181 3 
0 0.0391328 3 
0 0.0391435 3 
0 0.0391668 3 
0 0.0391711 3 
0 0.0391723 3 
0 0.0391819 3 
0 0.0392365 3 
0 0.0392367 3 
0 0.0392375 3 
0 0.0392391 3 
0 0.0392805 3 
0 0.0392815 3 
0 0.0392823 3 
0 0.0392837 3 
0 0.0393048 3 
0 0.039315 3 
0 0.03939 3 
0 0.039445 3 
0 0.0394722 3 
0 0.0395006 3 
0 0.0395059 3 
0 0.0395365 3 
0 0.0395548 3 
0 0.039571 3 
0 0.0395852 3 
0 0.0395855 3 
0 0.0396396 3 
0 0.0396456 3 
0 0.0396818 3 
0 0.0397107 3 
0 0.0397502 3 
0 0.0397504 3 
0 0.0397715 3 
0 0.039886 3 
0 0.0399364 3 
0 0.0399623 3 
0 0.0399713 3 
0 0.0399918 3 
0 0.0400687 3 
0 0.0400761 3 
0 0.0401012 3 
0 0.040205 3 
0 0.0402278 3 
0 0.0402726 3 
0 0.0402728 3 
0 0.0404022 3 
0 0.040405 3 
0 0.0404375 3 
0 0.0405089 3 
0 0.0405499 3 
0 0.0405528 3 
0 0.040561 3 
0 0.0406605 3 
0 0.0407168 3 
0 0.0407522 3 
0 0.0408233 3 
0 0.0409072 3 
0 0.0409845 3 
0 0.0410202 3 
0 0.0410228 3 
0 0.0410402 3 
0 0.0410559 3 
0 0.041083 3 
0 0.041108 3 
0 0.0411364 3 
0 0.0412977 3 
0 0.0413312 3 
0 0.0413432 3 
0 0.0413939 3 
0 0.0414067 3 
0 0.0414749 3 
0 0.0417921 3 
0 0.0432509 3 
0 0.0433684 3 
0 inf 3 
0 0.0155888 4 
0 0.0162703 4 
0 0.0163445 4 
0 0.0165714 4 
0 0.0168306 4 
0 0.0168793 4 
0 0.01694 4 
0 0.0170262 4 
0 0.0170527 4 
0 0.0171095 4 
0 0.0171599 4 
0 0.0171732 4 
0 0.0172314 4 
0 0.0172607 4 
0 0.0172816 4 
0 0.0174019 4 
0 0.0174581 4 
0 0.0174882 4 
0 0.0174914 4 
0 0.0175992 4 
0 0.0176123 4 
0 0.017641 4 
0 0.0176789 4 
0 0.0177248 4 
0 0.0177483 4 
0 0.017804 4 
0 0.0178917 4 
0 0.0179222 4 
0 0.0179353 4 
0 0.0179515 4 
0 0.017968 4 
0 0.0179857 4 
0 0.0179942 4 
0 0.0180188 4 
0 0.018042 4 
0 0.018055 4 
0 0.0180961 4 
0 0.0181156 4 
0 0.0181326 4 
0 0.0181378 4 
0 0.0181391 4 
0 0.0181808 4 
0 0.0182079 4 
0 0.0182191 4 
0 0.0182789 4 
0 0.01829 4 
0 0.0183184 4 
0 0.0183188 4 
0 0.0183357 4 
0 0.0183615 4 
0 0.0183934 4 
0 0.0184176 4 
0 0.018438 4 
0 0.0184528 4 
0 0.0184678 4 
0 0.0184773 4 
0 0.0184822 4 
0 0.0185201 4 
0 0.0185364 4 
0 0.018543 4 
0 0.0185541 4 
0 0.0185768 4 
0 0.0185896 4 
0 0.0185906 4 
0 0.0185985 4 
0 0.0186092 4 
0 0.0186135 4 
0 0.018614 4 
0 0.0186358 4 
0 0.018645 4 
0 0.0186461 4 
0 0.0186913 4 
0 0.0186949 4 
0 0.0187267 4 
0 0.018732 4 
0 0.0187468 4 
0 0.0187506 4 
0 0.0188019 4 
0 0.0188042 4 
0 0.0188744 4 
0 0.0188911 4 
0 0.0189075 4 
0 0.0189127 4 
0 0.0189176 4 
0 0.0189476 4 
0 0.0189673 4 
0 0.0189744 4 
0 0.0189826 4 
0 0.0190266 4 
0 0.0190479 4 
0 0.0191426 4 
0 0.01915 4 
0 0.0191523 4 
0 0.0191902 4 
0 0.0191997 4 
0 0.0192234 4 
0 0.0192978 4 
0 0.0193015 4 
0 0.0193231 4 
0 0.0193547 4 
0 0.019427 4 
0 0.0194741 4 
0 0.019494 4 
0 0.0194985 4 
0 0.0195046 4 
0 0.0195208 4 
0 0.0195338 4 
0 0.0195379 4 
0 0.0196142 4 
0 0.0196505 4 
0 0.0196829 4 
0 0.0197503 4 
0 0.0197986 4 
0 0.0198366 4 
0 0.0198511 4 
0 0.0198957 4 
0 0.0199134 4 
0 0.0199442 4 
0 0.0199525 4 
0 0.019967 4 
0 0.0199868 4 
0 0.0200348 4 
0 0.0200903 4 
0 0.0201631 4 
0 0.0201816 4 
0 0.0210837 4 
0 0.0215629 4 
0 inf 4 
0 0.00731886 5 
0 0.00777073 5 
0 0.0078161 5 
0 0.00790905 5 
0 0.0079167 5 
0 0.00793299 5 
0 0.00814267 5 
0 0.00815479 5 
0 0.00815798 5 
0 0.00816071 5 
0 0.00816118 5 
0 0.0081743 5 
0 0.00824415 5 
0 0.00828454 5 
0 0.00834166 5 
0 0.00836988 5 
0 0.00837559 5 
0 0.00837643 5 
0 0.00837669 5 
0 0.00843691 5 
0 0.00843779 5 
0 0.00852835 5 
0 0.00853271 5 
0 0.00854299 5 
0 0.00856036 5 
0 0.00861111 5 
0 0.00861367 5 
0 0.00861952 5 
0 0.00864664 5 
0 0.00865338 5 
0 0.0086634 5 
0 0.00867124 5 
0 0.00869712 5 
0 0.00869882 5 
0 0.00870026 5 
0 0.00872344 5 
0 0.00874091 5 
0 0.00875114 5 
0 0.00875953 5 
0 0.00877434 5 
0 0.00880068 5 
0 0.00880206 5 
0 0.00880215 5 
0 0.00881644 5 
0 0.00884607 5 
0 0.00885236 5 
0 0.00886055 5 
0 0.00890965 5 
0 0.00891265 5 
0 0.00891343 5 
0 0.00893912 5 
0 0.00894471 5 
0 0.00895664 5 
0 0.00896435 5 
0 0.0089665 5 
0 0.00897004 5 
0 0.00898102 5 
0 0.00898962 5 
0 0.00900649 5 
0 0.00901839 5 
0 0.00902187 5 
0 0.00903417 5 
0 0.00903933 5 
0 0.00907326 5 
0 0.00909389 5 
0 0.009102 5 
0 0.00911229 5 
0 0.00912406 5 
0 0.00912484 5 
0 0.00913992 5 
0 0.00914428 5 
0 0.00915223 5 
0 0.00916375 5 
0 0.00916616 5 
0 0.00916893 5 
0 0.00917564 5 
0 0.0091861 5 
0 0.00919011 5 
0 0.00922085 5 
0 0.00924926 5 
0 0.00924951 5 
0 0.00925301 5 
0 0.00925848 5 
0 0.00929259 5 
0 0.00930256 5 
0 0.00933624 5 
0 0.00935666 5 
0 0.0093646 5 
0 0.00937209 5 
0 0.00940993 5 
0 0.00942718 5 
0 0.00945781 5 
0 0.00947047 5 
0 0.00948329 5 
0 0.00950288 5 
0 0.00951903 5 
0 0.00953445 5 
0 0.00954299 5 
0 0.00955082 5 
0 0.00956648 5 
0 0.00957381 5 
0 0.00959253 5 
0 0.00962 5 
0 0.00963397 5 
0 0.00963484 5 
0 0.00963776 5 
0 0.00963944 5 
0 0.0096481 5 
0 0.00967001 5 
0 0.00970269 5 
0 0.00970327 5 
0 0.00970872 5 
0 0.00976608 5 
0 0.00978403 5 
0 0.00979831 5 
0 0.00981401 5 
0 0.0098771 5 
0 0.00987822 5 
0 0.00988748 5 
0 0.00991101 5 
0 0.00991786 5 
0 0.00994839 5 
0 0.0100664 5 
0 0.0101339 5 
0 0.0101581 5 
0 0.0105153 5 
0 0.0110132 5 
0 inf 5 
0 0.00355202 6 
0 0.00374066 6 
0 0.00379521 6 
0 0.003796 6 
0 0.00386673 6 
0 0.00391263 6 
0 0.00395099 6 
0 0.00397683 6 
0 0.00399683 6 
0 0.00401291 6 
0 0.00402768 6 
0 0.00402936 6 
0 0.00405822 6 
0 0.00407842 6 
0 0.00407961 6 
0 0.00408213 6 
0 0.00411423 6 
0 0.00411914 6 
0 0.00413694 6 
0 0.00415012 6 
0 0.00416416 6 
0 0.00418453 6 
0 0.00419411 6 
0 0.00422874 6 
0 0.00424412 6 
0 0.00425926 6 
0 0.00426309 6 
0 0.00427339 6 
0 0.00427397 6 
0 0.00429118 6 
0 0.0042926 6 
0 0.00429403 6 
0 0.00430625 6 
0 0.00431913 6 
0 0.00432213 6 
0 0.00432498 6 
0 0.00432601 6 
0 0.0043313 6 
0 0.00433376 6 
0 0.00433764 6 
0 0.00435052 6 
0 0.00435522 6 
0 0.00437006 6 
0 0.00437021 6 
0 0.00437541 6 
0 0.00437704 6 
0 0.00437708 6 
0 0.00439232 6 
0 0.00441428 6 
0 0.00441579 6 
0 0.0044164 6 
0 0.00442225 6 
0 0.00442986 6 
0 0.00444065 6 
0 0.00444631 6 
0 0.00445098 6 
0 0.00446003 6 
0 0.00447642 6 
0 0.00448042 6 
0 0.00448294 6 
0 0.00448339 6 
0 0.00450348 6 
0 0.00451019 6 
0 0.00451316 6 
0 0.00451924 6 
0 0.00451995 6 
0 0.00452506 6 
0 0.00452564 6 
0 0.00453991 6 
0 0.00454561 6 
0 0.00455342 6 
0 0.00457023 6 
0 0.00457359 6 
0 0.00457403 6 
0 0.00460741 6 
0 0.00461346 6 
0 0.00462332 6 
0 0.00462452 6 
0 0.00463906 6 
0 0.00465098 6 
0 0.00465531 6 
0 0.00465551 6 
0 0.00467012 6 
0 0.00467602 6 
0 0.00468033 6 
0 0.00469969 6 
0 0.00470214 6 
0 0.00473007 6 
0 0.00473088 6 
0 0.00473163 6 
0 0.00473337 6 
0 0.00473407 6 
0 0.00474175 6 
0 0.00475915 6 
0 0.00478031 6 
0 0.00478447 6 
0 0.00479246 6 
0 0.00480491 6 
0 0.00481237 6 
0 0.00482692 6 
0 0.00484033 6 
0 0.0048463 6 
0 0.00485312 6 
0 0.00486143 6 
0 0.00486598 6 
0 0.0048679 6 
0 0.00486911 6 
0 0.00487838 6 
0 0.00488444 6 
0 0.00488694 6 
0 0.00490335 6 
0 0.00492214 6 
0 0.00493243 6 
0 0.0049361 6 
0 0.0049494 6 
0 0.00496249 6 
0 0.00496268 6 
0 0.00496843 6 
0 0.00497668 6 
0 0.00501443 6 
0 0.00501786 6 
0 0.00504045 6 
0 0.00514341 6 
0 0.0051567 6 
0 0.00520656 6 
0 0.00533999 6 
0 0.00573202 6 
0 inf 6 
0 0.0017716 7 
0 0.00179309 7 
0 0.00185695 7 
0 0.00189229 7 
0 0.0019511 7 
0 0.00195484 7 
0 0.0019693 7 
0 0.00197399 7 
0 0.00198859 7 
0 0.00199989 7 
0 0.00201518 7 
0 0.0020257 7 
0 0.00203626 7 
0 0.0020371 7 
0 0.00205017 7 
0 0.00205059 7 
0 0.00206175 7 
0 0.00207837 7 
0 0.00208313 7 
0 0.00208719 7 
0 0.00209111 7 
0 0.00209211 7 
0 0.00210371 7 
0 0.00210687 7 
0 0.00210848 7 
0 0.00211416 7 
0 0.0021342 7 
0 0.00215174 7 
0 0.00215513 7 
0 0.00215784 7 
0 0.00216602 7 
0 0.00216694 7 
0 0.00216877 7 
0 0.00217074 7 
0 0.0021744 7 
0 0.00217799 7 
0 0.00218371 7 
0 0.0021862 7 
0 0.00219217 7 
0 0.00219347 7 
0 0.00219487 7 
0 0.00219851 7 
0 0.00219903 7 
0 0.00220076 7 
0 0.00220341 7 
0 0.00220521 7 
0 0.00221251 7 
0 0.00221388 7 
0 0.00221616 7 
0 0.0022233 7 
0 0.00222344 7 
0 0.00222798 7 
0 0.00223499 7 
0 0.00223707 7 
0 0.00223902 7 
0 0.00223931 7 
0 0.00224252 7 
0 0.00224938 7 
0 0.00225137 7 
0 0.00225288 7 
0 0.00226092 7 
0 0.00226329 7 
0 0.00227097 7 
0 0.00227317 7 
0 0.00227963 7 
0 0.00228299 7 
0 0.0022951 7 
0 0.00230309 7 
0 0.00230839 7 
0 0.00231511 7 
0 0.00232613 7 
0 0.00232817 7 
0 0.00233848 7 
0 0.00234805 7 
0 0.00235457 7 
0 0.00235482 7 
0 0.00235576 7 
0 0.0023608 7 
0 0.00236097 7 
0 0.00236253 7 
0 0.00237215 7 
0 0.00237344 7 
0 0.00237562 7 
0 0.00238066 7 
0 0.00238573 7 
0 0.0023895 7 
0 0.00238997 7 
0 0.00239405 7 
0 0.00240194 7 
0 0.00241119 7 
0 0.00242277 7 
0 0.00242319 7 
0 0.00243056 7 
0 0.00243155 7 
0 0.00243702 7 
0 0.00244213 7 
0 0.00244272 7 
0 0.00244971 7 
0 0.00245123 7 
0 0.0024522 7 
0 0.00246311 7 
0 0.0024632 7 
0 0.00246485 7 
0 0.00246576 7 
0 0.00247259 7 
0 0.002492 7 
0 0.00249448 7 
0 0.00249856 7 
0 0.0025043 7 
0 0.00250622 7 
0 0.00250648 7 
0 0.0025075 7 
0 0.00252414 7 
0 0.00252776 7 
0 0.00253127 7 
0 0.00254247 7 
0 0.00254248 7 
0 0.00256162 7 
0 0.0025668 7 
0 0.00257889 7 
0 0.00258072 7 
0 0.00259985 7 
0 0.00264412 7 
0 0.00266771 7 
0 0.00271843 7 
0 0.0027536 7 
0 0.00298031 7 
0 inf 7 
0 0.000870117 8 
0 0.00090319 8 
0 0.000923416 8 
0 0.00095793 8 
0 0.000975321 8 
0 0.000979853 8 
0 0.00100451 8 
0 0.00101323 8 
0 0.00101368 8 
0 0.00101741 8 
0 0.00102735 8 
0 0.00102888 8 
0 0.00103276 8 
0 0.00103648 8 
0 0.00103698 8 
0 0.0010379 8 
0 0.00104695 8 
0 0.00105032 8 
0 0.00105843 8 
0 0.00106224 8 
0 0.00106328 8 
0 0.00106637 8 
0 0.00107273 8 
0 0.00107557 8 
0 0.00107638 8 
0 0.00107981 8 
0 0.00108331 8 
0 0.00108545 8 
0 0.00108631 8 
0 0.00108637 8 
0 0.00109876 8 
0 0.00110366 8 
0 0.00110624 8 
0 0.00110678 8 
0 0.00110725 8 
0 0.00111023 8 
0 0.00111137 8 
0 0.00111246 8 
0 0.00111601 8 
0 0.00111619 8 
0 0.00111974 8 
0 0.00112265 8 
0 0.00112764 8 
0 0.00112846 8 
0 0.00112846 8 
0 0.00112941 8 
0 0.00113353 8 
0 0.00113408 8 
0 0.0011376 8 
0 0.00114064 8 
0 0.00114273 8 
0 0.0011437 8 
0 0.00114424 8 
0 0.00114531 8 
0 0.00114648 8 
0 0.00114815 8 
0 0.00114859 8 
0 0.00115121 8 
0 0.00115613 8 
0 0.0011582 8 
0 0.00115882 8 
0 0.00115911 8 
0 0.00115978 8 
0 0.00116281 8 
0 0.00117084 8 
0 0.00118063 8 
0 0.00118266 8 
0 0.00118374 8 
0 0.00118604 8 
0 0.00118987 8 
0 0.00119631 8 
0 0.00120039 8 
0 0.00120121 8 
0 0.00120304 8 
0 0.00120465 8 
0 0.00120728 8 
0 0.00120802 8 
0 0.0012138 8 
0 0.00121583 8 
0 0.00121679 8 
0 0.0012168 8 
0 0.00121888 8 
0 0.00121916 8 
0 0.00122172 8 
0 0.00122257 8 
0 0.0012226 8 
0 0.00122471 8 
0 0.00122677 8 
0 0.00123064 8 
0 0.00124213 8 
0 0.00124263 8 
0 0.0012452 8 
0 0.001253 8 
0 0.0012568 8 
0 0.00125791 8 
0 0.00125893 8 
0 0.00125958 8 
0 0.00126022 8 
0 0.00126238 8 
0 0.00126307 8 
0 0.00126753 8 
0 0.00126811 8 
0 0.0012708 8 
0 0.00127435 8 
0 0.00127714 8 
0 0.0012786 8 
0 0.00128576 8 
0 0.00128696 8 
0 0.00128765 8 
0 0.00129031 8 
0 0.00129397 8 
0 0.00130047 8 
0 0.00130233 8 
0 0.00131012 8 
0 0.00131228 8 
0 0.00131817 8 
0 0.00132924 8 
0 0.00132982 8 
0 0.00133822 8 
0 0.00134315 8 
0 0.00134367 8 
0 0.00135733 8 
0 0.00136954 8 
0 0.00139981 8 
0 0.00143691 8 
0 0.00143885 8 
0 0.00155482 8 
0 inf 8 
0 0.000426797 9 
0 0.000465523 9 
0 0.000468507 9 
0 0.000488199 9 
0 0.000490796 9 
0 0.000499286 9 
0 0.00051278 9 
0 0.000522715 9 
0 0.00052448 9 
0 0.000524882 9 
0 0.000527011 9 
0 0.000529658 9 
0 0.000532573 9 
0 0.000533335 9 
0 0.000534281 9 
0 0.000535813 9 
0 0.000539927 9 
0 0.000540977 9 
0 0.000541224 9 
0 0.00054248 9 
0 0.000544113 9 
0 0.000546756 9 
0 0.000548369 9 
0 0.00055078 9 
0 0.000552633 9 
0 0.00055492 9 
0 0.000559232 9 
0 0.000560263 9 
0 0.000560408 9 
0 0.000561686 9 
0 0.00056202 9 
0 0.00056652 9 
0 0.000567376 9 
0 0.000567653 9 
0 0.000567664 9 
0 0.000571463 9 
0 0.000572473 9 
0 0.000574507 9 
0 0.00057891 9 
0 0.000579199 9 
0 0.000580426 9 
0 0.000581033 9 
0 0.000581516 9 
0 0.000584011 9 
0 0.000585271 9 
0 0.000586073 9 
0 0.000586494 9 
0 0.000586878 9 
0 0.000590948 9 
0 0.00059183 9 
0 0.000592044 9 
0 0.000592254 9 
0 0.000593359 9 
0 0.000595301 9 
0 0.000595661 9 
0 0.000596236 9 
0 0.000596368 9 
0 0.000597805 9 
0 0.000598852 9 
0 0.000600281 9 
0 0.000600483 9 
0 0.00060071 9 
0 0.000601164 9 
0 0.000603273 9 
0 0.000603727 9 
0 0.000607555 9 
0 0.000608052 9 
0 0.000613 9 
0 0.000613595 9 
0 0.000614258 9 
0 0.000614681 9 
0 0.000615775 9 
0 0.000615893 9 
0 0.0006164 9 
0 0.000624186 9 
0 0.000624948 9 
0 0.000625489 9 
0 0.000625676 9 
0 0.000627921 9 
0 0.000631869 9 
0 0.000632455 9 
0 0.000632749 9 
0 0.00063317 9 
0 0.000633769 9 
0 0.000637038 9 
0 0.000637604 9 
0 0.000639885 9 
0 0.000642379 9 
0 0.000643484 9 
0 0.000645457 9 
0 0.000648255 9 
0 0.000649002 9 
0 0.000654178 9 
0 0.000654643 9 
0 0.000655615 9 
0 0.000656061 9 
0 0.000656185 9 
0 0.000656661 9 
0 0.000657013 9 
0 0.000658012 9 
0 0.000658335 9 
0 0.000659156 9 
0 0.000662999 9 
0 0.000664007 9 
0 0.000664032 9 
0 0.000664109 9 
0 0.00066767 9 
0 0.000668738 9 
0 0.000672497 9 
0 0.000676001 9 
0 0.000676992 9 
0 0.000677262 9 
0 0.00067753 9 
0 0.000681475 9 
0 0.000684379 9 
0 0.000693244 9 
0 0.000694769 9 
0 0.000701999 9 
0 0.000705371 9 
0 0.000706504 9 
0 0.000706637 9 
0 0.000715979 9 
0 0.000716102 9 
0 0.000741384 9 
0 0.000760561 9 
0 0.000766933 9 
0 0.000819128 9 
0 inf 9 
