0 0.491652 0 
0 0.493529 0 
0 0.497571 0 
0 0.498578 0 
0 0.498762 0 
0 0.498827 0 
0 0.498831 0 
0 0.499456 0 
0 0.50006 0 
0 0.500599 0 
0 0.50084 0 
0 0.500972 0 
0 0.501115 0 
0 0.501328 0 
0 0.501416 0 
0 0.501429 0 
0 0.501609 0 
0 0.501624 0 
0 0.501629 0 
0 0.501638 0 
0 0.502214 0 
0 0.502218 0 
0 0.502334 0 
0 0.502484 0 
0 0.502485 0 
0 0.50258 0 
0 0.502599 0 
0 0.502857 0 
0 0.503069 0 
0 0.503419 0 
0 0.50343 0 
0 0.50346 0 
0 0.503737 0 
0 0.503784 0 
0 0.503832 0 
0 0.503861 0 
0 0.504169 0 
0 0.50425 0 
0 0.504317 0 
0 0.504598 0 
0 0.504624 0 
0 0.504636 0 
0 0.504648 0 
0 0.504688 0 
0 0.504737 0 
0 0.504744 0 
0 0.504754 0 
0 0.504896 0 
0 0.505014 0 
0 0.50505 0 
0 0.505174 0 
0 0.505316 0 
0 0.505369 0 
0 0.505381 0 
0 0.505481 0 
0 0.505485 0 
0 0.505629 0 
0 0.505746 0 
0 0.505757 0 
0 0.505771 0 
0 0.505773 0 
0 0.505804 0 
0 0.505875 0 
0 0.505948 0 
0 0.505949 0 
0 0.506072 0 
0 0.506136 0 
0 0.50622 0 
0 0.506284 0 
0 0.506289 0 
0 0.506304 0 
0 0.506366 0 
0 0.506376 0 
0 0.506377 0 
0 0.506388 0 
0 0.506432 0 
0 0.506478 0 
0 0.506522 0 
0 0.506564 0 
0 0.506622 0 
0 0.506634 0 
0 0.50666 0 
0 0.506679 0 
0 0.506721 0 
0 0.506738 0 
0 0.506796 0 
0 0.506812 0 
0 0.506873 0 
0 0.50688 0 
0 0.506926 0 
0 0.507094 0 
0 0.507356 0 
0 0.507373 0 
0 0.50739 0 
0 0.507409 0 
0 0.507431 0 
0 0.507475 0 
0 0.50749 0 
0 0.507492 0 
0 0.507553 0 
0 0.507566 0 
0 0.507637 0 
0 0.507699 0 
0 0.507731 0 
0 0.507827 0 
0 0.507843 0 
0 0.507998 0 
0 0.508212 0 
0 0.508295 0 
0 0.508534 0 
0 0.508558 0 
0 0.50859 0 
0 0.508692 0 
0 0.508745 0 
0 0.508974 0 
0 0.508975 0 
0 0.50924 0 
0 0.509283 0 
0 0.50935 0 
0 0.509427 0 
0 0.509445 0 
0 0.509495 0 
0 0.50973 0 
0 0.510074 0 
0 0.510137 0 
0 0.511325 0 
0 0.511888 0 
0 inf 0 
0 0.184737 1 
0 0.185522 1 
0 0.18893 1 
0 0.189951 1 
0 0.190034 1 
0 0.190043 1 
0 0.190724 1 
0 0.190855 1 
0 0.191127 1 
0 0.191518 1 
0 0.191567 1 
0 0.191712 1 
0 0.191881 1 
0 0.192187 1 
0 0.192409 1 
0 0.192702 1 
0 0.192934 1 
0 0.192958 1 
0 0.193024 1 
0 0.19307 1 
0 0.193174 1 
0 0.193185 1 
0 0.193202 1 
0 0.193218 1 
0 0.193295 1 
0 0.193318 1 
0 0.193338 1 
0 0.193423 1 
0 0.193442 1 
0 0.193466 1 
0 0.193598 1 
0 0.193649 1 
0 0.193822 1 
0 0.193925 1 
0 0.194008 1 
0 0.194015 1 
0 0.194048 1 
0 0.194131 1 
0 0.194412 1 
0 0.194533 1 
0 0.194631 1 
0 0.194745 1 
0 0.194776 1 
0 0.194912 1 
0 0.194927 1 
0 0.195004 1 
0 0.195204 1 
0 0.195212 1 
0 0.195359 1 
0 0.195388 1 
0 0.195463 1 
0 0.195492 1 
0 0.195508 1 
0 0.195576 1 
0 0.195678 1 
0 0.195811 1 
0 0.195816 1 
0 0.195819 1 
0 0.195879 1 
0 0.19595 1 
0 0.195978 1 
0 0.195998 1 
0 0.196061 1 
0 0.196083 1 
0 0.196097 1 
0 0.196111 1 
0 0.196126 1 
0 0.196134 1 
0 0.196304 1 
0 0.196352 1 
0 0.196459 1 
0 0.196472 1 
0 0.196518 1 
0 0.196544 1 
0 0.196693 1 
0 0.196746 1 
0 0.196796 1 
0 0.19691 1 
0 0.196992 1 
0 0.197068 1 
0 0.19707 1 
0 0.197104 1 
0 0.19715 1 
0 0.197156 1 
0 0.197159 1 
0 0.19719 1 
0 0.19724 1 
0 0.19731 1 
0 0.197333 1 
0 0.197382 1 
0 0.197401 1 
0 0.197491 1 
0 0.197594 1 
0 0.197622 1 
0 0.197678 1 
0 0.197728 1 
0 0.197809 1 
0 0.197904 1 
0 0.197917 1 
0 0.198099 1 
0 0.198233 1 
0 0.198292 1 
0 0.198399 1 
0 0.198426 1 
0 0.198499 1 
0 0.198514 1 
0 0.198574 1 
0 0.198666 1 
0 0.198667 1 
0 0.198688 1 
0 0.198724 1 
0 0.198898 1 
0 0.199046 1 
0 0.199439 1 
0 0.19945 1 
0 0.199556 1 
0 0.199981 1 
0 0.200091 1 
0 0.200236 1 
0 0.200491 1 
0 0.200732 1 
0 0.201229 1 
0 0.201457 1 
0 0.201919 1 
0 0.20482 1 
0 0.205358 1 
0 0.208807 1 
0 inf 1 
0 0.0745215 2 
0 0.0750979 2 
0 0.0752101 2 
0 0.0762895 2 
0 0.0764472 2 
0 0.076692 2 
0 0.0768146 2 
0 0.0770849 2 
0 0.0772137 2 
0 0.0772603 2 
0 0.0772739 2 
0 0.0777598 2 
0 0.0779294 2 
0 0.0779367 2 
0 0.0779941 2 
0 0.0781024 2 
0 0.0781443 2 
0 0.078439 2 
0 0.0784936 2 
0 0.0785592 2 
0 0.078731 2 
0 0.0787631 2 
0 0.0788193 2 
0 0.078894 2 
0 0.0790616 2 
0 0.0790849 2 
0 0.0791542 2 
0 0.079158 2 
0 0.0792627 2 
0 0.0792706 2 
0 0.0793009 2 
0 0.0793655 2 
0 0.0793725 2 
0 0.0793897 2 
0 0.079396 2 
0 0.079491 2 
0 0.0795154 2 
0 0.0795199 2 
0 0.0796076 2 
0 0.0797665 2 
0 0.0800761 2 
0 0.080084 2 
0 0.0800932 2 
0 0.0801631 2 
0 0.0801718 2 
0 0.0802417 2 
0 0.0802953 2 
0 0.0805592 2 
0 0.080581 2 
0 0.0805951 2 
0 0.0806771 2 
0 0.080803 2 
0 0.0808069 2 
0 0.0809889 2 
0 0.0810126 2 
0 0.0810534 2 
0 0.0810588 2 
0 0.0811624 2 
0 0.0811694 2 
0 0.0811977 2 
0 0.0813478 2 
0 0.0813549 2 
0 0.0813755 2 
0 0.0814656 2 
0 0.0815105 2 
0 0.0816554 2 
0 0.0816856 2 
0 0.0817474 2 
0 0.0818216 2 
0 0.0818525 2 
0 0.0818914 2 
0 0.0819474 2 
0 0.0819715 2 
0 0.081987 2 
0 0.0820548 2 
0 0.082065 2 
0 0.0820807 2 
0 0.0820869 2 
0 0.0821846 2 
0 0.0822466 2 
0 0.0823572 2 
0 0.0823616 2 
0 0.0823658 2 
0 0.082445 2 
0 0.0825225 2 
0 0.082682 2 
0 0.0827226 2 
0 0.0827562 2 
0 0.0827808 2 
0 0.0827814 2 
0 0.0828414 2 
0 0.0829012 2 
0 0.082902 2 
0 0.0830841 2 
0 0.0831052 2 
0 0.0831108 2 
0 0.0831237 2 
0 0.0831386 2 
0 0.0831813 2 
0 0.0831924 2 
0 0.0832583 2 
0 0.0832904 2 
0 0.0833968 2 
0 0.0834292 2 
0 0.083448 2 
0 0.083497 2 
0 0.0837142 2 
0 0.0838599 2 
0 0.0838819 2 
0 0.0839733 2 
0 0.0841253 2 
0 0.0842327 2 
0 0.0844904 2 
0 0.0845483 2 
0 0.0847231 2 
0 0.0850715 2 
0 0.0851723 2 
0 0.0854573 2 
0 0.085664 2 
0 0.0858017 2 
0 0.0858091 2 
0 0.0865884 2 
0 0.0880975 2 
0 0.088467 2 
0 0.0908655 2 
0 0.0938833 2 
0 0.0947739 2 
0 inf 2 
0 0.0311459 3 
0 0.03142 3 
0 0.0322172 3 
0 0.0323112 3 
0 0.0323374 3 
0 0.032523 3 
0 0.0329567 3 
0 0.0329995 3 
0 0.0330416 3 
0 0.0330954 3 
0 0.0331528 3 
0 0.0331839 3 
0 0.0335484 3 
0 0.0335992 3 
0 0.0337452 3 
0 0.0339152 3 
0 0.0340029 3 
0 0.0341392 3 
0 0.0341439 3 
0 0.0342387 3 
0 0.0342408 3 
0 0.0343648 3 
0 0.0344441 3 
0 0.0344599 3 
0 0.0344786 3 
0 0.0344818 3 
0 0.0345264 3 
0 0.0345451 3 
0 0.0345645 3 
0 0.0345783 3 
0 0.0346063 3 
0 0.0346645 3 
0 0.0346754 3 
0 0.0347137 3 
0 0.0347994 3 
0 0.0348019 3 
0 0.0348111 3 
0 0.0348312 3 
0 0.0348683 3 
0 0.0349256 3 
0 0.0349365 3 
0 0.0350274 3 
0 0.0350317 3 
0 0.0350903 3 
0 0.0351023 3 
0 0.0352076 3 
0 0.0352219 3 
0 0.0353332 3 
0 0.0355088 3 
0 0.0355244 3 
0 0.0355306 3 
0 0.0355725 3 
0 0.0356195 3 
0 0.0356313 3 
0 0.0356774 3 
0 0.0356841 3 
0 0.0357019 3 
0 0.0357888 3 
0 0.0358366 3 
0 0.0358804 3 
0 0.0358808 3 
0 0.0358873 3 
0 0.0359341 3 
0 0.0359378 3 
0 0.0359434 3 
0 0.0360054 3 
0 0.036074 3 
0 0.036087 3 
0 0.0361009 3 
0 0.0361078 3 
0 0.0361183 3 
0 0.0361213 3 
0 0.0361597 3 
0 0.0361996 3 
0 0.036209 3 
0 0.0362177 3 
0 0.0363126 3 
0 0.0363135 3 
0 0.0363578 3 
0 0.0364438 3 
0 0.0364517 3 
0 0.0364713 3 
0 0.0365502 3 
0 0.0365883 3 
0 0.0366032 3 
0 0.0367598 3 
0 0.036816 3 
0 0.0368233 3 
0 0.0368661 3 
0 0.0369862 3 
0 0.0369902 3 
0 0.0370913 3 
0 0.037098 3 
0 0.0371409 3 
0 0.0372603 3 
0 0.037286 3 
0 0.037294 3 
0 0.0373714 3 
0 0.0374252 3 
0 0.0374375 3 
0 0.037497 3 
0 0.0375274 3 
0 0.0375805 3 
0 0.0376152 3 
0 0.0377583 3 
0 0.0377604 3 
0 0.037881 3 
0 0.0379268 3 
0 0.0379486 3 
0 0.0380186 3 
0 0.0382873 3 
0 0.0385104 3 
0 0.0385534 3 
0 0.0385725 3 
0 0.0387085 3 
0 0.0387192 3 
0 0.0391099 3 
0 0.0394985 3 
0 0.0395596 3 
0 0.0396002 3 
0 0.0398522 3 
0 0.0399335 3 
0 0.040528 3 
0 0.043266 3 
0 0.0457318 3 
0 0.0469216 3 
0 0.0473764 3 
0 inf 3 
0 0.0138213 4 
0 0.0138813 4 
0 0.014199 4 
0 0.0142249 4 
0 0.0146282 4 
0 0.0146666 4 
0 0.0148811 4 
0 0.014966 4 
0 0.0150273 4 
0 0.0150352 4 
0 0.0150571 4 
0 0.0150951 4 
0 0.0151866 4 
0 0.0152876 4 
0 0.015404 4 
0 0.0154318 4 
0 0.0154325 4 
0 0.0154518 4 
0 0.0155229 4 
0 0.0155267 4 
0 0.0155778 4 
0 0.0156089 4 
0 0.0156785 4 
0 0.0156842 4 
0 0.0157561 4 
0 0.0157703 4 
0 0.0158659 4 
0 0.0158896 4 
0 0.0159241 4 
0 0.0159396 4 
0 0.0160095 4 
0 0.0160981 4 
0 0.016103 4 
0 0.0161883 4 
0 0.0163002 4 
0 0.0163138 4 
0 0.0163277 4 
0 0.0163332 4 
0 0.0163405 4 
0 0.0163555 4 
0 0.0164216 4 
0 0.016432 4 
0 0.0164667 4 
0 0.016473 4 
0 0.0164862 4 
0 0.0164867 4 
0 0.0164883 4 
0 0.0165214 4 
0 0.01654 4 
0 0.0165428 4 
0 0.0165622 4 
0 0.0165758 4 
0 0.0166235 4 
0 0.0166256 4 
0 0.0166403 4 
0 0.0166507 4 
0 0.0166579 4 
0 0.0166603 4 
0 0.0167044 4 
0 0.0167048 4 
0 0.016726 4 
0 0.0167286 4 
0 0.0167762 4 
0 0.0167954 4 
0 0.0167956 4 
0 0.0168116 4 
0 0.016835 4 
0 0.0168581 4 
0 0.0168912 4 
0 0.0169105 4 
0 0.0169521 4 
0 0.0169728 4 
0 0.0169881 4 
0 0.0170231 4 
0 0.0170722 4 
0 0.017093 4 
0 0.0171007 4 
0 0.0171623 4 
0 0.017168 4 
0 0.01726 4 
0 0.0173062 4 
0 0.0173424 4 
0 0.017346 4 
0 0.0174338 4 
0 0.0174724 4 
0 0.0174854 4 
0 0.0174968 4 
0 0.0175122 4 
0 0.0175336 4 
0 0.0175496 4 
0 0.0175516 4 
0 0.0175723 4 
0 0.0175915 4 
0 0.0175957 4 
0 0.0176366 4 
0 0.0176562 4 
0 0.0176753 4 
0 0.0176838 4 
0 0.0176946 4 
0 0.017698 4 
0 0.0177029 4 
0 0.0178198 4 
0 0.0178497 4 
0 0.0181825 4 
0 0.0182261 4 
0 0.018243 4 
0 0.01825 4 
0 0.0183467 4 
0 0.0184124 4 
0 0.018416 4 
0 0.0185001 4 
0 0.0187127 4 
0 0.018847 4 
0 0.0188522 4 
0 0.0189404 4 
0 0.0190039 4 
0 0.0190621 4 
0 0.0191858 4 
0 0.0192191 4 
0 0.0192782 4 
0 0.0194477 4 
0 0.02025 4 
0 0.0208299 4 
0 0.023197 4 
0 0.0239977 4 
0 0.0249959 4 
0 0.0264495 4 
0 inf 4 
0 0.00649089 5 
0 0.00651858 5 
0 0.00665392 5 
0 0.00674994 5 
0 0.00675937 5 
0 0.00680618 5 
0 0.00703419 5 
0 0.00707881 5 
0 0.00715067 5 
0 0.0071543 5 
0 0.00720389 5 
0 0.00721472 5 
0 0.0072329 5 
0 0.00724728 5 
0 0.00727254 5 
0 0.00729494 5 
0 0.00732847 5 
0 0.00743388 5 
0 0.00744444 5 
0 0.00745227 5 
0 0.00750037 5 
0 0.00750803 5 
0 0.00753221 5 
0 0.00753593 5 
0 0.00755541 5 
0 0.00756284 5 
0 0.00756313 5 
0 0.00764686 5 
0 0.00766232 5 
0 0.00776332 5 
0 0.00781663 5 
0 0.00782073 5 
0 0.00784469 5 
0 0.00786255 5 
0 0.00787033 5 
0 0.00790647 5 
0 0.00792015 5 
0 0.00792494 5 
0 0.00794749 5 
0 0.00795161 5 
0 0.00797259 5 
0 0.00800496 5 
0 0.00801665 5 
0 0.00803357 5 
0 0.00804148 5 
0 0.00804174 5 
0 0.00805929 5 
0 0.00807827 5 
0 0.00811385 5 
0 0.00812254 5 
0 0.00813358 5 
0 0.00813527 5 
0 0.00814255 5 
0 0.00818644 5 
0 0.00821473 5 
0 0.00822257 5 
0 0.00823875 5 
0 0.00824054 5 
0 0.00826213 5 
0 0.0082663 5 
0 0.00828787 5 
0 0.00830871 5 
0 0.00834628 5 
0 0.00837407 5 
0 0.00845301 5 
0 0.00847518 5 
0 0.00848096 5 
0 0.00848186 5 
0 0.00850095 5 
0 0.00850158 5 
0 0.00850203 5 
0 0.00850298 5 
0 0.00850532 5 
0 0.00850824 5 
0 0.00851214 5 
0 0.00851571 5 
0 0.00853777 5 
0 0.00854146 5 
0 0.00854487 5 
0 0.00854903 5 
0 0.00856076 5 
0 0.00856758 5 
0 0.00856872 5 
0 0.0085738 5 
0 0.0086138 5 
0 0.00862868 5 
0 0.00866328 5 
0 0.00870822 5 
0 0.00874107 5 
0 0.00874752 5 
0 0.00876052 5 
0 0.00881062 5 
0 0.00884422 5 
0 0.00889449 5 
0 0.00890911 5 
0 0.00892104 5 
0 0.00892585 5 
0 0.00893646 5 
0 0.00897103 5 
0 0.00897585 5 
0 0.00900651 5 
0 0.00919765 5 
0 0.00919983 5 
0 0.00920194 5 
0 0.00920387 5 
0 0.00927775 5 
0 0.00933718 5 
0 0.00934861 5 
0 0.00936966 5 
0 0.00943738 5 
0 0.00946179 5 
0 0.00956382 5 
0 0.00958036 5 
0 0.00959348 5 
0 0.00967574 5 
0 0.00980347 5 
0 0.00987541 5 
0 0.00992107 5 
0 0.0100241 5 
0 0.0100816 5 
0 0.0101599 5 
0 0.0107276 5 
0 0.0118112 5 
0 0.0123568 5 
0 0.0140259 5 
0 0.0143528 5 
0 0.0151414 5 
0 inf 5 
0 0.00310607 6 
0 0.00326984 6 
0 0.00327749 6 
0 0.00328389 6 
0 0.00335844 6 
0 0.00343369 6 
0 0.00344045 6 
0 0.00344593 6 
0 0.00346254 6 
0 0.00346337 6 
0 0.00352385 6 
0 0.00354744 6 
0 0.00356847 6 
0 0.00361596 6 
0 0.00365922 6 
0 0.00369455 6 
0 0.00371283 6 
0 0.00371381 6 
0 0.00371728 6 
0 0.00372268 6 
0 0.00372325 6 
0 0.00375483 6 
0 0.00379068 6 
0 0.00379546 6 
0 0.00380009 6 
0 0.00382662 6 
0 0.00385543 6 
0 0.00387465 6 
0 0.0038799 6 
0 0.00388219 6 
0 0.00390037 6 
0 0.00391526 6 
0 0.00395977 6 
0 0.00396807 6 
0 0.00397896 6 
0 0.00398046 6 
0 0.00399063 6 
0 0.00399407 6 
0 0.00400033 6 
0 0.00400333 6 
0 0.00403404 6 
0 0.00404333 6 
0 0.00404687 6 
0 0.00405718 6 
0 0.00409786 6 
0 0.00409932 6 
0 0.00412735 6 
0 0.00413659 6 
0 0.00414055 6 
0 0.00415609 6 
0 0.00417434 6 
0 0.00418274 6 
0 0.00419297 6 
0 0.00420868 6 
0 0.00421128 6 
0 0.0042215 6 
0 0.00423413 6 
0 0.00425806 6 
0 0.00426714 6 
0 0.00426759 6 
0 0.00427539 6 
0 0.00429411 6 
0 0.00430324 6 
0 0.00431871 6 
0 0.00432358 6 
0 0.00432834 6 
0 0.00434004 6 
0 0.00434098 6 
0 0.00437167 6 
0 0.0043759 6 
0 0.00437674 6 
0 0.00438664 6 
0 0.00438795 6 
0 0.0043898 6 
0 0.00439702 6 
0 0.00442556 6 
0 0.00443628 6 
0 0.004449 6 
0 0.00448122 6 
0 0.00449047 6 
0 0.00450492 6 
0 0.0045131 6 
0 0.00452653 6 
0 0.00454593 6 
0 0.00455949 6 
0 0.00457239 6 
0 0.00458417 6 
0 0.00459192 6 
0 0.00459405 6 
0 0.00460164 6 
0 0.00464058 6 
0 0.00464342 6 
0 0.00464784 6 
0 0.00465622 6 
0 0.00468621 6 
0 0.00473531 6 
0 0.00474463 6 
0 0.00480376 6 
0 0.00486972 6 
0 0.00487529 6 
0 0.00489131 6 
0 0.00491471 6 
0 0.00491773 6 
0 0.00493061 6 
0 0.00493153 6 
0 0.00493929 6 
0 0.00494319 6 
0 0.00496493 6 
0 0.00497197 6 
0 0.005009 6 
0 0.00501935 6 
0 0.00508393 6 
0 0.00510374 6 
0 0.00516664 6 
0 0.00524496 6 
0 0.00526916 6 
0 0.00543465 6 
0 0.00556591 6 
0 0.00559394 6 
0 0.00564446 6 
0 0.00585523 6 
0 0.00599949 6 
0 0.00663353 6 
0 0.00693316 6 
0 0.00773475 6 
0 0.0087541 6 
0 0.0092918 6 
0 inf 6 
0 0.00157695 7 
0 0.00164563 7 
0 0.00167463 7 
0 0.00168676 7 
0 0.00170023 7 
0 0.00172805 7 
0 0.0017308 7 
0 0.00173858 7 
0 0.00175559 7 
0 0.00177292 7 
0 0.00185201 7 
0 0.00186727 7 
0 0.00188444 7 
0 0.00188496 7 
0 0.00191912 7 
0 0.00193315 7 
0 0.00193342 7 
0 0.00195696 7 
0 0.00195995 7 
0 0.00196532 7 
0 0.00196966 7 
0 0.00197642 7 
0 0.0019829 7 
0 0.00199256 7 
0 0.00199955 7 
0 0.00200291 7 
0 0.00200552 7 
0 0.00200747 7 
0 0.00202484 7 
0 0.00202861 7 
0 0.00203573 7 
0 0.00203827 7 
0 0.00205874 7 
0 0.00206694 7 
0 0.00207797 7 
0 0.00208305 7 
0 0.00209636 7 
0 0.00209689 7 
0 0.00210532 7 
0 0.00210666 7 
0 0.00210902 7 
0 0.00211326 7 
0 0.0021176 7 
0 0.00212123 7 
0 0.00212562 7 
0 0.00213496 7 
0 0.00213894 7 
0 0.00213908 7 
0 0.00214085 7 
0 0.00218006 7 
0 0.00218573 7 
0 0.00218908 7 
0 0.002196 7 
0 0.00220814 7 
0 0.00225218 7 
0 0.00225762 7 
0 0.00226159 7 
0 0.0022699 7 
0 0.00228518 7 
0 0.00229281 7 
0 0.00229301 7 
0 0.00229308 7 
0 0.00230421 7 
0 0.00232099 7 
0 0.00232312 7 
0 0.002327 7 
0 0.00232742 7 
0 0.00233738 7 
0 0.00234165 7 
0 0.00236176 7 
0 0.00236212 7 
0 0.00236714 7 
0 0.00238516 7 
0 0.00238775 7 
0 0.00239376 7 
0 0.00242418 7 
0 0.00242618 7 
0 0.00243242 7 
0 0.00245021 7 
0 0.00247296 7 
0 0.00247506 7 
0 0.00247664 7 
0 0.0024795 7 
0 0.00249551 7 
0 0.0024971 7 
0 0.00250412 7 
0 0.00251225 7 
0 0.00251654 7 
0 0.00251982 7 
0 0.00252524 7 
0 0.00252649 7 
0 0.00253255 7 
0 0.00253626 7 
0 0.00254051 7 
0 0.00255901 7 
0 0.00256287 7 
0 0.00257487 7 
0 0.00258089 7 
0 0.00258674 7 
0 0.00258686 7 
0 0.00263258 7 
0 0.00266558 7 
0 0.00269772 7 
0 0.00272811 7 
0 0.0027836 7 
0 0.00278579 7 
0 0.00278767 7 
0 0.00282416 7 
0 0.00282915 7 
0 0.00283934 7 
0 0.00287696 7 
0 0.00288869 7 
0 0.00291002 7 
0 0.00296806 7 
0 0.0030795 7 
0 0.00311318 7 
0 0.00314638 7 
0 0.00322557 7 
0 0.00329888 7 
0 0.00332546 7 
0 0.00345958 7 
0 0.0038766 7 
0 0.00389869 7 
0 0.00409785 7 
0 0.00447839 7 
0 0.00539469 7 
0 0.00604838 7 
0 inf 7 
0 0.000854516 8 
0 0.000859326 8 
0 0.000863019 8 
0 0.000870459 8 
0 0.000888908 8 
0 0.000904745 8 
0 0.000914018 8 
0 0.000923074 8 
0 0.000923128 8 
0 0.000976425 8 
0 0.000985374 8 
0 0.000994245 8 
0 0.000997784 8 
0 0.00101544 8 
0 0.00102365 8 
0 0.00102807 8 
0 0.00103543 8 
0 0.00103563 8 
0 0.0010414 8 
0 0.00106521 8 
0 0.00107057 8 
0 0.0010729 8 
0 0.00107849 8 
0 0.00108122 8 
0 0.00108856 8 
0 0.00110427 8 
0 0.0011076 8 
0 0.00111069 8 
0 0.00111555 8 
0 0.00111665 8 
0 0.00111976 8 
0 0.0011206 8 
0 0.00112216 8 
0 0.00114108 8 
0 0.00114681 8 
0 0.00114858 8 
0 0.00115054 8 
0 0.0011578 8 
0 0.00116045 8 
0 0.00116214 8 
0 0.00117061 8 
0 0.00117249 8 
0 0.00117382 8 
0 0.00117407 8 
0 0.0011759 8 
0 0.00118445 8 
0 0.00118712 8 
0 0.00119071 8 
0 0.00119806 8 
0 0.00119866 8 
0 0.00121422 8 
0 0.00121604 8 
0 0.00121685 8 
0 0.00122361 8 
0 0.00122831 8 
0 0.00123643 8 
0 0.00124002 8 
0 0.00125816 8 
0 0.00126333 8 
0 0.00126416 8 
0 0.00126802 8 
0 0.00127169 8 
0 0.00127333 8 
0 0.00128106 8 
0 0.0013032 8 
0 0.00130332 8 
0 0.00130497 8 
0 0.00130734 8 
0 0.00131474 8 
0 0.00131743 8 
0 0.0013251 8 
0 0.00132737 8 
0 0.00132984 8 
0 0.0013397 8 
0 0.00135469 8 
0 0.00135806 8 
0 0.00136224 8 
0 0.00136757 8 
0 0.00137387 8 
0 0.00137836 8 
0 0.0013869 8 
0 0.00139314 8 
0 0.00139367 8 
0 0.00140363 8 
0 0.00141058 8 
0 0.00141348 8 
0 0.00141759 8 
0 0.00142523 8 
0 0.00144917 8 
0 0.00145629 8 
0 0.00146233 8 
0 0.00146271 8 
0 0.00146939 8 
0 0.00148571 8 
0 0.00149868 8 
0 0.00150041 8 
0 0.00150116 8 
0 0.00150162 8 
0 0.00150196 8 
0 0.00150227 8 
0 0.00150376 8 
0 0.00151754 8 
0 0.00151953 8 
0 0.0015248 8 
0 0.00156484 8 
0 0.00161837 8 
0 0.00164639 8 
0 0.00164949 8 
0 0.00166931 8 
0 0.0016749 8 
0 0.00168142 8 
0 0.0016984 8 
0 0.00174102 8 
0 0.00176388 8 
0 0.00178241 8 
0 0.00183277 8 
0 0.00185265 8 
0 0.00188462 8 
0 0.00200956 8 
0 0.00207887 8 
0 0.00214172 8 
0 0.00230411 8 
0 0.0024291 8 
0 0.00253782 8 
0 0.00272902 8 
0 0.00348017 8 
0 0.00410062 8 
0 inf 8 
0 0.000456099 9 
0 0.000465294 9 
0 0.000465549 9 
0 0.000470767 9 
0 0.000496546 9 
0 0.000497501 9 
0 0.000511998 9 
0 0.000512962 9 
0 0.000515232 9 
0 0.000515623 9 
0 0.000531897 9 
0 0.000536534 9 
0 0.00055013 9 
0 0.000550328 9 
0 0.000552994 9 
0 0.000553223 9 
0 0.000560473 9 
0 0.000561576 9 
0 0.000576732 9 
0 0.00058264 9 
0 0.000596051 9 
0 0.000596224 9 
0 0.000600253 9 
0 0.000603993 9 
0 0.000607278 9 
0 0.000607905 9 
0 0.000608911 9 
0 0.000611007 9 
0 0.000619965 9 
0 0.000624771 9 
0 0.000630792 9 
0 0.000631074 9 
0 0.000635989 9 
0 0.000642262 9 
0 0.00065591 9 
0 0.000664678 9 
0 0.000665894 9 
0 0.000666716 9 
0 0.000671058 9 
0 0.000674323 9 
0 0.000676446 9 
0 0.000677762 9 
0 0.000680143 9 
0 0.000681428 9 
0 0.00068388 9 
0 0.000696089 9 
0 0.000697567 9 
0 0.00070182 9 
0 0.000707826 9 
0 0.000708054 9 
0 0.000711107 9 
0 0.000711674 9 
0 0.000717548 9 
0 0.000722992 9 
0 0.000729981 9 
0 0.000736271 9 
0 0.000737325 9 
0 0.00073908 9 
0 0.000739952 9 
0 0.000744659 9 
0 0.000748842 9 
0 0.000750169 9 
0 0.00075255 9 
0 0.000752773 9 
0 0.000754171 9 
0 0.000759648 9 
0 0.000760728 9 
0 0.000762755 9 
0 0.000764935 9 
0 0.000765882 9 
0 0.000766741 9 
0 0.000777178 9 
0 0.000778403 9 
0 0.000782319 9 
0 0.000785078 9 
0 0.000785144 9 
0 0.000791757 9 
0 0.000794882 9 
0 0.000804361 9 
0 0.000805049 9 
0 0.000807517 9 
0 0.000815119 9 
0 0.000819901 9 
0 0.000835771 9 
0 0.00083671 9 
0 0.000838508 9 
0 0.000841329 9 
0 0.000843456 9 
0 0.000848821 9 
0 0.000851932 9 
0 0.000855266 9 
0 0.000858693 9 
0 0.000861381 9 
0 0.000869319 9 
0 0.000870061 9 
0 0.000877714 9 
0 0.000889139 9 
0 0.000892727 9 
0 0.000893522 9 
0 0.000901059 9 
0 0.000909156 9 
0 0.000918595 9 
0 0.000955828 9 
0 0.000956105 9 
0 0.000959737 9 
0 0.000959976 9 
0 0.000963559 9 
0 0.000974098 9 
0 0.000978719 9 
0 0.00103669 9 
0 0.00104142 9 
0 0.00105878 9 
0 0.0010655 9 
0 0.00110485 9 
0 0.0011176 9 
0 0.00111969 9 
0 0.00116561 9 
0 0.00119379 9 
0 0.0012697 9 
0 0.00129529 9 
0 0.00135711 9 
0 0.00140591 9 
0 0.00150979 9 
0 0.0016319 9 
0 0.00173739 9 
0 0.00233085 9 
0 0.00285209 9 
0 inf 9 
