0 0.488004 0 
0 0.495131 0 
0 0.49891 0 
0 0.499441 0 
0 0.499833 0 
0 0.499883 0 
0 0.501152 0 
0 0.501199 0 
0 0.501496 0 
0 0.5017 0 
0 0.501712 0 
0 0.501809 0 
0 0.501882 0 
0 0.502097 0 
0 0.5021 0 
0 0.502834 0 
0 0.502949 0 
0 0.502966 0 
0 0.503208 0 
0 0.50339 0 
0 0.503446 0 
0 0.503598 0 
0 0.503756 0 
0 0.504177 0 
0 0.504184 0 
0 0.504267 0 
0 0.504274 0 
0 0.504322 0 
0 0.504353 0 
0 0.504427 0 
0 0.504541 0 
0 0.504593 0 
0 0.504596 0 
0 0.504919 0 
0 0.504987 0 
0 0.50499 0 
0 0.505015 0 
0 0.505122 0 
0 0.505171 0 
0 0.50531 0 
0 0.505413 0 
0 0.505458 0 
0 0.505609 0 
0 0.505787 0 
0 0.505853 0 
0 0.505997 0 
0 0.506004 0 
0 0.506117 0 
0 0.50612 0 
0 0.506149 0 
0 0.506169 0 
0 0.506194 0 
0 0.506254 0 
0 0.506297 0 
0 0.506354 0 
0 0.506397 0 
0 0.506514 0 
0 0.506528 0 
0 0.506566 0 
0 0.506648 0 
0 0.506677 0 
0 0.506682 0 
0 0.506726 0 
0 0.506774 0 
0 0.506811 0 
0 0.506822 0 
0 0.506863 0 
0 0.506925 0 
0 0.50698 0 
0 0.506982 0 
0 0.507063 0 
0 0.507064 0 
0 0.507108 0 
0 0.507145 0 
0 0.507288 0 
0 0.507297 0 
0 0.50732 0 
0 0.507364 0 
0 0.50741 0 
0 0.50744 0 
0 0.507491 0 
0 0.507581 0 
0 0.507659 0 
0 0.507716 0 
0 0.507782 0 
0 0.507863 0 
0 0.507923 0 
0 0.507936 0 
0 0.507995 0 
0 0.508105 0 
0 0.508305 0 
0 0.508309 0 
0 0.508466 0 
0 0.508491 0 
0 0.508507 0 
0 0.508602 0 
0 0.50861 0 
0 0.508662 0 
0 0.508694 0 
0 0.508698 0 
0 0.508717 0 
0 0.508976 0 
0 0.508994 0 
0 0.509001 0 
0 0.509202 0 
0 0.509278 0 
0 0.509394 0 
0 0.509423 0 
0 0.509438 0 
0 0.509478 0 
0 0.509521 0 
0 0.50955 0 
0 0.509754 0 
0 0.509827 0 
0 0.50985 0 
0 0.509873 0 
0 0.51032 0 
0 0.510461 0 
0 0.510517 0 
0 0.510664 0 
0 0.510799 0 
0 0.511228 0 
0 0.511271 0 
0 0.511532 0 
0 0.512629 0 
0 0.512667 0 
0 0.512671 0 
0 inf 0 
0 0.184197 1 
0 0.189361 1 
0 0.189747 1 
0 0.190285 1 
0 0.191103 1 
0 0.192931 1 
0 0.193682 1 
0 0.194063 1 
0 0.194073 1 
0 0.194177 1 
0 0.194225 1 
0 0.194244 1 
0 0.194336 1 
0 0.194464 1 
0 0.194781 1 
0 0.195069 1 
0 0.195111 1 
0 0.195131 1 
0 0.195161 1 
0 0.195186 1 
0 0.195262 1 
0 0.195499 1 
0 0.195627 1 
0 0.195735 1 
0 0.195769 1 
0 0.19586 1 
0 0.195869 1 
0 0.195872 1 
0 0.195955 1 
0 0.196027 1 
0 0.196053 1 
0 0.196071 1 
0 0.196075 1 
0 0.196191 1 
0 0.19622 1 
0 0.196263 1 
0 0.196402 1 
0 0.196443 1 
0 0.196468 1 
0 0.196478 1 
0 0.196651 1 
0 0.196693 1 
0 0.196818 1 
0 0.196987 1 
0 0.197154 1 
0 0.197172 1 
0 0.197255 1 
0 0.197332 1 
0 0.197371 1 
0 0.197397 1 
0 0.197454 1 
0 0.197467 1 
0 0.197517 1 
0 0.197693 1 
0 0.197699 1 
0 0.19774 1 
0 0.197795 1 
0 0.197864 1 
0 0.197981 1 
0 0.197993 1 
0 0.198019 1 
0 0.198083 1 
0 0.198124 1 
0 0.19816 1 
0 0.198276 1 
0 0.198297 1 
0 0.19834 1 
0 0.198378 1 
0 0.198535 1 
0 0.198545 1 
0 0.198609 1 
0 0.198649 1 
0 0.198897 1 
0 0.198914 1 
0 0.198937 1 
0 0.199065 1 
0 0.199122 1 
0 0.199131 1 
0 0.199238 1 
0 0.199326 1 
0 0.199507 1 
0 0.199539 1 
0 0.19967 1 
0 0.199685 1 
0 0.199711 1 
0 0.199751 1 
0 0.199818 1 
0 0.199893 1 
0 0.199947 1 
0 0.200153 1 
0 0.200281 1 
0 0.200357 1 
0 0.200481 1 
0 0.200707 1 
0 0.200782 1 
0 0.200785 1 
0 0.200902 1 
0 0.200911 1 
0 0.200913 1 
0 0.200961 1 
0 0.200984 1 
0 0.201073 1 
0 0.201088 1 
0 0.201161 1 
0 0.20119 1 
0 0.20134 1 
0 0.201477 1 
0 0.201477 1 
0 0.201711 1 
0 0.201926 1 
0 0.202063 1 
0 0.202065 1 
0 0.202111 1 
0 0.202412 1 
0 0.202692 1 
0 0.202763 1 
0 0.202902 1 
0 0.203089 1 
0 0.203109 1 
0 0.203171 1 
0 0.203253 1 
0 0.203255 1 
0 0.203433 1 
0 0.203545 1 
0 0.203567 1 
0 0.203759 1 
0 0.205388 1 
0 inf 1 
0 0.0759457 2 
0 0.0763085 2 
0 0.0771715 2 
0 0.0779368 2 
0 0.0784792 2 
0 0.0786269 2 
0 0.0789412 2 
0 0.0791371 2 
0 0.0794728 2 
0 0.0797084 2 
0 0.0799283 2 
0 0.079956 2 
0 0.0799674 2 
0 0.0801315 2 
0 0.0804287 2 
0 0.0804383 2 
0 0.0804702 2 
0 0.0805841 2 
0 0.0808575 2 
0 0.0809122 2 
0 0.0810328 2 
0 0.0810355 2 
0 0.0810398 2 
0 0.0812433 2 
0 0.0813258 2 
0 0.0813496 2 
0 0.0813786 2 
0 0.0813916 2 
0 0.081408 2 
0 0.0814241 2 
0 0.0814703 2 
0 0.0814998 2 
0 0.0815629 2 
0 0.0817261 2 
0 0.0817798 2 
0 0.0819852 2 
0 0.0821069 2 
0 0.0821489 2 
0 0.0824366 2 
0 0.0824704 2 
0 0.0825325 2 
0 0.0825407 2 
0 0.0825848 2 
0 0.0826369 2 
0 0.0827861 2 
0 0.082828 2 
0 0.0828541 2 
0 0.0828874 2 
0 0.0829051 2 
0 0.082954 2 
0 0.0829627 2 
0 0.0829874 2 
0 0.0830225 2 
0 0.0830344 2 
0 0.0830877 2 
0 0.0831017 2 
0 0.0831136 2 
0 0.0831693 2 
0 0.083183 2 
0 0.0832188 2 
0 0.083345 2 
0 0.083505 2 
0 0.0835334 2 
0 0.0835521 2 
0 0.0835549 2 
0 0.0836057 2 
0 0.0837106 2 
0 0.0838671 2 
0 0.0838897 2 
0 0.0839983 2 
0 0.0841024 2 
0 0.0842477 2 
0 0.0843391 2 
0 0.0843679 2 
0 0.0844164 2 
0 0.0844357 2 
0 0.0844918 2 
0 0.0845551 2 
0 0.0845868 2 
0 0.0846801 2 
0 0.0846939 2 
0 0.0847049 2 
0 0.0847548 2 
0 0.0848018 2 
0 0.0848334 2 
0 0.0849783 2 
0 0.0849861 2 
0 0.0850073 2 
0 0.0851614 2 
0 0.0852522 2 
0 0.0853278 2 
0 0.085362 2 
0 0.0853944 2 
0 0.0855933 2 
0 0.0856078 2 
0 0.085833 2 
0 0.0858356 2 
0 0.0858555 2 
0 0.0859 2 
0 0.0859065 2 
0 0.0860247 2 
0 0.0861666 2 
0 0.0861745 2 
0 0.0862186 2 
0 0.0862251 2 
0 0.0863179 2 
0 0.0865635 2 
0 0.0866913 2 
0 0.086711 2 
0 0.0867218 2 
0 0.0867902 2 
0 0.0868111 2 
0 0.0872253 2 
0 0.0873145 2 
0 0.087412 2 
0 0.0876346 2 
0 0.0877363 2 
0 0.0878828 2 
0 0.0881558 2 
0 0.0881884 2 
0 0.0885623 2 
0 0.088628 2 
0 0.0891561 2 
0 0.0895188 2 
0 0.0896845 2 
0 0.0907434 2 
0 0.0918253 2 
0 inf 2 
0 0.0321092 3 
0 0.0326319 3 
0 0.0327497 3 
0 0.0336454 3 
0 0.0337522 3 
0 0.033816 3 
0 0.0346814 3 
0 0.0347794 3 
0 0.0347865 3 
0 0.0348769 3 
0 0.0351708 3 
0 0.0351933 3 
0 0.035284 3 
0 0.0352974 3 
0 0.0353529 3 
0 0.0354531 3 
0 0.0355198 3 
0 0.0355335 3 
0 0.0355346 3 
0 0.0355782 3 
0 0.0356636 3 
0 0.0356856 3 
0 0.0357907 3 
0 0.0358695 3 
0 0.0358785 3 
0 0.0359141 3 
0 0.0359618 3 
0 0.0360431 3 
0 0.0360596 3 
0 0.0360922 3 
0 0.0361603 3 
0 0.0361923 3 
0 0.0362754 3 
0 0.0362991 3 
0 0.0363063 3 
0 0.0363657 3 
0 0.0363904 3 
0 0.0364035 3 
0 0.0365859 3 
0 0.0366274 3 
0 0.0366527 3 
0 0.0366808 3 
0 0.0368091 3 
0 0.036894 3 
0 0.0368992 3 
0 0.0369695 3 
0 0.036979 3 
0 0.0369798 3 
0 0.0370328 3 
0 0.0370488 3 
0 0.0370841 3 
0 0.0371314 3 
0 0.0371718 3 
0 0.0371798 3 
0 0.0371811 3 
0 0.0371926 3 
0 0.0372831 3 
0 0.0373146 3 
0 0.0373193 3 
0 0.0373711 3 
0 0.0373734 3 
0 0.0373937 3 
0 0.0374278 3 
0 0.0374855 3 
0 0.0375389 3 
0 0.0375432 3 
0 0.0375452 3 
0 0.0375551 3 
0 0.0375717 3 
0 0.0376871 3 
0 0.0377927 3 
0 0.0378209 3 
0 0.0378673 3 
0 0.0378772 3 
0 0.0378894 3 
0 0.037962 3 
0 0.0379849 3 
0 0.038033 3 
0 0.0380651 3 
0 0.0382869 3 
0 0.0383427 3 
0 0.038377 3 
0 0.0383773 3 
0 0.0385608 3 
0 0.0386912 3 
0 0.0387209 3 
0 0.0387323 3 
0 0.0389475 3 
0 0.0389901 3 
0 0.0390658 3 
0 0.0391863 3 
0 0.0391901 3 
0 0.0391934 3 
0 0.0392637 3 
0 0.0392714 3 
0 0.0392951 3 
0 0.0393181 3 
0 0.0393846 3 
0 0.0395237 3 
0 0.0395328 3 
0 0.0395951 3 
0 0.0396445 3 
0 0.0396692 3 
0 0.0398254 3 
0 0.0398572 3 
0 0.0398851 3 
0 0.0399041 3 
0 0.0400379 3 
0 0.0400401 3 
0 0.0400469 3 
0 0.0400773 3 
0 0.040278 3 
0 0.0403099 3 
0 0.0404366 3 
0 0.0404988 3 
0 0.0405391 3 
0 0.0407214 3 
0 0.0407406 3 
0 0.0411868 3 
0 0.0413144 3 
0 0.041416 3 
0 0.0414862 3 
0 0.0415583 3 
0 0.0419659 3 
0 0.0424394 3 
0 0.0445373 3 
0 0.0447085 3 
0 inf 3 
0 0.014382 4 
0 0.0144253 4 
0 0.0149238 4 
0 0.0149771 4 
0 0.0150774 4 
0 0.0153784 4 
0 0.0158466 4 
0 0.0158519 4 
0 0.0159291 4 
0 0.0161144 4 
0 0.016312 4 
0 0.0163386 4 
0 0.0163809 4 
0 0.0164815 4 
0 0.0164998 4 
0 0.0165179 4 
0 0.0165453 4 
0 0.0166344 4 
0 0.016643 4 
0 0.0166495 4 
0 0.0166657 4 
0 0.0166858 4 
0 0.0167113 4 
0 0.0167434 4 
0 0.0168008 4 
0 0.0168419 4 
0 0.0168482 4 
0 0.0169216 4 
0 0.0169765 4 
0 0.0169915 4 
0 0.0170321 4 
0 0.0170527 4 
0 0.0170797 4 
0 0.0170841 4 
0 0.0171104 4 
0 0.01715 4 
0 0.017198 4 
0 0.017259 4 
0 0.0172635 4 
0 0.0172758 4 
0 0.0172898 4 
0 0.0172939 4 
0 0.0173104 4 
0 0.0173231 4 
0 0.0173453 4 
0 0.0173467 4 
0 0.0173863 4 
0 0.0174011 4 
0 0.017409 4 
0 0.0174302 4 
0 0.0174508 4 
0 0.0174747 4 
0 0.017476 4 
0 0.017525 4 
0 0.0175379 4 
0 0.0175456 4 
0 0.0175551 4 
0 0.0175613 4 
0 0.0175624 4 
0 0.017565 4 
0 0.0175744 4 
0 0.0176149 4 
0 0.0176266 4 
0 0.0176591 4 
0 0.0176692 4 
0 0.0177126 4 
0 0.0177152 4 
0 0.0177583 4 
0 0.017789 4 
0 0.0178439 4 
0 0.0178738 4 
0 0.0179433 4 
0 0.0179527 4 
0 0.0180142 4 
0 0.0180772 4 
0 0.0180863 4 
0 0.0181119 4 
0 0.018205 4 
0 0.0182221 4 
0 0.0182362 4 
0 0.01831 4 
0 0.0183178 4 
0 0.0183427 4 
0 0.0183609 4 
0 0.0183943 4 
0 0.0185121 4 
0 0.0185707 4 
0 0.0186005 4 
0 0.0186041 4 
0 0.0186215 4 
0 0.0186815 4 
0 0.0186902 4 
0 0.018833 4 
0 0.0188522 4 
0 0.0188955 4 
0 0.01892 4 
0 0.0189395 4 
0 0.0191024 4 
0 0.0191301 4 
0 0.0191729 4 
0 0.019173 4 
0 0.0192956 4 
0 0.0193102 4 
0 0.0193217 4 
0 0.0193949 4 
0 0.019501 4 
0 0.0195374 4 
0 0.0195799 4 
0 0.0197566 4 
0 0.0197813 4 
0 0.0199258 4 
0 0.0199951 4 
0 0.0200103 4 
0 0.0200567 4 
0 0.0200735 4 
0 0.0201374 4 
0 0.0202052 4 
0 0.0202809 4 
0 0.0205203 4 
0 0.0205339 4 
0 0.0205781 4 
0 0.0207326 4 
0 0.0207405 4 
0 0.0210678 4 
0 0.0226031 4 
0 0.0227911 4 
0 0.0243817 4 
0 inf 4 
0 0.00661477 5 
0 0.00691379 5 
0 0.00694494 5 
0 0.00705275 5 
0 0.00738027 5 
0 0.0074015 5 
0 0.00762305 5 
0 0.00762956 5 
0 0.00766836 5 
0 0.00771465 5 
0 0.00783132 5 
0 0.007877 5 
0 0.00789018 5 
0 0.00789218 5 
0 0.00801308 5 
0 0.00805418 5 
0 0.00807225 5 
0 0.00809446 5 
0 0.00811347 5 
0 0.00813854 5 
0 0.0081457 5 
0 0.00819551 5 
0 0.00822232 5 
0 0.00822481 5 
0 0.00826859 5 
0 0.00829608 5 
0 0.00830213 5 
0 0.00830334 5 
0 0.0083138 5 
0 0.00833458 5 
0 0.00834283 5 
0 0.00836004 5 
0 0.00838123 5 
0 0.00838537 5 
0 0.00838801 5 
0 0.00840821 5 
0 0.00840994 5 
0 0.00841042 5 
0 0.00843368 5 
0 0.00844816 5 
0 0.00846054 5 
0 0.00846672 5 
0 0.00848155 5 
0 0.00848217 5 
0 0.00850671 5 
0 0.00852152 5 
0 0.00852485 5 
0 0.0085326 5 
0 0.00854465 5 
0 0.00857095 5 
0 0.00858268 5 
0 0.00860603 5 
0 0.00863103 5 
0 0.00864746 5 
0 0.00864916 5 
0 0.00865868 5 
0 0.00867669 5 
0 0.00868055 5 
0 0.0086985 5 
0 0.00870754 5 
0 0.00874028 5 
0 0.00875245 5 
0 0.00875771 5 
0 0.008767 5 
0 0.00878213 5 
0 0.00878467 5 
0 0.00881854 5 
0 0.00884613 5 
0 0.00891892 5 
0 0.00894904 5 
0 0.00900182 5 
0 0.00900446 5 
0 0.00901132 5 
0 0.00904268 5 
0 0.00906907 5 
0 0.00907722 5 
0 0.00907912 5 
0 0.00908397 5 
0 0.00911665 5 
0 0.00912436 5 
0 0.00914045 5 
0 0.00914649 5 
0 0.00915325 5 
0 0.00917344 5 
0 0.00922097 5 
0 0.0092373 5 
0 0.00925229 5 
0 0.0092836 5 
0 0.00932321 5 
0 0.00935451 5 
0 0.00937776 5 
0 0.00942986 5 
0 0.00947262 5 
0 0.00949287 5 
0 0.00950424 5 
0 0.00959719 5 
0 0.00961009 5 
0 0.009614 5 
0 0.00963211 5 
0 0.00967329 5 
0 0.00971597 5 
0 0.00980358 5 
0 0.00990442 5 
0 0.00993964 5 
0 0.0099433 5 
0 0.0101523 5 
0 0.0102149 5 
0 0.0102187 5 
0 0.0102213 5 
0 0.0102382 5 
0 0.0102617 5 
0 0.0102712 5 
0 0.0103147 5 
0 0.010441 5 
0 0.0104679 5 
0 0.010519 5 
0 0.0106109 5 
0 0.0106131 5 
0 0.0106458 5 
0 0.0107809 5 
0 0.0108779 5 
0 0.0111503 5 
0 0.0113663 5 
0 0.0114632 5 
0 0.0123646 5 
0 0.012947 5 
0 0.0136584 5 
0 inf 5 
0 0.00320572 6 
0 0.00335134 6 
0 0.00346592 6 
0 0.00354611 6 
0 0.00378551 6 
0 0.00384422 6 
0 0.00385722 6 
0 0.00387436 6 
0 0.00387577 6 
0 0.00387768 6 
0 0.00388762 6 
0 0.00395522 6 
0 0.00398085 6 
0 0.00401551 6 
0 0.00401932 6 
0 0.00402125 6 
0 0.00403589 6 
0 0.00403729 6 
0 0.00404423 6 
0 0.00404578 6 
0 0.00405966 6 
0 0.00408072 6 
0 0.00409521 6 
0 0.00411269 6 
0 0.00416244 6 
0 0.00417977 6 
0 0.00418859 6 
0 0.00419554 6 
0 0.00420854 6 
0 0.00422811 6 
0 0.00422841 6 
0 0.00424658 6 
0 0.00424888 6 
0 0.00425518 6 
0 0.00425642 6 
0 0.00429261 6 
0 0.00429869 6 
0 0.00431443 6 
0 0.00432484 6 
0 0.00432951 6 
0 0.0043306 6 
0 0.00433527 6 
0 0.00433845 6 
0 0.00434173 6 
0 0.00434961 6 
0 0.00436115 6 
0 0.00436376 6 
0 0.00436779 6 
0 0.00437727 6 
0 0.00438388 6 
0 0.00438421 6 
0 0.00441588 6 
0 0.00443478 6 
0 0.00443666 6 
0 0.00445532 6 
0 0.0044675 6 
0 0.00448867 6 
0 0.00450041 6 
0 0.00451518 6 
0 0.00452621 6 
0 0.0045315 6 
0 0.00455684 6 
0 0.00455984 6 
0 0.00456861 6 
0 0.00457858 6 
0 0.00458311 6 
0 0.00458389 6 
0 0.00464667 6 
0 0.00465225 6 
0 0.00466914 6 
0 0.00467554 6 
0 0.00468155 6 
0 0.0046874 6 
0 0.00470025 6 
0 0.00470439 6 
0 0.00472031 6 
0 0.00475575 6 
0 0.00475771 6 
0 0.00477239 6 
0 0.00477407 6 
0 0.00478175 6 
0 0.00478209 6 
0 0.00479533 6 
0 0.00483482 6 
0 0.00484769 6 
0 0.00486248 6 
0 0.00488104 6 
0 0.0048931 6 
0 0.00490452 6 
0 0.00492469 6 
0 0.0049479 6 
0 0.004991 6 
0 0.00499309 6 
0 0.0049957 6 
0 0.00500534 6 
0 0.00501299 6 
0 0.00501792 6 
0 0.00503401 6 
0 0.00509486 6 
0 0.00509547 6 
0 0.0051029 6 
0 0.0051043 6 
0 0.00512034 6 
0 0.00514443 6 
0 0.0052203 6 
0 0.00533812 6 
0 0.00538319 6 
0 0.00542416 6 
0 0.0054339 6 
0 0.00544224 6 
0 0.00545562 6 
0 0.00566214 6 
0 0.00567553 6 
0 0.00568428 6 
0 0.00575838 6 
0 0.00579316 6 
0 0.00580193 6 
0 0.0060223 6 
0 0.00618491 6 
0 0.00620896 6 
0 0.00627396 6 
0 0.00640234 6 
0 0.00656204 6 
0 0.00677881 6 
0 0.00707111 6 
0 0.00736537 6 
0 0.00791803 6 
0 inf 6 
0 0.00164815 7 
0 0.00168251 7 
0 0.00179828 7 
0 0.00194556 7 
0 0.00195061 7 
0 0.00195876 7 
0 0.00202962 7 
0 0.00203392 7 
0 0.00203518 7 
0 0.00204099 7 
0 0.00204816 7 
0 0.00205756 7 
0 0.00205756 7 
0 0.00206671 7 
0 0.00206852 7 
0 0.00207072 7 
0 0.00207949 7 
0 0.00208177 7 
0 0.00208286 7 
0 0.00208699 7 
0 0.00212508 7 
0 0.00213061 7 
0 0.0021418 7 
0 0.00215629 7 
0 0.00216377 7 
0 0.00217687 7 
0 0.00218365 7 
0 0.00219609 7 
0 0.0022017 7 
0 0.00221534 7 
0 0.00221877 7 
0 0.00223286 7 
0 0.00223751 7 
0 0.00223795 7 
0 0.00225161 7 
0 0.00227021 7 
0 0.00228207 7 
0 0.00228922 7 
0 0.00229761 7 
0 0.00230032 7 
0 0.00230091 7 
0 0.00230588 7 
0 0.00230677 7 
0 0.00231203 7 
0 0.00231493 7 
0 0.00231615 7 
0 0.00231715 7 
0 0.00232368 7 
0 0.00232512 7 
0 0.00232907 7 
0 0.0023312 7 
0 0.00233724 7 
0 0.00233973 7 
0 0.00237198 7 
0 0.00237472 7 
0 0.00238222 7 
0 0.00239025 7 
0 0.0024087 7 
0 0.00241452 7 
0 0.00241958 7 
0 0.00242399 7 
0 0.0024334 7 
0 0.00246376 7 
0 0.00246677 7 
0 0.00246803 7 
0 0.0024702 7 
0 0.00247725 7 
0 0.00248133 7 
0 0.0024852 7 
0 0.00249084 7 
0 0.00249126 7 
0 0.00251646 7 
0 0.002521 7 
0 0.00253669 7 
0 0.00254266 7 
0 0.00255698 7 
0 0.0025577 7 
0 0.00256304 7 
0 0.00256569 7 
0 0.00257093 7 
0 0.00257473 7 
0 0.00257635 7 
0 0.00259774 7 
0 0.00260858 7 
0 0.00264925 7 
0 0.0026498 7 
0 0.00265735 7 
0 0.00266699 7 
0 0.00267805 7 
0 0.00268216 7 
0 0.00268333 7 
0 0.00270577 7 
0 0.00271271 7 
0 0.00272249 7 
0 0.00272578 7 
0 0.00273175 7 
0 0.00273557 7 
0 0.00274154 7 
0 0.00275589 7 
0 0.00277714 7 
0 0.00280985 7 
0 0.00281514 7 
0 0.00281655 7 
0 0.00282861 7 
0 0.00287353 7 
0 0.00293717 7 
0 0.00295857 7 
0 0.00303641 7 
0 0.00303736 7 
0 0.0030374 7 
0 0.0030966 7 
0 0.00313743 7 
0 0.00320099 7 
0 0.00327188 7 
0 0.00328038 7 
0 0.0033036 7 
0 0.00331304 7 
0 0.0033179 7 
0 0.00338496 7 
0 0.00347627 7 
0 0.00365012 7 
0 0.00367111 7 
0 0.00367547 7 
0 0.00380561 7 
0 0.00422638 7 
0 0.00438607 7 
0 0.00484175 7 
0 inf 7 
0 0.000878371 8 
0 0.000900621 8 
0 0.000988138 8 
0 0.00102588 8 
0 0.00103842 8 
0 0.00104686 8 
0 0.00104919 8 
0 0.00105125 8 
0 0.00106056 8 
0 0.00106166 8 
0 0.00108776 8 
0 0.00109841 8 
0 0.00109937 8 
0 0.0011122 8 
0 0.00112819 8 
0 0.00112827 8 
0 0.00113476 8 
0 0.00113926 8 
0 0.00114036 8 
0 0.00115014 8 
0 0.00115475 8 
0 0.00117589 8 
0 0.00117738 8 
0 0.00117952 8 
0 0.0011825 8 
0 0.00118322 8 
0 0.00118679 8 
0 0.00118854 8 
0 0.00118922 8 
0 0.00119119 8 
0 0.00120352 8 
0 0.00120374 8 
0 0.00120814 8 
0 0.00120889 8 
0 0.00121334 8 
0 0.00121543 8 
0 0.00121871 8 
0 0.00122125 8 
0 0.00122126 8 
0 0.00122415 8 
0 0.00122965 8 
0 0.00123861 8 
0 0.00124002 8 
0 0.00125276 8 
0 0.00125686 8 
0 0.00125767 8 
0 0.00126601 8 
0 0.00127324 8 
0 0.00129009 8 
0 0.00129068 8 
0 0.00130099 8 
0 0.00130206 8 
0 0.00130939 8 
0 0.00131757 8 
0 0.00131791 8 
0 0.00131859 8 
0 0.00133039 8 
0 0.00133279 8 
0 0.00133517 8 
0 0.00133593 8 
0 0.00133798 8 
0 0.00134287 8 
0 0.00134953 8 
0 0.00134999 8 
0 0.00135062 8 
0 0.00135079 8 
0 0.00135247 8 
0 0.00135463 8 
0 0.00136741 8 
0 0.00138191 8 
0 0.0013862 8 
0 0.00138897 8 
0 0.00139832 8 
0 0.00140166 8 
0 0.00140271 8 
0 0.00142333 8 
0 0.00142683 8 
0 0.00143078 8 
0 0.00143853 8 
0 0.00143874 8 
0 0.0014392 8 
0 0.00145021 8 
0 0.00145441 8 
0 0.00145641 8 
0 0.00145946 8 
0 0.00145984 8 
0 0.00146374 8 
0 0.00146501 8 
0 0.001471 8 
0 0.00148297 8 
0 0.00148497 8 
0 0.00151167 8 
0 0.0015136 8 
0 0.00153773 8 
0 0.00154842 8 
0 0.0015587 8 
0 0.00156525 8 
0 0.00157192 8 
0 0.00157738 8 
0 0.00159008 8 
0 0.00160064 8 
0 0.00161115 8 
0 0.00162393 8 
0 0.00163201 8 
0 0.00163837 8 
0 0.00164877 8 
0 0.0016591 8 
0 0.00168337 8 
0 0.0016973 8 
0 0.00177323 8 
0 0.00178211 8 
0 0.00182302 8 
0 0.00183156 8 
0 0.00189316 8 
0 0.00190707 8 
0 0.0019614 8 
0 0.00196336 8 
0 0.00199531 8 
0 0.00203146 8 
0 0.00204575 8 
0 0.00211244 8 
0 0.00213243 8 
0 0.00216952 8 
0 0.00217534 8 
0 0.00261305 8 
0 0.00273361 8 
0 0.0030057 8 
0 inf 8 
0 0.000476192 9 
0 0.000519644 9 
0 0.000546286 9 
0 0.000553098 9 
0 0.000561937 9 
0 0.000564559 9 
0 0.000564701 9 
0 0.000573729 9 
0 0.000578918 9 
0 0.00057903 9 
0 0.000595315 9 
0 0.000595836 9 
0 0.000598916 9 
0 0.000599177 9 
0 0.000603063 9 
0 0.000605166 9 
0 0.000620601 9 
0 0.000621352 9 
0 0.000622171 9 
0 0.000622788 9 
0 0.000624098 9 
0 0.000633399 9 
0 0.00064825 9 
0 0.000650039 9 
0 0.000656468 9 
0 0.000660752 9 
0 0.000663782 9 
0 0.000666028 9 
0 0.00066765 9 
0 0.000670253 9 
0 0.000672211 9 
0 0.00067555 9 
0 0.00067588 9 
0 0.000680055 9 
0 0.000681445 9 
0 0.000685176 9 
0 0.00068832 9 
0 0.000695719 9 
0 0.000700509 9 
0 0.000703453 9 
0 0.000704068 9 
0 0.000705662 9 
0 0.000705774 9 
0 0.000706734 9 
0 0.000707432 9 
0 0.000711728 9 
0 0.000713087 9 
0 0.000713239 9 
0 0.000715083 9 
0 0.000726623 9 
0 0.000727155 9 
0 0.000730681 9 
0 0.000733717 9 
0 0.000736478 9 
0 0.000738182 9 
0 0.000741 9 
0 0.000745983 9 
0 0.000746149 9 
0 0.000746859 9 
0 0.000747327 9 
0 0.000750068 9 
0 0.000753349 9 
0 0.000757885 9 
0 0.000758521 9 
0 0.00075853 9 
0 0.000760493 9 
0 0.000766479 9 
0 0.000773245 9 
0 0.000774321 9 
0 0.000776092 9 
0 0.000780287 9 
0 0.000791409 9 
0 0.000799465 9 
0 0.000801325 9 
0 0.00080247 9 
0 0.000803147 9 
0 0.000807795 9 
0 0.000815302 9 
0 0.00081601 9 
0 0.000827903 9 
0 0.000836079 9 
0 0.000840302 9 
0 0.00084322 9 
0 0.000858116 9 
0 0.000858225 9 
0 0.000862117 9 
0 0.00086856 9 
0 0.000870395 9 
0 0.000875202 9 
0 0.000878624 9 
0 0.000879574 9 
0 0.00088065 9 
0 0.000883663 9 
0 0.000887963 9 
0 0.000905643 9 
0 0.000913956 9 
0 0.000916547 9 
0 0.000923351 9 
0 0.000927971 9 
0 0.000936457 9 
0 0.000942157 9 
0 0.000942574 9 
0 0.000947638 9 
0 0.000949023 9 
0 0.000975625 9 
0 0.00097661 9 
0 0.000982535 9 
0 0.00100945 9 
0 0.00100985 9 
0 0.00101028 9 
0 0.00104976 9 
0 0.00106437 9 
0 0.00107518 9 
0 0.00108256 9 
0 0.00114322 9 
0 0.00114993 9 
0 0.00117956 9 
0 0.00120184 9 
0 0.00120773 9 
0 0.0012152 9 
0 0.00128154 9 
0 0.00129598 9 
0 0.00132826 9 
0 0.00135703 9 
0 0.00165502 9 
0 0.00176103 9 
0 0.00183615 9 
0 inf 9 
