0 0.495698 0 
0 0.496771 0 
0 0.497301 0 
0 0.497486 0 
0 0.498282 0 
0 0.498363 0 
0 0.49863 0 
0 0.49927 0 
0 0.501091 0 
0 0.50118 0 
0 0.501654 0 
0 0.50214 0 
0 0.50235 0 
0 0.502687 0 
0 0.502738 0 
0 0.502824 0 
0 0.503065 0 
0 0.503181 0 
0 0.503324 0 
0 0.503456 0 
0 0.503486 0 
0 0.503614 0 
0 0.503669 0 
0 0.503915 0 
0 0.50407 0 
0 0.504184 0 
0 0.5043 0 
0 0.504393 0 
0 0.504421 0 
0 0.504559 0 
0 0.504829 0 
0 0.504861 0 
0 0.504885 0 
0 0.504935 0 
0 0.504981 0 
0 0.50513 0 
0 0.505192 0 
0 0.505305 0 
0 0.505319 0 
0 0.505326 0 
0 0.50537 0 
0 0.505408 0 
0 0.505503 0 
0 0.505674 0 
0 0.505721 0 
0 0.505815 0 
0 0.505919 0 
0 0.505927 0 
0 0.506041 0 
0 0.506098 0 
0 0.506154 0 
0 0.506204 0 
0 0.506351 0 
0 0.506364 0 
0 0.506529 0 
0 0.506714 0 
0 0.506772 0 
0 0.506802 0 
0 0.506902 0 
0 0.50691 0 
0 0.507 0 
0 0.507003 0 
0 0.507045 0 
0 0.507086 0 
0 0.507186 0 
0 0.507219 0 
0 0.507224 0 
0 0.507251 0 
0 0.507262 0 
0 0.507266 0 
0 0.507324 0 
0 0.507334 0 
0 0.507421 0 
0 0.507464 0 
0 0.507489 0 
0 0.507546 0 
0 0.507553 0 
0 0.507679 0 
0 0.507802 0 
0 0.507832 0 
0 0.507868 0 
0 0.507921 0 
0 0.507946 0 
0 0.507989 0 
0 0.508118 0 
0 0.508125 0 
0 0.508127 0 
0 0.50816 0 
0 0.508167 0 
0 0.508257 0 
0 0.508258 0 
0 0.508564 0 
0 0.508798 0 
0 0.508903 0 
0 0.509081 0 
0 0.509113 0 
0 0.509137 0 
0 0.509164 0 
0 0.509224 0 
0 0.509299 0 
0 0.509312 0 
0 0.509434 0 
0 0.50945 0 
0 0.509464 0 
0 0.509483 0 
0 0.509489 0 
0 0.509542 0 
0 0.509553 0 
0 0.50967 0 
0 0.509686 0 
0 0.50971 0 
0 0.509741 0 
0 0.509744 0 
0 0.509785 0 
0 0.510131 0 
0 0.510164 0 
0 0.510307 0 
0 0.510435 0 
0 0.510528 0 
0 0.510757 0 
0 0.510915 0 
0 0.511053 0 
0 0.511988 0 
0 0.512503 0 
0 0.512585 0 
0 0.512757 0 
0 0.513982 0 
0 inf 0 
0 0.190883 1 
0 0.191898 1 
0 0.194088 1 
0 0.194628 1 
0 0.195622 1 
0 0.195884 1 
0 0.19598 1 
0 0.196132 1 
0 0.196391 1 
0 0.196671 1 
0 0.196741 1 
0 0.196771 1 
0 0.196824 1 
0 0.196933 1 
0 0.197161 1 
0 0.197399 1 
0 0.197424 1 
0 0.197435 1 
0 0.197526 1 
0 0.197638 1 
0 0.197683 1 
0 0.1977 1 
0 0.197798 1 
0 0.197946 1 
0 0.197968 1 
0 0.19832 1 
0 0.198381 1 
0 0.19843 1 
0 0.198561 1 
0 0.198563 1 
0 0.198604 1 
0 0.198648 1 
0 0.198692 1 
0 0.198724 1 
0 0.198823 1 
0 0.198867 1 
0 0.198991 1 
0 0.199124 1 
0 0.19922 1 
0 0.199314 1 
0 0.19936 1 
0 0.199373 1 
0 0.199398 1 
0 0.199529 1 
0 0.199538 1 
0 0.199634 1 
0 0.199651 1 
0 0.199676 1 
0 0.199739 1 
0 0.199834 1 
0 0.199861 1 
0 0.199887 1 
0 0.199889 1 
0 0.199967 1 
0 0.199996 1 
0 0.200101 1 
0 0.200198 1 
0 0.200201 1 
0 0.200218 1 
0 0.200479 1 
0 0.200534 1 
0 0.200585 1 
0 0.20069 1 
0 0.200692 1 
0 0.200814 1 
0 0.200897 1 
0 0.200925 1 
0 0.200939 1 
0 0.200962 1 
0 0.200978 1 
0 0.200979 1 
0 0.201059 1 
0 0.201144 1 
0 0.201162 1 
0 0.201197 1 
0 0.20141 1 
0 0.201475 1 
0 0.201521 1 
0 0.201521 1 
0 0.201546 1 
0 0.201548 1 
0 0.201616 1 
0 0.2017 1 
0 0.201704 1 
0 0.201722 1 
0 0.201788 1 
0 0.201804 1 
0 0.201817 1 
0 0.201848 1 
0 0.20188 1 
0 0.202011 1 
0 0.202087 1 
0 0.202178 1 
0 0.202186 1 
0 0.202209 1 
0 0.202319 1 
0 0.202323 1 
0 0.202372 1 
0 0.202385 1 
0 0.2025 1 
0 0.20251 1 
0 0.202513 1 
0 0.202561 1 
0 0.202586 1 
0 0.202606 1 
0 0.20263 1 
0 0.202769 1 
0 0.202868 1 
0 0.202892 1 
0 0.20293 1 
0 0.203057 1 
0 0.203152 1 
0 0.203157 1 
0 0.203207 1 
0 0.203227 1 
0 0.203319 1 
0 0.203396 1 
0 0.203563 1 
0 0.203659 1 
0 0.203764 1 
0 0.203831 1 
0 0.203853 1 
0 0.203876 1 
0 0.203884 1 
0 0.203916 1 
0 0.204572 1 
0 0.204713 1 
0 inf 1 
0 0.0769631 2 
0 0.0787567 2 
0 0.0806263 2 
0 0.0806856 2 
0 0.0809184 2 
0 0.0813662 2 
0 0.0815038 2 
0 0.0816172 2 
0 0.0818235 2 
0 0.0818756 2 
0 0.0820021 2 
0 0.0820206 2 
0 0.0820495 2 
0 0.0820888 2 
0 0.0824363 2 
0 0.0825554 2 
0 0.0825959 2 
0 0.0827043 2 
0 0.0827828 2 
0 0.082983 2 
0 0.0830313 2 
0 0.0831801 2 
0 0.0834062 2 
0 0.083563 2 
0 0.0835844 2 
0 0.0836566 2 
0 0.0838035 2 
0 0.0838279 2 
0 0.0839871 2 
0 0.084021 2 
0 0.0840596 2 
0 0.0841203 2 
0 0.0841724 2 
0 0.0841728 2 
0 0.0842184 2 
0 0.0842378 2 
0 0.0842627 2 
0 0.0843496 2 
0 0.0843737 2 
0 0.0844385 2 
0 0.0845476 2 
0 0.0845667 2 
0 0.0846136 2 
0 0.08463 2 
0 0.0847586 2 
0 0.084815 2 
0 0.084856 2 
0 0.0848723 2 
0 0.0848878 2 
0 0.084937 2 
0 0.0849408 2 
0 0.0850034 2 
0 0.085013 2 
0 0.0850196 2 
0 0.0850349 2 
0 0.0850525 2 
0 0.0850994 2 
0 0.0851231 2 
0 0.0851619 2 
0 0.0852049 2 
0 0.0853281 2 
0 0.0854214 2 
0 0.08544 2 
0 0.0855699 2 
0 0.0855876 2 
0 0.0856496 2 
0 0.0856922 2 
0 0.0857155 2 
0 0.0859154 2 
0 0.0860043 2 
0 0.0860245 2 
0 0.0860871 2 
0 0.0861121 2 
0 0.086144 2 
0 0.0864557 2 
0 0.086466 2 
0 0.0865508 2 
0 0.0865677 2 
0 0.086646 2 
0 0.086686 2 
0 0.0867341 2 
0 0.0867503 2 
0 0.0868142 2 
0 0.0868161 2 
0 0.0868494 2 
0 0.0868628 2 
0 0.0869284 2 
0 0.086951 2 
0 0.0870379 2 
0 0.0871162 2 
0 0.087139 2 
0 0.0871456 2 
0 0.0871496 2 
0 0.0872118 2 
0 0.0872251 2 
0 0.0872393 2 
0 0.0872735 2 
0 0.087482 2 
0 0.0875256 2 
0 0.0875288 2 
0 0.0875979 2 
0 0.0876434 2 
0 0.0876805 2 
0 0.0876849 2 
0 0.0878853 2 
0 0.0879342 2 
0 0.0879566 2 
0 0.0879769 2 
0 0.0880209 2 
0 0.088066 2 
0 0.0880742 2 
0 0.0880933 2 
0 0.0881689 2 
0 0.0882107 2 
0 0.0882933 2 
0 0.0883245 2 
0 0.0884167 2 
0 0.0885066 2 
0 0.0886366 2 
0 0.0890824 2 
0 0.0891061 2 
0 0.0894293 2 
0 0.0895932 2 
0 0.0898293 2 
0 0.0902269 2 
0 0.0906077 2 
0 0.0909333 2 
0 inf 2 
0 0.0329087 3 
0 0.0345509 3 
0 0.0352804 3 
0 0.0353567 3 
0 0.0354569 3 
0 0.035576 3 
0 0.0360401 3 
0 0.036175 3 
0 0.036192 3 
0 0.0362869 3 
0 0.0363443 3 
0 0.0363869 3 
0 0.0364552 3 
0 0.0364992 3 
0 0.0365817 3 
0 0.0366351 3 
0 0.0366528 3 
0 0.0367154 3 
0 0.0367208 3 
0 0.03684 3 
0 0.0368837 3 
0 0.0369191 3 
0 0.0370322 3 
0 0.0370406 3 
0 0.0371603 3 
0 0.0371992 3 
0 0.0372148 3 
0 0.0372181 3 
0 0.0373428 3 
0 0.0374111 3 
0 0.0374949 3 
0 0.0375167 3 
0 0.0375538 3 
0 0.037571 3 
0 0.0376639 3 
0 0.0376707 3 
0 0.0377856 3 
0 0.0378003 3 
0 0.0378636 3 
0 0.0379023 3 
0 0.0379157 3 
0 0.037947 3 
0 0.0379945 3 
0 0.0380096 3 
0 0.0380734 3 
0 0.0380752 3 
0 0.0380865 3 
0 0.0381431 3 
0 0.0381485 3 
0 0.0381816 3 
0 0.0381865 3 
0 0.038191 3 
0 0.0382538 3 
0 0.0383392 3 
0 0.0383622 3 
0 0.0384538 3 
0 0.0384553 3 
0 0.0385199 3 
0 0.0385577 3 
0 0.0386659 3 
0 0.0387047 3 
0 0.0387252 3 
0 0.0388603 3 
0 0.0388628 3 
0 0.0389201 3 
0 0.0389334 3 
0 0.0390157 3 
0 0.0390722 3 
0 0.0390786 3 
0 0.0390794 3 
0 0.0391151 3 
0 0.0392088 3 
0 0.0392809 3 
0 0.0392899 3 
0 0.0392917 3 
0 0.0393216 3 
0 0.0393382 3 
0 0.0394078 3 
0 0.0394442 3 
0 0.0394561 3 
0 0.0396081 3 
0 0.0396277 3 
0 0.0396884 3 
0 0.0398537 3 
0 0.039883 3 
0 0.0399448 3 
0 0.0399591 3 
0 0.0399779 3 
0 0.0400351 3 
0 0.0400395 3 
0 0.0400619 3 
0 0.0400854 3 
0 0.0401304 3 
0 0.0401827 3 
0 0.040189 3 
0 0.0402041 3 
0 0.0402984 3 
0 0.0403317 3 
0 0.0403677 3 
0 0.0404065 3 
0 0.0404626 3 
0 0.0404715 3 
0 0.0405461 3 
0 0.040547 3 
0 0.0405926 3 
0 0.0406142 3 
0 0.0406152 3 
0 0.040676 3 
0 0.0406938 3 
0 0.0407591 3 
0 0.0408198 3 
0 0.0409495 3 
0 0.0410604 3 
0 0.0412011 3 
0 0.0412729 3 
0 0.0413313 3 
0 0.0416073 3 
0 0.0416152 3 
0 0.0417236 3 
0 0.0418184 3 
0 0.0419778 3 
0 0.0421053 3 
0 0.0421992 3 
0 0.0422733 3 
0 0.0422781 3 
0 0.0424832 3 
0 0.0435336 3 
0 inf 3 
0 0.0148466 4 
0 0.0160369 4 
0 0.016166 4 
0 0.0162852 4 
0 0.0163101 4 
0 0.0163315 4 
0 0.0166245 4 
0 0.0167769 4 
0 0.0168152 4 
0 0.0168193 4 
0 0.0168564 4 
0 0.0168647 4 
0 0.0168872 4 
0 0.0169151 4 
0 0.0169946 4 
0 0.0170093 4 
0 0.0170562 4 
0 0.0170618 4 
0 0.017084 4 
0 0.0171037 4 
0 0.0171096 4 
0 0.017181 4 
0 0.0172263 4 
0 0.0172519 4 
0 0.0172586 4 
0 0.0172905 4 
0 0.0173932 4 
0 0.017417 4 
0 0.01748 4 
0 0.0175126 4 
0 0.0175563 4 
0 0.0175707 4 
0 0.017575 4 
0 0.0175988 4 
0 0.0176287 4 
0 0.0176868 4 
0 0.0176882 4 
0 0.0176899 4 
0 0.0177418 4 
0 0.0178058 4 
0 0.0178538 4 
0 0.0178649 4 
0 0.0179038 4 
0 0.0179221 4 
0 0.0179496 4 
0 0.0179518 4 
0 0.0179593 4 
0 0.0180221 4 
0 0.0180477 4 
0 0.0180545 4 
0 0.0180567 4 
0 0.0180676 4 
0 0.0180969 4 
0 0.0181064 4 
0 0.0181218 4 
0 0.0181232 4 
0 0.0181688 4 
0 0.018183 4 
0 0.0182097 4 
0 0.0182129 4 
0 0.018287 4 
0 0.0183272 4 
0 0.018349 4 
0 0.0183809 4 
0 0.0184078 4 
0 0.0184231 4 
0 0.0184418 4 
0 0.018442 4 
0 0.018482 4 
0 0.0185558 4 
0 0.0186942 4 
0 0.0187193 4 
0 0.0188007 4 
0 0.0188175 4 
0 0.0188767 4 
0 0.0188781 4 
0 0.018879 4 
0 0.018952 4 
0 0.0189648 4 
0 0.0190314 4 
0 0.0190681 4 
0 0.0191089 4 
0 0.0191319 4 
0 0.019133 4 
0 0.0191352 4 
0 0.0191521 4 
0 0.0191655 4 
0 0.0191813 4 
0 0.0192245 4 
0 0.0192435 4 
0 0.0192516 4 
0 0.019252 4 
0 0.0193523 4 
0 0.0193913 4 
0 0.0193919 4 
0 0.0194313 4 
0 0.0194953 4 
0 0.0195253 4 
0 0.0195312 4 
0 0.0195461 4 
0 0.0195482 4 
0 0.019558 4 
0 0.0195627 4 
0 0.0195905 4 
0 0.019595 4 
0 0.0196301 4 
0 0.019649 4 
0 0.0197666 4 
0 0.0198105 4 
0 0.0198805 4 
0 0.019893 4 
0 0.0199345 4 
0 0.0199427 4 
0 0.0200751 4 
0 0.0200839 4 
0 0.0202221 4 
0 0.0202806 4 
0 0.0203606 4 
0 0.0204055 4 
0 0.0204811 4 
0 0.0204992 4 
0 0.0205854 4 
0 0.0208444 4 
0 0.0208449 4 
0 0.0211447 4 
0 0.0211503 4 
0 0.02175 4 
0 inf 4 
0 0.00702526 5 
0 0.00763619 5 
0 0.00774865 5 
0 0.00778897 5 
0 0.00784591 5 
0 0.00789477 5 
0 0.00790978 5 
0 0.00791177 5 
0 0.0080557 5 
0 0.00806795 5 
0 0.00808028 5 
0 0.00808329 5 
0 0.00812561 5 
0 0.00813531 5 
0 0.00815998 5 
0 0.00817725 5 
0 0.0082097 5 
0 0.00823218 5 
0 0.00824828 5 
0 0.00825956 5 
0 0.00830209 5 
0 0.00832952 5 
0 0.0083306 5 
0 0.00835727 5 
0 0.00836071 5 
0 0.00837555 5 
0 0.00838903 5 
0 0.00841467 5 
0 0.00843763 5 
0 0.00848335 5 
0 0.00849224 5 
0 0.00850165 5 
0 0.00853948 5 
0 0.00860971 5 
0 0.00862333 5 
0 0.00863916 5 
0 0.0086481 5 
0 0.00867999 5 
0 0.00870226 5 
0 0.00870331 5 
0 0.00871849 5 
0 0.00872463 5 
0 0.00876628 5 
0 0.00876654 5 
0 0.00880078 5 
0 0.00881085 5 
0 0.00881419 5 
0 0.00881709 5 
0 0.00881718 5 
0 0.00882207 5 
0 0.00883648 5 
0 0.00885005 5 
0 0.00885006 5 
0 0.00888154 5 
0 0.00889495 5 
0 0.00890641 5 
0 0.00890904 5 
0 0.00891702 5 
0 0.00892466 5 
0 0.0089294 5 
0 0.00896191 5 
0 0.00896324 5 
0 0.00898671 5 
0 0.00900949 5 
0 0.00901332 5 
0 0.00902621 5 
0 0.00906312 5 
0 0.0091469 5 
0 0.00918048 5 
0 0.00919417 5 
0 0.00927152 5 
0 0.00933738 5 
0 0.00934362 5 
0 0.00935763 5 
0 0.00936864 5 
0 0.00937556 5 
0 0.00937927 5 
0 0.00938024 5 
0 0.00939254 5 
0 0.0094393 5 
0 0.00946791 5 
0 0.00948548 5 
0 0.00949332 5 
0 0.00950424 5 
0 0.00951711 5 
0 0.00952567 5 
0 0.00953681 5 
0 0.0096009 5 
0 0.00961335 5 
0 0.00961859 5 
0 0.00962568 5 
0 0.0096313 5 
0 0.00968334 5 
0 0.00969685 5 
0 0.009699 5 
0 0.00971286 5 
0 0.00971833 5 
0 0.00974003 5 
0 0.00974288 5 
0 0.00977914 5 
0 0.00979907 5 
0 0.00980472 5 
0 0.00981217 5 
0 0.00981633 5 
0 0.00987061 5 
0 0.0098949 5 
0 0.0098994 5 
0 0.00990146 5 
0 0.00990255 5 
0 0.00994167 5 
0 0.0100459 5 
0 0.0100548 5 
0 0.0101015 5 
0 0.0101594 5 
0 0.0101843 5 
0 0.0102172 5 
0 0.0102232 5 
0 0.0102813 5 
0 0.0103001 5 
0 0.0103036 5 
0 0.0104342 5 
0 0.01044 5 
0 0.0106263 5 
0 0.0106583 5 
0 0.0107666 5 
0 0.0108766 5 
0 0.0111944 5 
0 inf 5 
0 0.00346618 6 
0 0.00369907 6 
0 0.00379629 6 
0 0.00381037 6 
0 0.00389563 6 
0 0.00390529 6 
0 0.0039114 6 
0 0.00392238 6 
0 0.00395902 6 
0 0.00396979 6 
0 0.00397386 6 
0 0.00399234 6 
0 0.004 6 
0 0.00402634 6 
0 0.00402974 6 
0 0.00404058 6 
0 0.0040455 6 
0 0.00408266 6 
0 0.00410163 6 
0 0.00412789 6 
0 0.00413189 6 
0 0.00415353 6 
0 0.00420847 6 
0 0.00421291 6 
0 0.0042138 6 
0 0.00421544 6 
0 0.00421672 6 
0 0.00421871 6 
0 0.0042342 6 
0 0.00423896 6 
0 0.00424957 6 
0 0.00425554 6 
0 0.00425597 6 
0 0.00427518 6 
0 0.00429903 6 
0 0.00431184 6 
0 0.0043286 6 
0 0.00433736 6 
0 0.00436192 6 
0 0.0043692 6 
0 0.0043726 6 
0 0.00437905 6 
0 0.00438078 6 
0 0.00440735 6 
0 0.00441032 6 
0 0.00442612 6 
0 0.00443398 6 
0 0.00443907 6 
0 0.00443991 6 
0 0.00445539 6 
0 0.00446538 6 
0 0.00447413 6 
0 0.00448088 6 
0 0.00449313 6 
0 0.00449383 6 
0 0.00449423 6 
0 0.00450703 6 
0 0.00450941 6 
0 0.00454512 6 
0 0.00454704 6 
0 0.00455693 6 
0 0.00455816 6 
0 0.00456113 6 
0 0.00456616 6 
0 0.00457106 6 
0 0.00461871 6 
0 0.00466306 6 
0 0.0046789 6 
0 0.00470104 6 
0 0.00470163 6 
0 0.00472714 6 
0 0.00472737 6 
0 0.00474704 6 
0 0.0047562 6 
0 0.00476629 6 
0 0.00476674 6 
0 0.00477662 6 
0 0.00477692 6 
0 0.00477853 6 
0 0.0047832 6 
0 0.00483371 6 
0 0.00484086 6 
0 0.00484146 6 
0 0.0048499 6 
0 0.00484996 6 
0 0.00485515 6 
0 0.00489136 6 
0 0.00490721 6 
0 0.00490774 6 
0 0.00491329 6 
0 0.0049491 6 
0 0.00495568 6 
0 0.00496171 6 
0 0.00496952 6 
0 0.00497518 6 
0 0.00498841 6 
0 0.0050118 6 
0 0.00501311 6 
0 0.0050173 6 
0 0.00502986 6 
0 0.00503794 6 
0 0.00505732 6 
0 0.00505989 6 
0 0.00507024 6 
0 0.0050803 6 
0 0.00508685 6 
0 0.00508992 6 
0 0.00510817 6 
0 0.0051157 6 
0 0.00517859 6 
0 0.00521399 6 
0 0.00523073 6 
0 0.00523535 6 
0 0.00524057 6 
0 0.00526788 6 
0 0.00530118 6 
0 0.00532813 6 
0 0.00538751 6 
0 0.00543733 6 
0 0.00545488 6 
0 0.0054584 6 
0 0.00553205 6 
0 0.00557186 6 
0 0.00559399 6 
0 0.00570827 6 
0 0.00577056 6 
0 0.00589896 6 
0 inf 6 
0 0.00177347 7 
0 0.00182755 7 
0 0.00186343 7 
0 0.00192667 7 
0 0.00192697 7 
0 0.00197419 7 
0 0.00197487 7 
0 0.00198108 7 
0 0.00199756 7 
0 0.00200098 7 
0 0.00201595 7 
0 0.00201745 7 
0 0.00203064 7 
0 0.00203422 7 
0 0.00205007 7 
0 0.00207311 7 
0 0.00208746 7 
0 0.00209481 7 
0 0.00211607 7 
0 0.00212356 7 
0 0.0021304 7 
0 0.00213535 7 
0 0.00213556 7 
0 0.00214639 7 
0 0.00214903 7 
0 0.00215193 7 
0 0.00216694 7 
0 0.00216884 7 
0 0.00217163 7 
0 0.00217967 7 
0 0.00218311 7 
0 0.0021854 7 
0 0.00218553 7 
0 0.00218587 7 
0 0.00219581 7 
0 0.00219594 7 
0 0.0022019 7 
0 0.00220367 7 
0 0.00222258 7 
0 0.00223581 7 
0 0.00223786 7 
0 0.00224216 7 
0 0.00224821 7 
0 0.00225047 7 
0 0.00225192 7 
0 0.00226381 7 
0 0.00228872 7 
0 0.00229034 7 
0 0.00229036 7 
0 0.00229371 7 
0 0.00229548 7 
0 0.00229964 7 
0 0.00230317 7 
0 0.00231127 7 
0 0.00232058 7 
0 0.00232137 7 
0 0.0023293 7 
0 0.0023346 7 
0 0.00234398 7 
0 0.00236499 7 
0 0.00236509 7 
0 0.00237639 7 
0 0.00239644 7 
0 0.00239675 7 
0 0.00240097 7 
0 0.00241354 7 
0 0.00242247 7 
0 0.00242808 7 
0 0.00242983 7 
0 0.00244161 7 
0 0.0024434 7 
0 0.00244457 7 
0 0.00244472 7 
0 0.0024493 7 
0 0.00247305 7 
0 0.0024758 7 
0 0.00248115 7 
0 0.00248157 7 
0 0.00248244 7 
0 0.00248832 7 
0 0.00249826 7 
0 0.00249916 7 
0 0.00250736 7 
0 0.00252398 7 
0 0.00253639 7 
0 0.00254264 7 
0 0.00254283 7 
0 0.00256184 7 
0 0.00256981 7 
0 0.00256984 7 
0 0.00257599 7 
0 0.00258022 7 
0 0.00259259 7 
0 0.00259332 7 
0 0.00260524 7 
0 0.00262329 7 
0 0.00264239 7 
0 0.00265263 7 
0 0.00265777 7 
0 0.00265797 7 
0 0.00265856 7 
0 0.00266778 7 
0 0.0026702 7 
0 0.00267241 7 
0 0.002698 7 
0 0.00270482 7 
0 0.00270709 7 
0 0.00271592 7 
0 0.00273946 7 
0 0.00274128 7 
0 0.00274444 7 
0 0.00276361 7 
0 0.00276811 7 
0 0.00276867 7 
0 0.00280952 7 
0 0.00282822 7 
0 0.00283718 7 
0 0.00285244 7 
0 0.00289766 7 
0 0.00295693 7 
0 0.0029608 7 
0 0.00297413 7 
0 0.00298574 7 
0 0.00302466 7 
0 0.00314688 7 
0 0.00317334 7 
0 0.00322476 7 
0 inf 7 
0 0.0009171 8 
0 0.000932039 8 
0 0.000936369 8 
0 0.000973173 8 
0 0.000997858 8 
0 0.00100071 8 
0 0.00100084 8 
0 0.00100087 8 
0 0.00102513 8 
0 0.00103087 8 
0 0.00104116 8 
0 0.00104652 8 
0 0.0010563 8 
0 0.00106038 8 
0 0.00107442 8 
0 0.00108127 8 
0 0.00108135 8 
0 0.00110352 8 
0 0.00110385 8 
0 0.00110624 8 
0 0.00111971 8 
0 0.00112014 8 
0 0.00112093 8 
0 0.0011244 8 
0 0.00112605 8 
0 0.00112688 8 
0 0.00112711 8 
0 0.00112765 8 
0 0.00112951 8 
0 0.00113017 8 
0 0.00113026 8 
0 0.00113162 8 
0 0.00113333 8 
0 0.00114278 8 
0 0.00114504 8 
0 0.00114907 8 
0 0.00115452 8 
0 0.00115566 8 
0 0.00115616 8 
0 0.00115908 8 
0 0.00116058 8 
0 0.00116844 8 
0 0.00117044 8 
0 0.00117139 8 
0 0.00117167 8 
0 0.00117779 8 
0 0.00117822 8 
0 0.00119194 8 
0 0.00119709 8 
0 0.00120544 8 
0 0.00120666 8 
0 0.00120683 8 
0 0.00120789 8 
0 0.00121287 8 
0 0.0012151 8 
0 0.00121549 8 
0 0.00122103 8 
0 0.0012221 8 
0 0.00123107 8 
0 0.00123171 8 
0 0.00123544 8 
0 0.00124295 8 
0 0.00125976 8 
0 0.00126253 8 
0 0.00126378 8 
0 0.00126608 8 
0 0.00126754 8 
0 0.00128243 8 
0 0.00128297 8 
0 0.0012846 8 
0 0.00129103 8 
0 0.00129459 8 
0 0.00129861 8 
0 0.00130657 8 
0 0.00130731 8 
0 0.00130836 8 
0 0.0013133 8 
0 0.00131693 8 
0 0.00131743 8 
0 0.00132191 8 
0 0.00132891 8 
0 0.00133117 8 
0 0.00133134 8 
0 0.00133665 8 
0 0.00134445 8 
0 0.00134721 8 
0 0.00134938 8 
0 0.00135022 8 
0 0.00135057 8 
0 0.00136367 8 
0 0.00136521 8 
0 0.00136668 8 
0 0.00136789 8 
0 0.00137908 8 
0 0.00139852 8 
0 0.00139865 8 
0 0.00140446 8 
0 0.00141123 8 
0 0.00142617 8 
0 0.00143548 8 
0 0.00144199 8 
0 0.00144608 8 
0 0.00144881 8 
0 0.0014546 8 
0 0.0014548 8 
0 0.00147379 8 
0 0.00147754 8 
0 0.00147787 8 
0 0.00147934 8 
0 0.00148578 8 
0 0.00149931 8 
0 0.00149996 8 
0 0.00150103 8 
0 0.00151596 8 
0 0.00151635 8 
0 0.00151636 8 
0 0.00153605 8 
0 0.0015403 8 
0 0.0015514 8 
0 0.00155632 8 
0 0.00159528 8 
0 0.00161578 8 
0 0.00165947 8 
0 0.0016741 8 
0 0.00172224 8 
0 0.00173992 8 
0 0.00181901 8 
0 inf 8 
0 0.000466012 9 
0 0.000474732 9 
0 0.000501699 9 
0 0.000507942 9 
0 0.000514108 9 
0 0.00051441 9 
0 0.000517388 9 
0 0.000527168 9 
0 0.000529522 9 
0 0.000531218 9 
0 0.000542132 9 
0 0.000543072 9 
0 0.000552172 9 
0 0.000553894 9 
0 0.000574529 9 
0 0.000575615 9 
0 0.000576823 9 
0 0.000578285 9 
0 0.000583816 9 
0 0.000585745 9 
0 0.00058718 9 
0 0.000588769 9 
0 0.000589498 9 
0 0.000589779 9 
0 0.000590939 9 
0 0.000591698 9 
0 0.00059219 9 
0 0.000592446 9 
0 0.000600152 9 
0 0.000601374 9 
0 0.000601454 9 
0 0.000602051 9 
0 0.000603683 9 
0 0.000608525 9 
0 0.000609056 9 
0 0.000609494 9 
0 0.00061101 9 
0 0.000612283 9 
0 0.000612755 9 
0 0.000614456 9 
0 0.000619998 9 
0 0.000620462 9 
0 0.000622012 9 
0 0.000625314 9 
0 0.000625944 9 
0 0.000629415 9 
0 0.000629606 9 
0 0.000629916 9 
0 0.000630139 9 
0 0.00063332 9 
0 0.000637842 9 
0 0.000644693 9 
0 0.000646146 9 
0 0.000647343 9 
0 0.000648667 9 
0 0.000651363 9 
0 0.000652374 9 
0 0.000652959 9 
0 0.000653718 9 
0 0.000655747 9 
0 0.000656582 9 
0 0.00065988 9 
0 0.000662343 9 
0 0.000663224 9 
0 0.000663387 9 
0 0.000666926 9 
0 0.000668526 9 
0 0.000672508 9 
0 0.000675984 9 
0 0.000679758 9 
0 0.000689763 9 
0 0.000690005 9 
0 0.000694108 9 
0 0.00069548 9 
0 0.000697884 9 
0 0.00069921 9 
0 0.000702719 9 
0 0.00070325 9 
0 0.00070405 9 
0 0.000704064 9 
0 0.000705998 9 
0 0.000709981 9 
0 0.000712204 9 
0 0.000722697 9 
0 0.000728918 9 
0 0.000729997 9 
0 0.000730344 9 
0 0.000732571 9 
0 0.000740157 9 
0 0.000741195 9 
0 0.000742408 9 
0 0.000743067 9 
0 0.000743667 9 
0 0.000748986 9 
0 0.000750846 9 
0 0.000750995 9 
0 0.000762842 9 
0 0.000773245 9 
0 0.000776638 9 
0 0.000778771 9 
0 0.000779294 9 
0 0.000782771 9 
0 0.000786337 9 
0 0.000796894 9 
0 0.00079901 9 
0 0.000806294 9 
0 0.000808743 9 
0 0.000814005 9 
0 0.000818135 9 
0 0.000823243 9 
0 0.000828788 9 
0 0.000830583 9 
0 0.000831403 9 
0 0.000835276 9 
0 0.000836723 9 
0 0.000839343 9 
0 0.000849147 9 
0 0.000851168 9 
0 0.00085186 9 
0 0.000855356 9 
0 0.000874542 9 
0 0.000891292 9 
0 0.000900304 9 
0 0.000938946 9 
0 0.000957921 9 
0 0.000971133 9 
0 0.0009825 9 
0 inf 9 
