0.523275 0.540617 0 
0.522006 0.541525 0 
0.521604 0.541412 0 
0.52136 0.537277 0 
0.521195 0.541372 0 
0.521168 0.536131 0 
0.521153 0.536131 0 
0.521068 0.540731 0 
0.520995 0.541243 0 
0.520893 0.538707 0 
0.520866 0.53889 0 
0.520448 0.54044 0 
0.520096 0.540149 0 
0.520082 0.541117 0 
0.520038 0.539036 0 
0.519854 0.536842 0 
0.519738 0.541514 0 
0.519694 0.542151 0 
0.519638 0.540031 0 
0.519632 0.541682 0 
0.519483 0.519532 0 
0.519323 0.538625 0 
0.519214 0.539179 0 
0.519202 0.543168 0 
0.519141 0.54047 0 
0.519013 0.51987 0 
0.51898 0.5403 0 
0.518931 0.541122 0 
0.518918 0.541801 0 
0.518916 0.536842 0 
0.518916 0.519006 0 
0.51891 0.519619 0 
0.518869 0.540838 0 
0.518754 0.51987 0 
0.518672 0.53803 0 
0.518647 0.52153 0 
0.51864 0.540949 0 
0.518571 0.520223 0 
0.518486 0.540648 0 
0.518383 0.541693 0 
0.518362 0.542802 0 
0.518314 0.540539 0 
0.518258 0.542996 0 
0.518218 0.53876 0 
0.518198 0.545634 0 
0.518137 0.53893 0 
0.518061 0.519058 0 
0.518041 0.540068 0 
0.518035 0.54044 0 
0.517989 0.540523 0 
0.517972 0.540534 0 
0.517843 0.539745 0 
0.517842 0.53803 0 
0.517816 0.542575 0 
0.517812 0.518893 0 
0.517777 0.540414 0 
0.517761 0.520543 0 
0.517758 0.544229 0 
0.51768 0.518086 0 
0.517641 0.521656 0 
0.51758 0.519472 0 
0.517492 0.517505 0 
0.51746 0.520729 0 
0.517434 0.518262 0 
0.517358 0.520475 0 
0.517289 0.53979 0 
0.517281 0.543323 0 
0.517236 0.540617 0 
0.517223 0.54047 0 
0.517182 0.541961 0 
0.517037 0.540623 0 
0.517007 0.517656 0 
0.517001 0.541796 0 
0.516955 0.519572 0 
0.516885 0.519011 0 
0.516833 0.537277 0 
0.51682 0.517593 0 
0.516818 0.516831 0 
0.516785 0.517247 0 
0.516784 0.544868 0 
0.516782 0.540811 0 
0.516741 0.51877 0 
0.516685 0.543341 0 
0.51668 0.54159 0 
0.516653 0.517029 0 
0.516595 0.520223 0 
0.516592 0.540949 0 
0.51659 0.540534 0 
0.516568 0.539036 0 
0.516562 0.51698 0 
0.51651 0.538751 0 
0.516506 0.516815 0 
0.516503 0.545089 0 
0.51649 0.516667 0 
0.516446 0.516929 0 
0.516438 0.542757 0 
0.516395 0.542227 0 
0.516366 0.516565 0 
0.516362 0.517372 0 
0.516346 0.542144 0 
0.51631 0.517311 0 
0.51628 0.543247 0 
0.516235 0.51862 0 
0.516174 0.519496 0 
0.516138 0.518048 0 
0.516132 0.516246 0 
0.516126 0.517401 0 
0.51611 0.519256 0 
0.516083 0.516355 0 
0.516061 0.516567 0 
0.516043 0.544455 0 
0.516038 0.516295 0 
0.516007 0.516196 0 
0.516004 0.516898 0 
0.516004 0.51609 0 
0.516001 0.516385 0 
0.515977 0.519561 0 
0.515948 0.518464 0 
0.515935 0.539676 0 
0.515926 0.516348 0 
0.515838 0.54076 0 
0.515826 0.542438 0 
0.515809 0.516454 0 
0.515781 0.536842 0 
0.515746 0.539266 0 
0.51573 0.541045 0 
0.515713 0.537393 0 
0.515697 0.518622 0 
0.515685 0.542757 0 
0.515681 0.518363 0 
0.515672 0.540297 0 
0.515644 0.516887 0 
0.515624 0.518187 0 
0.515607 0.516561 0 
0.515602 0.517491 0 
0.515596 0.518427 0 
0.515561 0.54076 0 
0.51555 0.518132 0 
0.515541 0.51576 0 
0.515526 0.517247 0 
0.515517 0.515939 0 
0.515512 0.517158 0 
0.515512 0.518363 0 
0.515445 0.515857 0 
0.515437 0.537393 0 
0.515416 0.519266 0 
0.515407 0.539036 0 
0.515383 0.518074 0 
0.515336 0.542838 0 
0.515298 0.543274 0 
0.515271 0.518996 0 
0.515269 0.538511 0 
0.515238 0.519323 0 
0.515238 0.540618 0 
0.515212 0.518901 0 
0.515209 0.516953 0 
0.515199 0.519284 0 
0.515185 0.520306 0 
0.515182 0.516348 0 
0.51511 0.517058 0 
0.515095 0.517483 0 
0.515091 0.515754 0 
0.515081 0.536789 0 
0.515073 0.517111 0 
0.515071 0.521061 0 
0.515066 0.517119 0 
0.515061 0.540648 0 
0.515031 0.542991 0 
0.515021 0.516379 0 
0.514986 0.516074 0 
0.514971 0.515798 0 
0.514939 0.54159 0 
0.514937 0.515612 0 
0.514898 0.539645 0 
0.514864 0.538625 0 
0.514839 0.514993 0 
0.514825 0.537811 0 
0.514778 0.518777 0 
0.514716 0.515857 0 
0.514684 0.539348 0 
0.514637 0.514785 0 
0.514627 0.539179 0 
0.514616 0.538979 0 
0.514577 0.518325 0 
0.514568 0.518208 0 
0.514539 0.519256 0 
0.514538 0.540966 0 
0.51449 0.517083 0 
0.514479 0.517119 0 
0.514456 0.539007 0 
0.514399 0.515335 0 
0.514385 0.516158 0 
0.514326 0.54262 0 
0.514304 0.538625 0 
0.514298 0.517924 0 
0.514267 0.541682 0 
0.514263 0.53893 0 
0.514219 0.515603 0 
0.514208 0.519293 0 
0.514197 0.519154 0 
0.514186 0.514202 0 
0.51415 0.53889 0 
0.514097 0.519274 0 
0.514096 0.541823 0 
0.514085 0.519293 0 
0.514076 0.539031 0 
0.514063 0.516655 0 
0.514041 0.519489 0 
0.513952 0.519059 0 
0.513906 0.518439 0 
0.513895 0.515855 0 
0.513889 0.519439 0 
0.513881 0.51417 0 
0.513853 0.514614 0 
0.513853 0.518208 0 
0.51385 0.544025 0 
0.513844 0.519358 0 
0.513799 0.514812 0 
0.51379 0.53876 0 
0.513778 0.542013 0 
0.513761 0.517781 0 
0.513752 0.520404 0 
0.513749 0.517782 0 
0.513678 0.518586 0 
0.513676 0.519746 0 
0.51367 0.540618 0 
0.513667 0.516282 0 
0.513639 0.518365 0 
0.513606 0.542013 0 
0.513586 0.543371 0 
0.51358 0.515032 0 
0.513557 0.515157 0 
0.513553 0.521984 0 
0.513543 0.514098 0 
0.513503 0.541141 0 
0.513481 0.514245 0 
0.513469 0.52185 0 
0.513458 0.515529 0 
0.513451 0.521498 0 
0.513438 0.520306 0 
0.513429 0.519991 0 
0.513365 0.520324 0 
0.513365 0.519846 0 
0.513319 0.539179 0 
0.513316 0.519059 0 
0.513214 0.540658 0 
0.513205 0.542377 0 
0.513168 0.519193 0 
0.513163 0.515517 0 
0.513162 0.541823 0 
0.513144 0.540788 0 
0.513124 0.537751 0 
0.513089 0.515939 0 
0.513074 0.520005 0 
0.513048 0.519481 0 
0.513025 0.517805 0 
0.512926 0.515529 0 
0.512887 0.540105 0 
0.512855 0.517789 0 
0.512846 0.540414 0 
0.512844 0.52185 0 
0.512823 0.539676 0 
0.512794 0.517707 0 
0.512792 0.515158 0 
0.512781 0.53803 0 
0.512733 0.54047 0 
0.512706 0.519286 0 
0.512695 0.540928 0 
0.512682 0.516269 0 
0.512662 0.517012 0 
0.512643 0.52094 0 
0.512637 0.536131 0 
0.51261 0.544665 0 
0.512594 0.536842 0 
0.51256 0.540906 0 
0.512518 0.542895 0 
0.512473 0.517707 0 
0.512468 0.543612 0 
0.512453 0.518681 0 
0.512382 0.513256 0 
0.512355 0.51987 0 
0.512313 0.542083 0 
0.512223 0.540635 0 
0.512213 0.521061 0 
0.512206 0.539179 0 
0.512125 0.515515 0 
0.512097 0.517665 0 
0.512074 0.514399 0 
0.512055 0.540618 0 
0.511976 0.520043 0 
0.511975 0.520324 0 
0.511901 0.516412 0 
0.511837 0.513071 0 
0.511825 0.541 0 
0.511786 0.5203 0 
0.511651 0.520825 0 
0.511619 0.512249 0 
0.511549 0.53889 0 
0.511529 0.537393 0 
0.511498 0.540105 0 
0.511433 0.517956 0 
0.511388 0.511549 0 
0.51138 0.514657 0 
0.511375 0.512254 0 
0.511353 0.514681 0 
0.511323 0.519991 0 
0.511307 0.520383 0 
0.511285 0.513696 0 
0.511265 0.515516 0 
0.511168 0.518172 0 
0.511166 0.512217 0 
0.511144 0.540373 0 
0.511124 0.539676 0 
0.511112 0.520043 0 
0.511062 0.511616 0 
0.511013 0.515436 0 
0.511002 0.513116 0 
0.510998 0.538625 0 
0.51099 0.540769 0 
0.510888 0.536789 0 
0.510833 0.520729 0 
0.510769 0.539877 0 
0.510735 0.543349 0 
0.510722 0.540618 0 
0.510672 0.510703 0 
0.510534 0.543167 0 
0.510437 0.518924 0 
0.510389 0.537811 0 
0.510343 0.538511 0 
0.510322 0.515515 0 
0.510313 0.520796 0 
0.510251 0.540928 0 
0.510237 0.545159 0 
0.510237 0.522022 0 
0.510152 0.539877 0 
0.510145 0.542234 0 
0.510127 0.546302 0 
0.510126 0.544634 0 
0.509961 0.540788 0 
0.509878 0.545709 0 
0.509701 0.510955 0 
0.509423 0.538511 0 
0.509164 0.542736 0 
0.509115 0.510072 0 
0.509054 0.546553 0 
0.508521 0.538511 0 
0.22013 0.228777 1 
0.219952 0.225076 1 
0.219053 0.226749 1 
0.218087 0.227043 1 
0.218033 0.222116 1 
0.217749 0.221732 1 
0.21723 0.222129 1 
0.216644 0.224332 1 
0.216629 0.225685 1 
0.216474 0.223197 1 
0.216368 0.227328 1 
0.215698 0.22611 1 
0.215656 0.220007 1 
0.215617 0.22331 1 
0.21537 0.222791 1 
0.215326 0.223251 1 
0.215198 0.22611 1 
0.214615 0.227988 1 
0.214557 0.215755 1 
0.21455 0.224806 1 
0.214546 0.224124 1 
0.214425 0.223528 1 
0.214142 0.226912 1 
0.214067 0.221503 1 
0.213874 0.224931 1 
0.213813 0.224138 1 
0.213706 0.214374 1 
0.213532 0.221224 1 
0.213391 0.226172 1 
0.213358 0.226555 1 
0.213319 0.223873 1 
0.213319 0.228616 1 
0.213293 0.218979 1 
0.213236 0.221403 1 
0.213213 0.227546 1 
0.213092 0.222129 1 
0.212933 0.225364 1 
0.212831 0.223197 1 
0.212809 0.220493 1 
0.212741 0.221649 1 
0.21272 0.228604 1 
0.212718 0.232551 1 
0.212715 0.223977 1 
0.212707 0.221718 1 
0.212537 0.221027 1 
0.212407 0.221235 1 
0.2124 0.221732 1 
0.212305 0.222946 1 
0.212223 0.224139 1 
0.212177 0.215755 1 
0.212174 0.221196 1 
0.212108 0.222965 1 
0.212001 0.226706 1 
0.211928 0.226172 1 
0.211869 0.219388 1 
0.211822 0.219338 1 
0.211814 0.216465 1 
0.21172 0.222965 1 
0.211631 0.213305 1 
0.211563 0.219759 1 
0.211494 0.223251 1 
0.211487 0.222107 1 
0.211474 0.225509 1 
0.211381 0.216894 1 
0.211367 0.211562 1 
0.211352 0.221332 1 
0.211334 0.230248 1 
0.211266 0.223977 1 
0.211252 0.220249 1 
0.211191 0.222087 1 
0.211184 0.225364 1 
0.211153 0.217812 1 
0.211054 0.224094 1 
0.210964 0.223668 1 
0.210937 0.221958 1 
0.210922 0.211231 1 
0.2109 0.230729 1 
0.21089 0.214211 1 
0.21084 0.226198 1 
0.210829 0.211389 1 
0.210812 0.222814 1 
0.210782 0.218979 1 
0.210781 0.221384 1 
0.210707 0.221027 1 
0.210585 0.222236 1 
0.21053 0.228565 1 
0.210439 0.222985 1 
0.210361 0.221649 1 
0.210357 0.222116 1 
0.210296 0.224785 1 
0.210234 0.211277 1 
0.210186 0.210291 1 
0.210166 0.225414 1 
0.210164 0.219701 1 
0.210124 0.221744 1 
0.210107 0.212144 1 
0.210002 0.222175 1 
0.209962 0.221649 1 
0.209939 0.210727 1 
0.209841 0.222985 1 
0.20984 0.217812 1 
0.209738 0.210502 1 
0.209715 0.210636 1 
0.209642 0.224757 1 
0.209615 0.212011 1 
0.209602 0.216465 1 
0.209597 0.21465 1 
0.209584 0.222866 1 
0.209514 0.227266 1 
0.209508 0.209524 1 
0.209461 0.20968 1 
0.20944 0.216894 1 
0.209428 0.209667 1 
0.209409 0.224847 1 
0.209317 0.224231 1 
0.209312 0.221551 1 
0.209272 0.20969 1 
0.209215 0.220493 1 
0.209057 0.220215 1 
0.209015 0.218336 1 
0.208921 0.210137 1 
0.208794 0.219991 1 
0.208751 0.222518 1 
0.20867 0.210129 1 
0.208661 0.209969 1 
0.20855 0.210261 1 
0.208539 0.209464 1 
0.208515 0.228954 1 
0.208471 0.218979 1 
0.208413 0.224989 1 
0.208358 0.208827 1 
0.208262 0.211748 1 
0.208209 0.223392 1 
0.208172 0.227185 1 
0.20817 0.208677 1 
0.208107 0.208109 1 
0.208079 0.211562 1 
0.207903 0.216125 1 
0.207874 0.208687 1 
0.207813 0.219388 1 
0.20781 0.208019 1 
0.207792 0.208817 1 
0.207747 0.209439 1 
0.207727 0.219066 1 
0.207725 0.207819 1 
0.207724 0.209088 1 
0.207661 0.208687 1 
0.207614 0.219759 1 
0.207606 0.208625 1 
0.207562 0.220051 1 
0.207496 0.208193 1 
0.207455 0.221004 1 
0.207448 0.217204 1 
0.207424 0.210518 1 
0.207341 0.20968 1 
0.207334 0.208097 1 
0.207319 0.209775 1 
0.207304 0.208262 1 
0.207294 0.207848 1 
0.207278 0.210049 1 
0.207257 0.221027 1 
0.207208 0.208032 1 
0.207204 0.219338 1 
0.207196 0.217204 1 
0.207096 0.221153 1 
0.207089 0.223668 1 
0.207088 0.220249 1 
0.207088 0.208736 1 
0.207029 0.210491 1 
0.207013 0.219066 1 
0.206962 0.20813 1 
0.206906 0.207694 1 
0.206854 0.209261 1 
0.20685 0.220729 1 
0.206825 0.219759 1 
0.206759 0.209772 1 
0.206733 0.223392 1 
0.206729 0.222621 1 
0.20671 0.207171 1 
0.206565 0.209834 1 
0.206529 0.209041 1 
0.206459 0.208365 1 
0.206451 0.213685 1 
0.206413 0.215755 1 
0.206399 0.207127 1 
0.206395 0.207651 1 
0.206258 0.216894 1 
0.206254 0.207763 1 
0.206248 0.20752 1 
0.20624 0.220921 1 
0.206212 0.206672 1 
0.206157 0.225708 1 
0.206155 0.208882 1 
0.206151 0.20822 1 
0.206097 0.221004 1 
0.206065 0.207337 1 
0.206046 0.21082 1 
0.205986 0.207085 1 
0.205979 0.207873 1 
0.20596 0.206223 1 
0.205907 0.207191 1 
0.205875 0.206223 1 
0.205862 0.223074 1 
0.205831 0.222202 1 
0.205826 0.216894 1 
0.205819 0.207158 1 
0.20579 0.20899 1 
0.205752 0.206686 1 
0.205663 0.206422 1 
0.205645 0.207873 1 
0.205632 0.222327 1 
0.20561 0.208488 1 
0.205562 0.209159 1 
0.205553 0.207966 1 
0.205537 0.219388 1 
0.205528 0.208561 1 
0.205501 0.210621 1 
0.205481 0.210291 1 
0.205447 0.222518 1 
0.205429 0.220936 1 
0.205423 0.219717 1 
0.205403 0.221384 1 
0.205356 0.211702 1 
0.205328 0.211974 1 
0.20522 0.222961 1 
0.205202 0.222582 1 
0.205157 0.206643 1 
0.20513 0.208569 1 
0.205103 0.220921 1 
0.204977 0.209775 1 
0.204975 0.219388 1 
0.204859 0.222205 1 
0.204856 0.218039 1 
0.204814 0.222165 1 
0.204731 0.207788 1 
0.20466 0.209915 1 
0.204567 0.221235 1 
0.204519 0.210208 1 
0.204463 0.206084 1 
0.20443 0.20809 1 
0.20442 0.220051 1 
0.204404 0.2065 1 
0.204404 0.211114 1 
0.204402 0.210154 1 
0.204402 0.20826 1 
0.204383 0.209596 1 
0.204373 0.206719 1 
0.204365 0.205494 1 
0.204359 0.223637 1 
0.204339 0.209018 1 
0.204338 0.209693 1 
0.204327 0.212255 1 
0.204303 0.210313 1 
0.204268 0.20826 1 
0.20421 0.209306 1 
0.204117 0.205383 1 
0.2041 0.204679 1 
0.204097 0.208384 1 
0.204095 0.222205 1 
0.204033 0.210214 1 
0.203952 0.210313 1 
0.203903 0.210229 1 
0.203861 0.217204 1 
0.203827 0.218336 1 
0.203791 0.209947 1 
0.203705 0.205714 1 
0.203703 0.208105 1 
0.203678 0.210665 1 
0.203655 0.222518 1 
0.203653 0.205383 1 
0.203649 0.206388 1 
0.203624 0.207494 1 
0.203549 0.207124 1 
0.203437 0.220249 1 
0.203426 0.20628 1 
0.203406 0.220155 1 
0.203375 0.206728 1 
0.20318 0.217812 1 
0.203125 0.222518 1 
0.203061 0.203069 1 
0.203042 0.210636 1 
0.202986 0.219759 1 
0.20298 0.216125 1 
0.202913 0.207373 1 
0.202811 0.209771 1 
0.202603 0.212111 1 
0.202503 0.210464 1 
0.202447 0.209127 1 
0.202323 0.207639 1 
0.202116 0.208193 1 
0.202021 0.211853 1 
0.201608 0.201917 1 
0.201596 0.202753 1 
0.201437 0.20553 1 
0.200702 0.20144 1 
0.200596 0.214027 1 
0.200236 0.201851 1 
0.0998014 0.100793 2 
0.0996372 0.100254 2 
0.0994061 0.105795 2 
0.0991814 0.103099 2 
0.0989237 0.100793 2 
0.0982388 0.101753 2 
0.0981039 0.0981347 2 
0.098032 0.101172 2 
0.0980166 0.10245 2 
0.0978608 0.0999503 2 
0.0977604 0.0986514 2 
0.0976563 0.104847 2 
0.0972563 0.101468 2 
0.0972314 0.0993862 2 
0.0971323 0.101333 2 
0.096745 0.09807 2 
0.0965687 0.0997516 2 
0.0963871 0.100828 2 
0.0962684 0.0969393 2 
0.0962379 0.0999503 2 
0.0961861 0.102616 2 
0.0959844 0.102979 2 
0.0959257 0.103973 2 
0.0958832 0.098865 2 
0.0958394 0.0984163 2 
0.0958182 0.0963472 2 
0.0958117 0.100324 2 
0.0957543 0.0960214 2 
0.0957388 0.0974474 2 
0.0956901 0.0968178 2 
0.0955727 0.0967083 2 
0.0955526 0.0959491 2 
0.0955188 0.102326 2 
0.0954824 0.0962962 2 
0.0954315 0.0969552 2 
0.0954171 0.0978086 2 
0.0953937 0.0995619 2 
0.0953889 0.0987945 2 
0.0953289 0.0984163 2 
0.0952296 0.100031 2 
0.0952269 0.0954897 2 
0.0951976 0.0962548 2 
0.0951727 0.0958044 2 
0.0950144 0.0953111 2 
0.0949077 0.0956475 2 
0.0948907 0.0988354 2 
0.0948554 0.0975472 2 
0.0948098 0.0997516 2 
0.0947271 0.094869 2 
0.0946006 0.0981085 2 
0.0945767 0.0981085 2 
0.0944619 0.0952926 2 
0.0943825 0.0984378 2 
0.0943687 0.0971353 2 
0.0941946 0.096191 2 
0.0941032 0.0965092 2 
0.0940004 0.0963472 2 
0.0939846 0.0950401 2 
0.0939806 0.0963472 2 
0.0939632 0.0966459 2 
0.0939 0.0972176 2 
0.0938883 0.0984502 2 
0.0938288 0.094276 2 
0.0938029 0.0980118 2 
0.0937812 0.0989613 2 
0.0937597 0.0949775 2 
0.0937336 0.0949747 2 
0.0936721 0.0964332 2 
0.0936513 0.0984378 2 
0.0936262 0.0993641 2 
0.0935369 0.0979464 2 
0.0934931 0.0999929 2 
0.0934411 0.0987945 2 
0.0934302 0.102326 2 
0.0933903 0.0942861 2 
0.0932423 0.100468 2 
0.0932329 0.0954952 2 
0.0931837 0.0932431 2 
0.093131 0.0964536 2 
0.0931306 0.0931383 2 
0.0930571 0.0954897 2 
0.0930023 0.10128 2 
0.0929433 0.0938548 2 
0.0928185 0.0972372 2 
0.0927895 0.0938768 2 
0.0927845 0.096851 2 
0.0927036 0.0936278 2 
0.0926524 0.0936663 2 
0.0926486 0.0976106 2 
0.0925891 0.0927151 2 
0.0925788 0.0946401 2 
0.092524 0.0992129 2 
0.0925117 0.0953834 2 
0.0925109 0.0928594 2 
0.0924647 0.0978414 2 
0.0924216 0.092512 2 
0.0923386 0.0959839 2 
0.0923386 0.092719 2 
0.0923233 0.0931844 2 
0.0923193 0.0945862 2 
0.0923187 0.0963472 2 
0.0922732 0.094276 2 
0.0921461 0.0932049 2 
0.0920477 0.093778 2 
0.0920455 0.0922977 2 
0.0920291 0.0957686 2 
0.0920278 0.0948812 2 
0.092009 0.0927721 2 
0.0919991 0.0924319 2 
0.0919779 0.0938548 2 
0.0919087 0.0959415 2 
0.0918891 0.0920721 2 
0.0918504 0.0969018 2 
0.0918365 0.0954897 2 
0.0917654 0.092982 2 
0.0917498 0.092982 2 
0.0917152 0.094373 2 
0.0916295 0.0919817 2 
0.0915738 0.0941694 2 
0.0915321 0.0939839 2 
0.0914645 0.0977483 2 
0.0913947 0.0936746 2 
0.0913383 0.0921104 2 
0.0913223 0.0975858 2 
0.091232 0.0954952 2 
0.0912092 0.0957686 2 
0.0911341 0.0917505 2 
0.0911026 0.0920854 2 
0.0911022 0.0916839 2 
0.0910982 0.0969393 2 
0.0909825 0.0911826 2 
0.0909737 0.094276 2 
0.0908753 0.0977945 2 
0.090834 0.0944882 2 
0.090808 0.0962962 2 
0.090769 0.091793 2 
0.0907333 0.0928615 2 
0.0907142 0.0915807 2 
0.0907024 0.0927151 2 
0.0906763 0.0930949 2 
0.0906743 0.0915677 2 
0.0906669 0.0936134 2 
0.0906556 0.0912903 2 
0.0906497 0.09558 2 
0.0906293 0.091665 2 
0.0906135 0.0954897 2 
0.0905994 0.0917504 2 
0.0905679 0.0930489 2 
0.0905491 0.0915807 2 
0.0905419 0.0933522 2 
0.0904717 0.0924075 2 
0.0904598 0.0969948 2 
0.0904357 0.094975 2 
0.0903758 0.0906192 2 
0.0902404 0.0963859 2 
0.0902342 0.090664 2 
0.0902323 0.0915049 2 
0.0902319 0.0932144 2 
0.0902064 0.090467 2 
0.0901743 0.0931383 2 
0.0900897 0.0927096 2 
0.0900893 0.0955657 2 
0.0900838 0.0915446 2 
0.0899436 0.0924412 2 
0.0899212 0.0982166 2 
0.0899085 0.0901523 2 
0.0899069 0.0899691 2 
0.089792 0.0969018 2 
0.0897903 0.0934257 2 
0.0897792 0.0977945 2 
0.0897484 0.0914819 2 
0.0897281 0.0957686 2 
0.0897163 0.0907399 2 
0.0896918 0.0938548 2 
0.0896696 0.0914768 2 
0.089659 0.0909091 2 
0.0896451 0.0954952 2 
0.0896095 0.094975 2 
0.0895974 0.0936134 2 
0.0895622 0.09558 2 
0.08955 0.0915486 2 
0.0895499 0.0936294 2 
0.089548 0.091645 2 
0.0895126 0.0921059 2 
0.0894908 0.0923866 2 
0.0894744 0.0974063 2 
0.0894736 0.090664 2 
0.0894693 0.0927151 2 
0.0894676 0.0902572 2 
0.0893953 0.0912685 2 
0.0893903 0.0967483 2 
0.0893813 0.0909916 2 
0.0893565 0.0975273 2 
0.0893361 0.0944741 2 
0.0893272 0.094276 2 
0.0893084 0.0902042 2 
0.0892886 0.0969018 2 
0.0892618 0.0928885 2 
0.0891634 0.0932049 2 
0.08915 0.0914149 2 
0.0891438 0.0953751 2 
0.0891279 0.090378 2 
0.0891201 0.0931441 2 
0.0891119 0.0972493 2 
0.0890986 0.0899691 2 
0.0890474 0.0917505 2 
0.0890323 0.0959365 2 
0.0889775 0.0892249 2 
0.0889695 0.0981287 2 
0.0889242 0.0894679 2 
0.0889027 0.094869 2 
0.0888635 0.0959931 2 
0.0888036 0.0947131 2 
0.0887388 0.0938636 2 
0.0887055 0.0949742 2 
0.0886909 0.0890537 2 
0.0886845 0.0959491 2 
0.0886692 0.0944882 2 
0.0886526 0.0902042 2 
0.0886081 0.0925669 2 
0.0885991 0.0936937 2 
0.088584 0.0925791 2 
0.0885609 0.0893313 2 
0.0885587 0.0912098 2 
0.0885388 0.0894221 2 
0.0885183 0.0924371 2 
0.0884196 0.0976106 2 
0.0883903 0.0897071 2 
0.0883396 0.0917258 2 
0.0882878 0.0894735 2 
0.0882839 0.0901721 2 
0.0882471 0.0905027 2 
0.0882128 0.0902437 2 
0.0881929 0.0940985 2 
0.0881571 0.0903021 2 
0.0881038 0.0897872 2 
0.0880905 0.0902958 2 
0.088077 0.0925142 2 
0.0880316 0.0911954 2 
0.0879739 0.0884501 2 
0.0879734 0.091793 2 
0.0879712 0.0976794 2 
0.087965 0.0916974 2 
0.0879649 0.092925 2 
0.0879467 0.0973116 2 
0.0879142 0.0931266 2 
0.0878352 0.0936849 2 
0.0878136 0.0879357 2 
0.087794 0.0899558 2 
0.0877779 0.0914847 2 
0.0877521 0.089838 2 
0.0877234 0.0917882 2 
0.0876372 0.0921097 2 
0.0875876 0.0976106 2 
0.0875559 0.0912089 2 
0.0874775 0.0951453 2 
0.0874556 0.0877946 2 
0.087442 0.0914149 2 
0.0874239 0.0967483 2 
0.0873055 0.0936663 2 
0.0872821 0.0936107 2 
0.0869602 0.0915807 2 
0.0868804 0.0950957 2 
0.0868065 0.0878335 2 
0.0867372 0.092982 2 
0.0866948 0.094221 2 
0.0865082 0.086827 2 
0.0863736 0.0890039 2 
0.0863448 0.0903218 2 
0.0862602 0.0903391 2 
0.086107 0.0896294 2 
0.0861051 0.0910482 2 
0.0860877 0.0954897 2 
0.0860831 0.0931383 2 
0.0859884 0.0945326 2 
0.0859258 0.0883468 2 
0.0858859 0.088145 2 
0.0858835 0.0868655 2 
0.085036 0.0940524 2 
0.049841 0.0511595 3 
0.047962 0.0502021 3 
0.0476951 0.0485722 3 
0.0474259 0.0474948 3 
0.0468584 0.047389 3 
0.0468041 0.047324 3 
0.0467242 0.047481 3 
0.0466886 0.0469052 3 
0.0465084 0.04805 3 
0.0464856 0.048774 3 
0.046126 0.0461735 3 
0.046063 0.0463025 3 
0.0460535 0.0488548 3 
0.0460079 0.0463189 3 
0.0459686 0.0485573 3 
0.0457117 0.0466715 3 
0.0455602 0.0465306 3 
0.0455545 0.0470031 3 
0.0452682 0.046294 3 
0.0452241 0.0468267 3 
0.0449672 0.0454536 3 
0.0449193 0.0460155 3 
0.0448216 0.0451897 3 
0.044802 0.0463957 3 
0.0447564 0.0455796 3 
0.0447546 0.045976 3 
0.0446471 0.0455515 3 
0.0445768 0.0456945 3 
0.0445067 0.047481 3 
0.0443519 0.0456137 3 
0.0442708 0.0463825 3 
0.044153 0.0453569 3 
0.0441422 0.0449039 3 
0.0441148 0.0442918 3 
0.0439923 0.0444601 3 
0.0439018 0.04573 3 
0.0438683 0.0441977 3 
0.0438048 0.0454734 3 
0.0437765 0.0447078 3 
0.043772 0.0454187 3 
0.0437557 0.0449233 3 
0.0437309 0.0449129 3 
0.0437293 0.0450883 3 
0.0436906 0.0454854 3 
0.0436293 0.0469952 3 
0.043629 0.0456299 3 
0.0436197 0.0461132 3 
0.0435964 0.0463251 3 
0.0435919 0.0437096 3 
0.0435687 0.0442029 3 
0.0433911 0.0448253 3 
0.0433636 0.0436992 3 
0.0433103 0.0455571 3 
0.0433095 0.0437881 3 
0.0433069 0.0452634 3 
0.0432006 0.0439154 3 
0.0431667 0.044416 3 
0.0431401 0.0449293 3 
0.0431299 0.0434119 3 
0.0431178 0.0459126 3 
0.0431074 0.0459542 3 
0.0430489 0.0433268 3 
0.0430196 0.0448621 3 
0.042968 0.0438708 3 
0.0429515 0.0457852 3 
0.0429439 0.0441479 3 
0.0429354 0.0431342 3 
0.0428355 0.0431784 3 
0.0427539 0.0444721 3 
0.0427347 0.0435164 3 
0.0427253 0.0448681 3 
0.0426623 0.0438031 3 
0.0426241 0.0441626 3 
0.0425757 0.0444904 3 
0.0425642 0.0447722 3 
0.0425506 0.0430663 3 
0.0424469 0.0439895 3 
0.042417 0.0450883 3 
0.0423826 0.0443873 3 
0.042361 0.0431784 3 
0.0423402 0.0427565 3 
0.042323 0.0430405 3 
0.0423182 0.0438904 3 
0.0422688 0.0427565 3 
0.042248 0.0439895 3 
0.0422402 0.0422854 3 
0.0422371 0.0427095 3 
0.0422118 0.0423462 3 
0.0421546 0.0438708 3 
0.0421384 0.0423462 3 
0.0421161 0.0424643 3 
0.0421109 0.0454257 3 
0.0420986 0.0442775 3 
0.0420395 0.0429018 3 
0.0419771 0.0428552 3 
0.0419735 0.0447293 3 
0.041966 0.0432596 3 
0.0419349 0.0423984 3 
0.0419223 0.0435518 3 
0.0419127 0.0449445 3 
0.0419096 0.0455835 3 
0.041891 0.0424883 3 
0.0418741 0.0449445 3 
0.041838 0.0420515 3 
0.0417793 0.0451321 3 
0.0417707 0.0436992 3 
0.0417577 0.045509 3 
0.0416935 0.042195 3 
0.0416918 0.0439015 3 
0.0416879 0.0441288 3 
0.0416789 0.0431784 3 
0.041672 0.0424247 3 
0.0416594 0.044416 3 
0.0416132 0.0435208 3 
0.0415707 0.0417551 3 
0.0415488 0.0433504 3 
0.0415353 0.0416591 3 
0.0415129 0.042195 3 
0.0414906 0.0420039 3 
0.0414764 0.0418731 3 
0.0414642 0.0433081 3 
0.0414443 0.0415532 3 
0.0414371 0.0441626 3 
0.0414293 0.0440616 3 
0.0413778 0.0429239 3 
0.0413681 0.0417219 3 
0.0413606 0.0444904 3 
0.0413445 0.043056 3 
0.041344 0.0450015 3 
0.0412935 0.0415532 3 
0.0412636 0.0445111 3 
0.0412552 0.0439407 3 
0.0412492 0.0450015 3 
0.0412355 0.0437881 3 
0.0412346 0.0414511 3 
0.0412235 0.0433504 3 
0.0412082 0.045556 3 
0.0411784 0.0436992 3 
0.0411702 0.042816 3 
0.0411659 0.043248 3 
0.0411435 0.0431052 3 
0.0411351 0.0424532 3 
0.0411119 0.0450424 3 
0.041106 0.042879 3 
0.041063 0.0453627 3 
0.0410586 0.0423961 3 
0.0410099 0.0436877 3 
0.0410094 0.0426775 3 
0.0409834 0.0435947 3 
0.0409543 0.041997 3 
0.0409183 0.0430119 3 
0.0408875 0.0438937 3 
0.0408746 0.0419914 3 
0.0408726 0.0455739 3 
0.0408548 0.0429676 3 
0.0408361 0.0436954 3 
0.0408285 0.0429897 3 
0.0408276 0.0425926 3 
0.0408167 0.0419983 3 
0.0407706 0.0413185 3 
0.0407673 0.043718 3 
0.040731 0.0437881 3 
0.040714 0.0418387 3 
0.0407094 0.0432346 3 
0.0406951 0.0447712 3 
0.0406878 0.0411539 3 
0.0406846 0.0429691 3 
0.0406286 0.0436097 3 
0.0406122 0.042692 3 
0.040598 0.0424378 3 
0.0405489 0.0429088 3 
0.0405455 0.0406333 3 
0.0405393 0.0410229 3 
0.0405114 0.0409559 3 
0.0405095 0.0413146 3 
0.0404871 0.042893 3 
0.040449 0.0431015 3 
0.0404189 0.0426775 3 
0.0403992 0.0454007 3 
0.0403556 0.0445142 3 
0.0403401 0.0422744 3 
0.0403138 0.0415324 3 
0.0403093 0.0431342 3 
0.0402726 0.0439465 3 
0.0402225 0.0414659 3 
0.0402182 0.0406637 3 
0.0402048 0.040479 3 
0.0401907 0.0438475 3 
0.040121 0.0411211 3 
0.0400785 0.0418545 3 
0.0400103 0.040099 3 
0.0400029 0.0437043 3 
0.0399033 0.0442344 3 
0.0398838 0.0422744 3 
0.039876 0.0432014 3 
0.0398496 0.0398566 3 
0.039845 0.0414037 3 
0.0398437 0.0447738 3 
0.0398246 0.0420284 3 
0.0397508 0.0400982 3 
0.0397322 0.040479 3 
0.0395977 0.0439936 3 
0.0395916 0.0419009 3 
0.0395878 0.0428527 3 
0.0395723 0.0440616 3 
0.0395653 0.0400941 3 
0.0394881 0.0418676 3 
0.0393828 0.0434475 3 
0.0393797 0.0403186 3 
0.0393652 0.0407341 3 
0.0393427 0.0440479 3 
0.0393223 0.0411202 3 
0.0391477 0.0398401 3 
0.0391212 0.0421844 3 
0.0389674 0.0439999 3 
0.0386186 0.0441048 3 
0.0386021 0.0417367 3 
0.0384738 0.0420312 3 
0.0383261 0.0406645 3 
0.0244195 0.0244252 4 
0.0233687 0.0234677 4 
0.0232035 0.0240862 4 
0.0229446 0.0238319 4 
0.0227502 0.0227889 4 
0.022698 0.0232295 4 
0.0226438 0.0234311 4 
0.022374 0.0227596 4 
0.0223561 0.0224301 4 
0.0222783 0.0227596 4 
0.0221795 0.022964 4 
0.0221682 0.022662 4 
0.0219773 0.0221524 4 
0.0219367 0.0222432 4 
0.0218662 0.0220548 4 
0.0218192 0.0218311 4 
0.0217908 0.0220893 4 
0.0217451 0.0224172 4 
0.0216873 0.0218064 4 
0.0216474 0.0227958 4 
0.0216249 0.0221944 4 
0.0216178 0.0231897 4 
0.0215791 0.0216804 4 
0.0215623 0.0220165 4 
0.0215551 0.0216645 4 
0.0214983 0.0218076 4 
0.0214874 0.0215506 4 
0.0214476 0.0215506 4 
0.0214178 0.0221521 4 
0.0213912 0.0224536 4 
0.0213794 0.0220561 4 
0.0213758 0.0219766 4 
0.0213301 0.0223028 4 
0.0213164 0.0217319 4 
0.0212342 0.0226037 4 
0.0212325 0.0213326 4 
0.0212203 0.0213064 4 
0.0212202 0.0212386 4 
0.0212198 0.0218325 4 
0.0212181 0.0221105 4 
0.0212034 0.0214687 4 
0.0210536 0.0215128 4 
0.0209668 0.0217592 4 
0.0209408 0.021025 4 
0.0209256 0.0209979 4 
0.0209236 0.0216276 4 
0.0208666 0.0208732 4 
0.0208629 0.0218025 4 
0.0208599 0.0210786 4 
0.0208581 0.0220898 4 
0.0208474 0.0218765 4 
0.0208293 0.0209979 4 
0.0208005 0.0217601 4 
0.020796 0.0216132 4 
0.0207696 0.0212836 4 
0.0207241 0.0208732 4 
0.0206944 0.0214333 4 
0.0206878 0.0221369 4 
0.0206826 0.0208397 4 
0.0206323 0.0214154 4 
0.0206274 0.0208581 4 
0.0206163 0.021948 4 
0.020582 0.0229303 4 
0.0205625 0.021032 4 
0.0205564 0.02078 4 
0.0205328 0.0208397 4 
0.0204413 0.0207913 4 
0.0204366 0.0217226 4 
0.0204173 0.0209126 4 
0.0204111 0.0209657 4 
0.0204007 0.022144 4 
0.0203664 0.0208934 4 
0.0203402 0.0206003 4 
0.0203351 0.0203659 4 
0.020313 0.0221524 4 
0.0203095 0.0207905 4 
0.0203002 0.0206111 4 
0.0202797 0.020509 4 
0.0202772 0.0208832 4 
0.020264 0.022025 4 
0.0202529 0.0215281 4 
0.0202402 0.0213019 4 
0.0202159 0.0216235 4 
0.020214 0.0212976 4 
0.0202089 0.0210659 4 
0.0201747 0.0224041 4 
0.0201707 0.0205528 4 
0.0201681 0.0206003 4 
0.0201598 0.0203308 4 
0.0201547 0.0207885 4 
0.0201514 0.0213881 4 
0.0201243 0.0212055 4 
0.0201035 0.0207913 4 
0.0200706 0.0215115 4 
0.0200693 0.0208754 4 
0.0200651 0.0208148 4 
0.020064 0.0207747 4 
0.0200544 0.0215779 4 
0.0200447 0.0223028 4 
0.02002 0.0212959 4 
0.020017 0.0205583 4 
0.0199708 0.0208575 4 
0.0199605 0.0206637 4 
0.0199535 0.020853 4 
0.0199526 0.0209979 4 
0.0199337 0.0222713 4 
0.0199141 0.0210015 4 
0.019895 0.0202517 4 
0.0198879 0.0217816 4 
0.0198749 0.0210101 4 
0.0198742 0.0205731 4 
0.0198619 0.0202149 4 
0.0198616 0.0215103 4 
0.0198552 0.02078 4 
0.0198491 0.02053 4 
0.0198468 0.0215281 4 
0.0198103 0.0204382 4 
0.0197946 0.0213283 4 
0.0197843 0.0215561 4 
0.0197465 0.0203122 4 
0.0197421 0.0198068 4 
0.0197354 0.020813 4 
0.0197341 0.0216555 4 
0.0197148 0.0210551 4 
0.0196802 0.0197185 4 
0.0196695 0.0200172 4 
0.0196692 0.0200172 4 
0.0196365 0.0198897 4 
0.0196314 0.0218765 4 
0.0195968 0.0198477 4 
0.0195245 0.0209657 4 
0.0194793 0.020939 4 
0.0194718 0.0209613 4 
0.0194659 0.0209578 4 
0.0194658 0.0198187 4 
0.0194592 0.0205788 4 
0.0194395 0.021596 4 
0.0194359 0.0203216 4 
0.0194322 0.0209209 4 
0.0194321 0.0196122 4 
0.0194312 0.0198136 4 
0.019426 0.0208785 4 
0.0194234 0.021042 4 
0.0194087 0.0210231 4 
0.0193851 0.0209308 4 
0.0193411 0.0212217 4 
0.0193386 0.0197368 4 
0.0193302 0.0203126 4 
0.0193218 0.0210678 4 
0.019298 0.0207747 4 
0.019279 0.0198477 4 
0.0192374 0.0197349 4 
0.0192226 0.0204816 4 
0.0192205 0.0216236 4 
0.0192136 0.019368 4 
0.0191969 0.0193041 4 
0.0191811 0.0198068 4 
0.0191304 0.0198842 4 
0.0190808 0.0205978 4 
0.0190708 0.0200635 4 
0.0190519 0.020672 4 
0.0189981 0.0210828 4 
0.0189947 0.0212823 4 
0.0189874 0.0192888 4 
0.0189854 0.0214993 4 
0.0189327 0.0208575 4 
0.0189217 0.0211747 4 
0.0189099 0.0212055 4 
0.0189095 0.0195444 4 
0.0188946 0.0214154 4 
0.018879 0.0198893 4 
0.0188747 0.0212809 4 
0.0188655 0.0191997 4 
0.0188293 0.0197986 4 
0.0188017 0.0201473 4 
0.0187998 0.0189419 4 
0.018622 0.0198321 4 
0.0186136 0.0198895 4 
0.018588 0.0215436 4 
0.0185399 0.0193758 4 
0.018523 0.0215823 4 
0.018516 0.0187486 4 
0.0183444 0.0203531 4 
0.018139 0.0202351 4 
0.0178691 0.0196771 4 
0.0122772 0.0124804 5 
0.0120388 0.0120667 5 
0.0118613 0.0122613 5 
0.011664 0.0118428 5 
0.0116118 0.0118468 5 
0.0113911 0.011509 5 
0.0113439 0.0114712 5 
0.0112008 0.0112152 5 
0.0111782 0.0113374 5 
0.0111136 0.0111974 5 
0.0111088 0.011455 5 
0.0110422 0.0114915 5 
0.0110222 0.0111264 5 
0.0109875 0.0116332 5 
0.0109558 0.011149 5 
0.0108228 0.0113188 5 
0.0108187 0.0108325 5 
0.010704 0.0107541 5 
0.0107002 0.0111571 5 
0.010696 0.0107941 5 
0.0106953 0.0108789 5 
0.0106892 0.0108599 5 
0.0106196 0.0109716 5 
0.0105866 0.0106375 5 
0.0105835 0.01065 5 
0.0105372 0.0107398 5 
0.0105184 0.0114187 5 
0.0105109 0.0105494 5 
0.0105087 0.0106722 5 
0.010505 0.011068 5 
0.0105045 0.0108353 5 
0.0105044 0.0113458 5 
0.0104923 0.011694 5 
0.0104901 0.0104928 5 
0.0104335 0.0106223 5 
0.0104287 0.0108145 5 
0.0104067 0.0107644 5 
0.010385 0.0104741 5 
0.0103633 0.0107541 5 
0.0103401 0.0106123 5 
0.0103287 0.0107456 5 
0.0102853 0.0105444 5 
0.0102747 0.0106749 5 
0.010262 0.0103092 5 
0.0102551 0.0105853 5 
0.0102447 0.0106707 5 
0.0102376 0.0102754 5 
0.0102375 0.0104807 5 
0.0102346 0.010961 5 
0.0102281 0.0103325 5 
0.0102265 0.0102594 5 
0.0101896 0.0102594 5 
0.0101459 0.0110095 5 
0.0101419 0.011666 5 
0.010138 0.010285 5 
0.0101359 0.0106904 5 
0.0101094 0.011187 5 
0.0101045 0.0105444 5 
0.0101008 0.0111571 5 
0.0100991 0.0105853 5 
0.0100896 0.0106904 5 
0.0100821 0.0104813 5 
0.0100775 0.010252 5 
0.0100773 0.0104574 5 
0.0100624 0.0101047 5 
0.0100598 0.010566 5 
0.0100569 0.0102515 5 
0.0100523 0.0106723 5 
0.0100497 0.0101342 5 
0.0100477 0.0103401 5 
0.010028 0.0100331 5 
0.0100277 0.0105494 5 
0.0100195 0.0106488 5 
0.0100117 0.0104352 5 
0.0100031 0.010523 5 
0.00998346 0.0105613 5 
0.00998326 0.0108382 5 
0.00997796 0.0103618 5 
0.00995493 0.0106123 5 
0.00994671 0.0105124 5 
0.00994453 0.0104279 5 
0.00993003 0.0108723 5 
0.0099217 0.0102593 5 
0.00991973 0.0100087 5 
0.00989857 0.0105746 5 
0.00989288 0.00991493 5 
0.00988763 0.0102754 5 
0.00988155 0.0101579 5 
0.00987484 0.0101685 5 
0.00987281 0.01061 5 
0.00981671 0.0101047 5 
0.00981063 0.009967 5 
0.00980782 0.00982228 5 
0.00980426 0.0106904 5 
0.00980027 0.0105967 5 
0.00977135 0.0103227 5 
0.00973798 0.00987784 5 
0.00973111 0.0105342 5 
0.00969719 0.00978676 5 
0.0096764 0.0108723 5 
0.00964871 0.0101535 5 
0.00964009 0.0108427 5 
0.00963313 0.0100784 5 
0.00962217 0.00965079 5 
0.00961876 0.00969861 5 
0.00960602 0.0104366 5 
0.00960395 0.0101919 5 
0.00960147 0.0100808 5 
0.00959714 0.0104781 5 
0.00959575 0.0101091 5 
0.0095902 0.010096 5 
0.00958535 0.0106488 5 
0.00958233 0.0107051 5 
0.00957332 0.00988454 5 
0.00956605 0.0100331 5 
0.0095537 0.00957236 5 
0.0095527 0.0103504 5 
0.00954881 0.0101393 5 
0.00953746 0.0105282 5 
0.00953519 0.0104574 5 
0.00952423 0.00983808 5 
0.00952203 0.0104288 5 
0.00951137 0.0104781 5 
0.00947598 0.00955349 5 
0.00947353 0.0100701 5 
0.00947202 0.00949323 5 
0.00944816 0.00972378 5 
0.00943595 0.00983603 5 
0.00940815 0.0105194 5 
0.00938687 0.0108618 5 
0.0093825 0.0104221 5 
0.00937001 0.00985324 5 
0.00936199 0.0108669 5 
0.00934466 0.00976731 5 
0.00933076 0.0108414 5 
0.00931724 0.0106366 5 
0.00930161 0.0101342 5 
0.00924683 0.00951605 5 
0.00922026 0.0108381 5 
0.00921975 0.0106987 5 
0.00921156 0.0107244 5 
0.00920975 0.0094459 5 
0.00916788 0.00965748 5 
0.00913899 0.0092958 5 
0.00913171 0.00999414 5 
0.00908197 0.00965743 5 
0.00902851 0.00986998 5 
0.00895193 0.00965743 5 
0.00884346 0.00963808 5 
0.00882706 0.00914599 5 
0.00881361 0.00987812 5 
0.00577987 0.00602465 6 
0.00576454 0.0058966 6 
0.00573355 0.00585525 6 
0.00570202 0.00587032 6 
0.00562679 0.00609426 6 
0.0055766 0.0056343 6 
0.00552538 0.00579157 6 
0.00549469 0.00608358 6 
0.00547856 0.00559845 6 
0.00546915 0.00574327 6 
0.00543115 0.0054333 6 
0.00543006 0.00556259 6 
0.00542024 0.00546845 6 
0.00541977 0.00558818 6 
0.00540389 0.00543142 6 
0.00540126 0.00540714 6 
0.00539857 0.00572034 6 
0.00536713 0.00541724 6 
0.00536372 0.00537163 6 
0.00534379 0.0055313 6 
0.00533342 0.00602628 6 
0.00529629 0.0055411 6 
0.00529453 0.00538475 6 
0.00528248 0.00541713 6 
0.00527148 0.00529973 6 
0.00525896 0.00556506 6 
0.00525603 0.00545792 6 
0.00524325 0.00557434 6 
0.00524003 0.00535276 6 
0.00523049 0.00538459 6 
0.00522993 0.00534101 6 
0.00522836 0.00526099 6 
0.00522439 0.00562634 6 
0.0052215 0.00535276 6 
0.0052099 0.00575297 6 
0.0051974 0.00558918 6 
0.00519535 0.00533543 6 
0.00519352 0.00554196 6 
0.00516689 0.00535868 6 
0.00514776 0.00516879 6 
0.0051312 0.00526099 6 
0.00510655 0.00535302 6 
0.00510497 0.00528526 6 
0.00510376 0.0052262 6 
0.00510063 0.00526414 6 
0.00509574 0.00527588 6 
0.00509532 0.00562491 6 
0.00509484 0.00536754 6 
0.00508668 0.00509892 6 
0.00508095 0.00534335 6 
0.00506427 0.00531919 6 
0.00506253 0.00522647 6 
0.00506111 0.00517979 6 
0.00505771 0.00522572 6 
0.00504999 0.00537309 6 
0.00504946 0.00505427 6 
0.00504079 0.00526414 6 
0.00503874 0.00530278 6 
0.00503574 0.00560502 6 
0.00501425 0.00540714 6 
0.00500874 0.00537605 6 
0.00499983 0.00505692 6 
0.00498798 0.00530472 6 
0.00497949 0.00535116 6 
0.00496826 0.00543336 6 
0.0049676 0.00523054 6 
0.00496478 0.00497181 6 
0.00495427 0.00513081 6 
0.00495 0.00503913 6 
0.00493097 0.00554196 6 
0.0049138 0.00502564 6 
0.00490903 0.00499744 6 
0.00490544 0.00504264 6 
0.00489741 0.00514247 6 
0.00488325 0.00504574 6 
0.00487809 0.00522647 6 
0.00487038 0.00515365 6 
0.00486906 0.00537605 6 
0.00486574 0.00519537 6 
0.00486103 0.00494037 6 
0.00485373 0.00499784 6 
0.0048488 0.00571519 6 
0.00484763 0.00496828 6 
0.00483154 0.00542191 6 
0.00483128 0.00497631 6 
0.00482977 0.00507848 6 
0.00482238 0.00558341 6 
0.00482119 0.00526619 6 
0.00480751 0.00521527 6 
0.00480377 0.00512623 6 
0.00480301 0.00493784 6 
0.00479908 0.00493334 6 
0.00479217 0.00547892 6 
0.00478881 0.00523397 6 
0.00478305 0.00492991 6 
0.00477815 0.00482143 6 
0.00476989 0.00535487 6 
0.00475961 0.00542512 6 
0.00475425 0.00566352 6 
0.00474843 0.00567934 6 
0.00473069 0.00504121 6 
0.00472759 0.00500856 6 
0.00471456 0.00502271 6 
0.00470092 0.00541724 6 
0.00467837 0.00474548 6 
0.00467358 0.0051544 6 
0.00464901 0.00483783 6 
0.00464426 0.00473941 6 
0.0046278 0.00538459 6 
0.00462747 0.00545757 6 
0.0046123 0.00496828 6 
0.00457674 0.00473355 6 
0.00456443 0.00467231 6 
0.00455373 0.00474548 6 
0.00454299 0.00484414 6 
0.00452278 0.00493334 6 
0.00445514 0.00492651 6 
0.00444985 0.00484414 6 
0.00444091 0.00473941 6 
0.00437193 0.00437589 6 
0.00310437 0.00323646 7 
0.00310006 0.00318834 7 
0.00303149 0.00303302 7 
0.00295688 0.00302863 7 
0.00293264 0.00293592 7 
0.00292258 0.00311677 7 
0.00289074 0.00299541 7 
0.00287849 0.00310932 7 
0.00283752 0.00302863 7 
0.00283573 0.0029033 7 
0.00281063 0.00301641 7 
0.00280447 0.00296275 7 
0.00279491 0.00287472 7 
0.00278218 0.00288284 7 
0.0027778 0.0028328 7 
0.00277122 0.00279512 7 
0.00275447 0.00288994 7 
0.00274863 0.00282299 7 
0.00274609 0.00284541 7 
0.00274126 0.00298093 7 
0.0027315 0.00273797 7 
0.00272581 0.00282596 7 
0.00271473 0.0028347 7 
0.00270436 0.00271539 7 
0.00269891 0.00290502 7 
0.00268879 0.00290232 7 
0.00268672 0.00295132 7 
0.00267365 0.00271808 7 
0.00267077 0.00280434 7 
0.00266861 0.00289833 7 
0.00266208 0.00284531 7 
0.00265672 0.00271839 7 
0.00265118 0.00269878 7 
0.00264373 0.002704 7 
0.00264271 0.0026562 7 
0.00264214 0.00267218 7 
0.00263603 0.00265491 7 
0.0026328 0.00290789 7 
0.00263245 0.00273563 7 
0.00261995 0.00263058 7 
0.00261832 0.00274148 7 
0.00261691 0.00278268 7 
0.00261585 0.00268738 7 
0.00261459 0.00266655 7 
0.0025995 0.00273011 7 
0.00259453 0.00278714 7 
0.00259392 0.00259862 7 
0.00259034 0.00278268 7 
0.0025891 0.00304589 7 
0.00258395 0.00280509 7 
0.00257973 0.00265976 7 
0.00257829 0.00290232 7 
0.00256629 0.00267739 7 
0.00255694 0.00260449 7 
0.00255372 0.00272411 7 
0.00255149 0.00296917 7 
0.00254772 0.00255635 7 
0.00254754 0.00256732 7 
0.0025399 0.00254778 7 
0.00253826 0.00257445 7 
0.00253 0.00277084 7 
0.00252093 0.00257404 7 
0.00252067 0.00279804 7 
0.00251558 0.00304902 7 
0.00251206 0.00257888 7 
0.00250939 0.0027527 7 
0.00250452 0.00273253 7 
0.00250047 0.00251396 7 
0.00249346 0.00257904 7 
0.00249054 0.00261215 7 
0.00248987 0.00259805 7 
0.00248425 0.00277027 7 
0.00248357 0.00267693 7 
0.0024773 0.00261392 7 
0.00247307 0.00269852 7 
0.00247199 0.00292352 7 
0.00246882 0.0025872 7 
0.00246169 0.00250862 7 
0.00245285 0.00262221 7 
0.00244818 0.00278544 7 
0.00244795 0.00247971 7 
0.00244648 0.00253634 7 
0.00243746 0.00271055 7 
0.00243019 0.00253233 7 
0.00242909 0.00264434 7 
0.00242875 0.00255635 7 
0.002428 0.00244364 7 
0.00242133 0.00286797 7 
0.00242028 0.00282908 7 
0.00241978 0.0028448 7 
0.00239587 0.00253899 7 
0.00239355 0.00285708 7 
0.00238759 0.0025072 7 
0.0023875 0.0025221 7 
0.00237904 0.00250862 7 
0.00234102 0.00239229 7 
0.00232143 0.0024349 7 
0.00231348 0.00257907 7 
0.00230738 0.00249111 7 
0.00229908 0.00245417 7 
0.00229752 0.00249111 7 
0.00228371 0.0024349 7 
0.00221769 0.00227755 7 
0.00174871 0.00177893 8 
0.00169816 0.00175433 8 
0.00158613 0.00162343 8 
0.00157771 0.00163553 8 
0.00156218 0.00160198 8 
0.00154224 0.00165625 8 
0.00153713 0.00156611 8 
0.00153038 0.00157987 8 
0.00152232 0.00153747 8 
0.00150855 0.00155627 8 
0.00150378 0.00151009 8 
0.00149677 0.00156152 8 
0.00149098 0.00159148 8 
0.00148935 0.00150409 8 
0.00147457 0.00154241 8 
0.00147157 0.0015627 8 
0.00146808 0.00149983 8 
0.00146598 0.00153175 8 
0.00146473 0.0014658 8 
0.00146018 0.00154974 8 
0.00145177 0.00152528 8 
0.00143458 0.00144461 8 
0.00142373 0.00154317 8 
0.00142117 0.00149601 8 
0.00141199 0.0015994 8 
0.00141141 0.00141428 8 
0.00140796 0.00158419 8 
0.00140676 0.00141615 8 
0.00140484 0.00141071 8 
0.00140346 0.00143261 8 
0.00139823 0.00154692 8 
0.00139715 0.00141514 8 
0.00139514 0.00143751 8 
0.00139094 0.00139547 8 
0.0013891 0.00151357 8 
0.00137924 0.00142273 8 
0.00137671 0.00153994 8 
0.00137622 0.00137643 8 
0.00136646 0.00144744 8 
0.00136547 0.00149018 8 
0.00136427 0.00141777 8 
0.00136291 0.00148184 8 
0.00135486 0.00139475 8 
0.0013542 0.00137421 8 
0.00134721 0.0014705 8 
0.00134149 0.00137008 8 
0.00134121 0.00151949 8 
0.00133726 0.00136969 8 
0.00133724 0.00148377 8 
0.00133706 0.00151949 8 
0.00132852 0.00136332 8 
0.00132123 0.0013353 8 
0.00132091 0.00142339 8 
0.00132014 0.00138812 8 
0.00131235 0.00143751 8 
0.00130953 0.00152598 8 
0.0013081 0.00161551 8 
0.00130403 0.00140888 8 
0.0012978 0.00143637 8 
0.00129383 0.00133768 8 
0.00129187 0.00135747 8 
0.00128781 0.00139475 8 
0.0012829 0.0014987 8 
0.00128194 0.00131662 8 
0.00128167 0.00130595 8 
0.0012813 0.0014442 8 
0.00128075 0.00133894 8 
0.00128051 0.00139624 8 
0.00127739 0.00135128 8 
0.00127307 0.00134035 8 
0.00127273 0.00150966 8 
0.00127174 0.0012789 8 
0.00126978 0.00150878 8 
0.0012687 0.00151267 8 
0.00126523 0.00130595 8 
0.00126393 0.0013442 8 
0.00125264 0.00130737 8 
0.00125119 0.00135532 8 
0.00125036 0.00129788 8 
0.00124914 0.00131905 8 
0.00124849 0.00145497 8 
0.00124522 0.00131001 8 
0.00123545 0.0013442 8 
0.00122155 0.00125984 8 
0.00122109 0.00124496 8 
0.00122084 0.00127188 8 
0.00117808 0.00130812 8 
0.00117143 0.00130737 8 
0.00116295 0.00121265 8 
0.00115799 0.00127188 8 
0.000996464 0.000996702 9 
0.000944827 0.000978979 9 
0.000862687 0.000885029 9 
0.000862513 0.000907724 9 
0.000849932 0.000881613 9 
0.000849335 0.000861903 9 
0.000846573 0.000890722 9 
0.000804587 0.000812566 9 
0.000801555 0.000821879 9 
0.000800187 0.000839707 9 
0.000791114 0.000832413 9 
0.000789986 0.000858041 9 
0.000787823 0.00083267 9 
0.000785335 0.000812423 9 
0.000784183 0.000817317 9 
0.00078265 0.000848968 9 
0.000775884 0.000840728 9 
0.000767456 0.000780005 9 
0.000745786 0.000768319 9 
0.000745497 0.000764753 9 
0.000742888 0.000798761 9 
0.000740388 0.000857432 9 
0.000736406 0.000790405 9 
0.000735769 0.00081183 9 
0.00073395 0.000777075 9 
0.00073325 0.000791144 9 
0.000732561 0.000750123 9 
0.00072982 0.000769163 9 
0.000727355 0.000794955 9 
0.000723376 0.000806244 9 
0.000723123 0.000731662 9 
0.000719243 0.000735753 9 
0.000716471 0.000750745 9 
0.000715039 0.00075802 9 
0.000707994 0.000769289 9 
0.00070756 0.000792368 9 
0.000701434 0.000722982 9 
0.000700408 0.000794534 9 
0.000696396 0.000711456 9 
0.000694669 0.000764753 9 
0.000694567 0.000874701 9 
0.000693763 0.000806244 9 
0.000691764 0.000692369 9 
0.00069176 0.000772788 9 
0.000691671 0.00070195 9 
0.000690547 0.000817589 9 
0.000690211 0.000702993 9 
0.000687741 0.000750488 9 
0.000686688 0.000723245 9 
0.000685463 0.000731565 9 
0.000684905 0.000709633 9 
0.000684288 0.000684861 9 
0.000683713 0.000759088 9 
0.000678517 0.00073242 9 
0.000678363 0.000801571 9 
0.000676466 0.000712874 9 
0.000670914 0.000696772 9 
0.000670703 0.000804474 9 
0.000668154 0.000685038 9 
0.000665406 0.000788974 9 
0.000665348 0.000679819 9 
0.00066449 0.000709633 9 
0.000664441 0.00068677 9 
0.000662471 0.000724508 9 
0.00065882 0.000674771 9 
0.000657086 0.000712874 9 
0.000656839 0.000689058 9 
0.000656267 0.000810437 9 
0.000654748 0.000717287 9 
0.000653642 0.000698816 9 
0.000646349 0.000678304 9 
0.0006233 0.000624083 9 
0.000620899 0.000657812 9 
0.000611123 0.00068677 9 
0.00060042 0.000697269 9 
0.000592555 0.000674771 9 
0.000570471 0.000582223 9 
