0.523757 0.545033 0 
0.521958 0.542887 0 
0.521941 0.541839 0 
0.521819 0.54241 0 
0.521506 0.540907 0 
0.52131 0.540504 0 
0.521291 0.541692 0 
0.521262 0.542496 0 
0.52109 0.542145 0 
0.520762 0.542012 0 
0.520726 0.542021 0 
0.52063 0.542348 0 
0.520627 0.542438 0 
0.520624 0.542077 0 
0.520586 0.521465 0 
0.520525 0.544213 0 
0.520475 0.542953 0 
0.520402 0.540972 0 
0.520348 0.541031 0 
0.520341 0.543353 0 
0.520299 0.542438 0 
0.520231 0.541376 0 
0.520222 0.540826 0 
0.519982 0.542533 0 
0.519782 0.543565 0 
0.519763 0.521465 0 
0.51974 0.542986 0 
0.519585 0.541752 0 
0.519454 0.540907 0 
0.519432 0.534901 0 
0.51943 0.541281 0 
0.519307 0.54247 0 
0.5193 0.541476 0 
0.519266 0.541031 0 
0.519223 0.543885 0 
0.519048 0.542408 0 
0.519024 0.541543 0 
0.518975 0.540202 0 
0.518864 0.543342 0 
0.518737 0.544188 0 
0.518717 0.544517 0 
0.518713 0.541282 0 
0.518683 0.540591 0 
0.518666 0.51873 0 
0.518658 0.543313 0 
0.518611 0.519307 0 
0.518608 0.541207 0 
0.518573 0.542158 0 
0.518442 0.540146 0 
0.518359 0.543947 0 
0.518335 0.518897 0 
0.518334 0.540252 0 
0.518327 0.521567 0 
0.518251 0.54351 0 
0.518217 0.520787 0 
0.518217 0.520136 0 
0.518171 0.539673 0 
0.518107 0.542161 0 
0.518097 0.540551 0 
0.518094 0.520765 0 
0.518066 0.540679 0 
0.518059 0.518948 0 
0.518006 0.543162 0 
0.517986 0.519512 0 
0.517954 0.519144 0 
0.517949 0.543128 0 
0.517947 0.542711 0 
0.517943 0.518935 0 
0.517921 0.54153 0 
0.517881 0.518897 0 
0.517815 0.540445 0 
0.517811 0.54247 0 
0.517796 0.51893 0 
0.517782 0.540925 0 
0.517737 0.519156 0 
0.517728 0.519228 0 
0.517701 0.541752 0 
0.517678 0.542682 0 
0.517671 0.542442 0 
0.517661 0.539673 0 
0.517618 0.518731 0 
0.517594 0.518128 0 
0.517586 0.542892 0 
0.517581 0.544716 0 
0.517556 0.544612 0 
0.517548 0.540826 0 
0.517449 0.540202 0 
0.517442 0.541839 0 
0.517419 0.545162 0 
0.517403 0.543125 0 
0.517323 0.542909 0 
0.51727 0.518388 0 
0.517258 0.517593 0 
0.517247 0.518751 0 
0.517245 0.518467 0 
0.517225 0.519536 0 
0.517214 0.517756 0 
0.51721 0.540624 0 
0.517167 0.541256 0 
0.517147 0.518731 0 
0.517131 0.541312 0 
0.517126 0.51849 0 
0.517112 0.518027 0 
0.517112 0.540591 0 
0.517076 0.54437 0 
0.51706 0.541417 0 
0.517014 0.517383 0 
0.517005 0.541552 0 
0.516982 0.517249 0 
0.516968 0.542525 0 
0.516953 0.539673 0 
0.516902 0.541852 0 
0.516901 0.517514 0 
0.516801 0.542752 0 
0.516711 0.544859 0 
0.516693 0.521201 0 
0.516678 0.519628 0 
0.516657 0.540202 0 
0.516633 0.541671 0 
0.516632 0.516929 0 
0.516616 0.517097 0 
0.516611 0.54008 0 
0.516574 0.542736 0 
0.516542 0.545054 0 
0.516514 0.541671 0 
0.516497 0.538913 0 
0.516495 0.543245 0 
0.516485 0.518245 0 
0.516479 0.517943 0 
0.516473 0.545269 0 
0.51644 0.516778 0 
0.516416 0.540893 0 
0.516394 0.542986 0 
0.51639 0.516618 0 
0.516384 0.539669 0 
0.516378 0.516939 0 
0.516301 0.538687 0 
0.516293 0.538898 0 
0.516285 0.540252 0 
0.516273 0.518093 0 
0.516261 0.540924 0 
0.516252 0.518881 0 
0.516248 0.51764 0 
0.516247 0.516929 0 
0.516154 0.541379 0 
0.516141 0.538687 0 
0.516123 0.538687 0 
0.516065 0.542514 0 
0.516055 0.516532 0 
0.516046 0.51893 0 
0.515949 0.542646 0 
0.515948 0.541265 0 
0.515891 0.516776 0 
0.51579 0.541282 0 
0.51578 0.541376 0 
0.515745 0.520304 0 
0.515729 0.54008 0 
0.515725 0.518027 0 
0.515719 0.540202 0 
0.515688 0.515748 0 
0.515656 0.54008 0 
0.515654 0.541543 0 
0.515651 0.517124 0 
0.515648 0.540958 0 
0.515604 0.540593 0 
0.515562 0.540999 0 
0.51554 0.515693 0 
0.515533 0.541376 0 
0.515513 0.515954 0 
0.51551 0.516726 0 
0.51549 0.520162 0 
0.515485 0.518196 0 
0.515419 0.516348 0 
0.515374 0.541476 0 
0.51535 0.539669 0 
0.515326 0.54008 0 
0.515277 0.517391 0 
0.515242 0.517109 0 
0.515228 0.516031 0 
0.515213 0.516475 0 
0.515197 0.54239 0 
0.515192 0.516505 0 
0.515188 0.544788 0 
0.515155 0.516786 0 
0.515146 0.5182 0 
0.515112 0.542947 0 
0.515096 0.543216 0 
0.515089 0.51643 0 
0.515083 0.51764 0 
0.515077 0.540925 0 
0.515067 0.547412 0 
0.515053 0.540504 0 
0.515035 0.516423 0 
0.514989 0.515259 0 
0.514959 0.54153 0 
0.514958 0.543282 0 
0.514951 0.520285 0 
0.514915 0.515866 0 
0.51491 0.516862 0 
0.514897 0.544979 0 
0.514895 0.515754 0 
0.514886 0.54366 0 
0.514886 0.517741 0 
0.514872 0.539669 0 
0.514844 0.540624 0 
0.514828 0.542525 0 
0.514824 0.517794 0 
0.514803 0.542161 0 
0.514795 0.540958 0 
0.514793 0.542397 0 
0.514788 0.540252 0 
0.514777 0.543925 0 
0.514773 0.518276 0 
0.514767 0.520078 0 
0.514714 0.515754 0 
0.514614 0.515866 0 
0.514594 0.516188 0 
0.514584 0.515776 0 
0.514556 0.540999 0 
0.514544 0.519323 0 
0.514537 0.541281 0 
0.514528 0.540972 0 
0.514527 0.542268 0 
0.51452 0.542752 0 
0.514483 0.540907 0 
0.514472 0.540679 0 
0.514457 0.520304 0 
0.514457 0.517837 0 
0.514452 0.518501 0 
0.514434 0.540252 0 
0.514418 0.544698 0 
0.514409 0.521914 0 
0.514403 0.5182 0 
0.514393 0.540504 0 
0.514361 0.519986 0 
0.514358 0.540958 0 
0.51432 0.520078 0 
0.514309 0.518914 0 
0.514289 0.515664 0 
0.514273 0.544354 0 
0.514234 0.542643 0 
0.514228 0.541692 0 
0.514215 0.539669 0 
0.514206 0.517962 0 
0.51418 0.522227 0 
0.514176 0.541386 0 
0.514162 0.541417 0 
0.514155 0.516128 0 
0.514135 0.514919 0 
0.514122 0.520402 0 
0.514116 0.517943 0 
0.514105 0.542643 0 
0.514101 0.54008 0 
0.514068 0.53911 0 
0.514065 0.518311 0 
0.514058 0.540445 0 
0.514048 0.543438 0 
0.514029 0.519442 0 
0.513985 0.540826 0 
0.513975 0.540758 0 
0.513962 0.518781 0 
0.513959 0.543321 0 
0.513957 0.541037 0 
0.513946 0.518276 0 
0.513946 0.540455 0 
0.513937 0.516279 0 
0.513934 0.543203 0 
0.513932 0.519082 0 
0.513911 0.521266 0 
0.513873 0.540893 0 
0.513859 0.515338 0 
0.513849 0.540902 0 
0.513842 0.519018 0 
0.513836 0.541517 0 
0.513811 0.541037 0 
0.513803 0.517843 0 
0.513791 0.539673 0 
0.513768 0.517943 0 
0.513763 0.541381 0 
0.513755 0.514144 0 
0.513696 0.517262 0 
0.51368 0.519095 0 
0.513668 0.541378 0 
0.513639 0.541543 0 
0.513626 0.515854 0 
0.513575 0.513637 0 
0.513553 0.542514 0 
0.513552 0.546211 0 
0.51355 0.541207 0 
0.513542 0.51359 0 
0.513472 0.543946 0 
0.513434 0.513509 0 
0.51342 0.54477 0 
0.513366 0.540591 0 
0.513346 0.521932 0 
0.513335 0.540146 0 
0.513313 0.543296 0 
0.513305 0.517541 0 
0.513282 0.542158 0 
0.513232 0.541192 0 
0.513191 0.521534 0 
0.51318 0.540504 0 
0.513171 0.51692 0 
0.513158 0.518248 0 
0.513156 0.542184 0 
0.513149 0.518999 0 
0.513145 0.545057 0 
0.513125 0.541671 0 
0.513119 0.541852 0 
0.513112 0.51461 0 
0.513092 0.542161 0 
0.513091 0.541386 0 
0.513071 0.518585 0 
0.513043 0.513622 0 
0.513029 0.540758 0 
0.513011 0.543252 0 
0.513003 0.540566 0 
0.512987 0.540455 0 
0.512962 0.514265 0 
0.512953 0.542711 0 
0.512894 0.541256 0 
0.512869 0.540551 0 
0.512868 0.517368 0 
0.512841 0.545762 0 
0.512831 0.540807 0 
0.51283 0.540551 0 
0.512804 0.541852 0 
0.512788 0.514188 0 
0.512772 0.540758 0 
0.512713 0.53911 0 
0.512709 0.540972 0 
0.512693 0.542151 0 
0.512678 0.543173 0 
0.512649 0.541752 0 
0.512643 0.541256 0 
0.512642 0.51716 0 
0.51263 0.542804 0 
0.51263 0.54262 0 
0.512596 0.518585 0 
0.512497 0.542804 0 
0.512481 0.518171 0 
0.512402 0.541192 0 
0.512392 0.513339 0 
0.512383 0.514148 0 
0.512353 0.540146 0 
0.512292 0.543316 0 
0.512288 0.539808 0 
0.51223 0.540566 0 
0.51223 0.543925 0 
0.51221 0.542829 0 
0.512179 0.541326 0 
0.5121 0.540455 0 
0.512033 0.540455 0 
0.512014 0.513518 0 
0.512007 0.540902 0 
0.511982 0.543 0 
0.511978 0.541072 0 
0.511932 0.540882 0 
0.511911 0.512977 0 
0.511889 0.541752 0 
0.5118 0.541256 0 
0.511743 0.540901 0 
0.511685 0.54239 0 
0.511666 0.542514 0 
0.511574 0.542244 0 
0.511548 0.544278 0 
0.511542 0.542366 0 
0.511446 0.541517 0 
0.511411 0.541379 0 
0.511384 0.541089 0 
0.511374 0.542729 0 
0.511373 0.541281 0 
0.511167 0.541811 0 
0.511161 0.538687 0 
0.51103 0.543464 0 
0.511 0.541417 0 
0.510968 0.540907 0 
0.510965 0.542723 0 
0.510961 0.544458 0 
0.510941 0.53911 0 
0.510792 0.544152 0 
0.510709 0.538913 0 
0.510579 0.542892 0 
0.510578 0.542887 0 
0.510578 0.541072 0 
0.510482 0.511577 0 
0.510461 0.544207 0 
0.510271 0.544712 0 
0.510258 0.541265 0 
0.510218 0.541503 0 
0.510159 0.541852 0 
0.510123 0.541839 0 
0.509999 0.542793 0 
0.509975 0.542521 0 
0.509903 0.545594 0 
0.509718 0.543 0 
0.509304 0.545849 0 
0.219478 0.229177 1 
0.218363 0.224812 1 
0.2174 0.227467 1 
0.217069 0.226672 1 
0.216966 0.232534 1 
0.216817 0.226243 1 
0.216801 0.224655 1 
0.216781 0.224874 1 
0.216592 0.228604 1 
0.216529 0.224593 1 
0.216459 0.223977 1 
0.216325 0.227335 1 
0.215603 0.227382 1 
0.215509 0.224809 1 
0.215277 0.22763 1 
0.215265 0.224326 1 
0.215001 0.224446 1 
0.214942 0.228826 1 
0.214718 0.224172 1 
0.214632 0.227349 1 
0.214599 0.226212 1 
0.214504 0.223863 1 
0.2145 0.228256 1 
0.214484 0.224086 1 
0.214428 0.223993 1 
0.21432 0.224852 1 
0.214272 0.221859 1 
0.214182 0.224382 1 
0.214169 0.22514 1 
0.214132 0.222437 1 
0.214113 0.223977 1 
0.214062 0.226154 1 
0.21402 0.223424 1 
0.213989 0.224178 1 
0.213924 0.225348 1 
0.213884 0.226686 1 
0.21385 0.223111 1 
0.213836 0.226039 1 
0.213694 0.228754 1 
0.213638 0.222675 1 
0.213565 0.221172 1 
0.213531 0.22848 1 
0.213394 0.224394 1 
0.213382 0.221996 1 
0.213358 0.227674 1 
0.213339 0.222532 1 
0.213263 0.230956 1 
0.213245 0.224812 1 
0.213158 0.223673 1 
0.213155 0.224715 1 
0.213095 0.214151 1 
0.213054 0.224594 1 
0.213026 0.226116 1 
0.212895 0.223323 1 
0.212785 0.227598 1 
0.212781 0.222325 1 
0.212768 0.226196 1 
0.212754 0.22641 1 
0.212712 0.229728 1 
0.212633 0.224347 1 
0.212578 0.227961 1 
0.212544 0.224762 1 
0.212536 0.223402 1 
0.212446 0.222792 1 
0.212423 0.221975 1 
0.212416 0.225572 1 
0.212389 0.224897 1 
0.212379 0.225282 1 
0.21233 0.228544 1 
0.212275 0.22513 1 
0.21216 0.222977 1 
0.212081 0.22519 1 
0.211978 0.225149 1 
0.211971 0.222325 1 
0.211851 0.224347 1 
0.211803 0.226212 1 
0.211736 0.227693 1 
0.211675 0.227612 1 
0.211664 0.224895 1 
0.211652 0.221172 1 
0.211633 0.222939 1 
0.211504 0.221923 1 
0.211449 0.222532 1 
0.211432 0.226111 1 
0.211407 0.221081 1 
0.211404 0.224749 1 
0.211396 0.220199 1 
0.211374 0.225847 1 
0.211359 0.222792 1 
0.211355 0.221081 1 
0.211346 0.224178 1 
0.211325 0.221175 1 
0.211303 0.22519 1 
0.211291 0.223323 1 
0.211272 0.222569 1 
0.211256 0.226097 1 
0.211224 0.224671 1 
0.211206 0.225133 1 
0.211177 0.228194 1 
0.211162 0.225839 1 
0.211159 0.224695 1 
0.211136 0.2115 1 
0.211132 0.222675 1 
0.210988 0.221859 1 
0.210982 0.227278 1 
0.21082 0.225847 1 
0.210729 0.211579 1 
0.210687 0.223046 1 
0.210658 0.211894 1 
0.210625 0.219762 1 
0.210613 0.227043 1 
0.210563 0.225348 1 
0.210535 0.225154 1 
0.210531 0.222977 1 
0.210483 0.221081 1 
0.210467 0.222891 1 
0.210424 0.222779 1 
0.2104 0.221263 1 
0.21035 0.225555 1 
0.210293 0.210702 1 
0.210177 0.221841 1 
0.210129 0.223759 1 
0.210125 0.227674 1 
0.210102 0.222353 1 
0.210089 0.221601 1 
0.210051 0.225748 1 
0.209959 0.220199 1 
0.209936 0.221336 1 
0.209884 0.226051 1 
0.209882 0.21079 1 
0.209853 0.219762 1 
0.209788 0.225348 1 
0.209697 0.221071 1 
0.209686 0.219762 1 
0.209676 0.210579 1 
0.209658 0.21003 1 
0.209652 0.221996 1 
0.209624 0.222939 1 
0.209617 0.211017 1 
0.209576 0.211747 1 
0.209501 0.210477 1 
0.20945 0.223328 1 
0.209418 0.227267 1 
0.20941 0.224749 1 
0.209381 0.209473 1 
0.209371 0.223046 1 
0.209363 0.222361 1 
0.209363 0.2116 1 
0.209321 0.223673 1 
0.209316 0.210142 1 
0.209282 0.209637 1 
0.209274 0.210053 1 
0.20924 0.21056 1 
0.209233 0.20946 1 
0.209216 0.211057 1 
0.209197 0.210759 1 
0.209184 0.221175 1 
0.209106 0.209531 1 
0.209086 0.224695 1 
0.209063 0.212842 1 
0.209026 0.209945 1 
0.208973 0.209096 1 
0.208965 0.212635 1 
0.208936 0.224145 1 
0.208927 0.223402 1 
0.208887 0.224814 1 
0.208845 0.223328 1 
0.208758 0.222437 1 
0.208751 0.209692 1 
0.208691 0.221336 1 
0.208673 0.227693 1 
0.208657 0.222891 1 
0.208654 0.208963 1 
0.208644 0.225877 1 
0.208612 0.223205 1 
0.20859 0.221172 1 
0.208582 0.221071 1 
0.20858 0.224973 1 
0.208573 0.20925 1 
0.208546 0.221071 1 
0.208439 0.208647 1 
0.208402 0.209269 1 
0.208399 0.210569 1 
0.208397 0.228327 1 
0.208381 0.20847 1 
0.208356 0.221601 1 
0.208307 0.222823 1 
0.208301 0.211638 1 
0.208293 0.224589 1 
0.208156 0.212246 1 
0.208127 0.224079 1 
0.208117 0.20844 1 
0.208053 0.211627 1 
0.208006 0.224671 1 
0.208005 0.220451 1 
0.207987 0.221071 1 
0.20798 0.20855 1 
0.207891 0.222437 1 
0.207872 0.211092 1 
0.207866 0.208168 1 
0.20786 0.224326 1 
0.207772 0.219762 1 
0.207754 0.220199 1 
0.207736 0.225939 1 
0.207724 0.222153 1 
0.207685 0.227792 1 
0.207641 0.208346 1 
0.207601 0.221736 1 
0.207581 0.22641 1 
0.207571 0.228598 1 
0.207564 0.221841 1 
0.207538 0.223111 1 
0.207532 0.22323 1 
0.207475 0.208086 1 
0.207438 0.212239 1 
0.207409 0.209904 1 
0.207381 0.209528 1 
0.207337 0.224715 1 
0.207329 0.20887 1 
0.207315 0.209176 1 
0.207269 0.224589 1 
0.20717 0.225319 1 
0.207102 0.221601 1 
0.207097 0.207453 1 
0.207083 0.219498 1 
0.207012 0.22562 1 
0.206989 0.225426 1 
0.206962 0.21042 1 
0.206957 0.227612 1 
0.2069 0.221859 1 
0.206882 0.208522 1 
0.206868 0.207524 1 
0.206848 0.221081 1 
0.206825 0.222413 1 
0.206804 0.210203 1 
0.206792 0.222779 1 
0.206759 0.224792 1 
0.206744 0.209396 1 
0.206716 0.209373 1 
0.206712 0.222361 1 
0.206673 0.221736 1 
0.206643 0.209528 1 
0.206608 0.219647 1 
0.206568 0.208372 1 
0.20654 0.209308 1 
0.206495 0.222939 1 
0.206495 0.207088 1 
0.206473 0.224941 1 
0.206419 0.224762 1 
0.20637 0.222153 1 
0.206368 0.206445 1 
0.206354 0.210901 1 
0.206342 0.2099 1 
0.206338 0.206355 1 
0.206297 0.223359 1 
0.206218 0.210424 1 
0.20621 0.221975 1 
0.206203 0.224871 1 
0.206199 0.224973 1 
0.20616 0.209319 1 
0.206148 0.208138 1 
0.206148 0.221071 1 
0.206144 0.209705 1 
0.206117 0.212097 1 
0.206099 0.21921 1 
0.206093 0.206211 1 
0.206083 0.223008 1 
0.20605 0.222172 1 
0.206002 0.208336 1 
0.205994 0.221263 1 
0.205968 0.207488 1 
0.205935 0.205947 1 
0.205903 0.206003 1 
0.205898 0.223323 1 
0.205891 0.209319 1 
0.205876 0.223402 1 
0.20585 0.209054 1 
0.205847 0.209668 1 
0.205824 0.224599 1 
0.205823 0.222823 1 
0.205784 0.221975 1 
0.205733 0.224671 1 
0.205704 0.223621 1 
0.205657 0.208105 1 
0.205644 0.213373 1 
0.20562 0.223403 1 
0.20561 0.221601 1 
0.205477 0.209903 1 
0.205443 0.207908 1 
0.205432 0.223993 1 
0.205421 0.225133 1 
0.205384 0.223623 1 
0.205369 0.21921 1 
0.205365 0.222675 1 
0.20534 0.224554 1 
0.205337 0.225149 1 
0.205321 0.224671 1 
0.20532 0.222891 1 
0.205287 0.222891 1 
0.205282 0.222445 1 
0.205234 0.223621 1 
0.20521 0.221841 1 
0.205076 0.224895 1 
0.205064 0.224242 1 
0.205051 0.206902 1 
0.205039 0.221172 1 
0.205011 0.205574 1 
0.204991 0.227481 1 
0.204975 0.222569 1 
0.204932 0.224941 1 
0.204909 0.21921 1 
0.20481 0.20837 1 
0.204805 0.220199 1 
0.204756 0.223424 1 
0.204735 0.222099 1 
0.204707 0.221736 1 
0.204608 0.222353 1 
0.204567 0.222408 1 
0.204551 0.221996 1 
0.204474 0.222921 1 
0.204466 0.230208 1 
0.204464 0.222403 1 
0.204451 0.226111 1 
0.204449 0.208684 1 
0.204353 0.222099 1 
0.204307 0.223354 1 
0.204281 0.222158 1 
0.204255 0.205507 1 
0.204248 0.221175 1 
0.204217 0.22515 1 
0.204211 0.222099 1 
0.204201 0.221923 1 
0.204192 0.206106 1 
0.20413 0.223359 1 
0.204022 0.204127 1 
0.204014 0.206095 1 
0.20395 0.223046 1 
0.203919 0.212128 1 
0.203902 0.222163 1 
0.203844 0.204716 1 
0.203825 0.206795 1 
0.203613 0.222321 1 
0.203483 0.223008 1 
0.203468 0.22323 1 
0.203368 0.204975 1 
0.203364 0.223359 1 
0.203352 0.225208 1 
0.20333 0.20836 1 
0.203134 0.22431 1 
0.202929 0.222977 1 
0.202742 0.210018 1 
0.202605 0.219498 1 
0.202568 0.204929 1 
0.202474 0.207907 1 
0.20206 0.223008 1 
0.201563 0.222099 1 
0.102295 0.105894 2 
0.101535 0.103586 2 
0.101318 0.102242 2 
0.100662 0.101847 2 
0.100372 0.101952 2 
0.10005 0.101352 2 
0.0999655 0.10056 2 
0.099368 0.101854 2 
0.099133 0.099513 2 
0.0985345 0.100783 2 
0.0985058 0.099508 2 
0.0984541 0.102888 2 
0.0982195 0.104487 2 
0.098175 0.0988752 2 
0.0980024 0.100915 2 
0.0979426 0.102583 2 
0.0976885 0.0995294 2 
0.0976676 0.100773 2 
0.0975192 0.0983363 2 
0.0973282 0.0988062 2 
0.097288 0.102889 2 
0.0972191 0.0987045 2 
0.0972063 0.0983539 2 
0.0970694 0.103544 2 
0.0970203 0.0995676 2 
0.0969784 0.0981307 2 
0.0969636 0.102622 2 
0.0969273 0.099811 2 
0.0968854 0.101262 2 
0.096826 0.0984389 2 
0.0968198 0.10056 2 
0.0967841 0.101787 2 
0.0967307 0.100583 2 
0.0966835 0.0996393 2 
0.0966257 0.0981596 2 
0.0965781 0.102431 2 
0.0964968 0.100138 2 
0.096453 0.0993512 2 
0.0964043 0.0971315 2 
0.0962364 0.0979768 2 
0.0962175 0.0976159 2 
0.0960681 0.0987148 2 
0.0960675 0.0994001 2 
0.0960585 0.0973907 2 
0.0960149 0.100469 2 
0.095997 0.0992814 2 
0.0959627 0.0995497 2 
0.0959151 0.099781 2 
0.0958123 0.101528 2 
0.0957463 0.100695 2 
0.0957071 0.0968117 2 
0.0957025 0.0976136 2 
0.0956948 0.0958908 2 
0.095679 0.0984951 2 
0.0956534 0.0972465 2 
0.0956525 0.0964136 2 
0.0955609 0.0992253 2 
0.095504 0.102214 2 
0.0953624 0.101528 2 
0.0953623 0.0984951 2 
0.0953169 0.101126 2 
0.0952453 0.0988752 2 
0.0952421 0.0980713 2 
0.0952387 0.102138 2 
0.0952384 0.100832 2 
0.09521 0.0974499 2 
0.0951811 0.0997612 2 
0.0951453 0.100047 2 
0.0951208 0.0993371 2 
0.0951028 0.0951857 2 
0.0950693 0.0971005 2 
0.0950497 0.0969037 2 
0.0949419 0.0982212 2 
0.0949342 0.0992266 2 
0.0949041 0.0951442 2 
0.0948209 0.099617 2 
0.094792 0.100821 2 
0.0947568 0.0970499 2 
0.0947322 0.0992816 2 
0.0947225 0.0983077 2 
0.094717 0.0974499 2 
0.0947138 0.097562 2 
0.0945887 0.099811 2 
0.0945531 0.0955356 2 
0.0945362 0.101374 2 
0.0945327 0.0952434 2 
0.0945232 0.100531 2 
0.0944812 0.09869 2 
0.0944574 0.0968117 2 
0.0943465 0.0959709 2 
0.0943186 0.0945061 2 
0.0942364 0.0973907 2 
0.0941188 0.0994761 2 
0.0940709 0.0967083 2 
0.094065 0.0959379 2 
0.0940402 0.099543 2 
0.0940399 0.10197 2 
0.0939279 0.100696 2 
0.0938592 0.101176 2 
0.0938296 0.0946264 2 
0.0938185 0.0959379 2 
0.0937488 0.0981596 2 
0.0936909 0.0994536 2 
0.0936479 0.0989187 2 
0.0936117 0.101201 2 
0.0935697 0.0996393 2 
0.0935262 0.099743 2 
0.0934963 0.0945636 2 
0.0934867 0.100242 2 
0.093462 0.0975618 2 
0.0934346 0.0958603 2 
0.0934118 0.0959379 2 
0.0933776 0.100152 2 
0.093375 0.0989894 2 
0.093348 0.0994761 2 
0.0933475 0.0956177 2 
0.0933413 0.0993798 2 
0.0933075 0.0961191 2 
0.0932872 0.0992322 2 
0.0932814 0.0973671 2 
0.0932762 0.093859 2 
0.0932709 0.0982655 2 
0.0932475 0.0947747 2 
0.0932474 0.0939886 2 
0.0932469 0.0998273 2 
0.0932179 0.0971005 2 
0.0931666 0.093743 2 
0.0931139 0.0960451 2 
0.0930961 0.0970499 2 
0.0930877 0.0937701 2 
0.0930704 0.0985192 2 
0.0930671 0.0958908 2 
0.0930521 0.09869 2 
0.0930253 0.102273 2 
0.0930212 0.0978855 2 
0.0930053 0.0968687 2 
0.092957 0.100807 2 
0.0929442 0.0957777 2 
0.0929391 0.0951857 2 
0.0929048 0.0960451 2 
0.0928982 0.0970516 2 
0.09287 0.0938112 2 
0.0928667 0.0958106 2 
0.0928403 0.0956177 2 
0.0927971 0.0999697 2 
0.0927623 0.0937152 2 
0.0927443 0.0971315 2 
0.0926645 0.0928322 2 
0.0926301 0.0941267 2 
0.0926279 0.0936097 2 
0.0926089 0.095693 2 
0.0925415 0.0936861 2 
0.0924773 0.0963807 2 
0.0924538 0.0986306 2 
0.0924423 0.0965585 2 
0.0924173 0.0952749 2 
0.0924039 0.0971315 2 
0.0924024 0.0994536 2 
0.0923973 0.0929474 2 
0.0923906 0.0991269 2 
0.0923229 0.0936097 2 
0.0922911 0.0979327 2 
0.0922589 0.0963807 2 
0.0922317 0.0939598 2 
0.092176 0.0972465 2 
0.0921711 0.0973671 2 
0.0921522 0.0925203 2 
0.0921017 0.095693 2 
0.0920131 0.0944621 2 
0.0920006 0.0951857 2 
0.0919985 0.0985192 2 
0.0919941 0.0982212 2 
0.0919375 0.0949229 2 
0.0919097 0.093806 2 
0.0918703 0.104091 2 
0.0918676 0.0981307 2 
0.0918579 0.0921711 2 
0.0918369 0.0968687 2 
0.0918295 0.0956177 2 
0.0918181 0.0924578 2 
0.0918177 0.0987796 2 
0.0918039 0.0966864 2 
0.0917809 0.0919916 2 
0.0917794 0.1005 2 
0.0917464 0.0998349 2 
0.0916899 0.0983692 2 
0.0916165 0.0980713 2 
0.0916076 0.0942648 2 
0.0916027 0.0924112 2 
0.0915512 0.100198 2 
0.0914736 0.0972465 2 
0.0914494 0.094973 2 
0.0914481 0.0915309 2 
0.091443 0.0922793 2 
0.091411 0.0998818 2 
0.0913992 0.0997628 2 
0.0913679 0.0983077 2 
0.0913129 0.0964534 2 
0.0913003 0.0933591 2 
0.0912779 0.0974746 2 
0.0912547 0.0941136 2 
0.091183 0.0959709 2 
0.0911788 0.0918926 2 
0.0911595 0.0994761 2 
0.0911554 0.091744 2 
0.0911439 0.0992253 2 
0.0911412 0.0933841 2 
0.0911276 0.0960451 2 
0.0911051 0.0940959 2 
0.0910896 0.0932897 2 
0.091086 0.0958106 2 
0.0910588 0.102005 2 
0.0909865 0.0961689 2 
0.0909307 0.0965585 2 
0.0909112 0.0975618 2 
0.0909058 0.101326 2 
0.0909056 0.0909214 2 
0.0908438 0.0918303 2 
0.090842 0.0963807 2 
0.0908115 0.0973671 2 
0.0907865 0.0924112 2 
0.0906918 0.0929651 2 
0.090645 0.0906636 2 
0.0906168 0.0979327 2 
0.0905806 0.0977802 2 
0.0905486 0.0984951 2 
0.0905386 0.099811 2 
0.090519 0.0927741 2 
0.0905051 0.0969037 2 
0.0904955 0.0968628 2 
0.0904838 0.0912507 2 
0.0904802 0.0970516 2 
0.0904635 0.0906979 2 
0.0904303 0.0968628 2 
0.0904042 0.0977216 2 
0.0903963 0.0932631 2 
0.0903903 0.0974746 2 
0.0903869 0.0979818 2 
0.0903594 0.0983363 2 
0.0903365 0.0993046 2 
0.0903204 0.0904663 2 
0.0903086 0.0935097 2 
0.0903025 0.0904646 2 
0.0902856 0.0968117 2 
0.0902593 0.0975618 2 
0.0902592 0.0968982 2 
0.0902469 0.0961191 2 
0.0902381 0.0987982 2 
0.090193 0.0908556 2 
0.0901756 0.0924568 2 
0.0901749 0.0992322 2 
0.0901298 0.0911317 2 
0.0900963 0.0986177 2 
0.0900369 0.091904 2 
0.0900179 0.0977216 2 
0.0900164 0.0900459 2 
0.0899954 0.0987982 2 
0.0899323 0.0994536 2 
0.0899198 0.0920016 2 
0.0898818 0.0965585 2 
0.0898692 0.0944906 2 
0.0898449 0.093144 2 
0.0898256 0.0982212 2 
0.0897868 0.0960451 2 
0.0897755 0.0936097 2 
0.0897618 0.0977216 2 
0.0897178 0.0961663 2 
0.0896766 0.0931753 2 
0.0896396 0.0946996 2 
0.0896331 0.0935177 2 
0.0896113 0.0996465 2 
0.0896023 0.0961191 2 
0.0895725 0.0961663 2 
0.0895004 0.0930877 2 
0.089451 0.0907517 2 
0.0893708 0.0975269 2 
0.0893697 0.0940959 2 
0.0893346 0.090496 2 
0.0892083 0.0924568 2 
0.0891919 0.0934259 2 
0.0891627 0.0972465 2 
0.0891571 0.0960451 2 
0.0891338 0.0969037 2 
0.0891051 0.0940959 2 
0.0890954 0.0908016 2 
0.0890788 0.0942509 2 
0.0890754 0.0928717 2 
0.0889952 0.0987148 2 
0.088982 0.0991034 2 
0.0889401 0.0972465 2 
0.0889401 0.0891264 2 
0.0889092 0.0976159 2 
0.0889012 0.0972465 2 
0.0888647 0.0952749 2 
0.0888275 0.0961689 2 
0.088803 0.0963138 2 
0.0887944 0.0983077 2 
0.0887848 0.0918296 2 
0.0887815 0.10167 2 
0.0887802 0.0908824 2 
0.0887607 0.0976136 2 
0.0887584 0.0890828 2 
0.0887075 0.0958908 2 
0.0886825 0.0992892 2 
0.0886109 0.0976159 2 
0.0885798 0.0907441 2 
0.0885751 0.0994536 2 
0.0885473 0.0910788 2 
0.088506 0.0951857 2 
0.0884712 0.0901901 2 
0.0884623 0.0884683 2 
0.0884148 0.0908556 2 
0.0883988 0.0903675 2 
0.088394 0.0966864 2 
0.0883906 0.0967083 2 
0.0883749 0.0976136 2 
0.0883073 0.099743 2 
0.0882088 0.0965585 2 
0.0881819 0.0950306 2 
0.0881806 0.0970499 2 
0.0881368 0.0979513 2 
0.0880869 0.0993371 2 
0.0878895 0.0970516 2 
0.0878763 0.0976159 2 
0.0878675 0.0977519 2 
0.0878115 0.0941145 2 
0.0878027 0.0971989 2 
0.0877987 0.0946996 2 
0.0877094 0.0977283 2 
0.0877045 0.097326 2 
0.0876978 0.0971989 2 
0.0876764 0.0988913 2 
0.0875099 0.0902249 2 
0.0874662 0.0885969 2 
0.0874341 0.0963807 2 
0.0873538 0.0959709 2 
0.0872669 0.0884683 2 
0.0871794 0.0972457 2 
0.0871716 0.0961663 2 
0.0871656 0.0974104 2 
0.0871516 0.0889648 2 
0.0870316 0.0890366 2 
0.0869997 0.0973355 2 
0.0869962 0.0888671 2 
0.0869189 0.0979768 2 
0.0866879 0.0936015 2 
0.0860439 0.098057 2 
0.085914 0.0968687 2 
0.0853086 0.0904438 2 
0.0482655 0.0494747 3 
0.0480712 0.0487748 3 
0.0475723 0.049168 3 
0.0473111 0.0473931 3 
0.0470583 0.0487914 3 
0.046907 0.0475942 3 
0.0468419 0.048019 3 
0.0468346 0.0491133 3 
0.046795 0.0480322 3 
0.0467627 0.0470071 3 
0.0466785 0.0477481 3 
0.0465334 0.0472318 3 
0.0462954 0.0468635 3 
0.0462756 0.0469367 3 
0.0460312 0.0474462 3 
0.0460227 0.0461461 3 
0.0459667 0.0461605 3 
0.045836 0.0459309 3 
0.0458034 0.0466814 3 
0.0457715 0.0465346 3 
0.045766 0.0480706 3 
0.0457153 0.0459367 3 
0.0456298 0.047372 3 
0.0455685 0.0458552 3 
0.0455551 0.0457829 3 
0.0454414 0.0478083 3 
0.0453564 0.045574 3 
0.0452219 0.0465457 3 
0.0451795 0.0457829 3 
0.0451724 0.046513 3 
0.0451671 0.0476667 3 
0.0451458 0.0476992 3 
0.0451252 0.0452625 3 
0.0451226 0.0466708 3 
0.0451194 0.0475608 3 
0.0450563 0.0464238 3 
0.0449264 0.0451338 3 
0.0448849 0.0459339 3 
0.0448499 0.0457485 3 
0.0448144 0.0453727 3 
0.0447944 0.0459283 3 
0.044772 0.0470264 3 
0.0447007 0.0456439 3 
0.044655 0.044812 3 
0.0446472 0.0446856 3 
0.0445983 0.046337 3 
0.0445789 0.0459367 3 
0.0445525 0.0449287 3 
0.0445518 0.0451936 3 
0.0445496 0.0451472 3 
0.0445271 0.0450949 3 
0.0445223 0.0472577 3 
0.0444794 0.0469291 3 
0.044441 0.0445099 3 
0.044408 0.046385 3 
0.0444064 0.046385 3 
0.0444035 0.0458389 3 
0.044391 0.0458217 3 
0.0441724 0.0466814 3 
0.0441145 0.0463471 3 
0.0440931 0.0448539 3 
0.0440838 0.0446853 3 
0.0440678 0.0460911 3 
0.0440395 0.0445885 3 
0.044039 0.0449319 3 
0.0440371 0.0454395 3 
0.0440251 0.0443216 3 
0.0440235 0.0454957 3 
0.0439889 0.0446249 3 
0.043941 0.0448859 3 
0.0439112 0.0495245 3 
0.0439096 0.0440302 3 
0.0438903 0.0478083 3 
0.0438669 0.0455877 3 
0.0438505 0.0467858 3 
0.043832 0.046325 3 
0.0438128 0.0453736 3 
0.043784 0.0442313 3 
0.0437735 0.0445357 3 
0.043714 0.0438835 3 
0.0437028 0.0468499 3 
0.043694 0.0462094 3 
0.0436801 0.0455738 3 
0.0436654 0.0443775 3 
0.0436614 0.0440897 3 
0.0436582 0.0476153 3 
0.0436564 0.0440302 3 
0.0436399 0.0438725 3 
0.0436246 0.0450342 3 
0.0436077 0.0436558 3 
0.0435454 0.044181 3 
0.0435307 0.0451936 3 
0.0435226 0.0440275 3 
0.0435041 0.0463471 3 
0.043497 0.0465981 3 
0.0434449 0.0439378 3 
0.0433927 0.0462894 3 
0.0433889 0.0458085 3 
0.0433853 0.0439378 3 
0.0433679 0.0443137 3 
0.0433457 0.0436198 3 
0.0433368 0.0442323 3 
0.0433362 0.0460279 3 
0.0433281 0.0460942 3 
0.0433033 0.044982 3 
0.0432918 0.0465726 3 
0.0432865 0.0435084 3 
0.0432718 0.0439063 3 
0.0432246 0.0465981 3 
0.0432205 0.0441634 3 
0.0432032 0.0446423 3 
0.0432015 0.0460062 3 
0.0431762 0.0464944 3 
0.0431604 0.046513 3 
0.0431552 0.0456439 3 
0.0431434 0.0442153 3 
0.0431345 0.0443281 3 
0.0431338 0.0443863 3 
0.0431273 0.0431744 3 
0.0430458 0.0433633 3 
0.0430232 0.0447856 3 
0.0430166 0.0453061 3 
0.0429987 0.0460024 3 
0.0429967 0.0455632 3 
0.0429595 0.0463218 3 
0.0429476 0.0443473 3 
0.0429446 0.0446754 3 
0.0429445 0.0443137 3 
0.0429307 0.0438268 3 
0.0428997 0.0445492 3 
0.0428744 0.0445081 3 
0.0428369 0.0434956 3 
0.0427939 0.0429868 3 
0.0427394 0.046385 3 
0.0427165 0.0432742 3 
0.0427042 0.0459788 3 
0.0426915 0.0432272 3 
0.0426849 0.0445081 3 
0.042675 0.0440302 3 
0.042582 0.045056 3 
0.0425583 0.0427731 3 
0.042526 0.0447055 3 
0.0425229 0.0444474 3 
0.0425208 0.0438725 3 
0.0425144 0.0443449 3 
0.0424848 0.0463612 3 
0.0424814 0.0476366 3 
0.0424575 0.0445492 3 
0.0424434 0.0445492 3 
0.0424358 0.0432072 3 
0.0424274 0.0445581 3 
0.0423822 0.0446423 3 
0.0423805 0.0455294 3 
0.0423574 0.0430354 3 
0.0423505 0.0448942 3 
0.0423426 0.0450831 3 
0.0422944 0.0431381 3 
0.0422886 0.044909 3 
0.0422862 0.0424113 3 
0.0422853 0.0434245 3 
0.0422736 0.0426957 3 
0.0422718 0.0426957 3 
0.0422545 0.0439056 3 
0.0422456 0.0432598 3 
0.0422448 0.0450086 3 
0.0421618 0.0448859 3 
0.0421426 0.0431726 3 
0.0421416 0.0443775 3 
0.0421398 0.044557 3 
0.0421354 0.0453603 3 
0.0420954 0.0436306 3 
0.04208 0.0434956 3 
0.0420694 0.0449303 3 
0.0420632 0.0445357 3 
0.0420428 0.0453061 3 
0.0420296 0.0445357 3 
0.0420204 0.0430341 3 
0.0419759 0.044439 3 
0.0419747 0.0472528 3 
0.0419626 0.0445969 3 
0.0419586 0.0430022 3 
0.0419383 0.045748 3 
0.0419007 0.0446415 3 
0.0418972 0.0443863 3 
0.0418926 0.0444474 3 
0.0418859 0.0452625 3 
0.0418839 0.0440822 3 
0.0418762 0.0438447 3 
0.0418568 0.0443449 3 
0.0418516 0.0459367 3 
0.04184 0.0440822 3 
0.041832 0.0433676 3 
0.0417878 0.0453333 3 
0.0417759 0.0446277 3 
0.041762 0.0424858 3 
0.041684 0.0452401 3 
0.0416674 0.0435084 3 
0.0416626 0.0417633 3 
0.0416356 0.0417049 3 
0.041607 0.0448602 3 
0.0416059 0.0416182 3 
0.0415953 0.04451 3 
0.0415684 0.0416222 3 
0.0415541 0.0439499 3 
0.0415492 0.0457068 3 
0.0415322 0.0438791 3 
0.0414939 0.044573 3 
0.0414508 0.0453284 3 
0.0413973 0.0435205 3 
0.0413074 0.0424809 3 
0.0412868 0.044907 3 
0.0412859 0.0438447 3 
0.0412646 0.0453727 3 
0.041264 0.0441451 3 
0.0412572 0.0425241 3 
0.041255 0.0430354 3 
0.0411708 0.0446493 3 
0.0411303 0.0442593 3 
0.0411278 0.0442213 3 
0.0411159 0.0451018 3 
0.0411151 0.0432787 3 
0.0411019 0.0436306 3 
0.0410539 0.0416963 3 
0.0410437 0.0435256 3 
0.0410429 0.0444958 3 
0.0410398 0.0422848 3 
0.0409795 0.0441178 3 
0.0409794 0.0422322 3 
0.0409602 0.0456532 3 
0.0408668 0.0438268 3 
0.0408437 0.0431456 3 
0.0408398 0.0431223 3 
0.0408144 0.0463471 3 
0.0408093 0.0425179 3 
0.0408055 0.0447921 3 
0.040785 0.0422322 3 
0.0407788 0.0454693 3 
0.0407667 0.0476366 3 
0.0407436 0.0447856 3 
0.0407413 0.0457643 3 
0.0407388 0.0411258 3 
0.0407104 0.0446805 3 
0.0407076 0.0444958 3 
0.04067 0.0438383 3 
0.0406699 0.0459309 3 
0.0406509 0.044181 3 
0.0406445 0.0443626 3 
0.0406157 0.0442153 3 
0.0406082 0.0448721 3 
0.0405811 0.0454957 3 
0.0405784 0.0424858 3 
0.0405783 0.0421989 3 
0.0405675 0.0421146 3 
0.0405665 0.0443775 3 
0.0405634 0.044907 3 
0.0405547 0.0449303 3 
0.0403991 0.0451018 3 
0.0403561 0.0432272 3 
0.0403541 0.0447055 3 
0.0403483 0.041633 3 
0.0403303 0.0417008 3 
0.0402567 0.0455877 3 
0.0402389 0.0444958 3 
0.0402279 0.0449303 3 
0.0402216 0.044439 3 
0.0402192 0.0459188 3 
0.0402182 0.0447156 3 
0.0401545 0.0428181 3 
0.0401362 0.0406467 3 
0.0400926 0.0406772 3 
0.0400867 0.0447921 3 
0.040073 0.0401453 3 
0.0400646 0.0441634 3 
0.0400616 0.0448956 3 
0.0400566 0.0447156 3 
0.0399815 0.044907 3 
0.0398651 0.0439378 3 
0.0398573 0.0447368 3 
0.0398083 0.0414113 3 
0.0397886 0.0444991 3 
0.039783 0.0440822 3 
0.0397255 0.0450427 3 
0.0396632 0.0399939 3 
0.0396487 0.0442213 3 
0.0396068 0.0448571 3 
0.0395887 0.0448571 3 
0.0394554 0.0452008 3 
0.0394256 0.0406865 3 
0.0392476 0.0435084 3 
0.0392347 0.0441921 3 
0.0384157 0.0417705 3 
0.0236007 0.0240709 4 
0.0233363 0.0240745 4 
0.0232008 0.0235674 4 
0.0231852 0.0232435 4 
0.0227892 0.023399 4 
0.0225592 0.0227539 4 
0.0224862 0.0230986 4 
0.0224738 0.0232985 4 
0.0224582 0.023475 4 
0.0224241 0.0226227 4 
0.0224028 0.0226428 4 
0.0223559 0.0225214 4 
0.0223212 0.0227851 4 
0.0222732 0.0225387 4 
0.0221962 0.0230049 4 
0.0221893 0.0228909 4 
0.0221726 0.022536 4 
0.0221709 0.0222248 4 
0.0220847 0.0223379 4 
0.022074 0.0224121 4 
0.0219554 0.0225227 4 
0.0219498 0.0220882 4 
0.0219184 0.0224472 4 
0.0218756 0.0229015 4 
0.0218726 0.022188 4 
0.0217971 0.0225202 4 
0.0217721 0.023935 4 
0.0217435 0.0221982 4 
0.0217178 0.0220137 4 
0.0216963 0.0225214 4 
0.0216676 0.0224497 4 
0.021627 0.0216475 4 
0.0216255 0.0227192 4 
0.0215632 0.021788 4 
0.0215618 0.0219629 4 
0.0215303 0.0217526 4 
0.0214646 0.0223379 4 
0.0214576 0.0214865 4 
0.021446 0.02168 4 
0.0214361 0.0227897 4 
0.0214156 0.0224697 4 
0.0213924 0.022349 4 
0.0213827 0.0218454 4 
0.0213703 0.0222691 4 
0.0213308 0.0221743 4 
0.0213203 0.0224968 4 
0.0213175 0.0229186 4 
0.0213115 0.0218994 4 
0.0213044 0.0221213 4 
0.0212704 0.0225788 4 
0.0212642 0.0224383 4 
0.0212575 0.0220882 4 
0.0212532 0.0212849 4 
0.0212032 0.0218567 4 
0.0211877 0.0230986 4 
0.0211719 0.0214615 4 
0.0211635 0.0218635 4 
0.0211492 0.0212193 4 
0.0211458 0.0212442 4 
0.0211349 0.0227383 4 
0.021124 0.0225076 4 
0.0211232 0.0213906 4 
0.0211208 0.0212458 4 
0.0211008 0.0213038 4 
0.0210845 0.0218289 4 
0.0210634 0.0212458 4 
0.0210211 0.0211205 4 
0.0209986 0.0213778 4 
0.0209979 0.021155 4 
0.0209892 0.0222691 4 
0.0209873 0.0212849 4 
0.0209364 0.021134 4 
0.0209362 0.0212022 4 
0.0209304 0.0223328 4 
0.0209251 0.0214259 4 
0.0209208 0.0219295 4 
0.0209146 0.021201 4 
0.0209024 0.0224055 4 
0.0208952 0.0223707 4 
0.0208643 0.0224002 4 
0.0208133 0.0209344 4 
0.0208068 0.0209143 4 
0.0207988 0.0213795 4 
0.0207985 0.0210206 4 
0.0207925 0.0216054 4 
0.0207875 0.0217896 4 
0.0207748 0.0218525 4 
0.0207625 0.0217485 4 
0.0207621 0.0212257 4 
0.0207557 0.0216746 4 
0.0207297 0.0212376 4 
0.0207269 0.0211355 4 
0.0207223 0.0223633 4 
0.0207207 0.0210336 4 
0.020715 0.0210777 4 
0.020714 0.0216051 4 
0.0207059 0.0210581 4 
0.0207057 0.0212442 4 
0.0206871 0.0210231 4 
0.0206849 0.0217061 4 
0.0206673 0.0210777 4 
0.0206618 0.0209571 4 
0.0206609 0.0211842 4 
0.0206424 0.0209329 4 
0.0206406 0.021201 4 
0.0206339 0.0212264 4 
0.020616 0.0227897 4 
0.02057 0.0212217 4 
0.0205561 0.0213296 4 
0.0205274 0.0209576 4 
0.0205218 0.0205524 4 
0.0205193 0.0216975 4 
0.0204895 0.0212629 4 
0.020486 0.0210272 4 
0.0204796 0.0223328 4 
0.0204546 0.0210904 4 
0.0204426 0.0209073 4 
0.0204372 0.0213235 4 
0.0204107 0.0212849 4 
0.020404 0.021163 4 
0.0203672 0.0212934 4 
0.020344 0.0211355 4 
0.0203237 0.0217319 4 
0.0203229 0.0218525 4 
0.020319 0.021163 4 
0.0203099 0.0210389 4 
0.0202868 0.0214615 4 
0.0202864 0.0206077 4 
0.0202863 0.0214259 4 
0.020277 0.0213385 4 
0.0202738 0.0212061 4 
0.0202632 0.0218293 4 
0.0202622 0.0206027 4 
0.0202546 0.0212449 4 
0.0202472 0.0213863 4 
0.0202389 0.0203702 4 
0.0202334 0.0212294 4 
0.0202331 0.0215515 4 
0.0201753 0.022378 4 
0.0201745 0.0216156 4 
0.0201669 0.0211732 4 
0.0201663 0.0214516 4 
0.0201624 0.0209448 4 
0.0201562 0.0203546 4 
0.0201524 0.0214516 4 
0.0201514 0.0211624 4 
0.0201476 0.0207144 4 
0.0201139 0.0214525 4 
0.0200852 0.0227897 4 
0.0200845 0.021861 4 
0.0200641 0.022128 4 
0.0200386 0.0200875 4 
0.0200359 0.0215444 4 
0.0200051 0.0206978 4 
0.0200018 0.0214676 4 
0.0199649 0.0201434 4 
0.0199473 0.0210021 4 
0.0199451 0.0203391 4 
0.0199071 0.0218533 4 
0.0198912 0.0216156 4 
0.0198851 0.0216195 4 
0.019862 0.0212376 4 
0.0197936 0.0215405 4 
0.0197846 0.0204643 4 
0.0197809 0.0216608 4 
0.0197469 0.0202675 4 
0.0197098 0.0212629 4 
0.0197059 0.021788 4 
0.0197015 0.0214743 4 
0.0196941 0.0209516 4 
0.0196844 0.0214901 4 
0.0196806 0.0218124 4 
0.0196775 0.0208596 4 
0.0196766 0.0213415 4 
0.0196498 0.0209912 4 
0.0196467 0.020477 4 
0.0196458 0.0211279 4 
0.0196395 0.0205083 4 
0.019637 0.0219452 4 
0.0196265 0.0207165 4 
0.0196202 0.0198893 4 
0.0196132 0.0224383 4 
0.0195733 0.0215801 4 
0.0195725 0.0212022 4 
0.0195711 0.0203381 4 
0.0195599 0.0218017 4 
0.0195551 0.0216026 4 
0.0195503 0.0203702 4 
0.019544 0.0196581 4 
0.0195434 0.0229726 4 
0.0195271 0.0195632 4 
0.0195265 0.0214525 4 
0.0195255 0.0198055 4 
0.0195248 0.0209448 4 
0.0195211 0.0211816 4 
0.0195035 0.0198636 4 
0.0194981 0.0204483 4 
0.0194902 0.021263 4 
0.0194695 0.0214516 4 
0.0194624 0.0205491 4 
0.0194282 0.022215 4 
0.0194268 0.0205763 4 
0.0194119 0.0215537 4 
0.0193894 0.0215121 4 
0.0193779 0.0217808 4 
0.019345 0.0200875 4 
0.0193215 0.0196581 4 
0.0193103 0.0206978 4 
0.0193 0.0223742 4 
0.0192838 0.0217247 4 
0.0192772 0.0208828 4 
0.0192698 0.0214909 4 
0.0192318 0.0215447 4 
0.0192233 0.0222423 4 
0.0192106 0.01944 4 
0.019173 0.0195632 4 
0.0191655 0.0214556 4 
0.0191491 0.0198312 4 
0.0191463 0.0213091 4 
0.0191384 0.0213091 4 
0.0191379 0.0216239 4 
0.0191337 0.0214676 4 
0.0191297 0.0205576 4 
0.0191108 0.0213296 4 
0.0190795 0.0214743 4 
0.0190744 0.0215405 4 
0.0190507 0.0215449 4 
0.0190438 0.0214801 4 
0.0189819 0.0216623 4 
0.0189801 0.0198825 4 
0.0189612 0.0218293 4 
0.0189555 0.0216026 4 
0.0189526 0.0221743 4 
0.0189269 0.0205883 4 
0.0189156 0.0194144 4 
0.0189121 0.0216271 4 
0.0188983 0.0215858 4 
0.018885 0.0190014 4 
0.0188577 0.0192234 4 
0.0187458 0.0209863 4 
0.0187068 0.0213457 4 
0.0184499 0.0186109 4 
0.0184399 0.0203381 4 
0.0180945 0.0198636 4 
0.0118723 0.0120347 5 
0.0116339 0.011676 5 
0.0115772 0.0116827 5 
0.0114672 0.0115153 5 
0.011385 0.0117854 5 
0.0113641 0.0118582 5 
0.0113229 0.0113715 5 
0.0111785 0.0112725 5 
0.0111733 0.0113587 5 
0.0110664 0.0111166 5 
0.0110512 0.0116716 5 
0.0110361 0.0112174 5 
0.011011 0.0110528 5 
0.0110047 0.0112803 5 
0.0110016 0.0113166 5 
0.0109494 0.0112377 5 
0.0109461 0.0110277 5 
0.0109087 0.011211 5 
0.0109052 0.0112156 5 
0.0108906 0.0109019 5 
0.0108861 0.0114555 5 
0.0108823 0.0109224 5 
0.0108754 0.0108835 5 
0.0108282 0.0110886 5 
0.0108153 0.0112758 5 
0.0108076 0.0112243 5 
0.0107993 0.0110248 5 
0.0107735 0.0113166 5 
0.0107306 0.0107424 5 
0.0107156 0.0110754 5 
0.0107005 0.0110656 5 
0.0106835 0.0107066 5 
0.0106754 0.0107837 5 
0.0106708 0.0112703 5 
0.010663 0.0106676 5 
0.0106567 0.0109019 5 
0.0106073 0.0112291 5 
0.0105869 0.0110419 5 
0.0105634 0.0105637 5 
0.0105423 0.0106063 5 
0.0105276 0.0108911 5 
0.0105272 0.0108892 5 
0.0105138 0.0115153 5 
0.0104982 0.0106286 5 
0.0104942 0.0105497 5 
0.0104811 0.0106286 5 
0.0104805 0.0112575 5 
0.0104799 0.0107056 5 
0.0104755 0.0110267 5 
0.0104675 0.0108576 5 
0.0104665 0.0110518 5 
0.0104639 0.0110806 5 
0.0104469 0.0111026 5 
0.0104463 0.0105485 5 
0.0104424 0.0107076 5 
0.0104307 0.0105247 5 
0.0104287 0.0110534 5 
0.0104274 0.0104396 5 
0.0104146 0.0107229 5 
0.0104142 0.0108949 5 
0.0103977 0.0108232 5 
0.0103922 0.0106449 5 
0.0103896 0.0105759 5 
0.0103793 0.0108285 5 
0.0103784 0.010549 5 
0.0103641 0.0106286 5 
0.0103492 0.0105333 5 
0.0103327 0.0105369 5 
0.0103197 0.0103585 5 
0.0103045 0.0107574 5 
0.0103001 0.0105435 5 
0.0102965 0.0110836 5 
0.0102926 0.0105509 5 
0.0102916 0.0103585 5 
0.0102868 0.0110882 5 
0.0102866 0.0105823 5 
0.010284 0.0105749 5 
0.0102643 0.0103551 5 
0.0102445 0.0102526 5 
0.0102386 0.0110806 5 
0.0102017 0.0103067 5 
0.0102016 0.0105568 5 
0.0101912 0.0106449 5 
0.0101599 0.0105567 5 
0.0101547 0.0105665 5 
0.0101526 0.0105916 5 
0.0101502 0.0108315 5 
0.0101488 0.0102201 5 
0.0101408 0.0104424 5 
0.0101346 0.0104567 5 
0.0101316 0.0105966 5 
0.0101281 0.0103553 5 
0.0101181 0.0107041 5 
0.010117 0.0110518 5 
0.0101075 0.0104491 5 
0.0100975 0.0107037 5 
0.0100545 0.0104303 5 
0.010052 0.0106177 5 
0.0100446 0.010321 5 
0.0100432 0.0108672 5 
0.0100201 0.0107726 5 
0.0100165 0.010623 5 
0.0100159 0.0107737 5 
0.0100093 0.0108911 5 
0.00998327 0.0106285 5 
0.00996856 0.0104239 5 
0.00996556 0.0108081 5 
0.00994529 0.0105729 5 
0.00994166 0.0100174 5 
0.0099395 0.0106285 5 
0.00993134 0.0111364 5 
0.00990296 0.0105696 5 
0.00989993 0.0105278 5 
0.00988956 0.0107278 5 
0.0098848 0.0108513 5 
0.00987456 0.0100673 5 
0.00987105 0.0109954 5 
0.0098534 0.0110754 5 
0.00983693 0.0101502 5 
0.00983454 0.0107418 5 
0.00982859 0.0102781 5 
0.00982728 0.0106942 5 
0.00982298 0.0105497 5 
0.0098178 0.0109625 5 
0.00981514 0.0110243 5 
0.00980001 0.00994969 5 
0.00978616 0.0103149 5 
0.00978284 0.0106348 5 
0.00978224 0.0100404 5 
0.00976301 0.0102541 5 
0.00975425 0.0105624 5 
0.00975298 0.0105624 5 
0.00975268 0.0103191 5 
0.00973114 0.0106172 5 
0.00972163 0.0106177 5 
0.00970981 0.0105759 5 
0.00968994 0.0107712 5 
0.00968951 0.0101488 5 
0.00968085 0.0110518 5 
0.00967991 0.0104798 5 
0.00967611 0.0109781 5 
0.00966764 0.0103426 5 
0.0096669 0.00982228 5 
0.00966431 0.0106449 5 
0.00966228 0.00997169 5 
0.00965801 0.0102393 5 
0.00965739 0.011485 5 
0.00965161 0.010796 5 
0.00964046 0.0102542 5 
0.00962577 0.010049 5 
0.00962334 0.0101145 5 
0.00961748 0.0105544 5 
0.00961214 0.00971695 5 
0.00960484 0.0106453 5 
0.00960482 0.010508 5 
0.00959644 0.0113474 5 
0.0095955 0.0110405 5 
0.00958366 0.0106672 5 
0.00956048 0.0103434 5 
0.00955668 0.0107077 5 
0.00954972 0.00971695 5 
0.00954308 0.0102902 5 
0.00952744 0.0107712 5 
0.00951613 0.0104424 5 
0.00947682 0.00973628 5 
0.00947006 0.00987202 5 
0.00946779 0.00955661 5 
0.00946487 0.0106363 5 
0.00946055 0.00955661 5 
0.00945743 0.0105102 5 
0.0094537 0.0108032 5 
0.00944795 0.0107574 5 
0.00942838 0.0106801 5 
0.00942815 0.00980692 5 
0.00942691 0.00994969 5 
0.00942545 0.00990042 5 
0.00942284 0.0108947 5 
0.00941134 0.0104798 5 
0.00940858 0.0101975 5 
0.00940742 0.010552 5 
0.00939413 0.0105724 5 
0.00938518 0.0107041 5 
0.00938229 0.0101353 5 
0.00937635 0.00968994 5 
0.00937607 0.0107294 5 
0.00935608 0.0105759 5 
0.00934652 0.0106849 5 
0.00932757 0.0109064 5 
0.00931778 0.0107201 5 
0.00931536 0.0106472 5 
0.00930543 0.00934617 5 
0.00930332 0.0110803 5 
0.00928938 0.0104014 5 
0.00927327 0.0107726 5 
0.0091649 0.00929193 5 
0.00909624 0.0103725 5 
0.00907725 0.0101564 5 
0.00901162 0.00913739 5 
0.00895228 0.00987628 5 
0.00880027 0.00955661 5 
0.0060877 0.00610295 6 
0.00594977 0.00598123 6 
0.00589906 0.00591397 6 
0.00584557 0.00596624 6 
0.00570404 0.00589319 6 
0.00570268 0.00570471 6 
0.00568439 0.00575138 6 
0.00568116 0.00571757 6 
0.00567286 0.00578893 6 
0.00564065 0.00571462 6 
0.00563743 0.00564506 6 
0.0056251 0.0056855 6 
0.00560613 0.00567616 6 
0.00560531 0.00567046 6 
0.00560477 0.00562925 6 
0.00559107 0.00564506 6 
0.00558845 0.00575497 6 
0.00550339 0.00551747 6 
0.00549379 0.00561892 6 
0.0054862 0.00568886 6 
0.00548527 0.00552903 6 
0.00545576 0.00585402 6 
0.00545124 0.00547767 6 
0.00544812 0.00546462 6 
0.00542519 0.00573774 6 
0.00541877 0.00568886 6 
0.00541681 0.00547974 6 
0.00540473 0.00555268 6 
0.00540303 0.00565894 6 
0.00539185 0.00583024 6 
0.00537521 0.00551483 6 
0.00537197 0.00539915 6 
0.00536744 0.00537719 6 
0.00534603 0.00553288 6 
0.0053448 0.00540909 6 
0.00534346 0.00559658 6 
0.00533919 0.00568988 6 
0.00532821 0.00546308 6 
0.00531189 0.0055607 6 
0.00530664 0.00535154 6 
0.00530512 0.00550591 6 
0.00530377 0.00563243 6 
0.00530303 0.00587183 6 
0.00530263 0.0053806 6 
0.00529192 0.00539949 6 
0.00528258 0.00538568 6 
0.00528163 0.00551747 6 
0.00527794 0.00541801 6 
0.00526009 0.00530303 6 
0.0052524 0.00560554 6 
0.00524221 0.00541102 6 
0.00524021 0.00527138 6 
0.00523993 0.00566002 6 
0.00522535 0.0053366 6 
0.00522076 0.00561809 6 
0.00521761 0.00538978 6 
0.00521508 0.00528318 6 
0.00521086 0.00525712 6 
0.00519817 0.00521781 6 
0.0051872 0.00549286 6 
0.00518569 0.00528787 6 
0.00518328 0.00538501 6 
0.00518291 0.00563377 6 
0.00516657 0.00550303 6 
0.00516203 0.00550507 6 
0.00515141 0.00522489 6 
0.00515139 0.00561364 6 
0.0051198 0.00543462 6 
0.00511315 0.0052452 6 
0.00511167 0.00539403 6 
0.00509977 0.0054231 6 
0.00509504 0.00548493 6 
0.00508846 0.00525924 6 
0.00508465 0.00523494 6 
0.00508375 0.00517941 6 
0.00506244 0.00521063 6 
0.0050571 0.00531296 6 
0.00505514 0.00552443 6 
0.00503959 0.00535046 6 
0.00503842 0.00532936 6 
0.00503762 0.00549286 6 
0.00503093 0.00548613 6 
0.00503083 0.00525989 6 
0.00500701 0.00564111 6 
0.00500609 0.00530674 6 
0.00500405 0.00551525 6 
0.00500391 0.0051187 6 
0.00499953 0.00510564 6 
0.00499763 0.0051522 6 
0.00499707 0.00529997 6 
0.00499667 0.00507904 6 
0.00499352 0.00513899 6 
0.00499037 0.00553008 6 
0.00498664 0.00527995 6 
0.00496699 0.00535046 6 
0.004961 0.00562115 6 
0.0049572 0.0054239 6 
0.00495217 0.00527769 6 
0.00494873 0.00501602 6 
0.00494159 0.00543462 6 
0.00494074 0.00560149 6 
0.00493817 0.00515327 6 
0.00493643 0.0054231 6 
0.00493452 0.00526614 6 
0.00493191 0.00514658 6 
0.00492424 0.00546462 6 
0.00491968 0.00582744 6 
0.00491592 0.00521514 6 
0.00490977 0.0053346 6 
0.00490959 0.00551041 6 
0.00490102 0.00490879 6 
0.00489659 0.00490879 6 
0.00488469 0.00524049 6 
0.00488106 0.0052473 6 
0.00488101 0.00545709 6 
0.00488028 0.0053346 6 
0.00488013 0.00502757 6 
0.00487148 0.0053477 6 
0.00486876 0.00552618 6 
0.004866 0.00560785 6 
0.00484802 0.00576653 6 
0.00484427 0.00527284 6 
0.00484146 0.00553904 6 
0.0048405 0.00534419 6 
0.00483934 0.00515802 6 
0.00483089 0.0055401 6 
0.0048303 0.00506394 6 
0.00482995 0.00516017 6 
0.00482364 0.00520493 6 
0.00482035 0.00536935 6 
0.00478934 0.00537407 6 
0.00478915 0.00502823 6 
0.00478863 0.0050826 6 
0.0047755 0.0049409 6 
0.00477534 0.00534802 6 
0.00476976 0.00490852 6 
0.0047679 0.00545965 6 
0.00476023 0.00554987 6 
0.00475183 0.00539403 6 
0.0047468 0.00533066 6 
0.0047399 0.00540577 6 
0.00473737 0.00545965 6 
0.00473392 0.0054058 6 
0.00473198 0.00541983 6 
0.00472814 0.00512773 6 
0.00472326 0.00545037 6 
0.00472051 0.00535485 6 
0.00471883 0.00512209 6 
0.00470481 0.00530674 6 
0.00470185 0.00482978 6 
0.00469848 0.00487153 6 
0.00469806 0.00538948 6 
0.00469368 0.00512372 6 
0.00468432 0.00535076 6 
0.00468237 0.00470934 6 
0.00467451 0.00543699 6 
0.0046728 0.00469349 6 
0.00467132 0.00549005 6 
0.00466912 0.00551335 6 
0.00463313 0.00513347 6 
0.0046329 0.00511029 6 
0.00462851 0.0051376 6 
0.00462624 0.00564832 6 
0.00459403 0.00514374 6 
0.00458049 0.00516709 6 
0.00457056 0.00466383 6 
0.00453881 0.00458831 6 
0.0044846 0.00501587 6 
0.00445907 0.00508058 6 
0.00437945 0.00470934 6 
0.00427247 0.0042955 6 
0.00304334 0.00304436 7 
0.00298207 0.00303787 7 
0.00297085 0.00302747 7 
0.0029127 0.00293823 7 
0.00291139 0.00293826 7 
0.00290426 0.00293558 7 
0.00287423 0.0029754 7 
0.00285194 0.00291049 7 
0.00284675 0.00289245 7 
0.00283353 0.00298883 7 
0.00282872 0.00298708 7 
0.0028199 0.00291188 7 
0.00281091 0.00294349 7 
0.00280661 0.00295037 7 
0.00279663 0.00285519 7 
0.00277649 0.00290133 7 
0.002773 0.00278016 7 
0.00277051 0.00283729 7 
0.00276933 0.00284043 7 
0.00276776 0.00291145 7 
0.00276433 0.00276673 7 
0.0027551 0.00281248 7 
0.00274659 0.00282689 7 
0.00274636 0.00275723 7 
0.0027461 0.00298847 7 
0.00273733 0.0027835 7 
0.00273673 0.00279552 7 
0.00273065 0.0027397 7 
0.00273006 0.00282689 7 
0.00271709 0.0028081 7 
0.00271565 0.00276461 7 
0.00271187 0.00288709 7 
0.00271159 0.00281456 7 
0.00270857 0.00301785 7 
0.00270649 0.0028 7 
0.00270317 0.0027639 7 
0.00270033 0.00289508 7 
0.00269926 0.00281248 7 
0.00268186 0.00274655 7 
0.00267891 0.00275163 7 
0.00267279 0.00293702 7 
0.00266909 0.0027871 7 
0.00266201 0.00279552 7 
0.00266103 0.00266916 7 
0.00265952 0.00267654 7 
0.00265368 0.00280235 7 
0.00264681 0.00277487 7 
0.00262643 0.00291408 7 
0.00262076 0.00276871 7 
0.00261366 0.00270774 7 
0.00261313 0.00263858 7 
0.00260889 0.00268911 7 
0.00260335 0.00278283 7 
0.00260293 0.00261885 7 
0.00259764 0.00264422 7 
0.0025933 0.00264897 7 
0.0025928 0.00273549 7 
0.00259085 0.00262513 7 
0.0025891 0.00279895 7 
0.00258272 0.0025911 7 
0.00258048 0.00284043 7 
0.00257617 0.00268975 7 
0.00257513 0.00268564 7 
0.00257415 0.00276423 7 
0.00257288 0.00265621 7 
0.00257026 0.00285513 7 
0.0025699 0.00261116 7 
0.00256864 0.00284214 7 
0.00256719 0.00277133 7 
0.00256004 0.00289508 7 
0.00255948 0.00283482 7 
0.00255752 0.00258897 7 
0.00255637 0.0028164 7 
0.0025445 0.00274556 7 
0.00253935 0.00272668 7 
0.00253169 0.00254814 7 
0.00253112 0.00279786 7 
0.00252726 0.0028939 7 
0.002526 0.00285882 7 
0.00252478 0.00253899 7 
0.00252046 0.00253899 7 
0.0025199 0.00256654 7 
0.00251767 0.00270366 7 
0.00251633 0.00273463 7 
0.0025151 0.00261288 7 
0.00251509 0.00274556 7 
0.00251279 0.00299289 7 
0.00251155 0.00272343 7 
0.00250513 0.00270183 7 
0.00250352 0.00276871 7 
0.00250111 0.00275838 7 
0.00249731 0.00270911 7 
0.00249727 0.00263628 7 
0.00249684 0.00273124 7 
0.00249466 0.00282604 7 
0.00249405 0.00253899 7 
0.00249175 0.0028805 7 
0.00249012 0.00297638 7 
0.0024887 0.00268191 7 
0.00248749 0.00268265 7 
0.00248679 0.00286583 7 
0.00248534 0.00291389 7 
0.00248129 0.00270183 7 
0.0024788 0.00250278 7 
0.00247436 0.00267975 7 
0.00246917 0.00251175 7 
0.00246054 0.00279961 7 
0.00246014 0.00268291 7 
0.00245203 0.00282689 7 
0.00245185 0.00251325 7 
0.00243648 0.00272119 7 
0.00243502 0.00270774 7 
0.00243452 0.00277521 7 
0.00243437 0.00264509 7 
0.00243282 0.00275021 7 
0.00243278 0.00276632 7 
0.00243041 0.00286007 7 
0.00242847 0.00277895 7 
0.00241856 0.00272344 7 
0.00241681 0.00276069 7 
0.00240988 0.002611 7 
0.00240891 0.00273325 7 
0.00240857 0.00278124 7 
0.00240699 0.00263047 7 
0.00240501 0.00273463 7 
0.00240373 0.00244394 7 
0.00239902 0.00280224 7 
0.00239751 0.00281469 7 
0.00238817 0.00274444 7 
0.00238244 0.00258331 7 
0.00238135 0.00280347 7 
0.0023804 0.00246159 7 
0.00237739 0.00258736 7 
0.00236142 0.00287631 7 
0.00235636 0.00236662 7 
0.0023345 0.00257592 7 
0.00232366 0.00258544 7 
0.00231779 0.00239116 7 
0.00230993 0.00257284 7 
0.00230573 0.00263864 7 
0.00226691 0.00266156 7 
0.00225005 0.00251731 7 
0.00221696 0.00236662 7 
0.00215052 0.00218862 7 
0.00159276 0.00163796 8 
0.00151065 0.00153047 8 
0.00149707 0.00152184 8 
0.00148287 0.00153642 8 
0.00148116 0.00148477 8 
0.00147922 0.00147942 8 
0.00147621 0.00151374 8 
0.00147451 0.0015571 8 
0.00147169 0.0014851 8 
0.00146122 0.00151851 8 
0.00146063 0.00152666 8 
0.00145747 0.00147425 8 
0.00145359 0.00145712 8 
0.0014531 0.00150702 8 
0.00144701 0.00151851 8 
0.00144552 0.00146753 8 
0.00143109 0.00144179 8 
0.00143047 0.001435 8 
0.00142867 0.00146148 8 
0.00142207 0.00144179 8 
0.00142106 0.00149194 8 
0.00141903 0.00142881 8 
0.00141532 0.00143824 8 
0.00141252 0.00144387 8 
0.0014117 0.00150966 8 
0.00141093 0.00143647 8 
0.00141004 0.00147948 8 
0.00140547 0.0015309 8 
0.00140223 0.00145501 8 
0.00139896 0.00155892 8 
0.00139722 0.00155809 8 
0.00139628 0.00147425 8 
0.00139406 0.00144271 8 
0.00139007 0.00141959 8 
0.00138855 0.00145966 8 
0.0013837 0.00139271 8 
0.00138252 0.0013889 8 
0.00137989 0.00144186 8 
0.00137908 0.00144052 8 
0.00137529 0.0013774 8 
0.00137179 0.00138027 8 
0.00137054 0.0014971 8 
0.0013632 0.00144427 8 
0.00136269 0.00136431 8 
0.00135598 0.00143752 8 
0.00135563 0.00137641 8 
0.00135073 0.00149283 8 
0.00135072 0.00137764 8 
0.00134988 0.00142433 8 
0.00134941 0.0013909 8 
0.00134598 0.00142091 8 
0.00134549 0.00144179 8 
0.00134488 0.0014065 8 
0.00134059 0.00142588 8 
0.00133824 0.00146608 8 
0.00133804 0.00145595 8 
0.0013378 0.0015205 8 
0.00133629 0.00134579 8 
0.00133581 0.00135789 8 
0.00133409 0.00133747 8 
0.00133386 0.00152051 8 
0.00133122 0.00143263 8 
0.00132808 0.00155025 8 
0.00132389 0.00151009 8 
0.00131859 0.0013302 8 
0.00131621 0.00146302 8 
0.00131448 0.00140712 8 
0.00131308 0.00144254 8 
0.0013123 0.0013331 8 
0.00130913 0.00158574 8 
0.0013081 0.00146302 8 
0.00130709 0.00148184 8 
0.00130508 0.0013645 8 
0.0013048 0.00139323 8 
0.00130405 0.00130921 8 
0.00130302 0.00148328 8 
0.00130146 0.00131976 8 
0.0013012 0.00140146 8 
0.00129951 0.00143122 8 
0.00129896 0.00141871 8 
0.00129892 0.00138525 8 
0.00129599 0.00149869 8 
0.00128806 0.00142142 8 
0.00128793 0.00142112 8 
0.00128664 0.00150882 8 
0.00128651 0.00143122 8 
0.00128599 0.00145641 8 
0.00128439 0.0013331 8 
0.00128403 0.00139138 8 
0.00128281 0.00142435 8 
0.00128167 0.00131486 8 
0.00128106 0.00141269 8 
0.00128 0.00143575 8 
0.00127873 0.00142142 8 
0.00127616 0.00127963 8 
0.0012706 0.00136127 8 
0.00126956 0.00142917 8 
0.00126827 0.00138525 8 
0.00126701 0.00127978 8 
0.00126675 0.00138896 8 
0.00126567 0.00142435 8 
0.00126555 0.00137464 8 
0.00126304 0.0014274 8 
0.00125904 0.00126196 8 
0.00125869 0.00146209 8 
0.00125732 0.00138896 8 
0.0012559 0.00144344 8 
0.00125535 0.00142209 8 
0.00125455 0.00150047 8 
0.00124885 0.00125149 8 
0.00124519 0.00143396 8 
0.00124423 0.00140379 8 
0.00124393 0.00135156 8 
0.00124333 0.00127313 8 
0.00124278 0.00141765 8 
0.00124245 0.00146324 8 
0.00124158 0.00140915 8 
0.00124003 0.00140316 8 
0.00123805 0.00147425 8 
0.00123111 0.00145999 8 
0.0012274 0.00137891 8 
0.0012264 0.00132473 8 
0.00122305 0.0012991 8 
0.00122238 0.00126196 8 
0.00122175 0.00122721 8 
0.00120995 0.00132312 8 
0.00120285 0.00120864 8 
0.00119152 0.00124756 8 
0.00118555 0.00130973 8 
0.00118162 0.00131733 8 
0.00118141 0.00135775 8 
0.00117168 0.00137714 8 
0.00115799 0.00129603 8 
0.00113729 0.00120864 8 
0.00109928 0.0011329 8 
0.000857571 0.000861122 9 
0.000799457 0.000813294 9 
0.000784379 0.000794136 9 
0.000783563 0.000791286 9 
0.000780867 0.000781377 9 
0.000780442 0.000785648 9 
0.000777413 0.00078717 9 
0.000770905 0.000786846 9 
0.000767427 0.000782491 9 
0.000761151 0.000801218 9 
0.000753649 0.000823939 9 
0.000752653 0.000765253 9 
0.000752007 0.000779419 9 
0.000749485 0.000761234 9 
0.000749242 0.000765891 9 
0.000748406 0.000751453 9 
0.000747192 0.000807544 9 
0.000746024 0.000769092 9 
0.000744194 0.000783447 9 
0.0007435 0.000745787 9 
0.000743437 0.000772707 9 
0.000742514 0.000787188 9 
0.000741668 0.000782491 9 
0.000739552 0.000748124 9 
0.000738143 0.000788027 9 
0.000734687 0.000784904 9 
0.000734613 0.000736891 9 
0.000729834 0.000778678 9 
0.000728284 0.000769299 9 
0.000727585 0.000765253 9 
0.000726554 0.000812151 9 
0.000725866 0.000748883 9 
0.000717999 0.000735834 9 
0.000717416 0.000760111 9 
0.000716965 0.000722495 9 
0.000716127 0.000794533 9 
0.000715187 0.000749801 9 
0.000714698 0.000728647 9 
0.000714366 0.000727542 9 
0.000713562 0.00079697 9 
0.000712962 0.000801218 9 
0.000712668 0.000722118 9 
0.000711759 0.000761234 9 
0.000709058 0.000750126 9 
0.000706815 0.00079251 9 
0.000704305 0.000709541 9 
0.000703935 0.000774399 9 
0.000701618 0.000840284 9 
0.000700167 0.000700647 9 
0.000700165 0.00077665 9 
0.000700023 0.000752062 9 
0.000698361 0.000719167 9 
0.000697201 0.000790591 9 
0.000696654 0.000720405 9 
0.000695148 0.000749046 9 
0.000693069 0.00073907 9 
0.000691566 0.000736455 9 
0.000691255 0.000794886 9 
0.00069096 0.000700064 9 
0.000690632 0.000740636 9 
0.000689104 0.000699063 9 
0.000689093 0.000771088 9 
0.000689034 0.000711233 9 
0.000688945 0.000708433 9 
0.000688883 0.000696637 9 
0.000687892 0.000723684 9 
0.000686678 0.000734809 9 
0.000686464 0.000725627 9 
0.000686255 0.000747682 9 
0.000684912 0.00076075 9 
0.000684637 0.000700711 9 
0.000684191 0.000711204 9 
0.000684163 0.000686195 9 
0.000683133 0.000724313 9 
0.000683015 0.000738788 9 
0.000682926 0.000778203 9 
0.000682913 0.000778123 9 
0.000681156 0.000685803 9 
0.000680907 0.00068707 9 
0.000679703 0.00068117 9 
0.000677905 0.000717389 9 
0.000677444 0.000738549 9 
0.000675263 0.000740659 9 
0.000672685 0.000787964 9 
0.000672596 0.000753332 9 
0.000672272 0.000697332 9 
0.000670186 0.000748231 9 
0.000669881 0.000730233 9 
0.00066965 0.000734809 9 
0.000667892 0.000706822 9 
0.00066721 0.000709541 9 
0.000667097 0.000717737 9 
0.000666586 0.000744917 9 
0.000666456 0.000752458 9 
0.00066186 0.000738788 9 
0.000659314 0.000769299 9 
0.000657185 0.000751812 9 
0.000657018 0.000675997 9 
0.000656933 0.000738692 9 
0.000656115 0.000730756 9 
0.000655128 0.000795109 9 
0.000654393 0.000724313 9 
0.00065386 0.000662119 9 
0.000649146 0.000662778 9 
0.000649005 0.000665369 9 
0.000648218 0.000762855 9 
0.000647722 0.000729368 9 
0.000646405 0.000734739 9 
0.000646065 0.000724313 9 
0.000645907 0.000760111 9 
0.000645544 0.000763953 9 
0.000644555 0.000765847 9 
0.000644093 0.000766207 9 
0.000641702 0.000726728 9 
0.000640407 0.000731999 9 
0.000639644 0.000657481 9 
0.000637039 0.000708462 9 
0.000634971 0.000640183 9 
0.000634342 0.000693191 9 
0.000633094 0.000649295 9 
0.000631019 0.000632561 9 
0.00062213 0.00068619 9 
0.00062171 0.000625526 9 
0.000620613 0.000630372 9 
0.000619653 0.000660323 9 
0.000614853 0.000682363 9 
0.000614153 0.000696086 9 
0.000613839 0.000709963 9 
0.00061372 0.000670494 9 
0.000608102 0.00068141 9 
0.000589804 0.000625526 9 
0.000569008 0.000593512 9 
