0.52425 0.539633 0 
0.523605 0.541751 0 
0.523198 0.539343 0 
0.52257 0.540644 0 
0.522266 0.541237 0 
0.521727 0.542639 0 
0.521297 0.540758 0 
0.521218 0.535032 0 
0.521131 0.541232 0 
0.521011 0.538928 0 
0.520936 0.542696 0 
0.520856 0.53946 0 
0.520676 0.539467 0 
0.520644 0.540494 0 
0.52051 0.539279 0 
0.52051 0.540494 0 
0.520219 0.542942 0 
0.520132 0.542168 0 
0.519978 0.543529 0 
0.51997 0.541237 0 
0.519965 0.541931 0 
0.519959 0.540459 0 
0.519858 0.541655 0 
0.519798 0.520675 0 
0.519685 0.540782 0 
0.519678 0.543053 0 
0.519667 0.541796 0 
0.519578 0.54289 0 
0.519563 0.540276 0 
0.519531 0.52082 0 
0.519509 0.540644 0 
0.519465 0.520608 0 
0.51945 0.54289 0 
0.51941 0.521133 0 
0.519399 0.541112 0 
0.519341 0.540236 0 
0.519322 0.541762 0 
0.519189 0.541717 0 
0.519168 0.542406 0 
0.519074 0.543397 0 
0.519044 0.542696 0 
0.518984 0.540416 0 
0.51888 0.540646 0 
0.518835 0.520172 0 
0.518806 0.542644 0 
0.518793 0.539155 0 
0.518725 0.521175 0 
0.518721 0.540445 0 
0.518701 0.521354 0 
0.518697 0.51958 0 
0.518606 0.544418 0 
0.518598 0.540646 0 
0.518552 0.540646 0 
0.518516 0.518911 0 
0.518501 0.519515 0 
0.518391 0.542559 0 
0.518342 0.519687 0 
0.518327 0.540646 0 
0.518275 0.540782 0 
0.518196 0.541002 0 
0.518178 0.519176 0 
0.518168 0.51946 0 
0.518106 0.539155 0 
0.518042 0.518936 0 
0.518005 0.543718 0 
0.517997 0.519553 0 
0.517948 0.540758 0 
0.517916 0.518989 0 
0.517897 0.541417 0 
0.517877 0.540416 0 
0.517834 0.542787 0 
0.517801 0.518372 0 
0.517791 0.542902 0 
0.517786 0.543321 0 
0.517717 0.517898 0 
0.517537 0.518137 0 
0.517518 0.545436 0 
0.517439 0.517809 0 
0.517406 0.518728 0 
0.517397 0.517738 0 
0.517382 0.542805 0 
0.517325 0.517433 0 
0.517286 0.517392 0 
0.517282 0.544136 0 
0.517231 0.518699 0 
0.517226 0.544474 0 
0.517208 0.543081 0 
0.517161 0.539279 0 
0.517106 0.541322 0 
0.517076 0.540939 0 
0.517061 0.54298 0 
0.517048 0.518618 0 
0.517034 0.542265 0 
0.517033 0.541611 0 
0.517032 0.518213 0 
0.516984 0.541217 0 
0.516893 0.535032 0 
0.516889 0.538928 0 
0.516857 0.538056 0 
0.516846 0.542771 0 
0.516806 0.51778 0 
0.5168 0.543081 0 
0.516777 0.54096 0 
0.516759 0.519375 0 
0.51674 0.545284 0 
0.516662 0.538698 0 
0.516596 0.517464 0 
0.516585 0.517053 0 
0.516535 0.517805 0 
0.516524 0.538698 0 
0.516521 0.517973 0 
0.516507 0.517536 0 
0.516502 0.53946 0 
0.516488 0.51775 0 
0.516482 0.517589 0 
0.516481 0.517372 0 
0.516459 0.541322 0 
0.516443 0.540236 0 
0.516439 0.542208 0 
0.516437 0.517159 0 
0.516352 0.516711 0 
0.516351 0.518301 0 
0.516307 0.539467 0 
0.516282 0.516329 0 
0.51627 0.539694 0 
0.516261 0.521278 0 
0.51621 0.542022 0 
0.516207 0.540276 0 
0.516194 0.543927 0 
0.516164 0.541713 0 
0.516138 0.545976 0 
0.516119 0.517061 0 
0.516101 0.539467 0 
0.516086 0.544486 0 
0.516038 0.546108 0 
0.516006 0.539737 0 
0.515996 0.518335 0 
0.515986 0.519488 0 
0.51597 0.517258 0 
0.515899 0.516008 0 
0.515879 0.546363 0 
0.515872 0.517683 0 
0.515839 0.541931 0 
0.515834 0.517788 0 
0.515831 0.538056 0 
0.515778 0.519176 0 
0.515768 0.517546 0 
0.515767 0.516712 0 
0.515753 0.516125 0 
0.515736 0.518026 0 
0.515735 0.518582 0 
0.51573 0.519478 0 
0.51573 0.538928 0 
0.515723 0.540459 0 
0.515719 0.540112 0 
0.515697 0.518543 0 
0.515675 0.542831 0 
0.515666 0.517065 0 
0.515627 0.51628 0 
0.515597 0.542 0 
0.515596 0.541232 0 
0.515586 0.51628 0 
0.515526 0.517913 0 
0.515428 0.516182 0 
0.515415 0.519776 0 
0.515412 0.544943 0 
0.515387 0.51911 0 
0.515377 0.51597 0 
0.515371 0.541417 0 
0.515368 0.54096 0 
0.515367 0.517623 0 
0.515364 0.520153 0 
0.515333 0.518658 0 
0.515321 0.518139 0 
0.515283 0.519515 0 
0.515272 0.519467 0 
0.515256 0.547727 0 
0.515236 0.516203 0 
0.515193 0.519062 0 
0.51518 0.517223 0 
0.515115 0.542488 0 
0.515085 0.515536 0 
0.51505 0.515281 0 
0.515034 0.539633 0 
0.515031 0.517095 0 
0.51503 0.517258 0 
0.514995 0.540758 0 
0.514978 0.51641 0 
0.514942 0.539279 0 
0.514915 0.517451 0 
0.5149 0.543272 0 
0.514882 0.542805 0 
0.514866 0.519467 0 
0.514862 0.540758 0 
0.51484 0.518288 0 
0.514836 0.541778 0 
0.514835 0.540343 0 
0.514825 0.516388 0 
0.514824 0.516078 0 
0.514815 0.517344 0 
0.514802 0.518505 0 
0.514761 0.520153 0 
0.51475 0.519665 0 
0.514723 0.514803 0 
0.514722 0.543682 0 
0.514696 0.535032 0 
0.514693 0.518258 0 
0.514691 0.539633 0 
0.514682 0.541322 0 
0.514668 0.543914 0 
0.514665 0.51667 0 
0.514652 0.542121 0 
0.514651 0.543567 0 
0.514645 0.515891 0 
0.514609 0.541676 0 
0.514604 0.541404 0 
0.5146 0.519665 0 
0.514593 0.514638 0 
0.514591 0.519081 0 
0.514562 0.542799 0 
0.51455 0.516618 0 
0.514547 0.52074 0 
0.51451 0.539694 0 
0.514507 0.5423 0 
0.514503 0.517977 0 
0.514492 0.54246 0 
0.514487 0.517667 0 
0.514478 0.516779 0 
0.514433 0.518441 0 
0.514429 0.535032 0 
0.514427 0.542121 0 
0.514419 0.539279 0 
0.514396 0.540276 0 
0.514385 0.542128 0 
0.51432 0.518995 0 
0.514314 0.540912 0 
0.514243 0.541417 0 
0.514239 0.54096 0 
0.514235 0.540644 0 
0.514234 0.540758 0 
0.514197 0.517548 0 
0.514171 0.541225 0 
0.514132 0.517836 0 
0.514092 0.540236 0 
0.514074 0.539343 0 
0.514069 0.520675 0 
0.514048 0.541707 0 
0.514044 0.515492 0 
0.514027 0.514915 0 
0.514011 0.516694 0 
0.513996 0.54096 0 
0.513982 0.542831 0 
0.513981 0.543682 0 
0.513977 0.542771 0 
0.513976 0.517756 0 
0.513972 0.54128 0 
0.51395 0.541422 0 
0.513935 0.517392 0 
0.513868 0.515238 0 
0.513838 0.541762 0 
0.513813 0.546081 0 
0.513791 0.542696 0 
0.513784 0.519305 0 
0.513746 0.543914 0 
0.513719 0.518026 0 
0.513699 0.54265 0 
0.51362 0.538745 0 
0.513573 0.513929 0 
0.513561 0.538056 0 
0.513534 0.518995 0 
0.513522 0.540099 0 
0.513521 0.514847 0 
0.513479 0.518624 0 
0.513475 0.51488 0 
0.513391 0.542391 0 
0.513361 0.54246 0 
0.513329 0.518658 0 
0.5133 0.540912 0 
0.513299 0.538745 0 
0.513293 0.543567 0 
0.513241 0.543144 0 
0.513175 0.54719 0 
0.513172 0.541769 0 
0.513151 0.541358 0 
0.513142 0.54096 0 
0.513081 0.538928 0 
0.513022 0.542598 0 
0.513015 0.544976 0 
0.513014 0.539279 0 
0.513004 0.539694 0 
0.512982 0.540416 0 
0.512953 0.519938 0 
0.51294 0.518978 0 
0.512891 0.543144 0 
0.512877 0.515248 0 
0.512872 0.515031 0 
0.512866 0.539343 0 
0.512838 0.541713 0 
0.512774 0.539737 0 
0.512756 0.540276 0 
0.512718 0.540236 0 
0.512708 0.541153 0 
0.512655 0.516392 0 
0.512634 0.542208 0 
0.512621 0.516234 0 
0.512606 0.541401 0 
0.512576 0.538056 0 
0.512565 0.540782 0 
0.512553 0.513698 0 
0.512532 0.540638 0 
0.512529 0.518758 0 
0.512521 0.542983 0 
0.512475 0.541707 0 
0.512449 0.540112 0 
0.512434 0.541611 0 
0.512425 0.542732 0 
0.512379 0.537036 0 
0.512371 0.514566 0 
0.512324 0.540638 0 
0.51231 0.541401 0 
0.512288 0.516432 0 
0.512253 0.54206 0 
0.51225 0.51508 0 
0.512241 0.541869 0 
0.512197 0.544319 0 
0.512171 0.513537 0 
0.51213 0.541135 0 
0.512109 0.516202 0 
0.512062 0.541713 0 
0.512008 0.543491 0 
0.512005 0.542644 0 
0.512003 0.543292 0 
0.511953 0.542958 0 
0.511897 0.542194 0 
0.511854 0.542189 0 
0.511805 0.541762 0 
0.511805 0.541112 0 
0.511773 0.541751 0 
0.511769 0.541762 0 
0.511684 0.542038 0 
0.511651 0.543927 0 
0.511647 0.546638 0 
0.511612 0.54063 0 
0.511606 0.541352 0 
0.511598 0.545337 0 
0.511592 0.54346 0 
0.511527 0.541322 0 
0.511521 0.542722 0 
0.511518 0.543126 0 
0.511511 0.541751 0 
0.51147 0.54456 0 
0.511454 0.543075 0 
0.511446 0.54368 0 
0.511396 0.541331 0 
0.511389 0.542265 0 
0.511366 0.542944 0 
0.511312 0.541358 0 
0.511277 0.544869 0 
0.511262 0.544685 0 
0.511198 0.542654 0 
0.511179 0.546603 0 
0.511174 0.544599 0 
0.511117 0.545569 0 
0.511064 0.543292 0 
0.511034 0.54182 0 
0.511006 0.540494 0 
0.51093 0.543442 0 
0.510891 0.546868 0 
0.510832 0.541401 0 
0.510809 0.51298 0 
0.510745 0.542696 0 
0.510731 0.5428 0 
0.510667 0.547376 0 
0.510632 0.542639 0 
0.510624 0.546256 0 
0.510462 0.544167 0 
0.51042 0.544624 0 
0.51037 0.543321 0 
0.510144 0.542038 0 
0.51001 0.550426 0 
0.510007 0.548872 0 
0.50976 0.542787 0 
0.509477 0.543181 0 
0.509169 0.543181 0 
0.509047 0.54314 0 
0.218889 0.223898 1 
0.217517 0.227009 1 
0.217407 0.221634 1 
0.217237 0.227059 1 
0.217221 0.231258 1 
0.216835 0.23028 1 
0.216514 0.223929 1 
0.216435 0.226677 1 
0.216349 0.226328 1 
0.216129 0.227808 1 
0.216111 0.232635 1 
0.216111 0.226782 1 
0.216011 0.221162 1 
0.215826 0.228298 1 
0.215768 0.231122 1 
0.215539 0.226997 1 
0.215388 0.219546 1 
0.215374 0.226396 1 
0.215355 0.229684 1 
0.215302 0.231832 1 
0.215235 0.225252 1 
0.215204 0.22305 1 
0.215165 0.223297 1 
0.215114 0.222844 1 
0.215075 0.221749 1 
0.214991 0.222052 1 
0.214988 0.226951 1 
0.214979 0.226268 1 
0.214708 0.223297 1 
0.214598 0.224916 1 
0.214554 0.237106 1 
0.214529 0.220983 1 
0.214527 0.225256 1 
0.214429 0.224917 1 
0.214403 0.228136 1 
0.214376 0.22516 1 
0.214349 0.224777 1 
0.214316 0.225472 1 
0.214312 0.22081 1 
0.214311 0.231187 1 
0.214283 0.2221 1 
0.214228 0.227322 1 
0.214092 0.223693 1 
0.213993 0.225988 1 
0.213976 0.223347 1 
0.213971 0.223939 1 
0.213877 0.219718 1 
0.213848 0.222844 1 
0.213831 0.219238 1 
0.213782 0.225189 1 
0.213758 0.23049 1 
0.213744 0.221006 1 
0.213743 0.222844 1 
0.213731 0.227257 1 
0.213717 0.225256 1 
0.213692 0.22068 1 
0.213529 0.221752 1 
0.213466 0.222927 1 
0.213454 0.221557 1 
0.21344 0.224465 1 
0.213408 0.224738 1 
0.21335 0.221131 1 
0.213318 0.222956 1 
0.213289 0.224415 1 
0.213236 0.226268 1 
0.213235 0.228098 1 
0.213094 0.227645 1 
0.213093 0.231722 1 
0.213045 0.227037 1 
0.212975 0.226626 1 
0.212954 0.224954 1 
0.212755 0.228364 1 
0.212728 0.224116 1 
0.212701 0.219955 1 
0.212653 0.225225 1 
0.212602 0.221498 1 
0.212546 0.22486 1 
0.212537 0.226328 1 
0.212499 0.223344 1 
0.212409 0.225306 1 
0.212321 0.218915 1 
0.212294 0.220294 1 
0.212226 0.22305 1 
0.21218 0.22679 1 
0.212157 0.218915 1 
0.211985 0.222208 1 
0.211926 0.221752 1 
0.211826 0.223887 1 
0.211707 0.228355 1 
0.211677 0.212376 1 
0.21164 0.222531 1 
0.211628 0.221752 1 
0.211548 0.229022 1 
0.211353 0.223887 1 
0.211337 0.221634 1 
0.211263 0.225372 1 
0.211255 0.211439 1 
0.211248 0.224027 1 
0.211131 0.224868 1 
0.211089 0.211784 1 
0.211009 0.219955 1 
0.211003 0.221965 1 
0.210977 0.221162 1 
0.210937 0.225372 1 
0.21088 0.221752 1 
0.210755 0.222893 1 
0.210653 0.223996 1 
0.210638 0.231009 1 
0.210519 0.225976 1 
0.210455 0.218355 1 
0.210443 0.228698 1 
0.210384 0.213437 1 
0.210382 0.219238 1 
0.210325 0.225989 1 
0.210313 0.224027 1 
0.210238 0.224149 1 
0.21023 0.22068 1 
0.210204 0.210432 1 
0.210179 0.225544 1 
0.210125 0.226494 1 
0.209996 0.222015 1 
0.209844 0.223939 1 
0.209736 0.223501 1 
0.209697 0.22507 1 
0.209619 0.223471 1 
0.209613 0.233158 1 
0.209576 0.225306 1 
0.209573 0.221557 1 
0.209522 0.226116 1 
0.209452 0.224777 1 
0.209322 0.209757 1 
0.209273 0.210954 1 
0.209236 0.223996 1 
0.209164 0.220257 1 
0.209144 0.222208 1 
0.209085 0.225185 1 
0.209049 0.235613 1 
0.209047 0.224738 1 
0.209041 0.22339 1 
0.209039 0.22486 1 
0.208974 0.221749 1 
0.208953 0.225595 1 
0.208939 0.224581 1 
0.20889 0.211784 1 
0.208871 0.225252 1 
0.208734 0.21232 1 
0.208725 0.221965 1 
0.208723 0.222512 1 
0.208717 0.219718 1 
0.208713 0.227902 1 
0.208704 0.220983 1 
0.208669 0.220257 1 
0.208663 0.220257 1 
0.208619 0.226168 1 
0.208539 0.211067 1 
0.208536 0.222158 1 
0.208535 0.22081 1 
0.208507 0.210111 1 
0.208477 0.208868 1 
0.208438 0.226648 1 
0.208438 0.222967 1 
0.208432 0.208492 1 
0.208383 0.224303 1 
0.208372 0.226193 1 
0.208366 0.208588 1 
0.208321 0.211096 1 
0.208306 0.223385 1 
0.208252 0.227414 1 
0.208239 0.218355 1 
0.208227 0.210645 1 
0.208201 0.224183 1 
0.208166 0.209188 1 
0.208154 0.210836 1 
0.208131 0.209638 1 
0.208128 0.20995 1 
0.208119 0.208861 1 
0.208028 0.213188 1 
0.208022 0.208169 1 
0.208005 0.209218 1 
0.207978 0.219238 1 
0.207977 0.22599 1 
0.207961 0.222844 1 
0.207947 0.224954 1 
0.207944 0.208422 1 
0.207933 0.224027 1 
0.207923 0.224413 1 
0.207906 0.228718 1 
0.207896 0.225517 1 
0.207852 0.227808 1 
0.207819 0.220257 1 
0.207792 0.20833 1 
0.207757 0.208247 1 
0.207733 0.210454 1 
0.207723 0.20926 1 
0.207702 0.224736 1 
0.20769 0.211208 1 
0.207686 0.226168 1 
0.207628 0.224183 1 
0.207618 0.224996 1 
0.207542 0.222052 1 
0.207478 0.222782 1 
0.207436 0.224027 1 
0.207396 0.210288 1 
0.207393 0.207454 1 
0.207377 0.222521 1 
0.207339 0.207537 1 
0.207338 0.225989 1 
0.207325 0.227975 1 
0.20732 0.223984 1 
0.207295 0.20824 1 
0.207258 0.223344 1 
0.207236 0.218355 1 
0.207202 0.221162 1 
0.207193 0.212292 1 
0.207173 0.222615 1 
0.207173 0.207537 1 
0.207173 0.207585 1 
0.207171 0.209548 1 
0.207157 0.208163 1 
0.207154 0.208116 1 
0.207128 0.207156 1 
0.207119 0.219718 1 
0.207093 0.20759 1 
0.207091 0.218355 1 
0.207026 0.208126 1 
0.206979 0.223835 1 
0.206961 0.222935 1 
0.206934 0.208862 1 
0.206932 0.224503 1 
0.206909 0.223626 1 
0.206889 0.208081 1 
0.206859 0.20939 1 
0.206843 0.207913 1 
0.206819 0.221634 1 
0.206816 0.209694 1 
0.206786 0.207894 1 
0.206768 0.20932 1 
0.206731 0.20932 1 
0.206709 0.212205 1 
0.206709 0.230111 1 
0.206708 0.209388 1 
0.206633 0.221131 1 
0.206615 0.225219 1 
0.206493 0.209632 1 
0.206478 0.225381 1 
0.206467 0.207422 1 
0.206425 0.207408 1 
0.20641 0.208421 1 
0.206409 0.208158 1 
0.206403 0.224523 1 
0.206388 0.206814 1 
0.206383 0.209623 1 
0.206377 0.225555 1 
0.206362 0.206438 1 
0.206347 0.207699 1 
0.206333 0.223887 1 
0.206313 0.223501 1 
0.206272 0.221557 1 
0.20627 0.221893 1 
0.206248 0.219955 1 
0.206244 0.219276 1 
0.206242 0.219955 1 
0.206241 0.210666 1 
0.206228 0.210671 1 
0.206218 0.222208 1 
0.2062 0.206831 1 
0.20615 0.207359 1 
0.206148 0.231766 1 
0.206129 0.209036 1 
0.206118 0.222015 1 
0.206096 0.207619 1 
0.206 0.219238 1 
0.205952 0.210496 1 
0.205944 0.223344 1 
0.205921 0.210021 1 
0.205902 0.206438 1 
0.205896 0.225395 1 
0.205878 0.208163 1 
0.205847 0.209251 1 
0.205761 0.223501 1 
0.20576 0.216226 1 
0.205742 0.22068 1 
0.205707 0.225799 1 
0.20566 0.211135 1 
0.20565 0.208491 1 
0.205646 0.213437 1 
0.205637 0.210565 1 
0.20562 0.219955 1 
0.205619 0.208021 1 
0.205618 0.221893 1 
0.205597 0.213437 1 
0.205597 0.209018 1 
0.205557 0.223762 1 
0.205545 0.220983 1 
0.205544 0.210641 1 
0.205504 0.222208 1 
0.205464 0.206466 1 
0.205448 0.209944 1 
0.205417 0.226677 1 
0.205414 0.221749 1 
0.205393 0.206426 1 
0.205361 0.22046 1 
0.205341 0.222576 1 
0.20533 0.209624 1 
0.205311 0.222684 1 
0.205293 0.22572 1 
0.20529 0.221778 1 
0.205265 0.219546 1 
0.205264 0.219546 1 
0.205218 0.205914 1 
0.205149 0.213251 1 
0.20513 0.206653 1 
0.205107 0.222935 1 
0.205042 0.223898 1 
0.205037 0.224251 1 
0.205035 0.22441 1 
0.204997 0.222015 1 
0.204955 0.223773 1 
0.204809 0.221006 1 
0.204804 0.225595 1 
0.204799 0.227587 1 
0.204786 0.206736 1 
0.204725 0.227322 1 
0.204697 0.222052 1 
0.20466 0.222782 1 
0.204655 0.209827 1 
0.204548 0.222208 1 
0.204544 0.208285 1 
0.204495 0.206523 1 
0.204442 0.222553 1 
0.204401 0.222844 1 
0.204392 0.205445 1 
0.204378 0.208034 1 
0.204376 0.219276 1 
0.204352 0.221749 1 
0.204341 0.223869 1 
0.20429 0.208521 1 
0.20424 0.207195 1 
0.204222 0.210671 1 
0.204203 0.222935 1 
0.204172 0.226034 1 
0.204151 0.221634 1 
0.20414 0.223898 1 
0.20408 0.224149 1 
0.203942 0.204932 1 
0.203937 0.206177 1 
0.203764 0.208911 1 
0.203405 0.224277 1 
0.203012 0.206117 1 
0.102003 0.102148 2 
0.101901 0.105737 2 
0.101268 0.104162 2 
0.101221 0.102545 2 
0.101099 0.105374 2 
0.100641 0.10846 2 
0.100263 0.105892 2 
0.100104 0.100834 2 
0.100023 0.104945 2 
0.0997619 0.101382 2 
0.0992946 0.101021 2 
0.0991666 0.102582 2 
0.0991523 0.0999274 2 
0.0990855 0.10208 2 
0.0990673 0.104282 2 
0.0988895 0.10106 2 
0.0988304 0.101461 2 
0.0988265 0.101387 2 
0.0987705 0.104623 2 
0.0987692 0.103558 2 
0.0982646 0.105525 2 
0.0982607 0.100707 2 
0.0978882 0.102234 2 
0.0978277 0.101338 2 
0.0978067 0.101624 2 
0.0977937 0.104809 2 
0.097747 0.0981928 2 
0.0976861 0.0986666 2 
0.0974752 0.0989693 2 
0.0973954 0.101258 2 
0.0973085 0.098174 2 
0.0972696 0.101725 2 
0.0972278 0.10942 2 
0.0972271 0.102226 2 
0.0972174 0.0995625 2 
0.0972073 0.0994986 2 
0.0971235 0.098174 2 
0.0970101 0.0993784 2 
0.0969503 0.0978149 2 
0.0969282 0.102737 2 
0.0969208 0.0993784 2 
0.0968745 0.0984613 2 
0.0968456 0.101689 2 
0.0968029 0.098266 2 
0.0967946 0.100544 2 
0.0967152 0.0990734 2 
0.0966931 0.099875 2 
0.0966793 0.102216 2 
0.0965612 0.0997956 2 
0.0965293 0.0973229 2 
0.0965291 0.0977112 2 
0.0964837 0.106748 2 
0.0964643 0.099513 2 
0.0964014 0.098764 2 
0.0963986 0.0989709 2 
0.0963751 0.0963762 2 
0.0962349 0.0962579 2 
0.096208 0.09697 2 
0.0961837 0.0978149 2 
0.0961702 0.101317 2 
0.096156 0.10106 2 
0.095898 0.100672 2 
0.0958959 0.0995683 2 
0.0958793 0.103072 2 
0.0958792 0.098007 2 
0.0958272 0.0976717 2 
0.0956407 0.0996502 2 
0.0955139 0.0987546 2 
0.0954874 0.0967048 2 
0.0954857 0.0987921 2 
0.0954375 0.0954927 2 
0.09541 0.0989709 2 
0.0953349 0.0958341 2 
0.0952495 0.0955953 2 
0.0952399 0.0957961 2 
0.0951958 0.100385 2 
0.0950921 0.0981322 2 
0.0950684 0.0995877 2 
0.0949258 0.0985569 2 
0.0948978 0.0996119 2 
0.0947803 0.0948408 2 
0.0947446 0.095521 2 
0.0946876 0.09802 2 
0.0946619 0.0982898 2 
0.0945929 0.0968707 2 
0.0945858 0.0949991 2 
0.0945308 0.0954911 2 
0.0944228 0.0968659 2 
0.0943138 0.0996803 2 
0.0942111 0.0990768 2 
0.0941705 0.0990574 2 
0.0941437 0.0972753 2 
0.094088 0.101852 2 
0.0940773 0.0997096 2 
0.0940739 0.100035 2 
0.0940391 0.0990905 2 
0.0940075 0.101989 2 
0.0939802 0.0963762 2 
0.0939221 0.0942473 2 
0.0938511 0.0984472 2 
0.0937863 0.100393 2 
0.0937746 0.0989693 2 
0.0937325 0.100757 2 
0.0936665 0.0949991 2 
0.0936513 0.100664 2 
0.0936045 0.100669 2 
0.0935263 0.0987125 2 
0.0935106 0.105692 2 
0.0934303 0.0982905 2 
0.0933906 0.0991331 2 
0.0933388 0.102132 2 
0.0932279 0.098291 2 
0.0931458 0.100431 2 
0.0931333 0.0945306 2 
0.0931278 0.0963762 2 
0.0931077 0.100539 2 
0.0930645 0.0994222 2 
0.0930372 0.0945945 2 
0.0930172 0.0939622 2 
0.0930164 0.0962509 2 
0.0929109 0.0982872 2 
0.0928919 0.0930917 2 
0.0928691 0.09533 2 
0.0928269 0.0963762 2 
0.0928055 0.0992667 2 
0.0927723 0.093028 2 
0.0926839 0.0979967 2 
0.0926786 0.0972007 2 
0.0926533 0.0990734 2 
0.0926322 0.0950142 2 
0.0926089 0.0956094 2 
0.0925844 0.0983194 2 
0.0925517 0.0928759 2 
0.0925505 0.097724 2 
0.0924969 0.0943921 2 
0.0923804 0.0956094 2 
0.0923629 0.102728 2 
0.0923463 0.0968707 2 
0.092304 0.0937872 2 
0.0922787 0.098007 2 
0.0922679 0.0924027 2 
0.0922603 0.0975489 2 
0.0922156 0.0985822 2 
0.0921765 0.0992564 2 
0.092132 0.100539 2 
0.0921307 0.0990734 2 
0.0920923 0.0931578 2 
0.0920625 0.0970294 2 
0.0920553 0.0988266 2 
0.0920468 0.0928034 2 
0.0920466 0.0964132 2 
0.0920312 0.0995571 2 
0.0919697 0.0926473 2 
0.0919682 0.103958 2 
0.0919641 0.100022 2 
0.0919286 0.0985693 2 
0.0919153 0.0996666 2 
0.0919018 0.095331 2 
0.0918914 0.0962509 2 
0.0918912 0.0942817 2 
0.0918594 0.0949345 2 
0.0918498 0.097365 2 
0.0917516 0.0924063 2 
0.0917382 0.0989646 2 
0.0916991 0.0930316 2 
0.0916871 0.0921052 2 
0.0916852 0.0987004 2 
0.0916151 0.0959255 2 
0.091582 0.0950142 2 
0.0915759 0.0917389 2 
0.0915377 0.0932201 2 
0.0914999 0.0975777 2 
0.0914525 0.0950142 2 
0.0914424 0.0924025 2 
0.0913915 0.0966467 2 
0.091355 0.0958341 2 
0.0913105 0.0994222 2 
0.0912923 0.0936945 2 
0.0912714 0.098174 2 
0.0912426 0.0968967 2 
0.0912422 0.0992936 2 
0.091208 0.0915817 2 
0.0911781 0.098291 2 
0.0911637 0.0940562 2 
0.0911175 0.100834 2 
0.091114 0.0981928 2 
0.0910815 0.0982331 2 
0.0910681 0.0985693 2 
0.0910651 0.094933 2 
0.0910383 0.0943904 2 
0.0910371 0.0943168 2 
0.0910079 0.0968901 2 
0.0909832 0.0993191 2 
0.0909762 0.101286 2 
0.0909283 0.0981322 2 
0.0909276 0.0972728 2 
0.0909235 0.0947202 2 
0.0909148 0.0920849 2 
0.090911 0.100008 2 
0.0908601 0.0993505 2 
0.0908562 0.0932686 2 
0.0908395 0.09697 2 
0.0908298 0.0913551 2 
0.0908293 0.0986179 2 
0.0907617 0.0917106 2 
0.0907286 0.0916084 2 
0.0906797 0.0923254 2 
0.0906712 0.0939467 2 
0.0906706 0.0975469 2 
0.0906616 0.0982724 2 
0.0906222 0.0918619 2 
0.0905527 0.0931392 2 
0.0905517 0.0933379 2 
0.0905319 0.0915252 2 
0.0905273 0.0984472 2 
0.0905209 0.0912684 2 
0.0905168 0.100238 2 
0.0904969 0.0919193 2 
0.0904108 0.0952696 2 
0.0903412 0.0949345 2 
0.0903223 0.0904932 2 
0.0903148 0.0950142 2 
0.0902116 0.0949552 2 
0.0901726 0.0924819 2 
0.090163 0.090472 2 
0.0901482 0.098007 2 
0.0901389 0.0912802 2 
0.0901049 0.0933742 2 
0.0901029 0.0968659 2 
0.0900896 0.100035 2 
0.0900696 0.0943168 2 
0.0900578 0.0936416 2 
0.0900479 0.0930316 2 
0.0900409 0.0924192 2 
0.0900336 0.097895 2 
0.0899935 0.100022 2 
0.0899921 0.0902551 2 
0.0899805 0.0929259 2 
0.0899404 0.0940562 2 
0.0899262 0.0930839 2 
0.0899178 0.091546 2 
0.0898929 0.0912684 2 
0.0898912 0.0927224 2 
0.0898886 0.0950142 2 
0.0898828 0.0934226 2 
0.0898495 0.089907 2 
0.0898066 0.0968607 2 
0.0897775 0.0902796 2 
0.0897587 0.0949991 2 
0.0897497 0.0945117 2 
0.089711 0.0918672 2 
0.0896741 0.0915837 2 
0.0896285 0.0943921 2 
0.0896162 0.0983242 2 
0.0895856 0.0927558 2 
0.0895766 0.0966467 2 
0.0895588 0.0949991 2 
0.0895422 0.0995877 2 
0.0895343 0.0969846 2 
0.0895219 0.091692 2 
0.0895105 0.0914797 2 
0.0894969 0.0920936 2 
0.0894738 0.0910295 2 
0.0894552 0.0925974 2 
0.0893958 0.097196 2 
0.0893546 0.0943168 2 
0.0893201 0.101624 2 
0.0893139 0.0938255 2 
0.0893027 0.091978 2 
0.0892502 0.0949991 2 
0.0891947 0.0907717 2 
0.0891478 0.0914687 2 
0.0891236 0.0981322 2 
0.0890788 0.0990698 2 
0.0890281 0.0958341 2 
0.0889719 0.0919004 2 
0.0889683 0.0926312 2 
0.0889258 0.0968967 2 
0.088897 0.0959797 2 
0.0888823 0.0959255 2 
0.088866 0.0893902 2 
0.0888474 0.0982872 2 
0.0888463 0.0968707 2 
0.0888405 0.0967458 2 
0.0888276 0.0950991 2 
0.0888274 0.0963906 2 
0.0887223 0.0968707 2 
0.0886998 0.0893417 2 
0.0886991 0.0917146 2 
0.0886399 0.0907351 2 
0.0885969 0.0968707 2 
0.088535 0.0897305 2 
0.0885283 0.0926399 2 
0.0885005 0.0980712 2 
0.0884554 0.0943921 2 
0.0883863 0.0986405 2 
0.0883299 0.0915855 2 
0.0883042 0.100842 2 
0.088276 0.0972728 2 
0.0882048 0.0907346 2 
0.0881995 0.0959255 2 
0.0881956 0.0975469 2 
0.08816 0.0964132 2 
0.0881177 0.098174 2 
0.0881026 0.0968659 2 
0.0879365 0.0981664 2 
0.0878581 0.0892899 2 
0.0878502 0.0970294 2 
0.0878435 0.0887791 2 
0.0877754 0.0975469 2 
0.0876725 0.0930788 2 
0.087597 0.0892684 2 
0.0875838 0.0900573 2 
0.0875708 0.0986405 2 
0.0875429 0.0893432 2 
0.08751 0.0958735 2 
0.0875051 0.0931137 2 
0.0874719 0.0902141 2 
0.0874581 0.0969371 2 
0.087376 0.098867 2 
0.0873291 0.0968967 2 
0.0873146 0.0886989 2 
0.0872119 0.0943168 2 
0.0871364 0.0897301 2 
0.0860271 0.0862464 2 
0.0497702 0.0516129 3 
0.0493967 0.0500479 3 
0.0492631 0.0505475 3 
0.0487239 0.0501833 3 
0.0485878 0.0493008 3 
0.0484472 0.0499257 3 
0.0481893 0.0487555 3 
0.048064 0.0506081 3 
0.0478215 0.0514289 3 
0.0476344 0.0481882 3 
0.0476086 0.0476722 3 
0.0474979 0.0483029 3 
0.0473508 0.0477227 3 
0.0472334 0.0474846 3 
0.0469689 0.0478163 3 
0.0469334 0.0510144 3 
0.0467055 0.0471513 3 
0.0466895 0.0480569 3 
0.0466331 0.0469053 3 
0.0465518 0.0466627 3 
0.0465148 0.0467543 3 
0.0463336 0.0463476 3 
0.0461461 0.0463477 3 
0.0460282 0.0462414 3 
0.0460122 0.0476224 3 
0.0457657 0.0462542 3 
0.0457492 0.0493913 3 
0.0457478 0.0464325 3 
0.0454498 0.0503257 3 
0.0454324 0.0456011 3 
0.0454238 0.0462229 3 
0.0454124 0.0456381 3 
0.045389 0.0465582 3 
0.045285 0.0453458 3 
0.0452502 0.046131 3 
0.0452465 0.0460949 3 
0.0452192 0.0459149 3 
0.0452127 0.0456119 3 
0.0451393 0.0457884 3 
0.0450833 0.0465742 3 
0.0450766 0.0453044 3 
0.0450065 0.0454107 3 
0.0448802 0.045841 3 
0.0448381 0.0478876 3 
0.0448324 0.0449812 3 
0.0448076 0.0459281 3 
0.0447939 0.0448637 3 
0.0446772 0.0453612 3 
0.0446665 0.0448531 3 
0.0446113 0.0465314 3 
0.0445763 0.0457547 3 
0.0445596 0.0454061 3 
0.0444868 0.0478811 3 
0.0444594 0.0446193 3 
0.0444198 0.0462229 3 
0.0444036 0.0461637 3 
0.0443501 0.0453044 3 
0.0443218 0.0469593 3 
0.0442911 0.0455403 3 
0.0442699 0.0469204 3 
0.0442412 0.0454467 3 
0.0442178 0.0466762 3 
0.0442154 0.0470319 3 
0.0441547 0.0452236 3 
0.0441265 0.0466785 3 
0.0440785 0.0442808 3 
0.0440564 0.0451821 3 
0.0440127 0.0442765 3 
0.0438763 0.0474846 3 
0.0438706 0.044132 3 
0.0438418 0.0456727 3 
0.0438297 0.0459009 3 
0.0437388 0.0439388 3 
0.0436921 0.0445089 3 
0.0436849 0.045966 3 
0.0436583 0.046951 3 
0.0436238 0.0466034 3 
0.0436201 0.0469593 3 
0.0436071 0.0461674 3 
0.0436023 0.0444536 3 
0.0435973 0.0449337 3 
0.0435466 0.0452993 3 
0.0435319 0.0451211 3 
0.0435206 0.0443001 3 
0.0435042 0.0436629 3 
0.0434905 0.0438304 3 
0.043467 0.0459281 3 
0.0434613 0.0450587 3 
0.0434297 0.0457512 3 
0.0433833 0.0485045 3 
0.043366 0.0462913 3 
0.0433495 0.0488464 3 
0.0433469 0.0477614 3 
0.0433012 0.0438304 3 
0.0432909 0.0450587 3 
0.0432886 0.0443783 3 
0.0432735 0.0454106 3 
0.0432664 0.0458073 3 
0.0432591 0.0453848 3 
0.0432302 0.0459067 3 
0.0432144 0.0448831 3 
0.0431928 0.0447069 3 
0.0431634 0.043307 3 
0.04311 0.0453261 3 
0.0430355 0.0434211 3 
0.0430346 0.0434484 3 
0.0430298 0.0446716 3 
0.0429843 0.0445382 3 
0.0429386 0.0466682 3 
0.0428995 0.0434211 3 
0.0428982 0.0458692 3 
0.0428803 0.0441018 3 
0.0428404 0.0451211 3 
0.0428272 0.0442844 3 
0.042783 0.0452303 3 
0.0427536 0.042789 3 
0.0427425 0.0460432 3 
0.042738 0.0450745 3 
0.0427311 0.0439235 3 
0.0427258 0.0444621 3 
0.0426877 0.0456253 3 
0.0426861 0.0429657 3 
0.0426808 0.0447962 3 
0.0426334 0.043531 3 
0.042631 0.0459913 3 
0.0425925 0.0431198 3 
0.0425791 0.0427524 3 
0.0425754 0.0444661 3 
0.0425687 0.0456755 3 
0.0425674 0.0434043 3 
0.0425669 0.0428059 3 
0.0425508 0.0456613 3 
0.0425502 0.0430883 3 
0.0425458 0.0428717 3 
0.0425408 0.0469336 3 
0.0425266 0.0432021 3 
0.042525 0.0448134 3 
0.0425234 0.0465891 3 
0.0425198 0.0432738 3 
0.0424851 0.0454806 3 
0.042461 0.0441777 3 
0.0424598 0.0429408 3 
0.042394 0.0442062 3 
0.042362 0.0434211 3 
0.0423591 0.0454061 3 
0.0423578 0.0453821 3 
0.0423382 0.0468002 3 
0.0423307 0.0453848 3 
0.042303 0.0427935 3 
0.0422998 0.044448 3 
0.0422832 0.0445268 3 
0.0422718 0.0447399 3 
0.0422685 0.0430552 3 
0.0422654 0.0457512 3 
0.0422537 0.0423101 3 
0.0422199 0.0431198 3 
0.0421841 0.0427524 3 
0.0421546 0.042328 3 
0.0421513 0.0446738 3 
0.0421411 0.0433172 3 
0.0421204 0.0450623 3 
0.0420925 0.045202 3 
0.0420923 0.044741 3 
0.0420851 0.0464595 3 
0.0420787 0.0420939 3 
0.0420494 0.0424746 3 
0.0420414 0.0447069 3 
0.0420349 0.0439831 3 
0.0420292 0.0435122 3 
0.0420164 0.0424746 3 
0.0420106 0.0422216 3 
0.0420089 0.0433748 3 
0.0419829 0.0466151 3 
0.0419524 0.0428554 3 
0.0419376 0.0477227 3 
0.0419216 0.0447085 3 
0.0419072 0.0439939 3 
0.0418605 0.045929 3 
0.0418489 0.0420906 3 
0.0418366 0.0457882 3 
0.0418295 0.0430883 3 
0.0418161 0.0439682 3 
0.0418046 0.0449683 3 
0.041798 0.0426629 3 
0.0417979 0.0439096 3 
0.0417739 0.0449141 3 
0.0417529 0.0432461 3 
0.0417195 0.0425446 3 
0.041656 0.0425359 3 
0.0416392 0.045966 3 
0.041637 0.0423777 3 
0.0416123 0.0426773 3 
0.0415963 0.0431756 3 
0.041586 0.0434484 3 
0.0415854 0.0462292 3 
0.04157 0.0427895 3 
0.041518 0.0419021 3 
0.0414724 0.0438722 3 
0.0414654 0.0446854 3 
0.0414418 0.0431008 3 
0.0414107 0.042328 3 
0.0413854 0.0434988 3 
0.0413309 0.04255 3 
0.0413126 0.0426155 3 
0.0412808 0.0429464 3 
0.0412712 0.0427935 3 
0.0412647 0.044032 3 
0.0412523 0.0450954 3 
0.0412276 0.0441018 3 
0.041227 0.044107 3 
0.04122 0.0429464 3 
0.0412132 0.0454107 3 
0.0411984 0.0429464 3 
0.0411983 0.0430409 3 
0.0411855 0.042328 3 
0.0411791 0.0433136 3 
0.0411756 0.0440795 3 
0.0411463 0.0417641 3 
0.0411312 0.0429966 3 
0.0411296 0.0427151 3 
0.0411115 0.0430995 3 
0.0410882 0.0450587 3 
0.0410779 0.0423777 3 
0.0410498 0.0451439 3 
0.0410216 0.0433365 3 
0.0410196 0.0452303 3 
0.0409018 0.0445158 3 
0.0408389 0.0445446 3 
0.0407569 0.0456253 3 
0.0406796 0.0432021 3 
0.0406701 0.0472528 3 
0.0406118 0.0434526 3 
0.040567 0.0419111 3 
0.0405613 0.0434858 3 
0.0405598 0.0425717 3 
0.0405271 0.044188 3 
0.0405176 0.0447944 3 
0.0404728 0.0405832 3 
0.0404706 0.0426773 3 
0.0404627 0.0456755 3 
0.0404397 0.0430153 3 
0.0404179 0.0441691 3 
0.0404171 0.0450117 3 
0.0404158 0.0447306 3 
0.0404108 0.0443357 3 
0.0404076 0.0457146 3 
0.0403974 0.0417441 3 
0.0403749 0.0431198 3 
0.0403678 0.044741 3 
0.0403377 0.0408669 3 
0.0403229 0.0458692 3 
0.0403228 0.0431162 3 
0.0403212 0.0415035 3 
0.0402987 0.0454388 3 
0.040212 0.0444621 3 
0.0402092 0.0441705 3 
0.0401699 0.0442968 3 
0.0401391 0.0437129 3 
0.0401326 0.0406878 3 
0.0401003 0.0410183 3 
0.0400768 0.0425183 3 
0.0400461 0.0441344 3 
0.0400209 0.0438565 3 
0.0399482 0.0443783 3 
0.0399161 0.0401181 3 
0.0399077 0.0402793 3 
0.0397709 0.0401181 3 
0.0396326 0.0449638 3 
0.0395949 0.040993 3 
0.039467 0.042328 3 
0.039355 0.044107 3 
0.0390369 0.0444964 3 
0.0389236 0.0405052 3 
0.0382847 0.0384694 3 
0.0249045 0.0251561 4 
0.0243568 0.0251595 4 
0.0242115 0.0245608 4 
0.0235331 0.0249912 4 
0.0233327 0.0235332 4 
0.0230966 0.0233523 4 
0.0229516 0.0247386 4 
0.0229239 0.0230618 4 
0.0228891 0.0233166 4 
0.0225311 0.0234174 4 
0.0224916 0.0240307 4 
0.0223348 0.0227044 4 
0.0223046 0.0223792 4 
0.0221813 0.0222178 4 
0.0220662 0.0224263 4 
0.0220637 0.0224214 4 
0.0220534 0.0223029 4 
0.0220093 0.0230132 4 
0.0219675 0.0239993 4 
0.0219617 0.0235034 4 
0.0219232 0.022331 4 
0.0217946 0.0220875 4 
0.0217864 0.0221481 4 
0.0217458 0.0220423 4 
0.0217365 0.0217613 4 
0.0217231 0.0223183 4 
0.0216342 0.0223649 4 
0.0216209 0.0220278 4 
0.0216137 0.0227229 4 
0.0215949 0.0223377 4 
0.0215883 0.0221136 4 
0.0215708 0.0227373 4 
0.0215701 0.0216137 4 
0.0215382 0.0217843 4 
0.0214998 0.022393 4 
0.021471 0.0221957 4 
0.0214515 0.0219441 4 
0.021447 0.0215701 4 
0.0213917 0.0221218 4 
0.0213418 0.0218563 4 
0.0213252 0.0216501 4 
0.0212807 0.0216201 4 
0.0212707 0.0222506 4 
0.021263 0.0217513 4 
0.0212616 0.0215701 4 
0.0212479 0.0215785 4 
0.0212445 0.0228042 4 
0.0212386 0.0221094 4 
0.021219 0.0229013 4 
0.0211854 0.0235892 4 
0.0211519 0.0214603 4 
0.0211367 0.021535 4 
0.0211282 0.0237308 4 
0.0211232 0.0218519 4 
0.0210986 0.0216828 4 
0.0210961 0.0213564 4 
0.0210943 0.0225295 4 
0.0210875 0.023737 4 
0.0210697 0.0212007 4 
0.0210619 0.0213756 4 
0.0210557 0.0218519 4 
0.0210342 0.0220344 4 
0.0210057 0.0216707 4 
0.0209416 0.022064 4 
0.0209251 0.0220335 4 
0.0209131 0.0223363 4 
0.0209038 0.0216501 4 
0.0209037 0.021684 4 
0.0208519 0.0225229 4 
0.0208448 0.0211431 4 
0.0208301 0.0227486 4 
0.0208078 0.0217705 4 
0.0208021 0.021059 4 
0.0207486 0.0218519 4 
0.0207469 0.0209948 4 
0.0207287 0.0210785 4 
0.0207232 0.021 4 
0.0206985 0.0212448 4 
0.0206981 0.0209005 4 
0.0206944 0.0210591 4 
0.0206934 0.0226214 4 
0.0206867 0.0227006 4 
0.0206833 0.0219061 4 
0.0206827 0.0214151 4 
0.0206732 0.0216772 4 
0.0206663 0.0211854 4 
0.0206592 0.0206899 4 
0.0206569 0.0217546 4 
0.0206073 0.0218722 4 
0.0205955 0.0219007 4 
0.0205823 0.0211947 4 
0.0205717 0.0212868 4 
0.020571 0.0212693 4 
0.0205344 0.0207181 4 
0.0205319 0.0231941 4 
0.020531 0.0207348 4 
0.0205055 0.0218563 4 
0.0204997 0.0227872 4 
0.0204984 0.0227044 4 
0.0204937 0.0209507 4 
0.0204924 0.0214492 4 
0.0204917 0.021684 4 
0.0204635 0.0217737 4 
0.0204634 0.0216201 4 
0.0204488 0.0216321 4 
0.0204453 0.0221535 4 
0.0204402 0.0221862 4 
0.0204362 0.0210389 4 
0.020412 0.0214316 4 
0.0204115 0.0206539 4 
0.0203715 0.0212142 4 
0.0203712 0.0204177 4 
0.0203659 0.0222073 4 
0.0203597 0.0205556 4 
0.0203498 0.0211431 4 
0.0203423 0.0208647 4 
0.0203347 0.0204258 4 
0.020334 0.0226248 4 
0.0203304 0.0206576 4 
0.0203253 0.0217737 4 
0.0203149 0.0210389 4 
0.0203081 0.0218473 4 
0.020308 0.0219901 4 
0.020293 0.0206749 4 
0.0202805 0.0212852 4 
0.0202597 0.0209443 4 
0.0202557 0.0204238 4 
0.0202521 0.0215565 4 
0.0202506 0.0211044 4 
0.0202498 0.0215948 4 
0.0202372 0.0209502 4 
0.0202349 0.0206539 4 
0.020194 0.0212479 4 
0.0201534 0.0208766 4 
0.0201476 0.0208088 4 
0.0201476 0.0220412 4 
0.0201301 0.0201826 4 
0.0201264 0.0215607 4 
0.0201188 0.0206248 4 
0.0201167 0.0207298 4 
0.0201032 0.020696 4 
0.0200385 0.0201353 4 
0.0200364 0.0217675 4 
0.0199917 0.0202678 4 
0.0199797 0.0207708 4 
0.0199661 0.0217709 4 
0.0199575 0.0207872 4 
0.0198827 0.0208782 4 
0.0198761 0.0217337 4 
0.0198664 0.0216285 4 
0.0198647 0.0211037 4 
0.0198588 0.0210832 4 
0.0198467 0.0215622 4 
0.019838 0.0202997 4 
0.0198333 0.0218307 4 
0.0198219 0.0213335 4 
0.0197976 0.0207043 4 
0.0197714 0.0210761 4 
0.0197711 0.0198864 4 
0.0197685 0.0229698 4 
0.0197621 0.0210431 4 
0.0197021 0.0215826 4 
0.0196875 0.0211037 4 
0.0196243 0.0196843 4 
0.0196181 0.0201086 4 
0.0196154 0.0204082 4 
0.0196065 0.0219007 4 
0.0196014 0.0211117 4 
0.0195912 0.0213564 4 
0.0195899 0.0201086 4 
0.019582 0.0208088 4 
0.0195615 0.0209186 4 
0.0195497 0.0217494 4 
0.0195394 0.0201085 4 
0.019529 0.0216934 4 
0.0195259 0.0208419 4 
0.0195096 0.0219898 4 
0.0194929 0.0221535 4 
0.0194719 0.0217027 4 
0.0194603 0.020166 4 
0.019459 0.0211878 4 
0.0194206 0.0202136 4 
0.0194173 0.0206248 4 
0.0194115 0.0202595 4 
0.0193899 0.0196219 4 
0.0193619 0.0221218 4 
0.0193593 0.0208766 4 
0.0193286 0.0212777 4 
0.0193111 0.0196755 4 
0.019308 0.0202136 4 
0.0192981 0.0215434 4 
0.0192667 0.0194367 4 
0.0192465 0.0210039 4 
0.0192354 0.0213333 4 
0.0192151 0.0208647 4 
0.0192109 0.0218294 4 
0.0192046 0.0214492 4 
0.0191832 0.0208419 4 
0.0191753 0.0202159 4 
0.0191586 0.0207181 4 
0.0191295 0.0210283 4 
0.0191198 0.0210329 4 
0.0191055 0.0212411 4 
0.0190879 0.0199997 4 
0.0189972 0.0211903 4 
0.0189535 0.0192077 4 
0.0188635 0.0212388 4 
0.0188533 0.0210404 4 
0.0188213 0.0190876 4 
0.0187603 0.0190876 4 
0.0186743 0.0196843 4 
0.0186685 0.0217633 4 
0.0186613 0.01962 4 
0.0184577 0.0211319 4 
0.0184167 0.0208088 4 
0.0181389 0.0192077 4 
0.0177806 0.0178451 4 
0.0126385 0.0128765 5 
0.0121626 0.0122217 5 
0.0120311 0.0124146 5 
0.0118649 0.0119213 5 
0.0118346 0.0124116 5 
0.0116913 0.0118201 5 
0.0115374 0.0120296 5 
0.0113939 0.0113943 5 
0.0113182 0.0114894 5 
0.0112745 0.0117989 5 
0.0112498 0.0113975 5 
0.0111615 0.0115692 5 
0.0111564 0.0120296 5 
0.0111514 0.0115769 5 
0.011143 0.0117337 5 
0.0111002 0.0113486 5 
0.0110374 0.0111234 5 
0.0110231 0.0112077 5 
0.0110139 0.0110697 5 
0.0109843 0.0113003 5 
0.0109423 0.0120421 5 
0.010888 0.0109337 5 
0.0108035 0.0112558 5 
0.0107352 0.0109994 5 
0.0106677 0.0109131 5 
0.0106676 0.0108544 5 
0.0106619 0.0109356 5 
0.0106578 0.0111117 5 
0.0106551 0.010737 5 
0.0106437 0.0109509 5 
0.0106286 0.0115482 5 
0.0106228 0.0107189 5 
0.0106219 0.0112192 5 
0.0106118 0.0112872 5 
0.0106044 0.0116615 5 
0.0105752 0.0106685 5 
0.0105665 0.010856 5 
0.0105665 0.0110922 5 
0.0105594 0.011346 5 
0.0105389 0.0105438 5 
0.0105294 0.0107891 5 
0.0105282 0.0122176 5 
0.0105179 0.010837 5 
0.0105062 0.0107611 5 
0.0104969 0.0106858 5 
0.0104926 0.0116914 5 
0.0104869 0.0111482 5 
0.0104849 0.0119213 5 
0.0104773 0.0113142 5 
0.0104671 0.0106478 5 
0.0104499 0.010885 5 
0.0104413 0.0104927 5 
0.0104348 0.0107379 5 
0.0104294 0.0106331 5 
0.0104108 0.0113168 5 
0.0104098 0.0106329 5 
0.0103772 0.0112694 5 
0.0103657 0.0109512 5 
0.0103604 0.0105207 5 
0.0103602 0.010737 5 
0.0103534 0.0106219 5 
0.0103476 0.0114384 5 
0.0103407 0.0106198 5 
0.0103172 0.0104591 5 
0.0103097 0.0108207 5 
0.0103022 0.0108664 5 
0.0102924 0.0109314 5 
0.0102858 0.0107425 5 
0.0102808 0.0107062 5 
0.0102648 0.0103115 5 
0.0102613 0.0113284 5 
0.0102603 0.0107975 5 
0.0102553 0.0106142 5 
0.0102521 0.010803 5 
0.010251 0.0111441 5 
0.0102484 0.0105166 5 
0.010243 0.0106848 5 
0.010243 0.0108895 5 
0.0102336 0.0111838 5 
0.0102205 0.0103664 5 
0.0101786 0.0106315 5 
0.0101674 0.0109325 5 
0.0101673 0.0105647 5 
0.0101671 0.0103382 5 
0.0101523 0.0102114 5 
0.0101507 0.0105986 5 
0.01015 0.0103703 5 
0.0101478 0.0111216 5 
0.0101385 0.0103065 5 
0.0101359 0.0105237 5 
0.0101293 0.0103909 5 
0.0101057 0.0103088 5 
0.0101053 0.0101874 5 
0.0100991 0.0105666 5 
0.0100832 0.01028 5 
0.0100674 0.0107025 5 
0.0100569 0.010837 5 
0.0100509 0.0103886 5 
0.0100399 0.0105762 5 
0.010035 0.0106306 5 
0.0100336 0.0106828 5 
0.0100217 0.0106629 5 
0.0100217 0.0103575 5 
0.0100187 0.010403 5 
0.0100135 0.0101773 5 
0.00999669 0.0105521 5 
0.00999563 0.0105622 5 
0.0099804 0.0113972 5 
0.00997498 0.0100936 5 
0.00995426 0.0106142 5 
0.00993695 0.0101092 5 
0.0099326 0.0106341 5 
0.0099176 0.0107702 5 
0.00991705 0.0101492 5 
0.00990981 0.0100805 5 
0.00988951 0.0107995 5 
0.00988752 0.0107611 5 
0.00987941 0.0103664 5 
0.00987233 0.0107967 5 
0.00986724 0.0107891 5 
0.0098501 0.0103701 5 
0.00984649 0.00992659 5 
0.00984219 0.0106848 5 
0.0098223 0.010541 5 
0.0098218 0.0104664 5 
0.00981619 0.00996648 5 
0.00979902 0.0111091 5 
0.00978936 0.0105314 5 
0.0097846 0.0109841 5 
0.00978197 0.0101092 5 
0.00978186 0.0104804 5 
0.00977959 0.0103917 5 
0.00977405 0.0105159 5 
0.00977114 0.0106534 5 
0.0097186 0.0110787 5 
0.00971684 0.0101481 5 
0.00971345 0.00982766 5 
0.00969522 0.0105125 5 
0.00968386 0.0102511 5 
0.00965343 0.00971592 5 
0.0096489 0.0105274 5 
0.00964224 0.0110182 5 
0.00963435 0.0101249 5 
0.00962619 0.0105368 5 
0.00961996 0.0100669 5 
0.00960648 0.0101481 5 
0.00960186 0.00971927 5 
0.00959868 0.00992878 5 
0.00959759 0.0106123 5 
0.00959458 0.0107548 5 
0.0095923 0.0101895 5 
0.00958669 0.0107432 5 
0.00957945 0.0110045 5 
0.0095475 0.0107138 5 
0.00954092 0.0110316 5 
0.0095363 0.0103664 5 
0.00952745 0.0100669 5 
0.0095246 0.0106908 5 
0.00951887 0.01028 5 
0.00951429 0.0096717 5 
0.00949247 0.00963849 5 
0.00948849 0.0096717 5 
0.0094879 0.00951529 5 
0.00945895 0.0106698 5 
0.00943613 0.0101803 5 
0.00941855 0.0106858 5 
0.00940661 0.0100755 5 
0.00940198 0.0101668 5 
0.0093854 0.0100936 5 
0.00937272 0.0102158 5 
0.00929365 0.00952057 5 
0.00928572 0.0104206 5 
0.00926183 0.0100791 5 
0.00924487 0.0104117 5 
0.0091964 0.0104149 5 
0.00919512 0.00938196 5 
0.00918647 0.0108658 5 
0.00915202 0.00942552 5 
0.00913655 0.00955718 5 
0.00912565 0.00938196 5 
0.00911266 0.0103382 5 
0.00906273 0.00948945 5 
0.00894615 0.0101249 5 
0.00878203 0.00951959 5 
0.00667202 0.00683317 6 
0.00623952 0.0062634 6 
0.0061771 0.00629088 6 
0.00602103 0.00614282 6 
0.00585623 0.00612238 6 
0.00583525 0.00589028 6 
0.00576075 0.0062016 6 
0.00573695 0.00581241 6 
0.00573498 0.00587145 6 
0.00572753 0.0061667 6 
0.00572741 0.00603441 6 
0.00570839 0.00577085 6 
0.00563909 0.00585194 6 
0.0055874 0.0056546 6 
0.00557529 0.00611291 6 
0.00551804 0.00577808 6 
0.00550931 0.00565964 6 
0.00549378 0.00568591 6 
0.00548117 0.0056808 6 
0.00547453 0.00580689 6 
0.00546192 0.00550721 6 
0.00545344 0.00557886 6 
0.00545221 0.00548707 6 
0.0054346 0.00560465 6 
0.00541285 0.00552599 6 
0.00541019 0.00561866 6 
0.00540584 0.00568772 6 
0.00539903 0.00587456 6 
0.00539713 0.00552576 6 
0.00539525 0.00542845 6 
0.00538013 0.00553614 6 
0.00537656 0.00570501 6 
0.00537302 0.0061037 6 
0.00537264 0.00556271 6 
0.00535199 0.00570902 6 
0.00535006 0.00574506 6 
0.0053487 0.00544688 6 
0.00534297 0.00625628 6 
0.00534078 0.00539828 6 
0.00533771 0.00540914 6 
0.00531341 0.00561851 6 
0.00530905 0.00546762 6 
0.00530015 0.0061037 6 
0.00529911 0.00562655 6 
0.00529901 0.00539098 6 
0.005294 0.0053831 6 
0.00529206 0.00573722 6 
0.00529026 0.00537773 6 
0.00528523 0.00562176 6 
0.00527804 0.00577085 6 
0.00526897 0.00539031 6 
0.0052677 0.00545837 6 
0.00526468 0.00534786 6 
0.005255 0.00547529 6 
0.0052534 0.00569428 6 
0.00524579 0.00532131 6 
0.00524523 0.00549231 6 
0.00524448 0.00554625 6 
0.00524135 0.00545447 6 
0.00522487 0.00526962 6 
0.00521616 0.00538959 6 
0.0051876 0.0054236 6 
0.00517923 0.00542675 6 
0.0051778 0.00575045 6 
0.00517668 0.00536151 6 
0.00516769 0.00528916 6 
0.00516242 0.00532915 6 
0.00515535 0.00518581 6 
0.00515456 0.00534964 6 
0.00515237 0.00542098 6 
0.00512616 0.00534774 6 
0.00512342 0.00540411 6 
0.0051234 0.00557322 6 
0.00510203 0.00542095 6 
0.00510122 0.0056866 6 
0.00510057 0.00525135 6 
0.00509148 0.00529526 6 
0.00508953 0.005341 6 
0.00508177 0.00530601 6 
0.00508173 0.00508841 6 
0.00507532 0.0051522 6 
0.00504953 0.0051042 6 
0.00504506 0.00526496 6 
0.00504467 0.00525394 6 
0.0050428 0.00546067 6 
0.00502956 0.00556705 6 
0.00502854 0.00543042 6 
0.00502731 0.00530374 6 
0.00502474 0.00522659 6 
0.00502306 0.00502856 6 
0.00501859 0.00544927 6 
0.00501471 0.00531012 6 
0.00501289 0.00520959 6 
0.00500664 0.00514325 6 
0.00500649 0.00505599 6 
0.00500051 0.00524367 6 
0.00499767 0.00562176 6 
0.0049942 0.00530891 6 
0.0049811 0.00530205 6 
0.0049785 0.00545852 6 
0.00496941 0.00505018 6 
0.00496763 0.00530405 6 
0.00496531 0.00497648 6 
0.00496479 0.00566562 6 
0.0049615 0.00497565 6 
0.00495612 0.00534494 6 
0.0049537 0.00500041 6 
0.00493919 0.00526659 6 
0.00492828 0.00497076 6 
0.00492722 0.0051274 6 
0.00492665 0.00516591 6 
0.00492662 0.00536565 6 
0.00492272 0.00516591 6 
0.00491644 0.0053282 6 
0.00491346 0.00545852 6 
0.00490831 0.00571627 6 
0.00490091 0.00549736 6 
0.00489808 0.00530431 6 
0.00489417 0.00537098 6 
0.00489243 0.00496384 6 
0.00488854 0.00507317 6 
0.00485031 0.00519539 6 
0.00484783 0.00518984 6 
0.00484653 0.00510417 6 
0.00482733 0.00539587 6 
0.00482408 0.00513836 6 
0.00482178 0.00555564 6 
0.00481845 0.00549675 6 
0.0048064 0.00526087 6 
0.00480525 0.00549016 6 
0.00480363 0.00559652 6 
0.00480352 0.00545044 6 
0.00479929 0.00495536 6 
0.00479589 0.00535884 6 
0.00477753 0.00544471 6 
0.00477407 0.00525013 6 
0.00476416 0.00485066 6 
0.00474019 0.00475608 6 
0.0047267 0.00519539 6 
0.00472464 0.00533846 6 
0.00472049 0.0052993 6 
0.0047162 0.00475014 6 
0.00471601 0.00508841 6 
0.00470181 0.00501336 6 
0.00469635 0.0050524 6 
0.00468688 0.00492836 6 
0.00468216 0.0053622 6 
0.00464264 0.0054637 6 
0.00463368 0.005252 6 
0.00462907 0.00508783 6 
0.00462171 0.004664 6 
0.00460538 0.00475014 6 
0.00459065 0.00463848 6 
0.00458484 0.00480167 6 
0.00457543 0.00492079 6 
0.0045411 0.0047267 6 
0.00450836 0.00462317 6 
0.0045012 0.00466736 6 
0.00445877 0.00505599 6 
0.00433385 0.00485436 6 
0.00356867 0.00358356 7 
0.0031183 0.00316569 7 
0.00304757 0.00307495 7 
0.00303035 0.00305665 7 
0.00300921 0.0032501 7 
0.0029907 0.0030057 7 
0.00297862 0.00317841 7 
0.00297531 0.00321645 7 
0.00295318 0.00295522 7 
0.00292666 0.00293382 7 
0.00290019 0.00297941 7 
0.0029001 0.00314277 7 
0.00289832 0.00299038 7 
0.00288517 0.00307377 7 
0.00286139 0.00294195 7 
0.00284965 0.00290771 7 
0.00283816 0.00285468 7 
0.00283782 0.00290912 7 
0.00283352 0.00293247 7 
0.00281418 0.00288134 7 
0.00281336 0.0028757 7 
0.0028071 0.00282512 7 
0.00280064 0.00287227 7 
0.00279782 0.00284753 7 
0.00279714 0.00291209 7 
0.00279249 0.00299862 7 
0.00278639 0.00317175 7 
0.00278618 0.00289252 7 
0.00278419 0.00300547 7 
0.00277654 0.00287048 7 
0.00277623 0.00293465 7 
0.00277287 0.00279234 7 
0.00277128 0.00291635 7 
0.00276951 0.00281928 7 
0.00276563 0.00278797 7 
0.00276548 0.00292573 7 
0.00275931 0.00299719 7 
0.00275918 0.00293427 7 
0.00275439 0.00282734 7 
0.00275211 0.00325114 7 
0.00273879 0.00294195 7 
0.00273841 0.00277315 7 
0.00273339 0.002839 7 
0.00273117 0.00284762 7 
0.00271461 0.00317175 7 
0.00270977 0.00278763 7 
0.00270733 0.00286712 7 
0.00270698 0.00271291 7 
0.0027063 0.00281367 7 
0.00269959 0.00273198 7 
0.00269113 0.00287922 7 
0.00268764 0.0027566 7 
0.00267856 0.00270502 7 
0.00267755 0.00276228 7 
0.0026746 0.00284745 7 
0.00267441 0.0028261 7 
0.00267102 0.00280676 7 
0.00267012 0.00279044 7 
0.00266671 0.00292011 7 
0.00265554 0.00274524 7 
0.00265411 0.00274792 7 
0.00264645 0.00265849 7 
0.00263826 0.00271887 7 
0.00262899 0.00270502 7 
0.00262857 0.00279661 7 
0.00262835 0.00281899 7 
0.00262624 0.00288281 7 
0.00262585 0.00271796 7 
0.00262485 0.00275314 7 
0.00262065 0.00262157 7 
0.00260672 0.002619 7 
0.00260237 0.00282941 7 
0.00258908 0.00267508 7 
0.00258818 0.00267947 7 
0.00258781 0.00272799 7 
0.00258713 0.00259353 7 
0.00258303 0.00277392 7 
0.00258165 0.00268623 7 
0.00258093 0.00290771 7 
0.00257583 0.00285191 7 
0.00257559 0.00259815 7 
0.00257115 0.00264579 7 
0.0025708 0.00277314 7 
0.00257025 0.00257964 7 
0.00257023 0.0028682 7 
0.00256687 0.00266354 7 
0.0025577 0.00257578 7 
0.00255709 0.00268345 7 
0.00255286 0.00259538 7 
0.00254743 0.0028422 7 
0.00254555 0.00279044 7 
0.00254234 0.00263884 7 
0.00253952 0.00273604 7 
0.00253363 0.00254421 7 
0.00253074 0.00272299 7 
0.00252493 0.00256178 7 
0.00252257 0.00256907 7 
0.00252221 0.00269998 7 
0.00251441 0.00252293 7 
0.00251143 0.00262244 7 
0.00251127 0.00277684 7 
0.00251123 0.00265217 7 
0.00250693 0.00254683 7 
0.00249308 0.00274838 7 
0.00249219 0.002674 7 
0.00248993 0.002619 7 
0.00248695 0.0029082 7 
0.00248694 0.00284981 7 
0.00248636 0.0027684 7 
0.00248337 0.0027015 7 
0.00247734 0.00272908 7 
0.00247632 0.00287227 7 
0.00246657 0.00276788 7 
0.00246162 0.00281006 7 
0.00245986 0.00275559 7 
0.00245605 0.00283612 7 
0.00245448 0.00272139 7 
0.00245425 0.00284907 7 
0.00244692 0.00279641 7 
0.00244257 0.00270099 7 
0.00243946 0.00252293 7 
0.00243553 0.00245179 7 
0.00243329 0.00255996 7 
0.00242596 0.00254503 7 
0.00241846 0.0027015 7 
0.00241149 0.00270314 7 
0.00239601 0.00280009 7 
0.00239542 0.0025915 7 
0.00239131 0.0027146 7 
0.00238034 0.00270504 7 
0.00237027 0.00245205 7 
0.00237 0.00273724 7 
0.00236115 0.00253251 7 
0.00234584 0.00245075 7 
0.00231804 0.00254027 7 
0.00230061 0.00242715 7 
0.00229989 0.00236035 7 
0.00229727 0.00244138 7 
0.00227513 0.00234704 7 
0.00226725 0.00237246 7 
0.0022652 0.00257964 7 
0.00225425 0.00231287 7 
0.00219858 0.00251158 7 
0.00161855 0.00162462 8 
0.00160792 0.00160911 8 
0.00158571 0.0017207 8 
0.00156498 0.00167074 8 
0.00155783 0.00167174 8 
0.00154607 0.00154631 8 
0.00154141 0.00155173 8 
0.0015393 0.00156757 8 
0.0015384 0.00164198 8 
0.00152856 0.00160789 8 
0.00152041 0.00158651 8 
0.0015128 0.00152561 8 
0.00151087 0.00157139 8 
0.00149483 0.00149743 8 
0.00149207 0.0014945 8 
0.00147744 0.00148785 8 
0.00147736 0.00149828 8 
0.00147515 0.00157603 8 
0.00147488 0.00154611 8 
0.00147362 0.00159425 8 
0.0014721 0.00149729 8 
0.00146889 0.0015526 8 
0.00146747 0.0014754 8 
0.00146725 0.00149889 8 
0.00146596 0.00151043 8 
0.00145903 0.00166763 8 
0.00145886 0.00147793 8 
0.00145628 0.00152946 8 
0.00145146 0.00150275 8 
0.00145024 0.00155744 8 
0.00145006 0.00170956 8 
0.0014462 0.00157139 8 
0.00144404 0.00147174 8 
0.00144256 0.00152072 8 
0.00144039 0.00148876 8 
0.00143898 0.00145559 8 
0.00143757 0.00147502 8 
0.00143571 0.00148451 8 
0.00142935 0.00146179 8 
0.00141608 0.00152125 8 
0.00141374 0.00149664 8 
0.00140982 0.00144976 8 
0.00140656 0.00140688 8 
0.00140652 0.00146831 8 
0.00140571 0.00166763 8 
0.00140506 0.00145824 8 
0.00139756 0.00146746 8 
0.00139191 0.00140688 8 
0.00139175 0.00145073 8 
0.00139082 0.00146609 8 
0.00138355 0.00140743 8 
0.00138181 0.00143166 8 
0.00137841 0.00144461 8 
0.00137821 0.0014013 8 
0.00137757 0.00138338 8 
0.00137596 0.00145038 8 
0.00137476 0.00138867 8 
0.00137233 0.00142663 8 
0.00137218 0.00145516 8 
0.00136782 0.00148802 8 
0.00136665 0.00139508 8 
0.00136412 0.00147865 8 
0.00136268 0.00151043 8 
0.00135898 0.00149743 8 
0.00135484 0.00148648 8 
0.00135108 0.00138141 8 
0.00135107 0.00144832 8 
0.0013449 0.00134886 8 
0.00134448 0.0013642 8 
0.00133859 0.00135264 8 
0.00133612 0.00133935 8 
0.00133238 0.00135084 8 
0.00133219 0.00146354 8 
0.00132575 0.00145387 8 
0.00132554 0.00141872 8 
0.00132532 0.00136597 8 
0.00132268 0.00141308 8 
0.00132029 0.00137574 8 
0.00131866 0.00137017 8 
0.00131737 0.0013785 8 
0.00131045 0.00132125 8 
0.00130929 0.00146119 8 
0.00130909 0.00145073 8 
0.00130826 0.001381 8 
0.0013058 0.0014847 8 
0.00130548 0.00132153 8 
0.001302 0.00138818 8 
0.00129889 0.00145172 8 
0.0012974 0.00132059 8 
0.00129639 0.00133714 8 
0.00128839 0.00135965 8 
0.00128558 0.0014658 8 
0.00128447 0.00132951 8 
0.00128443 0.00139537 8 
0.00128253 0.0013044 8 
0.00128183 0.00141857 8 
0.00128114 0.00141857 8 
0.00128086 0.00141392 8 
0.00127988 0.00141308 8 
0.00127936 0.00144897 8 
0.00127763 0.00141992 8 
0.00127707 0.00135589 8 
0.0012755 0.00146127 8 
0.00127393 0.00129206 8 
0.0012711 0.00150515 8 
0.00127082 0.00147405 8 
0.00126798 0.00149235 8 
0.00126467 0.00145245 8 
0.00126295 0.00148648 8 
0.00126259 0.00137919 8 
0.00126161 0.00126169 8 
0.00125756 0.00145455 8 
0.00125534 0.0013044 8 
0.00124789 0.0013753 8 
0.00123638 0.00135361 8 
0.00123009 0.00131938 8 
0.00122802 0.00128294 8 
0.00122529 0.00142103 8 
0.00122125 0.00138525 8 
0.00121842 0.00126609 8 
0.00121619 0.00143293 8 
0.00121326 0.0012386 8 
0.0011931 0.0013218 8 
0.00118256 0.00125817 8 
0.00117936 0.0012287 8 
0.00116828 0.00133935 8 
0.00116638 0.00120223 8 
0.00116527 0.00121938 8 
0.00114539 0.00126314 8 
0.00114014 0.00119105 8 
0.00112911 0.00120153 8 
0.000914439 0.000922994 9 
0.000841425 0.000897896 9 
0.000829349 0.000889662 9 
0.000829046 0.000830297 9 
0.000823005 0.000883215 9 
0.000820739 0.000875 9 
0.000815202 0.000817581 9 
0.0008146 0.000833612 9 
0.000805171 0.00082818 9 
0.000803638 0.000851137 9 
0.000796397 0.000858459 9 
0.000795743 0.000821891 9 
0.000792487 0.00082107 9 
0.000786814 0.000787796 9 
0.000786657 0.000837037 9 
0.000785751 0.000801009 9 
0.000776539 0.000791799 9 
0.000773506 0.000774098 9 
0.000772644 0.000885195 9 
0.000770796 0.00078876 9 
0.000769912 0.000907652 9 
0.000766797 0.00079348 9 
0.000763323 0.000821891 9 
0.000761555 0.000823271 9 
0.000759516 0.000781198 9 
0.000758362 0.000775327 9 
0.000758143 0.000799742 9 
0.000758096 0.000796577 9 
0.000757991 0.000777182 9 
0.000751667 0.000764522 9 
0.00074728 0.000756409 9 
0.000745602 0.000758673 9 
0.000745077 0.000782468 9 
0.000742587 0.000780056 9 
0.000739309 0.000885195 9 
0.000735573 0.000770001 9 
0.00073535 0.000743567 9 
0.00073132 0.000755862 9 
0.000730872 0.00076422 9 
0.000729718 0.000758196 9 
0.000729078 0.000749059 9 
0.000726409 0.000727918 9 
0.00072545 0.000744035 9 
0.0007227 0.000768525 9 
0.000722257 0.000785007 9 
0.000722035 0.000774503 9 
0.000718746 0.000753783 9 
0.000715988 0.00072953 9 
0.000715663 0.000791799 9 
0.000713934 0.000775977 9 
0.000713592 0.000758673 9 
0.000710188 0.000719036 9 
0.000707975 0.000763546 9 
0.000705287 0.000779577 9 
0.000702774 0.000735244 9 
0.000702364 0.000717125 9 
0.000701768 0.000748001 9 
0.000701592 0.000705159 9 
0.000700183 0.000746273 9 
0.000697043 0.000714095 9 
0.000695742 0.000717405 9 
0.00069339 0.000782477 9 
0.000690027 0.000707758 9 
0.000689889 0.000716568 9 
0.000689369 0.000705609 9 
0.000686262 0.000739902 9 
0.000685739 0.000778348 9 
0.000682732 0.000704563 9 
0.00068253 0.000685754 9 
0.000681953 0.000703614 9 
0.00068072 0.000714152 9 
0.000679537 0.000756227 9 
0.000678656 0.000765023 9 
0.000678136 0.000687249 9 
0.000677695 0.000727231 9 
0.000675401 0.000746909 9 
0.000674815 0.000707358 9 
0.000673766 0.000752096 9 
0.000673121 0.000731267 9 
0.000673039 0.000690042 9 
0.000670989 0.000757176 9 
0.000669596 0.000745319 9 
0.000669445 0.000726413 9 
0.00066915 0.000765685 9 
0.000668856 0.000745319 9 
0.000668059 0.000774503 9 
0.000664275 0.000761747 9 
0.000663519 0.00077256 9 
0.000661837 0.000763748 9 
0.000660799 0.000712249 9 
0.000660631 0.000757328 9 
0.00065979 0.000746221 9 
0.000659084 0.000682445 9 
0.000658332 0.000665702 9 
0.000656547 0.0006785 9 
0.000656238 0.000707091 9 
0.00065412 0.000782015 9 
0.000653029 0.000712752 9 
0.000652971 0.000682445 9 
0.000646363 0.000655671 9 
0.000644823 0.000707713 9 
0.000640317 0.0006604 9 
0.000639902 0.000765115 9 
0.000634458 0.000753052 9 
0.000632175 0.000742588 9 
0.000631186 0.000693411 9 
0.000620467 0.000684695 9 
0.000615181 0.000660981 9 
0.00061254 0.000626389 9 
0.000609788 0.000705159 9 
0.00060574 0.000641203 9 
0.000605591 0.000637427 9 
0.000605081 0.000625183 9 
0.000593104 0.000630629 9 
0.000569801 0.000615786 9 
