0.525611 0.542845 0 
0.523572 0.537378 0 
0.522931 0.540216 0 
0.522876 0.540613 0 
0.522744 0.539137 0 
0.522686 0.538781 0 
0.5225 0.537302 0 
0.522455 0.538447 0 
0.522171 0.540486 0 
0.522089 0.541964 0 
0.522002 0.522375 0 
0.521855 0.544369 0 
0.521608 0.545207 0 
0.521518 0.536399 0 
0.521192 0.542237 0 
0.521186 0.522761 0 
0.520982 0.540175 0 
0.520944 0.540624 0 
0.520868 0.539864 0 
0.520819 0.542121 0 
0.520801 0.539796 0 
0.520775 0.521942 0 
0.520624 0.52286 0 
0.52041 0.541687 0 
0.520386 0.542611 0 
0.520314 0.540709 0 
0.520308 0.541773 0 
0.520236 0.521004 0 
0.520178 0.539315 0 
0.520076 0.542812 0 
0.520058 0.541176 0 
0.519876 0.538376 0 
0.519798 0.540709 0 
0.519699 0.521284 0 
0.519575 0.544637 0 
0.519441 0.539449 0 
0.519378 0.519811 0 
0.51933 0.541537 0 
0.519292 0.540329 0 
0.519279 0.541144 0 
0.519162 0.537611 0 
0.518984 0.542121 0 
0.518874 0.521081 0 
0.518829 0.519682 0 
0.51878 0.541354 0 
0.518761 0.537611 0 
0.518717 0.544166 0 
0.518645 0.541882 0 
0.518565 0.538781 0 
0.518523 0.542997 0 
0.518493 0.537481 0 
0.518434 0.541804 0 
0.518392 0.519233 0 
0.518288 0.542311 0 
0.518279 0.541927 0 
0.518148 0.536252 0 
0.518106 0.520075 0 
0.518053 0.537302 0 
0.518037 0.542851 0 
0.518027 0.519162 0 
0.517971 0.543984 0 
0.517903 0.519084 0 
0.517888 0.519722 0 
0.517853 0.541963 0 
0.517852 0.518276 0 
0.517814 0.539109 0 
0.517801 0.541543 0 
0.517773 0.538072 0 
0.51773 0.541862 0 
0.517723 0.541732 0 
0.517708 0.539891 0 
0.517668 0.540582 0 
0.517659 0.518577 0 
0.517659 0.539109 0 
0.517657 0.517765 0 
0.517653 0.543445 0 
0.517633 0.544622 0 
0.51762 0.540859 0 
0.517483 0.539796 0 
0.517436 0.542467 0 
0.517423 0.542611 0 
0.5174 0.542567 0 
0.517337 0.538781 0 
0.517332 0.543855 0 
0.517282 0.542847 0 
0.517252 0.537302 0 
0.517177 0.544744 0 
0.517174 0.517855 0 
0.517154 0.518145 0 
0.517061 0.54265 0 
0.517042 0.542516 0 
0.517017 0.542491 0 
0.516953 0.538072 0 
0.516946 0.51753 0 
0.516945 0.545242 0 
0.516878 0.543153 0 
0.516849 0.540635 0 
0.516771 0.519917 0 
0.516766 0.538632 0 
0.516759 0.516852 0 
0.516709 0.51896 0 
0.516661 0.517756 0 
0.51662 0.517462 0 
0.516613 0.51972 0 
0.516549 0.521942 0 
0.516529 0.517637 0 
0.516528 0.51693 0 
0.516516 0.516756 0 
0.516494 0.54265 0 
0.516463 0.540467 0 
0.51641 0.541537 0 
0.516392 0.519762 0 
0.516379 0.53686 0 
0.516371 0.536399 0 
0.516324 0.518279 0 
0.516313 0.540805 0 
0.516248 0.516852 0 
0.516132 0.540315 0 
0.516103 0.543019 0 
0.516081 0.537378 0 
0.516062 0.539449 0 
0.51602 0.539449 0 
0.516001 0.543469 0 
0.515979 0.538447 0 
0.515957 0.516348 0 
0.515896 0.540757 0 
0.515868 0.518057 0 
0.515848 0.517845 0 
0.51581 0.517637 0 
0.515808 0.544901 0 
0.515794 0.517128 0 
0.515771 0.540348 0 
0.515712 0.518438 0 
0.515696 0.537481 0 
0.515653 0.543159 0 
0.51565 0.543334 0 
0.515614 0.540541 0 
0.515599 0.543506 0 
0.515581 0.542005 0 
0.51555 0.517391 0 
0.515533 0.515741 0 
0.515511 0.517915 0 
0.515508 0.51822 0 
0.515505 0.516208 0 
0.515491 0.543558 0 
0.515471 0.540757 0 
0.515466 0.519054 0 
0.515376 0.51753 0 
0.515366 0.520203 0 
0.515314 0.540757 0 
0.51531 0.515372 0 
0.515285 0.545132 0 
0.515264 0.519769 0 
0.515234 0.515697 0 
0.515229 0.538376 0 
0.515202 0.544172 0 
0.515184 0.517801 0 
0.515159 0.541258 0 
0.515154 0.542807 0 
0.515118 0.536496 0 
0.515105 0.515558 0 
0.514979 0.515354 0 
0.514976 0.516632 0 
0.514968 0.542 0 
0.514964 0.515489 0 
0.514942 0.517576 0 
0.514939 0.541303 0 
0.514936 0.540689 0 
0.514907 0.521323 0 
0.514896 0.517931 0 
0.514887 0.538072 0 
0.514842 0.515588 0 
0.514825 0.515255 0 
0.514816 0.516842 0 
0.514811 0.517653 0 
0.514807 0.515376 0 
0.514807 0.541199 0 
0.514784 0.514885 0 
0.514773 0.541779 0 
0.514741 0.51592 0 
0.514655 0.542157 0 
0.514636 0.51611 0 
0.514614 0.515488 0 
0.514592 0.540743 0 
0.514534 0.514562 0 
0.514488 0.544412 0 
0.51448 0.51623 0 
0.514446 0.514885 0 
0.514405 0.5169 0 
0.514393 0.514691 0 
0.514364 0.51741 0 
0.514356 0.517923 0 
0.514351 0.542997 0 
0.51434 0.538471 0 
0.514232 0.518276 0 
0.514165 0.542375 0 
0.514158 0.539449 0 
0.514096 0.514904 0 
0.514091 0.542705 0 
0.514087 0.54106 0 
0.514083 0.516113 0 
0.514033 0.52154 0 
0.514032 0.540757 0 
0.513999 0.520439 0 
0.513994 0.51709 0 
0.51398 0.538665 0 
0.513971 0.544003 0 
0.513937 0.519004 0 
0.51392 0.537378 0 
0.513913 0.544195 0 
0.51388 0.544035 0 
0.513875 0.540896 0 
0.513837 0.536252 0 
0.513834 0.513858 0 
0.513823 0.515358 0 
0.513785 0.51896 0 
0.513717 0.540582 0 
0.51371 0.515264 0 
0.513697 0.541434 0 
0.513684 0.514116 0 
0.51366 0.543589 0 
0.513655 0.543042 0 
0.513594 0.513742 0 
0.513559 0.518094 0 
0.513484 0.538447 0 
0.513477 0.541144 0 
0.513458 0.540689 0 
0.513444 0.544188 0 
0.513424 0.519921 0 
0.513408 0.540832 0 
0.513373 0.514762 0 
0.513345 0.516593 0 
0.513328 0.538665 0 
0.513328 0.544174 0 
0.513313 0.516331 0 
0.513297 0.542796 0 
0.513257 0.513427 0 
0.513245 0.542268 0 
0.513235 0.543948 0 
0.513163 0.516371 0 
0.513161 0.515422 0 
0.513113 0.514962 0 
0.512963 0.542194 0 
0.512947 0.538376 0 
0.51293 0.540351 0 
0.512919 0.514673 0 
0.512877 0.536778 0 
0.512858 0.538447 0 
0.512842 0.514125 0 
0.512842 0.515104 0 
0.512794 0.539869 0 
0.512774 0.539137 0 
0.512697 0.516826 0 
0.512672 0.538553 0 
0.512647 0.514673 0 
0.512627 0.538739 0 
0.512624 0.514717 0 
0.512609 0.514106 0 
0.512604 0.541773 0 
0.512569 0.538447 0 
0.512525 0.517642 0 
0.512503 0.54094 0 
0.512496 0.518211 0 
0.512475 0.542237 0 
0.512459 0.512798 0 
0.512449 0.514859 0 
0.51243 0.515329 0 
0.512427 0.536252 0 
0.512423 0.540346 0 
0.51242 0.516487 0 
0.512385 0.512867 0 
0.512375 0.514603 0 
0.512368 0.519605 0 
0.512367 0.539766 0 
0.512357 0.51682 0 
0.512332 0.516698 0 
0.512322 0.539059 0 
0.512319 0.539891 0 
0.512292 0.516353 0 
0.512285 0.538072 0 
0.512261 0.517618 0 
0.512254 0.539109 0 
0.512237 0.540315 0 
0.512223 0.539059 0 
0.512191 0.54265 0 
0.512117 0.539796 0 
0.512098 0.519597 0 
0.512091 0.517284 0 
0.512055 0.542311 0 
0.512053 0.517717 0 
0.51199 0.540873 0 
0.511989 0.514639 0 
0.511933 0.541694 0 
0.511888 0.515648 0 
0.51183 0.512302 0 
0.511815 0.540486 0 
0.511789 0.541389 0 
0.511784 0.515614 0 
0.511757 0.518714 0 
0.511713 0.541779 0 
0.511669 0.541779 0 
0.511654 0.518917 0 
0.511623 0.513053 0 
0.511601 0.513045 0 
0.511564 0.539525 0 
0.511457 0.540178 0 
0.511437 0.540573 0 
0.511428 0.538376 0 
0.511421 0.513698 0 
0.511379 0.539766 0 
0.511353 0.541321 0 
0.511332 0.513261 0 
0.511313 0.540288 0 
0.51128 0.539869 0 
0.511212 0.539869 0 
0.511163 0.546435 0 
0.51114 0.544734 0 
0.511094 0.539891 0 
0.511088 0.541882 0 
0.511057 0.516889 0 
0.511019 0.542595 0 
0.511006 0.516104 0 
0.510997 0.514691 0 
0.510948 0.541144 0 
0.51092 0.513858 0 
0.510895 0.540805 0 
0.510887 0.514009 0 
0.51088 0.541199 0 
0.510873 0.541779 0 
0.510871 0.544531 0 
0.510797 0.512196 0 
0.510779 0.54286 0 
0.510741 0.516113 0 
0.510706 0.544734 0 
0.510638 0.539449 0 
0.510603 0.517089 0 
0.510576 0.516698 0 
0.510564 0.539137 0 
0.510508 0.542153 0 
0.510506 0.521684 0 
0.510452 0.511507 0 
0.510407 0.542194 0 
0.510333 0.539449 0 
0.510287 0.545784 0 
0.510261 0.543189 0 
0.510242 0.516708 0 
0.510175 0.51251 0 
0.510048 0.540942 0 
0.509074 0.538781 0 
0.50881 0.542037 0 
0.5087 0.511389 0 
0.508301 0.511398 0 
0.507378 0.507744 0 
0.22292 0.225309 1 
0.219874 0.22855 1 
0.218893 0.223165 1 
0.218864 0.222222 1 
0.218842 0.231466 1 
0.218739 0.21983 1 
0.21855 0.21983 1 
0.218459 0.218526 1 
0.218444 0.227581 1 
0.218311 0.228968 1 
0.218187 0.222651 1 
0.217962 0.228076 1 
0.21755 0.228263 1 
0.217438 0.229082 1 
0.217292 0.227212 1 
0.217209 0.223459 1 
0.216936 0.226709 1 
0.216828 0.223188 1 
0.216587 0.224056 1 
0.216527 0.225407 1 
0.216451 0.22658 1 
0.216395 0.224505 1 
0.216385 0.228576 1 
0.216353 0.22613 1 
0.216318 0.224082 1 
0.216161 0.221917 1 
0.216064 0.226028 1 
0.216042 0.226046 1 
0.215944 0.2278 1 
0.215877 0.224043 1 
0.215865 0.219354 1 
0.215845 0.226724 1 
0.215799 0.22864 1 
0.215625 0.220646 1 
0.215506 0.22708 1 
0.215491 0.222888 1 
0.215415 0.228459 1 
0.215392 0.225145 1 
0.215323 0.224763 1 
0.215237 0.225425 1 
0.215128 0.221655 1 
0.214987 0.220456 1 
0.214986 0.223155 1 
0.214775 0.223348 1 
0.214736 0.219743 1 
0.214674 0.227245 1 
0.214641 0.218904 1 
0.214611 0.224421 1 
0.214535 0.223787 1 
0.214258 0.220316 1 
0.214224 0.226554 1 
0.214213 0.224588 1 
0.21421 0.222282 1 
0.214164 0.227547 1 
0.214157 0.224241 1 
0.214066 0.220316 1 
0.213926 0.224405 1 
0.213905 0.216366 1 
0.213871 0.217344 1 
0.213826 0.225019 1 
0.213708 0.224043 1 
0.213698 0.217256 1 
0.213686 0.224089 1 
0.213623 0.23103 1 
0.21359 0.221917 1 
0.21358 0.224043 1 
0.213476 0.220977 1 
0.213447 0.221335 1 
0.213406 0.224822 1 
0.213385 0.223008 1 
0.213341 0.226765 1 
0.213227 0.214245 1 
0.213177 0.225097 1 
0.213 0.226407 1 
0.212991 0.223614 1 
0.212944 0.226369 1 
0.212942 0.22766 1 
0.212866 0.218904 1 
0.212808 0.21983 1 
0.212754 0.228014 1 
0.212557 0.225561 1 
0.212511 0.214849 1 
0.212347 0.2231 1 
0.21224 0.212275 1 
0.212234 0.226699 1 
0.212107 0.215747 1 
0.212072 0.220667 1 
0.21202 0.226216 1 
0.211986 0.215355 1 
0.21196 0.220667 1 
0.211867 0.225425 1 
0.211867 0.225883 1 
0.211836 0.223511 1 
0.211782 0.213551 1 
0.211718 0.217579 1 
0.211692 0.21273 1 
0.211644 0.224089 1 
0.211615 0.211703 1 
0.211603 0.225716 1 
0.21151 0.218415 1 
0.211454 0.219857 1 
0.211334 0.221455 1 
0.211332 0.215392 1 
0.21132 0.21176 1 
0.211305 0.228123 1 
0.211268 0.222282 1 
0.211226 0.216915 1 
0.211222 0.226646 1 
0.21119 0.222732 1 
0.211134 0.225604 1 
0.211113 0.227884 1 
0.211096 0.223485 1 
0.211086 0.228981 1 
0.210987 0.221264 1 
0.210967 0.228902 1 
0.21081 0.221535 1 
0.21069 0.221971 1 
0.210601 0.210829 1 
0.210537 0.217579 1 
0.210533 0.218339 1 
0.210523 0.225359 1 
0.210512 0.222373 1 
0.210345 0.222732 1 
0.210291 0.217138 1 
0.210255 0.224799 1 
0.210253 0.217331 1 
0.210241 0.222664 1 
0.210201 0.225262 1 
0.210166 0.211268 1 
0.210146 0.211203 1 
0.210133 0.221657 1 
0.21009 0.222732 1 
0.210071 0.22322 1 
0.210019 0.223155 1 
0.209963 0.217171 1 
0.209947 0.220316 1 
0.209927 0.21959 1 
0.20992 0.217331 1 
0.20988 0.210528 1 
0.209875 0.223348 1 
0.20979 0.220316 1 
0.209653 0.222842 1 
0.20964 0.225052 1 
0.209633 0.224332 1 
0.209622 0.223155 1 
0.209604 0.210919 1 
0.209573 0.213249 1 
0.209486 0.222111 1 
0.209467 0.210472 1 
0.209438 0.212996 1 
0.209415 0.221662 1 
0.209389 0.226709 1 
0.209324 0.213964 1 
0.209294 0.209331 1 
0.209279 0.20949 1 
0.209164 0.226986 1 
0.20914 0.223329 1 
0.208956 0.225436 1 
0.208906 0.211454 1 
0.208891 0.223184 1 
0.208877 0.21047 1 
0.208828 0.210724 1 
0.208824 0.209661 1 
0.208807 0.208809 1 
0.2088 0.223155 1 
0.208666 0.212151 1 
0.208637 0.222507 1 
0.208632 0.23116 1 
0.208607 0.210057 1 
0.208606 0.222218 1 
0.208592 0.228214 1 
0.208316 0.221264 1 
0.208292 0.210337 1 
0.208236 0.20949 1 
0.208216 0.227683 1 
0.208136 0.210754 1 
0.208112 0.224344 1 
0.208061 0.221335 1 
0.207988 0.221971 1 
0.207968 0.224043 1 
0.207921 0.221413 1 
0.207919 0.208627 1 
0.207877 0.208281 1 
0.207826 0.20962 1 
0.207792 0.210831 1 
0.207789 0.220667 1 
0.207776 0.208777 1 
0.207766 0.223155 1 
0.207737 0.223711 1 
0.207722 0.212935 1 
0.207709 0.211432 1 
0.207665 0.219866 1 
0.207646 0.2213 1 
0.207624 0.218415 1 
0.20759 0.222218 1 
0.207572 0.218985 1 
0.207563 0.227496 1 
0.207495 0.21136 1 
0.20737 0.225425 1 
0.207348 0.215747 1 
0.207323 0.208989 1 
0.207307 0.222111 1 
0.207295 0.219354 1 
0.2072 0.215747 1 
0.207191 0.207839 1 
0.207164 0.217138 1 
0.207134 0.220938 1 
0.207127 0.222222 1 
0.207027 0.221264 1 
0.207015 0.218904 1 
0.206997 0.222842 1 
0.206988 0.207003 1 
0.206976 0.212753 1 
0.206945 0.22418 1 
0.206896 0.223614 1 
0.206839 0.223459 1 
0.206639 0.210563 1 
0.206629 0.211424 1 
0.206607 0.221602 1 
0.206605 0.21133 1 
0.206574 0.206798 1 
0.206547 0.208606 1 
0.206529 0.218257 1 
0.206512 0.216642 1 
0.206453 0.208232 1 
0.206429 0.222732 1 
0.206392 0.225946 1 
0.206298 0.216319 1 
0.206237 0.207136 1 
0.206209 0.206493 1 
0.20617 0.207041 1 
0.206132 0.218904 1 
0.206071 0.206113 1 
0.206029 0.208066 1 
0.205873 0.207099 1 
0.205843 0.206348 1 
0.205835 0.207525 1 
0.205797 0.212236 1 
0.205796 0.207374 1 
0.205795 0.211611 1 
0.205728 0.22118 1 
0.20564 0.222256 1 
0.205637 0.220316 1 
0.205545 0.207003 1 
0.205534 0.219354 1 
0.205468 0.2213 1 
0.205386 0.205864 1 
0.205318 0.224822 1 
0.205278 0.208106 1 
0.20525 0.205977 1 
0.205222 0.220938 1 
0.20506 0.211262 1 
0.205051 0.205338 1 
0.205043 0.219866 1 
0.204927 0.219416 1 
0.204868 0.20625 1 
0.204833 0.208434 1 
0.204828 0.219743 1 
0.204797 0.20598 1 
0.204773 0.206229 1 
0.204763 0.222282 1 
0.204581 0.219416 1 
0.204542 0.218904 1 
0.204478 0.221535 1 
0.204336 0.206031 1 
0.204162 0.205399 1 
0.20414 0.211093 1 
0.204121 0.219929 1 
0.204068 0.205436 1 
0.204012 0.219354 1 
0.203935 0.213529 1 
0.203874 0.205537 1 
0.203861 0.206888 1 
0.203766 0.20557 1 
0.203751 0.221535 1 
0.203652 0.223485 1 
0.20363 0.204067 1 
0.203615 0.220316 1 
0.203556 0.21983 1 
0.203533 0.205644 1 
0.203424 0.207685 1 
0.203324 0.207613 1 
0.203293 0.224158 1 
0.203285 0.206942 1 
0.203282 0.223459 1 
0.203048 0.206653 1 
0.203045 0.20517 1 
0.203025 0.204511 1 
0.202994 0.220977 1 
0.202957 0.21186 1 
0.202955 0.223597 1 
0.202793 0.204597 1 
0.202725 0.208833 1 
0.202702 0.202791 1 
0.20256 0.207793 1 
0.202445 0.209821 1 
0.202302 0.202473 1 
0.202199 0.207041 1 
0.202195 0.204758 1 
0.201985 0.202352 1 
0.201846 0.203402 1 
0.201814 0.204224 1 
0.201685 0.208566 1 
0.2015 0.20563 1 
0.201401 0.212444 1 
0.201208 0.202062 1 
0.200872 0.203028 1 
0.200647 0.200707 1 
0.20013 0.202586 1 
0.199002 0.204962 1 
0.198836 0.199685 1 
0.105867 0.107209 2 
0.104253 0.104507 2 
0.102142 0.102938 2 
0.102032 0.102746 2 
0.101411 0.105255 2 
0.101372 0.10159 2 
0.101366 0.103647 2 
0.101329 0.102402 2 
0.100926 0.103014 2 
0.100796 0.102084 2 
0.100754 0.102834 2 
0.100562 0.102386 2 
0.100252 0.100805 2 
0.100194 0.101254 2 
0.0998646 0.100065 2 
0.0998132 0.0999992 2 
0.099726 0.100312 2 
0.0997054 0.102994 2 
0.0994971 0.100497 2 
0.0993715 0.0997725 2 
0.0993514 0.101808 2 
0.0989583 0.0998658 2 
0.098316 0.100856 2 
0.0981522 0.0992366 2 
0.098002 0.0990536 2 
0.0978392 0.10196 2 
0.0977856 0.0995929 2 
0.0977732 0.0980687 2 
0.0976159 0.0977451 2 
0.0975733 0.0995016 2 
0.0975397 0.098185 2 
0.0975121 0.10236 2 
0.0974817 0.100743 2 
0.0972896 0.0992272 2 
0.0971999 0.0980594 2 
0.097193 0.0991006 2 
0.0971731 0.101941 2 
0.097162 0.0986675 2 
0.0970374 0.0995929 2 
0.0969258 0.0969917 2 
0.0968659 0.103383 2 
0.0968284 0.0981742 2 
0.0966967 0.101097 2 
0.0966584 0.0980505 2 
0.096539 0.100243 2 
0.0963689 0.09892 2 
0.0963534 0.10092 2 
0.0962985 0.0966564 2 
0.0962167 0.0981083 2 
0.0962107 0.0977397 2 
0.0961686 0.0990572 2 
0.0960343 0.100955 2 
0.095977 0.0960116 2 
0.0959409 0.100178 2 
0.0959215 0.0977881 2 
0.0958926 0.0980268 2 
0.0958674 0.102824 2 
0.0957617 0.0980505 2 
0.0957067 0.100162 2 
0.09567 0.100609 2 
0.095655 0.0981701 2 
0.0955901 0.0969632 2 
0.0955886 0.0979271 2 
0.095539 0.0998533 2 
0.0954919 0.0976183 2 
0.095456 0.0956671 2 
0.0954024 0.101911 2 
0.0954008 0.0973625 2 
0.095379 0.0981692 2 
0.0950998 0.0997408 2 
0.0950936 0.0969917 2 
0.0950849 0.0964201 2 
0.0950743 0.100458 2 
0.095047 0.102137 2 
0.0950386 0.100312 2 
0.0949622 0.0988071 2 
0.0949453 0.104409 2 
0.0948684 0.0973525 2 
0.0948288 0.0959101 2 
0.094734 0.0968243 2 
0.0946649 0.0968428 2 
0.0946426 0.0971856 2 
0.0946207 0.0958249 2 
0.0945904 0.0980687 2 
0.0944277 0.0968428 2 
0.0944038 0.0969917 2 
0.0943988 0.095588 2 
0.0943434 0.0981022 2 
0.0943292 0.0972888 2 
0.0943102 0.0989283 2 
0.0942513 0.0991956 2 
0.0942179 0.0984143 2 
0.0941179 0.100458 2 
0.0940572 0.0972598 2 
0.0939049 0.0956368 2 
0.0938927 0.0954826 2 
0.0938898 0.0995841 2 
0.0938696 0.10187 2 
0.0937334 0.0972598 2 
0.093703 0.0956666 2 
0.0936981 0.0965933 2 
0.0936724 0.0964444 2 
0.0936631 0.0957067 2 
0.0936569 0.100795 2 
0.0935869 0.100795 2 
0.0935814 0.0974009 2 
0.0935701 0.0974009 2 
0.0935551 0.0951906 2 
0.093485 0.0973625 2 
0.0934294 0.0940846 2 
0.0934197 0.0960183 2 
0.0933833 0.0957067 2 
0.0932184 0.0941254 2 
0.0931133 0.0940983 2 
0.0930985 0.0981645 2 
0.0930844 0.0942263 2 
0.0930755 0.0933259 2 
0.0930698 0.0938373 2 
0.0930552 0.0989757 2 
0.0930402 0.0964434 2 
0.0929793 0.0955332 2 
0.092827 0.0975912 2 
0.0927749 0.0936683 2 
0.0927359 0.0939814 2 
0.0927219 0.0973625 2 
0.0926813 0.0972598 2 
0.0925364 0.102875 2 
0.0925236 0.0973625 2 
0.092487 0.0962164 2 
0.0924742 0.0985531 2 
0.092444 0.0963329 2 
0.0924365 0.0953659 2 
0.0923919 0.0981083 2 
0.0923811 0.0962164 2 
0.092363 0.0929777 2 
0.0923543 0.0940931 2 
0.0923346 0.0944934 2 
0.0923068 0.0939968 2 
0.0922895 0.097522 2 
0.0922738 0.0947531 2 
0.0922651 0.101123 2 
0.0922357 0.0930903 2 
0.0921449 0.0922486 2 
0.0921369 0.093646 2 
0.0921152 0.0941295 2 
0.0919592 0.0968428 2 
0.0919244 0.0966564 2 
0.0917929 0.0963384 2 
0.0917725 0.0955123 2 
0.0917423 0.0970354 2 
0.0917194 0.101742 2 
0.0914883 0.0956454 2 
0.0913472 0.0984849 2 
0.0913088 0.0961199 2 
0.0912736 0.0954826 2 
0.0911878 0.0929932 2 
0.0911077 0.0981083 2 
0.0910988 0.100312 2 
0.0910978 0.0966564 2 
0.0910821 0.0954904 2 
0.0910682 0.0937343 2 
0.0910339 0.0963187 2 
0.0909796 0.0917145 2 
0.0909793 0.0913044 2 
0.0908537 0.0971299 2 
0.0907231 0.0930903 2 
0.0906507 0.0944595 2 
0.0906126 0.0908034 2 
0.0906003 0.0947828 2 
0.0905993 0.0979271 2 
0.0905963 0.0927596 2 
0.0905674 0.0991006 2 
0.0905229 0.0989219 2 
0.0904511 0.0981417 2 
0.0904097 0.0904731 2 
0.0903728 0.0957067 2 
0.0903639 0.0991006 2 
0.0903076 0.0969089 2 
0.0902805 0.09149 2 
0.0901209 0.0912557 2 
0.0901124 0.0951182 2 
0.0900602 0.0904781 2 
0.0900267 0.0968428 2 
0.0899725 0.0968785 2 
0.0899561 0.092453 2 
0.0897812 0.0897821 2 
0.0897701 0.0966956 2 
0.0897673 0.0968243 2 
0.0897392 0.0976027 2 
0.0897189 0.0956666 2 
0.0896578 0.0957067 2 
0.0896569 0.0956368 2 
0.0896286 0.0916514 2 
0.0895599 0.0930997 2 
0.0895464 0.0981692 2 
0.0895203 0.0917657 2 
0.0894514 0.0964201 2 
0.0894395 0.0908074 2 
0.0894152 0.089599 2 
0.0894144 0.0944063 2 
0.0893283 0.0905099 2 
0.0892897 0.0926451 2 
0.0892563 0.0914858 2 
0.0892039 0.0902928 2 
0.0890513 0.0897474 2 
0.0890333 0.0905026 2 
0.0889779 0.0937478 2 
0.0889405 0.0950955 2 
0.0889296 0.0960183 2 
0.0889267 0.0896086 2 
0.0889264 0.0919085 2 
0.0888555 0.0960183 2 
0.0888126 0.0955711 2 
0.0888091 0.0931782 2 
0.0888008 0.0970169 2 
0.0887797 0.0907368 2 
0.0887782 0.0969142 2 
0.0885972 0.0959702 2 
0.0885528 0.0910802 2 
0.088463 0.0944934 2 
0.0884628 0.099139 2 
0.0884475 0.0970354 2 
0.088435 0.0994398 2 
0.0882505 0.0895464 2 
0.088178 0.0882786 2 
0.0881622 0.0970354 2 
0.0880349 0.0965125 2 
0.0880244 0.0923697 2 
0.0879088 0.0879845 2 
0.0877468 0.0981692 2 
0.0877184 0.0906315 2 
0.0877136 0.0973525 2 
0.087664 0.0977451 2 
0.087663 0.0944934 2 
0.0875848 0.0893733 2 
0.0875798 0.0909534 2 
0.0875572 0.0899957 2 
0.0874549 0.0971096 2 
0.0874323 0.0879871 2 
0.0874169 0.095016 2 
0.0873955 0.0915326 2 
0.0872282 0.0890235 2 
0.0871796 0.0917076 2 
0.0870281 0.0871576 2 
0.0868303 0.0897829 2 
0.0868016 0.0946642 2 
0.0866529 0.0897829 2 
0.0866484 0.091691 2 
0.086576 0.0894321 2 
0.0863396 0.0873787 2 
0.0862 0.0921813 2 
0.0861809 0.0908074 2 
0.0860707 0.0946259 2 
0.0858592 0.0868257 2 
0.0852363 0.0859363 2 
0.0848093 0.0852913 2 
0.0846908 0.0866141 2 
0.0840695 0.0886834 2 
0.0838427 0.0878878 2 
0.0529536 0.0532799 3 
0.0480439 0.0480535 3 
0.0480229 0.0484134 3 
0.0472097 0.047287 3 
0.0471638 0.0491285 3 
0.0469161 0.0473004 3 
0.0467329 0.0469827 3 
0.0465789 0.0476298 3 
0.0465174 0.0495191 3 
0.0465145 0.0480096 3 
0.046371 0.0467719 3 
0.0463459 0.0474654 3 
0.0462779 0.0485891 3 
0.0462361 0.0466099 3 
0.0460588 0.0471715 3 
0.0459644 0.0461588 3 
0.0459126 0.0463605 3 
0.0458661 0.0462574 3 
0.0458521 0.0464586 3 
0.0457567 0.046215 3 
0.0457025 0.048005 3 
0.0455766 0.0487502 3 
0.045551 0.0457279 3 
0.0455264 0.0482883 3 
0.0454201 0.0463743 3 
0.0454007 0.0482408 3 
0.04538 0.0468901 3 
0.0453093 0.0458024 3 
0.0452674 0.0463066 3 
0.0452644 0.047287 3 
0.0452627 0.0474654 3 
0.0452453 0.0463182 3 
0.0452241 0.0462522 3 
0.0451619 0.0471828 3 
0.0450957 0.0475762 3 
0.0450853 0.0462694 3 
0.0450279 0.0452724 3 
0.0448836 0.046989 3 
0.044841 0.0455172 3 
0.0448321 0.0459975 3 
0.0447636 0.046989 3 
0.0446925 0.0452114 3 
0.0446872 0.048005 3 
0.0446731 0.0467987 3 
0.0446584 0.044761 3 
0.0446158 0.0451951 3 
0.044614 0.0458322 3 
0.0445764 0.0462119 3 
0.0445051 0.0456274 3 
0.0444599 0.0448377 3 
0.0444407 0.0468626 3 
0.0442744 0.0454397 3 
0.0442365 0.0447642 3 
0.0442008 0.0463368 3 
0.0441773 0.0445661 3 
0.0440884 0.0459298 3 
0.0440305 0.0448554 3 
0.0440076 0.0444196 3 
0.0439788 0.0451852 3 
0.0439733 0.0441699 3 
0.0439317 0.0455172 3 
0.0439229 0.0460332 3 
0.0438947 0.0445314 3 
0.0438551 0.0443797 3 
0.0438537 0.0454397 3 
0.0437793 0.0439825 3 
0.0437762 0.0458901 3 
0.0437553 0.0446415 3 
0.0436843 0.0439067 3 
0.0436656 0.0479027 3 
0.0436529 0.0486985 3 
0.0436516 0.0447642 3 
0.0435726 0.0456367 3 
0.0434601 0.0449704 3 
0.0434108 0.0473711 3 
0.043379 0.0443914 3 
0.0433234 0.0445661 3 
0.0432254 0.0454099 3 
0.0432206 0.044722 3 
0.0431622 0.0438284 3 
0.0430932 0.0454099 3 
0.0430846 0.0470619 3 
0.0430798 0.0461155 3 
0.0430573 0.0451951 3 
0.0429981 0.0462039 3 
0.042988 0.0449746 3 
0.0429867 0.0466502 3 
0.0429214 0.044761 3 
0.0428729 0.0452679 3 
0.0428396 0.0456274 3 
0.0428316 0.0443914 3 
0.0427771 0.0456367 3 
0.0427704 0.0458653 3 
0.0427143 0.0436904 3 
0.0427017 0.0449444 3 
0.0426232 0.0458189 3 
0.0425059 0.0451407 3 
0.0424381 0.0452416 3 
0.0424303 0.0439067 3 
0.0424079 0.0429076 3 
0.0423801 0.0436868 3 
0.0423554 0.047287 3 
0.0422983 0.0449094 3 
0.0421276 0.0422314 3 
0.0420998 0.0446253 3 
0.0420885 0.0458653 3 
0.042004 0.045399 3 
0.041987 0.0462161 3 
0.0419595 0.0435795 3 
0.0419142 0.0421992 3 
0.0418812 0.0419202 3 
0.0417958 0.0464477 3 
0.0417784 0.0466064 3 
0.041729 0.0428084 3 
0.0417217 0.0441699 3 
0.0417165 0.0446157 3 
0.0416759 0.0461711 3 
0.0416688 0.0439689 3 
0.0416347 0.0422314 3 
0.0416342 0.0445023 3 
0.0416155 0.0437664 3 
0.0415799 0.0462161 3 
0.0415318 0.0443013 3 
0.0414779 0.0461155 3 
0.0414597 0.0444241 3 
0.0414446 0.0433279 3 
0.0413908 0.043129 3 
0.0413154 0.0420143 3 
0.0412965 0.0420576 3 
0.0412925 0.0417598 3 
0.0412611 0.0455788 3 
0.041255 0.0424227 3 
0.0412356 0.043091 3 
0.041232 0.0448554 3 
0.0412265 0.0436483 3 
0.0412221 0.0417996 3 
0.0411919 0.0433235 3 
0.0411762 0.0465266 3 
0.0411695 0.0436904 3 
0.0410324 0.044422 3 
0.0410132 0.0416538 3 
0.0409763 0.0410984 3 
0.0409146 0.0456063 3 
0.0409132 0.0422314 3 
0.0408412 0.0438973 3 
0.0408409 0.0433279 3 
0.0408173 0.0429726 3 
0.0408024 0.0412458 3 
0.0407945 0.0414602 3 
0.0406594 0.0432683 3 
0.040601 0.0413743 3 
0.0405785 0.0454828 3 
0.0404355 0.0455788 3 
0.0404247 0.0443013 3 
0.0403683 0.0428541 3 
0.0403032 0.0425711 3 
0.0402791 0.0433766 3 
0.0402638 0.0456789 3 
0.0402356 0.0430927 3 
0.0402214 0.0442231 3 
0.0401546 0.0412393 3 
0.0400703 0.0435252 3 
0.0400659 0.0416538 3 
0.0399783 0.0417323 3 
0.0399457 0.0403108 3 
0.0399407 0.0400948 3 
0.0399109 0.0431578 3 
0.0398781 0.0451443 3 
0.0398064 0.0404685 3 
0.0397971 0.0454828 3 
0.0396038 0.0414547 3 
0.0394956 0.0399688 3 
0.0394091 0.0417283 3 
0.0393571 0.0417685 3 
0.0393545 0.0421495 3 
0.0392766 0.0410447 3 
0.0391169 0.0399452 3 
0.0390037 0.0428759 3 
0.0387328 0.0389082 3 
0.0386014 0.0386368 3 
0.0385993 0.042131 3 
0.0385689 0.0390515 3 
0.0382557 0.0389893 3 
0.0379671 0.0401837 3 
0.037759 0.0388552 3 
0.0372163 0.0407084 3 
0.0241195 0.0243656 4 
0.0240164 0.02434 4 
0.0237927 0.0238425 4 
0.0237221 0.0240525 4 
0.0236931 0.023868 4 
0.0235985 0.0241917 4 
0.0234427 0.0238597 4 
0.0232978 0.0239059 4 
0.0232712 0.0241556 4 
0.0232378 0.0238425 4 
0.0232247 0.0233423 4 
0.0231388 0.0234037 4 
0.0231155 0.0237511 4 
0.0231095 0.0231516 4 
0.023055 0.0233153 4 
0.0230532 0.0238113 4 
0.0230238 0.0235123 4 
0.0228438 0.0237496 4 
0.0228283 0.0234657 4 
0.0227904 0.0238506 4 
0.0227766 0.0228088 4 
0.0227559 0.0236034 4 
0.0227451 0.0230454 4 
0.0226559 0.0229466 4 
0.0225787 0.0227322 4 
0.0225654 0.0232846 4 
0.0225432 0.0226229 4 
0.0225397 0.0237496 4 
0.0224518 0.0227682 4 
0.0224491 0.0228088 4 
0.0224212 0.0234022 4 
0.0224021 0.0240726 4 
0.0223834 0.0226146 4 
0.0223783 0.0230744 4 
0.02223 0.0224927 4 
0.0221884 0.0225049 4 
0.022108 0.0221879 4 
0.022087 0.0227678 4 
0.0220501 0.0228485 4 
0.0220395 0.0221308 4 
0.0219949 0.0229386 4 
0.0219897 0.0220207 4 
0.0219505 0.0219572 4 
0.0218027 0.0221387 4 
0.0217595 0.0220903 4 
0.0217309 0.0222251 4 
0.0216996 0.0226777 4 
0.0216738 0.0224844 4 
0.0216447 0.0239709 4 
0.0216345 0.0221332 4 
0.0215988 0.0230687 4 
0.0215392 0.0218827 4 
0.0215221 0.0221875 4 
0.0214896 0.0222574 4 
0.0214887 0.0238545 4 
0.0214758 0.0223436 4 
0.0214348 0.0224196 4 
0.0214133 0.0227079 4 
0.0214034 0.0224045 4 
0.0214007 0.0226155 4 
0.0213674 0.0216387 4 
0.0213525 0.0222801 4 
0.0213373 0.0220616 4 
0.0212991 0.0221461 4 
0.0212937 0.022389 4 
0.0212793 0.0215424 4 
0.0212183 0.0223148 4 
0.0212158 0.0214032 4 
0.0212004 0.0221879 4 
0.0211959 0.0234022 4 
0.0210798 0.0226777 4 
0.0210405 0.0220155 4 
0.0209967 0.0225701 4 
0.0209644 0.0211123 4 
0.0209603 0.0209796 4 
0.0209502 0.0226146 4 
0.0209479 0.0221084 4 
0.0209401 0.0214425 4 
0.020884 0.0224279 4 
0.0207734 0.0226591 4 
0.0207694 0.0209351 4 
0.0206228 0.0215223 4 
0.02062 0.0209103 4 
0.0205889 0.0224575 4 
0.0205878 0.0208224 4 
0.0205219 0.0206068 4 
0.0205169 0.0221835 4 
0.0205136 0.0216907 4 
0.0205059 0.020893 4 
0.0204448 0.0228647 4 
0.0203885 0.0215757 4 
0.0203875 0.0215522 4 
0.0203784 0.0206208 4 
0.0203566 0.0213861 4 
0.0203509 0.0226053 4 
0.0203226 0.0213585 4 
0.0203163 0.0227224 4 
0.0202955 0.0227421 4 
0.0202932 0.0210171 4 
0.0202573 0.021879 4 
0.0202462 0.0205004 4 
0.0202391 0.0224427 4 
0.0202327 0.0216386 4 
0.0202274 0.0220903 4 
0.0202228 0.0205516 4 
0.020222 0.0221332 4 
0.0202173 0.0209796 4 
0.0201913 0.0206378 4 
0.0201329 0.0206173 4 
0.020107 0.0213607 4 
0.0201013 0.0223777 4 
0.0200654 0.0210519 4 
0.02003 0.0220155 4 
0.0200209 0.0215142 4 
0.0200096 0.0206163 4 
0.0199837 0.0204138 4 
0.0199781 0.0206649 4 
0.0199772 0.0220953 4 
0.0199036 0.020704 4 
0.019861 0.0201779 4 
0.0198517 0.0205516 4 
0.0197781 0.0222055 4 
0.0197438 0.0197598 4 
0.019733 0.0209936 4 
0.0196556 0.0206766 4 
0.0196248 0.0203355 4 
0.0196178 0.0199688 4 
0.0195496 0.0195649 4 
0.0195391 0.0196411 4 
0.0194712 0.020991 4 
0.0194507 0.0210817 4 
0.0194388 0.0205276 4 
0.0194033 0.0204923 4 
0.0193659 0.0207804 4 
0.0193344 0.0203306 4 
0.0193335 0.0226455 4 
0.0193206 0.0206766 4 
0.0193063 0.0208278 4 
0.0192429 0.0225378 4 
0.0192268 0.0210817 4 
0.0192159 0.0218161 4 
0.0192002 0.0193257 4 
0.0191827 0.0212408 4 
0.0191091 0.0196112 4 
0.0190095 0.019167 4 
0.018999 0.0200233 4 
0.0189673 0.0208232 4 
0.0188553 0.0196451 4 
0.0188545 0.021857 4 
0.0188434 0.0192118 4 
0.0187597 0.0192932 4 
0.0187311 0.0193076 4 
0.0186646 0.0204076 4 
0.0186172 0.0187734 4 
0.0184713 0.0187364 4 
0.0184141 0.018434 4 
0.0182619 0.0187522 4 
0.0182439 0.0201759 4 
0.0182362 0.0195186 4 
0.0182001 0.0187188 4 
0.0181121 0.0187734 4 
0.0179682 0.0186525 4 
0.0177834 0.0181742 4 
0.0173391 0.0194352 4 
0.0125602 0.0125741 5 
0.0120386 0.0122991 5 
0.0120011 0.0121016 5 
0.0117885 0.012027 5 
0.011658 0.0118896 5 
0.0116518 0.0120595 5 
0.0115313 0.0116868 5 
0.0114962 0.0121265 5 
0.0114946 0.0115219 5 
0.0114144 0.0116173 5 
0.011386 0.0116411 5 
0.011286 0.011552 5 
0.0112844 0.0114224 5 
0.0112399 0.0122744 5 
0.0112341 0.0117052 5 
0.0112332 0.0113644 5 
0.0112023 0.0115495 5 
0.0111698 0.0112789 5 
0.011152 0.0113792 5 
0.0110549 0.0111934 5 
0.011052 0.0116868 5 
0.0110431 0.0113082 5 
0.0110384 0.0112233 5 
0.010971 0.0110654 5 
0.0109485 0.011296 5 
0.0109479 0.0112908 5 
0.0109431 0.0117035 5 
0.0109349 0.0112726 5 
0.0109231 0.0118766 5 
0.0109107 0.0119632 5 
0.0109037 0.0120224 5 
0.0108298 0.0111772 5 
0.0108172 0.0111157 5 
0.0107842 0.0111972 5 
0.0107643 0.0111116 5 
0.0107278 0.0112392 5 
0.0106885 0.0111546 5 
0.0106871 0.011369 5 
0.0106849 0.0112778 5 
0.0106719 0.0109227 5 
0.0106677 0.0116196 5 
0.0106257 0.0114139 5 
0.0105767 0.0112192 5 
0.0105481 0.0109165 5 
0.0105476 0.0113494 5 
0.0105317 0.0108142 5 
0.0105315 0.0106061 5 
0.0105165 0.0113014 5 
0.0105101 0.0114854 5 
0.010503 0.0106959 5 
0.0105027 0.0110036 5 
0.0104738 0.0106738 5 
0.0104506 0.0115128 5 
0.0104152 0.0112337 5 
0.010371 0.0109256 5 
0.0103624 0.0106364 5 
0.0103279 0.0114224 5 
0.0103005 0.0117052 5 
0.0102828 0.0112222 5 
0.0102682 0.0111157 5 
0.0102516 0.0103639 5 
0.0102234 0.010526 5 
0.0102133 0.0109941 5 
0.0102009 0.0110632 5 
0.0102008 0.0111594 5 
0.0101956 0.0110654 5 
0.0101892 0.010847 5 
0.0101713 0.0114096 5 
0.0101509 0.0104814 5 
0.0101393 0.0103246 5 
0.0101247 0.0111325 5 
0.0101214 0.0118087 5 
0.0100872 0.010278 5 
0.0100824 0.0104126 5 
0.0100804 0.0103348 5 
0.0100474 0.0103131 5 
0.0100364 0.0110269 5 
0.0100019 0.0105729 5 
0.00997625 0.0113972 5 
0.00991514 0.0100871 5 
0.00989421 0.0101573 5 
0.00984223 0.0099184 5 
0.00979661 0.0104814 5 
0.00975705 0.0103132 5 
0.00974937 0.0101981 5 
0.00974861 0.0100087 5 
0.00969843 0.0110435 5 
0.00969825 0.0101003 5 
0.00969663 0.0105604 5 
0.00968882 0.0103049 5 
0.00968869 0.00993356 5 
0.00968608 0.010545 5 
0.00964625 0.0106438 5 
0.00962145 0.0096925 5 
0.00959761 0.00972941 5 
0.00959323 0.0104837 5 
0.00959044 0.0115747 5 
0.00954396 0.00982175 5 
0.00952256 0.0101981 5 
0.00949424 0.0102426 5 
0.0094938 0.0104126 5 
0.00948473 0.00981288 5 
0.00944484 0.00947544 5 
0.00943644 0.0101984 5 
0.00933469 0.00946819 5 
0.00925194 0.0109738 5 
0.00924639 0.00958885 5 
0.00923793 0.00930456 5 
0.00918423 0.00966356 5 
0.00909329 0.0091062 5 
0.00907511 0.00936448 5 
0.00895838 0.00964778 5 
0.00895702 0.00931275 5 
0.00894348 0.00925091 5 
0.00891353 0.00940134 5 
0.00884658 0.00932879 5 
0.00881276 0.00985618 5 
0.00841334 0.00938706 5 
0.00652176 0.006731 6 
0.00624969 0.00630878 6 
0.00610788 0.00631381 6 
0.00610132 0.00613566 6 
0.00606036 0.00607462 6 
0.00603025 0.00625738 6 
0.00601069 0.00606005 6 
0.00598163 0.00619074 6 
0.00595204 0.00627123 6 
0.00594918 0.00609856 6 
0.00594277 0.00603962 6 
0.00592036 0.00605473 6 
0.00589643 0.00597191 6 
0.00585752 0.00593647 6 
0.00583089 0.00645323 6 
0.00582776 0.00584215 6 
0.00581242 0.00598014 6 
0.00577843 0.00597692 6 
0.0057568 0.0060013 6 
0.00574411 0.00584261 6 
0.00573181 0.00611915 6 
0.00570327 0.00628349 6 
0.00569001 0.00578775 6 
0.00568864 0.00570373 6 
0.00566282 0.00578894 6 
0.00565244 0.00599877 6 
0.00560399 0.00577796 6 
0.00556879 0.00603962 6 
0.00556749 0.00561324 6 
0.00555604 0.00587327 6 
0.00555309 0.00584215 6 
0.00554706 0.00555849 6 
0.00553364 0.00594416 6 
0.00551624 0.00601787 6 
0.00550733 0.00571915 6 
0.00549327 0.00578964 6 
0.00546986 0.0060847 6 
0.00544194 0.00564201 6 
0.00542893 0.00593628 6 
0.00541699 0.00544756 6 
0.00541056 0.00577027 6 
0.00540007 0.00540014 6 
0.00539683 0.00584155 6 
0.0053938 0.00586864 6 
0.00538966 0.00571663 6 
0.00538927 0.0059752 6 
0.00534885 0.00553136 6 
0.00534862 0.00561324 6 
0.00533194 0.00547627 6 
0.00532895 0.00611065 6 
0.00532146 0.00573187 6 
0.00532086 0.00593569 6 
0.00529727 0.00575752 6 
0.00529133 0.00556247 6 
0.00527347 0.00527828 6 
0.00526046 0.00599985 6 
0.00523211 0.0056065 6 
0.00522324 0.00583581 6 
0.00518584 0.00606005 6 
0.00518028 0.00540014 6 
0.00518012 0.00518969 6 
0.00515617 0.00527918 6 
0.00515197 0.00594372 6 
0.0051063 0.00520025 6 
0.0050967 0.005132 6 
0.00508505 0.00555849 6 
0.00508459 0.00513942 6 
0.00507054 0.00544517 6 
0.00506606 0.00556253 6 
0.00505933 0.00547423 6 
0.00505268 0.00510575 6 
0.00504462 0.00514151 6 
0.0050183 0.00515238 6 
0.00501677 0.00509171 6 
0.00500904 0.00500946 6 
0.00500877 0.00526444 6 
0.005002 0.00534653 6 
0.00497794 0.00504536 6 
0.00497342 0.00509924 6 
0.00496323 0.00530468 6 
0.00496174 0.00595555 6 
0.00495565 0.00522402 6 
0.00495306 0.00516633 6 
0.00489167 0.00544164 6 
0.00485686 0.00550555 6 
0.00481628 0.00494705 6 
0.00481585 0.00518746 6 
0.004809 0.00524957 6 
0.00478672 0.00522402 6 
0.00475934 0.00477247 6 
0.00474231 0.00518969 6 
0.00473452 0.00482447 6 
0.00466328 0.00486095 6 
0.00465715 0.0057244 6 
0.0046393 0.00481765 6 
0.00463328 0.00477247 6 
0.00461215 0.00470128 6 
0.00458545 0.00476622 6 
0.00457198 0.00502515 6 
0.00456062 0.00470446 6 
0.00454394 0.00484233 6 
0.00450519 0.00484973 6 
0.00446784 0.00479216 6 
0.00437738 0.00498156 6 
0.00428267 0.00468183 6 
0.00365534 0.00381033 7 
0.00335579 0.00351395 7 
0.00334725 0.00335521 7 
0.00327119 0.00329829 7 
0.00325629 0.00328417 7 
0.00323222 0.00330471 7 
0.00321526 0.0033843 7 
0.00319132 0.00350955 7 
0.00315998 0.00320296 7 
0.00313142 0.00325547 7 
0.0031295 0.00312973 7 
0.00307917 0.00316119 7 
0.00307 0.00308595 7 
0.00305057 0.00331716 7 
0.00304106 0.003194 7 
0.00301265 0.00307413 7 
0.00300786 0.00306458 7 
0.0030012 0.00308947 7 
0.00299966 0.00332113 7 
0.00298774 0.00338417 7 
0.00297396 0.00310754 7 
0.0029635 0.00325861 7 
0.00296092 0.00303615 7 
0.0029576 0.00298083 7 
0.00293985 0.00306144 7 
0.00293122 0.00302201 7 
0.00292972 0.00294873 7 
0.00292742 0.00300174 7 
0.00291455 0.0029349 7 
0.00289166 0.00294873 7 
0.00288507 0.002897 7 
0.00286759 0.00305245 7 
0.00285975 0.00313659 7 
0.00285746 0.00318045 7 
0.00284704 0.00305392 7 
0.00284682 0.00318775 7 
0.0028436 0.00313632 7 
0.00282761 0.00295139 7 
0.00282746 0.0031662 7 
0.00282325 0.00302423 7 
0.00281804 0.00326679 7 
0.00281475 0.00284167 7 
0.002811 0.0029452 7 
0.00279134 0.00306458 7 
0.00277634 0.00312413 7 
0.00276954 0.00313456 7 
0.00276912 0.00277348 7 
0.00275881 0.00311404 7 
0.00275652 0.00297438 7 
0.00275567 0.00288199 7 
0.00275326 0.0029349 7 
0.00275301 0.00289289 7 
0.00273258 0.0027509 7 
0.00271678 0.00317141 7 
0.00270812 0.00284167 7 
0.0026805 0.00288867 7 
0.00266797 0.00272107 7 
0.00265256 0.00280228 7 
0.00264558 0.00268464 7 
0.00264377 0.00314403 7 
0.00264149 0.00269707 7 
0.00262357 0.00267969 7 
0.00260062 0.00262715 7 
0.00259664 0.00268027 7 
0.00259463 0.00283511 7 
0.00257757 0.00264263 7 
0.00257261 0.00258426 7 
0.0025663 0.0026742 7 
0.00256555 0.00259113 7 
0.00255649 0.00289289 7 
0.00255226 0.00260099 7 
0.00253831 0.00269022 7 
0.00252946 0.00288709 7 
0.00250133 0.00255247 7 
0.00249388 0.00264263 7 
0.0024854 0.00274705 7 
0.00247751 0.00297117 7 
0.0024774 0.00269005 7 
0.00247075 0.00266041 7 
0.00246844 0.00291458 7 
0.00246757 0.00265224 7 
0.00243433 0.00254727 7 
0.00243277 0.00255698 7 
0.00239437 0.00242233 7 
0.00238427 0.00244744 7 
0.0023696 0.00247709 7 
0.00236661 0.00258081 7 
0.00236571 0.00260085 7 
0.00236388 0.00242233 7 
0.00228699 0.00249357 7 
0.00226687 0.00240302 7 
0.00225558 0.00246215 7 
0.00225104 0.00258189 7 
0.00217095 0.00217482 7 
0.00209488 0.00214092 8 
0.00185345 0.00196895 8 
0.00184665 0.00188775 8 
0.00183023 0.00186078 8 
0.001815 0.0018558 8 
0.00178563 0.0019357 8 
0.00172039 0.00181417 8 
0.00170382 0.00173692 8 
0.0016981 0.00176924 8 
0.00168133 0.00171884 8 
0.00167401 0.00186078 8 
0.00166868 0.00173025 8 
0.00166553 0.00169276 8 
0.00166404 0.00184324 8 
0.00163557 0.00169948 8 
0.00163289 0.00171775 8 
0.0016308 0.00163374 8 
0.00161254 0.00174033 8 
0.00160784 0.00167611 8 
0.00159509 0.00172565 8 
0.00158272 0.00158646 8 
0.00157974 0.00160897 8 
0.0015797 0.00164229 8 
0.00157825 0.00163648 8 
0.0015663 0.00158906 8 
0.00155849 0.001579 8 
0.0015578 0.00165833 8 
0.00154226 0.00154294 8 
0.00152926 0.00168894 8 
0.00152722 0.00162492 8 
0.00152492 0.0015993 8 
0.00152271 0.00166823 8 
0.00151903 0.00175552 8 
0.00151488 0.00160349 8 
0.00150933 0.00171337 8 
0.00150904 0.00172289 8 
0.00149595 0.00169142 8 
0.00149337 0.00154116 8 
0.0014889 0.00167611 8 
0.00148746 0.0014951 8 
0.00146215 0.00155053 8 
0.00145546 0.00158713 8 
0.00145012 0.00168888 8 
0.00144498 0.00163648 8 
0.001443 0.00152119 8 
0.00144164 0.00155898 8 
0.00144016 0.00150429 8 
0.00142668 0.00169983 8 
0.00142135 0.00156935 8 
0.00142122 0.00148892 8 
0.00140568 0.00159378 8 
0.0014008 0.0014179 8 
0.00139971 0.00143527 8 
0.00139149 0.00147563 8 
0.00138921 0.00144722 8 
0.00137041 0.00140959 8 
0.00135516 0.00137334 8 
0.00135262 0.00141196 8 
0.00135082 0.00156924 8 
0.00134589 0.00140961 8 
0.00134582 0.00147018 8 
0.00134355 0.00144563 8 
0.00134154 0.00136313 8 
0.00133397 0.00133408 8 
0.00132357 0.00137334 8 
0.00131938 0.00139377 8 
0.00131728 0.0014248 8 
0.00130361 0.00145141 8 
0.00129911 0.00133853 8 
0.00129547 0.0013712 8 
0.00129423 0.00130758 8 
0.00128869 0.00135675 8 
0.00127789 0.00139888 8 
0.00127082 0.0012961 8 
0.00126929 0.00157591 8 
0.00126012 0.00137111 8 
0.00122848 0.0012978 8 
0.00122202 0.0012637 8 
0.00121976 0.00126527 8 
0.00119579 0.00131945 8 
0.00118557 0.00132269 8 
0.00118154 0.00133838 8 
0.00116863 0.00122957 8 
0.00103955 0.00108089 9 
0.0010173 0.00104232 9 
0.00099694 0.0010718 9 
0.00096095 0.00102389 9 
0.000957593 0.00106861 9 
0.000955807 0.00106662 9 
0.000912745 0.000951755 9 
0.000904555 0.000931973 9 
0.00089889 0.000944283 9 
0.000898795 0.000925187 9 
0.000893696 0.000898239 9 
0.000875947 0.000914801 9 
0.000872926 0.000911061 9 
0.00086886 0.00091596 9 
0.000865728 0.000956793 9 
0.000859679 0.000867091 9 
0.000859185 0.000878248 9 
0.00084067 0.000864005 9 
0.000840497 0.000887884 9 
0.000835708 0.000921739 9 
0.00083306 0.000938284 9 
0.000827847 0.00083391 9 
0.000824011 0.000941749 9 
0.000821476 0.000919586 9 
0.000821329 0.000882369 9 
0.000820484 0.000845572 9 
0.000819276 0.0008558 9 
0.000818475 0.000925537 9 
0.000817618 0.000870374 9 
0.000817324 0.000826425 9 
0.000813057 0.000861505 9 
0.000812821 0.000937333 9 
0.000807229 0.000887884 9 
0.000800436 0.00084307 9 
0.00079773 0.000800742 9 
0.000795273 0.000814271 9 
0.000793702 0.000827212 9 
0.000788666 0.000808591 9 
0.000786791 0.000853599 9 
0.00078657 0.000911356 9 
0.00078589 0.000849819 9 
0.000767586 0.000808591 9 
0.00076195 0.000847699 9 
0.000758162 0.000788289 9 
0.000755855 0.000789271 9 
0.000755023 0.000939258 9 
0.000754935 0.000847001 9 
0.000753643 0.000754063 9 
0.000743033 0.000748584 9 
0.000740172 0.000805738 9 
0.000726772 0.000727903 9 
0.000724112 0.000755098 9 
0.000719956 0.000728172 9 
0.000718064 0.000743085 9 
0.000716998 0.000731269 9 
0.000714635 0.000724305 9 
0.00071088 0.000734472 9 
0.000710068 0.000754626 9 
0.000707171 0.000777657 9 
0.000706528 0.000775841 9 
0.000704793 0.000751796 9 
0.000683615 0.000728997 9 
0.000681255 0.000696311 9 
0.000675336 0.000686566 9 
0.000670461 0.000681416 9 
0.000669293 0.000726233 9 
0.000668215 0.000835903 9 
0.000658473 0.000677399 9 
0.000645448 0.0006907 9 
0.000641194 0.000681416 9 
0.000637285 0.000708284 9 
0.000636466 0.000693529 9 
0.00063455 0.000700455 9 
0.000627628 0.000707119 9 
