0.522399 0.542137 0 
0.521709 0.540418 0 
0.521617 0.540665 0 
0.52131 0.541725 0 
0.521214 0.538461 0 
0.521137 0.538939 0 
0.52112 0.540749 0 
0.520978 0.540063 0 
0.520952 0.540691 0 
0.520903 0.521065 0 
0.520895 0.540277 0 
0.520881 0.538406 0 
0.52074 0.541863 0 
0.520666 0.540902 0 
0.520665 0.541993 0 
0.520606 0.542173 0 
0.52048 0.520697 0 
0.520444 0.540277 0 
0.52037 0.543212 0 
0.5203 0.538344 0 
0.520239 0.541659 0 
0.520215 0.540473 0 
0.520115 0.540352 0 
0.520102 0.538406 0 
0.520007 0.53729 0 
0.519947 0.539619 0 
0.519928 0.540418 0 
0.519916 0.540773 0 
0.519899 0.520603 0 
0.519651 0.539076 0 
0.51961 0.541562 0 
0.519584 0.538241 0 
0.519576 0.541561 0 
0.519525 0.539076 0 
0.519418 0.520542 0 
0.519369 0.519458 0 
0.519249 0.541307 0 
0.519074 0.541993 0 
0.519065 0.539987 0 
0.51905 0.519407 0 
0.519048 0.540467 0 
0.518998 0.519849 0 
0.518868 0.53849 0 
0.518818 0.540607 0 
0.518816 0.538813 0 
0.518812 0.541806 0 
0.518727 0.520568 0 
0.518675 0.519615 0 
0.518613 0.535959 0 
0.518588 0.540897 0 
0.51858 0.539258 0 
0.518552 0.539529 0 
0.518546 0.518919 0 
0.518538 0.539314 0 
0.518534 0.539529 0 
0.518514 0.540665 0 
0.518486 0.518733 0 
0.518474 0.53859 0 
0.518392 0.518433 0 
0.518308 0.541401 0 
0.518308 0.540483 0 
0.518202 0.539469 0 
0.518126 0.540467 0 
0.517947 0.542005 0 
0.517935 0.518435 0 
0.517883 0.539185 0 
0.517861 0.541917 0 
0.517855 0.518223 0 
0.517819 0.542043 0 
0.517812 0.541079 0 
0.517794 0.518455 0 
0.517758 0.54053 0 
0.517749 0.519281 0 
0.517728 0.540418 0 
0.517695 0.541575 0 
0.517668 0.539314 0 
0.517631 0.519007 0 
0.517609 0.540932 0 
0.517581 0.545379 0 
0.51756 0.517581 0 
0.517528 0.541679 0 
0.517516 0.518207 0 
0.517501 0.54113 0 
0.517492 0.543814 0 
0.517454 0.519921 0 
0.517429 0.518732 0 
0.517412 0.535959 0 
0.517406 0.541187 0 
0.517388 0.540283 0 
0.517362 0.541724 0 
0.517344 0.539076 0 
0.517262 0.518819 0 
0.517258 0.542191 0 
0.517213 0.520387 0 
0.517186 0.540467 0 
0.517158 0.517168 0 
0.517137 0.517807 0 
0.517089 0.541092 0 
0.517088 0.517193 0 
0.51708 0.517831 0 
0.517067 0.542509 0 
0.517058 0.541665 0 
0.517053 0.540327 0 
0.517038 0.51833 0 
0.517015 0.520728 0 
0.516977 0.54059 0 
0.516963 0.542043 0 
0.516925 0.540992 0 
0.516924 0.517038 0 
0.516924 0.51933 0 
0.516864 0.541558 0 
0.516857 0.521119 0 
0.516839 0.519309 0 
0.516815 0.51781 0 
0.51681 0.540211 0 
0.516806 0.520868 0 
0.516775 0.542639 0 
0.516761 0.517831 0 
0.516743 0.542698 0 
0.516739 0.51943 0 
0.516728 0.517658 0 
0.516714 0.519393 0 
0.516683 0.542323 0 
0.516579 0.541996 0 
0.516539 0.538321 0 
0.516529 0.542556 0 
0.516495 0.540897 0 
0.516453 0.518644 0 
0.516409 0.517985 0 
0.516401 0.54184 0 
0.516362 0.54006 0 
0.51634 0.540031 0 
0.516323 0.518158 0 
0.516308 0.519067 0 
0.51629 0.541318 0 
0.516264 0.538813 0 
0.516247 0.539619 0 
0.516232 0.518252 0 
0.516204 0.51685 0 
0.516196 0.538555 0 
0.516191 0.519061 0 
0.516187 0.542509 0 
0.516172 0.516575 0 
0.516167 0.516565 0 
0.516164 0.543941 0 
0.516159 0.517343 0 
0.516151 0.516803 0 
0.516133 0.51785 0 
0.516113 0.539534 0 
0.516113 0.540085 0 
0.516105 0.516375 0 
0.516056 0.54224 0 
0.516043 0.518626 0 
0.516027 0.518033 0 
0.516006 0.543212 0 
0.515983 0.516855 0 
0.515958 0.517892 0 
0.515937 0.519479 0 
0.515928 0.53849 0 
0.51591 0.539089 0 
0.51589 0.518668 0 
0.515868 0.541268 0 
0.515861 0.540431 0 
0.51586 0.540277 0 
0.515827 0.543474 0 
0.515781 0.542474 0 
0.515776 0.542261 0 
0.515756 0.543357 0 
0.515755 0.545363 0 
0.515755 0.540936 0 
0.515719 0.517619 0 
0.515717 0.542101 0 
0.515609 0.517764 0 
0.515606 0.542272 0 
0.515584 0.517038 0 
0.515578 0.515946 0 
0.515568 0.516565 0 
0.515552 0.540535 0 
0.515552 0.541917 0 
0.515542 0.518461 0 
0.515542 0.520416 0 
0.515541 0.544153 0 
0.515541 0.539076 0 
0.51554 0.518656 0 
0.515539 0.51966 0 
0.515535 0.539534 0 
0.515521 0.519643 0 
0.515518 0.517383 0 
0.515405 0.517369 0 
0.515375 0.545582 0 
0.515373 0.517524 0 
0.515366 0.538759 0 
0.515364 0.515472 0 
0.515328 0.518154 0 
0.515322 0.540063 0 
0.51532 0.518252 0 
0.515286 0.515655 0 
0.515269 0.516157 0 
0.515232 0.54006 0 
0.515223 0.540327 0 
0.515218 0.517025 0 
0.515215 0.540607 0 
0.515214 0.540211 0 
0.515181 0.517427 0 
0.515063 0.515648 0 
0.515062 0.54157 0 
0.515041 0.517756 0 
0.515041 0.516988 0 
0.51503 0.542556 0 
0.515028 0.515652 0 
0.515008 0.518475 0 
0.514966 0.541908 0 
0.51496 0.542272 0 
0.514933 0.517816 0 
0.514924 0.53785 0 
0.514881 0.516868 0 
0.514871 0.518112 0 
0.514862 0.54412 0 
0.514829 0.519183 0 
0.514827 0.541776 0 
0.514819 0.544566 0 
0.514788 0.543536 0 
0.514785 0.518112 0 
0.514772 0.539163 0 
0.514707 0.518864 0 
0.514681 0.545668 0 
0.514679 0.520676 0 
0.514669 0.51964 0 
0.514639 0.516348 0 
0.514634 0.51903 0 
0.514612 0.516323 0 
0.514606 0.539163 0 
0.514575 0.519849 0 
0.514561 0.515134 0 
0.514548 0.540749 0 
0.514541 0.539619 0 
0.514506 0.520728 0 
0.5145 0.519183 0 
0.514497 0.520502 0 
0.514464 0.515761 0 
0.514433 0.543372 0 
0.514412 0.517341 0 
0.514396 0.542669 0 
0.51439 0.541577 0 
0.514363 0.515803 0 
0.514358 0.520004 0 
0.514348 0.540211 0 
0.514332 0.540085 0 
0.514325 0.542074 0 
0.514304 0.520782 0 
0.514301 0.53729 0 
0.514279 0.519883 0 
0.514207 0.517057 0 
0.514193 0.539185 0 
0.514181 0.519393 0 
0.514149 0.540211 0 
0.514131 0.517892 0 
0.514117 0.517113 0 
0.514109 0.53859 0 
0.514102 0.51639 0 
0.514083 0.542068 0 
0.51408 0.519875 0 
0.514048 0.519883 0 
0.514045 0.515143 0 
0.514035 0.520199 0 
0.513998 0.520043 0 
0.513979 0.539314 0 
0.513954 0.538461 0 
0.513933 0.541307 0 
0.513913 0.539089 0 
0.51388 0.516626 0 
0.513879 0.518154 0 
0.513872 0.538241 0 
0.513863 0.517341 0 
0.513838 0.53785 0 
0.513802 0.520697 0 
0.513768 0.538759 0 
0.513767 0.539314 0 
0.513742 0.515221 0 
0.51371 0.541307 0 
0.513689 0.541547 0 
0.513632 0.519304 0 
0.51363 0.518149 0 
0.513594 0.543011 0 
0.513591 0.514514 0 
0.513559 0.516498 0 
0.51353 0.539486 0 
0.51351 0.519581 0 
0.513505 0.516171 0 
0.513469 0.538241 0 
0.513455 0.539529 0 
0.513424 0.520713 0 
0.51341 0.538555 0 
0.513401 0.538881 0 
0.513393 0.540522 0 
0.513385 0.513932 0 
0.513381 0.521505 0 
0.513367 0.522063 0 
0.513317 0.54394 0 
0.513311 0.515586 0 
0.513299 0.539796 0 
0.513296 0.53785 0 
0.513293 0.539185 0 
0.513272 0.518602 0 
0.513261 0.539089 0 
0.513254 0.543405 0 
0.513218 0.518519 0 
0.513215 0.514697 0 
0.5132 0.51415 0 
0.513173 0.535959 0 
0.513141 0.522323 0 
0.513117 0.535959 0 
0.513112 0.517193 0 
0.513106 0.543127 0 
0.513098 0.538241 0 
0.51303 0.54405 0 
0.512974 0.538321 0 
0.512965 0.520868 0 
0.51292 0.522063 0 
0.51289 0.538321 0 
0.512864 0.542088 0 
0.512859 0.542292 0 
0.512806 0.539163 0 
0.51278 0.538406 0 
0.512772 0.540607 0 
0.512683 0.541742 0 
0.512634 0.53859 0 
0.512624 0.539469 0 
0.512607 0.513573 0 
0.512585 0.538406 0 
0.512562 0.538344 0 
0.51254 0.512976 0 
0.512515 0.544606 0 
0.512436 0.542098 0 
0.512413 0.542873 0 
0.512381 0.516586 0 
0.512379 0.538631 0 
0.512347 0.513032 0 
0.512299 0.538759 0 
0.512273 0.519779 0 
0.51224 0.538344 0 
0.51223 0.53849 0 
0.512228 0.538759 0 
0.512198 0.538881 0 
0.512153 0.540773 0 
0.512129 0.517341 0 
0.512125 0.54034 0 
0.512102 0.538924 0 
0.512092 0.542261 0 
0.51209 0.544614 0 
0.51208 0.539529 0 
0.512074 0.541525 0 
0.512056 0.515274 0 
0.512051 0.540283 0 
0.512034 0.540773 0 
0.51199 0.54427 0 
0.51197 0.513451 0 
0.511948 0.515797 0 
0.511942 0.540607 0 
0.511936 0.541337 0 
0.511914 0.538461 0 
0.51191 0.512223 0 
0.511884 0.540747 0 
0.511866 0.540483 0 
0.511857 0.516835 0 
0.511764 0.540128 0 
0.511754 0.541079 0 
0.511746 0.540524 0 
0.511666 0.539089 0 
0.51163 0.540483 0 
0.511569 0.538321 0 
0.511568 0.541742 0 
0.511538 0.544402 0 
0.511536 0.543297 0 
0.511511 0.543137 0 
0.511493 0.538344 0 
0.511467 0.543162 0 
0.511466 0.538631 0 
0.511453 0.539258 0 
0.511337 0.538881 0 
0.511336 0.544314 0 
0.51129 0.542216 0 
0.511194 0.542415 0 
0.511177 0.540773 0 
0.511119 0.546329 0 
0.511119 0.543168 0 
0.51097 0.540473 0 
0.510884 0.53859 0 
0.510741 0.516692 0 
0.510706 0.511211 0 
0.510691 0.544916 0 
0.510505 0.54384 0 
0.510417 0.545406 0 
0.510366 0.545668 0 
0.510287 0.538881 0 
0.510245 0.541447 0 
0.510221 0.546329 0 
0.510187 0.53898 0 
0.510104 0.541915 0 
0.510043 0.543363 0 
0.509983 0.539089 0 
0.509768 0.54113 0 
0.508876 0.54606 0 
0.216645 0.223889 1 
0.216503 0.229029 1 
0.216438 0.225571 1 
0.215834 0.225571 1 
0.215721 0.220651 1 
0.215547 0.221783 1 
0.215528 0.229727 1 
0.215383 0.22568 1 
0.215324 0.222325 1 
0.215245 0.221816 1 
0.215175 0.224044 1 
0.215154 0.224671 1 
0.215058 0.221646 1 
0.215055 0.223199 1 
0.214829 0.224649 1 
0.214805 0.225169 1 
0.214682 0.224221 1 
0.214368 0.225155 1 
0.214262 0.223642 1 
0.214233 0.227287 1 
0.214218 0.225035 1 
0.214082 0.223072 1 
0.214077 0.229777 1 
0.214036 0.221764 1 
0.213897 0.223421 1 
0.213856 0.229686 1 
0.213609 0.222354 1 
0.213568 0.222861 1 
0.213486 0.226576 1 
0.213482 0.221689 1 
0.213387 0.227747 1 
0.213381 0.225155 1 
0.213345 0.222302 1 
0.213276 0.223199 1 
0.213221 0.215435 1 
0.213208 0.224824 1 
0.213166 0.223763 1 
0.213062 0.22336 1 
0.213037 0.220222 1 
0.213009 0.220955 1 
0.213005 0.222354 1 
0.212975 0.228163 1 
0.212965 0.219349 1 
0.212955 0.22145 1 
0.212836 0.223339 1 
0.212755 0.223426 1 
0.212734 0.224353 1 
0.212727 0.218471 1 
0.21269 0.222572 1 
0.212677 0.22167 1 
0.212668 0.221688 1 
0.212651 0.222049 1 
0.21264 0.223164 1 
0.212621 0.226399 1 
0.2126 0.223642 1 
0.212585 0.218582 1 
0.212574 0.223887 1 
0.212501 0.221541 1 
0.212494 0.225131 1 
0.21245 0.222638 1 
0.212417 0.222384 1 
0.212379 0.224358 1 
0.212349 0.222754 1 
0.212314 0.224704 1 
0.212305 0.226367 1 
0.212285 0.224408 1 
0.212261 0.223686 1 
0.212245 0.226429 1 
0.212232 0.22145 1 
0.212198 0.221783 1 
0.212155 0.222649 1 
0.21211 0.220535 1 
0.212105 0.220474 1 
0.212046 0.220535 1 
0.212023 0.218887 1 
0.211985 0.222599 1 
0.211973 0.224076 1 
0.211945 0.218901 1 
0.211901 0.230334 1 
0.211891 0.220222 1 
0.211845 0.223821 1 
0.211797 0.224942 1 
0.211755 0.225298 1 
0.211714 0.219274 1 
0.211695 0.227226 1 
0.211669 0.219952 1 
0.211649 0.223292 1 
0.211599 0.221239 1 
0.211525 0.223374 1 
0.211521 0.221816 1 
0.211508 0.219305 1 
0.211452 0.219274 1 
0.211417 0.222572 1 
0.211397 0.219305 1 
0.211353 0.225997 1 
0.211343 0.224353 1 
0.211312 0.223803 1 
0.211291 0.219151 1 
0.211253 0.227209 1 
0.211195 0.218407 1 
0.211149 0.216249 1 
0.211144 0.224448 1 
0.211119 0.222767 1 
0.211109 0.226581 1 
0.211076 0.220651 1 
0.211048 0.211697 1 
0.210978 0.223856 1 
0.210863 0.227036 1 
0.210811 0.220474 1 
0.210802 0.222902 1 
0.210685 0.221698 1 
0.210631 0.210876 1 
0.21053 0.221751 1 
0.210526 0.220955 1 
0.2105 0.223859 1 
0.210498 0.224651 1 
0.210488 0.222178 1 
0.21039 0.223254 1 
0.210312 0.219305 1 
0.210303 0.227209 1 
0.210275 0.220651 1 
0.210201 0.228863 1 
0.210151 0.220159 1 
0.210086 0.225459 1 
0.210049 0.22167 1 
0.209977 0.220741 1 
0.209957 0.218582 1 
0.209936 0.222373 1 
0.209934 0.221239 1 
0.209928 0.222384 1 
0.20992 0.219036 1 
0.209871 0.221689 1 
0.209804 0.224656 1 
0.209728 0.225232 1 
0.209723 0.226405 1 
0.209648 0.220159 1 
0.20962 0.221522 1 
0.209619 0.222146 1 
0.209594 0.221332 1 
0.209575 0.211855 1 
0.209488 0.211903 1 
0.209397 0.222237 1 
0.209393 0.219719 1 
0.209389 0.226342 1 
0.209383 0.223868 1 
0.209332 0.225766 1 
0.209252 0.219553 1 
0.209228 0.225035 1 
0.209211 0.223335 1 
0.209049 0.222651 1 
0.209011 0.219719 1 
0.208953 0.223354 1 
0.208912 0.21068 1 
0.208901 0.230009 1 
0.208735 0.223416 1 
0.20857 0.220926 1 
0.208414 0.208491 1 
0.208403 0.219305 1 
0.208402 0.208724 1 
0.20838 0.219151 1 
0.208362 0.221751 1 
0.208312 0.221809 1 
0.208234 0.219883 1 
0.208222 0.220926 1 
0.208212 0.209416 1 
0.208203 0.20882 1 
0.208199 0.208891 1 
0.208114 0.208398 1 
0.2081 0.222831 1 
0.208098 0.218959 1 
0.208076 0.228768 1 
0.208061 0.22236 1 
0.208046 0.225935 1 
0.207994 0.222911 1 
0.207984 0.208546 1 
0.207869 0.223202 1 
0.20782 0.209011 1 
0.20766 0.220955 1 
0.207645 0.219151 1 
0.207626 0.221522 1 
0.20759 0.225609 1 
0.207541 0.208104 1 
0.20754 0.207851 1 
0.20752 0.220146 1 
0.207517 0.207803 1 
0.207489 0.208959 1 
0.207481 0.208888 1 
0.207469 0.222832 1 
0.207463 0.219848 1 
0.207415 0.209007 1 
0.207413 0.209366 1 
0.207399 0.208787 1 
0.207364 0.209186 1 
0.207348 0.209449 1 
0.207346 0.223621 1 
0.207329 0.209859 1 
0.207321 0.22744 1 
0.207319 0.209047 1 
0.207295 0.20884 1 
0.207284 0.20948 1 
0.207281 0.224525 1 
0.207266 0.219036 1 
0.207212 0.207323 1 
0.2072 0.20789 1 
0.20719 0.208633 1 
0.207172 0.208587 1 
0.207158 0.208366 1 
0.207112 0.221751 1 
0.207102 0.218189 1 
0.207089 0.207599 1 
0.207075 0.207084 1 
0.207043 0.217758 1 
0.206994 0.209368 1 
0.206926 0.207892 1 
0.206885 0.210024 1 
0.206852 0.208383 1 
0.206848 0.210787 1 
0.206829 0.207257 1 
0.206828 0.220741 1 
0.206792 0.218407 1 
0.20676 0.219952 1 
0.206731 0.224867 1 
0.206719 0.207331 1 
0.206718 0.217758 1 
0.206706 0.20803 1 
0.206693 0.206967 1 
0.206647 0.208045 1 
0.206642 0.220535 1 
0.206595 0.219305 1 
0.206575 0.207464 1 
0.206512 0.207747 1 
0.206498 0.220222 1 
0.206451 0.211561 1 
0.206426 0.211579 1 
0.206406 0.208445 1 
0.206406 0.219151 1 
0.206403 0.210089 1 
0.206395 0.206556 1 
0.206379 0.20726 1 
0.20636 0.20884 1 
0.206326 0.208944 1 
0.206298 0.220474 1 
0.206294 0.21828 1 
0.206269 0.224141 1 
0.206258 0.220651 1 
0.206185 0.206704 1 
0.206155 0.22625 1 
0.206097 0.209504 1 
0.206059 0.208272 1 
0.206059 0.218407 1 
0.206058 0.219553 1 
0.206054 0.212469 1 
0.206001 0.221983 1 
0.205973 0.208055 1 
0.20592 0.206202 1 
0.205906 0.217758 1 
0.205894 0.226732 1 
0.205889 0.206246 1 
0.205799 0.205824 1 
0.205792 0.221751 1 
0.205786 0.218959 1 
0.205735 0.205859 1 
0.205687 0.209088 1 
0.205646 0.218471 1 
0.205639 0.209686 1 
0.205581 0.206086 1 
0.205571 0.207615 1 
0.205565 0.20948 1 
0.205557 0.20574 1 
0.2055 0.228454 1 
0.205479 0.220299 1 
0.205469 0.210251 1 
0.205458 0.222384 1 
0.205442 0.20778 1 
0.205375 0.205491 1 
0.205334 0.207105 1 
0.205333 0.222832 1 
0.205329 0.2107 1 
0.205322 0.211116 1 
0.205319 0.21042 1 
0.205288 0.209236 1 
0.20524 0.206023 1 
0.205233 0.224802 1 
0.205195 0.218189 1 
0.205182 0.212107 1 
0.205175 0.218959 1 
0.205159 0.209416 1 
0.20512 0.21987 1 
0.205097 0.218901 1 
0.205072 0.207381 1 
0.205071 0.205404 1 
0.205038 0.223445 1 
0.205037 0.211539 1 
0.205011 0.220791 1 
0.204989 0.205227 1 
0.204988 0.208402 1 
0.204972 0.206317 1 
0.204969 0.216249 1 
0.204864 0.221541 1 
0.204827 0.222325 1 
0.204756 0.207793 1 
0.204722 0.207702 1 
0.20469 0.220146 1 
0.204667 0.209327 1 
0.204667 0.224001 1 
0.204656 0.210491 1 
0.204639 0.221687 1 
0.204636 0.221541 1 
0.204627 0.2107 1 
0.204613 0.218407 1 
0.204594 0.204691 1 
0.204593 0.226336 1 
0.204528 0.220474 1 
0.204525 0.208847 1 
0.204523 0.218959 1 
0.204513 0.205074 1 
0.204511 0.215435 1 
0.204509 0.219848 1 
0.204502 0.204824 1 
0.204483 0.206395 1 
0.204452 0.219036 1 
0.204408 0.219151 1 
0.204388 0.222504 1 
0.204385 0.22145 1 
0.204286 0.21828 1 
0.204281 0.208704 1 
0.204277 0.205982 1 
0.204269 0.230334 1 
0.204264 0.206922 1 
0.204246 0.218901 1 
0.204243 0.204334 1 
0.204157 0.218582 1 
0.204137 0.207314 1 
0.204088 0.219154 1 
0.204008 0.209522 1 
0.203987 0.21016 1 
0.203968 0.223677 1 
0.20395 0.205074 1 
0.203914 0.220955 1 
0.203877 0.219553 1 
0.203866 0.208278 1 
0.203753 0.21079 1 
0.203751 0.219274 1 
0.203697 0.218189 1 
0.203661 0.215435 1 
0.203564 0.219036 1 
0.203543 0.209803 1 
0.203542 0.203966 1 
0.203538 0.206124 1 
0.203328 0.208561 1 
0.203285 0.205501 1 
0.203255 0.218189 1 
0.203241 0.218471 1 
0.203163 0.205008 1 
0.20305 0.218738 1 
0.203027 0.208536 1 
0.202944 0.218738 1 
0.202922 0.206976 1 
0.202833 0.206263 1 
0.202815 0.218887 1 
0.202769 0.208278 1 
0.202719 0.219548 1 
0.202679 0.218901 1 
0.202643 0.219225 1 
0.202571 0.219036 1 
0.202521 0.219154 1 
0.20233 0.20717 1 
0.202269 0.20411 1 
0.100363 0.104177 2 
0.100194 0.102446 2 
0.0991235 0.0996857 2 
0.099105 0.0996083 2 
0.0987031 0.100178 2 
0.0984351 0.0998079 2 
0.0982594 0.10129 2 
0.0981929 0.103544 2 
0.098155 0.103896 2 
0.0978663 0.0979227 2 
0.0977162 0.101036 2 
0.0975686 0.0995813 2 
0.097458 0.0987552 2 
0.0974282 0.10238 2 
0.0972061 0.0972822 2 
0.0971632 0.1013 2 
0.0971225 0.0995172 2 
0.0969342 0.103596 2 
0.0968454 0.100597 2 
0.0968343 0.0997436 2 
0.0967813 0.10189 2 
0.0965871 0.0966269 2 
0.0965664 0.098994 2 
0.0964423 0.0972936 2 
0.0964343 0.0967032 2 
0.0964132 0.0996591 2 
0.0963119 0.098978 2 
0.0962845 0.098316 2 
0.0962699 0.100575 2 
0.0962332 0.0980092 2 
0.0962039 0.0973049 2 
0.09615 0.098978 2 
0.0961237 0.0983993 2 
0.0959037 0.0993513 2 
0.095897 0.0968981 2 
0.0958785 0.0972822 2 
0.0957333 0.0972936 2 
0.0957229 0.100142 2 
0.0956982 0.0974085 2 
0.095579 0.0969378 2 
0.0955687 0.099561 2 
0.0955466 0.0965689 2 
0.0955082 0.0988601 2 
0.0954709 0.100822 2 
0.0954673 0.0976124 2 
0.0954378 0.100822 2 
0.0954373 0.0978633 2 
0.0954344 0.0975548 2 
0.0953946 0.0979227 2 
0.0953878 0.0997064 2 
0.0953541 0.100412 2 
0.0952518 0.0972111 2 
0.0951524 0.0991126 2 
0.0951445 0.0966269 2 
0.0951164 0.0983474 2 
0.0950372 0.0950833 2 
0.0950198 0.102139 2 
0.0950057 0.0974685 2 
0.0949928 0.0987235 2 
0.0949824 0.0996411 2 
0.0949509 0.100822 2 
0.0949127 0.0961727 2 
0.094899 0.097073 2 
0.094799 0.0950833 2 
0.0947966 0.0964865 2 
0.0947087 0.0969193 2 
0.0946864 0.0979541 2 
0.0946316 0.0959399 2 
0.0945935 0.0984605 2 
0.0945733 0.0979253 2 
0.0945593 0.0984171 2 
0.0945321 0.0963638 2 
0.0945299 0.0946144 2 
0.0943893 0.097488 2 
0.0943856 0.0978842 2 
0.0943493 0.0968981 2 
0.0943482 0.0987425 2 
0.0943095 0.0944213 2 
0.0943053 0.0969697 2 
0.0942793 0.0961444 2 
0.094179 0.100195 2 
0.0940746 0.0949285 2 
0.094052 0.101012 2 
0.094012 0.0972319 2 
0.0939764 0.103156 2 
0.0939455 0.0991867 2 
0.0939055 0.0978522 2 
0.0938847 0.0981383 2 
0.0937965 0.0972291 2 
0.0937539 0.0982852 2 
0.0937416 0.0998757 2 
0.0936959 0.0961444 2 
0.0936408 0.0972414 2 
0.0936291 0.0955067 2 
0.0936085 0.0989997 2 
0.0935863 0.0948844 2 
0.093464 0.0945347 2 
0.0934354 0.0963117 2 
0.0934224 0.0994715 2 
0.0933971 0.0965788 2 
0.0933945 0.0938878 2 
0.0933815 0.0938878 2 
0.0933559 0.096172 2 
0.0932697 0.0963029 2 
0.0932442 0.0959451 2 
0.0932308 0.100038 2 
0.093162 0.0949935 2 
0.0930853 0.0938196 2 
0.0930012 0.097946 2 
0.0929887 0.0963117 2 
0.0929612 0.0948844 2 
0.0929352 0.0948844 2 
0.0929092 0.0963618 2 
0.092832 0.0948057 2 
0.0928109 0.0965425 2 
0.0927777 0.0961904 2 
0.0927761 0.101358 2 
0.0927298 0.0965425 2 
0.092671 0.0974583 2 
0.0925572 0.0943683 2 
0.0925559 0.0938878 2 
0.0925264 0.0966233 2 
0.0924799 0.0974703 2 
0.0924737 0.0948032 2 
0.0924279 0.0980227 2 
0.0924053 0.0931037 2 
0.0923516 0.0963638 2 
0.0923219 0.101191 2 
0.0922731 0.0949935 2 
0.0922252 0.0991904 2 
0.0922046 0.0984249 2 
0.0921705 0.0952579 2 
0.092159 0.094021 2 
0.0921373 0.0961946 2 
0.0921086 0.0979579 2 
0.0921031 0.0929409 2 
0.0920691 0.0938787 2 
0.0919678 0.0974944 2 
0.0919138 0.0919328 2 
0.0918733 0.0918765 2 
0.0917344 0.0944978 2 
0.091732 0.0951705 2 
0.0917168 0.0978129 2 
0.0916439 0.0998374 2 
0.091625 0.0953244 2 
0.091592 0.0995813 2 
0.0915704 0.0939573 2 
0.0914635 0.0920597 2 
0.0914169 0.0914741 2 
0.0913934 0.0939573 2 
0.0913476 0.0956552 2 
0.0913104 0.0965689 2 
0.091235 0.0945866 2 
0.0910906 0.0946349 2 
0.091088 0.0950782 2 
0.0910792 0.0950782 2 
0.0910544 0.0969293 2 
0.0910493 0.0923313 2 
0.0909852 0.0939966 2 
0.0909827 0.0941964 2 
0.0909164 0.0928776 2 
0.0908688 0.093736 2 
0.0908435 0.0917566 2 
0.090837 0.0951476 2 
0.0908351 0.0948032 2 
0.0908178 0.100176 2 
0.09081 0.0958392 2 
0.0907551 0.0939573 2 
0.0907505 0.0944606 2 
0.0907355 0.0914503 2 
0.0907015 0.0989671 2 
0.0906228 0.0960832 2 
0.0906201 0.0919112 2 
0.0905872 0.100575 2 
0.0905572 0.0974018 2 
0.0905548 0.091325 2 
0.0905325 0.0989432 2 
0.0904577 0.0916144 2 
0.0904104 0.09859 2 
0.0904046 0.0944188 2 
0.0903751 0.0955833 2 
0.090346 0.100679 2 
0.0903318 0.0905856 2 
0.0903171 0.0947618 2 
0.0903101 0.0958392 2 
0.0903036 0.0914692 2 
0.0902999 0.0966233 2 
0.0902839 0.102181 2 
0.0902814 0.0905915 2 
0.0902163 0.0910596 2 
0.0901885 0.0931212 2 
0.0901548 0.104001 2 
0.0901441 0.0969293 2 
0.090128 0.0919328 2 
0.0901258 0.0980281 2 
0.0900931 0.094021 2 
0.0900801 0.0949285 2 
0.0900787 0.0910929 2 
0.090078 0.0912991 2 
0.090055 0.0901449 2 
0.09005 0.0900613 2 
0.0900434 0.093736 2 
0.0900297 0.0938701 2 
0.0899599 0.0968715 2 
0.0899554 0.0902647 2 
0.0899529 0.090098 2 
0.0899302 0.0908059 2 
0.0899298 0.0931212 2 
0.089873 0.0910596 2 
0.0898508 0.0905467 2 
0.0898502 0.0910848 2 
0.0897705 0.0899427 2 
0.0897515 0.0966233 2 
0.0897435 0.090821 2 
0.0897199 0.090909 2 
0.0897198 0.0926226 2 
0.0897146 0.0993509 2 
0.0896993 0.0939573 2 
0.0896753 0.098257 2 
0.089656 0.093374 2 
0.0896295 0.0910848 2 
0.0896194 0.0983797 2 
0.0896099 0.0956552 2 
0.0896072 0.0903887 2 
0.089567 0.0953244 2 
0.0895338 0.0936844 2 
0.0895224 0.0927633 2 
0.0894147 0.0918508 2 
0.0894118 0.0928776 2 
0.0893976 0.0931572 2 
0.0893926 0.0968575 2 
0.089354 0.0955067 2 
0.0893345 0.0907578 2 
0.0893129 0.0961727 2 
0.0893035 0.0953978 2 
0.0892908 0.0971011 2 
0.0892803 0.0919702 2 
0.0892704 0.0941848 2 
0.0892368 0.0928367 2 
0.0892351 0.0950833 2 
0.0892325 0.0924262 2 
0.0891234 0.0927154 2 
0.0891136 0.0938878 2 
0.0891116 0.0916695 2 
0.0890566 0.0923165 2 
0.0890495 0.0908675 2 
0.0890352 0.0900732 2 
0.088993 0.0931212 2 
0.0889711 0.0913865 2 
0.0889683 0.0914298 2 
0.0889372 0.0923553 2 
0.0889284 0.0908578 2 
0.0889002 0.0965425 2 
0.088894 0.0915848 2 
0.0888448 0.0895582 2 
0.0887968 0.094021 2 
0.0887536 0.0903795 2 
0.0886745 0.0910838 2 
0.0886463 0.0931271 2 
0.0885541 0.0928946 2 
0.0885352 0.0891073 2 
0.0885235 0.0888061 2 
0.08851 0.0963801 2 
0.0884988 0.0941964 2 
0.0884972 0.0985335 2 
0.0884844 0.0970146 2 
0.0884816 0.0923827 2 
0.0884647 0.0917599 2 
0.0884551 0.0891947 2 
0.0884008 0.0931572 2 
0.0883804 0.0895432 2 
0.088374 0.0899024 2 
0.0883676 0.0906929 2 
0.0883142 0.093736 2 
0.0883048 0.0961727 2 
0.08828 0.0901131 2 
0.0882567 0.0889771 2 
0.088256 0.0955833 2 
0.0882551 0.0915011 2 
0.0882094 0.0944606 2 
0.0881775 0.091624 2 
0.0880796 0.0935333 2 
0.0880551 0.0915574 2 
0.0880525 0.0899836 2 
0.0880409 0.0965689 2 
0.0879862 0.0950782 2 
0.0879211 0.0909229 2 
0.0878977 0.0899331 2 
0.0878946 0.0922748 2 
0.0878891 0.0938196 2 
0.0878733 0.0923827 2 
0.0878522 0.0947486 2 
0.0878455 0.0894128 2 
0.0878025 0.090843 2 
0.0877873 0.0961444 2 
0.0877758 0.0888905 2 
0.0877696 0.094021 2 
0.0877439 0.093567 2 
0.0877376 0.0923313 2 
0.0877025 0.0941964 2 
0.087684 0.0948032 2 
0.087622 0.0931271 2 
0.0875876 0.0947006 2 
0.0875242 0.0881162 2 
0.0874586 0.0931572 2 
0.0874526 0.0887192 2 
0.0874168 0.0879479 2 
0.0873606 0.0913987 2 
0.0873369 0.0956284 2 
0.0873295 0.0898046 2 
0.0872535 0.0898306 2 
0.087194 0.091157 2 
0.0870759 0.0885352 2 
0.0870569 0.0945347 2 
0.0870531 0.0947216 2 
0.0869838 0.0882597 2 
0.0869362 0.0944606 2 
0.0868956 0.0944213 2 
0.0868339 0.0945253 2 
0.0867959 0.0874109 2 
0.0867871 0.0870842 2 
0.0867771 0.0945289 2 
0.0867081 0.0936844 2 
0.0866839 0.0937904 2 
0.0866698 0.088538 2 
0.0864609 0.0937904 2 
0.0861539 0.0934985 2 
0.0861414 0.0915065 2 
0.0859817 0.0900767 2 
0.0859102 0.094206 2 
0.0858346 0.0887114 2 
0.0858153 0.0917863 2 
0.0857772 0.094206 2 
0.0855654 0.093981 2 
0.0851471 0.094474 2 
0.0479686 0.0490099 3 
0.0478818 0.0493352 3 
0.0473824 0.0483355 3 
0.0472468 0.0478367 3 
0.0470755 0.0486213 3 
0.0466341 0.047403 3 
0.0464443 0.0466407 3 
0.0460681 0.0468567 3 
0.0457717 0.0472258 3 
0.0457116 0.046544 3 
0.0456717 0.0461127 3 
0.045622 0.0463846 3 
0.0455715 0.0457713 3 
0.0455433 0.0468567 3 
0.0454308 0.0457752 3 
0.0454175 0.0455911 3 
0.0454123 0.0457678 3 
0.0453581 0.047639 3 
0.0452936 0.0468567 3 
0.0452784 0.0457949 3 
0.0451775 0.0454857 3 
0.0451688 0.0475027 3 
0.045121 0.045746 3 
0.045004 0.0453231 3 
0.0449292 0.0457713 3 
0.0449202 0.0450717 3 
0.0448926 0.0454187 3 
0.044876 0.0453776 3 
0.044732 0.0448393 3 
0.0446284 0.045016 3 
0.0445951 0.0463409 3 
0.0444932 0.0479293 3 
0.0444559 0.045689 3 
0.0444303 0.0462027 3 
0.0443187 0.044427 3 
0.0442783 0.0450608 3 
0.0442486 0.0443311 3 
0.0441794 0.046355 3 
0.0441272 0.0445898 3 
0.0440881 0.0445838 3 
0.0440759 0.0444795 3 
0.04399 0.0444966 3 
0.0439675 0.0450101 3 
0.0439582 0.0457942 3 
0.0439314 0.0458885 3 
0.0439266 0.0441273 3 
0.0438593 0.0471495 3 
0.0438097 0.0438674 3 
0.043707 0.0448731 3 
0.0437009 0.0447361 3 
0.0436225 0.0437183 3 
0.043588 0.0443442 3 
0.0435758 0.0447876 3 
0.0435258 0.0466441 3 
0.0434175 0.044241 3 
0.0434097 0.044483 3 
0.0434009 0.0445414 3 
0.0433319 0.0441948 3 
0.0433169 0.0435856 3 
0.0433095 0.0439447 3 
0.0432916 0.0438222 3 
0.0432395 0.0456919 3 
0.0431487 0.0437993 3 
0.0431482 0.0435632 3 
0.0430938 0.0442937 3 
0.0430572 0.0451623 3 
0.0430499 0.0448393 3 
0.0430393 0.0431761 3 
0.0430258 0.0443011 3 
0.0429858 0.0438001 3 
0.0428464 0.0454157 3 
0.0428414 0.0461807 3 
0.0428277 0.0440841 3 
0.0427654 0.0446492 3 
0.0427596 0.0450767 3 
0.0426802 0.0432655 3 
0.042658 0.0435883 3 
0.0426468 0.0446418 3 
0.0426004 0.0433792 3 
0.0425949 0.0451048 3 
0.0425341 0.0428541 3 
0.0425313 0.0446476 3 
0.0425037 0.0463056 3 
0.0425005 0.0449148 3 
0.0424849 0.0431832 3 
0.0424808 0.0431936 3 
0.0424697 0.0450433 3 
0.0424621 0.0429916 3 
0.0424608 0.0432977 3 
0.0424508 0.0469069 3 
0.0424373 0.0426276 3 
0.042377 0.0430155 3 
0.0423676 0.0461807 3 
0.0423517 0.0425189 3 
0.0423516 0.0429761 3 
0.04234 0.0455405 3 
0.0423148 0.0452036 3 
0.0423132 0.0437183 3 
0.0422988 0.0494114 3 
0.0422748 0.0427441 3 
0.0422743 0.0449996 3 
0.0422609 0.0477757 3 
0.0422562 0.0426778 3 
0.0421978 0.0432213 3 
0.0421879 0.044865 3 
0.042129 0.0460127 3 
0.0421033 0.0459235 3 
0.042081 0.0436432 3 
0.0420487 0.0422622 3 
0.0420423 0.0425137 3 
0.0420137 0.0435541 3 
0.0420046 0.0461058 3 
0.041952 0.0429744 3 
0.0419478 0.0420977 3 
0.0419438 0.0426851 3 
0.0419351 0.0436663 3 
0.0418919 0.0426137 3 
0.0418781 0.0448728 3 
0.0418759 0.042283 3 
0.0418462 0.0428761 3 
0.0418387 0.0431246 3 
0.0418285 0.0461296 3 
0.0418211 0.0442746 3 
0.0418116 0.0438708 3 
0.0417938 0.0429916 3 
0.0417915 0.0431433 3 
0.0417415 0.0423047 3 
0.0417264 0.0457252 3 
0.0417099 0.0418492 3 
0.0416901 0.0420349 3 
0.0416764 0.0422118 3 
0.0416635 0.0425716 3 
0.0416559 0.0428929 3 
0.0416194 0.0421309 3 
0.0415919 0.0441948 3 
0.0415801 0.0417926 3 
0.0415775 0.0425223 3 
0.0415663 0.0440257 3 
0.0415477 0.0442019 3 
0.0415428 0.0423919 3 
0.0415183 0.0419094 3 
0.041514 0.0437265 3 
0.0415005 0.0418113 3 
0.0414958 0.042997 3 
0.0414836 0.0433662 3 
0.0414635 0.0430632 3 
0.0414439 0.0426297 3 
0.0414286 0.0436663 3 
0.0413862 0.0427121 3 
0.0413841 0.0450767 3 
0.0413742 0.0440068 3 
0.0413563 0.042935 3 
0.0413385 0.0423919 3 
0.0413304 0.0417241 3 
0.0413275 0.0442937 3 
0.0413122 0.0421954 3 
0.041305 0.0431998 3 
0.0412832 0.0420349 3 
0.0412688 0.0430417 3 
0.0412492 0.0451702 3 
0.0412295 0.0441273 3 
0.0411952 0.0435883 3 
0.0411719 0.0434066 3 
0.0411678 0.0420494 3 
0.0410664 0.0445429 3 
0.0410442 0.0418654 3 
0.0410176 0.0425925 3 
0.0409811 0.0443011 3 
0.0409684 0.043509 3 
0.0409479 0.0430155 3 
0.0409415 0.0426633 3 
0.0409112 0.0438047 3 
0.0409111 0.0417363 3 
0.0409083 0.0452977 3 
0.0408944 0.042278 3 
0.0408424 0.0429761 3 
0.0408318 0.0440068 3 
0.0407583 0.0446492 3 
0.0407494 0.0416882 3 
0.0407458 0.0421219 3 
0.0407313 0.0414267 3 
0.0407271 0.0425388 3 
0.0407085 0.0429984 3 
0.0406885 0.042755 3 
0.0406874 0.0412744 3 
0.0406795 0.0414257 3 
0.0406633 0.0424446 3 
0.0406576 0.0421826 3 
0.0406216 0.0419646 3 
0.0406166 0.042283 3 
0.0405897 0.0412384 3 
0.0405875 0.044506 3 
0.0405765 0.0425537 3 
0.0405696 0.0407223 3 
0.0405616 0.0427039 3 
0.0405395 0.0408792 3 
0.0405291 0.0427764 3 
0.0405022 0.0407884 3 
0.0405014 0.0417241 3 
0.0404759 0.0446476 3 
0.0404654 0.0421809 3 
0.0404556 0.0440818 3 
0.0404445 0.0412422 3 
0.0404214 0.040477 3 
0.0403934 0.043797 3 
0.0403722 0.041447 3 
0.0403163 0.0437183 3 
0.0402844 0.0414249 3 
0.0402638 0.0422622 3 
0.0402498 0.0441508 3 
0.040232 0.0423649 3 
0.040229 0.0424025 3 
0.0402179 0.0428439 3 
0.0401919 0.0407902 3 
0.0401875 0.0424519 3 
0.0401766 0.0422646 3 
0.0401427 0.040515 3 
0.0401323 0.0413348 3 
0.0401055 0.0412601 3 
0.0400914 0.0422403 3 
0.0400665 0.0417926 3 
0.0400295 0.0415714 3 
0.0400248 0.0414267 3 
0.0400136 0.040343 3 
0.0400124 0.0422844 3 
0.0400078 0.0430417 3 
0.0399876 0.0442113 3 
0.0399538 0.044542 3 
0.0399522 0.042235 3 
0.039943 0.0423833 3 
0.0399387 0.0429319 3 
0.0399387 0.0432213 3 
0.0399334 0.0438685 3 
0.0398874 0.0411023 3 
0.0398838 0.0425223 3 
0.0398456 0.0424519 3 
0.0398044 0.0429984 3 
0.0397486 0.0426761 3 
0.0397001 0.039953 3 
0.0396677 0.0422213 3 
0.039622 0.0428541 3 
0.0395718 0.0412848 3 
0.0395067 0.0425189 3 
0.0395049 0.0400035 3 
0.0394419 0.0425189 3 
0.0394286 0.0425716 3 
0.0393314 0.0397805 3 
0.0392812 0.0425348 3 
0.0392686 0.0432655 3 
0.0392102 0.0418715 3 
0.039081 0.0431705 3 
0.0390234 0.0392573 3 
0.0389898 0.0420395 3 
0.0389573 0.0429319 3 
0.0389541 0.042935 3 
0.0389078 0.0420395 3 
0.0388849 0.0430417 3 
0.038805 0.0428214 3 
0.038754 0.0403299 3 
0.0387055 0.0421309 3 
0.0386501 0.0423065 3 
0.0386329 0.0412327 3 
0.0386274 0.0411864 3 
0.0385744 0.0428222 3 
0.0383436 0.0423065 3 
0.038294 0.0425727 3 
0.0381018 0.0422524 3 
0.0226568 0.0239712 4 
0.0226221 0.0232417 4 
0.0224316 0.0225503 4 
0.022413 0.0225503 4 
0.0223512 0.0229249 4 
0.0219156 0.0222437 4 
0.0218659 0.0223958 4 
0.0218198 0.0220579 4 
0.0217924 0.0221221 4 
0.0217356 0.0228876 4 
0.0216793 0.022178 4 
0.0216415 0.021704 4 
0.0215862 0.0227097 4 
0.0214285 0.0218543 4 
0.0213805 0.0219782 4 
0.0213796 0.0215957 4 
0.0213579 0.0221732 4 
0.0212244 0.0215469 4 
0.0211785 0.0212642 4 
0.0211701 0.0219796 4 
0.021165 0.0211872 4 
0.0211425 0.0211822 4 
0.0210969 0.0213333 4 
0.021096 0.0218858 4 
0.0210753 0.0214411 4 
0.0210634 0.0212995 4 
0.0210584 0.0220636 4 
0.0210532 0.0214429 4 
0.0210171 0.0220015 4 
0.0209621 0.02143 4 
0.0209209 0.0209287 4 
0.020917 0.0211781 4 
0.0208663 0.0223429 4 
0.0208524 0.0222478 4 
0.0208347 0.0211131 4 
0.0207968 0.0219562 4 
0.0207835 0.0221061 4 
0.0207534 0.0207668 4 
0.0207435 0.0216701 4 
0.0207295 0.021231 4 
0.0207293 0.0209805 4 
0.0207205 0.0213184 4 
0.0207135 0.0207803 4 
0.0207093 0.0210498 4 
0.020677 0.0221221 4 
0.0206572 0.0219562 4 
0.0206516 0.021454 4 
0.0206399 0.0219333 4 
0.0205948 0.0213631 4 
0.020583 0.022578 4 
0.0205819 0.0213358 4 
0.0205447 0.0214035 4 
0.0205228 0.0208387 4 
0.0205015 0.022594 4 
0.0204821 0.0230068 4 
0.0204794 0.0243656 4 
0.0204693 0.0206006 4 
0.0204567 0.0207041 4 
0.0204549 0.0219616 4 
0.0204497 0.0212806 4 
0.0204453 0.0222122 4 
0.0204374 0.0209889 4 
0.0203923 0.0210805 4 
0.0203819 0.0223938 4 
0.0203689 0.0204734 4 
0.0203658 0.0204298 4 
0.0203456 0.0205089 4 
0.0203246 0.0207041 4 
0.020323 0.0214172 4 
0.0203165 0.0209906 4 
0.0202987 0.0203082 4 
0.0202866 0.0207491 4 
0.0202245 0.0205089 4 
0.0201861 0.0204728 4 
0.020181 0.0207174 4 
0.0201656 0.0216741 4 
0.0201622 0.0209304 4 
0.0201362 0.0203852 4 
0.0201301 0.0209548 4 
0.0200907 0.0204975 4 
0.0200869 0.0214401 4 
0.0200843 0.0209805 4 
0.0200735 0.0200765 4 
0.0200712 0.0209823 4 
0.0200691 0.0206621 4 
0.0200529 0.0206146 4 
0.0200366 0.0200765 4 
0.0200093 0.0201989 4 
0.0199348 0.021392 4 
0.019934 0.0200087 4 
0.0199305 0.0202561 4 
0.0198761 0.0207729 4 
0.0198543 0.020596 4 
0.019848 0.0207337 4 
0.0198418 0.0207573 4 
0.0198287 0.0210195 4 
0.0198284 0.0214582 4 
0.0198281 0.0204299 4 
0.019823 0.0206856 4 
0.0198013 0.0200809 4 
0.0197871 0.0211641 4 
0.019784 0.0215707 4 
0.01978 0.0215773 4 
0.0197796 0.0205089 4 
0.0197731 0.0211822 4 
0.0197635 0.0201045 4 
0.0197586 0.0201401 4 
0.0197559 0.0203637 4 
0.019745 0.0211781 4 
0.0197411 0.0204262 4 
0.0197353 0.0206431 4 
0.0197217 0.0198371 4 
0.0197108 0.021538 4 
0.0197023 0.0209906 4 
0.0196769 0.0196771 4 
0.0196545 0.0214582 4 
0.0196475 0.0201524 4 
0.0196196 0.0200654 4 
0.0196073 0.0203751 4 
0.019605 0.0208878 4 
0.0195985 0.0203558 4 
0.0195687 0.0195932 4 
0.0195518 0.0198371 4 
0.019533 0.0210625 4 
0.0195305 0.0198447 4 
0.0195272 0.0199569 4 
0.0195063 0.0196667 4 
0.0194937 0.0205937 4 
0.0194793 0.01987 4 
0.0194638 0.0207923 4 
0.0194622 0.0206427 4 
0.0194619 0.0200433 4 
0.0194595 0.0211781 4 
0.019458 0.0203357 4 
0.0194185 0.0194341 4 
0.0194085 0.0197273 4 
0.0193809 0.0198447 4 
0.0193663 0.0197427 4 
0.0193608 0.0211442 4 
0.0193415 0.0211487 4 
0.0193406 0.0195604 4 
0.0193348 0.0195332 4 
0.0193236 0.0209653 4 
0.0193095 0.0197577 4 
0.0192928 0.020692 4 
0.01929 0.0197331 4 
0.0192797 0.0209613 4 
0.0192718 0.0193404 4 
0.0192608 0.019461 4 
0.0192483 0.019887 4 
0.0192411 0.0215903 4 
0.0192379 0.0197359 4 
0.0192359 0.0198981 4 
0.0192286 0.0202456 4 
0.0192064 0.0207718 4 
0.019183 0.019933 4 
0.0191788 0.0205217 4 
0.0191676 0.0202017 4 
0.0191334 0.019587 4 
0.0191026 0.0199683 4 
0.0190811 0.019887 4 
0.0190769 0.0207663 4 
0.0190718 0.019074 4 
0.0190621 0.0198447 4 
0.0190618 0.0197472 4 
0.0190581 0.0202 4 
0.0190441 0.0191931 4 
0.0190414 0.0194692 4 
0.0190252 0.0209261 4 
0.019014 0.0201524 4 
0.0190136 0.0203742 4 
0.0190017 0.0202183 4 
0.0189926 0.0201647 4 
0.0189728 0.0198677 4 
0.0189089 0.0203804 4 
0.0189032 0.0207718 4 
0.0188929 0.0205156 4 
0.0188929 0.0190042 4 
0.0188919 0.0198131 4 
0.0188811 0.0196121 4 
0.0188771 0.0192739 4 
0.0188719 0.019587 4 
0.0188487 0.0203867 4 
0.0188485 0.0199489 4 
0.0188262 0.0199334 4 
0.0188005 0.0202183 4 
0.0187958 0.0189093 4 
0.0187757 0.0198088 4 
0.0187385 0.0205569 4 
0.0187046 0.0205819 4 
0.0186724 0.0188194 4 
0.0186389 0.01894 4 
0.0185881 0.0202183 4 
0.0185818 0.0205453 4 
0.0185797 0.0214878 4 
0.0185387 0.0206431 4 
0.0184808 0.0185601 4 
0.0184615 0.0194076 4 
0.0184021 0.0198719 4 
0.0183988 0.0200484 4 
0.0183772 0.0200703 4 
0.0183733 0.0202136 4 
0.0183688 0.0195332 4 
0.0182806 0.0201548 4 
0.0182751 0.0202198 4 
0.0182686 0.0198131 4 
0.0182201 0.020432 4 
0.0181928 0.0205217 4 
0.0181381 0.0196661 4 
0.0181365 0.0202198 4 
0.0181222 0.0202469 4 
0.0180998 0.0196771 4 
0.018036 0.0202561 4 
0.0179976 0.0191415 4 
0.0178307 0.0204922 4 
0.0176785 0.0197179 4 
0.011692 0.0120397 5 
0.0112398 0.0112863 5 
0.0111798 0.0112105 5 
0.011143 0.0116031 5 
0.0109317 0.0112832 5 
0.0108545 0.0111584 5 
0.0107332 0.0107697 5 
0.0107285 0.0108435 5 
0.0107052 0.0108905 5 
0.0106973 0.0108324 5 
0.0106915 0.011006 5 
0.0106905 0.0108208 5 
0.0106802 0.0110477 5 
0.0106514 0.0108458 5 
0.010651 0.0107271 5 
0.0106336 0.0107305 5 
0.0105816 0.0110729 5 
0.0105635 0.0107101 5 
0.0105522 0.0110833 5 
0.0105169 0.0109644 5 
0.0104887 0.0105729 5 
0.0104575 0.0104804 5 
0.0104451 0.0108083 5 
0.010438 0.0114103 5 
0.0104323 0.0106964 5 
0.0104095 0.0106854 5 
0.0104056 0.0106687 5 
0.0104051 0.010644 5 
0.0103745 0.0108753 5 
0.0103691 0.0107883 5 
0.0103441 0.0106191 5 
0.0103433 0.0109832 5 
0.0103338 0.0109392 5 
0.0103183 0.0110207 5 
0.0103141 0.0104227 5 
0.0102988 0.0104855 5 
0.010273 0.0105164 5 
0.0102454 0.0104818 5 
0.0102159 0.0107581 5 
0.0102073 0.011157 5 
0.0101618 0.0103914 5 
0.0101471 0.0123081 5 
0.0101467 0.0107185 5 
0.0101066 0.0105051 5 
0.0100787 0.0101567 5 
0.0100698 0.0113061 5 
0.0100613 0.0104469 5 
0.0100518 0.010101 5 
0.0100515 0.0102833 5 
0.0100181 0.0100839 5 
0.0100124 0.0102106 5 
0.0100113 0.0105231 5 
0.00997427 0.0100528 5 
0.0099646 0.0104338 5 
0.00996418 0.010194 5 
0.00996015 0.0101496 5 
0.00994899 0.0099888 5 
0.00994616 0.0107328 5 
0.00993476 0.0104315 5 
0.009925 0.0105808 5 
0.00992041 0.010013 5 
0.00991724 0.0108428 5 
0.00991562 0.0102151 5 
0.00990927 0.0103026 5 
0.00990621 0.0103648 5 
0.00988733 0.0110212 5 
0.00987971 0.0106925 5 
0.00986651 0.0104841 5 
0.00984835 0.00988209 5 
0.00983652 0.0102851 5 
0.00982328 0.0104988 5 
0.00981166 0.00999202 5 
0.00980885 0.010292 5 
0.00980861 0.00993242 5 
0.00980037 0.00999921 5 
0.00979269 0.0100254 5 
0.00978924 0.0101964 5 
0.00977585 0.0105732 5 
0.00977217 0.00994877 5 
0.00976001 0.00983269 5 
0.00974873 0.0104041 5 
0.00973098 0.0100024 5 
0.00971625 0.0101622 5 
0.00971457 0.0097554 5 
0.00970285 0.0099888 5 
0.00969079 0.0104804 5 
0.00968644 0.0102856 5 
0.00966718 0.0100917 5 
0.00966351 0.00973858 5 
0.00966268 0.00998538 5 
0.00964825 0.0104126 5 
0.00964213 0.00993454 5 
0.00962362 0.0109756 5 
0.00961511 0.00976042 5 
0.00959771 0.010065 5 
0.00958029 0.0102954 5 
0.00956464 0.010034 5 
0.00956247 0.00977299 5 
0.0095596 0.00992056 5 
0.00955728 0.00994816 5 
0.00955495 0.00979706 5 
0.00955049 0.00961045 5 
0.00953793 0.00993242 5 
0.00952803 0.0100892 5 
0.00952133 0.00960942 5 
0.00951854 0.010353 5 
0.00949778 0.0107305 5 
0.00949477 0.0097389 5 
0.00949384 0.00954113 5 
0.00947898 0.00955517 5 
0.00947651 0.010257 5 
0.00946202 0.0103085 5 
0.00944956 0.00947452 5 
0.00943363 0.00994877 5 
0.00941687 0.00965931 5 
0.00940105 0.00955095 5 
0.00939995 0.009656 5 
0.0093968 0.00980548 5 
0.00939437 0.00941855 5 
0.00939271 0.00991808 5 
0.00938266 0.00965238 5 
0.00936417 0.0100215 5 
0.00936308 0.00952941 5 
0.0093629 0.0098709 5 
0.00935247 0.0102349 5 
0.009319 0.00935054 5 
0.00930922 0.00980548 5 
0.00930909 0.00991327 5 
0.00930826 0.0107582 5 
0.00929954 0.0102039 5 
0.00929602 0.00958965 5 
0.00927749 0.0100859 5 
0.00927728 0.0094363 5 
0.00926171 0.00973089 5 
0.00925526 0.0102883 5 
0.00924343 0.0095545 5 
0.00922799 0.00956209 5 
0.0092217 0.0100266 5 
0.00921802 0.00951567 5 
0.00921727 0.0099624 5 
0.00920268 0.00941762 5 
0.00920204 0.0099624 5 
0.00919967 0.00937232 5 
0.00919801 0.00950937 5 
0.00919594 0.00922841 5 
0.00918521 0.00962476 5 
0.00918263 0.00923588 5 
0.00916911 0.0097686 5 
0.00915649 0.00961484 5 
0.00915427 0.00925043 5 
0.00914801 0.0105254 5 
0.00913177 0.0100013 5 
0.00913057 0.0101586 5 
0.00912798 0.0100024 5 
0.00912657 0.0092565 5 
0.00910851 0.010356 5 
0.00910432 0.00976891 5 
0.00910156 0.00975689 5 
0.00909921 0.00953714 5 
0.00908391 0.00931713 5 
0.00908185 0.00911538 5 
0.00907596 0.00980548 5 
0.0090571 0.0101029 5 
0.00905048 0.00986443 5 
0.00903836 0.00981064 5 
0.00903742 0.0103157 5 
0.00902434 0.0101586 5 
0.00901908 0.00992025 5 
0.00895104 0.00934766 5 
0.00892826 0.00923588 5 
0.00889024 0.00935388 5 
0.00887534 0.0106726 5 
0.00885851 0.00961387 5 
0.0088582 0.0101118 5 
0.00884443 0.0099225 5 
0.00883315 0.0100815 5 
0.00882097 0.00966063 5 
0.00880917 0.00912343 5 
0.00879879 0.00979131 5 
0.00878908 0.0099235 5 
0.00868321 0.00999921 5 
0.00867758 0.00998123 5 
0.0086589 0.0102761 5 
0.00865397 0.00941352 5 
0.00859013 0.00934713 5 
0.00858439 0.00947802 5 
0.00848251 0.00859902 5 
0.0057754 0.00599739 6 
0.00565425 0.00593503 6 
0.00561799 0.00578647 6 
0.0055888 0.00571206 6 
0.00556364 0.00560813 6 
0.00554754 0.0055789 6 
0.00552368 0.00553708 6 
0.00552222 0.00553217 6 
0.00551392 0.00553105 6 
0.00549337 0.00560913 6 
0.00548475 0.00554464 6 
0.00545295 0.00561533 6 
0.00540971 0.00585937 6 
0.00539916 0.00546638 6 
0.00537221 0.00537372 6 
0.00536514 0.00553773 6 
0.00536105 0.00552081 6 
0.00535706 0.00540456 6 
0.00534535 0.00547696 6 
0.00533388 0.0053393 6 
0.00533282 0.00559685 6 
0.00532294 0.00537225 6 
0.00530925 0.00536601 6 
0.00527634 0.00573138 6 
0.00527149 0.00549973 6 
0.00523551 0.00536312 6 
0.00523205 0.00625587 6 
0.00522471 0.00543332 6 
0.0052079 0.00538564 6 
0.0052008 0.0056119 6 
0.0051976 0.00533781 6 
0.00517849 0.00526642 6 
0.00512689 0.00514209 6 
0.00512084 0.00546025 6 
0.0051073 0.00533781 6 
0.00509751 0.0054485 6 
0.00509739 0.00518859 6 
0.00508753 0.00514209 6 
0.00508722 0.00527594 6 
0.00508366 0.00510385 6 
0.00508294 0.00518451 6 
0.00507255 0.0055204 6 
0.00506724 0.0050974 6 
0.00506667 0.0053393 6 
0.00506201 0.00507599 6 
0.00505196 0.00563982 6 
0.00504581 0.00519495 6 
0.00504252 0.0054485 6 
0.00504203 0.00522836 6 
0.00503745 0.00560813 6 
0.00503114 0.00530197 6 
0.00503112 0.00524401 6 
0.00501299 0.00506503 6 
0.00500845 0.00509992 6 
0.00498712 0.00501446 6 
0.00498216 0.005096 6 
0.00497878 0.00503123 6 
0.00496698 0.00558583 6 
0.00496221 0.00512674 6 
0.00495757 0.00498167 6 
0.0049441 0.00518234 6 
0.00493992 0.0050318 6 
0.00493619 0.00528449 6 
0.00493342 0.00533584 6 
0.00492499 0.00496572 6 
0.00490615 0.00494052 6 
0.00489928 0.00496167 6 
0.00489541 0.00519586 6 
0.00488673 0.00506176 6 
0.00488659 0.00530369 6 
0.00488651 0.00490113 6 
0.0048804 0.00514622 6 
0.00486252 0.00495083 6 
0.00485696 0.00525898 6 
0.00485366 0.004946 6 
0.00484361 0.00490371 6 
0.00484036 0.00500722 6 
0.00483919 0.00486887 6 
0.00483075 0.00571206 6 
0.00480313 0.00490787 6 
0.00480129 0.00523988 6 
0.00480088 0.00482071 6 
0.00478215 0.00492632 6 
0.00478201 0.00557228 6 
0.00477585 0.00490982 6 
0.0047637 0.00490345 6 
0.00476078 0.00486477 6 
0.00475882 0.00501725 6 
0.00475393 0.0047702 6 
0.00475041 0.00500105 6 
0.00474557 0.00502754 6 
0.00474165 0.00487008 6 
0.00473201 0.00475922 6 
0.00472776 0.00487143 6 
0.00471949 0.00504336 6 
0.00470729 0.0048986 6 
0.00470651 0.00517835 6 
0.00470272 0.0048986 6 
0.00469046 0.0048044 6 
0.00467652 0.00517386 6 
0.00466879 0.00486477 6 
0.0046581 0.00526001 6 
0.00465678 0.00505329 6 
0.00465648 0.00486757 6 
0.00465553 0.00466623 6 
0.00465512 0.00495031 6 
0.00464308 0.00479152 6 
0.00464007 0.00496572 6 
0.00463917 0.00483559 6 
0.00463842 0.00495493 6 
0.0046145 0.00487077 6 
0.00460496 0.00509356 6 
0.00460345 0.00495926 6 
0.00459788 0.00480458 6 
0.00459749 0.00530676 6 
0.00459334 0.00461328 6 
0.00459258 0.00461721 6 
0.00459247 0.00533195 6 
0.00459181 0.0049632 6 
0.00458768 0.00475105 6 
0.00458106 0.0050865 6 
0.00458031 0.0046045 6 
0.00457683 0.00492706 6 
0.00457383 0.00459452 6 
0.0045731 0.00473681 6 
0.00456921 0.00469344 6 
0.00455786 0.00497437 6 
0.00455299 0.00473021 6 
0.00454263 0.00464731 6 
0.0045413 0.00479954 6 
0.00453952 0.00468522 6 
0.00453917 0.00466339 6 
0.00451111 0.00540207 6 
0.00450903 0.00483719 6 
0.00450267 0.00470461 6 
0.00449686 0.00509101 6 
0.00449616 0.005096 6 
0.00448017 0.00486477 6 
0.00447994 0.00458505 6 
0.00447273 0.00493311 6 
0.0044714 0.00490787 6 
0.00446543 0.00501383 6 
0.00445259 0.00487686 6 
0.00444975 0.0050632 6 
0.00444764 0.00497612 6 
0.00443817 0.00463402 6 
0.00443203 0.00482624 6 
0.00442827 0.0050632 6 
0.00442272 0.00478372 6 
0.00441225 0.0048814 6 
0.00440381 0.00525898 6 
0.00439607 0.00507018 6 
0.00439365 0.00507402 6 
0.00437149 0.00484261 6 
0.00434231 0.00484898 6 
0.00433356 0.00487951 6 
0.00431583 0.00516332 6 
0.0042897 0.00466318 6 
0.00428277 0.00461721 6 
0.00427338 0.00493017 6 
0.00425235 0.0049632 6 
0.00424248 0.00460846 6 
0.00418425 0.00460846 6 
0.00415355 0.00426305 6 
0.00303135 0.00306635 7 
0.00300126 0.00309163 7 
0.002972 0.00305538 7 
0.00293701 0.00295186 7 
0.00286429 0.00289224 7 
0.00285518 0.00292961 7 
0.00284931 0.00306471 7 
0.00284373 0.00287336 7 
0.00279327 0.00281407 7 
0.00279234 0.00284298 7 
0.00277287 0.00282036 7 
0.00277137 0.00278393 7 
0.00277042 0.00282036 7 
0.00275238 0.00278736 7 
0.00275097 0.00322773 7 
0.00274629 0.00290448 7 
0.00273397 0.00293703 7 
0.00270809 0.00286556 7 
0.00269753 0.00288482 7 
0.00269697 0.00280041 7 
0.00269199 0.00274287 7 
0.00267104 0.0028477 7 
0.00266233 0.00269567 7 
0.00265712 0.0027778 7 
0.00265642 0.00268172 7 
0.00264486 0.00276867 7 
0.00263821 0.00269567 7 
0.00263108 0.00288212 7 
0.00262597 0.00284692 7 
0.00262463 0.00282036 7 
0.00262124 0.00269034 7 
0.00261717 0.00261922 7 
0.00260831 0.00289656 7 
0.00260735 0.00269305 7 
0.0026017 0.00260975 7 
0.00259334 0.00269277 7 
0.00258846 0.00282786 7 
0.0025664 0.00260115 7 
0.00255713 0.00259234 7 
0.00255623 0.0027101 7 
0.00254766 0.00261067 7 
0.00254693 0.0026618 7 
0.00254023 0.0025847 7 
0.00253638 0.00297001 7 
0.00253295 0.00266603 7 
0.00252651 0.002616 7 
0.00252489 0.00253895 7 
0.0025243 0.00284281 7 
0.00251852 0.00278833 7 
0.00250568 0.00251117 7 
0.00250408 0.00251979 7 
0.00249736 0.00255532 7 
0.00249474 0.00261635 7 
0.00249347 0.00265591 7 
0.00247881 0.00249968 7 
0.0024766 0.00248093 7 
0.00247588 0.00262972 7 
0.00247411 0.0025216 7 
0.0024688 0.00264505 7 
0.0024655 0.00246573 7 
0.00246172 0.00266603 7 
0.00245532 0.00245696 7 
0.00245401 0.00260978 7 
0.00242961 0.00252521 7 
0.00242838 0.00267219 7 
0.00242595 0.00284052 7 
0.00242313 0.00255532 7 
0.00241616 0.00265128 7 
0.00240367 0.00242376 7 
0.00239815 0.00255762 7 
0.00239713 0.00246358 7 
0.00239565 0.00240166 7 
0.00239411 0.00247178 7 
0.0023936 0.00247376 7 
0.0023813 0.00245148 7 
0.00237833 0.00243116 7 
0.0023761 0.00239015 7 
0.00237503 0.00253108 7 
0.00237462 0.00249224 7 
0.00236895 0.00270596 7 
0.00236739 0.00267107 7 
0.00236689 0.00251037 7 
0.00236667 0.00241814 7 
0.00236501 0.00246573 7 
0.00236161 0.00259479 7 
0.00235469 0.00240982 7 
0.00235395 0.00248221 7 
0.00234861 0.00240601 7 
0.00234594 0.00247156 7 
0.00234369 0.00253975 7 
0.00234305 0.00242262 7 
0.00234108 0.00256216 7 
0.00233521 0.00248704 7 
0.00232656 0.00246298 7 
0.00232476 0.00257585 7 
0.00232466 0.0023414 7 
0.00232146 0.00233699 7 
0.00231861 0.00238488 7 
0.0023044 0.00267479 7 
0.0023032 0.00252418 7 
0.00230291 0.00250287 7 
0.00230103 0.00248156 7 
0.00229795 0.00251193 7 
0.00229253 0.00279702 7 
0.00229127 0.00254278 7 
0.00228427 0.00255529 7 
0.00228264 0.00239427 7 
0.00228048 0.00229407 7 
0.0022802 0.00241884 7 
0.00227871 0.00244246 7 
0.00227588 0.00253442 7 
0.00227377 0.00262747 7 
0.00226595 0.0023633 7 
0.00226394 0.00226842 7 
0.00225556 0.00234368 7 
0.00225354 0.00245696 7 
0.00225061 0.00242424 7 
0.00224988 0.00244487 7 
0.00224931 0.00246495 7 
0.00224652 0.00247622 7 
0.00224437 0.00233699 7 
0.00223601 0.00270848 7 
0.00222579 0.00246165 7 
0.00221859 0.00257059 7 
0.00220676 0.00223235 7 
0.00219954 0.00234893 7 
0.00219885 0.00242353 7 
0.00219788 0.00236875 7 
0.00219548 0.00261304 7 
0.00219065 0.00233705 7 
0.0021825 0.00242424 7 
0.00217996 0.00256971 7 
0.00217168 0.00251193 7 
0.00216391 0.00243542 7 
0.00216159 0.00251193 7 
0.00215556 0.00246298 7 
0.00215288 0.00247363 7 
0.00214383 0.00229982 7 
0.00212415 0.00248156 7 
0.00210007 0.00215458 7 
0.00209631 0.00229982 7 
0.00162175 0.00166298 8 
0.00158181 0.00159921 8 
0.00156474 0.00157147 8 
0.00151996 0.0016261 8 
0.00149907 0.00155914 8 
0.00149048 0.00150419 8 
0.0014584 0.00149448 8 
0.0014482 0.00168668 8 
0.00144325 0.0014493 8 
0.00143243 0.0015233 8 
0.00143237 0.00151264 8 
0.00142769 0.00143342 8 
0.00142152 0.00150481 8 
0.00141867 0.00148798 8 
0.00141419 0.0014616 8 
0.00141069 0.00146162 8 
0.00140759 0.00147226 8 
0.00139015 0.00147937 8 
0.0013897 0.00141365 8 
0.00138326 0.00152144 8 
0.00137946 0.00149324 8 
0.00137884 0.00138222 8 
0.00136809 0.00140363 8 
0.00136784 0.00150842 8 
0.00136624 0.00137894 8 
0.00136537 0.00141982 8 
0.00136491 0.00142155 8 
0.00136372 0.00147226 8 
0.00135096 0.00153124 8 
0.00134811 0.00135998 8 
0.00134755 0.00141479 8 
0.00134334 0.00148317 8 
0.00133647 0.00136609 8 
0.00132604 0.0013515 8 
0.00132309 0.00133253 8 
0.00131284 0.00134549 8 
0.00130973 0.00132727 8 
0.00130887 0.00139472 8 
0.00130787 0.0013095 8 
0.00129926 0.00145229 8 
0.00129848 0.00146349 8 
0.00129534 0.00131616 8 
0.00129191 0.00136998 8 
0.00128995 0.00136575 8 
0.00128932 0.00137894 8 
0.00128884 0.00134998 8 
0.00128855 0.00133175 8 
0.00128686 0.00129333 8 
0.00128308 0.0013329 8 
0.00127981 0.00133143 8 
0.00127717 0.00128367 8 
0.00127297 0.00133906 8 
0.00127167 0.00136676 8 
0.00126708 0.0014691 8 
0.0012573 0.0013329 8 
0.00125322 0.00134549 8 
0.00125113 0.00126111 8 
0.00124703 0.00124725 8 
0.0012408 0.00125088 8 
0.00124005 0.00138214 8 
0.00123461 0.0013444 8 
0.00123177 0.00124552 8 
0.0012313 0.00124792 8 
0.0012308 0.00129732 8 
0.00122681 0.00132285 8 
0.00122533 0.00125718 8 
0.00122403 0.00137994 8 
0.00122173 0.00124736 8 
0.00121835 0.00125469 8 
0.00121685 0.0012554 8 
0.00121291 0.0012301 8 
0.00121212 0.00129182 8 
0.0012116 0.00126381 8 
0.00121 0.00129182 8 
0.00120875 0.00126023 8 
0.00120752 0.00130919 8 
0.0012055 0.00121748 8 
0.0012044 0.00126194 8 
0.00120332 0.00143031 8 
0.00119795 0.00124234 8 
0.00119409 0.001276 8 
0.00119296 0.00131075 8 
0.00119261 0.0012019 8 
0.00119051 0.00131306 8 
0.00118968 0.00121748 8 
0.00118514 0.00125421 8 
0.00118046 0.00128926 8 
0.00117814 0.00127361 8 
0.00117686 0.00134338 8 
0.00117438 0.00129213 8 
0.00117371 0.00135669 8 
0.00117018 0.00120889 8 
0.00117005 0.0013002 8 
0.00116892 0.0012019 8 
0.00116655 0.00130639 8 
0.00116421 0.00119473 8 
0.00116378 0.00133809 8 
0.00116369 0.00125764 8 
0.00116164 0.00125735 8 
0.00116133 0.0012471 8 
0.00115901 0.0012339 8 
0.00115202 0.0012587 8 
0.00115177 0.0013956 8 
0.00114825 0.0012554 8 
0.00114763 0.00121118 8 
0.00114549 0.00122149 8 
0.0011426 0.00127009 8 
0.00113764 0.00125775 8 
0.00113737 0.00118894 8 
0.00113548 0.00134418 8 
0.00113299 0.00132483 8 
0.00112974 0.00114277 8 
0.00112398 0.00116994 8 
0.00112378 0.00121541 8 
0.00112263 0.00123967 8 
0.00112219 0.00117111 8 
0.00111915 0.00117111 8 
0.00111355 0.00121172 8 
0.00110664 0.00125639 8 
0.00110151 0.00116649 8 
0.00110137 0.00124234 8 
0.00109912 0.00122063 8 
0.0010979 0.00126043 8 
0.00109739 0.00125585 8 
0.00109246 0.00116649 8 
0.00108279 0.00110502 8 
0.00107904 0.00127787 8 
0.00107852 0.00127478 8 
0.00107827 0.00128577 8 
0.000883469 0.000886804 9 
0.000850236 0.000854735 9 
0.000819372 0.000852924 9 
0.000793686 0.000832492 9 
0.00078782 0.000793628 9 
0.000768669 0.000891015 9 
0.000765652 0.000801218 9 
0.000763157 0.000789565 9 
0.000761286 0.000778192 9 
0.00075702 0.000797943 9 
0.000754964 0.000792334 9 
0.000754221 0.000776825 9 
0.000746661 0.000774562 9 
0.000742728 0.000771749 9 
0.000735306 0.000809918 9 
0.000727497 0.000788468 9 
0.000724993 0.000726642 9 
0.000724913 0.000740684 9 
0.00072483 0.000800532 9 
0.000722291 0.000763235 9 
0.000718756 0.000719522 9 
0.000717428 0.000765638 9 
0.000716687 0.000726642 9 
0.000711031 0.000730862 9 
0.000708835 0.000793117 9 
0.000707479 0.000732872 9 
0.000707075 0.000713052 9 
0.000706141 0.000751666 9 
0.000705858 0.000725792 9 
0.000703358 0.00078488 9 
0.000700934 0.00070638 9 
0.000695053 0.000713155 9 
0.000689842 0.000708756 9 
0.000685854 0.000707216 9 
0.000681059 0.000697102 9 
0.00068064 0.000690198 9 
0.00067857 0.000726396 9 
0.000676363 0.000763964 9 
0.000674919 0.000682871 9 
0.000674722 0.000761282 9 
0.000673659 0.0007183 9 
0.000672985 0.000713052 9 
0.000670136 0.000703066 9 
0.000669376 0.000751243 9 
0.000669228 0.000681344 9 
0.000664563 0.000668547 9 
0.00065897 0.000706424 9 
0.000658151 0.000703066 9 
0.000657019 0.000714151 9 
0.000655641 0.000678406 9 
0.000655634 0.000692757 9 
0.000652181 0.000705327 9 
0.000646923 0.00068776 9 
0.000646525 0.000668547 9 
0.000643874 0.000685466 9 
0.000642353 0.000648626 9 
0.000642023 0.00071962 9 
0.000640711 0.000652364 9 
0.000639756 0.000738088 9 
0.000637883 0.000646617 9 
0.000635613 0.00067957 9 
0.00063483 0.000690606 9 
0.000634582 0.000644165 9 
0.000630674 0.000648626 9 
0.000630387 0.000684963 9 
0.000629888 0.000692964 9 
0.000628471 0.00067957 9 
0.000628269 0.00063461 9 
0.000627362 0.000684891 9 
0.000623061 0.000633824 9 
0.00062107 0.000641231 9 
0.00061932 0.000624654 9 
0.000617948 0.000637497 9 
0.000614884 0.000649643 9 
0.000614619 0.000679968 9 
0.000609166 0.000625802 9 
0.000608664 0.000617747 9 
0.000607762 0.000664744 9 
0.00060715 0.000716342 9 
0.000606179 0.000625802 9 
0.000605717 0.000631209 9 
0.000604618 0.000614899 9 
0.000604165 0.00068776 9 
0.000603965 0.000649875 9 
0.000601316 0.000627171 9 
0.000601077 0.00068794 9 
0.000600518 0.000661777 9 
0.000600405 0.00071142 9 
0.000599135 0.000660521 9 
0.000598891 0.000676621 9 
0.000598294 0.000690991 9 
0.000598138 0.000612491 9 
0.000597214 0.000656034 9 
0.000597187 0.000619088 9 
0.00059692 0.000649643 9 
0.000595803 0.000624654 9 
0.000595415 0.000701556 9 
0.000594714 0.00063461 9 
0.000594122 0.000615127 9 
0.000592695 0.000645015 9 
0.000589265 0.000633818 9 
0.000587002 0.000674881 9 
0.000586119 0.000679843 9 
0.000585867 0.000637729 9 
0.000582764 0.000583447 9 
0.000582457 0.000640399 9 
0.00058041 0.000584371 9 
0.000579837 0.000593467 9 
0.000578307 0.000599928 9 
0.000574438 0.000642576 9 
0.000574343 0.000642576 9 
0.000573671 0.000599928 9 
0.000572982 0.000650902 9 
0.000572956 0.000636924 9 
0.000571004 0.000591112 9 
0.000570208 0.000616227 9 
0.000565127 0.000573279 9 
0.00056454 0.000632951 9 
0.000561933 0.000633824 9 
0.000555411 0.000663215 9 
0.000554774 0.000616923 9 
0.000553665 0.000661651 9 
0.000546322 0.000647734 9 
