0.524139 0.541569 0 
0.523874 0.544203 0 
0.523616 0.537726 0 
0.523413 0.542516 0 
0.523152 0.543293 0 
0.522506 0.54297 0 
0.522393 0.538672 0 
0.522238 0.543978 0 
0.521925 0.542436 0 
0.521757 0.542946 0 
0.521715 0.523423 0 
0.521428 0.543382 0 
0.521257 0.541841 0 
0.521165 0.544056 0 
0.520948 0.543549 0 
0.52073 0.541769 0 
0.520703 0.542863 0 
0.520675 0.54154 0 
0.520665 0.545141 0 
0.520466 0.542784 0 
0.520238 0.545075 0 
0.520236 0.522357 0 
0.520208 0.539101 0 
0.520153 0.54182 0 
0.519942 0.542516 0 
0.519832 0.538301 0 
0.51965 0.519722 0 
0.519513 0.545281 0 
0.519438 0.542124 0 
0.519434 0.545419 0 
0.519403 0.545261 0 
0.519375 0.543971 0 
0.519343 0.542961 0 
0.519313 0.538869 0 
0.519282 0.519781 0 
0.519244 0.542495 0 
0.519227 0.543768 0 
0.519091 0.544684 0 
0.519062 0.5418 0 
0.519051 0.544428 0 
0.518984 0.542724 0 
0.518914 0.521831 0 
0.518894 0.520126 0 
0.518886 0.541012 0 
0.518872 0.541 0 
0.518805 0.537726 0 
0.518704 0.54497 0 
0.518649 0.54436 0 
0.518613 0.519172 0 
0.518573 0.546249 0 
0.518561 0.537726 0 
0.518536 0.518945 0 
0.51853 0.54395 0 
0.518425 0.542109 0 
0.518404 0.519402 0 
0.518399 0.518819 0 
0.51838 0.520542 0 
0.518363 0.543293 0 
0.51832 0.518549 0 
0.518318 0.538301 0 
0.518225 0.541675 0 
0.518189 0.542685 0 
0.518181 0.542961 0 
0.518146 0.519732 0 
0.518133 0.538301 0 
0.518053 0.519732 0 
0.518035 0.540675 0 
0.518027 0.547081 0 
0.517981 0.541258 0 
0.517893 0.522337 0 
0.517886 0.547472 0 
0.517869 0.543971 0 
0.517859 0.543251 0 
0.517854 0.517944 0 
0.517775 0.541012 0 
0.517741 0.545157 0 
0.517717 0.520678 0 
0.517651 0.52012 0 
0.517641 0.547177 0 
0.517598 0.544004 0 
0.517557 0.518714 0 
0.517509 0.52012 0 
0.517488 0.518584 0 
0.517471 0.537726 0 
0.51747 0.543567 0 
0.517468 0.54265 0 
0.517447 0.541647 0 
0.517446 0.522483 0 
0.517431 0.544514 0 
0.517421 0.54517 0 
0.517383 0.537726 0 
0.517294 0.542516 0 
0.517283 0.518291 0 
0.517269 0.519567 0 
0.517253 0.544514 0 
0.517242 0.544684 0 
0.517242 0.544347 0 
0.517203 0.544315 0 
0.51717 0.543678 0 
0.517124 0.542783 0 
0.51711 0.518584 0 
0.517093 0.544007 0 
0.517069 0.548085 0 
0.517063 0.520415 0 
0.517043 0.518983 0 
0.517039 0.545756 0 
0.516987 0.541646 0 
0.516979 0.546844 0 
0.516958 0.518399 0 
0.516809 0.541879 0 
0.516775 0.541949 0 
0.516772 0.521419 0 
0.516758 0.546238 0 
0.516755 0.544818 0 
0.516742 0.543849 0 
0.516715 0.540527 0 
0.516692 0.538301 0 
0.516683 0.516842 0 
0.516622 0.542001 0 
0.516584 0.541349 0 
0.516578 0.517242 0 
0.516527 0.518523 0 
0.516451 0.541853 0 
0.516423 0.520437 0 
0.516412 0.519182 0 
0.516387 0.545713 0 
0.516233 0.544398 0 
0.516217 0.545741 0 
0.516183 0.542961 0 
0.516168 0.543726 0 
0.516164 0.545035 0 
0.516159 0.520505 0 
0.51614 0.516197 0 
0.516129 0.542037 0 
0.516128 0.541787 0 
0.516121 0.517109 0 
0.516071 0.520494 0 
0.516017 0.545263 0 
0.515996 0.516072 0 
0.515944 0.517872 0 
0.515896 0.518973 0 
0.515827 0.515838 0 
0.515817 0.516568 0 
0.515786 0.54154 0 
0.515743 0.54436 0 
0.51573 0.521339 0 
0.515695 0.519064 0 
0.515638 0.546581 0 
0.515637 0.515721 0 
0.515633 0.518187 0 
0.51563 0.516945 0 
0.515622 0.542221 0 
0.51562 0.542882 0 
0.515619 0.544614 0 
0.515603 0.520961 0 
0.515557 0.518762 0 
0.515553 0.519828 0 
0.515517 0.517291 0 
0.515515 0.516275 0 
0.515512 0.517708 0 
0.515477 0.543768 0 
0.515353 0.54303 0 
0.515301 0.516687 0 
0.515288 0.51824 0 
0.515248 0.519689 0 
0.515238 0.546894 0 
0.51523 0.520126 0 
0.515221 0.51524 0 
0.515216 0.517794 0 
0.515202 0.543539 0 
0.515201 0.516169 0 
0.515184 0.519056 0 
0.515177 0.540339 0 
0.515115 0.516202 0 
0.515112 0.541787 0 
0.51511 0.517793 0 
0.515102 0.540632 0 
0.515085 0.545599 0 
0.515073 0.540736 0 
0.515041 0.517492 0 
0.514983 0.544008 0 
0.51491 0.518484 0 
0.51491 0.543539 0 
0.514905 0.518366 0 
0.514861 0.548151 0 
0.514846 0.52012 0 
0.514831 0.519126 0 
0.514818 0.542685 0 
0.514812 0.542241 0 
0.514778 0.521453 0 
0.514765 0.539783 0 
0.514757 0.518956 0 
0.514653 0.514827 0 
0.514639 0.521719 0 
0.514595 0.54303 0 
0.514572 0.517114 0 
0.514561 0.543663 0 
0.514559 0.516198 0 
0.514474 0.519626 0 
0.514464 0.518484 0 
0.514457 0.518453 0 
0.514448 0.517872 0 
0.514343 0.546615 0 
0.514323 0.54311 0 
0.514304 0.519193 0 
0.514276 0.519159 0 
0.514206 0.521134 0 
0.514192 0.521515 0 
0.514081 0.519781 0 
0.514068 0.544247 0 
0.51405 0.54497 0 
0.51403 0.515343 0 
0.514025 0.514517 0 
0.514014 0.516687 0 
0.514007 0.515156 0 
0.514005 0.514152 0 
0.513983 0.541853 0 
0.513917 0.542785 0 
0.51391 0.544789 0 
0.513883 0.545132 0 
0.513874 0.519256 0 
0.513869 0.51851 0 
0.513863 0.540736 0 
0.513841 0.544763 0 
0.513781 0.517242 0 
0.51377 0.516929 0 
0.513663 0.517539 0 
0.513663 0.519866 0 
0.513637 0.521466 0 
0.51361 0.514398 0 
0.513592 0.542221 0 
0.513578 0.514337 0 
0.513566 0.518553 0 
0.513551 0.516814 0 
0.513518 0.538902 0 
0.513516 0.541949 0 
0.513498 0.538301 0 
0.513474 0.544052 0 
0.513384 0.54449 0 
0.513365 0.516586 0 
0.513329 0.52039 0 
0.513315 0.52088 0 
0.513304 0.541949 0 
0.513298 0.542516 0 
0.513285 0.542037 0 
0.513276 0.518695 0 
0.513269 0.517755 0 
0.513238 0.520615 0 
0.513183 0.518223 0 
0.51317 0.546609 0 
0.513156 0.520596 0 
0.51315 0.540647 0 
0.513143 0.541675 0 
0.513125 0.542882 0 
0.513104 0.522337 0 
0.513103 0.540339 0 
0.513098 0.520487 0 
0.513069 0.544346 0 
0.512955 0.537726 0 
0.512951 0.515872 0 
0.512931 0.538672 0 
0.512907 0.542037 0 
0.512901 0.542685 0 
0.512899 0.514794 0 
0.51287 0.543768 0 
0.512859 0.545472 0 
0.512855 0.540504 0 
0.512847 0.523115 0 
0.512844 0.541675 0 
0.512837 0.521171 0 
0.512835 0.519258 0 
0.512774 0.543755 0 
0.512769 0.54182 0 
0.512763 0.519626 0 
0.512759 0.537842 0 
0.512728 0.519683 0 
0.512699 0.537842 0 
0.512699 0.545263 0 
0.512683 0.518584 0 
0.512658 0.542787 0 
0.512655 0.54436 0 
0.512644 0.540339 0 
0.512633 0.538869 0 
0.512612 0.54791 0 
0.51256 0.543237 0 
0.51252 0.514269 0 
0.512502 0.547177 0 
0.512474 0.513164 0 
0.512458 0.543889 0 
0.512437 0.543549 0 
0.512351 0.540504 0 
0.512318 0.513596 0 
0.512294 0.54311 0 
0.512277 0.543887 0 
0.512271 0.516097 0 
0.512269 0.542882 0 
0.512253 0.545472 0 
0.512188 0.541258 0 
0.512174 0.542961 0 
0.512172 0.541045 0 
0.512157 0.520437 0 
0.51211 0.542863 0 
0.512029 0.540647 0 
0.512019 0.54154 0 
0.512011 0.540527 0 
0.512011 0.540516 0 
0.511996 0.540675 0 
0.511986 0.544012 0 
0.511981 0.512718 0 
0.511958 0.549082 0 
0.511914 0.515321 0 
0.511862 0.514517 0 
0.511835 0.544283 0 
0.511809 0.543572 0 
0.511782 0.539783 0 
0.511767 0.545172 0 
0.511754 0.54717 0 
0.51175 0.517142 0 
0.511749 0.538672 0 
0.511669 0.541258 0 
0.51165 0.543978 0 
0.511636 0.542042 0 
0.511635 0.511704 0 
0.511605 0.544045 0 
0.511599 0.542109 0 
0.511588 0.542966 0 
0.511566 0.543293 0 
0.511536 0.547241 0 
0.511509 0.543505 0 
0.511471 0.517612 0 
0.511428 0.540647 0 
0.511405 0.541045 0 
0.5114 0.540527 0 
0.511343 0.518343 0 
0.511328 0.545743 0 
0.511287 0.543726 0 
0.511258 0.546989 0 
0.511131 0.544403 0 
0.511074 0.542001 0 
0.511074 0.542124 0 
0.511059 0.518343 0 
0.511042 0.540632 0 
0.510974 0.546039 0 
0.510955 0.538672 0 
0.510894 0.545263 0 
0.510883 0.5135 0 
0.510865 0.541 0 
0.510859 0.543237 0 
0.510845 0.548104 0 
0.510838 0.549631 0 
0.510823 0.541879 0 
0.510816 0.542818 0 
0.510814 0.542783 0 
0.510725 0.51388 0 
0.510631 0.54311 0 
0.510606 0.542558 0 
0.510511 0.513082 0 
0.510496 0.540868 0 
0.510359 0.544445 0 
0.510338 0.541569 0 
0.51027 0.543786 0 
0.510211 0.544056 0 
0.51021 0.544398 0 
0.510188 0.546102 0 
0.51013 0.543971 0 
0.510105 0.541569 0 
0.5101 0.543889 0 
0.510086 0.515539 0 
0.510055 0.54702 0 
0.509911 0.544895 0 
0.509744 0.54497 0 
0.509704 0.545795 0 
0.509701 0.545242 0 
0.50969 0.544614 0 
0.509687 0.545604 0 
0.509524 0.549739 0 
0.50949 0.546134 0 
0.509474 0.546139 0 
0.509379 0.55284 0 
0.509131 0.545827 0 
0.508921 0.547961 0 
0.508649 0.550929 0 
0.508504 0.546615 0 
0.508162 0.545794 0 
0.508078 0.545026 0 
0.50791 0.553124 0 
0.2223 0.231441 1 
0.219508 0.22508 1 
0.219218 0.228116 1 
0.219212 0.224058 1 
0.218905 0.22967 1 
0.218835 0.229955 1 
0.218818 0.228407 1 
0.218775 0.226627 1 
0.218764 0.228457 1 
0.218698 0.231544 1 
0.218472 0.223646 1 
0.218262 0.225385 1 
0.218236 0.228006 1 
0.218067 0.224154 1 
0.217972 0.224173 1 
0.217589 0.225485 1 
0.217586 0.22591 1 
0.217573 0.225485 1 
0.217536 0.230437 1 
0.217524 0.223999 1 
0.217515 0.230409 1 
0.217375 0.233133 1 
0.217372 0.22632 1 
0.21737 0.230803 1 
0.217318 0.230356 1 
0.217292 0.23276 1 
0.217164 0.224599 1 
0.217063 0.232458 1 
0.217045 0.22799 1 
0.217042 0.229765 1 
0.21691 0.240534 1 
0.216901 0.225486 1 
0.216731 0.225691 1 
0.216725 0.223405 1 
0.21659 0.227035 1 
0.216564 0.230381 1 
0.216518 0.228472 1 
0.216495 0.230104 1 
0.216482 0.22436 1 
0.216475 0.227193 1 
0.216401 0.227506 1 
0.216359 0.233769 1 
0.216314 0.226185 1 
0.216309 0.232364 1 
0.216269 0.228649 1 
0.21625 0.232731 1 
0.216248 0.23247 1 
0.216151 0.224574 1 
0.216027 0.225664 1 
0.21583 0.227315 1 
0.215815 0.22889 1 
0.21574 0.228006 1 
0.215733 0.219197 1 
0.215615 0.219197 1 
0.215613 0.224278 1 
0.215537 0.227794 1 
0.215501 0.222254 1 
0.215446 0.227839 1 
0.215445 0.232246 1 
0.215444 0.230138 1 
0.21541 0.22591 1 
0.215405 0.223323 1 
0.215373 0.226908 1 
0.21537 0.232457 1 
0.21533 0.224485 1 
0.21525 0.235775 1 
0.215237 0.226191 1 
0.215204 0.22471 1 
0.215145 0.218574 1 
0.215111 0.231068 1 
0.215091 0.229407 1 
0.215077 0.228885 1 
0.215077 0.237358 1 
0.215053 0.224427 1 
0.215033 0.223018 1 
0.214981 0.227035 1 
0.214919 0.229992 1 
0.214877 0.23276 1 
0.214713 0.228176 1 
0.214619 0.240666 1 
0.214613 0.233393 1 
0.214605 0.232582 1 
0.214588 0.226901 1 
0.214511 0.222985 1 
0.214504 0.225485 1 
0.214445 0.230235 1 
0.21444 0.226582 1 
0.214364 0.222488 1 
0.214358 0.224141 1 
0.214285 0.225664 1 
0.214242 0.228446 1 
0.214232 0.228262 1 
0.214221 0.228772 1 
0.214189 0.229467 1 
0.214178 0.225691 1 
0.214169 0.234658 1 
0.214164 0.218574 1 
0.214161 0.227085 1 
0.21412 0.224278 1 
0.21408 0.214162 1 
0.213963 0.220113 1 
0.213961 0.218574 1 
0.213866 0.224884 1 
0.21384 0.226195 1 
0.213832 0.229342 1 
0.213698 0.224312 1 
0.213664 0.225691 1 
0.213613 0.22799 1 
0.213558 0.222488 1 
0.213554 0.226974 1 
0.213526 0.227193 1 
0.213477 0.220605 1 
0.213455 0.226332 1 
0.213446 0.231363 1 
0.213339 0.229606 1 
0.21333 0.226249 1 
0.213231 0.229163 1 
0.213054 0.218574 1 
0.213051 0.232155 1 
0.213024 0.227514 1 
0.213023 0.219197 1 
0.213022 0.219393 1 
0.213013 0.23018 1 
0.212994 0.225266 1 
0.212907 0.22572 1 
0.212871 0.228457 1 
0.212816 0.227161 1 
0.2128 0.215109 1 
0.212773 0.222051 1 
0.212756 0.212903 1 
0.212706 0.224244 1 
0.212632 0.225654 1 
0.212631 0.225589 1 
0.212547 0.230138 1 
0.212506 0.226908 1 
0.21248 0.222254 1 
0.212443 0.224173 1 
0.212443 0.226692 1 
0.212326 0.228446 1 
0.212307 0.227162 1 
0.212287 0.224485 1 
0.212176 0.227688 1 
0.212161 0.226063 1 
0.212078 0.212265 1 
0.212041 0.22591 1 
0.21204 0.222717 1 
0.211898 0.228353 1 
0.211886 0.226974 1 
0.211806 0.227837 1 
0.211751 0.212487 1 
0.211707 0.225654 1 
0.211489 0.234861 1 
0.211489 0.225485 1 
0.211422 0.223999 1 
0.211413 0.211787 1 
0.211411 0.227035 1 
0.211354 0.229596 1 
0.211337 0.211696 1 
0.211319 0.224228 1 
0.211269 0.227193 1 
0.21108 0.214473 1 
0.211055 0.225691 1 
0.211032 0.224058 1 
0.210982 0.211719 1 
0.210927 0.214726 1 
0.210913 0.225589 1 
0.210841 0.211072 1 
0.210833 0.211622 1 
0.210794 0.224798 1 
0.210778 0.226908 1 
0.21076 0.21196 1 
0.210752 0.232798 1 
0.21073 0.229699 1 
0.210629 0.214248 1 
0.210626 0.212141 1 
0.210617 0.228407 1 
0.210544 0.213453 1 
0.210529 0.210967 1 
0.210505 0.211476 1 
0.210474 0.224599 1 
0.210461 0.227161 1 
0.210404 0.227606 1 
0.2104 0.224154 1 
0.210379 0.212755 1 
0.210376 0.230611 1 
0.210336 0.224798 1 
0.210315 0.212027 1 
0.210236 0.212027 1 
0.210145 0.227711 1 
0.210114 0.223646 1 
0.209972 0.222919 1 
0.20991 0.220605 1 
0.209825 0.223405 1 
0.209809 0.209937 1 
0.20972 0.211796 1 
0.209719 0.214328 1 
0.209651 0.214806 1 
0.2096 0.210676 1 
0.209581 0.219197 1 
0.209571 0.210311 1 
0.209558 0.210201 1 
0.209546 0.225266 1 
0.209518 0.231646 1 
0.209493 0.210041 1 
0.209376 0.212739 1 
0.209217 0.227999 1 
0.20918 0.213796 1 
0.20907 0.223189 1 
0.209024 0.209901 1 
0.209003 0.229596 1 
0.208964 0.213042 1 
0.208913 0.226974 1 
0.208894 0.222051 1 
0.208892 0.213273 1 
0.208809 0.222985 1 
0.208795 0.211253 1 
0.20877 0.226055 1 
0.20877 0.211388 1 
0.208718 0.23006 1 
0.208682 0.219197 1 
0.208675 0.212113 1 
0.208626 0.227484 1 
0.208583 0.210375 1 
0.208561 0.229374 1 
0.208545 0.226185 1 
0.208523 0.212269 1 
0.208511 0.230027 1 
0.208479 0.212885 1 
0.208465 0.226173 1 
0.208453 0.223646 1 
0.208395 0.226675 1 
0.208259 0.214763 1 
0.208229 0.208757 1 
0.208149 0.222919 1 
0.208035 0.213834 1 
0.208014 0.224244 1 
0.207979 0.230085 1 
0.207971 0.208662 1 
0.207966 0.226951 1 
0.207948 0.226191 1 
0.207898 0.230126 1 
0.207855 0.207949 1 
0.207846 0.212782 1 
0.207815 0.224278 1 
0.207795 0.210131 1 
0.207792 0.212242 1 
0.207775 0.20909 1 
0.207721 0.210187 1 
0.2077 0.220605 1 
0.207675 0.207962 1 
0.207669 0.211826 1 
0.207658 0.224173 1 
0.207516 0.210975 1 
0.207503 0.232246 1 
0.207497 0.210031 1 
0.207478 0.221646 1 
0.207396 0.214587 1 
0.207358 0.20965 1 
0.207306 0.227228 1 
0.207282 0.218348 1 
0.207281 0.221541 1 
0.207276 0.221541 1 
0.207216 0.208302 1 
0.207171 0.224058 1 
0.207092 0.209673 1 
0.207057 0.22803 1 
0.207023 0.208216 1 
0.206978 0.218574 1 
0.2069 0.226542 1 
0.206872 0.220605 1 
0.206852 0.210935 1 
0.206847 0.22889 1 
0.20678 0.211577 1 
0.20675 0.21542 1 
0.206716 0.208541 1 
0.206697 0.226901 1 
0.206666 0.222505 1 
0.206658 0.208214 1 
0.206537 0.226675 1 
0.206535 0.224872 1 
0.20642 0.21089 1 
0.206416 0.230235 1 
0.206364 0.212231 1 
0.206338 0.225266 1 
0.206333 0.206818 1 
0.206309 0.222712 1 
0.206307 0.22703 1 
0.206276 0.210562 1 
0.206172 0.225495 1 
0.206137 0.220113 1 
0.206095 0.222254 1 
0.206026 0.210042 1 
0.206015 0.226284 1 
0.205903 0.209818 1 
0.205903 0.205983 1 
0.205884 0.211798 1 
0.205853 0.218348 1 
0.205805 0.209022 1 
0.205792 0.222834 1 
0.205788 0.210263 1 
0.205769 0.227506 1 
0.205746 0.221646 1 
0.205734 0.223189 1 
0.20572 0.228457 1 
0.205661 0.218574 1 
0.205619 0.228854 1 
0.205579 0.208235 1 
0.205545 0.224488 1 
0.205488 0.206201 1 
0.205458 0.210442 1 
0.205363 0.210648 1 
0.205348 0.222505 1 
0.205345 0.209022 1 
0.205341 0.222051 1 
0.205298 0.208351 1 
0.205277 0.22252 1 
0.205273 0.22703 1 
0.205229 0.225718 1 
0.20522 0.211699 1 
0.205199 0.224141 1 
0.205151 0.222505 1 
0.205151 0.21316 1 
0.20515 0.205678 1 
0.205136 0.222717 1 
0.205115 0.223018 1 
0.205042 0.228728 1 
0.204928 0.206094 1 
0.204915 0.22252 1 
0.204818 0.208875 1 
0.204806 0.225654 1 
0.204776 0.207939 1 
0.204707 0.210213 1 
0.204642 0.225917 1 
0.204605 0.226385 1 
0.204535 0.222834 1 
0.204532 0.22704 1 
0.204529 0.205343 1 
0.204246 0.224599 1 
0.20407 0.20501 1 
0.204054 0.20895 1 
0.203763 0.219972 1 
0.107246 0.10732 2 
0.104441 0.112656 2 
0.103559 0.107777 2 
0.103301 0.105904 2 
0.102876 0.105185 2 
0.102867 0.108948 2 
0.102638 0.104061 2 
0.102562 0.10391 2 
0.102558 0.10494 2 
0.102467 0.105574 2 
0.102357 0.104665 2 
0.102093 0.106659 2 
0.101635 0.106312 2 
0.101617 0.110117 2 
0.101413 0.104205 2 
0.101382 0.10488 2 
0.101311 0.101413 2 
0.101226 0.102176 2 
0.101001 0.10425 2 
0.100989 0.111905 2 
0.10087 0.105226 2 
0.100746 0.106703 2 
0.100694 0.101717 2 
0.100686 0.106555 2 
0.100675 0.103566 2 
0.100675 0.101119 2 
0.100546 0.10221 2 
0.100356 0.107127 2 
0.100351 0.101549 2 
0.100259 0.105417 2 
0.100142 0.101793 2 
0.10014 0.101508 2 
0.100037 0.105228 2 
0.0999794 0.10689 2 
0.0999794 0.100424 2 
0.0999783 0.100639 2 
0.0999733 0.103351 2 
0.0998899 0.10274 2 
0.0997029 0.107696 2 
0.0996786 0.103913 2 
0.0995511 0.100639 2 
0.0994766 0.107794 2 
0.0994682 0.10183 2 
0.0994647 0.102918 2 
0.0993735 0.10439 2 
0.0993418 0.102791 2 
0.0991942 0.0995757 2 
0.0990312 0.10391 2 
0.0990258 0.106718 2 
0.0989985 0.101807 2 
0.0989141 0.102053 2 
0.0988091 0.0999114 2 
0.098781 0.0996863 2 
0.0987334 0.101241 2 
0.0986911 0.101976 2 
0.0986126 0.103204 2 
0.098546 0.104681 2 
0.0985167 0.102641 2 
0.0985109 0.104045 2 
0.0984841 0.10294 2 
0.0983938 0.101983 2 
0.0983585 0.105434 2 
0.0983287 0.101612 2 
0.0983251 0.102977 2 
0.0982827 0.100441 2 
0.0981407 0.107542 2 
0.0980858 0.104681 2 
0.0979854 0.0990622 2 
0.0979357 0.0990811 2 
0.0979168 0.104545 2 
0.0978145 0.0982409 2 
0.0977987 0.102256 2 
0.0977865 0.100762 2 
0.097769 0.103806 2 
0.0977587 0.100489 2 
0.0976224 0.101587 2 
0.0975947 0.102901 2 
0.0975631 0.104474 2 
0.0975399 0.103113 2 
0.0975058 0.100143 2 
0.0974871 0.10024 2 
0.0973906 0.102851 2 
0.0972793 0.101241 2 
0.0972562 0.098123 2 
0.0971795 0.10141 2 
0.097127 0.0992506 2 
0.0971166 0.0994737 2 
0.0971074 0.102249 2 
0.0970919 0.10183 2 
0.0970868 0.0996545 2 
0.0970725 0.10488 2 
0.0970232 0.0985302 2 
0.0970121 0.0995618 2 
0.0969771 0.101005 2 
0.0969581 0.0995925 2 
0.0969087 0.0973247 2 
0.0968732 0.102047 2 
0.0968455 0.102071 2 
0.096722 0.0967414 2 
0.0967091 0.100143 2 
0.096697 0.100339 2 
0.0964867 0.100235 2 
0.0964808 0.10183 2 
0.0964231 0.101679 2 
0.0963286 0.100896 2 
0.0963281 0.0993771 2 
0.0962226 0.10065 2 
0.0962085 0.102382 2 
0.0961847 0.100913 2 
0.096158 0.100878 2 
0.0961518 0.102176 2 
0.0960111 0.0986912 2 
0.0959093 0.100878 2 
0.0958161 0.0990725 2 
0.0958158 0.102977 2 
0.0956624 0.100913 2 
0.0956455 0.100424 2 
0.0956322 0.0988468 2 
0.0955851 0.0969448 2 
0.0955016 0.0978899 2 
0.0954637 0.1049 2 
0.0954473 0.105234 2 
0.0953822 0.104717 2 
0.0953409 0.10065 2 
0.0953347 0.0955028 2 
0.0952999 0.100441 2 
0.0952697 0.095547 2 
0.0952503 0.0982037 2 
0.0952435 0.0995618 2 
0.0952271 0.100095 2 
0.0951625 0.0982409 2 
0.0951604 0.0985639 2 
0.0951088 0.0957162 2 
0.0951055 0.102131 2 
0.0950178 0.102851 2 
0.0950141 0.100143 2 
0.0948921 0.0967083 2 
0.094846 0.101612 2 
0.0948399 0.10141 2 
0.0948178 0.0955933 2 
0.0947487 0.0968998 2 
0.0947321 0.0987836 2 
0.0946443 0.102961 2 
0.0946253 0.100876 2 
0.0946187 0.0952817 2 
0.0945407 0.0947966 2 
0.0944874 0.0998895 2 
0.0943803 0.0966465 2 
0.0943288 0.0984229 2 
0.0942964 0.104214 2 
0.094241 0.0966427 2 
0.0942407 0.0943121 2 
0.0940519 0.0944988 2 
0.0940218 0.0970732 2 
0.0940048 0.0970732 2 
0.0940041 0.100023 2 
0.0939756 0.0944755 2 
0.0939144 0.0980357 2 
0.0938814 0.101612 2 
0.0938787 0.0976951 2 
0.0938763 0.0993771 2 
0.0936917 0.0987694 2 
0.0936556 0.102009 2 
0.0935963 0.0964378 2 
0.0935837 0.09447 2 
0.0935427 0.0942538 2 
0.0935372 0.100851 2 
0.0935223 0.0987694 2 
0.093469 0.098321 2 
0.093382 0.103364 2 
0.0933781 0.100851 2 
0.093345 0.0970732 2 
0.093343 0.0953279 2 
0.0932541 0.0950353 2 
0.0932167 0.103916 2 
0.0931943 0.103492 2 
0.0931917 0.0963223 2 
0.093127 0.102244 2 
0.0930808 0.101549 2 
0.0930657 0.101976 2 
0.0928783 0.104938 2 
0.0928551 0.0975475 2 
0.0928429 0.103015 2 
0.0927895 0.092893 2 
0.0927825 0.0962093 2 
0.0927553 0.0931367 2 
0.0927441 0.0946424 2 
0.0927379 0.0933465 2 
0.0927359 0.0973247 2 
0.0926912 0.0972162 2 
0.0926261 0.0983865 2 
0.0926181 0.103233 2 
0.0925558 0.100023 2 
0.0925375 0.101106 2 
0.0925099 0.102131 2 
0.0924819 0.102131 2 
0.0924053 0.100804 2 
0.0924028 0.104681 2 
0.0922871 0.0985302 2 
0.0922572 0.0950318 2 
0.0922555 0.0981658 2 
0.0922094 0.0930772 2 
0.0921657 0.0942446 2 
0.0921265 0.0996331 2 
0.0919561 0.0945923 2 
0.0919149 0.0979367 2 
0.0918891 0.0949092 2 
0.0918201 0.0939782 2 
0.0918088 0.0992506 2 
0.0918052 0.0947108 2 
0.0917913 0.0945547 2 
0.0917808 0.0931144 2 
0.0917777 0.10024 2 
0.0917358 0.102539 2 
0.0916884 0.101334 2 
0.0916313 0.0937118 2 
0.0916179 0.100762 2 
0.091602 0.0921916 2 
0.0916016 0.0951579 2 
0.0915868 0.095445 2 
0.0915712 0.0952715 2 
0.0915514 0.0988468 2 
0.0915277 0.098321 2 
0.091518 0.0955994 2 
0.0915151 0.0959031 2 
0.0914958 0.0940442 2 
0.0914082 0.101106 2 
0.0912927 0.0989291 2 
0.0912744 0.0913002 2 
0.0912739 0.101714 2 
0.0912638 0.0914532 2 
0.0912405 0.101717 2 
0.0912382 0.0917353 2 
0.0912293 0.0928849 2 
0.0911395 0.0985639 2 
0.0911097 0.0990725 2 
0.0910886 0.0981781 2 
0.0910587 0.102382 2 
0.0910461 0.0958685 2 
0.0910045 0.0990811 2 
0.0909088 0.0930537 2 
0.0909023 0.0952817 2 
0.0908717 0.0910192 2 
0.090802 0.0962173 2 
0.0907504 0.0977641 2 
0.0907089 0.0966212 2 
0.0906809 0.10065 2 
0.0906807 0.093978 2 
0.0906058 0.0925601 2 
0.0905724 0.0911483 2 
0.090542 0.100762 2 
0.0905035 0.0979372 2 
0.0905013 0.0916766 2 
0.0904666 0.0947966 2 
0.0903803 0.101747 2 
0.0903746 0.10163 2 
0.0903721 0.0993479 2 
0.0903133 0.0912783 2 
0.0902844 0.0973247 2 
0.0902793 0.0909502 2 
0.0902305 0.0983865 2 
0.0901732 0.0916766 2 
0.0901398 0.0977641 2 
0.0901216 0.0978879 2 
0.0901189 0.0990622 2 
0.0900768 0.0924879 2 
0.0900551 0.0965114 2 
0.0899861 0.0949956 2 
0.089885 0.0977834 2 
0.0898741 0.0928057 2 
0.0898371 0.0951869 2 
0.0898342 0.0903076 2 
0.0898111 0.100664 2 
0.0896975 0.100266 2 
0.0896525 0.0941002 2 
0.0896478 0.0936023 2 
0.0896467 0.0970732 2 
0.089626 0.101445 2 
0.0894373 0.0978879 2 
0.0893497 0.0943921 2 
0.0892247 0.0908772 2 
0.0892159 0.0942361 2 
0.0890926 0.0897182 2 
0.0890344 0.0978879 2 
0.0889948 0.099444 2 
0.0889778 0.0929528 2 
0.0889368 0.0981756 2 
0.0888642 0.101241 2 
0.088729 0.0941092 2 
0.0887089 0.0902984 2 
0.0887049 0.0893481 2 
0.088695 0.0910771 2 
0.0885812 0.10024 2 
0.0885348 0.0985833 2 
0.0883996 0.0942681 2 
0.0883755 0.0915113 2 
0.0883305 0.0886449 2 
0.0879978 0.0905111 2 
0.0877975 0.0885243 2 
0.0876631 0.0954082 2 
0.0535068 0.0553797 3 
0.0525905 0.0528716 3 
0.0524964 0.0530043 3 
0.0517426 0.0517603 3 
0.0511678 0.0537469 3 
0.0506153 0.051496 3 
0.050298 0.0542157 3 
0.0500927 0.0514012 3 
0.0500894 0.0520768 3 
0.0500504 0.0510027 3 
0.0492985 0.0507774 3 
0.0491704 0.0498272 3 
0.0491597 0.0496655 3 
0.0491249 0.0516573 3 
0.0491206 0.0517472 3 
0.049078 0.0492953 3 
0.0488858 0.0502156 3 
0.0488585 0.0495089 3 
0.0487364 0.0491198 3 
0.0486843 0.0513304 3 
0.0486577 0.0524852 3 
0.0485755 0.0489473 3 
0.0485286 0.050494 3 
0.0484286 0.0486825 3 
0.0483451 0.0500577 3 
0.0482583 0.04894 3 
0.0482448 0.0503658 3 
0.0480093 0.048727 3 
0.0479331 0.0482394 3 
0.0479155 0.0494699 3 
0.0478855 0.0495089 3 
0.0478542 0.0517499 3 
0.0478307 0.0483912 3 
0.0478255 0.0489984 3 
0.0478235 0.0488265 3 
0.047765 0.048294 3 
0.0477157 0.049298 3 
0.0477023 0.0485136 3 
0.0476863 0.0497544 3 
0.0476281 0.0483333 3 
0.0476253 0.0482054 3 
0.0475307 0.0482414 3 
0.0474802 0.048112 3 
0.0474372 0.0475947 3 
0.0473338 0.0475337 3 
0.0472984 0.0488009 3 
0.0470925 0.0505956 3 
0.0469808 0.0475862 3 
0.0469457 0.0487499 3 
0.0469259 0.048157 3 
0.0468696 0.0478799 3 
0.0468657 0.04821 3 
0.0468538 0.0478221 3 
0.0468275 0.0475522 3 
0.0467845 0.0468779 3 
0.0466796 0.0487457 3 
0.0465164 0.0467033 3 
0.046431 0.0467159 3 
0.0464029 0.0479781 3 
0.0463881 0.0479357 3 
0.0463813 0.0486987 3 
0.0463544 0.0484251 3 
0.0462439 0.0482054 3 
0.0461973 0.0469471 3 
0.0461791 0.0475319 3 
0.0461763 0.0469471 3 
0.0461595 0.0472065 3 
0.0461589 0.0475319 3 
0.0461025 0.0493979 3 
0.0460922 0.0467831 3 
0.0460348 0.0474462 3 
0.046005 0.0498277 3 
0.0459965 0.0463716 3 
0.045887 0.0477028 3 
0.0458433 0.050286 3 
0.0458357 0.0467308 3 
0.0457217 0.0495849 3 
0.0456612 0.0478799 3 
0.0456156 0.0482088 3 
0.04561 0.0463579 3 
0.0455833 0.047039 3 
0.0455825 0.0475522 3 
0.0455341 0.0495371 3 
0.0454795 0.048771 3 
0.0454768 0.0472914 3 
0.0454695 0.0463579 3 
0.0454524 0.0459911 3 
0.0454142 0.0470541 3 
0.0452838 0.0462621 3 
0.0452731 0.048104 3 
0.0452166 0.0467159 3 
0.0452162 0.0454002 3 
0.0450955 0.0458422 3 
0.045095 0.0473063 3 
0.0450849 0.048294 3 
0.0450474 0.0464673 3 
0.0449631 0.0452604 3 
0.0448902 0.045538 3 
0.0448293 0.0472722 3 
0.0448022 0.0463772 3 
0.0447613 0.0450243 3 
0.0446819 0.0470541 3 
0.0446651 0.045648 3 
0.0446579 0.0465088 3 
0.0446419 0.049409 3 
0.0446159 0.0462516 3 
0.044562 0.0482394 3 
0.0445177 0.0459097 3 
0.0445157 0.0464906 3 
0.0444578 0.048498 3 
0.0444187 0.0449809 3 
0.0444164 0.0452622 3 
0.0444131 0.0449241 3 
0.0443731 0.0485833 3 
0.0443295 0.0506124 3 
0.0442776 0.0454648 3 
0.0442535 0.0481329 3 
0.0441968 0.0466533 3 
0.0441932 0.0456176 3 
0.0441459 0.0474636 3 
0.0441366 0.0468779 3 
0.0441206 0.0462994 3 
0.0441194 0.0458125 3 
0.0441059 0.0483596 3 
0.0441048 0.0458496 3 
0.0440998 0.0473063 3 
0.0440383 0.0470684 3 
0.0439192 0.048104 3 
0.0438684 0.0458391 3 
0.0438673 0.0469611 3 
0.043865 0.046628 3 
0.0438405 0.0474462 3 
0.0438289 0.0482054 3 
0.0438255 0.0461504 3 
0.043819 0.0477886 3 
0.043776 0.0439811 3 
0.0437589 0.0465121 3 
0.043744 0.0454648 3 
0.0437257 0.0454963 3 
0.0436956 0.0442305 3 
0.0436876 0.0498277 3 
0.043657 0.0456981 3 
0.0436547 0.0437467 3 
0.0436065 0.0451782 3 
0.0435814 0.0473208 3 
0.043524 0.0450013 3 
0.0435116 0.0439869 3 
0.0434585 0.0437252 3 
0.0434371 0.047346 3 
0.0434087 0.0466533 3 
0.0434085 0.0482054 3 
0.0433819 0.0465547 3 
0.0433815 0.0478598 3 
0.0433464 0.0494274 3 
0.0433365 0.0452352 3 
0.04324 0.043944 3 
0.0432211 0.0441521 3 
0.043217 0.044723 3 
0.0431824 0.048178 3 
0.0431676 0.0458496 3 
0.0431524 0.0474462 3 
0.0431232 0.0474636 3 
0.0430972 0.0459911 3 
0.0430893 0.0439693 3 
0.0430627 0.0454134 3 
0.0430386 0.0457218 3 
0.0430179 0.0451534 3 
0.0429852 0.0482088 3 
0.042927 0.0460104 3 
0.0429135 0.0449194 3 
0.0429103 0.0460768 3 
0.0428992 0.0453097 3 
0.0428782 0.0456046 3 
0.0428546 0.0476644 3 
0.0428457 0.0465519 3 
0.0428262 0.0476999 3 
0.0428129 0.0431297 3 
0.0427777 0.0430418 3 
0.0427497 0.0439772 3 
0.0427289 0.0460787 3 
0.0427247 0.0449366 3 
0.0427218 0.0465519 3 
0.0426526 0.0439048 3 
0.0426205 0.0475522 3 
0.0426099 0.0465739 3 
0.042598 0.0461008 3 
0.0425958 0.0458211 3 
0.0425646 0.0461446 3 
0.0425635 0.0459635 3 
0.0425438 0.0454767 3 
0.0424072 0.0429718 3 
0.0423988 0.0475319 3 
0.0423962 0.044808 3 
0.0423908 0.0429718 3 
0.0423753 0.0436487 3 
0.042371 0.046316 3 
0.0423415 0.0434336 3 
0.0423308 0.046348 3 
0.0423149 0.0426735 3 
0.0423058 0.0424295 3 
0.0422777 0.0428865 3 
0.0422182 0.0458228 3 
0.0421912 0.0450013 3 
0.0421574 0.0456995 3 
0.0421141 0.0470007 3 
0.0420771 0.0456771 3 
0.0420591 0.0455593 3 
0.042028 0.042468 3 
0.0420103 0.0479781 3 
0.0419633 0.0466048 3 
0.0419369 0.0428421 3 
0.0418992 0.0467437 3 
0.0418683 0.0419065 3 
0.0418364 0.0420554 3 
0.0418337 0.0448355 3 
0.0417294 0.0455796 3 
0.041678 0.0424575 3 
0.0416544 0.0422816 3 
0.0416071 0.045538 3 
0.0416015 0.0425834 3 
0.0415973 0.0453097 3 
0.0415844 0.0473063 3 
0.0415628 0.0466883 3 
0.0414882 0.0481459 3 
0.0414615 0.0419196 3 
0.0414521 0.0443216 3 
0.0413505 0.0425785 3 
0.0413158 0.0451331 3 
0.0413022 0.0455796 3 
0.0412158 0.0459408 3 
0.0410398 0.0426643 3 
0.0410315 0.0423887 3 
0.0409572 0.0416428 3 
0.0409257 0.0418715 3 
0.0408702 0.0422208 3 
0.0407303 0.0428865 3 
0.0407208 0.0413124 3 
0.0406027 0.0445273 3 
0.0405777 0.0428287 3 
0.040485 0.0459635 3 
0.0404153 0.040708 3 
0.0402673 0.0417371 3 
0.0402524 0.0457065 3 
0.0401277 0.0410822 3 
0.0267521 0.0271785 4 
0.0260282 0.0260864 4 
0.0257983 0.0269616 4 
0.0252624 0.025447 4 
0.025242 0.0259417 4 
0.0251162 0.025654 4 
0.0250586 0.0259417 4 
0.0248675 0.0251814 4 
0.024847 0.0252268 4 
0.0248311 0.0251836 4 
0.0247588 0.0264478 4 
0.0247201 0.0247279 4 
0.0245439 0.0267783 4 
0.0241542 0.0243344 4 
0.0241492 0.0248603 4 
0.0241009 0.0242126 4 
0.024079 0.0244247 4 
0.0239284 0.0258309 4 
0.0238317 0.023919 4 
0.0237214 0.0250276 4 
0.0237212 0.0238947 4 
0.0236207 0.0240359 4 
0.0236063 0.0238272 4 
0.0235818 0.0236522 4 
0.0235468 0.0244142 4 
0.023533 0.0239383 4 
0.0234941 0.0236727 4 
0.0234873 0.0236537 4 
0.023418 0.0247814 4 
0.0233387 0.0237682 4 
0.0233332 0.0233784 4 
0.0233189 0.0239033 4 
0.0232925 0.0247794 4 
0.0232802 0.0233342 4 
0.023257 0.0253132 4 
0.0232109 0.024321 4 
0.0232017 0.02323 4 
0.023149 0.0237583 4 
0.0231213 0.0233675 4 
0.0230954 0.0237627 4 
0.0230725 0.0233699 4 
0.0230629 0.0239472 4 
0.0230472 0.0233047 4 
0.02302 0.0230895 4 
0.0229403 0.0232253 4 
0.0229242 0.0240776 4 
0.0228808 0.0232565 4 
0.0228084 0.0236985 4 
0.0227796 0.0238133 4 
0.0227485 0.0231146 4 
0.0227348 0.0233009 4 
0.0227112 0.0229672 4 
0.0226737 0.0230954 4 
0.0226629 0.0235054 4 
0.022662 0.0240214 4 
0.0226305 0.0227567 4 
0.022621 0.0229717 4 
0.0225943 0.0228375 4 
0.0225815 0.0228013 4 
0.0225226 0.0228933 4 
0.0224859 0.0230571 4 
0.022471 0.0229493 4 
0.0224504 0.0226089 4 
0.0223964 0.0229962 4 
0.0223927 0.0225102 4 
0.0223837 0.0236467 4 
0.022374 0.0227816 4 
0.0223469 0.0227394 4 
0.0223313 0.0235431 4 
0.0223177 0.0245541 4 
0.0223007 0.0238234 4 
0.022294 0.0228034 4 
0.0222639 0.0229346 4 
0.0222189 0.0225872 4 
0.022214 0.0224141 4 
0.0221386 0.0233831 4 
0.0221194 0.0233338 4 
0.022079 0.0234159 4 
0.0220542 0.0223971 4 
0.0219847 0.0221081 4 
0.0219585 0.0227751 4 
0.0219305 0.0247921 4 
0.0219244 0.0233206 4 
0.0219233 0.0254302 4 
0.0219074 0.0233675 4 
0.0218889 0.0246393 4 
0.021868 0.0219239 4 
0.0218638 0.023595 4 
0.0218614 0.0230571 4 
0.0218556 0.0224141 4 
0.0218496 0.0226815 4 
0.0218224 0.0220819 4 
0.0218136 0.0230571 4 
0.0218133 0.023349 4 
0.021813 0.0227618 4 
0.0218082 0.0226502 4 
0.0218044 0.0222825 4 
0.0218005 0.0222641 4 
0.0217483 0.0230753 4 
0.0217452 0.0223286 4 
0.0217334 0.0236467 4 
0.0217091 0.0240526 4 
0.0216815 0.0236118 4 
0.0216298 0.0228736 4 
0.0216082 0.0231816 4 
0.0215578 0.0232293 4 
0.0215415 0.0222892 4 
0.0215311 0.0236312 4 
0.0215121 0.0218867 4 
0.0214982 0.0215217 4 
0.0214912 0.0227657 4 
0.0214751 0.0227092 4 
0.0214749 0.0237479 4 
0.0214716 0.0219931 4 
0.0214545 0.0217211 4 
0.0214343 0.0217597 4 
0.0214211 0.022344 4 
0.0214105 0.0218845 4 
0.021409 0.0223286 4 
0.0214035 0.0230877 4 
0.0213943 0.023695 4 
0.0213815 0.0235573 4 
0.0213664 0.0230895 4 
0.021364 0.0232532 4 
0.0213277 0.0229962 4 
0.0213268 0.023349 4 
0.0212701 0.0224322 4 
0.0212661 0.023255 4 
0.0212228 0.0225963 4 
0.0212201 0.0217149 4 
0.0212154 0.0218845 4 
0.0212149 0.0236533 4 
0.0212096 0.0214942 4 
0.0211994 0.0220367 4 
0.0211965 0.022013 4 
0.0211895 0.022344 4 
0.0211645 0.0220404 4 
0.0211222 0.0235431 4 
0.0210945 0.0226967 4 
0.0210741 0.0222803 4 
0.0210655 0.0225575 4 
0.0210082 0.0223799 4 
0.0210019 0.0227273 4 
0.0209998 0.0227092 4 
0.0209973 0.0220902 4 
0.0209759 0.0224254 4 
0.0209381 0.0211668 4 
0.0209256 0.0222342 4 
0.0208934 0.0211668 4 
0.0208926 0.0231417 4 
0.0208782 0.0226013 4 
0.0208438 0.0227657 4 
0.0208434 0.0224565 4 
0.0208117 0.0236985 4 
0.0208107 0.021516 4 
0.0208054 0.0230347 4 
0.0207835 0.0223858 4 
0.0207805 0.020821 4 
0.0207561 0.0223335 4 
0.0207436 0.0238919 4 
0.0207322 0.0215943 4 
0.0206924 0.0236522 4 
0.0206536 0.0224984 4 
0.0206436 0.0232141 4 
0.0206413 0.0213047 4 
0.0206403 0.0207518 4 
0.0206126 0.0229045 4 
0.0205775 0.0220513 4 
0.0205559 0.0240415 4 
0.0205234 0.0217211 4 
0.0204405 0.0205036 4 
0.0204175 0.0205036 4 
0.0204054 0.0229814 4 
0.0204051 0.0213409 4 
0.020401 0.0225297 4 
0.0203148 0.0234089 4 
0.0203122 0.0204307 4 
0.0202993 0.0230594 4 
0.0202959 0.0210294 4 
0.0202847 0.0210683 4 
0.0202466 0.0205036 4 
0.0202259 0.0205613 4 
0.0201829 0.0231565 4 
0.0201636 0.0205876 4 
0.0201077 0.0220577 4 
0.0201048 0.0220513 4 
0.0200959 0.0213409 4 
0.0200325 0.0219849 4 
0.0200302 0.0225118 4 
0.0199512 0.0206402 4 
0.0199499 0.0202201 4 
0.019944 0.0211324 4 
0.0199138 0.0211208 4 
0.0199115 0.0221628 4 
0.0198871 0.0207475 4 
0.0198864 0.0201308 4 
0.0197278 0.0224322 4 
0.0195861 0.0201055 4 
0.0195218 0.0211609 4 
0.0194481 0.0225118 4 
0.0194295 0.0201788 4 
0.0193255 0.0196788 4 
0.0189743 0.0201788 4 
0.0134651 0.0136554 5 
0.0132722 0.0134128 5 
0.0131073 0.0134128 5 
0.0129955 0.0135967 5 
0.0126692 0.0129733 5 
0.0126366 0.0136763 5 
0.0125389 0.0128086 5 
0.0124282 0.0125622 5 
0.0123736 0.012956 5 
0.0123401 0.0124767 5 
0.0122601 0.0124229 5 
0.0122562 0.0127059 5 
0.0122112 0.0133857 5 
0.0121779 0.012209 5 
0.0121609 0.0122126 5 
0.0121545 0.0132599 5 
0.0121536 0.0122232 5 
0.0120808 0.0122384 5 
0.0120792 0.0121293 5 
0.0120695 0.0130234 5 
0.0120166 0.0120757 5 
0.0119686 0.0122914 5 
0.0119609 0.0125091 5 
0.0119357 0.0124331 5 
0.0119266 0.0119368 5 
0.0119079 0.0122208 5 
0.011878 0.0123219 5 
0.0118295 0.0120604 5 
0.0118205 0.0118603 5 
0.0117526 0.011842 5 
0.0117425 0.0118733 5 
0.0117406 0.011843 5 
0.0116436 0.0119523 5 
0.0115768 0.0119185 5 
0.0115731 0.011843 5 
0.0115664 0.0120926 5 
0.01152 0.0123793 5 
0.011514 0.0120798 5 
0.0115114 0.0118603 5 
0.0114897 0.0118683 5 
0.0114711 0.0125331 5 
0.0114692 0.0115769 5 
0.0114478 0.0128018 5 
0.0114191 0.0115767 5 
0.0113899 0.0116615 5 
0.0113835 0.0127711 5 
0.0113785 0.0114975 5 
0.0113769 0.0117578 5 
0.0113671 0.0114593 5 
0.0113492 0.0121421 5 
0.0113381 0.0114652 5 
0.0113362 0.0118426 5 
0.0113339 0.0114975 5 
0.0112905 0.0117269 5 
0.0112854 0.0119813 5 
0.0112723 0.0115991 5 
0.0112716 0.0121049 5 
0.0112685 0.0114957 5 
0.0112481 0.011879 5 
0.0112433 0.0118524 5 
0.0112335 0.0112742 5 
0.0112267 0.0113232 5 
0.0112254 0.0112871 5 
0.0112193 0.0114444 5 
0.0111828 0.0118239 5 
0.0111608 0.013122 5 
0.0111424 0.012112 5 
0.011123 0.011843 5 
0.0111189 0.011301 5 
0.0110856 0.0113032 5 
0.0110702 0.0116621 5 
0.011068 0.0112397 5 
0.01106 0.0119403 5 
0.0110514 0.0117473 5 
0.0110495 0.0116617 5 
0.0110338 0.0115598 5 
0.0110129 0.0115175 5 
0.0110098 0.0120314 5 
0.0110042 0.0120596 5 
0.0109889 0.0112397 5 
0.0109878 0.0119562 5 
0.0109802 0.0117602 5 
0.0109734 0.012117 5 
0.0109628 0.0111024 5 
0.0109525 0.011881 5 
0.0109514 0.0111096 5 
0.0109257 0.01101 5 
0.0108947 0.0109009 5 
0.0108927 0.0115665 5 
0.0108865 0.0111192 5 
0.0108769 0.0117152 5 
0.0108657 0.0110066 5 
0.0108566 0.012055 5 
0.0108538 0.0116546 5 
0.0108524 0.0110259 5 
0.0108348 0.0109009 5 
0.0108333 0.0115175 5 
0.0108326 0.0121186 5 
0.0107923 0.0110066 5 
0.0107787 0.0115045 5 
0.0107721 0.0112258 5 
0.010756 0.0114444 5 
0.0107432 0.0114335 5 
0.0107332 0.011218 5 
0.0107282 0.011198 5 
0.0107277 0.0118239 5 
0.0106854 0.0120289 5 
0.010685 0.0114075 5 
0.0106818 0.0113103 5 
0.0106622 0.0108124 5 
0.0106388 0.0106876 5 
0.0106343 0.0108124 5 
0.010626 0.0111634 5 
0.0106228 0.0112652 5 
0.0106063 0.0113257 5 
0.0105901 0.0113043 5 
0.0105846 0.0106866 5 
0.0105697 0.0122217 5 
0.0105625 0.0113558 5 
0.0105592 0.0112258 5 
0.0105409 0.0114075 5 
0.0105392 0.0117447 5 
0.0105374 0.0107207 5 
0.0105279 0.0110573 5 
0.0105254 0.0113962 5 
0.0105236 0.01191 5 
0.0105106 0.0118733 5 
0.0104678 0.0107447 5 
0.0104583 0.0112549 5 
0.0104567 0.0109592 5 
0.0104492 0.0104565 5 
0.0104358 0.0118767 5 
0.0104336 0.0115529 5 
0.010415 0.0113558 5 
0.0104081 0.0122583 5 
0.0103944 0.0113298 5 
0.0103763 0.0115598 5 
0.0103304 0.0117322 5 
0.0103266 0.0123775 5 
0.0102926 0.0108028 5 
0.0102909 0.0109597 5 
0.0102738 0.0110894 5 
0.010262 0.0103748 5 
0.0102569 0.0108495 5 
0.0102385 0.0108244 5 
0.0102349 0.0114758 5 
0.0101871 0.0110573 5 
0.0101695 0.0102531 5 
0.0101675 0.0108244 5 
0.0101594 0.0105382 5 
0.0101492 0.0120039 5 
0.0101315 0.0106879 5 
0.010106 0.0109597 5 
0.0101042 0.0103876 5 
0.00999612 0.0108528 5 
0.0099503 0.0115533 5 
0.00994672 0.010546 5 
0.00994582 0.0109111 5 
0.0099353 0.0100094 5 
0.00990945 0.011301 5 
0.00982723 0.0111634 5 
0.00974156 0.0114896 5 
0.00972622 0.0103444 5 
0.00955211 0.00988146 5 
0.00951424 0.00979305 5 
0.00926424 0.00979099 5 
0.00698367 0.00709831 6 
0.0069269 0.00711827 6 
0.00678552 0.00701179 6 
0.00663125 0.00675253 6 
0.00659963 0.00710733 6 
0.00652874 0.00715899 6 
0.00645111 0.00657742 6 
0.00643573 0.00659817 6 
0.00641735 0.00649804 6 
0.00640472 0.00696987 6 
0.00630256 0.00633355 6 
0.0062881 0.00652273 6 
0.00624969 0.00695866 6 
0.0062339 0.00637279 6 
0.00621376 0.00622362 6 
0.00613457 0.00679234 6 
0.00611188 0.0062763 6 
0.00610639 0.00639784 6 
0.00609486 0.00625666 6 
0.00609326 0.00638634 6 
0.00605607 0.00656211 6 
0.00605212 0.00607322 6 
0.0060442 0.00631786 6 
0.00603284 0.00614407 6 
0.00602922 0.00621007 6 
0.00599099 0.00612324 6 
0.00597987 0.00605553 6 
0.00597397 0.00655706 6 
0.00593964 0.00608824 6 
0.0059216 0.00595167 6 
0.00592112 0.00621016 6 
0.00592005 0.00604554 6 
0.00591951 0.00627959 6 
0.00591835 0.00595394 6 
0.00590355 0.00612907 6 
0.005876 0.00616562 6 
0.00586183 0.00600212 6 
0.00585965 0.00681326 6 
0.00585647 0.00588827 6 
0.00584506 0.00613542 6 
0.00584454 0.00606058 6 
0.00584048 0.00629304 6 
0.00582952 0.00615109 6 
0.00582863 0.00613205 6 
0.00581833 0.00618734 6 
0.00581468 0.00590225 6 
0.00581341 0.00584144 6 
0.00579533 0.00623519 6 
0.00578252 0.0061433 6 
0.00577825 0.00579922 6 
0.00577551 0.00580396 6 
0.00577226 0.00580396 6 
0.00575914 0.0063472 6 
0.00575207 0.00619094 6 
0.00574918 0.00604554 6 
0.0057252 0.00585039 6 
0.00572115 0.00615151 6 
0.00572074 0.00608824 6 
0.00571938 0.00579333 6 
0.00570253 0.00619146 6 
0.00570178 0.0060751 6 
0.00569723 0.0059953 6 
0.00569352 0.00596511 6 
0.00568409 0.00618813 6 
0.00567019 0.00587902 6 
0.00565726 0.00620512 6 
0.00563438 0.00597931 6 
0.00561888 0.00628977 6 
0.00561523 0.00580113 6 
0.00560715 0.00570741 6 
0.00559807 0.00618898 6 
0.00559064 0.0060751 6 
0.00557529 0.00586591 6 
0.00557281 0.00567322 6 
0.00555008 0.00594048 6 
0.00554942 0.00637442 6 
0.00554168 0.00626911 6 
0.00553539 0.00567322 6 
0.00552742 0.00590621 6 
0.00550741 0.00594441 6 
0.00550701 0.00577067 6 
0.00550015 0.00569158 6 
0.00549116 0.00612057 6 
0.00549017 0.0057054 6 
0.00548721 0.00559297 6 
0.00548708 0.00567345 6 
0.00548439 0.00579583 6 
0.00547305 0.0058457 6 
0.0054663 0.00591441 6 
0.0054448 0.00608294 6 
0.00544359 0.00611612 6 
0.00543153 0.00574664 6 
0.00542202 0.00568632 6 
0.0054201 0.00569158 6 
0.0054121 0.00590232 6 
0.00541081 0.00584543 6 
0.00540503 0.00574865 6 
0.00540405 0.00625898 6 
0.00540389 0.00613542 6 
0.00540195 0.00583558 6 
0.00540143 0.00573678 6 
0.00539351 0.00611972 6 
0.00537945 0.00551577 6 
0.00536966 0.00586591 6 
0.00536348 0.006378 6 
0.00533754 0.0056881 6 
0.00533168 0.00585784 6 
0.00532561 0.00551451 6 
0.00532108 0.0057054 6 
0.00529653 0.00546255 6 
0.00529237 0.00647664 6 
0.00528149 0.00537275 6 
0.00524497 0.00620377 6 
0.00522553 0.00557063 6 
0.00521996 0.00579692 6 
0.00518534 0.00554204 6 
0.00518376 0.00546255 6 
0.00518056 0.00551112 6 
0.0051334 0.00551391 6 
0.00510769 0.00579922 6 
0.00509831 0.00556072 6 
0.00509089 0.00569599 6 
0.00508219 0.00598004 6 
0.0050672 0.00553104 6 
0.0050225 0.00597111 6 
0.00499506 0.00517026 6 
0.00484461 0.00509898 6 
0.00468018 0.00487574 6 
0.00463963 0.00485597 6 
0.00373511 0.00378789 7 
0.00355778 0.0036224 7 
0.00353524 0.0037566 7 
0.0034856 0.00382931 7 
0.00346264 0.00369576 7 
0.00344461 0.00345588 7 
0.00344413 0.00360683 7 
0.00334707 0.00346993 7 
0.0033451 0.00364925 7 
0.00332236 0.00335868 7 
0.00330267 0.00334639 7 
0.00328262 0.00340127 7 
0.0032809 0.00335174 7 
0.00327869 0.00332946 7 
0.0032518 0.0032616 7 
0.00324828 0.00368522 7 
0.00324486 0.00347392 7 
0.00324409 0.00334398 7 
0.00323757 0.00328438 7 
0.00319278 0.00322254 7 
0.0031823 0.00319628 7 
0.00318226 0.00324114 7 
0.00317937 0.00332603 7 
0.00317417 0.003192 7 
0.00317149 0.00320785 7 
0.00316944 0.0033677 7 
0.00315969 0.00330823 7 
0.00315813 0.00350328 7 
0.00313614 0.00315806 7 
0.00313333 0.00358905 7 
0.00312556 0.00319647 7 
0.00311496 0.00321666 7 
0.00310444 0.00320004 7 
0.00310169 0.00328026 7 
0.00309686 0.00311873 7 
0.00307712 0.00324813 7 
0.00307543 0.00318723 7 
0.00306351 0.00330482 7 
0.00305241 0.00323022 7 
0.00305202 0.00312981 7 
0.00304865 0.00306086 7 
0.0030412 0.00316742 7 
0.00303439 0.00308189 7 
0.00302802 0.00306792 7 
0.00301498 0.00325393 7 
0.00301208 0.00303533 7 
0.0029951 0.00334348 7 
0.00298548 0.00324084 7 
0.00297677 0.00336785 7 
0.00297675 0.00329176 7 
0.00297664 0.00309934 7 
0.00297661 0.00309732 7 
0.00297635 0.00305147 7 
0.00297584 0.00313604 7 
0.00297373 0.00317506 7 
0.00297157 0.00303703 7 
0.00297109 0.00325393 7 
0.00296603 0.00318287 7 
0.00296547 0.00307386 7 
0.00296512 0.00329419 7 
0.00295569 0.00298249 7 
0.00295235 0.00318301 7 
0.0029493 0.00314638 7 
0.0029398 0.00312973 7 
0.00293803 0.00302303 7 
0.00292904 0.00303703 7 
0.00292822 0.00326917 7 
0.00292145 0.00297643 7 
0.00292004 0.00294957 7 
0.00291562 0.00319099 7 
0.00289555 0.00291607 7 
0.00288996 0.00306173 7 
0.00288676 0.00321614 7 
0.00287804 0.00311607 7 
0.00287691 0.00310138 7 
0.00287616 0.00318301 7 
0.00287449 0.00316309 7 
0.00287057 0.00295628 7 
0.00286968 0.00289851 7 
0.0028613 0.00305147 7 
0.00285383 0.0029376 7 
0.00285187 0.00296458 7 
0.00284911 0.00323229 7 
0.00284486 0.00304523 7 
0.00284415 0.00326893 7 
0.00284136 0.00298874 7 
0.00283279 0.00339118 7 
0.00283079 0.00305484 7 
0.00283036 0.00293339 7 
0.00282906 0.00301038 7 
0.00282747 0.00298753 7 
0.00282482 0.00322942 7 
0.00282478 0.00282704 7 
0.00281752 0.00282884 7 
0.00281242 0.00281718 7 
0.00281115 0.00295143 7 
0.00280249 0.00307866 7 
0.00279093 0.00307386 7 
0.00277691 0.00295143 7 
0.00277004 0.00327042 7 
0.00275325 0.00281495 7 
0.002752 0.00337692 7 
0.00272347 0.00292008 7 
0.00271024 0.00292548 7 
0.0027056 0.00294476 7 
0.00270283 0.00302974 7 
0.00270069 0.00281718 7 
0.00269127 0.00300531 7 
0.00266559 0.00286181 7 
0.00265171 0.00273181 7 
0.00264632 0.00304107 7 
0.00264453 0.00304956 7 
0.00263617 0.00286453 7 
0.0026155 0.00318115 7 
0.00261506 0.0026307 7 
0.0025084 0.00268281 7 
0.00237208 0.00252295 7 
0.0023528 0.0024713 7 
0.00203268 0.00204439 8 
0.00193268 0.00205367 8 
0.00193107 0.00196946 8 
0.00189949 0.00195315 8 
0.00185882 0.00209269 8 
0.00185843 0.0019321 8 
0.0018478 0.00203203 8 
0.00180515 0.00184413 8 
0.00179896 0.00187709 8 
0.00179211 0.00179834 8 
0.00176983 0.0017829 8 
0.00174943 0.00178409 8 
0.00174507 0.00174967 8 
0.00174343 0.00191947 8 
0.00173323 0.0017709 8 
0.00171974 0.00182642 8 
0.00171356 0.00172842 8 
0.00171089 0.00171412 8 
0.00170535 0.00192678 8 
0.00170293 0.00171087 8 
0.00169601 0.00175569 8 
0.00169305 0.00172841 8 
0.00169036 0.00190598 8 
0.00168568 0.00191357 8 
0.00168023 0.00175966 8 
0.0016779 0.00169439 8 
0.00167573 0.00175982 8 
0.0016704 0.00172387 8 
0.00166367 0.0016824 8 
0.00166102 0.00171167 8 
0.00165652 0.00170607 8 
0.00164648 0.00168957 8 
0.00163453 0.00164948 8 
0.00162425 0.00170699 8 
0.00162155 0.00175408 8 
0.00161769 0.0017204 8 
0.00161155 0.00165938 8 
0.00160959 0.00165089 8 
0.00160796 0.00168342 8 
0.00160704 0.00160914 8 
0.00160515 0.00164192 8 
0.00160121 0.00163485 8 
0.0015954 0.00168827 8 
0.00159262 0.00178872 8 
0.00159122 0.00176861 8 
0.00158616 0.00173207 8 
0.00158538 0.00172346 8 
0.00158254 0.00181336 8 
0.00157373 0.00157815 8 
0.0015737 0.00157731 8 
0.00157019 0.00172535 8 
0.00156974 0.00165089 8 
0.00156964 0.0016824 8 
0.00156621 0.00159436 8 
0.00156529 0.00165022 8 
0.00155802 0.00162731 8 
0.00155525 0.00158615 8 
0.00155449 0.00170103 8 
0.00155044 0.00158437 8 
0.00155003 0.00167577 8 
0.00154985 0.00169687 8 
0.00154878 0.00164916 8 
0.00154637 0.00155797 8 
0.00154301 0.00165692 8 
0.0015425 0.00169687 8 
0.00154079 0.00157731 8 
0.00153276 0.00170044 8 
0.00152541 0.00161603 8 
0.00151946 0.00183357 8 
0.00151882 0.00156655 8 
0.00151675 0.00153261 8 
0.00151525 0.00172544 8 
0.0015146 0.00167833 8 
0.00150789 0.00162829 8 
0.0015009 0.00162339 8 
0.0014983 0.00171469 8 
0.00149823 0.00170699 8 
0.00149273 0.00155584 8 
0.00148912 0.00173207 8 
0.00147739 0.00163485 8 
0.0014758 0.00155584 8 
0.00147512 0.0015489 8 
0.0014751 0.00162123 8 
0.001473 0.00157815 8 
0.00147211 0.00155734 8 
0.00146017 0.0015655 8 
0.00145683 0.00148462 8 
0.00145236 0.00159826 8 
0.00144719 0.00178322 8 
0.00144435 0.00159174 8 
0.00144324 0.00149147 8 
0.00144124 0.00150689 8 
0.00143416 0.00160567 8 
0.00142489 0.00150658 8 
0.00141781 0.00143944 8 
0.0014148 0.00159127 8 
0.00141398 0.00169904 8 
0.00141236 0.00160496 8 
0.00138708 0.00143137 8 
0.00138299 0.00149445 8 
0.00136489 0.00161135 8 
0.00133005 0.00143155 8 
0.00123388 0.00134168 8 
0.00123244 0.00125778 8 
0.00111465 0.00111736 9 
0.00106473 0.00113356 9 
0.00105806 0.00108201 9 
0.00103094 0.00110876 9 
0.00101327 0.00101781 9 
0.00100935 0.00104193 9 
0.0010039 0.0010216 9 
0.00100016 0.00115977 9 
0.00097481 0.0010245 9 
0.000945831 0.0010869 9 
0.00094279 0.000999463 9 
0.000940127 0.000960734 9 
0.000939476 0.000939538 9 
0.000930474 0.000942905 9 
0.000924791 0.000943661 9 
0.00092249 0.000929912 9 
0.000921778 0.000929874 9 
0.0009189 0.00093758 9 
0.000918697 0.000963703 9 
0.000914273 0.00105334 9 
0.000911774 0.00103097 9 
0.000908185 0.000909903 9 
0.000903895 0.00101738 9 
0.000899548 0.000907375 9 
0.000899135 0.000952292 9 
0.000894481 0.000932529 9 
0.000891029 0.00093886 9 
0.000890381 0.00089056 9 
0.00088286 0.000908141 9 
0.000875145 0.000879753 9 
0.00087161 0.000904338 9 
0.00086975 0.0009825 9 
0.000867333 0.000885951 9 
0.000864525 0.00088064 9 
0.000864493 0.000932831 9 
0.000862101 0.000940743 9 
0.000861955 0.000870154 9 
0.000859851 0.000861819 9 
0.000858847 0.00086208 9 
0.000858627 0.000865604 9 
0.000856005 0.000878456 9 
0.000854788 0.000910731 9 
0.000850755 0.0009229 9 
0.000849988 0.000908141 9 
0.000847511 0.000921807 9 
0.000844201 0.000967892 9 
0.00084302 0.000921656 9 
0.000842547 0.000937632 9 
0.000839529 0.000876616 9 
0.000837097 0.000918757 9 
0.000833868 0.000878548 9 
0.000829163 0.000898524 9 
0.000827821 0.000865381 9 
0.000827512 0.00087788 9 
0.000827257 0.000904863 9 
0.000825465 0.00100509 9 
0.000823772 0.000918757 9 
0.000823073 0.000832663 9 
0.000822656 0.000849978 9 
0.000815071 0.000924115 9 
0.000813152 0.00090531 9 
0.000812409 0.0009229 9 
0.000808374 0.000876848 9 
0.000807574 0.000838515 9 
0.000807038 0.000879171 9 
0.00080174 0.000920194 9 
0.000798288 0.000843635 9 
0.0007979 0.000866641 9 
0.000795096 0.000887915 9 
0.000794479 0.00090531 9 
0.00079086 0.000796155 9 
0.00078626 0.000878548 9 
0.000784394 0.000878289 9 
0.000784036 0.000825032 9 
0.000782679 0.000830918 9 
0.000781509 0.00091551 9 
0.000779705 0.000785728 9 
0.000778914 0.000842278 9 
0.000775902 0.000809737 9 
0.000775639 0.000833602 9 
0.000774145 0.000842278 9 
0.000771282 0.000804852 9 
0.000770313 0.000860498 9 
0.000768107 0.000950904 9 
0.000766219 0.000851034 9 
0.000755031 0.000786668 9 
0.000754137 0.000798182 9 
0.000750881 0.000821256 9 
0.000741004 0.000742873 9 
0.000735033 0.000756497 9 
0.000732143 0.000787727 9 
0.000728951 0.000867329 9 
0.000724629 0.000854674 9 
0.000722328 0.000771916 9 
0.000651393 0.000724996 9 
