0.523952 0.540519 0 
0.523419 0.539172 0 
0.52274 0.541304 0 
0.522438 0.539659 0 
0.521733 0.521799 0 
0.521301 0.538776 0 
0.521167 0.539263 0 
0.520993 0.521091 0 
0.520894 0.539099 0 
0.520766 0.54051 0 
0.520205 0.540538 0 
0.52017 0.538756 0 
0.520124 0.540453 0 
0.520013 0.54013 0 
0.519889 0.539031 0 
0.519883 0.538866 0 
0.519854 0.541508 0 
0.519844 0.539496 0 
0.519736 0.542498 0 
0.519637 0.54226 0 
0.519548 0.521799 0 
0.51954 0.540915 0 
0.519465 0.54054 0 
0.519464 0.539802 0 
0.519436 0.53761 0 
0.519255 0.539603 0 
0.519213 0.519258 0 
0.519106 0.54013 0 
0.519099 0.537802 0 
0.519016 0.520266 0 
0.518983 0.538776 0 
0.518967 0.540511 0 
0.518832 0.540097 0 
0.518757 0.539866 0 
0.518688 0.518726 0 
0.518647 0.539496 0 
0.518584 0.540794 0 
0.518579 0.540861 0 
0.518567 0.539243 0 
0.518566 0.538468 0 
0.518544 0.540296 0 
0.518532 0.542094 0 
0.518521 0.539496 0 
0.518252 0.518364 0 
0.518184 0.5189 0 
0.518178 0.538756 0 
0.518162 0.540874 0 
0.518131 0.520144 0 
0.518111 0.518364 0 
0.518107 0.538062 0 
0.518086 0.541458 0 
0.517973 0.518889 0 
0.51795 0.538122 0 
0.517913 0.538359 0 
0.517911 0.538122 0 
0.517862 0.538702 0 
0.51785 0.539661 0 
0.517847 0.518488 0 
0.517766 0.539382 0 
0.517765 0.540143 0 
0.517679 0.518181 0 
0.517663 0.541421 0 
0.517631 0.517637 0 
0.517618 0.518629 0 
0.517603 0.542862 0 
0.51759 0.539523 0 
0.517572 0.518123 0 
0.517525 0.5392 0 
0.517497 0.538866 0 
0.517462 0.520935 0 
0.517427 0.518277 0 
0.51741 0.518236 0 
0.51734 0.540922 0 
0.517324 0.541933 0 
0.517315 0.518879 0 
0.517304 0.539382 0 
0.517239 0.518315 0 
0.517202 0.539659 0 
0.517201 0.539523 0 
0.517184 0.540361 0 
0.51714 0.542246 0 
0.517136 0.538739 0 
0.517076 0.541802 0 
0.517056 0.517859 0 
0.517051 0.517448 0 
0.517015 0.539866 0 
0.517001 0.538922 0 
0.516998 0.518814 0 
0.516967 0.520355 0 
0.516965 0.540803 0 
0.516892 0.516945 0 
0.516858 0.519217 0 
0.516855 0.518614 0 
0.516855 0.518924 0 
0.516842 0.538702 0 
0.516831 0.540519 0 
0.516796 0.518629 0 
0.516751 0.538866 0 
0.516694 0.520617 0 
0.516655 0.537802 0 
0.51665 0.5186 0 
0.516639 0.519095 0 
0.516638 0.541804 0 
0.516623 0.541972 0 
0.516599 0.538263 0 
0.516589 0.518744 0 
0.516571 0.516945 0 
0.51657 0.539959 0 
0.516568 0.516585 0 
0.516547 0.518911 0 
0.516544 0.518281 0 
0.51649 0.516816 0 
0.516479 0.517119 0 
0.51646 0.516732 0 
0.516458 0.519007 0 
0.516448 0.518724 0 
0.516434 0.542144 0 
0.516415 0.540653 0 
0.516406 0.516673 0 
0.516405 0.540115 0 
0.516393 0.519589 0 
0.516384 0.520323 0 
0.516374 0.518344 0 
0.516367 0.517489 0 
0.516336 0.540222 0 
0.516335 0.517859 0 
0.516334 0.518277 0 
0.516307 0.518777 0 
0.516292 0.519744 0 
0.516261 0.540107 0 
0.516258 0.540794 0 
0.516257 0.518723 0 
0.516248 0.516634 0 
0.516229 0.539937 0 
0.516226 0.540177 0 
0.516191 0.518724 0 
0.516183 0.541921 0 
0.516166 0.539783 0 
0.516164 0.540742 0 
0.516163 0.540319 0 
0.516147 0.516692 0 
0.516145 0.541458 0 
0.516129 0.537247 0 
0.516116 0.518814 0 
0.516097 0.516699 0 
0.516095 0.516335 0 
0.516079 0.541692 0 
0.516078 0.516172 0 
0.516061 0.540115 0 
0.516044 0.521016 0 
0.51597 0.517003 0 
0.51596 0.51636 0 
0.515944 0.538866 0 
0.515928 0.517628 0 
0.515863 0.518479 0 
0.515817 0.516677 0 
0.515782 0.539959 0 
0.515776 0.517331 0 
0.515768 0.517074 0 
0.515718 0.517581 0 
0.515705 0.536937 0 
0.515649 0.516533 0 
0.515639 0.539959 0 
0.515625 0.51764 0 
0.515583 0.538702 0 
0.515551 0.516129 0 
0.515531 0.518351 0 
0.51551 0.519142 0 
0.515489 0.517966 0 
0.515469 0.542296 0 
0.515431 0.51959 0 
0.515413 0.515497 0 
0.515397 0.520343 0 
0.515394 0.539439 0 
0.515382 0.518011 0 
0.51534 0.540097 0 
0.515339 0.518814 0 
0.515328 0.517387 0 
0.515317 0.51765 0 
0.515299 0.515367 0 
0.515299 0.542276 0 
0.515285 0.539382 0 
0.515249 0.516617 0 
0.515242 0.520267 0 
0.515242 0.516597 0 
0.515192 0.539336 0 
0.515185 0.516931 0 
0.515165 0.517628 0 
0.515157 0.540019 0 
0.515086 0.539439 0 
0.515075 0.538062 0 
0.51505 0.51609 0 
0.515005 0.515037 0 
0.514984 0.517938 0 
0.51496 0.53951 0 
0.514959 0.51959 0 
0.514947 0.538776 0 
0.514944 0.541312 0 
0.514937 0.540881 0 
0.514929 0.517829 0 
0.514848 0.515374 0 
0.514845 0.544005 0 
0.514819 0.516655 0 
0.514817 0.517246 0 
0.514806 0.516594 0 
0.514805 0.518925 0 
0.514794 0.538062 0 
0.514788 0.542086 0 
0.514763 0.520852 0 
0.51475 0.51738 0 
0.514701 0.518105 0 
0.514699 0.546268 0 
0.514692 0.539336 0 
0.514691 0.515809 0 
0.514679 0.518889 0 
0.514661 0.539336 0 
0.514647 0.54277 0 
0.514625 0.521428 0 
0.514624 0.538122 0 
0.514615 0.522465 0 
0.514608 0.51524 0 
0.514588 0.53891 0 
0.514565 0.518482 0 
0.514537 0.539243 0 
0.514523 0.517331 0 
0.514511 0.518695 0 
0.514485 0.517224 0 
0.514438 0.515367 0 
0.514412 0.517366 0 
0.51441 0.538263 0 
0.514409 0.539439 0 
0.514378 0.518426 0 
0.514364 0.54168 0 
0.514351 0.515822 0 
0.514336 0.539523 0 
0.514315 0.519919 0 
0.51429 0.539866 0 
0.514272 0.515401 0 
0.514263 0.541684 0 
0.514262 0.539659 0 
0.514234 0.517366 0 
0.514215 0.514472 0 
0.514181 0.539496 0 
0.51418 0.518011 0 
0.514174 0.521038 0 
0.514173 0.518859 0 
0.51415 0.518174 0 
0.51415 0.541713 0 
0.514143 0.517641 0 
0.514139 0.544052 0 
0.514132 0.515497 0 
0.514072 0.515822 0 
0.514066 0.514811 0 
0.514056 0.518012 0 
0.514054 0.537802 0 
0.514041 0.516722 0 
0.513976 0.539959 0 
0.513939 0.542498 0 
0.513934 0.516802 0 
0.513912 0.517717 0 
0.513856 0.540319 0 
0.513842 0.517338 0 
0.513838 0.514521 0 
0.513795 0.520343 0 
0.51379 0.538359 0 
0.513789 0.516735 0 
0.513788 0.518012 0 
0.513759 0.541544 0 
0.513744 0.545054 0 
0.513684 0.521762 0 
0.51368 0.54004 0 
0.513665 0.520617 0 
0.51364 0.517086 0 
0.513624 0.538548 0 
0.513624 0.522052 0 
0.513617 0.519751 0 
0.513612 0.516488 0 
0.513609 0.541742 0 
0.513594 0.539783 0 
0.513593 0.538542 0 
0.513589 0.518263 0 
0.513564 0.515509 0 
0.513562 0.521399 0 
0.513543 0.514137 0 
0.513494 0.518684 0 
0.513488 0.518387 0 
0.513454 0.539382 0 
0.513424 0.537802 0 
0.513416 0.541812 0 
0.513412 0.519007 0 
0.51338 0.51499 0 
0.513366 0.516441 0 
0.513364 0.517035 0 
0.513333 0.521399 0 
0.513332 0.518933 0 
0.513326 0.540713 0 
0.513326 0.513579 0 
0.513295 0.516969 0 
0.513286 0.515181 0 
0.513286 0.519481 0 
0.51328 0.536937 0 
0.513278 0.515347 0 
0.513275 0.51542 0 
0.513263 0.517224 0 
0.513261 0.519946 0 
0.513251 0.516969 0 
0.513245 0.538542 0 
0.513218 0.540718 0 
0.5132 0.537588 0 
0.513188 0.513672 0 
0.513162 0.519744 0 
0.513162 0.539864 0 
0.513117 0.51919 0 
0.513103 0.539995 0 
0.513099 0.538866 0 
0.513093 0.539847 0 
0.513053 0.540115 0 
0.513042 0.517056 0 
0.513042 0.542709 0 
0.51302 0.516043 0 
0.513001 0.520617 0 
0.512986 0.521322 0 
0.512964 0.518925 0 
0.512959 0.518315 0 
0.512948 0.52067 0 
0.512938 0.539659 0 
0.512934 0.521399 0 
0.512921 0.540382 0 
0.512897 0.517119 0 
0.512871 0.541574 0 
0.512847 0.517448 0 
0.512802 0.522754 0 
0.512784 0.517671 0 
0.512754 0.538468 0 
0.512749 0.539802 0 
0.512738 0.516602 0 
0.512732 0.538776 0 
0.512627 0.513627 0 
0.512586 0.543232 0 
0.51257 0.540294 0 
0.512562 0.536822 0 
0.512556 0.53761 0 
0.512551 0.538263 0 
0.512542 0.543487 0 
0.512532 0.536937 0 
0.512491 0.513579 0 
0.51244 0.54013 0 
0.512432 0.539937 0 
0.512416 0.539995 0 
0.512406 0.539866 0 
0.512394 0.54004 0 
0.51239 0.542144 0 
0.512376 0.514519 0 
0.512352 0.538263 0 
0.51231 0.538776 0 
0.512296 0.539336 0 
0.51228 0.54477 0 
0.512229 0.539099 0 
0.51222 0.540361 0 
0.512217 0.539099 0 
0.51221 0.5392 0 
0.51214 0.539439 0 
0.512134 0.539263 0 
0.512121 0.539172 0 
0.512096 0.541704 0 
0.512071 0.539527 0 
0.512063 0.540505 0 
0.512015 0.539824 0 
0.512 0.539603 0 
0.511947 0.545613 0 
0.511935 0.540519 0 
0.511896 0.539937 0 
0.511885 0.540824 0 
0.511836 0.539496 0 
0.511835 0.54277 0 
0.511829 0.538739 0 
0.511821 0.540177 0 
0.511771 0.539521 0 
0.511735 0.539527 0 
0.511721 0.541382 0 
0.511687 0.539937 0 
0.511642 0.538359 0 
0.511628 0.539382 0 
0.511623 0.539521 0 
0.511616 0.512281 0 
0.51151 0.539658 0 
0.511476 0.540505 0 
0.511473 0.539659 0 
0.51143 0.540336 0 
0.511405 0.541108 0 
0.51135 0.541978 0 
0.511331 0.542158 0 
0.511327 0.543803 0 
0.511228 0.539521 0 
0.51121 0.542616 0 
0.511178 0.540336 0 
0.511085 0.539749 0 
0.51108 0.540177 0 
0.510977 0.542078 0 
0.510848 0.542909 0 
0.510824 0.5419 0 
0.510819 0.540366 0 
0.510637 0.541441 0 
0.510461 0.541859 0 
0.510185 0.540794 0 
0.509952 0.540453 0 
0.50989 0.542078 0 
0.509517 0.544301 0 
0.509164 0.541441 0 
0.21621 0.220524 1 
0.216144 0.222129 1 
0.216098 0.222859 1 
0.215251 0.219501 1 
0.215048 0.223814 1 
0.214957 0.221826 1 
0.214779 0.224784 1 
0.214708 0.220779 1 
0.214617 0.229196 1 
0.214221 0.228592 1 
0.214212 0.219859 1 
0.214113 0.222171 1 
0.214099 0.220644 1 
0.213879 0.224039 1 
0.21367 0.222677 1 
0.213562 0.224387 1 
0.213533 0.230126 1 
0.213497 0.222825 1 
0.213341 0.219042 1 
0.213337 0.224313 1 
0.213202 0.224286 1 
0.213188 0.222297 1 
0.213076 0.22448 1 
0.21303 0.224313 1 
0.212972 0.219735 1 
0.212946 0.226907 1 
0.212944 0.220391 1 
0.212926 0.220333 1 
0.212917 0.221894 1 
0.212911 0.220161 1 
0.2129 0.223411 1 
0.212709 0.223288 1 
0.212621 0.224106 1 
0.212537 0.222854 1 
0.212462 0.220643 1 
0.21245 0.220175 1 
0.212326 0.221748 1 
0.212217 0.224446 1 
0.212209 0.220311 1 
0.212205 0.225855 1 
0.212165 0.223316 1 
0.212104 0.229421 1 
0.212055 0.221682 1 
0.211854 0.220096 1 
0.211846 0.220594 1 
0.211789 0.21783 1 
0.211691 0.222297 1 
0.2116 0.222171 1 
0.211568 0.221078 1 
0.211555 0.224324 1 
0.211494 0.212082 1 
0.211456 0.221428 1 
0.211433 0.224179 1 
0.211427 0.21783 1 
0.211384 0.218467 1 
0.211376 0.219027 1 
0.211364 0.219859 1 
0.211297 0.226777 1 
0.211259 0.224797 1 
0.211242 0.217612 1 
0.211237 0.220594 1 
0.211184 0.222453 1 
0.21118 0.22136 1 
0.211157 0.226724 1 
0.211142 0.221384 1 
0.211139 0.226005 1 
0.211055 0.223043 1 
0.211053 0.223141 1 
0.211016 0.221384 1 
0.210999 0.219641 1 
0.210991 0.223288 1 
0.210921 0.224008 1 
0.210904 0.222873 1 
0.210894 0.225329 1 
0.210855 0.223252 1 
0.210848 0.221027 1 
0.210819 0.224989 1 
0.210812 0.222607 1 
0.210805 0.221403 1 
0.210785 0.219042 1 
0.210769 0.219641 1 
0.21076 0.218141 1 
0.210743 0.221747 1 
0.210712 0.223348 1 
0.210711 0.223753 1 
0.210672 0.21898 1 
0.210634 0.222193 1 
0.210485 0.218555 1 
0.210466 0.222723 1 
0.210357 0.218141 1 
0.210346 0.223546 1 
0.210277 0.220644 1 
0.210262 0.220161 1 
0.210241 0.222038 1 
0.210216 0.225329 1 
0.210133 0.221057 1 
0.210125 0.221403 1 
0.210125 0.219607 1 
0.210116 0.222072 1 
0.210116 0.220053 1 
0.209927 0.219231 1 
0.209883 0.220594 1 
0.209851 0.209887 1 
0.209846 0.219846 1 
0.209814 0.2237 1 
0.209732 0.221742 1 
0.209682 0.218177 1 
0.209661 0.221371 1 
0.209628 0.209907 1 
0.209624 0.222554 1 
0.209586 0.220389 1 
0.209531 0.221428 1 
0.209478 0.220096 1 
0.209445 0.209907 1 
0.209421 0.221384 1 
0.209417 0.219042 1 
0.209407 0.211658 1 
0.209356 0.220333 1 
0.209343 0.209909 1 
0.20934 0.220301 1 
0.209315 0.221403 1 
0.209311 0.216762 1 
0.209214 0.220779 1 
0.209163 0.210394 1 
0.209081 0.219846 1 
0.209032 0.224039 1 
0.209022 0.220778 1 
0.208995 0.226238 1 
0.208941 0.225714 1 
0.208872 0.210517 1 
0.208835 0.219912 1 
0.208809 0.220488 1 
0.208745 0.209197 1 
0.208725 0.220895 1 
0.208718 0.209828 1 
0.208711 0.220895 1 
0.20868 0.209034 1 
0.208664 0.210456 1 
0.208645 0.219974 1 
0.208587 0.209008 1 
0.208524 0.211493 1 
0.208522 0.220594 1 
0.208406 0.220778 1 
0.208352 0.208538 1 
0.208344 0.219846 1 
0.208336 0.220895 1 
0.208332 0.209359 1 
0.208304 0.219641 1 
0.208287 0.209027 1 
0.208282 0.21898 1 
0.208275 0.218177 1 
0.208253 0.22195 1 
0.208251 0.223976 1 
0.208223 0.220193 1 
0.208189 0.208783 1 
0.208112 0.208679 1 
0.208083 0.221403 1 
0.208057 0.220161 1 
0.208033 0.209927 1 
0.207975 0.22122 1 
0.20797 0.222815 1 
0.207952 0.219607 1 
0.207924 0.21783 1 
0.207895 0.20892 1 
0.207867 0.220778 1 
0.207855 0.221012 1 
0.207844 0.222864 1 
0.207813 0.221903 1 
0.207778 0.220096 1 
0.20768 0.211555 1 
0.207678 0.20896 1 
0.207652 0.219912 1 
0.207504 0.218467 1 
0.207499 0.208688 1 
0.20747 0.218177 1 
0.207448 0.219611 1 
0.207383 0.20741 1 
0.207195 0.207738 1 
0.207176 0.207707 1 
0.207172 0.208982 1 
0.207147 0.208912 1 
0.20711 0.219501 1 
0.207108 0.207126 1 
0.207063 0.20886 1 
0.207009 0.210913 1 
0.207 0.207965 1 
0.206981 0.207412 1 
0.20697 0.209142 1 
0.206948 0.222645 1 
0.206937 0.224128 1 
0.206906 0.220644 1 
0.206898 0.224128 1 
0.206887 0.208203 1 
0.206852 0.221747 1 
0.20683 0.209681 1 
0.206757 0.20726 1 
0.206722 0.206935 1 
0.206717 0.221057 1 
0.206689 0.22184 1 
0.206659 0.20891 1 
0.206644 0.206772 1 
0.206547 0.208897 1 
0.206451 0.211114 1 
0.206406 0.220779 1 
0.206376 0.207074 1 
0.206295 0.219912 1 
0.206215 0.222554 1 
0.2062 0.220193 1 
0.206106 0.219912 1 
0.206082 0.208299 1 
0.206068 0.209561 1 
0.206049 0.22209 1 
0.206033 0.206222 1 
0.206024 0.209463 1 
0.205973 0.212009 1 
0.205888 0.207979 1 
0.20587 0.207412 1 
0.205856 0.222883 1 
0.205842 0.205887 1 
0.205838 0.221676 1 
0.205832 0.209504 1 
0.205806 0.224001 1 
0.205785 0.218141 1 
0.205783 0.209153 1 
0.205651 0.220053 1 
0.205633 0.206671 1 
0.205624 0.220391 1 
0.205594 0.20732 1 
0.205577 0.220161 1 
0.205577 0.207015 1 
0.205553 0.208208 1 
0.205509 0.220779 1 
0.205492 0.222072 1 
0.205482 0.208125 1 
0.205482 0.206007 1 
0.205469 0.207012 1 
0.205459 0.22393 1 
0.205457 0.220779 1 
0.205453 0.208684 1 
0.205421 0.207662 1 
0.205408 0.207511 1 
0.205389 0.219231 1 
0.205351 0.207854 1 
0.205314 0.207268 1 
0.205301 0.206885 1 
0.205289 0.205455 1 
0.205286 0.208839 1 
0.205275 0.207515 1 
0.20527 0.205901 1 
0.205204 0.207588 1 
0.205198 0.2075 1 
0.205189 0.210231 1 
0.205184 0.217612 1 
0.205162 0.210223 1 
0.205133 0.213637 1 
0.205111 0.222171 1 
0.205101 0.219607 1 
0.205101 0.221782 1 
0.205082 0.205469 1 
0.205058 0.211671 1 
0.205031 0.219783 1 
0.204993 0.219042 1 
0.204983 0.221005 1 
0.204919 0.210441 1 
0.204843 0.22049 1 
0.204828 0.21898 1 
0.204822 0.216656 1 
0.204805 0.22136 1 
0.204788 0.208116 1 
0.204763 0.204954 1 
0.204748 0.207662 1 
0.204723 0.219607 1 
0.204708 0.218555 1 
0.204695 0.206424 1 
0.204615 0.210635 1 
0.204566 0.218141 1 
0.204532 0.216656 1 
0.204525 0.217361 1 
0.204496 0.208366 1 
0.20448 0.218455 1 
0.204479 0.208256 1 
0.204459 0.219859 1 
0.204442 0.20476 1 
0.204422 0.207647 1 
0.204416 0.205844 1 
0.204413 0.223755 1 
0.204376 0.204838 1 
0.20432 0.220644 1 
0.20431 0.20816 1 
0.204271 0.220488 1 
0.204265 0.220975 1 
0.204255 0.204954 1 
0.204218 0.205469 1 
0.204213 0.207883 1 
0.204185 0.208139 1 
0.20417 0.222129 1 
0.204072 0.207698 1 
0.204012 0.205543 1 
0.204001 0.220603 1 
0.203966 0.20643 1 
0.203928 0.20534 1 
0.20387 0.220895 1 
0.203853 0.20686 1 
0.20385 0.220594 1 
0.203842 0.224697 1 
0.203798 0.220311 1 
0.203797 0.203972 1 
0.20378 0.205136 1 
0.203766 0.218467 1 
0.203761 0.222814 1 
0.20374 0.20498 1 
0.203725 0.207662 1 
0.203679 0.205043 1 
0.203675 0.208896 1 
0.203619 0.205543 1 
0.203618 0.218455 1 
0.203607 0.220096 1 
0.203584 0.207426 1 
0.203572 0.208911 1 
0.20356 0.210347 1 
0.203533 0.206587 1 
0.20348 0.205128 1 
0.203468 0.220096 1 
0.203464 0.205996 1 
0.203451 0.205432 1 
0.20345 0.205023 1 
0.203413 0.221057 1 
0.20331 0.221012 1 
0.203256 0.219859 1 
0.203225 0.210568 1 
0.203188 0.221804 1 
0.203171 0.220888 1 
0.203168 0.203875 1 
0.203145 0.206497 1 
0.20296 0.220603 1 
0.202893 0.208384 1 
0.202853 0.218555 1 
0.202844 0.208508 1 
0.2028 0.220643 1 
0.202783 0.20486 1 
0.202767 0.216693 1 
0.202734 0.221005 1 
0.20272 0.20688 1 
0.202719 0.20486 1 
0.202682 0.216656 1 
0.202682 0.207854 1 
0.202524 0.219195 1 
0.202502 0.221057 1 
0.202489 0.218467 1 
0.202433 0.205445 1 
0.20239 0.219674 1 
0.202323 0.219042 1 
0.201361 0.205332 1 
0.201276 0.20798 1 
0.100707 0.103873 2 
0.099051 0.101839 2 
0.0983815 0.0991408 2 
0.0978331 0.0995013 2 
0.0978031 0.103051 2 
0.0973827 0.103248 2 
0.0972785 0.0987092 2 
0.097224 0.10046 2 
0.0970983 0.0984671 2 
0.0968723 0.0976243 2 
0.0967267 0.0988899 2 
0.0965295 0.099371 2 
0.0965198 0.0987974 2 
0.0962931 0.0985064 2 
0.0962424 0.0980303 2 
0.096131 0.100725 2 
0.0960788 0.096584 2 
0.0960519 0.0982952 2 
0.0960291 0.0978823 2 
0.0959802 0.0986638 2 
0.0957566 0.0958255 2 
0.0955303 0.0986721 2 
0.0954853 0.0994317 2 
0.0954799 0.0969874 2 
0.0953538 0.0958549 2 
0.0953441 0.100427 2 
0.0952796 0.0979205 2 
0.0952431 0.0999852 2 
0.0951884 0.0987078 2 
0.0951511 0.0985814 2 
0.0949824 0.0970206 2 
0.0949455 0.0971256 2 
0.0949176 0.0963933 2 
0.0949079 0.098592 2 
0.0949061 0.0959168 2 
0.0948996 0.0967446 2 
0.094869 0.0996742 2 
0.0948002 0.0994241 2 
0.0947676 0.0969849 2 
0.0947186 0.0976887 2 
0.0946951 0.100769 2 
0.0946761 0.0999852 2 
0.0946651 0.0960396 2 
0.0946346 0.0957303 2 
0.0944664 0.095855 2 
0.0944055 0.0971273 2 
0.0943099 0.0970045 2 
0.094304 0.0994446 2 
0.0941565 0.0960396 2 
0.0941142 0.0947464 2 
0.0941056 0.0962998 2 
0.0941014 0.0980424 2 
0.0940845 0.0961935 2 
0.0940491 0.096752 2 
0.0940228 0.0957123 2 
0.0939343 0.0967114 2 
0.0939294 0.0992953 2 
0.0939127 0.0979205 2 
0.0938705 0.0972767 2 
0.093801 0.096965 2 
0.0937681 0.0980085 2 
0.0935265 0.0965165 2 
0.093463 0.0952522 2 
0.0934593 0.0969874 2 
0.0934591 0.0941602 2 
0.0934145 0.0964935 2 
0.0933602 0.0983739 2 
0.0933067 0.0938406 2 
0.0932743 0.0937779 2 
0.0932731 0.097178 2 
0.0932456 0.0952522 2 
0.0931958 0.0976204 2 
0.0931693 0.0967446 2 
0.0931278 0.0941521 2 
0.0930947 0.0931333 2 
0.0930686 0.0947621 2 
0.0930398 0.0945812 2 
0.0929541 0.0960947 2 
0.0929476 0.0951748 2 
0.0929473 0.0944825 2 
0.0927999 0.095663 2 
0.0927767 0.0960396 2 
0.0927471 0.0958255 2 
0.0926819 0.0945696 2 
0.0926803 0.0947464 2 
0.0926793 0.0951748 2 
0.0926574 0.0959168 2 
0.0926371 0.0964068 2 
0.0926354 0.0927317 2 
0.092615 0.0938454 2 
0.0925223 0.0970206 2 
0.0924492 0.0938406 2 
0.0923334 0.0964935 2 
0.0923272 0.0959168 2 
0.0923145 0.0951748 2 
0.0923131 0.0980303 2 
0.0922876 0.0940741 2 
0.0922509 0.0978018 2 
0.0922482 0.0922844 2 
0.0922394 0.0963246 2 
0.0922233 0.0960377 2 
0.0922183 0.0967946 2 
0.0920975 0.0921699 2 
0.0920761 0.0940741 2 
0.0920635 0.0960396 2 
0.092045 0.0985572 2 
0.0920231 0.0954842 2 
0.092021 0.0945812 2 
0.0919927 0.0987677 2 
0.0919646 0.0971327 2 
0.0919582 0.0977201 2 
0.0919454 0.0954279 2 
0.091905 0.092803 2 
0.0918963 0.0927292 2 
0.091864 0.0965376 2 
0.0918531 0.0965734 2 
0.0918367 0.0931553 2 
0.0918212 0.0940904 2 
0.091682 0.0945128 2 
0.0915701 0.0936263 2 
0.0915556 0.0954842 2 
0.0915471 0.0947711 2 
0.0915468 0.0952522 2 
0.0915067 0.0960845 2 
0.0914904 0.0936263 2 
0.0914499 0.0956346 2 
0.091449 0.0923492 2 
0.0913833 0.0947551 2 
0.0913286 0.0985572 2 
0.0912986 0.095903 2 
0.0912886 0.0927684 2 
0.0912796 0.0916531 2 
0.091258 0.0915812 2 
0.0911372 0.0915756 2 
0.0910605 0.0952309 2 
0.091015 0.0960377 2 
0.0909948 0.0911945 2 
0.090902 0.0983545 2 
0.0908762 0.0967446 2 
0.0908738 0.0938488 2 
0.0908677 0.0915389 2 
0.0908513 0.0927628 2 
0.0908197 0.0943426 2 
0.0908157 0.0913151 2 
0.0908057 0.0952309 2 
0.0908017 0.0913434 2 
0.0907965 0.0908888 2 
0.0907956 0.0924374 2 
0.0907751 0.096661 2 
0.0907158 0.0908737 2 
0.0906892 0.092402 2 
0.0906271 0.0947711 2 
0.0906193 0.0927596 2 
0.0905983 0.0910079 2 
0.0905926 0.0965734 2 
0.0905843 0.0928551 2 
0.0905818 0.0954842 2 
0.0905605 0.0922659 2 
0.090484 0.0985572 2 
0.0904401 0.0914331 2 
0.0904287 0.0955979 2 
0.0904174 0.0960845 2 
0.09041 0.0972464 2 
0.0904027 0.0965734 2 
0.0903866 0.0945812 2 
0.0903699 0.0950876 2 
0.0903536 0.0904643 2 
0.0903495 0.0966986 2 
0.0903239 0.0960973 2 
0.0902967 0.0952309 2 
0.0902139 0.0966314 2 
0.0902128 0.0904575 2 
0.0901464 0.0944896 2 
0.0901426 0.0940904 2 
0.090126 0.0932295 2 
0.0901198 0.0929781 2 
0.0900386 0.094292 2 
0.0899948 0.0935533 2 
0.0899831 0.0977238 2 
0.0899816 0.0902019 2 
0.0899463 0.0914337 2 
0.0898922 0.0936263 2 
0.0898878 0.0925072 2 
0.0898854 0.0964491 2 
0.0898812 0.0948843 2 
0.0898571 0.0956346 2 
0.0898527 0.093296 2 
0.0898267 0.0927168 2 
0.0897534 0.0904603 2 
0.0897224 0.0944825 2 
0.0897083 0.0918504 2 
0.0896982 0.0900081 2 
0.0896557 0.095663 2 
0.0895543 0.0903341 2 
0.089521 0.089882 2 
0.0894878 0.0904534 2 
0.0894359 0.0923997 2 
0.0893991 0.0895355 2 
0.0893985 0.0919991 2 
0.0893845 0.0917365 2 
0.0893725 0.092217 2 
0.0893514 0.0897101 2 
0.0892763 0.0946449 2 
0.0892737 0.0941521 2 
0.0892524 0.0901227 2 
0.0892491 0.0931333 2 
0.089243 0.0965974 2 
0.0892379 0.0895003 2 
0.0892224 0.0960845 2 
0.0892209 0.0945696 2 
0.0892173 0.0978018 2 
0.0892131 0.0960377 2 
0.0891934 0.0947621 2 
0.0891852 0.0903341 2 
0.0891389 0.0909852 2 
0.0891359 0.0934765 2 
0.089118 0.0906277 2 
0.089104 0.0940904 2 
0.0890867 0.0986438 2 
0.0890693 0.0901928 2 
0.0890469 0.0903792 2 
0.088982 0.0935154 2 
0.0889187 0.0898948 2 
0.0889124 0.0960477 2 
0.0889022 0.0960973 2 
0.0888732 0.0892408 2 
0.0888613 0.0928984 2 
0.0888124 0.0904029 2 
0.0888096 0.0908649 2 
0.0888005 0.0889454 2 
0.0887861 0.0951748 2 
0.0887832 0.0948843 2 
0.0887701 0.0934275 2 
0.0887549 0.0902347 2 
0.0887173 0.0897285 2 
0.0886822 0.0887196 2 
0.0886761 0.0944896 2 
0.0886488 0.0954842 2 
0.0886282 0.089288 2 
0.0886057 0.0938107 2 
0.0886051 0.0935154 2 
0.0885632 0.095552 2 
0.0885297 0.0897451 2 
0.0884656 0.0963933 2 
0.0884504 0.0969849 2 
0.0884383 0.088906 2 
0.0883838 0.0916724 2 
0.0883502 0.0899683 2 
0.0883376 0.0952983 2 
0.0883263 0.0960845 2 
0.0883085 0.0886219 2 
0.0882378 0.0948843 2 
0.0881694 0.0934066 2 
0.0881551 0.0956346 2 
0.0881057 0.0940741 2 
0.0880854 0.0907089 2 
0.0880662 0.0938454 2 
0.0880579 0.0911447 2 
0.0880272 0.0891726 2 
0.0880005 0.0916546 2 
0.0879728 0.0904825 2 
0.0879692 0.0898218 2 
0.0879659 0.0960947 2 
0.0879601 0.0883122 2 
0.0879533 0.0887817 2 
0.0879528 0.0894174 2 
0.0879361 0.0885019 2 
0.0879358 0.0907542 2 
0.0879333 0.0920125 2 
0.0879205 0.089443 2 
0.0879031 0.0938406 2 
0.08786 0.0944896 2 
0.0878111 0.0958549 2 
0.0877928 0.0893541 2 
0.0877642 0.095663 2 
0.0877599 0.0900188 2 
0.0877178 0.0894618 2 
0.0876943 0.0878551 2 
0.0876526 0.096584 2 
0.087589 0.0886055 2 
0.087583 0.095855 2 
0.0875404 0.0888392 2 
0.0875285 0.0954831 2 
0.0875241 0.0960501 2 
0.0875094 0.0954074 2 
0.0875041 0.0909424 2 
0.0874714 0.0923997 2 
0.0874658 0.0897202 2 
0.0874143 0.088645 2 
0.0873216 0.0899149 2 
0.0873068 0.0876555 2 
0.087298 0.0873376 2 
0.087282 0.0920163 2 
0.0872731 0.0911001 2 
0.0872613 0.0898578 2 
0.0872512 0.0938454 2 
0.0872289 0.0873524 2 
0.0872205 0.0960973 2 
0.0872181 0.0956485 2 
0.0872054 0.0961681 2 
0.0871793 0.088995 2 
0.0871732 0.0923997 2 
0.0871569 0.0877343 2 
0.0871074 0.0878157 2 
0.087077 0.0883371 2 
0.0870008 0.0886219 2 
0.0869954 0.0873935 2 
0.0869691 0.0933801 2 
0.0869226 0.0871543 2 
0.0868819 0.0902035 2 
0.0868694 0.0928373 2 
0.0868437 0.0947647 2 
0.0867198 0.0900624 2 
0.086678 0.0906965 2 
0.0866731 0.0881916 2 
0.0866664 0.0925317 2 
0.0865627 0.0956346 2 
0.086504 0.0940741 2 
0.0865035 0.0955347 2 
0.0864576 0.0941612 2 
0.0863787 0.0938488 2 
0.0863696 0.0956485 2 
0.0863482 0.087191 2 
0.0863312 0.0938454 2 
0.0863019 0.0961681 2 
0.0862604 0.09079 2 
0.0861918 0.092616 2 
0.0861326 0.0887958 2 
0.086066 0.0895903 2 
0.0858923 0.0899683 2 
0.0855306 0.0878506 2 
0.085316 0.0857437 2 
0.0852878 0.0946449 2 
0.0851606 0.0902648 2 
0.0850423 0.087191 2 
0.0850248 0.0852045 2 
0.0849315 0.0887196 2 
0.0477894 0.048459 3 
0.0477704 0.0480473 3 
0.0465071 0.0468878 3 
0.0458739 0.0459662 3 
0.0457127 0.0467925 3 
0.0456527 0.0459364 3 
0.0455593 0.0456055 3 
0.0455547 0.0463733 3 
0.0455377 0.0469432 3 
0.0454025 0.0457423 3 
0.0451827 0.0467925 3 
0.0450968 0.0460737 3 
0.0450369 0.0454905 3 
0.0449781 0.0468009 3 
0.0448669 0.0459519 3 
0.0447268 0.0452012 3 
0.044715 0.0456486 3 
0.0446497 0.0450787 3 
0.0445924 0.0450474 3 
0.0445254 0.0452007 3 
0.0443008 0.0452281 3 
0.0442201 0.0450556 3 
0.0441814 0.0443625 3 
0.0441452 0.0461583 3 
0.0441335 0.044734 3 
0.0441174 0.0443777 3 
0.0440618 0.0454335 3 
0.0439412 0.0451413 3 
0.0438658 0.0448263 3 
0.0438356 0.0440434 3 
0.0437785 0.0439881 3 
0.0437528 0.0448263 3 
0.0437298 0.0443857 3 
0.0436955 0.0443624 3 
0.043607 0.044153 3 
0.0435588 0.0439034 3 
0.043532 0.0441917 3 
0.0434858 0.0454064 3 
0.0433664 0.0436172 3 
0.0432914 0.0443179 3 
0.0432907 0.043923 3 
0.0432796 0.0437786 3 
0.0431213 0.0435198 3 
0.0430548 0.0450474 3 
0.0430493 0.0440942 3 
0.0430053 0.0448277 3 
0.0429903 0.04321 3 
0.0429604 0.0448263 3 
0.0429464 0.0453084 3 
0.0429316 0.0441139 3 
0.0429225 0.044134 3 
0.0429005 0.044 3 
0.0428609 0.043708 3 
0.0428429 0.0439893 3 
0.042825 0.0431863 3 
0.042788 0.0432978 3 
0.0427302 0.043427 3 
0.042718 0.043511 3 
0.042531 0.0442328 3 
0.0425277 0.0428284 3 
0.0425073 0.0432699 3 
0.0425054 0.0447889 3 
0.0425023 0.0434335 3 
0.0424835 0.0436401 3 
0.0424741 0.0427223 3 
0.0424494 0.0429234 3 
0.0424453 0.04321 3 
0.0424327 0.0435033 3 
0.0423773 0.0443523 3 
0.0423578 0.0426886 3 
0.0423571 0.0436401 3 
0.0423507 0.0454064 3 
0.0423438 0.0426716 3 
0.0423376 0.0432662 3 
0.042326 0.042811 3 
0.042317 0.0432662 3 
0.0422963 0.0454064 3 
0.0422956 0.0431808 3 
0.0422564 0.043511 3 
0.0422489 0.0427286 3 
0.042245 0.0431808 3 
0.0421852 0.0455355 3 
0.0421844 0.0423152 3 
0.0421227 0.0428165 3 
0.0421086 0.042331 3 
0.0420975 0.0435516 3 
0.0420863 0.0437453 3 
0.0420828 0.0422166 3 
0.0420657 0.0425692 3 
0.0420427 0.0423905 3 
0.0420208 0.043511 3 
0.0419845 0.0432699 3 
0.0419748 0.0432673 3 
0.0419588 0.0427637 3 
0.0419424 0.0442914 3 
0.0419173 0.0448426 3 
0.0418938 0.0441373 3 
0.0418892 0.0438446 3 
0.0418743 0.0427286 3 
0.041814 0.0427168 3 
0.0418023 0.0436626 3 
0.0416977 0.0434143 3 
0.041686 0.0426259 3 
0.0416796 0.0432699 3 
0.0415747 0.041873 3 
0.0415531 0.0425464 3 
0.0415445 0.0420111 3 
0.0415103 0.0436973 3 
0.0414889 0.042406 3 
0.0414885 0.0417292 3 
0.0414821 0.0417282 3 
0.0414774 0.0454209 3 
0.0414545 0.0435104 3 
0.0414481 0.0425464 3 
0.0414212 0.0417099 3 
0.0414158 0.0423224 3 
0.0414089 0.0439178 3 
0.0413725 0.0447544 3 
0.0413681 0.0436973 3 
0.0413604 0.0429007 3 
0.0413557 0.0436753 3 
0.0413521 0.0429302 3 
0.0413309 0.0418678 3 
0.0413275 0.0427317 3 
0.0413107 0.0424962 3 
0.0413053 0.0435074 3 
0.0412967 0.0439893 3 
0.0412939 0.0436623 3 
0.0412695 0.041905 3 
0.0412676 0.0412858 3 
0.0412325 0.0433851 3 
0.0412085 0.0441917 3 
0.0412082 0.043667 3 
0.041158 0.04321 3 
0.0411416 0.0415128 3 
0.0411356 0.0453151 3 
0.0411129 0.0438739 3 
0.0411112 0.0415245 3 
0.0410824 0.0411755 3 
0.0410718 0.0410858 3 
0.0410652 0.0415994 3 
0.0410646 0.0427286 3 
0.0410373 0.0420889 3 
0.041026 0.0418369 3 
0.0410223 0.0419392 3 
0.0410191 0.0412716 3 
0.0409996 0.041873 3 
0.0409687 0.0431782 3 
0.0409575 0.0437786 3 
0.0409575 0.042315 3 
0.0409542 0.0413296 3 
0.0409486 0.0431808 3 
0.0409421 0.042187 3 
0.0409338 0.0438405 3 
0.0409164 0.0426259 3 
0.0409004 0.0435198 3 
0.0408886 0.0413505 3 
0.0408793 0.0418044 3 
0.0408026 0.0441139 3 
0.0408001 0.0441586 3 
0.0407938 0.0410995 3 
0.040767 0.041486 3 
0.0407599 0.0433766 3 
0.0407258 0.043196 3 
0.0407144 0.0437691 3 
0.0407089 0.043923 3 
0.0407076 0.0432699 3 
0.0407068 0.0427173 3 
0.0407033 0.0436669 3 
0.040682 0.0417974 3 
0.0406751 0.0438405 3 
0.0406684 0.0431057 3 
0.0406641 0.0409891 3 
0.0406365 0.0414256 3 
0.040629 0.0425832 3 
0.0405987 0.0416818 3 
0.0405805 0.0437839 3 
0.040576 0.0416413 3 
0.0405409 0.0416182 3 
0.0405282 0.0420827 3 
0.0405045 0.0410888 3 
0.0404978 0.0407405 3 
0.0404898 0.0412189 3 
0.0404719 0.04321 3 
0.0404714 0.0440622 3 
0.0404298 0.0431244 3 
0.0404215 0.0418678 3 
0.0404154 0.0425229 3 
0.0403905 0.0406471 3 
0.0403744 0.042331 3 
0.040368 0.0417292 3 
0.0403636 0.0420155 3 
0.0403063 0.0420111 3 
0.0402646 0.0409784 3 
0.0402032 0.0407135 3 
0.0401865 0.0416235 3 
0.0401523 0.0413349 3 
0.0401463 0.0439808 3 
0.0401183 0.0403704 3 
0.0401158 0.0410879 3 
0.0401046 0.0439468 3 
0.0400972 0.0409962 3 
0.0400938 0.0430518 3 
0.040067 0.0401125 3 
0.0400652 0.0438446 3 
0.0400428 0.0436172 3 
0.0400211 0.0404924 3 
0.0400195 0.0436436 3 
0.0400011 0.0410168 3 
0.039995 0.0408823 3 
0.0399736 0.0439794 3 
0.0399711 0.040866 3 
0.0399491 0.0423412 3 
0.0399467 0.0440804 3 
0.0399406 0.0417813 3 
0.0399155 0.0439064 3 
0.0399094 0.0405659 3 
0.0398872 0.0413843 3 
0.0398835 0.0439932 3 
0.0398676 0.0424366 3 
0.0398583 0.0424366 3 
0.0398397 0.0422425 3 
0.039797 0.0429007 3 
0.0397499 0.0422425 3 
0.0397466 0.0410746 3 
0.0397262 0.0437873 3 
0.0397191 0.0441469 3 
0.0397127 0.043167 3 
0.0396876 0.043167 3 
0.039677 0.0404235 3 
0.0396754 0.0425085 3 
0.0396688 0.0422166 3 
0.0396686 0.0413349 3 
0.0396247 0.0413349 3 
0.0396228 0.0415555 3 
0.0395997 0.0398527 3 
0.0395862 0.0412858 3 
0.0395333 0.0438003 3 
0.0395284 0.0429007 3 
0.0395014 0.0399764 3 
0.0394979 0.040211 3 
0.0394434 0.0434933 3 
0.0394062 0.0435208 3 
0.0393786 0.0438405 3 
0.0393545 0.0420002 3 
0.0393075 0.0422129 3 
0.0392986 0.0424883 3 
0.0392849 0.039334 3 
0.0392696 0.0402547 3 
0.0392421 0.0410142 3 
0.0392376 0.0400864 3 
0.0392141 0.0437047 3 
0.0392131 0.0392374 3 
0.0391979 0.0422416 3 
0.0391853 0.0412712 3 
0.039168 0.0423152 3 
0.0391626 0.0426898 3 
0.0391572 0.0441328 3 
0.0391176 0.0434933 3 
0.0391106 0.0438496 3 
0.0390904 0.039334 3 
0.039087 0.0400213 3 
0.0390788 0.0405436 3 
0.0390749 0.0423905 3 
0.0390428 0.0422166 3 
0.0387122 0.0414329 3 
0.0386649 0.0413423 3 
0.0386025 0.0416182 3 
0.0385746 0.0415555 3 
0.0385684 0.0415736 3 
0.0383444 0.0426094 3 
0.0383374 0.0397885 3 
0.0380216 0.0409555 3 
0.0379845 0.0381124 3 
0.0379767 0.039334 3 
0.0226863 0.0228033 4 
0.0224963 0.0227768 4 
0.0224366 0.022508 4 
0.0221558 0.0227188 4 
0.0221503 0.0224053 4 
0.0220384 0.022741 4 
0.0219913 0.0224717 4 
0.0218461 0.0219984 4 
0.0217595 0.0219337 4 
0.0216488 0.0217763 4 
0.0213444 0.0214484 4 
0.0213284 0.0220225 4 
0.0211092 0.0213783 4 
0.0210918 0.0210975 4 
0.0210842 0.0211334 4 
0.0209789 0.0211436 4 
0.0209731 0.0216678 4 
0.0209612 0.0214617 4 
0.0209034 0.0214771 4 
0.0208065 0.0221134 4 
0.0207704 0.0209436 4 
0.0207665 0.0209458 4 
0.0207576 0.0208908 4 
0.0207451 0.0212036 4 
0.0207314 0.0212171 4 
0.0207132 0.0207377 4 
0.0206813 0.0216487 4 
0.0205575 0.0219643 4 
0.0205568 0.022026 4 
0.0205466 0.0207637 4 
0.0204786 0.0208075 4 
0.0204695 0.0212086 4 
0.0204637 0.0206104 4 
0.0204334 0.0204459 4 
0.02043 0.0205074 4 
0.0204128 0.0208908 4 
0.0203908 0.0206271 4 
0.0203833 0.0207709 4 
0.0203815 0.0206019 4 
0.0203813 0.0204898 4 
0.0203587 0.021202 4 
0.0203399 0.0212567 4 
0.0202989 0.0216036 4 
0.0202428 0.021001 4 
0.0202162 0.0204317 4 
0.0201854 0.0222354 4 
0.0201693 0.0206941 4 
0.0201449 0.0204724 4 
0.0201436 0.0215118 4 
0.0201258 0.0220529 4 
0.0201142 0.0203996 4 
0.020093 0.020931 4 
0.0200876 0.0208378 4 
0.0200683 0.0207705 4 
0.0200347 0.020498 4 
0.0200272 0.0208075 4 
0.0200218 0.0204233 4 
0.0200216 0.0203372 4 
0.020014 0.0203993 4 
0.0200056 0.020587 4 
0.0199986 0.0204617 4 
0.019991 0.0200007 4 
0.0199763 0.0207681 4 
0.0199525 0.0200611 4 
0.0199431 0.0219912 4 
0.0199367 0.0210617 4 
0.0199301 0.020138 4 
0.0199298 0.0209707 4 
0.0199091 0.0202847 4 
0.0198858 0.0199918 4 
0.0198692 0.0203372 4 
0.0198525 0.0203128 4 
0.0198251 0.0209964 4 
0.0198156 0.0204536 4 
0.0197556 0.0206438 4 
0.0197528 0.0201728 4 
0.0197445 0.0203372 4 
0.0197404 0.0199227 4 
0.0197156 0.0199802 4 
0.0197122 0.0201081 4 
0.0197059 0.0215695 4 
0.0196856 0.0211538 4 
0.0196698 0.0212338 4 
0.0196366 0.0206019 4 
0.0196016 0.0198424 4 
0.0195912 0.019768 4 
0.0195847 0.0208221 4 
0.0195813 0.0198098 4 
0.0195757 0.0206993 4 
0.0195641 0.0203109 4 
0.0195623 0.0201921 4 
0.0195494 0.0200707 4 
0.0195433 0.0208471 4 
0.0195407 0.020001 4 
0.0195396 0.0200928 4 
0.0195392 0.0197747 4 
0.0195191 0.0199918 4 
0.0195186 0.0208089 4 
0.0194795 0.0194945 4 
0.0194772 0.0199157 4 
0.0194719 0.0195823 4 
0.0194688 0.0211363 4 
0.0194565 0.0195823 4 
0.0194548 0.0199694 4 
0.0194518 0.0197823 4 
0.0194466 0.0203548 4 
0.0194413 0.0198036 4 
0.0194412 0.0205011 4 
0.0194405 0.0204257 4 
0.0194336 0.0206373 4 
0.0194282 0.0208919 4 
0.0194169 0.0198391 4 
0.0193816 0.0202808 4 
0.019357 0.0205756 4 
0.0193492 0.0206104 4 
0.0193465 0.0210366 4 
0.019346 0.0202619 4 
0.0193457 0.0208568 4 
0.0193322 0.0199235 4 
0.0193209 0.0200266 4 
0.0193062 0.0206373 4 
0.0192759 0.0206019 4 
0.0192734 0.0202092 4 
0.0192722 0.0214059 4 
0.0192599 0.0201505 4 
0.0192483 0.0209553 4 
0.0192479 0.0202756 4 
0.0192458 0.0206908 4 
0.0192404 0.0204989 4 
0.0192375 0.0210897 4 
0.0192249 0.0199893 4 
0.0192208 0.0199458 4 
0.0191807 0.0210677 4 
0.0191748 0.0192486 4 
0.019142 0.0205875 4 
0.0191414 0.0198927 4 
0.0191326 0.0203059 4 
0.0191267 0.0194062 4 
0.0191264 0.020847 4 
0.0191216 0.0192329 4 
0.0191214 0.0193637 4 
0.0190825 0.0200032 4 
0.0190616 0.0199808 4 
0.01904 0.0207705 4 
0.0190313 0.0207429 4 
0.0190048 0.0193533 4 
0.0190034 0.0205337 4 
0.0190025 0.0193145 4 
0.0190016 0.0206547 4 
0.0189937 0.0196076 4 
0.0189741 0.0199694 4 
0.0189724 0.0202847 4 
0.0189604 0.0208687 4 
0.0189591 0.0200068 4 
0.0189486 0.0210755 4 
0.0189424 0.0197704 4 
0.0189286 0.0192113 4 
0.0189155 0.0192708 4 
0.0189054 0.0200304 4 
0.0189024 0.0207584 4 
0.0188979 0.0206908 4 
0.0188811 0.018889 4 
0.0188617 0.0192358 4 
0.0188593 0.0205875 4 
0.0188548 0.0199694 4 
0.0188383 0.0197691 4 
0.0188343 0.0211371 4 
0.0188319 0.0192794 4 
0.0188285 0.0192329 4 
0.0188162 0.0194991 4 
0.0188053 0.0200626 4 
0.0187975 0.02078 4 
0.0187916 0.0197691 4 
0.0187732 0.0191344 4 
0.0187686 0.02078 4 
0.0187494 0.020519 4 
0.0187399 0.0193082 4 
0.0187379 0.0208015 4 
0.0187369 0.0196841 4 
0.0187232 0.0188706 4 
0.0186847 0.0210975 4 
0.0186818 0.0205606 4 
0.0186409 0.020138 4 
0.0186124 0.0197536 4 
0.0185978 0.0209906 4 
0.0185723 0.0200517 4 
0.0185535 0.0204989 4 
0.0185457 0.0205232 4 
0.0185426 0.0205232 4 
0.0185273 0.019187 4 
0.0185235 0.0185475 4 
0.0185229 0.0203081 4 
0.0185167 0.0212338 4 
0.0184951 0.01976 4 
0.0184928 0.0194281 4 
0.0184925 0.0206048 4 
0.0184232 0.0197508 4 
0.018417 0.0196076 4 
0.0184137 0.0208618 4 
0.0183938 0.0198662 4 
0.0183586 0.0200644 4 
0.018344 0.0188877 4 
0.0183036 0.018964 4 
0.0182541 0.0194587 4 
0.0181412 0.019597 4 
0.0181325 0.0193082 4 
0.018128 0.0195568 4 
0.0181113 0.0199072 4 
0.0181001 0.0187531 4 
0.0180402 0.0200644 4 
0.0179674 0.0185475 4 
0.0178774 0.0196359 4 
0.0177873 0.0195264 4 
0.0176456 0.0177268 4 
0.0114318 0.0115592 5 
0.0112823 0.0113207 5 
0.0111756 0.0114993 5 
0.0110346 0.0110781 5 
0.0107242 0.0107258 5 
0.0107186 0.0108647 5 
0.0105575 0.0106928 5 
0.0104249 0.0105613 5 
0.0104162 0.0105861 5 
0.0104039 0.0106458 5 
0.0103521 0.0103581 5 
0.0103452 0.010907 5 
0.010323 0.0108013 5 
0.0103101 0.0108181 5 
0.0103002 0.0105063 5 
0.0102777 0.0106073 5 
0.0102528 0.0102971 5 
0.0102331 0.0102339 5 
0.0102189 0.0108792 5 
0.0101807 0.0103057 5 
0.0101212 0.0105278 5 
0.0100912 0.010298 5 
0.0100839 0.0104603 5 
0.0100822 0.0109542 5 
0.0100312 0.0102416 5 
0.0100222 0.0105318 5 
0.00998489 0.0101596 5 
0.00998314 0.0104641 5 
0.00995647 0.0102283 5 
0.00995469 0.0100705 5 
0.00995447 0.0108231 5 
0.00995182 0.0103915 5 
0.00994389 0.0104021 5 
0.00993736 0.0101704 5 
0.00992649 0.00998592 5 
0.00991228 0.0102227 5 
0.00990598 0.0102058 5 
0.00989547 0.010139 5 
0.00988024 0.0102008 5 
0.0098778 0.0103405 5 
0.00987648 0.0102416 5 
0.00987378 0.0108376 5 
0.00986447 0.00989637 5 
0.00985493 0.00993095 5 
0.00985434 0.00999172 5 
0.00984156 0.00998215 5 
0.00983839 0.00988906 5 
0.00981623 0.0100887 5 
0.00981023 0.0098791 5 
0.00979723 0.0103508 5 
0.00977558 0.010199 5 
0.00976971 0.00993291 5 
0.00975598 0.00991662 5 
0.00974691 0.00977301 5 
0.0097426 0.00994678 5 
0.00971187 0.010102 5 
0.0097065 0.00970853 5 
0.00969793 0.00970853 5 
0.00969001 0.0104635 5 
0.00967086 0.0100383 5 
0.0096693 0.0102663 5 
0.00965774 0.00988505 5 
0.00965322 0.00968513 5 
0.00965196 0.0105503 5 
0.00962876 0.0108093 5 
0.00962599 0.00998911 5 
0.0096077 0.0100259 5 
0.00959177 0.00963585 5 
0.0095911 0.0103932 5 
0.0095879 0.0102607 5 
0.00958697 0.0096221 5 
0.00958265 0.00989357 5 
0.00957877 0.00986373 5 
0.00957099 0.00973398 5 
0.00956715 0.0102815 5 
0.00956581 0.0096221 5 
0.00956044 0.00987649 5 
0.00954691 0.00990808 5 
0.00953986 0.0102182 5 
0.00953944 0.0100383 5 
0.00952775 0.0101933 5 
0.00952659 0.0101465 5 
0.00952582 0.0100259 5 
0.00952189 0.00968536 5 
0.00952082 0.00961345 5 
0.00951619 0.0105219 5 
0.00951094 0.00978915 5 
0.00950623 0.00994199 5 
0.0095044 0.0100228 5 
0.00950057 0.00984161 5 
0.00949992 0.00977061 5 
0.00949606 0.0102741 5 
0.00949382 0.00984161 5 
0.0094916 0.0104892 5 
0.0094782 0.0100532 5 
0.00947713 0.0100215 5 
0.00946891 0.00963455 5 
0.0094642 0.0102001 5 
0.00943607 0.00949432 5 
0.00942992 0.00996102 5 
0.00942929 0.00945434 5 
0.00942916 0.00976697 5 
0.00942364 0.0102079 5 
0.00942301 0.00989057 5 
0.00941714 0.0100287 5 
0.00941424 0.0100816 5 
0.00940814 0.010082 5 
0.00940708 0.00969367 5 
0.00940625 0.0101063 5 
0.0094036 0.00992578 5 
0.00939856 0.00955459 5 
0.00939531 0.00988505 5 
0.00939262 0.00990946 5 
0.00937826 0.00948142 5 
0.00936936 0.0101587 5 
0.00934102 0.00960324 5 
0.00933731 0.00937413 5 
0.00933685 0.0097204 5 
0.00933266 0.0101948 5 
0.00932221 0.0096414 5 
0.00931674 0.00970683 5 
0.0093124 0.00973794 5 
0.00931215 0.0100942 5 
0.00931076 0.00984161 5 
0.00930269 0.00951474 5 
0.0092848 0.0100228 5 
0.00928308 0.00999214 5 
0.0092648 0.0100725 5 
0.00925822 0.0100844 5 
0.00924627 0.0102227 5 
0.00924512 0.00949721 5 
0.00924289 0.0095114 5 
0.00922281 0.00992578 5 
0.00922077 0.00954956 5 
0.00921569 0.0102536 5 
0.00920981 0.00930991 5 
0.00920339 0.00954956 5 
0.00920152 0.00944881 5 
0.00919822 0.0101239 5 
0.00918522 0.00994719 5 
0.00918437 0.00994199 5 
0.00918133 0.00968513 5 
0.00917971 0.0093557 5 
0.00917779 0.0100915 5 
0.00917769 0.0091915 5 
0.00917555 0.00940384 5 
0.00917269 0.0096831 5 
0.00916115 0.00988542 5 
0.00915617 0.00992578 5 
0.00914906 0.00967403 5 
0.00914898 0.00946567 5 
0.00913788 0.00960771 5 
0.00913421 0.0103404 5 
0.0091319 0.00998291 5 
0.00912605 0.0096481 5 
0.00912546 0.00920311 5 
0.00911543 0.00999214 5 
0.00910702 0.00975589 5 
0.00909622 0.0101283 5 
0.00908457 0.00996102 5 
0.00908052 0.00962139 5 
0.00907989 0.00948171 5 
0.00906863 0.0102692 5 
0.00906002 0.0104067 5 
0.00905066 0.00955338 5 
0.00900039 0.00986548 5 
0.00897605 0.00984161 5 
0.00897036 0.0096718 5 
0.00896859 0.00998127 5 
0.00896667 0.0100297 5 
0.00892614 0.00954226 5 
0.00890964 0.0100087 5 
0.00890749 0.00922283 5 
0.00889037 0.0096718 5 
0.00889008 0.0102454 5 
0.00886049 0.00949287 5 
0.00885735 0.0091314 5 
0.0088316 0.00909908 5 
0.00882725 0.00935952 5 
0.00882433 0.00971991 5 
0.00881102 0.00903478 5 
0.00879943 0.00964155 5 
0.00879536 0.00919019 5 
0.00879046 0.00963178 5 
0.00879007 0.0096831 5 
0.00877783 0.00962706 5 
0.0087728 0.00944865 5 
0.00869519 0.00936081 5 
0.00863449 0.00924318 5 
0.0086131 0.00960771 5 
0.00852336 0.00855383 5 
0.00575992 0.00582811 6 
0.00547912 0.00548713 6 
0.00546973 0.00548001 6 
0.00537977 0.00551845 6 
0.0053124 0.00561883 6 
0.00529754 0.00541472 6 
0.00526515 0.00540226 6 
0.00524676 0.00527747 6 
0.00524502 0.00542986 6 
0.00524395 0.00526782 6 
0.00520978 0.0054494 6 
0.00519789 0.00527251 6 
0.00517426 0.00555696 6 
0.00516113 0.00549717 6 
0.00515412 0.005245 6 
0.00514794 0.005245 6 
0.00513699 0.0052782 6 
0.00510208 0.00535898 6 
0.00508609 0.0052383 6 
0.00507645 0.0051979 6 
0.00507057 0.0052871 6 
0.00506339 0.00531486 6 
0.00505703 0.00512099 6 
0.00504489 0.00515961 6 
0.00503472 0.00504135 6 
0.00501639 0.0052383 6 
0.00501633 0.0050535 6 
0.00500551 0.00513881 6 
0.00499868 0.0051337 6 
0.00498781 0.00544885 6 
0.00498055 0.00510651 6 
0.0049577 0.00499804 6 
0.00495513 0.00529708 6 
0.00495491 0.00500022 6 
0.00495221 0.00497246 6 
0.00495192 0.00510048 6 
0.00494822 0.00518211 6 
0.00493531 0.00545666 6 
0.00492917 0.0050356 6 
0.00492284 0.00501722 6 
0.0049192 0.00514037 6 
0.00491748 0.00528616 6 
0.00490969 0.00509026 6 
0.00488867 0.00493793 6 
0.00488839 0.00509148 6 
0.00487906 0.00489933 6 
0.00486864 0.00502411 6 
0.00486848 0.00497999 6 
0.00486074 0.00521084 6 
0.00484813 0.00508041 6 
0.00484699 0.00510234 6 
0.00483589 0.00531154 6 
0.004834 0.00504135 6 
0.00482773 0.00521671 6 
0.00482589 0.00511321 6 
0.00482286 0.00500843 6 
0.00482152 0.0051503 6 
0.00481061 0.00482166 6 
0.00480695 0.00481386 6 
0.00480567 0.00531306 6 
0.00480406 0.00494775 6 
0.00480174 0.00516106 6 
0.00480046 0.00498641 6 
0.00480045 0.0051901 6 
0.004799 0.00515981 6 
0.0047967 0.00494271 6 
0.00479581 0.00486787 6 
0.00479216 0.00506636 6 
0.00478339 0.00510633 6 
0.00476508 0.00515039 6 
0.00476357 0.00483005 6 
0.00476238 0.00495372 6 
0.00475919 0.00509217 6 
0.0047589 0.00511744 6 
0.00475212 0.00493871 6 
0.00475066 0.00507765 6 
0.00474729 0.00520437 6 
0.00474717 0.00482121 6 
0.00474105 0.00495205 6 
0.00473327 0.00499752 6 
0.0047307 0.00520347 6 
0.00473039 0.00498164 6 
0.0047255 0.00487064 6 
0.00472029 0.00482284 6 
0.00471936 0.00478872 6 
0.00471309 0.00482421 6 
0.00471163 0.0049339 6 
0.00470736 0.00471521 6 
0.00469853 0.00511321 6 
0.00469778 0.00503237 6 
0.00468918 0.0047791 6 
0.00467174 0.00496902 6 
0.00467123 0.00472498 6 
0.00466729 0.00484206 6 
0.00466415 0.00480238 6 
0.00466064 0.00499804 6 
0.00465919 0.0049022 6 
0.00465714 0.0048408 6 
0.00465536 0.00477001 6 
0.00465389 0.00484029 6 
0.00464793 0.00470307 6 
0.00464676 0.00473173 6 
0.00464085 0.00481386 6 
0.00463988 0.0048036 6 
0.00463983 0.00492372 6 
0.00463516 0.00487641 6 
0.00463227 0.00483814 6 
0.00462837 0.00486787 6 
0.00461982 0.00472459 6 
0.00461725 0.00508041 6 
0.00461527 0.00463282 6 
0.00461227 0.00466061 6 
0.00460963 0.00470307 6 
0.00460248 0.00473173 6 
0.00459502 0.00489102 6 
0.00458782 0.00486164 6 
0.00457989 0.00502978 6 
0.0045776 0.00462766 6 
0.00457617 0.00514078 6 
0.00457016 0.0050995 6 
0.00456815 0.00469798 6 
0.00456793 0.00509605 6 
0.00456696 0.00506899 6 
0.00456608 0.00487811 6 
0.00456376 0.00505594 6 
0.00456188 0.00513094 6 
0.00455845 0.00484725 6 
0.00455808 0.00482284 6 
0.00455456 0.00457323 6 
0.0045525 0.00479286 6 
0.00455195 0.00485696 6 
0.00454923 0.00458684 6 
0.00454301 0.00480548 6 
0.00454213 0.00488234 6 
0.00454078 0.00506636 6 
0.00453857 0.00474795 6 
0.0045372 0.00494775 6 
0.0045323 0.00456094 6 
0.00452745 0.00488234 6 
0.00452099 0.00479286 6 
0.00451327 0.00514086 6 
0.0045057 0.00505408 6 
0.00449904 0.00516525 6 
0.00449779 0.00511524 6 
0.00448622 0.00500347 6 
0.00448303 0.00481217 6 
0.00448031 0.00488345 6 
0.00448004 0.00497999 6 
0.00447104 0.00469798 6 
0.00447034 0.00480548 6 
0.00446232 0.00482284 6 
0.0044498 0.00512755 6 
0.00444406 0.00499685 6 
0.00444249 0.00445528 6 
0.00442964 0.00450649 6 
0.00441746 0.00502844 6 
0.0044147 0.00459049 6 
0.00441033 0.00451299 6 
0.00439153 0.00513197 6 
0.00437947 0.00473604 6 
0.00437875 0.00500265 6 
0.00437602 0.00480639 6 
0.00437291 0.00480675 6 
0.00436098 0.00485336 6 
0.00435592 0.00456442 6 
0.00434034 0.00471743 6 
0.00433525 0.00487088 6 
0.00433488 0.00477638 6 
0.00433374 0.00454789 6 
0.00432704 0.00459574 6 
0.00431841 0.00473991 6 
0.00431618 0.00482145 6 
0.00429352 0.00464824 6 
0.004285 0.00482887 6 
0.00278241 0.00295474 7 
0.00277618 0.00288576 7 
0.00273204 0.00280858 7 
0.00269944 0.00271851 7 
0.00269518 0.00286412 7 
0.00269217 0.0027154 7 
0.00266784 0.00279946 7 
0.00265731 0.00269084 7 
0.00264541 0.00269057 7 
0.00264285 0.00273887 7 
0.00263566 0.00280233 7 
0.00263471 0.00264698 7 
0.00261507 0.00268656 7 
0.00260839 0.00266966 7 
0.00260263 0.00266905 7 
0.00257592 0.00288324 7 
0.00257027 0.00260148 7 
0.00256214 0.00260447 7 
0.00256185 0.00256279 7 
0.00255907 0.00278191 7 
0.00254311 0.00265848 7 
0.00253187 0.00253782 7 
0.0025317 0.00253826 7 
0.00252504 0.00263249 7 
0.00252388 0.00253194 7 
0.00252104 0.00260877 7 
0.00251472 0.00263167 7 
0.00251444 0.00261588 7 
0.00251329 0.00264716 7 
0.0025087 0.00263916 7 
0.00250497 0.00259265 7 
0.00250157 0.00270961 7 
0.00250122 0.00263407 7 
0.00250053 0.00252474 7 
0.00249853 0.00255024 7 
0.00249561 0.00259866 7 
0.00248788 0.00266161 7 
0.00248009 0.00261658 7 
0.00247738 0.00269568 7 
0.00247451 0.00274675 7 
0.00247449 0.00251538 7 
0.00247321 0.00277005 7 
0.00247049 0.00263347 7 
0.0024699 0.00260574 7 
0.00246736 0.00246824 7 
0.0024658 0.00250861 7 
0.00246421 0.00273451 7 
0.00246419 0.00257615 7 
0.0024602 0.00257878 7 
0.00245814 0.00264545 7 
0.00245304 0.00257208 7 
0.00245256 0.00247328 7 
0.00245138 0.00251864 7 
0.00244978 0.00256625 7 
0.00244612 0.00262905 7 
0.00244364 0.00257706 7 
0.00244277 0.00250401 7 
0.00242971 0.00254132 7 
0.00242596 0.00261054 7 
0.00242394 0.00248858 7 
0.0024206 0.00257656 7 
0.00242046 0.00242165 7 
0.00241852 0.00262961 7 
0.00241187 0.00270979 7 
0.00240864 0.00250571 7 
0.00240406 0.0025668 7 
0.00240326 0.00254095 7 
0.00240233 0.00256071 7 
0.00239745 0.00240486 7 
0.00239688 0.0025105 7 
0.00239618 0.00240162 7 
0.00239225 0.00246074 7 
0.00238747 0.00245411 7 
0.00238589 0.00259693 7 
0.00238237 0.0024949 7 
0.00238164 0.00240314 7 
0.0023785 0.00262961 7 
0.00237618 0.00241473 7 
0.00237445 0.00245953 7 
0.00237358 0.00239435 7 
0.00237332 0.00253021 7 
0.00237183 0.00242015 7 
0.00237143 0.00240473 7 
0.00236917 0.0024732 7 
0.00236771 0.00244362 7 
0.0023599 0.00237379 7 
0.00235595 0.00237057 7 
0.00235544 0.00238732 7 
0.00235464 0.00239135 7 
0.00235391 0.00248636 7 
0.0023524 0.00239135 7 
0.00235006 0.00240795 7 
0.00234981 0.00261588 7 
0.00234656 0.00239216 7 
0.00234416 0.00242219 7 
0.00234285 0.00239216 7 
0.00234197 0.00244362 7 
0.00234068 0.00263255 7 
0.00233796 0.00240486 7 
0.00232789 0.00246978 7 
0.00232369 0.00234423 7 
0.00232368 0.0025779 7 
0.00232252 0.00249299 7 
0.00232248 0.00236696 7 
0.00232067 0.00262086 7 
0.00231984 0.00248858 7 
0.00231607 0.00243043 7 
0.00231473 0.00250579 7 
0.00231383 0.00245865 7 
0.00231032 0.00250861 7 
0.00230702 0.00232332 7 
0.00230588 0.00260057 7 
0.00229947 0.00231468 7 
0.00229866 0.0024934 7 
0.00229736 0.00241737 7 
0.00229256 0.00244175 7 
0.00229164 0.00243699 7 
0.00229148 0.00262068 7 
0.00227847 0.00256708 7 
0.00227831 0.00245542 7 
0.00227804 0.00240409 7 
0.00227619 0.00243929 7 
0.00227244 0.00241737 7 
0.00227056 0.00231468 7 
0.0022704 0.00249964 7 
0.00226977 0.00257208 7 
0.00226596 0.00228652 7 
0.00226595 0.00232138 7 
0.0022628 0.00258626 7 
0.00226021 0.00240964 7 
0.00225956 0.00227954 7 
0.00225779 0.00260193 7 
0.0022558 0.00244175 7 
0.00225529 0.00239615 7 
0.00225475 0.00236696 7 
0.00225266 0.00254677 7 
0.00225049 0.0026796 7 
0.00224436 0.00259886 7 
0.00223977 0.00227733 7 
0.0022385 0.00235617 7 
0.00223802 0.00232138 7 
0.00223794 0.00244175 7 
0.00223646 0.0023817 7 
0.00223328 0.00226909 7 
0.00223147 0.00256369 7 
0.0022314 0.00253149 7 
0.00223091 0.00245982 7 
0.00222781 0.00245982 7 
0.00221729 0.00260474 7 
0.00221697 0.00257546 7 
0.0022163 0.00244843 7 
0.00219612 0.00246966 7 
0.00219106 0.00240874 7 
0.00218871 0.00246622 7 
0.00218009 0.00228744 7 
0.00217915 0.00239405 7 
0.00217909 0.00247394 7 
0.00216921 0.00248885 7 
0.00216544 0.00238732 7 
0.00216456 0.00227099 7 
0.00216278 0.002427 7 
0.00215805 0.00242165 7 
0.00147474 0.0015679 8 
0.00144642 0.00146148 8 
0.00143094 0.00149082 8 
0.00141861 0.00149453 8 
0.00139478 0.00142685 8 
0.001379 0.00143909 8 
0.00137021 0.00137513 8 
0.00136979 0.00143309 8 
0.00136188 0.00150335 8 
0.00135933 0.00136248 8 
0.00135721 0.00143817 8 
0.00135057 0.00138487 8 
0.0013298 0.00136289 8 
0.00132951 0.00142063 8 
0.00132284 0.00132843 8 
0.00132013 0.00134684 8 
0.00131997 0.00134311 8 
0.00131369 0.0013758 8 
0.0013132 0.00132857 8 
0.00131018 0.0013102 8 
0.00130954 0.00132524 8 
0.00130784 0.00133186 8 
0.0013064 0.00138224 8 
0.00130192 0.00133547 8 
0.00130171 0.00139373 8 
0.0012995 0.00131528 8 
0.00129921 0.00138 8 
0.00129273 0.00135703 8 
0.00129058 0.00143802 8 
0.00129043 0.00132831 8 
0.00128851 0.00135684 8 
0.00128513 0.00133415 8 
0.00128463 0.00138336 8 
0.00128431 0.00133742 8 
0.00128101 0.00134778 8 
0.00128018 0.00129161 8 
0.0012794 0.00130443 8 
0.00127928 0.00136715 8 
0.00127878 0.00131018 8 
0.00127336 0.00132647 8 
0.00127266 0.00132191 8 
0.0012726 0.00140107 8 
0.00126829 0.00133418 8 
0.00126706 0.00131296 8 
0.00126537 0.00126807 8 
0.00126436 0.00142103 8 
0.00126421 0.00137051 8 
0.0012642 0.00134645 8 
0.0012632 0.00135438 8 
0.00126091 0.00132351 8 
0.00125813 0.00128055 8 
0.00125715 0.00135663 8 
0.00125658 0.00142741 8 
0.00125175 0.00129093 8 
0.00125075 0.0012697 8 
0.00124851 0.00128943 8 
0.00124431 0.00124924 8 
0.001244 0.00129707 8 
0.00124338 0.00141752 8 
0.00124207 0.00127459 8 
0.00124196 0.00124327 8 
0.00124173 0.0013414 8 
0.00123383 0.00136289 8 
0.00122696 0.00132752 8 
0.00122674 0.0013073 8 
0.00122403 0.00126026 8 
0.0012218 0.00129493 8 
0.00121993 0.00122025 8 
0.00121885 0.00123606 8 
0.00121822 0.00122855 8 
0.00121581 0.00134956 8 
0.00121336 0.00125341 8 
0.00121241 0.00130373 8 
0.00121047 0.00134665 8 
0.00121042 0.00128022 8 
0.0012102 0.00123315 8 
0.0012093 0.00135586 8 
0.00120904 0.00122855 8 
0.00120582 0.00129453 8 
0.00120553 0.00122366 8 
0.00120535 0.0012094 8 
0.00120461 0.00125797 8 
0.0012037 0.00123122 8 
0.00120202 0.00123003 8 
0.00120155 0.00129566 8 
0.00119955 0.00121294 8 
0.00119824 0.00130665 8 
0.00119743 0.00123659 8 
0.0011967 0.00123681 8 
0.00119476 0.00123186 8 
0.00119153 0.00123149 8 
0.00119088 0.00129583 8 
0.00118644 0.00125098 8 
0.00118547 0.00119118 8 
0.0011846 0.00125896 8 
0.00118089 0.00123149 8 
0.00118036 0.00124151 8 
0.00117956 0.00128348 8 
0.00117842 0.00125677 8 
0.00117729 0.00133836 8 
0.00117722 0.00118744 8 
0.00117535 0.00125878 8 
0.00117535 0.00126044 8 
0.00117505 0.00133513 8 
0.00117377 0.00127452 8 
0.00117368 0.00123779 8 
0.00117071 0.00123861 8 
0.00116605 0.00136253 8 
0.0011651 0.00125797 8 
0.00116259 0.00122383 8 
0.00116256 0.00116453 8 
0.00116233 0.00127505 8 
0.00116076 0.00121966 8 
0.00115985 0.00124975 8 
0.00115805 0.00138428 8 
0.00115548 0.00124505 8 
0.00115489 0.00131711 8 
0.00115418 0.00131782 8 
0.00115199 0.00116528 8 
0.00114958 0.0012151 8 
0.00114901 0.0011931 8 
0.00114746 0.00123779 8 
0.00114723 0.0012754 8 
0.00114714 0.00117223 8 
0.00114673 0.00134131 8 
0.00114457 0.00117817 8 
0.00114401 0.00119916 8 
0.00114357 0.00130205 8 
0.00114276 0.00123765 8 
0.00114267 0.00125028 8 
0.0011393 0.00123578 8 
0.00113823 0.0013057 8 
0.00113793 0.00124202 8 
0.00113258 0.00132648 8 
0.00113239 0.00124678 8 
0.00113209 0.00127356 8 
0.00113193 0.00123001 8 
0.00113144 0.00118744 8 
0.00113101 0.00132526 8 
0.00113063 0.00124975 8 
0.00112625 0.00125581 8 
0.00111997 0.00127547 8 
0.0011154 0.00117649 8 
0.00111404 0.00124359 8 
0.00111102 0.00116453 8 
0.00110483 0.00133997 8 
0.00110379 0.00123991 8 
0.00109752 0.00122346 8 
0.00109427 0.00113676 8 
0.00109049 0.00125769 8 
0.000788545 0.000837383 9 
0.000783638 0.000784473 9 
0.000754875 0.000797551 9 
0.000752331 0.000787603 9 
0.00074313 0.000744195 9 
0.000729023 0.000756906 9 
0.000726725 0.000783589 9 
0.000718026 0.000746642 9 
0.000713856 0.000754218 9 
0.000709021 0.000716495 9 
0.000703538 0.000742113 9 
0.000697894 0.000723727 9 
0.000696386 0.000710652 9 
0.000692417 0.000703117 9 
0.000692238 0.000734713 9 
0.000690206 0.000729395 9 
0.000689992 0.000695303 9 
0.000687606 0.000698828 9 
0.000682197 0.000685976 9 
0.000680961 0.000737507 9 
0.000679872 0.000761253 9 
0.000677876 0.000726386 9 
0.000677584 0.000685209 9 
0.000677133 0.000682139 9 
0.000676922 0.000729742 9 
0.000674751 0.000676332 9 
0.00067418 0.000689939 9 
0.00067123 0.000687503 9 
0.000670815 0.000706454 9 
0.000670401 0.000673644 9 
0.000668878 0.000691786 9 
0.000668556 0.000712598 9 
0.000667862 0.000700015 9 
0.000667271 0.00068561 9 
0.000664269 0.000732227 9 
0.000663804 0.000683024 9 
0.000662925 0.000694305 9 
0.000662806 0.000701757 9 
0.000661505 0.000670584 9 
0.000660414 0.00067249 9 
0.000659527 0.000703771 9 
0.000659518 0.000684718 9 
0.000656956 0.000710778 9 
0.000655401 0.000693158 9 
0.000654135 0.000711067 9 
0.000653719 0.000659918 9 
0.000651184 0.0006542 9 
0.000651093 0.000665668 9 
0.000649313 0.000677303 9 
0.000648497 0.000744435 9 
0.00064646 0.000746272 9 
0.000645082 0.000721557 9 
0.000644207 0.000736636 9 
0.000643461 0.000683717 9 
0.000637722 0.00070928 9 
0.000637292 0.000684994 9 
0.000636896 0.000655614 9 
0.000636044 0.000668186 9 
0.000632813 0.000639876 9 
0.000630632 0.000638701 9 
0.000629699 0.000639223 9 
0.000629684 0.000687503 9 
0.000628356 0.000661163 9 
0.000626953 0.000671511 9 
0.000626371 0.000652495 9 
0.000625478 0.000668099 9 
0.000625221 0.000627365 9 
0.000625169 0.000662661 9 
0.000624966 0.000634652 9 
0.000624045 0.000709856 9 
0.000623697 0.00063575 9 
0.000623621 0.000654677 9 
0.000622093 0.000677754 9 
0.000622014 0.000628263 9 
0.000619092 0.000624918 9 
0.000619036 0.000653838 9 
0.000618903 0.000665872 9 
0.000618247 0.000642783 9 
0.000616772 0.000637326 9 
0.000615989 0.000630092 9 
0.000615804 0.000636086 9 
0.000615478 0.000616377 9 
0.000615294 0.000699293 9 
0.000614909 0.000658963 9 
0.000614504 0.000640934 9 
0.000613369 0.000661717 9 
0.000612256 0.000665967 9 
0.000612 0.00062619 9 
0.000609636 0.000615813 9 
0.000609394 0.00063295 9 
0.000608184 0.000655614 9 
0.000606888 0.00063866 9 
0.000606868 0.000628749 9 
0.000606724 0.000692936 9 
0.000605834 0.00064358 9 
0.000605708 0.000665163 9 
0.000605158 0.000637946 9 
0.00060319 0.000718704 9 
0.000601639 0.000647817 9 
0.000600793 0.000714079 9 
0.000599796 0.000601388 9 
0.000598458 0.000603083 9 
0.000597576 0.000637946 9 
0.000596705 0.000676868 9 
0.000596157 0.00062619 9 
0.000596008 0.000645076 9 
0.00059579 0.000645052 9 
0.000595309 0.000597702 9 
0.000594202 0.000641582 9 
0.000593996 0.00063575 9 
0.000593904 0.000682858 9 
0.000593864 0.000604476 9 
0.000592885 0.000663767 9 
0.00059264 0.000665967 9 
0.000592083 0.000645498 9 
0.000591511 0.000689161 9 
0.000591034 0.000681078 9 
0.000589208 0.000645052 9 
0.000588523 0.000615535 9 
0.000588185 0.000641582 9 
0.000587662 0.000666209 9 
0.000586449 0.000614885 9 
0.000584553 0.000648525 9 
0.000583203 0.000685426 9 
0.00058141 0.000664965 9 
0.00058073 0.000626161 9 
0.000580125 0.000647542 9 
0.000578466 0.000613557 9 
0.000578083 0.000684592 9 
0.000577377 0.00064358 9 
0.000574246 0.000616161 9 
0.000572224 0.000640934 9 
0.000571702 0.000650842 9 
0.00056995 0.000614625 9 
0.000569744 0.000699358 9 
0.000566245 0.000599685 9 
0.000564091 0.000629026 9 
0.000558177 0.000647542 9 
0.000557791 0.000575131 9 
