0 0.5001 0 
0 0.5025 0 
0 0.502597 0 
0 0.502787 0 
0 0.503707 0 
0 0.503956 0 
0 0.504409 0 
0 0.504559 0 
0 0.504667 0 
0 0.504738 0 
0 0.504796 0 
0 0.504819 0 
0 0.505241 0 
0 0.50555 0 
0 0.5059 0 
0 0.505994 0 
0 0.50621 0 
0 0.506216 0 
0 0.506264 0 
0 0.506276 0 
0 0.506309 0 
0 0.506603 0 
0 0.506766 0 
0 0.506828 0 
0 0.507014 0 
0 0.507186 0 
0 0.507226 0 
0 0.507238 0 
0 0.50729 0 
0 0.507332 0 
0 0.507377 0 
0 0.507438 0 
0 0.507495 0 
0 0.507564 0 
0 0.507623 0 
0 0.507664 0 
0 0.507686 0 
0 0.507689 0 
0 0.507738 0 
0 0.507845 0 
0 0.507887 0 
0 0.507915 0 
0 0.507956 0 
0 0.507986 0 
0 0.50802 0 
0 0.508266 0 
0 0.508346 0 
0 0.508449 0 
0 0.508728 0 
0 0.508743 0 
0 0.508744 0 
0 0.508748 0 
0 0.50884 0 
0 0.508852 0 
0 0.508879 0 
0 0.508932 0 
0 0.508957 0 
0 0.509018 0 
0 0.509072 0 
0 0.509113 0 
0 0.509134 0 
0 0.509135 0 
0 0.509171 0 
0 0.509179 0 
0 0.509296 0 
0 0.509308 0 
0 0.509432 0 
0 0.509463 0 
0 0.509469 0 
0 0.509502 0 
0 0.509568 0 
0 0.509585 0 
0 0.509597 0 
0 0.509648 0 
0 0.509652 0 
0 0.509702 0 
0 0.509731 0 
0 0.509735 0 
0 0.509822 0 
0 0.509868 0 
0 0.509995 0 
0 0.510039 0 
0 0.510206 0 
0 0.510321 0 
0 0.510357 0 
0 0.510403 0 
0 0.510512 0 
0 0.510595 0 
0 0.510617 0 
0 0.510626 0 
0 0.510694 0 
0 0.510699 0 
0 0.510785 0 
0 0.510816 0 
0 0.510881 0 
0 0.510956 0 
0 0.511008 0 
0 0.511062 0 
0 0.511104 0 
0 0.51115 0 
0 0.511164 0 
0 0.511173 0 
0 0.511242 0 
0 0.511256 0 
0 0.511281 0 
0 0.511286 0 
0 0.511332 0 
0 0.511338 0 
0 0.511352 0 
0 0.511415 0 
0 0.511421 0 
0 0.511454 0 
0 0.511489 0 
0 0.51153 0 
0 0.511613 0 
0 0.511767 0 
0 0.511818 0 
0 0.511875 0 
0 0.511889 0 
0 0.511891 0 
0 0.511964 0 
0 0.512017 0 
0 0.512025 0 
0 0.512194 0 
0 0.512425 0 
0 0.512609 0 
0 0.513119 0 
0 inf 0 
0 0.192284 1 
0 0.194589 1 
0 0.195554 1 
0 0.196118 1 
0 0.196197 1 
0 0.196915 1 
0 0.197253 1 
0 0.197427 1 
0 0.197483 1 
0 0.19755 1 
0 0.197567 1 
0 0.19765 1 
0 0.197826 1 
0 0.197865 1 
0 0.197924 1 
0 0.198136 1 
0 0.198166 1 
0 0.198319 1 
0 0.198333 1 
0 0.19845 1 
0 0.198488 1 
0 0.198596 1 
0 0.198794 1 
0 0.198903 1 
0 0.198948 1 
0 0.199017 1 
0 0.199226 1 
0 0.199336 1 
0 0.19938 1 
0 0.199456 1 
0 0.199519 1 
0 0.199714 1 
0 0.199801 1 
0 0.199817 1 
0 0.199859 1 
0 0.199881 1 
0 0.199952 1 
0 0.199952 1 
0 0.199977 1 
0 0.199982 1 
0 0.200041 1 
0 0.200079 1 
0 0.200132 1 
0 0.200168 1 
0 0.200224 1 
0 0.2003 1 
0 0.200456 1 
0 0.20046 1 
0 0.200561 1 
0 0.200576 1 
0 0.200587 1 
0 0.200604 1 
0 0.200665 1 
0 0.200707 1 
0 0.200796 1 
0 0.200828 1 
0 0.200863 1 
0 0.200909 1 
0 0.200928 1 
0 0.200954 1 
0 0.200978 1 
0 0.201036 1 
0 0.201048 1 
0 0.201053 1 
0 0.201059 1 
0 0.201093 1 
0 0.201132 1 
0 0.201209 1 
0 0.20121 1 
0 0.20124 1 
0 0.201258 1 
0 0.201275 1 
0 0.20134 1 
0 0.201459 1 
0 0.201472 1 
0 0.201505 1 
0 0.201564 1 
0 0.201576 1 
0 0.201635 1 
0 0.201709 1 
0 0.201718 1 
0 0.201753 1 
0 0.201766 1 
0 0.201773 1 
0 0.20185 1 
0 0.201957 1 
0 0.202011 1 
0 0.202062 1 
0 0.202095 1 
0 0.202116 1 
0 0.20212 1 
0 0.202143 1 
0 0.202175 1 
0 0.202197 1 
0 0.202227 1 
0 0.202354 1 
0 0.202465 1 
0 0.202466 1 
0 0.202469 1 
0 0.202509 1 
0 0.202538 1 
0 0.20256 1 
0 0.202596 1 
0 0.202599 1 
0 0.202608 1 
0 0.202677 1 
0 0.202719 1 
0 0.202767 1 
0 0.202777 1 
0 0.20288 1 
0 0.20293 1 
0 0.202959 1 
0 0.203012 1 
0 0.203091 1 
0 0.203354 1 
0 0.203406 1 
0 0.203546 1 
0 0.203723 1 
0 0.203725 1 
0 0.203757 1 
0 0.203809 1 
0 0.204067 1 
0 0.204185 1 
0 0.204694 1 
0 0.204808 1 
0 0.205325 1 
0 0.205354 1 
0 inf 1 
0 0.079642 2 
0 0.0803088 2 
0 0.0803919 2 
0 0.081026 2 
0 0.0814279 2 
0 0.0814321 2 
0 0.0816728 2 
0 0.0817128 2 
0 0.081792 2 
0 0.0818144 2 
0 0.0818238 2 
0 0.0818321 2 
0 0.0823518 2 
0 0.0823573 2 
0 0.0823976 2 
0 0.0824912 2 
0 0.0826624 2 
0 0.0828759 2 
0 0.0831179 2 
0 0.0831316 2 
0 0.083297 2 
0 0.0833032 2 
0 0.0834828 2 
0 0.0836104 2 
0 0.0836148 2 
0 0.0836666 2 
0 0.0838548 2 
0 0.0840219 2 
0 0.0840416 2 
0 0.0840815 2 
0 0.0840888 2 
0 0.0841059 2 
0 0.0841159 2 
0 0.0842628 2 
0 0.084289 2 
0 0.0843463 2 
0 0.0844079 2 
0 0.0844483 2 
0 0.0844804 2 
0 0.0846207 2 
0 0.0846309 2 
0 0.084684 2 
0 0.0847207 2 
0 0.0847281 2 
0 0.0847596 2 
0 0.0847756 2 
0 0.0848329 2 
0 0.084835 2 
0 0.0848422 2 
0 0.0848868 2 
0 0.0849431 2 
0 0.084961 2 
0 0.085049 2 
0 0.085071 2 
0 0.0851107 2 
0 0.0851247 2 
0 0.0851323 2 
0 0.0851696 2 
0 0.0851836 2 
0 0.0852252 2 
0 0.085247 2 
0 0.0852487 2 
0 0.0852778 2 
0 0.085294 2 
0 0.0853509 2 
0 0.0853887 2 
0 0.0854048 2 
0 0.0854853 2 
0 0.085558 2 
0 0.0855755 2 
0 0.085611 2 
0 0.0856344 2 
0 0.0858164 2 
0 0.0859016 2 
0 0.0859205 2 
0 0.0859639 2 
0 0.0860059 2 
0 0.0860323 2 
0 0.0860486 2 
0 0.0860841 2 
0 0.0860914 2 
0 0.0861209 2 
0 0.0861397 2 
0 0.0861559 2 
0 0.0861577 2 
0 0.0861641 2 
0 0.0861688 2 
0 0.0861764 2 
0 0.0862167 2 
0 0.0862544 2 
0 0.0862558 2 
0 0.0862678 2 
0 0.0862914 2 
0 0.0863218 2 
0 0.086339 2 
0 0.0863486 2 
0 0.0863722 2 
0 0.0863807 2 
0 0.0863997 2 
0 0.0864094 2 
0 0.0864169 2 
0 0.0864364 2 
0 0.0864686 2 
0 0.0864991 2 
0 0.0865411 2 
0 0.0868402 2 
0 0.0869583 2 
0 0.0869596 2 
0 0.0870317 2 
0 0.0870392 2 
0 0.0872428 2 
0 0.0872983 2 
0 0.087335 2 
0 0.0873544 2 
0 0.0874355 2 
0 0.0874912 2 
0 0.0876185 2 
0 0.0876942 2 
0 0.087749 2 
0 0.0878914 2 
0 0.0879992 2 
0 0.0880195 2 
0 0.0880599 2 
0 0.0883995 2 
0 0.0886395 2 
0 0.0888383 2 
0 0.0897881 2 
0 inf 2 
0 0.0346666 3 
0 0.0349771 3 
0 0.0353232 3 
0 0.0355052 3 
0 0.0355052 3 
0 0.0355447 3 
0 0.0356671 3 
0 0.035712 3 
0 0.0357769 3 
0 0.0357966 3 
0 0.0361823 3 
0 0.0362954 3 
0 0.0363964 3 
0 0.0364724 3 
0 0.0364866 3 
0 0.0365727 3 
0 0.0366074 3 
0 0.0366098 3 
0 0.036654 3 
0 0.0367685 3 
0 0.0368066 3 
0 0.0368273 3 
0 0.0369596 3 
0 0.0370385 3 
0 0.0370474 3 
0 0.0370894 3 
0 0.0371578 3 
0 0.0371763 3 
0 0.0371904 3 
0 0.0371987 3 
0 0.0372827 3 
0 0.0373906 3 
0 0.0374156 3 
0 0.0374635 3 
0 0.0374786 3 
0 0.0375244 3 
0 0.0375275 3 
0 0.0375885 3 
0 0.037603 3 
0 0.0377252 3 
0 0.0377578 3 
0 0.03781 3 
0 0.0378542 3 
0 0.0378718 3 
0 0.0379693 3 
0 0.0380139 3 
0 0.0380549 3 
0 0.038058 3 
0 0.0380605 3 
0 0.0380719 3 
0 0.0381809 3 
0 0.0382344 3 
0 0.0382416 3 
0 0.0382559 3 
0 0.0382568 3 
0 0.0382671 3 
0 0.0382833 3 
0 0.0382932 3 
0 0.0383137 3 
0 0.0383152 3 
0 0.0383253 3 
0 0.0383482 3 
0 0.0383497 3 
0 0.0383506 3 
0 0.0383623 3 
0 0.0383724 3 
0 0.0383755 3 
0 0.0383885 3 
0 0.038398 3 
0 0.0384349 3 
0 0.0384374 3 
0 0.0384612 3 
0 0.038464 3 
0 0.0384993 3 
0 0.0385032 3 
0 0.0385814 3 
0 0.0386249 3 
0 0.038632 3 
0 0.0386913 3 
0 0.0387217 3 
0 0.0387231 3 
0 0.038772 3 
0 0.0387857 3 
0 0.0387861 3 
0 0.0388033 3 
0 0.0388488 3 
0 0.0388731 3 
0 0.0389367 3 
0 0.0389585 3 
0 0.0389604 3 
0 0.039026 3 
0 0.0390327 3 
0 0.0390366 3 
0 0.0390388 3 
0 0.0390443 3 
0 0.0390549 3 
0 0.0390674 3 
0 0.0392204 3 
0 0.0392298 3 
0 0.039231 3 
0 0.0392604 3 
0 0.0392708 3 
0 0.0392843 3 
0 0.0393127 3 
0 0.0393311 3 
0 0.0394229 3 
0 0.0394842 3 
0 0.0397137 3 
0 0.0398042 3 
0 0.0398085 3 
0 0.0398477 3 
0 0.0398556 3 
0 0.0399018 3 
0 0.0399121 3 
0 0.0399161 3 
0 0.0399179 3 
0 0.0399523 3 
0 0.039991 3 
0 0.0402211 3 
0 0.0402917 3 
0 0.0402917 3 
0 0.0404961 3 
0 0.0406146 3 
0 0.0407139 3 
0 0.0407301 3 
0 0.0412391 3 
0 0.0415808 3 
0 inf 3 
0 0.015505 4 
0 0.0158584 4 
0 0.0160389 4 
0 0.016165 4 
0 0.0162397 4 
0 0.0163357 4 
0 0.0163471 4 
0 0.0164212 4 
0 0.0164687 4 
0 0.0166935 4 
0 0.0167277 4 
0 0.016768 4 
0 0.0168344 4 
0 0.0168418 4 
0 0.0168447 4 
0 0.0168963 4 
0 0.0168975 4 
0 0.0169362 4 
0 0.0169408 4 
0 0.016944 4 
0 0.0169551 4 
0 0.01698 4 
0 0.0170508 4 
0 0.0170881 4 
0 0.0170892 4 
0 0.0171154 4 
0 0.0171454 4 
0 0.0171497 4 
0 0.0171701 4 
0 0.0172257 4 
0 0.0172733 4 
0 0.0173009 4 
0 0.0173111 4 
0 0.0173532 4 
0 0.0174381 4 
0 0.0174458 4 
0 0.0174472 4 
0 0.0174686 4 
0 0.0174787 4 
0 0.0175058 4 
0 0.0175992 4 
0 0.0176219 4 
0 0.0176444 4 
0 0.0176602 4 
0 0.0176693 4 
0 0.0177011 4 
0 0.0177141 4 
0 0.0177182 4 
0 0.0177183 4 
0 0.0177256 4 
0 0.0177421 4 
0 0.0178761 4 
0 0.0178778 4 
0 0.017882 4 
0 0.0179244 4 
0 0.0179306 4 
0 0.0179443 4 
0 0.0179554 4 
0 0.0179701 4 
0 0.0179764 4 
0 0.0179822 4 
0 0.0180034 4 
0 0.0180072 4 
0 0.0180111 4 
0 0.0180186 4 
0 0.0180202 4 
0 0.0180287 4 
0 0.0180304 4 
0 0.0180307 4 
0 0.0180314 4 
0 0.0180496 4 
0 0.0180659 4 
0 0.0180864 4 
0 0.0180903 4 
0 0.0180989 4 
0 0.0180996 4 
0 0.0181412 4 
0 0.0181776 4 
0 0.0182099 4 
0 0.0182282 4 
0 0.0182544 4 
0 0.0182751 4 
0 0.0182892 4 
0 0.0183059 4 
0 0.0183562 4 
0 0.0183663 4 
0 0.0183935 4 
0 0.0183956 4 
0 0.018416 4 
0 0.0184185 4 
0 0.0184331 4 
0 0.0184353 4 
0 0.0184362 4 
0 0.0184497 4 
0 0.0184764 4 
0 0.018497 4 
0 0.0185 4 
0 0.0185072 4 
0 0.0185314 4 
0 0.0185448 4 
0 0.018568 4 
0 0.0186054 4 
0 0.018622 4 
0 0.0187488 4 
0 0.0187766 4 
0 0.0187807 4 
0 0.0188319 4 
0 0.0188458 4 
0 0.0188731 4 
0 0.0188775 4 
0 0.0188809 4 
0 0.0189495 4 
0 0.0189551 4 
0 0.0190837 4 
0 0.0191404 4 
0 0.0191442 4 
0 0.0191545 4 
0 0.0192296 4 
0 0.0192366 4 
0 0.0192894 4 
0 0.019356 4 
0 0.0193856 4 
0 0.019456 4 
0 0.0194788 4 
0 0.0196629 4 
0 0.0199913 4 
0 0.0201491 4 
0 inf 4 
0 0.00714151 5 
0 0.00740786 5 
0 0.0074797 5 
0 0.00768695 5 
0 0.00771769 5 
0 0.0077275 5 
0 0.00777443 5 
0 0.00780655 5 
0 0.00786889 5 
0 0.00787573 5 
0 0.00789607 5 
0 0.00791253 5 
0 0.00802641 5 
0 0.00802968 5 
0 0.00803828 5 
0 0.00804053 5 
0 0.00804638 5 
0 0.00808147 5 
0 0.00808787 5 
0 0.00809444 5 
0 0.00809817 5 
0 0.00812209 5 
0 0.00812627 5 
0 0.00814007 5 
0 0.00814716 5 
0 0.00815351 5 
0 0.00816451 5 
0 0.00816869 5 
0 0.00819231 5 
0 0.00824446 5 
0 0.00826311 5 
0 0.00827128 5 
0 0.0082829 5 
0 0.00831418 5 
0 0.00833338 5 
0 0.00834277 5 
0 0.00834653 5 
0 0.00838485 5 
0 0.00839513 5 
0 0.00841522 5 
0 0.00844112 5 
0 0.00845917 5 
0 0.0084621 5 
0 0.00847572 5 
0 0.00849496 5 
0 0.008522 5 
0 0.00852808 5 
0 0.0085371 5 
0 0.00858743 5 
0 0.00859442 5 
0 0.00860466 5 
0 0.00862005 5 
0 0.00863996 5 
0 0.0086446 5 
0 0.008646 5 
0 0.00864677 5 
0 0.00865872 5 
0 0.00865953 5 
0 0.00867828 5 
0 0.00867887 5 
0 0.00868017 5 
0 0.0086803 5 
0 0.00870638 5 
0 0.00870784 5 
0 0.00870792 5 
0 0.00871247 5 
0 0.00871433 5 
0 0.00872386 5 
0 0.00872895 5 
0 0.00873252 5 
0 0.00873392 5 
0 0.00874654 5 
0 0.00880581 5 
0 0.0088092 5 
0 0.00881009 5 
0 0.0088373 5 
0 0.00884272 5 
0 0.00884989 5 
0 0.00885255 5 
0 0.00887017 5 
0 0.00889233 5 
0 0.0089134 5 
0 0.00892012 5 
0 0.0089252 5 
0 0.00892764 5 
0 0.00895108 5 
0 0.0089522 5 
0 0.00896177 5 
0 0.00898095 5 
0 0.00898186 5 
0 0.00898512 5 
0 0.00898978 5 
0 0.0089939 5 
0 0.00900671 5 
0 0.00901497 5 
0 0.0090151 5 
0 0.00902992 5 
0 0.00906384 5 
0 0.0090777 5 
0 0.00907947 5 
0 0.00908222 5 
0 0.00909029 5 
0 0.00912675 5 
0 0.00919299 5 
0 0.00920713 5 
0 0.00922131 5 
0 0.009233 5 
0 0.00925321 5 
0 0.00926345 5 
0 0.00927929 5 
0 0.00928219 5 
0 0.00930311 5 
0 0.00933591 5 
0 0.00937452 5 
0 0.00937562 5 
0 0.00938259 5 
0 0.00944334 5 
0 0.00944486 5 
0 0.00948466 5 
0 0.00953315 5 
0 0.00953359 5 
0 0.00956932 5 
0 0.00967416 5 
0 0.00975282 5 
0 0.00979551 5 
0 0.00985737 5 
0 0.0101135 5 
0 inf 5 
0 0.00337364 6 
0 0.00353966 6 
0 0.00357754 6 
0 0.00373699 6 
0 0.00374971 6 
0 0.00375576 6 
0 0.00376275 6 
0 0.00377756 6 
0 0.00381278 6 
0 0.00381309 6 
0 0.00384506 6 
0 0.00388635 6 
0 0.00389677 6 
0 0.0039109 6 
0 0.00391245 6 
0 0.00392099 6 
0 0.00392833 6 
0 0.00392884 6 
0 0.00393763 6 
0 0.00395138 6 
0 0.00396266 6 
0 0.00396495 6 
0 0.00398072 6 
0 0.0039859 6 
0 0.00398917 6 
0 0.00399309 6 
0 0.0039945 6 
0 0.00401124 6 
0 0.00401527 6 
0 0.0040206 6 
0 0.00402897 6 
0 0.00403852 6 
0 0.00404223 6 
0 0.00404928 6 
0 0.00405025 6 
0 0.00407286 6 
0 0.00408151 6 
0 0.00408178 6 
0 0.0041234 6 
0 0.00412972 6 
0 0.00413035 6 
0 0.00414586 6 
0 0.00415504 6 
0 0.00417142 6 
0 0.00417276 6 
0 0.00419683 6 
0 0.00420655 6 
0 0.00422255 6 
0 0.00422319 6 
0 0.00424133 6 
0 0.0042463 6 
0 0.00424697 6 
0 0.004254 6 
0 0.00425872 6 
0 0.00427412 6 
0 0.0042742 6 
0 0.00427488 6 
0 0.00428407 6 
0 0.00429004 6 
0 0.00429347 6 
0 0.0042951 6 
0 0.00430483 6 
0 0.00431813 6 
0 0.00432594 6 
0 0.00433176 6 
0 0.00433484 6 
0 0.00433574 6 
0 0.00433697 6 
0 0.00434213 6 
0 0.00435809 6 
0 0.00436265 6 
0 0.00437473 6 
0 0.00437854 6 
0 0.00438065 6 
0 0.00438978 6 
0 0.00439178 6 
0 0.00439455 6 
0 0.00440184 6 
0 0.00441764 6 
0 0.00441976 6 
0 0.00442203 6 
0 0.00442963 6 
0 0.00443902 6 
0 0.00445239 6 
0 0.00445778 6 
0 0.00446154 6 
0 0.00448182 6 
0 0.00448634 6 
0 0.0044933 6 
0 0.00449742 6 
0 0.00450426 6 
0 0.00450816 6 
0 0.00451026 6 
0 0.00451041 6 
0 0.00451847 6 
0 0.00453181 6 
0 0.00455291 6 
0 0.0045584 6 
0 0.00456279 6 
0 0.00456807 6 
0 0.00457014 6 
0 0.00457168 6 
0 0.0045891 6 
0 0.0045953 6 
0 0.00462007 6 
0 0.00463232 6 
0 0.00463272 6 
0 0.00463556 6 
0 0.00464186 6 
0 0.00464267 6 
0 0.00465153 6 
0 0.00469397 6 
0 0.00470589 6 
0 0.00471147 6 
0 0.00473159 6 
0 0.00473519 6 
0 0.00474678 6 
0 0.00476721 6 
0 0.00479061 6 
0 0.00479602 6 
0 0.00479785 6 
0 0.00481968 6 
0 0.00489942 6 
0 0.00491959 6 
0 0.00492613 6 
0 0.00494932 6 
0 0.0051701 6 
0 inf 6 
0 0.0016307 7 
0 0.00172162 7 
0 0.00174638 7 
0 0.00180273 7 
0 0.0018233 7 
0 0.00185709 7 
0 0.00188141 7 
0 0.00188204 7 
0 0.00189058 7 
0 0.00190126 7 
0 0.00190489 7 
0 0.00191119 7 
0 0.00191381 7 
0 0.00193397 7 
0 0.00193704 7 
0 0.00193716 7 
0 0.00194182 7 
0 0.00196115 7 
0 0.00196404 7 
0 0.00196457 7 
0 0.00196792 7 
0 0.00197506 7 
0 0.00197987 7 
0 0.00198381 7 
0 0.00198527 7 
0 0.00198863 7 
0 0.00199055 7 
0 0.00199232 7 
0 0.00199262 7 
0 0.00199576 7 
0 0.00200425 7 
0 0.00200486 7 
0 0.00201274 7 
0 0.00203736 7 
0 0.00203822 7 
0 0.00204103 7 
0 0.00204494 7 
0 0.00204598 7 
0 0.00205662 7 
0 0.00205692 7 
0 0.00207293 7 
0 0.0020735 7 
0 0.00208831 7 
0 0.00209383 7 
0 0.00209429 7 
0 0.0021012 7 
0 0.00210467 7 
0 0.00210692 7 
0 0.0021117 7 
0 0.00211915 7 
0 0.00212392 7 
0 0.00212757 7 
0 0.00212871 7 
0 0.00213556 7 
0 0.00215088 7 
0 0.00215189 7 
0 0.00215202 7 
0 0.0021633 7 
0 0.00216465 7 
0 0.00216842 7 
0 0.00217844 7 
0 0.00217864 7 
0 0.00218595 7 
0 0.00218645 7 
0 0.00218688 7 
0 0.00218691 7 
0 0.0021874 7 
0 0.00219279 7 
0 0.00219282 7 
0 0.00219433 7 
0 0.00219569 7 
0 0.00219831 7 
0 0.00220323 7 
0 0.00220499 7 
0 0.00220671 7 
0 0.00222679 7 
0 0.00222681 7 
0 0.00222844 7 
0 0.00223564 7 
0 0.00223841 7 
0 0.00223933 7 
0 0.0022441 7 
0 0.00224591 7 
0 0.00226106 7 
0 0.0022616 7 
0 0.00226737 7 
0 0.00227579 7 
0 0.00227804 7 
0 0.00227976 7 
0 0.00228149 7 
0 0.00229072 7 
0 0.00230292 7 
0 0.00230871 7 
0 0.00230889 7 
0 0.00230903 7 
0 0.00231063 7 
0 0.00231902 7 
0 0.00232452 7 
0 0.00232744 7 
0 0.00233183 7 
0 0.00233186 7 
0 0.00233379 7 
0 0.00233522 7 
0 0.00234482 7 
0 0.00234682 7 
0 0.0023476 7 
0 0.00235815 7 
0 0.00235966 7 
0 0.00236661 7 
0 0.00237539 7 
0 0.00239386 7 
0 0.00239753 7 
0 0.00241061 7 
0 0.00243092 7 
0 0.00243173 7 
0 0.00243201 7 
0 0.00243569 7 
0 0.00243825 7 
0 0.00244924 7 
0 0.00245305 7 
0 0.00246427 7 
0 0.00246701 7 
0 0.00249587 7 
0 0.00251948 7 
0 0.00251972 7 
0 0.00253464 7 
0 0.0026789 7 
0 inf 7 
0 0.000805127 8 
0 0.000849445 8 
0 0.000866859 8 
0 0.000881603 8 
0 0.000897427 8 
0 0.000912435 8 
0 0.000934865 8 
0 0.000943228 8 
0 0.000950868 8 
0 0.000955332 8 
0 0.000958334 8 
0 0.000962081 8 
0 0.000963204 8 
0 0.000972454 8 
0 0.000974941 8 
0 0.000976159 8 
0 0.000978077 8 
0 0.000980464 8 
0 0.000992148 8 
0 0.000993743 8 
0 0.00099526 8 
0 0.00100092 8 
0 0.00100349 8 
0 0.00100534 8 
0 0.00100614 8 
0 0.00100631 8 
0 0.00100856 8 
0 0.00101087 8 
0 0.00101124 8 
0 0.00101365 8 
0 0.00101651 8 
0 0.00101757 8 
0 0.00102521 8 
0 0.00103257 8 
0 0.00103378 8 
0 0.00103521 8 
0 0.00104425 8 
0 0.0010447 8 
0 0.00104525 8 
0 0.00104686 8 
0 0.00105225 8 
0 0.00105311 8 
0 0.00105672 8 
0 0.00105912 8 
0 0.00106117 8 
0 0.00106906 8 
0 0.00106922 8 
0 0.00107028 8 
0 0.00107499 8 
0 0.00107526 8 
0 0.00107664 8 
0 0.00108038 8 
0 0.00108241 8 
0 0.0010858 8 
0 0.00108879 8 
0 0.00109441 8 
0 0.00109891 8 
0 0.0011002 8 
0 0.00110446 8 
0 0.00110456 8 
0 0.00110717 8 
0 0.00111003 8 
0 0.00111087 8 
0 0.00111196 8 
0 0.00111368 8 
0 0.00111381 8 
0 0.0011182 8 
0 0.00111955 8 
0 0.00111977 8 
0 0.00112101 8 
0 0.00112273 8 
0 0.00112474 8 
0 0.00112538 8 
0 0.00112602 8 
0 0.00112608 8 
0 0.00113363 8 
0 0.00113695 8 
0 0.00113947 8 
0 0.0011466 8 
0 0.00114749 8 
0 0.00114809 8 
0 0.00114939 8 
0 0.00114951 8 
0 0.00114952 8 
0 0.00115766 8 
0 0.00115925 8 
0 0.00116404 8 
0 0.00116752 8 
0 0.00117405 8 
0 0.00117466 8 
0 0.0011748 8 
0 0.00117834 8 
0 0.00118011 8 
0 0.0011806 8 
0 0.00118379 8 
0 0.00118453 8 
0 0.00118587 8 
0 0.00118857 8 
0 0.00119161 8 
0 0.00119934 8 
0 0.00120008 8 
0 0.00120633 8 
0 0.0012128 8 
0 0.00121379 8 
0 0.00121611 8 
0 0.0012169 8 
0 0.00121997 8 
0 0.00122021 8 
0 0.00122073 8 
0 0.00123588 8 
0 0.00123654 8 
0 0.00124183 8 
0 0.00124812 8 
0 0.00125752 8 
0 0.00125827 8 
0 0.00126098 8 
0 0.00126362 8 
0 0.00126452 8 
0 0.00126556 8 
0 0.00126661 8 
0 0.00127856 8 
0 0.00128561 8 
0 0.00129393 8 
0 0.00129668 8 
0 0.00130657 8 
0 0.00131873 8 
0 0.00140286 8 
0 inf 8 
0 0.000405327 9 
0 0.000424124 9 
0 0.000436126 9 
0 0.000436315 9 
0 0.00044639 9 
0 0.000446756 9 
0 0.000468097 9 
0 0.000476887 9 
0 0.000477437 9 
0 0.000488228 9 
0 0.000489725 9 
0 0.000490567 9 
0 0.000493536 9 
0 0.000494161 9 
0 0.000495757 9 
0 0.000495991 9 
0 0.000503005 9 
0 0.00050532 9 
0 0.000506985 9 
0 0.000508729 9 
0 0.000509495 9 
0 0.000510415 9 
0 0.000511762 9 
0 0.000515062 9 
0 0.000516793 9 
0 0.00051945 9 
0 0.0005206 9 
0 0.000521014 9 
0 0.000521517 9 
0 0.000522379 9 
0 0.000523247 9 
0 0.000524408 9 
0 0.000528504 9 
0 0.00052974 9 
0 0.000529838 9 
0 0.00053246 9 
0 0.000533286 9 
0 0.000534597 9 
0 0.000536115 9 
0 0.000537867 9 
0 0.000541199 9 
0 0.00054155 9 
0 0.000541921 9 
0 0.000542474 9 
0 0.000543746 9 
0 0.000544075 9 
0 0.000545221 9 
0 0.000550241 9 
0 0.000552263 9 
0 0.000553344 9 
0 0.000555032 9 
0 0.000558636 9 
0 0.000559558 9 
0 0.000561996 9 
0 0.00056266 9 
0 0.000563569 9 
0 0.000564015 9 
0 0.000564314 9 
0 0.000564623 9 
0 0.000568301 9 
0 0.000570051 9 
0 0.000571689 9 
0 0.000572173 9 
0 0.000572288 9 
0 0.000572698 9 
0 0.000574136 9 
0 0.000575143 9 
0 0.000575652 9 
0 0.000575821 9 
0 0.00057728 9 
0 0.000578037 9 
0 0.000581098 9 
0 0.000582154 9 
0 0.000582333 9 
0 0.000583461 9 
0 0.000585349 9 
0 0.000586334 9 
0 0.000586387 9 
0 0.000588349 9 
0 0.000591213 9 
0 0.000592643 9 
0 0.000595563 9 
0 0.000596656 9 
0 0.000597435 9 
0 0.000597876 9 
0 0.000601267 9 
0 0.000602326 9 
0 0.000602486 9 
0 0.000607357 9 
0 0.000608489 9 
0 0.000609177 9 
0 0.000611586 9 
0 0.000613264 9 
0 0.000613805 9 
0 0.000615054 9 
0 0.000615228 9 
0 0.000615979 9 
0 0.000616685 9 
0 0.000621071 9 
0 0.000622844 9 
0 0.000626683 9 
0 0.000629958 9 
0 0.000630079 9 
0 0.000631206 9 
0 0.000632466 9 
0 0.000633066 9 
0 0.00063736 9 
0 0.000638498 9 
0 0.000641375 9 
0 0.000642838 9 
0 0.000643871 9 
0 0.000645782 9 
0 0.000646168 9 
0 0.000647339 9 
0 0.000649807 9 
0 0.000655214 9 
0 0.000656017 9 
0 0.000657576 9 
0 0.000659906 9 
0 0.000663087 9 
0 0.000668312 9 
0 0.000673388 9 
0 0.000680155 9 
0 0.000684472 9 
0 0.000684609 9 
0 0.00069153 9 
0 0.000741015 9 
0 inf 9 
