0.525111 0.539159 0 
0.524265 0.538718 0 
0.523162 0.540548 0 
0.522952 0.541923 0 
0.521877 0.539532 0 
0.521853 0.54241 0 
0.521557 0.543203 0 
0.521498 0.54117 0 
0.521219 0.543014 0 
0.521094 0.542928 0 
0.520874 0.541735 0 
0.520819 0.538132 0 
0.52077 0.542062 0 
0.520664 0.539253 0 
0.520548 0.541847 0 
0.52038 0.542032 0 
0.520357 0.540004 0 
0.520357 0.521456 0 
0.520312 0.52138 0 
0.520292 0.540181 0 
0.520272 0.54355 0 
0.520204 0.541144 0 
0.520178 0.541976 0 
0.520167 0.543425 0 
0.520129 0.541842 0 
0.519988 0.543618 0 
0.519986 0.543376 0 
0.519643 0.539541 0 
0.519635 0.543024 0 
0.519479 0.538132 0 
0.519472 0.541217 0 
0.51944 0.543376 0 
0.519312 0.520288 0 
0.519303 0.541182 0 
0.519289 0.540004 0 
0.519243 0.519665 0 
0.51921 0.538112 0 
0.519199 0.541311 0 
0.519181 0.541707 0 
0.519025 0.544901 0 
0.518979 0.520351 0 
0.518749 0.538718 0 
0.518707 0.54495 0 
0.518611 0.519163 0 
0.51859 0.520087 0 
0.518551 0.520677 0 
0.518497 0.543076 0 
0.518483 0.518497 0 
0.518416 0.542239 0 
0.518234 0.520404 0 
0.518208 0.540015 0 
0.518206 0.519448 0 
0.5182 0.540692 0 
0.518189 0.541449 0 
0.518159 0.518559 0 
0.518128 0.539723 0 
0.518063 0.543533 0 
0.518057 0.520339 0 
0.517991 0.520041 0 
0.517985 0.542257 0 
0.517982 0.519597 0 
0.517969 0.540041 0 
0.517964 0.539615 0 
0.517907 0.518121 0 
0.517899 0.519448 0 
0.517894 0.538815 0 
0.51788 0.540175 0 
0.517854 0.54192 0 
0.517842 0.518988 0 
0.517801 0.521456 0 
0.517797 0.540776 0 
0.517797 0.542824 0 
0.517715 0.543051 0 
0.517692 0.542342 0 
0.517686 0.540548 0 
0.517637 0.540951 0 
0.517632 0.519593 0 
0.517622 0.544445 0 
0.517556 0.519701 0 
0.51754 0.518227 0 
0.517529 0.518119 0 
0.517519 0.518458 0 
0.517491 0.518457 0 
0.517459 0.543844 0 
0.517456 0.518131 0 
0.517424 0.539541 0 
0.517373 0.538815 0 
0.51731 0.543159 0 
0.517299 0.521029 0 
0.517295 0.518559 0 
0.51728 0.543497 0 
0.517229 0.517594 0 
0.517228 0.518458 0 
0.517224 0.517639 0 
0.517217 0.545338 0 
0.517156 0.518227 0 
0.517109 0.517543 0 
0.517083 0.517305 0 
0.517059 0.51761 0 
0.517037 0.519071 0 
0.51702 0.518429 0 
0.517007 0.519593 0 
0.516977 0.542264 0 
0.516963 0.517008 0 
0.51696 0.541217 0 
0.516908 0.539115 0 
0.516805 0.517084 0 
0.516803 0.543337 0 
0.516718 0.521151 0 
0.516708 0.540951 0 
0.516645 0.542615 0 
0.51664 0.544207 0 
0.516635 0.543003 0 
0.516552 0.517225 0 
0.516516 0.541174 0 
0.516507 0.541288 0 
0.51644 0.517263 0 
0.516413 0.538815 0 
0.516383 0.542249 0 
0.516373 0.517332 0 
0.516367 0.517084 0 
0.51636 0.517999 0 
0.516246 0.516639 0 
0.516196 0.518073 0 
0.516193 0.516568 0 
0.516185 0.539615 0 
0.516138 0.516752 0 
0.516102 0.517999 0 
0.516097 0.518868 0 
0.51605 0.540951 0 
0.516009 0.542627 0 
0.515994 0.545134 0 
0.515992 0.518435 0 
0.515988 0.541182 0 
0.515984 0.521528 0 
0.515984 0.516974 0 
0.515942 0.540369 0 
0.515859 0.518641 0 
0.5158 0.540692 0 
0.515798 0.518429 0 
0.515777 0.519701 0 
0.515755 0.518132 0 
0.515753 0.517628 0 
0.515724 0.538718 0 
0.515721 0.5167 0 
0.515714 0.518375 0 
0.515709 0.538112 0 
0.515705 0.540951 0 
0.5157 0.516446 0 
0.515655 0.540078 0 
0.515644 0.544439 0 
0.515639 0.51809 0 
0.515561 0.517305 0 
0.515532 0.519801 0 
0.515531 0.519111 0 
0.515516 0.515901 0 
0.515512 0.516944 0 
0.515484 0.518604 0 
0.515479 0.518917 0 
0.515433 0.520041 0 
0.515412 0.520051 0 
0.51535 0.515973 0 
0.515349 0.538132 0 
0.515338 0.520755 0 
0.515316 0.517101 0 
0.515308 0.542809 0 
0.515295 0.51655 0 
0.515275 0.515342 0 
0.515273 0.516326 0 
0.515256 0.539541 0 
0.515233 0.518499 0 
0.51522 0.541116 0 
0.515217 0.540078 0 
0.515208 0.540989 0 
0.515202 0.540041 0 
0.515191 0.51937 0 
0.515184 0.520013 0 
0.515179 0.516412 0 
0.515135 0.539541 0 
0.515114 0.542062 0 
0.51508 0.521511 0 
0.515079 0.515551 0 
0.515066 0.51602 0 
0.515025 0.542426 0 
0.515018 0.540548 0 
0.515014 0.518965 0 
0.514995 0.518496 0 
0.514991 0.543014 0 
0.51498 0.543844 0 
0.514978 0.519613 0 
0.514972 0.517375 0 
0.51497 0.538718 0 
0.514965 0.51794 0 
0.51494 0.518526 0 
0.514913 0.518267 0 
0.514897 0.542096 0 
0.514877 0.538815 0 
0.514875 0.541449 0 
0.514821 0.515337 0 
0.514813 0.520302 0 
0.514811 0.518977 0 
0.514797 0.539307 0 
0.514727 0.516965 0 
0.514677 0.519918 0 
0.514675 0.520282 0 
0.514671 0.516252 0 
0.514663 0.519457 0 
0.51464 0.518309 0 
0.514626 0.514725 0 
0.51462 0.538132 0 
0.514603 0.543846 0 
0.51458 0.51908 0 
0.51454 0.516494 0 
0.514533 0.521456 0 
0.514523 0.540951 0 
0.514501 0.540798 0 
0.514498 0.517345 0 
0.514478 0.523021 0 
0.514469 0.540175 0 
0.514457 0.518127 0 
0.514444 0.518057 0 
0.514424 0.517752 0 
0.514403 0.514807 0 
0.514393 0.539115 0 
0.514384 0.540181 0 
0.514382 0.520013 0 
0.51438 0.520109 0 
0.514372 0.539253 0 
0.514352 0.51588 0 
0.514347 0.521024 0 
0.514321 0.544906 0 
0.514286 0.539353 0 
0.51428 0.544523 0 
0.514273 0.515568 0 
0.51424 0.516206 0 
0.514232 0.518943 0 
0.51423 0.521151 0 
0.514229 0.541144 0 
0.514202 0.539159 0 
0.514199 0.544322 0 
0.514196 0.517826 0 
0.514185 0.518609 0 
0.51416 0.516498 0 
0.514151 0.52074 0 
0.51413 0.540269 0 
0.514124 0.54152 0 
0.514123 0.539532 0 
0.514097 0.518457 0 
0.514073 0.521708 0 
0.514054 0.518375 0 
0.514044 0.519762 0 
0.514035 0.516986 0 
0.514025 0.521175 0 
0.513923 0.520117 0 
0.513887 0.539615 0 
0.513878 0.542731 0 
0.513875 0.540322 0 
0.513828 0.523021 0 
0.513813 0.543452 0 
0.513776 0.542239 0 
0.513775 0.51673 0 
0.513732 0.521511 0 
0.513591 0.516088 0 
0.513572 0.520302 0 
0.513565 0.538815 0 
0.513565 0.523343 0 
0.513563 0.519111 0 
0.513556 0.521255 0 
0.513545 0.539706 0 
0.513542 0.518408 0 
0.513519 0.540796 0 
0.513432 0.538242 0 
0.513398 0.538242 0 
0.513397 0.543209 0 
0.51337 0.541744 0 
0.513337 0.53988 0 
0.51331 0.540548 0 
0.513287 0.539115 0 
0.513276 0.539353 0 
0.513253 0.539723 0 
0.513246 0.518458 0 
0.513234 0.53988 0 
0.513231 0.518259 0 
0.513209 0.537266 0 
0.513196 0.514513 0 
0.513195 0.521923 0 
0.513191 0.541589 0 
0.513157 0.518429 0 
0.513156 0.541856 0 
0.513105 0.518943 0 
0.513036 0.520117 0 
0.512964 0.516252 0 
0.512958 0.513275 0 
0.512941 0.540796 0 
0.51293 0.517075 0 
0.512878 0.540041 0 
0.512876 0.538112 0 
0.51287 0.51522 0 
0.512844 0.543597 0 
0.512827 0.537266 0 
0.512757 0.54282 0 
0.512754 0.542285 0 
0.512753 0.517639 0 
0.512731 0.540322 0 
0.512731 0.539099 0 
0.512713 0.541288 0 
0.5127 0.53687 0 
0.512631 0.539099 0 
0.512624 0.517752 0 
0.51262 0.539706 0 
0.512572 0.537266 0 
0.512565 0.541939 0 
0.512467 0.539115 0 
0.512467 0.539281 0 
0.512453 0.543239 0 
0.512439 0.539253 0 
0.512434 0.539363 0 
0.512418 0.542661 0 
0.512388 0.540736 0 
0.512346 0.539281 0 
0.512343 0.539159 0 
0.512334 0.519377 0 
0.512322 0.544889 0 
0.512316 0.540639 0 
0.512274 0.540078 0 
0.512264 0.540181 0 
0.512252 0.541856 0 
0.512236 0.540078 0 
0.512232 0.539723 0 
0.512174 0.541444 0 
0.512163 0.540004 0 
0.512141 0.540326 0 
0.512104 0.539202 0 
0.512102 0.540322 0 
0.512083 0.540326 0 
0.512065 0.541449 0 
0.511945 0.54713 0 
0.511866 0.540287 0 
0.511844 0.543844 0 
0.511796 0.54085 0 
0.511786 0.540639 0 
0.511776 0.541639 0 
0.511773 0.541171 0 
0.511773 0.540639 0 
0.51174 0.516305 0 
0.511701 0.542239 0 
0.511645 0.542455 0 
0.511593 0.54143 0 
0.511585 0.54085 0 
0.511584 0.542565 0 
0.511577 0.544835 0 
0.511564 0.547388 0 
0.511562 0.545564 0 
0.511516 0.544101 0 
0.511452 0.512597 0 
0.511424 0.543452 0 
0.511387 0.541395 0 
0.511355 0.539159 0 
0.511353 0.5447 0 
0.511347 0.546099 0 
0.511326 0.539615 0 
0.511294 0.54187 0 
0.511152 0.540322 0 
0.511111 0.545759 0 
0.511089 0.54691 0 
0.511061 0.54395 0 
0.511061 0.541428 0 
0.511 0.541428 0 
0.510954 0.539281 0 
0.510933 0.541842 0 
0.510927 0.539615 0 
0.510921 0.541847 0 
0.510901 0.54537 0 
0.510683 0.539307 0 
0.510558 0.54153 0 
0.510558 0.540269 0 
0.510552 0.540956 0 
0.51052 0.541639 0 
0.51035 0.541445 0 
0.510302 0.514998 0 
0.510255 0.542482 0 
0.510006 0.544458 0 
0.509934 0.542615 0 
0.509775 0.513133 0 
0.509748 0.542728 0 
0.509368 0.546601 0 
0.509007 0.538132 0 
0.508136 0.548695 0 
0.218138 0.220205 1 
0.217743 0.219071 1 
0.217176 0.227642 1 
0.217143 0.226458 1 
0.216959 0.226055 1 
0.216811 0.223176 1 
0.216647 0.225229 1 
0.216431 0.220432 1 
0.216425 0.226886 1 
0.216285 0.225412 1 
0.21627 0.225146 1 
0.216121 0.219054 1 
0.216057 0.226363 1 
0.216023 0.22759 1 
0.215984 0.226725 1 
0.215946 0.224778 1 
0.215853 0.221173 1 
0.21584 0.228189 1 
0.215751 0.226363 1 
0.215602 0.232147 1 
0.215447 0.226032 1 
0.215395 0.224648 1 
0.215357 0.223154 1 
0.215166 0.228979 1 
0.215162 0.226363 1 
0.215154 0.224379 1 
0.215115 0.228894 1 
0.21511 0.223306 1 
0.215068 0.220538 1 
0.214917 0.22308 1 
0.214865 0.227229 1 
0.214825 0.22655 1 
0.214695 0.224105 1 
0.214676 0.227496 1 
0.214666 0.219054 1 
0.214489 0.224413 1 
0.214462 0.221185 1 
0.214441 0.226262 1 
0.214429 0.222617 1 
0.214392 0.21973 1 
0.21434 0.224213 1 
0.214315 0.222868 1 
0.214307 0.226427 1 
0.214306 0.224105 1 
0.214302 0.227282 1 
0.214278 0.221185 1 
0.214226 0.227229 1 
0.214178 0.221269 1 
0.214141 0.224315 1 
0.214116 0.222619 1 
0.213986 0.22463 1 
0.213892 0.224923 1 
0.213828 0.223154 1 
0.213776 0.223648 1 
0.213622 0.223926 1 
0.213501 0.219293 1 
0.213495 0.224428 1 
0.213395 0.224314 1 
0.213384 0.227084 1 
0.213365 0.221169 1 
0.213358 0.221521 1 
0.213347 0.224429 1 
0.213324 0.225853 1 
0.213292 0.226259 1 
0.213231 0.223863 1 
0.213133 0.222619 1 
0.213092 0.226116 1 
0.212904 0.225902 1 
0.212868 0.222574 1 
0.21283 0.23125 1 
0.212807 0.213765 1 
0.212782 0.221269 1 
0.212778 0.222874 1 
0.212695 0.219071 1 
0.212657 0.22601 1 
0.212621 0.222657 1 
0.212592 0.219169 1 
0.212472 0.229965 1 
0.212387 0.221029 1 
0.212378 0.227755 1 
0.212362 0.21973 1 
0.212307 0.223863 1 
0.212299 0.229046 1 
0.212141 0.230872 1 
0.212062 0.221187 1 
0.212043 0.212342 1 
0.211908 0.223526 1 
0.211799 0.225416 1 
0.211785 0.22308 1 
0.211704 0.228556 1 
0.211619 0.227724 1 
0.211617 0.221269 1 
0.21152 0.223585 1 
0.21148 0.227229 1 
0.211478 0.227908 1 
0.211273 0.224882 1 
0.211217 0.223135 1 
0.211201 0.221521 1 
0.211151 0.223154 1 
0.211136 0.225659 1 
0.211093 0.211115 1 
0.211021 0.221269 1 
0.211017 0.2213 1 
0.211015 0.219904 1 
0.210989 0.221212 1 
0.210862 0.223573 1 
0.21084 0.222574 1 
0.21078 0.227994 1 
0.210632 0.219293 1 
0.210587 0.21119 1 
0.210571 0.219054 1 
0.210555 0.211554 1 
0.210523 0.224338 1 
0.210514 0.212183 1 
0.210507 0.211403 1 
0.210462 0.210941 1 
0.210456 0.225299 1 
0.210447 0.221254 1 
0.210431 0.221173 1 
0.210388 0.211271 1 
0.210322 0.224099 1 
0.210283 0.229753 1 
0.210248 0.225459 1 
0.210211 0.221187 1 
0.210192 0.21973 1 
0.210176 0.211227 1 
0.210161 0.223698 1 
0.21012 0.211418 1 
0.210088 0.210349 1 
0.210088 0.226069 1 
0.210024 0.225903 1 
0.209946 0.210287 1 
0.209915 0.221029 1 
0.209912 0.225439 1 
0.209893 0.221173 1 
0.20988 0.225119 1 
0.209862 0.224918 1 
0.209811 0.222122 1 
0.209741 0.224883 1 
0.20973 0.224315 1 
0.209667 0.223649 1 
0.209634 0.226412 1 
0.209509 0.226021 1 
0.209499 0.210392 1 
0.209418 0.2213 1 
0.209164 0.209617 1 
0.209154 0.219293 1 
0.209077 0.209095 1 
0.209022 0.223068 1 
0.209012 0.211853 1 
0.208986 0.219735 1 
0.208971 0.210059 1 
0.208669 0.210164 1 
0.208602 0.219996 1 
0.208556 0.214195 1 
0.208539 0.209908 1 
0.208532 0.210995 1 
0.208512 0.208645 1 
0.208488 0.219904 1 
0.20847 0.210941 1 
0.208442 0.21973 1 
0.20842 0.208838 1 
0.208386 0.209188 1 
0.208366 0.227096 1 
0.208364 0.223154 1 
0.208317 0.208475 1 
0.208314 0.22187 1 
0.208274 0.208684 1 
0.208223 0.213765 1 
0.20822 0.233366 1 
0.208199 0.20853 1 
0.208185 0.226651 1 
0.20812 0.219169 1 
0.208102 0.208585 1 
0.208059 0.209372 1 
0.208048 0.221521 1 
0.208022 0.208268 1 
0.208021 0.221029 1 
0.208007 0.222124 1 
0.207966 0.208421 1 
0.207956 0.221173 1 
0.207955 0.208458 1 
0.207949 0.207974 1 
0.207935 0.208139 1 
0.207932 0.219293 1 
0.207884 0.219643 1 
0.207849 0.222159 1 
0.207834 0.210287 1 
0.207736 0.208675 1 
0.207736 0.223151 1 
0.207736 0.219071 1 
0.207736 0.224428 1 
0.207715 0.220205 1 
0.207695 0.207931 1 
0.207694 0.221185 1 
0.207625 0.221029 1 
0.207568 0.211056 1 
0.207565 0.210993 1 
0.207542 0.224213 1 
0.207522 0.208906 1 
0.207521 0.208475 1 
0.207499 0.208945 1 
0.207436 0.208725 1 
0.207423 0.211499 1 
0.207416 0.224347 1 
0.207368 0.219054 1 
0.207337 0.20747 1 
0.20729 0.230357 1 
0.207192 0.212511 1 
0.207167 0.207467 1 
0.207141 0.224355 1 
0.207085 0.222846 1 
0.207054 0.207972 1 
0.20705 0.207941 1 
0.207003 0.221871 1 
0.206964 0.209663 1 
0.206892 0.207894 1 
0.206878 0.227611 1 
0.206868 0.210791 1 
0.206856 0.209512 1 
0.206854 0.208721 1 
0.206843 0.208759 1 
0.206829 0.21806 1 
0.206816 0.209111 1 
0.206801 0.207642 1 
0.206772 0.220498 1 
0.206764 0.223135 1 
0.206689 0.219169 1 
0.206687 0.214953 1 
0.206614 0.209647 1 
0.206576 0.208827 1 
0.20657 0.211429 1 
0.206556 0.207453 1 
0.206549 0.208473 1 
0.206518 0.206974 1 
0.2065 0.224694 1 
0.206473 0.207055 1 
0.206421 0.219904 1 
0.206399 0.221454 1 
0.206387 0.223151 1 
0.206368 0.211997 1 
0.206346 0.207004 1 
0.206341 0.21049 1 
0.206308 0.207627 1 
0.206278 0.219054 1 
0.206237 0.208734 1 
0.206214 0.221871 1 
0.206206 0.223863 1 
0.206137 0.221188 1 
0.206103 0.209187 1 
0.206096 0.222159 1 
0.206048 0.206472 1 
0.206023 0.219904 1 
0.20598 0.226069 1 
0.205961 0.220432 1 
0.205949 0.20772 1 
0.205928 0.207645 1 
0.20592 0.223964 1 
0.205908 0.221983 1 
0.205859 0.210705 1 
0.205772 0.205903 1 
0.205761 0.222159 1 
0.2057 0.211615 1 
0.205681 0.206074 1 
0.205513 0.209344 1 
0.205508 0.210549 1 
0.205508 0.219102 1 
0.205502 0.207339 1 
0.2055 0.20726 1 
0.205488 0.209706 1 
0.205485 0.223306 1 
0.205444 0.211079 1 
0.205428 0.209588 1 
0.205404 0.219293 1 
0.205397 0.21806 1 
0.205394 0.219071 1 
0.205301 0.207615 1 
0.205292 0.221454 1 
0.205252 0.212542 1 
0.205224 0.221269 1 
0.205217 0.207366 1 
0.205136 0.222889 1 
0.205087 0.221871 1 
0.205008 0.219643 1 
0.205006 0.20795 1 
0.204977 0.209615 1 
0.204948 0.214953 1 
0.204944 0.220498 1 
0.204938 0.210705 1 
0.204878 0.207725 1 
0.204865 0.219102 1 
0.204775 0.209815 1 
0.20477 0.21254 1 
0.204712 0.219904 1 
0.204626 0.206024 1 
0.204585 0.205304 1 
0.204502 0.220688 1 
0.20449 0.215052 1 
0.204457 0.219643 1 
0.204401 0.222965 1 
0.204396 0.212503 1 
0.204366 0.221116 1 
0.204356 0.21806 1 
0.204259 0.226519 1 
0.204245 0.224181 1 
0.204231 0.223526 1 
0.204192 0.211615 1 
0.204062 0.219735 1 
0.204028 0.222965 1 
0.203972 0.207816 1 
0.203958 0.219643 1 
0.20394 0.220538 1 
0.203932 0.221085 1 
0.203925 0.219927 1 
0.203885 0.219996 1 
0.203864 0.221085 1 
0.203822 0.225184 1 
0.203775 0.223178 1 
0.203653 0.221085 1 
0.203613 0.221521 1 
0.203591 0.221254 1 
0.203536 0.222514 1 
0.203461 0.222122 1 
0.203448 0.220432 1 
0.20333 0.223649 1 
0.203209 0.222965 1 
0.203104 0.22187 1 
0.202938 0.225371 1 
0.202898 0.223151 1 
0.202895 0.223526 1 
0.202841 0.221521 1 
0.202819 0.220273 1 
0.202761 0.224315 1 
0.101697 0.103427 2 
0.101666 0.105752 2 
0.100972 0.101576 2 
0.100752 0.10304 2 
0.100734 0.101365 2 
0.0997864 0.10602 2 
0.0997022 0.100988 2 
0.0996864 0.101028 2 
0.0994617 0.101058 2 
0.0993227 0.100206 2 
0.0991542 0.100862 2 
0.0990215 0.101855 2 
0.0989833 0.102918 2 
0.0989691 0.101793 2 
0.0988739 0.0991926 2 
0.0986884 0.101199 2 
0.0984465 0.100929 2 
0.0984157 0.102503 2 
0.0982772 0.101793 2 
0.0981917 0.10139 2 
0.098087 0.098504 2 
0.0979165 0.100862 2 
0.0978983 0.0996931 2 
0.0978845 0.102495 2 
0.097862 0.1002 2 
0.0978608 0.0983049 2 
0.0977735 0.0996931 2 
0.0977635 0.10123 2 
0.0976996 0.103848 2 
0.0974612 0.0992064 2 
0.0974539 0.0998812 2 
0.0972654 0.0974273 2 
0.0971683 0.0971911 2 
0.0971605 0.103912 2 
0.0970372 0.10097 2 
0.0969848 0.0993047 2 
0.0968885 0.0969507 2 
0.0968715 0.0998281 2 
0.096807 0.101721 2 
0.096768 0.0971911 2 
0.0967405 0.0999451 2 
0.0965143 0.0975818 2 
0.0963932 0.0984294 2 
0.0963355 0.101793 2 
0.0963093 0.0990218 2 
0.0962932 0.100398 2 
0.0962852 0.0998895 2 
0.0962834 0.0964653 2 
0.0962547 0.0969507 2 
0.096228 0.0986575 2 
0.0962001 0.0989884 2 
0.0960843 0.0976805 2 
0.0960641 0.100722 2 
0.0960392 0.100909 2 
0.096007 0.0978802 2 
0.0960035 0.100249 2 
0.0959922 0.100726 2 
0.0959891 0.0962007 2 
0.0959828 0.0989168 2 
0.0959733 0.0976628 2 
0.0959491 0.10089 2 
0.0959489 0.098989 2 
0.0959029 0.10013 2 
0.0958595 0.0991059 2 
0.0957931 0.0965726 2 
0.0957105 0.0958081 2 
0.0957035 0.0979424 2 
0.0956729 0.0991059 2 
0.0956251 0.0991059 2 
0.0955196 0.0996531 2 
0.0955165 0.0982037 2 
0.0954839 0.0969198 2 
0.0954801 0.0956311 2 
0.0954217 0.0965002 2 
0.0951891 0.0971173 2 
0.0951341 0.0968652 2 
0.095131 0.0964653 2 
0.0949631 0.100927 2 
0.0949452 0.0949729 2 
0.0949258 0.0988884 2 
0.0947652 0.104113 2 
0.0947269 0.103566 2 
0.0946723 0.0954236 2 
0.0944603 0.0997465 2 
0.0943693 0.100894 2 
0.0943289 0.100049 2 
0.0942779 0.0969507 2 
0.0942284 0.0999021 2 
0.0942084 0.098504 2 
0.0941632 0.0994684 2 
0.0939583 0.0961516 2 
0.0939013 0.094498 2 
0.0937972 0.0978965 2 
0.0937493 0.0946356 2 
0.0937146 0.0997622 2 
0.0937013 0.0997718 2 
0.0935614 0.0961543 2 
0.093525 0.0937148 2 
0.0934976 0.100399 2 
0.0934934 0.0992206 2 
0.0934396 0.0941334 2 
0.0933741 0.0948418 2 
0.0933571 0.100761 2 
0.0933052 0.0976805 2 
0.0932737 0.0984188 2 
0.0932629 0.0944203 2 
0.0932588 0.0947867 2 
0.0932566 0.0961493 2 
0.0932376 0.0960117 2 
0.0932328 0.0949404 2 
0.0932108 0.10075 2 
0.0931852 0.0988997 2 
0.0931624 0.0972768 2 
0.0930846 0.0962007 2 
0.0930647 0.0944994 2 
0.0930464 0.0975658 2 
0.0929972 0.093773 2 
0.0929832 0.0960117 2 
0.0929705 0.0944625 2 
0.0929038 0.0956579 2 
0.0928659 0.100575 2 
0.0927947 0.0944994 2 
0.0927943 0.100484 2 
0.0927918 0.0932002 2 
0.0927865 0.0944625 2 
0.0927403 0.0956579 2 
0.0927096 0.0933674 2 
0.0926952 0.0995818 2 
0.0926473 0.0990218 2 
0.0926404 0.0941063 2 
0.092602 0.0964653 2 
0.0925986 0.0934951 2 
0.0925201 0.0965726 2 
0.0924958 0.0984188 2 
0.0924933 0.0929532 2 
0.0924894 0.0960117 2 
0.0924647 0.0978803 2 
0.0923694 0.0944185 2 
0.0923683 0.0928845 2 
0.0923331 0.0950393 2 
0.0922977 0.0925173 2 
0.0922522 0.0923685 2 
0.0921966 0.0948071 2 
0.0921817 0.0986575 2 
0.0921682 0.0927241 2 
0.0921159 0.0958896 2 
0.0919794 0.0995009 2 
0.0919756 0.0924203 2 
0.0918879 0.0968107 2 
0.0918765 0.0931086 2 
0.0918645 0.0955175 2 
0.0918046 0.0941202 2 
0.0917406 0.0960867 2 
0.0916872 0.0945497 2 
0.0916811 0.0916984 2 
0.0916392 0.0958081 2 
0.0916079 0.0986404 2 
0.0915643 0.098127 2 
0.0914234 0.0989884 2 
0.091412 0.0972821 2 
0.0913475 0.0972053 2 
0.0913015 0.0976207 2 
0.0912924 0.0914489 2 
0.0912826 0.0944203 2 
0.0912273 0.0919315 2 
0.0911352 0.0954236 2 
0.0911155 0.0919374 2 
0.0910611 0.0956261 2 
0.0910446 0.0971124 2 
0.0910437 0.0965102 2 
0.0910368 0.0914347 2 
0.0910191 0.0943637 2 
0.0910093 0.0972053 2 
0.0909958 0.0991943 2 
0.090922 0.0944625 2 
0.0908884 0.0916742 2 
0.0908747 0.0978134 2 
0.0908725 0.0935942 2 
0.0908357 0.0992026 2 
0.0908065 0.0925312 2 
0.0907423 0.0938921 2 
0.0907406 0.0919656 2 
0.0907239 0.0907816 2 
0.0906503 0.0972137 2 
0.0906425 0.09163 2 
0.0905957 0.0944541 2 
0.0905899 0.0965102 2 
0.0905238 0.093397 2 
0.0905215 0.090605 2 
0.0904981 0.100206 2 
0.0904424 0.0954775 2 
0.0904322 0.0953386 2 
0.0904304 0.0907572 2 
0.0904222 0.0944994 2 
0.0904191 0.091314 2 
0.0903667 0.0905415 2 
0.0903389 0.0956258 2 
0.0903345 0.0958081 2 
0.0903089 0.0956579 2 
0.0902869 0.0920213 2 
0.0902684 0.0950964 2 
0.0902622 0.09125 2 
0.0902568 0.0971132 2 
0.0902444 0.0909424 2 
0.0901784 0.0907646 2 
0.0900832 0.093815 2 
0.0900565 0.0924832 2 
0.090035 0.093815 2 
0.0900194 0.0900312 2 
0.089986 0.0971845 2 
0.0899557 0.093263 2 
0.0899396 0.0965102 2 
0.0899074 0.0911991 2 
0.089892 0.0990415 2 
0.0898884 0.0978134 2 
0.0898835 0.0946648 2 
0.089837 0.0972768 2 
0.0898228 0.0971173 2 
0.0897952 0.0946648 2 
0.0897677 0.0897791 2 
0.0897306 0.0904552 2 
0.0897182 0.0905701 2 
0.0896166 0.0904984 2 
0.0896006 0.0978803 2 
0.0895774 0.08997 2 
0.0895381 0.0923737 2 
0.0895206 0.0944625 2 
0.0894623 0.0942862 2 
0.0894381 0.0934204 2 
0.089329 0.0937621 2 
0.0892895 0.0983049 2 
0.0891932 0.0961422 2 
0.089163 0.0965571 2 
0.0891261 0.0905957 2 
0.0890983 0.0974721 2 
0.0890694 0.0909049 2 
0.0890547 0.0901423 2 
0.0890413 0.0974721 2 
0.0889803 0.0927384 2 
0.0889699 0.0944994 2 
0.0889477 0.0929045 2 
0.088928 0.0944541 2 
0.0888881 0.0909366 2 
0.0888839 0.0904527 2 
0.0888669 0.0974915 2 
0.0888668 0.0964653 2 
0.0888621 0.0898712 2 
0.0888435 0.0946648 2 
0.0888191 0.0916899 2 
0.0888045 0.0895882 2 
0.088803 0.0900366 2 
0.0887751 0.0964653 2 
0.0887544 0.0911197 2 
0.0887511 0.0895692 2 
0.0886911 0.0924832 2 
0.0886835 0.089795 2 
0.0886832 0.0978802 2 
0.0886292 0.0999116 2 
0.088601 0.0950393 2 
0.088597 0.0899728 2 
0.0885651 0.0996235 2 
0.0885142 0.0944994 2 
0.0884941 0.0924589 2 
0.0884905 0.0911134 2 
0.0884749 0.0968652 2 
0.0884633 0.0890315 2 
0.0884426 0.0957019 2 
0.0884148 0.0971272 2 
0.0883531 0.0922214 2 
0.0883393 0.0974721 2 
0.0882633 0.0949275 2 
0.0882595 0.0942593 2 
0.0882179 0.0945692 2 
0.0881991 0.0947922 2 
0.0881681 0.0964942 2 
0.0881474 0.0995818 2 
0.0881154 0.097392 2 
0.0879077 0.0956417 2 
0.0878891 0.0954236 2 
0.0878821 0.0939414 2 
0.0877644 0.0973697 2 
0.0877606 0.095961 2 
0.0877431 0.095763 2 
0.087736 0.0961543 2 
0.0877341 0.0897205 2 
0.0877212 0.0877937 2 
0.0876572 0.0961516 2 
0.0875852 0.0877599 2 
0.087501 0.0946648 2 
0.0874896 0.0949275 2 
0.0874861 0.096857 2 
0.0874659 0.0968107 2 
0.0873518 0.0949596 2 
0.0872998 0.0986575 2 
0.087298 0.0967161 2 
0.0872678 0.0989291 2 
0.0872339 0.0947867 2 
0.0871769 0.0882416 2 
0.0871665 0.0978134 2 
0.0871641 0.0960867 2 
0.087115 0.0916852 2 
0.0870558 0.0961422 2 
0.0866566 0.090916 2 
0.0511022 0.051368 3 
0.0480005 0.0482486 3 
0.0474714 0.0485894 3 
0.0474514 0.0478977 3 
0.0473291 0.0477315 3 
0.047223 0.0476852 3 
0.0471514 0.0488866 3 
0.0470584 0.0471243 3 
0.0470461 0.047693 3 
0.046637 0.0481318 3 
0.0465778 0.0468467 3 
0.0465676 0.0467473 3 
0.0465157 0.0473315 3 
0.0464383 0.0476084 3 
0.0463993 0.0472647 3 
0.0463067 0.0466977 3 
0.0462657 0.0467358 3 
0.0460859 0.0470615 3 
0.045914 0.0464305 3 
0.0458564 0.0461504 3 
0.0458327 0.0471818 3 
0.0458159 0.047326 3 
0.0457415 0.0459337 3 
0.0456193 0.0494645 3 
0.0456153 0.0460354 3 
0.0454784 0.0465738 3 
0.045405 0.0462504 3 
0.0453813 0.0488803 3 
0.0453763 0.046231 3 
0.0453216 0.0461554 3 
0.0450987 0.0456995 3 
0.0450508 0.0452443 3 
0.0450444 0.0463604 3 
0.0450047 0.0464512 3 
0.0448775 0.0459994 3 
0.0447666 0.0464953 3 
0.0446213 0.0460092 3 
0.0445049 0.0466329 3 
0.0444404 0.0452719 3 
0.0443911 0.0470701 3 
0.0442291 0.0472292 3 
0.044189 0.0444794 3 
0.0441638 0.0449292 3 
0.0441634 0.0457395 3 
0.0441483 0.045961 3 
0.0441032 0.0464665 3 
0.0440273 0.0442178 3 
0.0439841 0.0442373 3 
0.0439351 0.0466238 3 
0.0439111 0.0441756 3 
0.0438832 0.0466238 3 
0.0438799 0.0451251 3 
0.0437939 0.0459789 3 
0.0437696 0.0445538 3 
0.0437607 0.0446874 3 
0.0437593 0.0443061 3 
0.0437461 0.0442645 3 
0.0437109 0.044016 3 
0.0437078 0.045138 3 
0.0436606 0.0462065 3 
0.0436427 0.0452257 3 
0.0436276 0.0452443 3 
0.0436175 0.0465956 3 
0.0436132 0.0463511 3 
0.0436094 0.0438089 3 
0.0435587 0.0454803 3 
0.0435366 0.0436025 3 
0.0435363 0.043677 3 
0.0435151 0.0438467 3 
0.0434583 0.0440175 3 
0.0434284 0.0435371 3 
0.0434246 0.0435456 3 
0.0434108 0.046765 3 
0.0433616 0.0462267 3 
0.0433492 0.0472896 3 
0.0433096 0.0470766 3 
0.0432997 0.0437235 3 
0.0432981 0.0434818 3 
0.0432937 0.0439484 3 
0.0432871 0.0452257 3 
0.043285 0.0440293 3 
0.0432135 0.0435987 3 
0.0431787 0.0444543 3 
0.0431634 0.0437905 3 
0.0431551 0.0452295 3 
0.0431462 0.0458517 3 
0.043106 0.0456522 3 
0.0430817 0.0448697 3 
0.0430355 0.0430545 3 
0.0430208 0.0430624 3 
0.0430176 0.0438502 3 
0.0429982 0.045009 3 
0.0429536 0.0447876 3 
0.0429407 0.0452362 3 
0.0428593 0.0447267 3 
0.0428558 0.0454092 3 
0.0428182 0.0443676 3 
0.0427847 0.0429491 3 
0.042675 0.0429002 3 
0.0426529 0.043278 3 
0.0426361 0.0461751 3 
0.0426111 0.0432307 3 
0.0426045 0.0447021 3 
0.0426021 0.0428718 3 
0.0425897 0.0452295 3 
0.0425859 0.042691 3 
0.04257 0.0459337 3 
0.0425111 0.0450265 3 
0.0425001 0.0432507 3 
0.0424766 0.0429973 3 
0.042466 0.0466211 3 
0.0424367 0.0447267 3 
0.0424181 0.0465914 3 
0.0423931 0.0446922 3 
0.0423429 0.0447707 3 
0.0423388 0.0438458 3 
0.0423217 0.0428433 3 
0.0422404 0.0446874 3 
0.0421911 0.0451243 3 
0.0421252 0.0446141 3 
0.042123 0.0443467 3 
0.0421181 0.0426812 3 
0.0421056 0.0422809 3 
0.0420966 0.0424217 3 
0.0420543 0.0429333 3 
0.0420315 0.0429973 3 
0.0420199 0.0456463 3 
0.0420108 0.044016 3 
0.0419955 0.0424473 3 
0.0419876 0.0422328 3 
0.0419839 0.0446874 3 
0.0419537 0.043816 3 
0.0419432 0.0437436 3 
0.0419429 0.0426021 3 
0.0419325 0.0450339 3 
0.0419179 0.0434146 3 
0.0418219 0.0444371 3 
0.0417569 0.041882 3 
0.0417547 0.0442705 3 
0.0417511 0.0448891 3 
0.0417133 0.0424584 3 
0.0417071 0.043816 3 
0.0416547 0.0449292 3 
0.0416498 0.0442464 3 
0.0416262 0.0441442 3 
0.0416197 0.043735 3 
0.0415934 0.0440293 3 
0.0415748 0.0427819 3 
0.0415268 0.0447267 3 
0.04152 0.0420943 3 
0.0415111 0.0417548 3 
0.0414458 0.0426964 3 
0.0413903 0.0452443 3 
0.0413598 0.0428583 3 
0.0413502 0.0450431 3 
0.0413302 0.0457365 3 
0.041329 0.0468937 3 
0.0412983 0.044016 3 
0.041296 0.0414795 3 
0.0412668 0.0445721 3 
0.0412665 0.0430226 3 
0.0412596 0.0448891 3 
0.0412186 0.044277 3 
0.0411836 0.0447175 3 
0.0411792 0.0430226 3 
0.0411763 0.046131 3 
0.0411425 0.0424363 3 
0.0411346 0.0422705 3 
0.0411242 0.042149 3 
0.0411028 0.0435694 3 
0.041088 0.0416083 3 
0.0410527 0.0420719 3 
0.0410237 0.0436182 3 
0.040967 0.0439191 3 
0.04094 0.0431675 3 
0.0408867 0.0444112 3 
0.0408811 0.0436378 3 
0.0408473 0.0419235 3 
0.0408358 0.0438878 3 
0.0408309 0.0438608 3 
0.0408203 0.0437198 3 
0.0408123 0.0422363 3 
0.0408074 0.0463269 3 
0.0407833 0.0436828 3 
0.0407748 0.0419779 3 
0.0407487 0.0414104 3 
0.0407128 0.0452047 3 
0.0406878 0.0458753 3 
0.0406682 0.0442359 3 
0.0406676 0.0428056 3 
0.0406552 0.0447813 3 
0.0406489 0.042245 3 
0.0406306 0.0430013 3 
0.0406005 0.045059 3 
0.0405928 0.0409523 3 
0.04058 0.0412328 3 
0.0405469 0.0452151 3 
0.0405466 0.0453498 3 
0.0404312 0.0437235 3 
0.0404094 0.0426964 3 
0.0403647 0.0452761 3 
0.0403372 0.0430226 3 
0.04032 0.0422155 3 
0.0402903 0.0426964 3 
0.0402373 0.0425407 3 
0.0401713 0.0442656 3 
0.0401249 0.0457537 3 
0.040116 0.0458517 3 
0.0400961 0.0430882 3 
0.0400643 0.0433327 3 
0.0400546 0.0435694 3 
0.0400524 0.0424857 3 
0.039996 0.0417944 3 
0.0399856 0.0432101 3 
0.0399504 0.0439924 3 
0.0399482 0.0418054 3 
0.0399225 0.045059 3 
0.0399129 0.0436785 3 
0.0398975 0.0439268 3 
0.0398919 0.0437644 3 
0.0398913 0.0438923 3 
0.0398825 0.0430013 3 
0.0398766 0.0437644 3 
0.0398563 0.0457848 3 
0.0398049 0.0439165 3 
0.0397346 0.044561 3 
0.0397036 0.0403415 3 
0.0395963 0.0434077 3 
0.0394997 0.0450339 3 
0.0394596 0.0399708 3 
0.0393321 0.043278 3 
0.0392785 0.0421093 3 
0.039127 0.0428389 3 
0.0236714 0.0237391 4 
0.0234284 0.0236189 4 
0.0233729 0.0239762 4 
0.0232559 0.0233099 4 
0.0229029 0.0230493 4 
0.0228065 0.0231953 4 
0.022738 0.0228355 4 
0.0226592 0.0229084 4 
0.0226225 0.0227904 4 
0.0225866 0.0238731 4 
0.0225648 0.0243636 4 
0.0223735 0.0224113 4 
0.022346 0.02322 4 
0.02221 0.0231341 4 
0.0221926 0.0224345 4 
0.022148 0.0223714 4 
0.0220165 0.0227026 4 
0.0219741 0.02247 4 
0.0219292 0.0223909 4 
0.0219191 0.0226158 4 
0.0219012 0.0238483 4 
0.0218639 0.0224924 4 
0.0218639 0.0227382 4 
0.0218485 0.0228849 4 
0.0217984 0.0229479 4 
0.0217733 0.0218411 4 
0.0217678 0.0220344 4 
0.021684 0.0217135 4 
0.0216544 0.0231654 4 
0.021654 0.0217173 4 
0.0216458 0.0228278 4 
0.0216129 0.0217734 4 
0.0216014 0.0217806 4 
0.021574 0.0218276 4 
0.0215574 0.0225413 4 
0.0215277 0.0218276 4 
0.021514 0.0221291 4 
0.0215051 0.0226346 4 
0.0214746 0.0221691 4 
0.0214121 0.0222912 4 
0.0214002 0.022624 4 
0.0213872 0.0216445 4 
0.0213838 0.0218766 4 
0.0213801 0.0221691 4 
0.0213465 0.0218519 4 
0.0213007 0.0222912 4 
0.0212528 0.0218277 4 
0.0212137 0.0220111 4 
0.0211946 0.0214332 4 
0.0211816 0.0223593 4 
0.0211672 0.0218928 4 
0.0211482 0.0220067 4 
0.0211247 0.0216501 4 
0.0210661 0.0211848 4 
0.0210002 0.0216614 4 
0.0209861 0.0215569 4 
0.0209849 0.0213417 4 
0.0209788 0.0218971 4 
0.0209729 0.0213325 4 
0.0209643 0.0211286 4 
0.0209631 0.0220378 4 
0.0209257 0.0212032 4 
0.0208741 0.0215227 4 
0.0208725 0.0217173 4 
0.0208598 0.0225134 4 
0.0208485 0.0218587 4 
0.0208379 0.0224344 4 
0.0208051 0.0220642 4 
0.0207965 0.0225332 4 
0.0207961 0.0213022 4 
0.020788 0.0224456 4 
0.0207 0.0221962 4 
0.0206896 0.0221291 4 
0.0206739 0.0207243 4 
0.0206066 0.0215764 4 
0.0205614 0.0211286 4 
0.0205588 0.0206391 4 
0.0205495 0.0213297 4 
0.0205354 0.0221069 4 
0.0205181 0.0209507 4 
0.0205174 0.0208875 4 
0.020517 0.0212793 4 
0.020517 0.0207243 4 
0.0204624 0.0213725 4 
0.0204543 0.0208847 4 
0.0204076 0.0209136 4 
0.0204015 0.0211243 4 
0.0203817 0.0215764 4 
0.0203761 0.0216445 4 
0.0203721 0.0214757 4 
0.0203541 0.0229084 4 
0.0203432 0.0210229 4 
0.0203331 0.0224702 4 
0.0203317 0.0212849 4 
0.0203242 0.0207852 4 
0.0203068 0.0215227 4 
0.0203058 0.0213537 4 
0.0203044 0.0221064 4 
0.0203017 0.0218835 4 
0.0202991 0.0221543 4 
0.0202986 0.0213417 4 
0.020276 0.0206264 4 
0.0202739 0.0216736 4 
0.0202664 0.0204248 4 
0.0202578 0.0211593 4 
0.020255 0.0204449 4 
0.0202516 0.0218519 4 
0.0202254 0.021343 4 
0.0202125 0.0212975 4 
0.0202087 0.0210229 4 
0.020178 0.0202407 4 
0.0201074 0.0205029 4 
0.0200872 0.0208238 4 
0.0200689 0.0226031 4 
0.0200485 0.0202525 4 
0.02003 0.0206391 4 
0.0199969 0.0208417 4 
0.0199948 0.0200053 4 
0.0199791 0.0206149 4 
0.0199766 0.0216574 4 
0.0199568 0.0225643 4 
0.0199526 0.0216557 4 
0.0199481 0.0205176 4 
0.0199361 0.0206264 4 
0.0199267 0.021032 4 
0.0199118 0.0209582 4 
0.0198413 0.019932 4 
0.0198261 0.0220642 4 
0.0198189 0.0208043 4 
0.0198162 0.0217425 4 
0.0197607 0.019785 4 
0.0197579 0.0202407 4 
0.0197574 0.0213668 4 
0.0197437 0.0205736 4 
0.019739 0.0208516 4 
0.0197335 0.0223822 4 
0.0197324 0.0216605 4 
0.0197077 0.0201597 4 
0.0196948 0.0209671 4 
0.0196893 0.0199685 4 
0.0196776 0.0221377 4 
0.019676 0.0210105 4 
0.0196698 0.0205612 4 
0.0196608 0.0202142 4 
0.0196502 0.020111 4 
0.0196345 0.0209465 4 
0.019631 0.0214167 4 
0.0196196 0.0206562 4 
0.0196169 0.021669 4 
0.0196077 0.0204322 4 
0.0195987 0.0224406 4 
0.019593 0.0221064 4 
0.0195925 0.0199645 4 
0.0195871 0.0214167 4 
0.0195864 0.0208068 4 
0.0195688 0.0215677 4 
0.0195319 0.0206379 4 
0.0195294 0.019666 4 
0.0195244 0.0220232 4 
0.0195094 0.0195982 4 
0.019455 0.0214979 4 
0.019448 0.0216901 4 
0.0194333 0.0214332 4 
0.0194054 0.0205639 4 
0.0193724 0.0208847 4 
0.0193418 0.0197585 4 
0.0193194 0.0218587 4 
0.0193113 0.0199685 4 
0.0193091 0.0199685 4 
0.0192833 0.0223829 4 
0.0192769 0.021335 4 
0.0192725 0.0206253 4 
0.0192574 0.0211692 4 
0.019256 0.0216736 4 
0.0192495 0.0207888 4 
0.0192422 0.0203784 4 
0.0192187 0.0201806 4 
0.019152 0.0218164 4 
0.0191152 0.0201597 4 
0.0191011 0.0204879 4 
0.0190935 0.0223393 4 
0.0190857 0.0199566 4 
0.0190671 0.019428 4 
0.0190364 0.0206993 4 
0.0190362 0.0198731 4 
0.0190238 0.0206804 4 
0.0190041 0.0203784 4 
0.0189846 0.0207949 4 
0.0189839 0.0199685 4 
0.018982 0.0208929 4 
0.0189265 0.0214511 4 
0.0187793 0.0201806 4 
0.0187786 0.0205994 4 
0.018771 0.020111 4 
0.0187478 0.0206391 4 
0.0187412 0.0209224 4 
0.0187119 0.0190384 4 
0.0186458 0.020169 4 
0.0185586 0.0215487 4 
0.018552 0.0201263 4 
0.012092 0.0122026 5 
0.0115266 0.0119572 5 
0.0114916 0.012118 5 
0.0113617 0.0115027 5 
0.0113593 0.011692 5 
0.0113495 0.0123289 5 
0.0112532 0.0114694 5 
0.0112303 0.0115038 5 
0.0111927 0.0116664 5 
0.011136 0.0120041 5 
0.0111293 0.0112119 5 
0.0111141 0.0113513 5 
0.0111086 0.0112449 5 
0.0110593 0.0113776 5 
0.0110321 0.0115063 5 
0.0110312 0.0114143 5 
0.0110282 0.0113307 5 
0.0109689 0.011219 5 
0.0108991 0.0114896 5 
0.0108897 0.0112297 5 
0.0108815 0.0112255 5 
0.010827 0.0108956 5 
0.0108238 0.0108403 5 
0.0108089 0.0109881 5 
0.0107905 0.0111971 5 
0.0107497 0.0112017 5 
0.0107346 0.0111676 5 
0.0106908 0.0108033 5 
0.0106828 0.0109417 5 
0.0106549 0.010786 5 
0.0106362 0.0108 5 
0.010632 0.0110957 5 
0.0106082 0.0107353 5 
0.0105869 0.0106209 5 
0.010579 0.010928 5 
0.0105602 0.0110665 5 
0.0105519 0.0105645 5 
0.010516 0.0112659 5 
0.0105147 0.0110047 5 
0.0105073 0.0107528 5 
0.0105012 0.0108239 5 
0.0104993 0.0110047 5 
0.0104832 0.01152 5 
0.0104787 0.0107125 5 
0.0104749 0.0107432 5 
0.0104717 0.0107858 5 
0.0104532 0.010545 5 
0.0104527 0.0116882 5 
0.0104511 0.0113822 5 
0.0104315 0.0113703 5 
0.0104169 0.01076 5 
0.0103756 0.0106018 5 
0.0103715 0.0104954 5 
0.0103666 0.0110746 5 
0.0103647 0.0103698 5 
0.0103543 0.0107149 5 
0.0103392 0.0104426 5 
0.010326 0.0103551 5 
0.0103199 0.0106769 5 
0.0103193 0.0111538 5 
0.010295 0.0105407 5 
0.0102874 0.0107323 5 
0.0102863 0.0102905 5 
0.0102703 0.0103952 5 
0.0102702 0.0107804 5 
0.0102553 0.0104966 5 
0.0102545 0.0105864 5 
0.0102276 0.0104965 5 
0.0102203 0.0111406 5 
0.010211 0.0109669 5 
0.0102029 0.0111971 5 
0.0102007 0.0104474 5 
0.010192 0.0103351 5 
0.0101919 0.0104835 5 
0.0101754 0.0104981 5 
0.0101747 0.010278 5 
0.0101747 0.0104835 5 
0.010171 0.0102284 5 
0.0101472 0.0106627 5 
0.0101451 0.0109257 5 
0.0101428 0.0105098 5 
0.0101304 0.0107431 5 
0.0101247 0.0111039 5 
0.0101104 0.0109138 5 
0.0101006 0.0104562 5 
0.0100665 0.01012 5 
0.0100631 0.0114284 5 
0.0100602 0.010964 5 
0.0100505 0.0104674 5 
0.0100353 0.0107887 5 
0.0100277 0.0104828 5 
0.0100261 0.0104384 5 
0.0100148 0.0102504 5 
0.0100142 0.0103895 5 
0.0100107 0.0103551 5 
0.0100054 0.0113765 5 
0.00999998 0.0104966 5 
0.00999013 0.0103262 5 
0.0099835 0.0106271 5 
0.00994721 0.011598 5 
0.00993155 0.0102394 5 
0.00987274 0.0104262 5 
0.00986641 0.0105812 5 
0.00985463 0.0105476 5 
0.00984086 0.0108239 5 
0.00983585 0.00998938 5 
0.00982759 0.0100438 5 
0.00982695 0.0102504 5 
0.00982612 0.0104384 5 
0.00982521 0.0107168 5 
0.0098166 0.00994153 5 
0.0098158 0.0105289 5 
0.00981422 0.0113844 5 
0.00980395 0.0107096 5 
0.00980214 0.00984463 5 
0.00978064 0.0107907 5 
0.0097767 0.0102487 5 
0.00977576 0.0104992 5 
0.00977083 0.0105812 5 
0.00977078 0.0104426 5 
0.00976542 0.00990188 5 
0.00975726 0.00981843 5 
0.0097519 0.00986218 5 
0.0097382 0.00977646 5 
0.00973737 0.0101041 5 
0.0097347 0.0105611 5 
0.00972798 0.0101819 5 
0.00971885 0.0102899 5 
0.00970945 0.0113248 5 
0.00969687 0.0103953 5 
0.00967508 0.00996005 5 
0.0096651 0.00972503 5 
0.00966508 0.0096704 5 
0.00965773 0.0110791 5 
0.00965012 0.0102284 5 
0.00964175 0.0111406 5 
0.00963596 0.010938 5 
0.00962974 0.0104542 5 
0.00962538 0.0105735 5 
0.00962322 0.0113248 5 
0.00959046 0.0096146 5 
0.00958422 0.0096146 5 
0.00956468 0.0109994 5 
0.00955641 0.0105175 5 
0.00954021 0.0107651 5 
0.0095282 0.00986218 5 
0.00952697 0.0107358 5 
0.00950727 0.00970956 5 
0.0095047 0.00955658 5 
0.00950078 0.0107149 5 
0.00949635 0.00970956 5 
0.00949184 0.00955772 5 
0.00948678 0.0104614 5 
0.00948615 0.0107615 5 
0.00948478 0.00978159 5 
0.00946782 0.0109519 5 
0.00946395 0.0108114 5 
0.00945979 0.00991611 5 
0.00945875 0.0101848 5 
0.00944886 0.00965206 5 
0.00944246 0.0108198 5 
0.00943767 0.0100337 5 
0.00937829 0.0102852 5 
0.00937154 0.0095702 5 
0.00934302 0.00977646 5 
0.00933005 0.0106473 5 
0.0093254 0.00983991 5 
0.00931306 0.0103041 5 
0.00930775 0.00983021 5 
0.00929832 0.00974842 5 
0.00927931 0.00937465 5 
0.00927673 0.0101983 5 
0.00926055 0.0110215 5 
0.00925717 0.0106748 5 
0.00923469 0.00995931 5 
0.00919288 0.0096146 5 
0.00917954 0.0093687 5 
0.00908992 0.0108112 5 
0.00907241 0.00988273 5 
0.00905047 0.00972104 5 
0.00598888 0.00601404 6 
0.00595886 0.00622007 6 
0.00593085 0.00601053 6 
0.00586849 0.00591643 6 
0.00583676 0.00631078 6 
0.00582611 0.00612978 6 
0.0057781 0.00637206 6 
0.00576791 0.00579726 6 
0.0057521 0.00579156 6 
0.00573347 0.00580695 6 
0.00572977 0.0060143 6 
0.00571848 0.00572455 6 
0.0057164 0.00576295 6 
0.00570875 0.00591205 6 
0.00568316 0.00568381 6 
0.0056743 0.00593498 6 
0.00567142 0.00581148 6 
0.00563275 0.005737 6 
0.00560333 0.00570814 6 
0.00556165 0.00586663 6 
0.00555014 0.00588441 6 
0.005513 0.00609438 6 
0.00548256 0.00576295 6 
0.00547524 0.00559009 6 
0.00543064 0.00584814 6 
0.00542971 0.00553832 6 
0.00541805 0.00554028 6 
0.00541491 0.00559628 6 
0.00539713 0.00592575 6 
0.00538187 0.00593985 6 
0.00537933 0.00550678 6 
0.00537196 0.00540026 6 
0.00536417 0.00552963 6 
0.00535295 0.00566936 6 
0.00535129 0.00568443 6 
0.00534394 0.00546331 6 
0.00533345 0.00543204 6 
0.00532747 0.0054515 6 
0.00530517 0.00552963 6 
0.00529606 0.00543257 6 
0.00528308 0.00539348 6 
0.00528157 0.00570531 6 
0.00527953 0.0054964 6 
0.00527675 0.00532182 6 
0.00527612 0.00586663 6 
0.00527093 0.00557518 6 
0.00526413 0.0054167 6 
0.00526018 0.00534448 6 
0.0052594 0.0056253 6 
0.00525256 0.00537149 6 
0.00523611 0.00535579 6 
0.00522924 0.00530882 6 
0.00522511 0.00545992 6 
0.00521917 0.00537819 6 
0.00521261 0.00524148 6 
0.00520729 0.00534589 6 
0.00519292 0.00542578 6 
0.00517752 0.00560151 6 
0.00517028 0.00539348 6 
0.00516684 0.00538803 6 
0.00516664 0.00592824 6 
0.00516463 0.0055019 6 
0.00515385 0.00554904 6 
0.00514482 0.0060092 6 
0.00513438 0.00536051 6 
0.00512598 0.00514013 6 
0.00511054 0.0054306 6 
0.0051005 0.00556225 6 
0.00509512 0.00582011 6 
0.00509361 0.00556849 6 
0.00509321 0.00536855 6 
0.00509044 0.00518162 6 
0.00508429 0.00512986 6 
0.00507999 0.00543257 6 
0.00507254 0.00598672 6 
0.00507034 0.00535337 6 
0.00506536 0.00533941 6 
0.0050579 0.00536696 6 
0.00505741 0.00544706 6 
0.00504898 0.00577796 6 
0.0050389 0.00513248 6 
0.0050388 0.00513456 6 
0.005031 0.00521344 6 
0.00501396 0.00542568 6 
0.00500235 0.00517376 6 
0.00500007 0.0052058 6 
0.00499509 0.00576752 6 
0.00498904 0.00499509 6 
0.00498904 0.00517381 6 
0.0049844 0.0052058 6 
0.0049833 0.00539902 6 
0.00497801 0.00531262 6 
0.00497467 0.00514013 6 
0.00496417 0.00535223 6 
0.00496247 0.00537572 6 
0.0049622 0.00497321 6 
0.00495757 0.00567142 6 
0.00495108 0.00500845 6 
0.00494932 0.00534139 6 
0.00494722 0.00513916 6 
0.0049389 0.00496264 6 
0.00493526 0.00494742 6 
0.00493434 0.00529906 6 
0.00493304 0.00534608 6 
0.00492848 0.00570685 6 
0.00492642 0.00523817 6 
0.00492458 0.00536855 6 
0.00491403 0.00509325 6 
0.00491179 0.0056253 6 
0.0049078 0.00545722 6 
0.00489822 0.00521001 6 
0.00487733 0.00542941 6 
0.00487506 0.00489333 6 
0.00484469 0.00529906 6 
0.00481762 0.00533832 6 
0.00480587 0.00484717 6 
0.00480481 0.00542153 6 
0.00480358 0.00489366 6 
0.00480047 0.00490637 6 
0.00479911 0.00570069 6 
0.00479781 0.00490839 6 
0.00479734 0.00537149 6 
0.00479433 0.00514784 6 
0.00479304 0.00570685 6 
0.0047844 0.00504277 6 
0.00477774 0.00538826 6 
0.00477768 0.0049648 6 
0.00477135 0.0054042 6 
0.00476061 0.00528433 6 
0.00474643 0.00529286 6 
0.00474468 0.00485081 6 
0.00474219 0.00545506 6 
0.00473954 0.00481883 6 
0.00473195 0.00473386 6 
0.00471483 0.00508476 6 
0.00469193 0.00513691 6 
0.00468992 0.00478067 6 
0.00468989 0.0047712 6 
0.00468721 0.00476375 6 
0.0046713 0.00527986 6 
0.00466431 0.00490089 6 
0.00466223 0.00545622 6 
0.00466096 0.00546106 6 
0.00464767 0.00487529 6 
0.00461914 0.00565525 6 
0.00461839 0.00492185 6 
0.00461352 0.00499509 6 
0.00461002 0.00554865 6 
0.00454123 0.00473931 6 
0.0045312 0.00485181 6 
0.0044907 0.00499004 6 
0.00314343 0.00314554 7 
0.00310905 0.00323754 7 
0.00309976 0.00338111 7 
0.00307599 0.0031716 7 
0.00304228 0.00314232 7 
0.00297665 0.00308749 7 
0.00297582 0.00302818 7 
0.00297057 0.00334975 7 
0.00296819 0.00306413 7 
0.00296282 0.0031394 7 
0.00291676 0.00296554 7 
0.00290799 0.00314453 7 
0.00290613 0.00312475 7 
0.002906 0.00296674 7 
0.00290228 0.00304523 7 
0.00285778 0.00289964 7 
0.00284607 0.00303724 7 
0.00283108 0.00285567 7 
0.00282484 0.00311683 7 
0.00282483 0.00308359 7 
0.00281927 0.00294514 7 
0.00281484 0.00282987 7 
0.002811 0.00284296 7 
0.00280406 0.00281743 7 
0.00278566 0.00303151 7 
0.00278255 0.00285253 7 
0.00278213 0.00309424 7 
0.00277995 0.00282669 7 
0.00277737 0.00286656 7 
0.00276398 0.00277395 7 
0.00275729 0.00287145 7 
0.00275688 0.00284308 7 
0.00275401 0.00283906 7 
0.00275107 0.00282945 7 
0.00274927 0.00277654 7 
0.00274647 0.00279951 7 
0.00273574 0.0028186 7 
0.00273431 0.00281341 7 
0.00273074 0.00273706 7 
0.0027123 0.00275475 7 
0.00271147 0.00282669 7 
0.00270991 0.00274181 7 
0.0027099 0.00289331 7 
0.00270765 0.002775 7 
0.00270361 0.00290584 7 
0.00270333 0.00280156 7 
0.00270175 0.00293268 7 
0.00270119 0.00306166 7 
0.00268651 0.00282862 7 
0.00268507 0.00268949 7 
0.00268158 0.00278347 7 
0.00267913 0.00272978 7 
0.00267729 0.00286003 7 
0.00267707 0.00281381 7 
0.00267639 0.00278274 7 
0.00267358 0.00314058 7 
0.00266584 0.00282356 7 
0.0026615 0.00272925 7 
0.00266042 0.00272978 7 
0.00265778 0.00290382 7 
0.00265777 0.00274136 7 
0.00265099 0.00295739 7 
0.00264606 0.00300391 7 
0.00263114 0.00315725 7 
0.00262941 0.00266486 7 
0.00262707 0.00269127 7 
0.00261827 0.00285356 7 
0.0026161 0.00270316 7 
0.00261598 0.002762 7 
0.00261285 0.00264499 7 
0.00260993 0.00272428 7 
0.00260616 0.00294867 7 
0.00260295 0.00274897 7 
0.0026015 0.00264539 7 
0.0026002 0.00290511 7 
0.00258486 0.00280166 7 
0.00258078 0.0026297 7 
0.00257956 0.00276753 7 
0.00257526 0.00308582 7 
0.00257361 0.0026202 7 
0.00257207 0.00258467 7 
0.00256957 0.00257713 7 
0.00256508 0.00259976 7 
0.00256161 0.00261374 7 
0.00256152 0.00259574 7 
0.00256108 0.00289331 7 
0.00256093 0.00279867 7 
0.00256034 0.00259976 7 
0.00255966 0.00262632 7 
0.0025547 0.00283855 7 
0.00255121 0.00255385 7 
0.00255049 0.00292046 7 
0.00253846 0.00262247 7 
0.00253693 0.00269127 7 
0.00253647 0.0027013 7 
0.00253357 0.00259704 7 
0.00252682 0.00265536 7 
0.00252597 0.00272586 7 
0.00252349 0.00274897 7 
0.00252168 0.00253789 7 
0.00251903 0.00278212 7 
0.00250154 0.00271019 7 
0.00249666 0.00270565 7 
0.00249296 0.00284603 7 
0.00249111 0.00274181 7 
0.00248094 0.00250382 7 
0.00247873 0.00264522 7 
0.00247844 0.00248359 7 
0.00247447 0.00254616 7 
0.00247433 0.00281019 7 
0.00247303 0.00278347 7 
0.00247 0.00254953 7 
0.00246826 0.0025633 7 
0.00245238 0.00262234 7 
0.00245142 0.0024844 7 
0.00244467 0.00274312 7 
0.00243633 0.00272718 7 
0.0024244 0.00249113 7 
0.00242274 0.0028033 7 
0.00242226 0.00255424 7 
0.0024219 0.00271696 7 
0.00242148 0.00292046 7 
0.00242127 0.00300355 7 
0.00241407 0.00245329 7 
0.0024097 0.00242677 7 
0.00240308 0.00246845 7 
0.00239693 0.00246655 7 
0.00239247 0.0027992 7 
0.00239145 0.00281991 7 
0.00239136 0.00267333 7 
0.00237807 0.00245539 7 
0.00237066 0.00281223 7 
0.00236331 0.00254282 7 
0.00235697 0.0026262 7 
0.00234699 0.00291034 7 
0.00232774 0.00254953 7 
0.002322 0.00249641 7 
0.00231533 0.0024312 7 
0.00227695 0.00234105 7 
0.00227332 0.00246655 7 
0.00226416 0.00262116 7 
0.0016623 0.0018298 8 
0.00163899 0.00170421 8 
0.00157493 0.00162627 8 
0.00155782 0.00158033 8 
0.00155469 0.00162222 8 
0.00154061 0.00165776 8 
0.00154004 0.00178557 8 
0.00153396 0.00168571 8 
0.001515 0.00154181 8 
0.00150752 0.00159305 8 
0.00150706 0.00152583 8 
0.00150633 0.0015809 8 
0.00150392 0.00152601 8 
0.00150179 0.00165685 8 
0.00150129 0.00154978 8 
0.0014991 0.00162008 8 
0.00149685 0.00154064 8 
0.00149279 0.00163072 8 
0.00148909 0.00163017 8 
0.0014882 0.00154343 8 
0.00148768 0.00149363 8 
0.00147092 0.00147874 8 
0.00145862 0.00150529 8 
0.00145614 0.00146611 8 
0.00144992 0.00152583 8 
0.00144667 0.0014811 8 
0.00144388 0.0014486 8 
0.00143656 0.00148729 8 
0.00143455 0.00144593 8 
0.00143356 0.00146879 8 
0.00143274 0.00163174 8 
0.00143029 0.00145585 8 
0.00142462 0.00158928 8 
0.00142363 0.00149168 8 
0.0014235 0.00145815 8 
0.00141945 0.00146127 8 
0.00141729 0.00141995 8 
0.00141605 0.00165436 8 
0.00141596 0.00144993 8 
0.00141535 0.00150772 8 
0.00141447 0.00150376 8 
0.00141445 0.00155087 8 
0.00141389 0.00148363 8 
0.00141304 0.00148861 8 
0.00140476 0.00145673 8 
0.00140139 0.00145839 8 
0.00140071 0.00146611 8 
0.00140053 0.00150921 8 
0.00139493 0.00155839 8 
0.0013939 0.00168277 8 
0.0013901 0.00140289 8 
0.00137607 0.00143841 8 
0.00137079 0.00142096 8 
0.00137012 0.00144774 8 
0.00136846 0.00140254 8 
0.00136832 0.00152643 8 
0.00136578 0.00144376 8 
0.00136183 0.00148319 8 
0.00136171 0.00143162 8 
0.00135972 0.00138359 8 
0.00135385 0.00142096 8 
0.00135099 0.0014741 8 
0.00135026 0.00146319 8 
0.00134697 0.00137285 8 
0.00134575 0.00135868 8 
0.00134409 0.00136355 8 
0.00134288 0.00139085 8 
0.00134112 0.00153136 8 
0.0013403 0.00151421 8 
0.0013386 0.00149391 8 
0.00133811 0.00146642 8 
0.00133748 0.00144083 8 
0.00133672 0.00135878 8 
0.00133597 0.0013713 8 
0.0013326 0.00151097 8 
0.00133094 0.00145136 8 
0.00132879 0.00134456 8 
0.00132265 0.00137602 8 
0.00132137 0.0013969 8 
0.00132048 0.00163522 8 
0.00131956 0.00132815 8 
0.00131276 0.00139345 8 
0.00130767 0.0013152 8 
0.0013055 0.00133834 8 
0.00130534 0.00137602 8 
0.00130295 0.00130588 8 
0.0012961 0.00146879 8 
0.00129502 0.00132481 8 
0.00129375 0.0013246 8 
0.001292 0.00130776 8 
0.00128559 0.00141995 8 
0.00128527 0.00131602 8 
0.00128179 0.00150031 8 
0.00128139 0.00128795 8 
0.00128102 0.00135469 8 
0.00127968 0.00142913 8 
0.00127869 0.00141667 8 
0.00127779 0.00144298 8 
0.00127569 0.00143589 8 
0.00127493 0.0013111 8 
0.0012721 0.00128895 8 
0.00126712 0.00142734 8 
0.00126475 0.00145515 8 
0.00126045 0.00132019 8 
0.00125428 0.00147738 8 
0.00124846 0.00126679 8 
0.00124776 0.00158033 8 
0.00124772 0.00151421 8 
0.00124519 0.00137595 8 
0.00124387 0.00138941 8 
0.00124182 0.00134436 8 
0.00124045 0.00147264 8 
0.00123727 0.00124083 8 
0.00123366 0.0013659 8 
0.00123219 0.0015322 8 
0.00122857 0.00127401 8 
0.00122211 0.00145865 8 
0.00121694 0.00131602 8 
0.00121186 0.0012689 8 
0.00120674 0.001215 8 
0.0012027 0.00123137 8 
0.00120128 0.0013111 8 
0.00119792 0.00135691 8 
0.00117388 0.0012689 8 
0.00115696 0.00115967 8 
0.00115489 0.00134626 8 
0.000898329 0.000998078 9 
0.000893106 0.000896597 9 
0.000871643 0.000895745 9 
0.000839761 0.000856735 9 
0.000823442 0.000880201 9 
0.000818524 0.000962741 9 
0.00081688 0.000857638 9 
0.000816026 0.00088789 9 
0.00081548 0.000829339 9 
0.000809906 0.000869294 9 
0.000806371 0.000870538 9 
0.00080613 0.000885153 9 
0.000806101 0.000820443 9 
0.000805182 0.000820946 9 
0.000805121 0.000858283 9 
0.000804919 0.000828284 9 
0.000791637 0.000828806 9 
0.000790469 0.000825553 9 
0.000780014 0.000805206 9 
0.000776467 0.000851337 9 
0.000776374 0.000777265 9 
0.000776366 0.000801745 9 
0.000775287 0.00078617 9 
0.000773863 0.000800779 9 
0.000773748 0.000785021 9 
0.000773645 0.000911503 9 
0.000772848 0.000793593 9 
0.000770208 0.000800603 9 
0.000769105 0.000769884 9 
0.000768971 0.000880174 9 
0.000767761 0.000792111 9 
0.000764514 0.00081626 9 
0.000762393 0.000762937 9 
0.000761923 0.000787194 9 
0.000759873 0.000884441 9 
0.00075786 0.000813031 9 
0.000757791 0.000834575 9 
0.000756078 0.000779673 9 
0.00075428 0.00076012 9 
0.000750728 0.000764719 9 
0.000746701 0.000787194 9 
0.000744951 0.000773168 9 
0.000744 0.000782629 9 
0.000742181 0.000747057 9 
0.000736894 0.000751243 9 
0.000735313 0.000756256 9 
0.000733922 0.000749029 9 
0.000733653 0.000783191 9 
0.000733601 0.000782484 9 
0.000732866 0.000781673 9 
0.000732653 0.000744257 9 
0.000730196 0.000769884 9 
0.000728022 0.0007353 9 
0.000725366 0.000769962 9 
0.000723119 0.000732088 9 
0.000716364 0.000744257 9 
0.00071609 0.00076765 9 
0.000715086 0.000780718 9 
0.000714153 0.000784323 9 
0.000713411 0.000732318 9 
0.000712938 0.000794138 9 
0.000712487 0.000723639 9 
0.000711595 0.000780297 9 
0.000711526 0.000735162 9 
0.000711068 0.000714493 9 
0.000709935 0.000789758 9 
0.000709536 0.0007282 9 
0.00070886 0.000840609 9 
0.000705943 0.000773972 9 
0.000698765 0.000812912 9 
0.00069701 0.000799383 9 
0.00069556 0.00077087 9 
0.000694468 0.000756023 9 
0.000694051 0.000731228 9 
0.000688475 0.000782629 9 
0.000687658 0.000763087 9 
0.000686422 0.00072911 9 
0.000685489 0.000876943 9 
0.000685405 0.000703925 9 
0.00068135 0.000684413 9 
0.000681036 0.000697658 9 
0.000680473 0.000729456 9 
0.00067862 0.000764742 9 
0.00067535 0.000729467 9 
0.000674378 0.000690502 9 
0.000672385 0.000758638 9 
0.000671557 0.000765829 9 
0.000671318 0.000746177 9 
0.000669392 0.000823592 9 
0.000667976 0.000750387 9 
0.000666956 0.000744021 9 
0.000666011 0.000797595 9 
0.000664685 0.000709286 9 
0.000661997 0.000674066 9 
0.0006617 0.000683993 9 
0.000660428 0.000709082 9 
0.000657994 0.000786659 9 
0.000657715 0.00071874 9 
0.00065636 0.000771943 9 
0.000656092 0.000794138 9 
0.000655055 0.000732738 9 
0.000649765 0.000707824 9 
0.000649334 0.000840609 9 
0.00064726 0.000706551 9 
0.000645151 0.000737728 9 
0.000642529 0.000707198 9 
0.000642105 0.00064246 9 
0.000641295 0.000655989 9 
0.000637052 0.000762986 9 
0.000627951 0.000698828 9 
0.000621102 0.000659062 9 
0.000618761 0.000701743 9 
0.000616471 0.000659062 9 
0.000616422 0.000627967 9 
0.000597461 0.000685846 9 
