0.528132 0.535513 0 
0.526089 0.544216 0 
0.525631 0.546446 0 
0.52563 0.542372 0 
0.525623 0.545396 0 
0.525199 0.542522 0 
0.524823 0.538879 0 
0.524736 0.539666 0 
0.524718 0.53783 0 
0.524639 0.541894 0 
0.524494 0.545513 0 
0.524321 0.545285 0 
0.524056 0.538879 0 
0.524029 0.537754 0 
0.523787 0.539015 0 
0.523784 0.543579 0 
0.523738 0.54385 0 
0.523672 0.536777 0 
0.523435 0.541239 0 
0.523372 0.547101 0 
0.523296 0.538732 0 
0.523242 0.536834 0 
0.523204 0.540451 0 
0.523155 0.545598 0 
0.523152 0.546446 0 
0.523099 0.543551 0 
0.522954 0.539112 0 
0.522915 0.543253 0 
0.522782 0.541264 0 
0.522768 0.540615 0 
0.522661 0.544741 0 
0.522649 0.545999 0 
0.522567 0.5236 0 
0.522538 0.539313 0 
0.522515 0.541619 0 
0.522486 0.545018 0 
0.522415 0.541879 0 
0.522226 0.541735 0 
0.522202 0.541023 0 
0.522169 0.523261 0 
0.522138 0.541454 0 
0.521927 0.537891 0 
0.521908 0.544791 0 
0.521825 0.542888 0 
0.521667 0.542185 0 
0.521588 0.539112 0 
0.521576 0.546383 0 
0.521513 0.541178 0 
0.521501 0.545139 0 
0.521491 0.540471 0 
0.52126 0.538345 0 
0.521183 0.52132 0 
0.521058 0.541411 0 
0.520871 0.540926 0 
0.520795 0.546963 0 
0.520705 0.54532 0 
0.520617 0.545999 0 
0.520583 0.546438 0 
0.520523 0.547879 0 
0.520515 0.538247 0 
0.520449 0.542349 0 
0.520417 0.538044 0 
0.520334 0.520744 0 
0.520332 0.54268 0 
0.520283 0.543102 0 
0.520192 0.537891 0 
0.520098 0.544087 0 
0.52006 0.546423 0 
0.519963 0.5483 0 
0.519862 0.540451 0 
0.519806 0.538835 0 
0.519776 0.521069 0 
0.519745 0.546453 0 
0.519675 0.541656 0 
0.519659 0.546517 0 
0.519579 0.53632 0 
0.519418 0.523346 0 
0.51923 0.542431 0 
0.51911 0.5421 0 
0.519099 0.536834 0 
0.519096 0.548747 0 
0.519075 0.538966 0 
0.518931 0.537624 0 
0.518907 0.519914 0 
0.518892 0.545234 0 
0.518776 0.541696 0 
0.518707 0.549565 0 
0.518662 0.521148 0 
0.518645 0.52166 0 
0.518628 0.539868 0 
0.518431 0.540303 0 
0.518249 0.546074 0 
0.518247 0.541482 0 
0.51815 0.542672 0 
0.518112 0.543915 0 
0.518027 0.519546 0 
0.517868 0.542174 0 
0.51775 0.519691 0 
0.517733 0.519399 0 
0.517708 0.522459 0 
0.517678 0.547009 0 
0.517621 0.542897 0 
0.517599 0.541931 0 
0.517554 0.540838 0 
0.517539 0.544249 0 
0.51738 0.545537 0 
0.517283 0.539732 0 
0.517277 0.540485 0 
0.517258 0.539846 0 
0.517238 0.541499 0 
0.51717 0.542468 0 
0.517168 0.542293 0 
0.517143 0.517773 0 
0.517121 0.542831 0 
0.51712 0.517394 0 
0.517098 0.521226 0 
0.517044 0.517184 0 
0.516962 0.540967 0 
0.516936 0.51993 0 
0.516927 0.540967 0 
0.516893 0.540838 0 
0.516884 0.547916 0 
0.516848 0.544222 0 
0.51683 0.542174 0 
0.516803 0.540657 0 
0.516734 0.540657 0 
0.516629 0.536832 0 
0.516618 0.517146 0 
0.51653 0.542397 0 
0.516498 0.518152 0 
0.516485 0.538149 0 
0.516431 0.535754 0 
0.516352 0.544527 0 
0.516268 0.540098 0 
0.51619 0.516336 0 
0.516113 0.544951 0 
0.516047 0.538732 0 
0.51597 0.544176 0 
0.515782 0.539768 0 
0.515657 0.515852 0 
0.515618 0.520744 0 
0.515452 0.517288 0 
0.515381 0.541364 0 
0.515356 0.53844 0 
0.515343 0.542174 0 
0.515341 0.540603 0 
0.515317 0.542891 0 
0.515215 0.515615 0 
0.515103 0.541364 0 
0.51507 0.541892 0 
0.515009 0.540926 0 
0.514823 0.536608 0 
0.514771 0.550267 0 
0.514739 0.538345 0 
0.514632 0.538993 0 
0.514629 0.520487 0 
0.514509 0.544651 0 
0.514382 0.514862 0 
0.514376 0.514525 0 
0.514363 0.542174 0 
0.514319 0.542126 0 
0.514174 0.51501 0 
0.514103 0.543593 0 
0.514057 0.514154 0 
0.514044 0.545122 0 
0.514002 0.539189 0 
0.514 0.549381 0 
0.513988 0.541411 0 
0.513949 0.538876 0 
0.513921 0.514528 0 
0.513918 0.536873 0 
0.513908 0.543433 0 
0.513872 0.543181 0 
0.51374 0.542185 0 
0.513516 0.540607 0 
0.513513 0.514828 0 
0.513398 0.548772 0 
0.513291 0.538319 0 
0.513281 0.513592 0 
0.513227 0.545945 0 
0.513099 0.514102 0 
0.513068 0.51343 0 
0.51295 0.513017 0 
0.512899 0.514648 0 
0.512881 0.540017 0 
0.512828 0.54586 0 
0.512751 0.51335 0 
0.512718 0.512765 0 
0.512656 0.516872 0 
0.512639 0.513745 0 
0.512614 0.539333 0 
0.512548 0.513342 0 
0.512504 0.51432 0 
0.512429 0.512711 0 
0.512315 0.543728 0 
0.512204 0.514225 0 
0.512109 0.543181 0 
0.512094 0.512535 0 
0.512075 0.512458 0 
0.512062 0.516802 0 
0.512047 0.512196 0 
0.512033 0.514926 0 
0.512018 0.517634 0 
0.511943 0.515094 0 
0.511933 0.515432 0 
0.511855 0.51212 0 
0.511848 0.514319 0 
0.511846 0.513023 0 
0.511821 0.514758 0 
0.511759 0.51529 0 
0.511663 0.540607 0 
0.511533 0.542891 0 
0.51148 0.546034 0 
0.511442 0.540607 0 
0.511368 0.511587 0 
0.511353 0.516358 0 
0.511345 0.512717 0 
0.511321 0.51399 0 
0.511318 0.515348 0 
0.511239 0.546063 0 
0.511227 0.511833 0 
0.511138 0.512898 0 
0.511065 0.511634 0 
0.511053 0.513406 0 
0.511043 0.515002 0 
0.511023 0.513503 0 
0.510985 0.511295 0 
0.510981 0.544193 0 
0.510973 0.514387 0 
0.51097 0.514558 0 
0.5109 0.513323 0 
0.510888 0.511621 0 
0.510781 0.515143 0 
0.510769 0.515183 0 
0.51067 0.514756 0 
0.510514 0.511191 0 
0.5105 0.512737 0 
0.510408 0.513342 0 
0.510349 0.510751 0 
0.510315 0.511791 0 
0.510238 0.515392 0 
0.510172 0.512491 0 
0.51017 0.516665 0 
0.510164 0.54145 0 
0.510138 0.513375 0 
0.510057 0.513667 0 
0.510038 0.514862 0 
0.509929 0.510236 0 
0.50973 0.510293 0 
0.50967 0.513852 0 
0.509563 0.511096 0 
0.50952 0.540967 0 
0.509511 0.51529 0 
0.509394 0.510698 0 
0.509335 0.511281 0 
0.509325 0.53844 0 
0.50921 0.514826 0 
0.509182 0.50942 0 
0.509028 0.509055 0 
0.509011 0.51234 0 
0.509 0.516133 0 
0.508951 0.509454 0 
0.508925 0.509392 0 
0.508819 0.513671 0 
0.508752 0.511856 0 
0.50873 0.508776 0 
0.508654 0.51209 0 
0.508599 0.515948 0 
0.50859 0.514262 0 
0.508584 0.509288 0 
0.508547 0.514076 0 
0.508541 0.513991 0 
0.508521 0.511362 0 
0.508221 0.516392 0 
0.50815 0.512843 0 
0.508101 0.516615 0 
0.50809 0.508171 0 
0.508024 0.514429 0 
0.507744 0.509392 0 
0.507715 0.512765 0 
0.507691 0.51181 0 
0.507636 0.516392 0 
0.507576 0.536608 0 
0.507294 0.509552 0 
0.507066 0.513627 0 
0.507002 0.511791 0 
0.506983 0.510747 0 
0.506698 0.542937 0 
0.506669 0.509108 0 
0.506623 0.507301 0 
0.506107 0.511225 0 
0.505832 0.511886 0 
0.505146 0.506572 0 
0.505134 0.509484 0 
0.231972 0.243262 1 
0.231433 0.238393 1 
0.23095 0.232093 1 
0.229795 0.233539 1 
0.229782 0.229958 1 
0.228941 0.233184 1 
0.228863 0.230423 1 
0.22741 0.230722 1 
0.227369 0.238678 1 
0.227212 0.236373 1 
0.226903 0.234681 1 
0.22684 0.231641 1 
0.22679 0.23098 1 
0.226627 0.235288 1 
0.226555 0.228884 1 
0.226085 0.227311 1 
0.225857 0.236013 1 
0.225386 0.234723 1 
0.225381 0.226942 1 
0.225215 0.227695 1 
0.224971 0.228975 1 
0.224958 0.241612 1 
0.224742 0.234972 1 
0.224725 0.225679 1 
0.224667 0.225608 1 
0.224593 0.225167 1 
0.224336 0.229644 1 
0.223936 0.233833 1 
0.223817 0.234109 1 
0.223667 0.224954 1 
0.223612 0.23334 1 
0.223263 0.229542 1 
0.223215 0.224585 1 
0.223149 0.234199 1 
0.223046 0.22346 1 
0.222842 0.224351 1 
0.222829 0.223583 1 
0.222736 0.228302 1 
0.2227 0.241283 1 
0.222604 0.228763 1 
0.222391 0.236578 1 
0.222257 0.23204 1 
0.22222 0.223347 1 
0.222161 0.225521 1 
0.22215 0.223008 1 
0.221795 0.223405 1 
0.221663 0.222694 1 
0.221549 0.223838 1 
0.221355 0.229699 1 
0.221354 0.233184 1 
0.221198 0.225905 1 
0.221178 0.229695 1 
0.221004 0.225067 1 
0.220986 0.222382 1 
0.22088 0.22768 1 
0.22042 0.220869 1 
0.220365 0.228337 1 
0.219949 0.222281 1 
0.21991 0.223637 1 
0.219878 0.221065 1 
0.219776 0.222751 1 
0.219617 0.224971 1 
0.219582 0.221428 1 
0.219496 0.225197 1 
0.219305 0.221706 1 
0.219196 0.222499 1 
0.219187 0.223045 1 
0.218999 0.223856 1 
0.218888 0.23385 1 
0.218793 0.22381 1 
0.218738 0.22068 1 
0.218618 0.231161 1 
0.21848 0.222049 1 
0.218412 0.225622 1 
0.218302 0.222193 1 
0.218116 0.22309 1 
0.217623 0.223764 1 
0.217512 0.228694 1 
0.217283 0.225905 1 
0.217218 0.21802 1 
0.21718 0.223919 1 
0.216859 0.219357 1 
0.216797 0.218684 1 
0.216506 0.232369 1 
0.216349 0.225231 1 
0.216349 0.218449 1 
0.216305 0.220351 1 
0.2163 0.229489 1 
0.21598 0.228337 1 
0.215827 0.219203 1 
0.215783 0.224632 1 
0.215758 0.223639 1 
0.215612 0.217019 1 
0.215492 0.223405 1 
0.215431 0.225385 1 
0.215386 0.226926 1 
0.215375 0.222499 1 
0.215257 0.22433 1 
0.214985 0.225405 1 
0.214917 0.21587 1 
0.214743 0.221784 1 
0.214606 0.215441 1 
0.214488 0.220021 1 
0.21431 0.219545 1 
0.214152 0.220064 1 
0.213693 0.223313 1 
0.213675 0.224971 1 
0.213652 0.21867 1 
0.213311 0.213596 1 
0.213225 0.217099 1 
0.213168 0.220488 1 
0.213142 0.221388 1 
0.212963 0.22585 1 
0.212936 0.232262 1 
0.212746 0.223347 1 
0.212707 0.220427 1 
0.212604 0.219948 1 
0.212531 0.224822 1 
0.212457 0.222662 1 
0.212297 0.224632 1 
0.212165 0.217921 1 
0.212014 0.214431 1 
0.211772 0.222049 1 
0.211588 0.225672 1 
0.211503 0.226656 1 
0.211438 0.222077 1 
0.211292 0.224632 1 
0.211014 0.217871 1 
0.210961 0.227747 1 
0.210718 0.224632 1 
0.210494 0.22585 1 
0.210467 0.217549 1 
0.210201 0.216983 1 
0.210132 0.226942 1 
0.210063 0.210409 1 
0.209755 0.214806 1 
0.209734 0.223848 1 
0.209275 0.221025 1 
0.209009 0.22494 1 
0.208738 0.231607 1 
0.208612 0.222707 1 
0.208129 0.222707 1 
0.208102 0.224435 1 
0.208084 0.208563 1 
0.207627 0.218102 1 
0.207307 0.220326 1 
0.206929 0.218886 1 
0.206665 0.215172 1 
0.20642 0.208515 1 
0.206417 0.222707 1 
0.206007 0.209626 1 
0.205947 0.206276 1 
0.205815 0.207594 1 
0.20571 0.206421 1 
0.205626 0.206488 1 
0.205591 0.208512 1 
0.205504 0.208595 1 
0.205414 0.206092 1 
0.205372 0.206619 1 
0.205251 0.222499 1 
0.205186 0.227747 1 
0.205178 0.208816 1 
0.204973 0.206393 1 
0.204728 0.20688 1 
0.204526 0.208129 1 
0.204489 0.209355 1 
0.20441 0.207963 1 
0.204013 0.218886 1 
0.203973 0.205251 1 
0.203866 0.204362 1 
0.20354 0.204589 1 
0.203391 0.207539 1 
0.203348 0.203387 1 
0.203277 0.203557 1 
0.202963 0.211609 1 
0.202929 0.225905 1 
0.202926 0.203567 1 
0.202743 0.203309 1 
0.202625 0.203657 1 
0.202615 0.205217 1 
0.2025 0.205659 1 
0.202493 0.205738 1 
0.202478 0.206615 1 
0.202178 0.20322 1 
0.20211 0.204081 1 
0.202097 0.204401 1 
0.201913 0.203863 1 
0.201912 0.206499 1 
0.201824 0.206489 1 
0.201794 0.203721 1 
0.201737 0.202023 1 
0.201673 0.205821 1 
0.201582 0.202047 1 
0.201553 0.203346 1 
0.201301 0.207026 1 
0.201245 0.202694 1 
0.20124 0.203654 1 
0.201235 0.201898 1 
0.201159 0.2049 1 
0.201158 0.205738 1 
0.201101 0.202955 1 
0.20105 0.20695 1 
0.201034 0.206276 1 
0.200807 0.203144 1 
0.200775 0.202105 1 
0.20055 0.203398 1 
0.200391 0.20296 1 
0.200359 0.203682 1 
0.200346 0.207076 1 
0.200186 0.201824 1 
0.200164 0.200202 1 
0.200128 0.203668 1 
0.199898 0.202047 1 
0.199894 0.203821 1 
0.199852 0.203364 1 
0.199764 0.201721 1 
0.199564 0.206143 1 
0.199525 0.2017 1 
0.199497 0.203729 1 
0.199449 0.204404 1 
0.199387 0.202047 1 
0.199372 0.200942 1 
0.199008 0.202684 1 
0.198818 0.201371 1 
0.198378 0.200888 1 
0.197993 0.198034 1 
0.197902 0.199776 1 
0.197864 0.198144 1 
0.197852 0.200304 1 
0.197831 0.198103 1 
0.19761 0.198244 1 
0.197533 0.201531 1 
0.197503 0.197889 1 
0.197294 0.20063 1 
0.196923 0.20063 1 
0.196869 0.200301 1 
0.196053 0.20089 1 
0.195462 0.200089 1 
0.115396 0.118805 2 
0.111847 0.11265 2 
0.111821 0.112001 2 
0.110195 0.111537 2 
0.109682 0.11039 2 
0.10842 0.10867 2 
0.10781 0.10857 2 
0.107629 0.107919 2 
0.107548 0.109722 2 
0.106875 0.108394 2 
0.105957 0.109695 2 
0.10545 0.107609 2 
0.10445 0.109366 2 
0.104295 0.108612 2 
0.103945 0.109615 2 
0.103112 0.106798 2 
0.103073 0.107395 2 
0.102929 0.109844 2 
0.102921 0.105667 2 
0.102447 0.106815 2 
0.100763 0.105338 2 
0.100473 0.1013 2 
0.100357 0.101397 2 
0.10028 0.101861 2 
0.100272 0.107609 2 
0.100101 0.100875 2 
0.100075 0.101373 2 
0.0997223 0.100411 2 
0.099314 0.100807 2 
0.0982512 0.103243 2 
0.0974549 0.0982688 2 
0.0973162 0.0973278 2 
0.0972588 0.104294 2 
0.0971955 0.100079 2 
0.0971631 0.10073 2 
0.0966094 0.0969605 2 
0.0966004 0.104658 2 
0.0965094 0.103514 2 
0.0964732 0.100411 2 
0.0964636 0.100411 2 
0.0961754 0.0987394 2 
0.0960135 0.101453 2 
0.0960116 0.10538 2 
0.0951986 0.102413 2 
0.0951783 0.108963 2 
0.0938262 0.0983352 2 
0.0935659 0.097269 2 
0.0934759 0.0956186 2 
0.0933537 0.0983128 2 
0.0929199 0.0962287 2 
0.092618 0.102628 2 
0.0921915 0.094719 2 
0.0921514 0.104478 2 
0.0914882 0.0918831 2 
0.0914401 0.0923866 2 
0.0913185 0.0983128 2 
0.0911589 0.0932527 2 
0.0910465 0.0964832 2 
0.09089 0.0911722 2 
0.0907557 0.091055 2 
0.0905197 0.0919255 2 
0.0905039 0.091055 2 
0.0904767 0.0928463 2 
0.0904354 0.0918873 2 
0.0898392 0.0973278 2 
0.0897527 0.089935 2 
0.0896704 0.0913307 2 
0.0895771 0.0906657 2 
0.0893316 0.0943292 2 
0.0892864 0.0907497 2 
0.0892645 0.0924464 2 
0.0891947 0.0926684 2 
0.0891321 0.0919961 2 
0.0887602 0.100361 2 
0.0887261 0.0922988 2 
0.0886036 0.0909833 2 
0.0884617 0.0898236 2 
0.0884101 0.0899211 2 
0.0883775 0.092729 2 
0.0883553 0.0907137 2 
0.0882753 0.0943292 2 
0.0881734 0.0884974 2 
0.0878991 0.0891969 2 
0.0878566 0.0881495 2 
0.0876748 0.0889798 2 
0.0873777 0.0879649 2 
0.0872706 0.0883787 2 
0.0871749 0.0953989 2 
0.0870162 0.0879774 2 
0.0869997 0.0890242 2 
0.0869221 0.0875406 2 
0.0869093 0.0879792 2 
0.0868766 0.0876506 2 
0.0868179 0.0879792 2 
0.0866686 0.088928 2 
0.0864689 0.0884729 2 
0.0863996 0.0886332 2 
0.0863428 0.0873181 2 
0.0863332 0.0896953 2 
0.0862034 0.0864551 2 
0.0861469 0.0865879 2 
0.0860465 0.0863806 2 
0.0859633 0.0908792 2 
0.0858385 0.0873279 2 
0.0858084 0.0883927 2 
0.0857228 0.0925963 2 
0.0856957 0.0872534 2 
0.0856761 0.0859893 2 
0.0855102 0.0860935 2 
0.0854974 0.089559 2 
0.08545 0.0891248 2 
0.0853885 0.0878129 2 
0.0852824 0.086769 2 
0.0852514 0.0855684 2 
0.0852186 0.087073 2 
0.0851825 0.089627 2 
0.0851373 0.0854931 2 
0.0850401 0.0879649 2 
0.085026 0.0863368 2 
0.0849705 0.0890731 2 
0.0848253 0.0864085 2 
0.0846428 0.0849831 2 
0.0846271 0.0869537 2 
0.0846134 0.0862418 2 
0.0844887 0.0869714 2 
0.0843949 0.0873807 2 
0.0843843 0.0871496 2 
0.0843141 0.0849749 2 
0.0839883 0.0876219 2 
0.083912 0.0847583 2 
0.0838201 0.0854921 2 
0.0838141 0.089506 2 
0.0837405 0.084155 2 
0.0835533 0.083774 2 
0.0832208 0.0885451 2 
0.0831053 0.0844091 2 
0.0830945 0.0853433 2 
0.0828691 0.0851872 2 
0.0828059 0.0837175 2 
0.0826533 0.0885028 2 
0.0826059 0.0853433 2 
0.0820264 0.0829287 2 
0.0818507 0.0832188 2 
0.0818203 0.0846297 2 
0.0807558 0.0850319 2 
0.0580609 0.0583584 3 
0.0579848 0.0590554 3 
0.0578654 0.058058 3 
0.0571442 0.057642 3 
0.0551422 0.0554091 3 
0.0539263 0.0545863 3 
0.0539096 0.0540055 3 
0.0527346 0.0544511 3 
0.050982 0.0519309 3 
0.0509049 0.0544809 3 
0.050108 0.0555874 3 
0.0499123 0.0508213 3 
0.0497226 0.0536036 3 
0.0486689 0.0486695 3 
0.0486004 0.0489596 3 
0.0484063 0.0544469 3 
0.0481255 0.0483021 3 
0.0475223 0.0491249 3 
0.0471806 0.0482516 3 
0.0466675 0.0472602 3 
0.0465405 0.0481904 3 
0.0465063 0.051471 3 
0.0465026 0.051816 3 
0.0446445 0.044681 3 
0.0446337 0.045572 3 
0.0445092 0.0462912 3 
0.0443651 0.045995 3 
0.043521 0.0450103 3 
0.0435066 0.0447289 3 
0.0432933 0.0435414 3 
0.043184 0.0448056 3 
0.0429145 0.0437089 3 
0.0426591 0.0437597 3 
0.0424577 0.0427813 3 
0.0423887 0.0429645 3 
0.0423702 0.0432378 3 
0.0423012 0.0462912 3 
0.0421371 0.0438135 3 
0.0420975 0.0444623 3 
0.0418878 0.0448056 3 
0.0415707 0.0430193 3 
0.0414411 0.0437651 3 
0.041427 0.043026 3 
0.0414073 0.0429597 3 
0.0413643 0.0434197 3 
0.04126 0.0471431 3 
0.0412542 0.0427813 3 
0.0411159 0.0437389 3 
0.0410718 0.0415629 3 
0.0409834 0.041059 3 
0.0409027 0.0412706 3 
0.0408038 0.0428185 3 
0.0407423 0.0417733 3 
0.0407022 0.0413513 3 
0.0405955 0.0428568 3 
0.0404809 0.0411036 3 
0.0403851 0.0416423 3 
0.0402311 0.0428185 3 
0.0402028 0.0410482 3 
0.0401312 0.0404746 3 
0.0401097 0.0407863 3 
0.0400669 0.0439414 3 
0.0400554 0.0409263 3 
0.0400002 0.0402281 3 
0.0399236 0.043026 3 
0.0398988 0.0406374 3 
0.0398702 0.0406538 3 
0.0397774 0.0415121 3 
0.0397549 0.0409346 3 
0.0397479 0.0421966 3 
0.039485 0.0421562 3 
0.0393758 0.0405443 3 
0.0393442 0.0406414 3 
0.0391967 0.0398379 3 
0.0391407 0.0412951 3 
0.0391309 0.0398167 3 
0.0391231 0.0401825 3 
0.0391178 0.0394023 3 
0.0390104 0.0408411 3 
0.0389989 0.0398581 3 
0.0389909 0.040084 3 
0.0389715 0.0411403 3 
0.0389094 0.0413349 3 
0.0387508 0.0395717 3 
0.038731 0.040182 3 
0.0387101 0.0390383 3 
0.0387075 0.040682 3 
0.0386923 0.0397789 3 
0.0386923 0.0398051 3 
0.0386671 0.0392819 3 
0.038519 0.0388546 3 
0.0383891 0.0397519 3 
0.0383584 0.0400504 3 
0.0380411 0.0407885 3 
0.0380366 0.0388546 3 
0.0379659 0.0396638 3 
0.037949 0.0417733 3 
0.0378963 0.0420794 3 
0.0378956 0.039459 3 
0.037864 0.0384071 3 
0.0377002 0.0398829 3 
0.0376748 0.0386492 3 
0.0374573 0.0401453 3 
0.0374356 0.0386492 3 
0.0374125 0.0391042 3 
0.0373824 0.0375283 3 
0.0372555 0.0389976 3 
0.0371557 0.0396577 3 
0.0369702 0.0376934 3 
0.0368329 0.0376653 3 
0.035951 0.0367796 3 
0.0359499 0.0371218 3 
0.0358354 0.0371218 3 
0.0357978 0.0378192 3 
0.0354185 0.0383961 3 
0.0327736 0.0328131 4 
0.0304289 0.0309793 4 
0.0290883 0.0328197 4 
0.028595 0.0290382 4 
0.0283249 0.0293505 4 
0.027323 0.031032 4 
0.0262581 0.0279991 4 
0.0259663 0.0261156 4 
0.0257678 0.0267741 4 
0.0238334 0.0247458 4 
0.0224272 0.0230912 4 
0.0223047 0.0238469 4 
0.0220216 0.0223025 4 
0.0220045 0.023217 4 
0.0218337 0.0220328 4 
0.0214884 0.0222236 4 
0.021478 0.0216946 4 
0.0213705 0.0216858 4 
0.0212549 0.0221847 4 
0.0211951 0.0219147 4 
0.0211837 0.0214155 4 
0.021131 0.0225712 4 
0.0210496 0.02144 4 
0.0209919 0.0218871 4 
0.0208979 0.0211939 4 
0.0206497 0.02162 4 
0.0206286 0.0211589 4 
0.0205802 0.0224838 4 
0.020431 0.022639 4 
0.0203833 0.0214887 4 
0.0203481 0.0218659 4 
0.0202525 0.020327 4 
0.0202178 0.0214441 4 
0.0201695 0.0208769 4 
0.0201301 0.020679 4 
0.0200648 0.0205473 4 
0.0200548 0.0233795 4 
0.0200452 0.0201433 4 
0.0199396 0.0201517 4 
0.0198942 0.0208959 4 
0.0197959 0.0212674 4 
0.01968 0.0213417 4 
0.0195835 0.0204437 4 
0.0195252 0.0216858 4 
0.0195087 0.0204818 4 
0.0194874 0.0198549 4 
0.0194774 0.0196458 4 
0.0193834 0.0195968 4 
0.0193773 0.0211448 4 
0.0193713 0.0199332 4 
0.0193066 0.0202544 4 
0.0192712 0.019727 4 
0.0192469 0.0207328 4 
0.0192287 0.0221281 4 
0.0191837 0.0197461 4 
0.0191706 0.0202779 4 
0.0191113 0.0207596 4 
0.0190803 0.0203088 4 
0.0190677 0.0217289 4 
0.0190669 0.019551 4 
0.0190435 0.0210741 4 
0.0189783 0.0202201 4 
0.0189672 0.0191249 4 
0.0189499 0.0198473 4 
0.0189281 0.0192327 4 
0.0189164 0.0199453 4 
0.018845 0.0192134 4 
0.0188224 0.0196607 4 
0.01882 0.0192327 4 
0.018743 0.020111 4 
0.0185758 0.0192195 4 
0.0185539 0.0191926 4 
0.0185411 0.0190221 4 
0.018491 0.0187442 4 
0.0184813 0.0190769 4 
0.0184164 0.0199584 4 
0.0183141 0.0186438 4 
0.018208 0.0196498 4 
0.0182015 0.0196187 4 
0.0181795 0.0181799 4 
0.0181541 0.0199964 4 
0.0179554 0.0183339 4 
0.0179334 0.0190824 4 
0.017927 0.0189544 4 
0.0178798 0.0193393 4 
0.0177252 0.0193359 4 
0.0176684 0.0194506 4 
0.0176563 0.017769 4 
0.0176332 0.0182792 4 
0.0173518 0.0176576 4 
0.0172394 0.0177076 4 
0.0172231 0.0179884 4 
0.017098 0.0182427 4 
0.0170622 0.0171574 4 
0.0166873 0.0177076 4 
0.0163685 0.017769 4 
0.018358 0.0200622 5 
0.0168134 0.0182098 5 
0.0157918 0.0165259 5 
0.0137877 0.0142029 5 
0.0125773 0.0126484 5 
0.012393 0.0125999 5 
0.0121281 0.0125637 5 
0.0119008 0.0124408 5 
0.0117511 0.0126629 5 
0.0114385 0.011502 5 
0.0111399 0.0115302 5 
0.0110777 0.0111367 5 
0.011047 0.0116871 5 
0.0109286 0.0115677 5 
0.010859 0.0110189 5 
0.0107693 0.0113953 5 
0.0106146 0.0114657 5 
0.0105751 0.0112815 5 
0.0105659 0.0113523 5 
0.0105611 0.0107155 5 
0.0104255 0.0113087 5 
0.0103346 0.0104246 5 
0.010325 0.0103343 5 
0.0103176 0.0110548 5 
0.010304 0.0105663 5 
0.0102811 0.0111367 5 
0.0102497 0.0116653 5 
0.0102452 0.0106359 5 
0.0102035 0.0104208 5 
0.0101997 0.0105906 5 
0.0101568 0.0117446 5 
0.010141 0.0102817 5 
0.0101257 0.0102089 5 
0.0101147 0.0113377 5 
0.0100786 0.0107148 5 
0.0100609 0.0101609 5 
0.0100504 0.0102388 5 
0.0100448 0.0111367 5 
0.0100235 0.0103859 5 
0.00997035 0.0100695 5 
0.00994919 0.0109575 5 
0.00991388 0.0105049 5 
0.00990197 0.0107258 5 
0.0098913 0.010298 5 
0.00987926 0.0104468 5 
0.00986774 0.010484 5 
0.00985327 0.0101139 5 
0.00984771 0.0108921 5 
0.00982322 0.0116771 5 
0.00982097 0.0105421 5 
0.00980775 0.0101156 5 
0.00977605 0.01024 5 
0.00968253 0.00977778 5 
0.00966455 0.01034 5 
0.00965549 0.0100817 5 
0.00962969 0.010565 5 
0.00961124 0.0104208 5 
0.0095927 0.00969038 5 
0.00956617 0.0107258 5 
0.00956186 0.00992757 5 
0.00956014 0.0102688 5 
0.00955651 0.0096344 5 
0.00954755 0.010568 5 
0.00954588 0.0104468 5 
0.00952053 0.00969178 5 
0.00948389 0.0102572 5 
0.00937763 0.0102959 5 
0.00932167 0.00990006 5 
0.00925539 0.0101784 5 
0.00918859 0.00974953 5 
0.00917965 0.00923726 5 
0.00916995 0.0101136 5 
0.00912897 0.00925824 5 
0.00905046 0.0101439 5 
0.0090409 0.0101706 5 
0.0089964 0.00986778 5 
0.00891863 0.00892294 5 
0.00889647 0.00958203 5 
0.0088428 0.0090607 5 
0.00863839 0.00870223 5 
0.00829496 0.00862211 5 
0.0082436 0.00892843 5 
0.00824322 0.00917438 5 
0.00807309 0.0087479 5 
0.0121798 0.0131987 6 
0.0109858 0.0118874 6 
0.0092781 0.0103876 6 
0.00665335 0.00677837 6 
0.00658176 0.00704556 6 
0.0065093 0.00694059 6 
0.00622362 0.00623877 6 
0.00599259 0.00603435 6 
0.00592434 0.00596809 6 
0.00590321 0.00634757 6 
0.00579328 0.005873 6 
0.00576744 0.00587111 6 
0.00575094 0.00604637 6 
0.00573574 0.00574957 6 
0.00567647 0.00600213 6 
0.0056615 0.00578002 6 
0.00565255 0.00570799 6 
0.00560496 0.00648349 6 
0.00560204 0.00566989 6 
0.00557346 0.00559517 6 
0.00557204 0.00573182 6 
0.00555802 0.00599959 6 
0.00549543 0.00559516 6 
0.00549172 0.00549316 6 
0.00549167 0.00577241 6 
0.0054503 0.00571651 6 
0.00544991 0.00559516 6 
0.00541443 0.00556942 6 
0.00539587 0.00557239 6 
0.00539145 0.0059212 6 
0.00538958 0.00627494 6 
0.00537841 0.00555591 6 
0.00534767 0.0057428 6 
0.00534033 0.00594451 6 
0.0053159 0.00557239 6 
0.00531536 0.00542908 6 
0.00530891 0.00540104 6 
0.00530626 0.00578002 6 
0.00530103 0.00538167 6 
0.0052833 0.0055664 6 
0.00527388 0.00533283 6 
0.00523985 0.00586778 6 
0.00522897 0.0054938 6 
0.0052209 0.005373 6 
0.00515866 0.00538682 6 
0.0051508 0.00522036 6 
0.00513999 0.00526677 6 
0.00512278 0.00521974 6 
0.00511325 0.00528516 6 
0.00508961 0.00509893 6 
0.00507868 0.00540223 6 
0.00504482 0.005204 6 
0.00503504 0.00568732 6 
0.00501948 0.00544609 6 
0.00501749 0.00534773 6 
0.00497957 0.00525077 6 
0.00493404 0.00544196 6 
0.0049223 0.00533643 6 
0.00491772 0.00544196 6 
0.00482405 0.0057693 6 
0.00480924 0.00509823 6 
0.00478756 0.00557052 6 
0.00477457 0.00481165 6 
0.00472438 0.00486592 6 
0.0046962 0.00551717 6 
0.00463825 0.00506916 6 
0.00463492 0.00463877 6 
0.00454557 0.0047024 6 
0.00454225 0.00460607 6 
0.00417414 0.00440987 6 
0.00829403 0.0089793 7 
0.00744034 0.00793702 7 
0.00576663 0.00676772 7 
0.00393646 0.00416314 7 
0.00375287 0.00390806 7 
0.00349614 0.00361468 7 
0.00347198 0.00397958 7 
0.00342222 0.00365873 7 
0.00323899 0.0034071 7 
0.00323779 0.00324306 7 
0.00323774 0.00325312 7 
0.00315618 0.00318249 7 
0.00315305 0.00331426 7 
0.00311315 0.00318952 7 
0.00309924 0.00341437 7 
0.00306718 0.00310051 7 
0.00306392 0.00318023 7 
0.00303419 0.00314484 7 
0.00302859 0.00314776 7 
0.00302724 0.0031711 7 
0.00302135 0.00316593 7 
0.0030112 0.00331564 7 
0.00295435 0.00314484 7 
0.00291163 0.002995 7 
0.0028465 0.00292452 7 
0.0028418 0.00324206 7 
0.00283572 0.00286915 7 
0.00282775 0.00286532 7 
0.00282289 0.0030485 7 
0.00282073 0.00320229 7 
0.00281144 0.003084 7 
0.00280847 0.00291537 7 
0.00279696 0.00314739 7 
0.00277883 0.00324007 7 
0.00275424 0.00311896 7 
0.00275367 0.00311448 7 
0.00273759 0.00287415 7 
0.00270197 0.00284113 7 
0.00269745 0.00280171 7 
0.00269704 0.00286616 7 
0.00268779 0.00302517 7 
0.00268146 0.002877 7 
0.00259839 0.00285102 7 
0.00252645 0.002815 7 
0.00243165 0.00243899 7 
0.00240934 0.00254632 7 
0.00239777 0.00241974 7 
0.00238244 0.00243111 7 
0.00572083 0.00604877 8 
0.00513874 0.00546515 8 
0.00374384 0.00460863 8 
0.00255991 0.00259095 8 
0.00240076 0.00245759 8 
0.00225695 0.00242323 8 
0.00213205 0.0021541 8 
0.00211713 0.00257376 8 
0.00198688 0.00210386 8 
0.00188307 0.0019744 8 
0.00187446 0.0019744 8 
0.00186702 0.00195247 8 
0.00184887 0.00185151 8 
0.00184661 0.00187524 8 
0.00184007 0.00185156 8 
0.00180967 0.00195949 8 
0.00176799 0.00188387 8 
0.0017351 0.00199237 8 
0.00172819 0.00174243 8 
0.00172255 0.00175016 8 
0.00171763 0.00181458 8 
0.00171415 0.00172138 8 
0.00170499 0.00192263 8 
0.00165915 0.00203674 8 
0.0016566 0.00182272 8 
0.0016551 0.00173662 8 
0.00165284 0.00177614 8 
0.00163905 0.00191535 8 
0.00161771 0.00192153 8 
0.00161501 0.00171399 8 
0.00160381 0.00171818 8 
0.00159082 0.00195147 8 
0.00158028 0.0017766 8 
0.00157452 0.00171319 8 
0.00156373 0.00168498 8 
0.0015464 0.00185466 8 
0.0015326 0.00165112 8 
0.0015021 0.00181619 8 
0.00149562 0.00153232 8 
0.00136988 0.00145484 8 
0.00136103 0.00143455 8 
0.0013401 0.0014445 8 
0.00132812 0.00134506 8 
0.00395717 0.00412447 9 
0.00358562 0.00382873 9 
0.00250332 0.00320341 9 
0.00169943 0.00177324 9 
0.00158866 0.00165234 9 
0.00153974 0.00163275 9 
0.00135084 0.00172094 9 
0.00127779 0.00135699 9 
0.0012657 0.00132992 9 
0.00119312 0.00119983 9 
0.00115228 0.00119983 9 
0.00114434 0.00115904 9 
0.00111755 0.00112281 9 
0.00111491 0.00112861 9 
0.00110455 0.00118063 9 
0.00110095 0.00113499 9 
0.00110033 0.00111189 9 
0.00109934 0.00116011 9 
0.00104558 0.00117406 9 
0.00103166 0.00118058 9 
0.00102073 0.00120899 9 
0.00101743 0.00136394 9 
0.00101147 0.00111252 9 
0.00100646 0.00109776 9 
0.00100417 0.00109357 9 
0.000995832 0.00100286 9 
0.000986487 0.00100286 9 
0.000982987 0.00122634 9 
0.000956801 0.00106871 9 
0.000953345 0.00114762 9 
0.000935414 0.00103237 9 
0.000933025 0.00122825 9 
0.000916367 0.00103237 9 
0.000888592 0.00104544 9 
0.000875853 0.00114285 9 
0.000831923 0.000924758 9 
0.000830461 0.000872005 9 
0.000829005 0.000902563 9 
0.000785905 0.000790143 9 
