0 0.4967 0 
0 0.500385 0 
0 0.500641 0 
0 0.502901 0 
0 0.504528 0 
0 0.504682 0 
0 0.504826 0 
0 0.504907 0 
0 0.50531 0 
0 0.50547 0 
0 0.505474 0 
0 0.505608 0 
0 0.505661 0 
0 0.505712 0 
0 0.505797 0 
0 0.505884 0 
0 0.505954 0 
0 0.506009 0 
0 0.506211 0 
0 0.506492 0 
0 0.506527 0 
0 0.506596 0 
0 0.506873 0 
0 0.506899 0 
0 0.506972 0 
0 0.507004 0 
0 0.507124 0 
0 0.507131 0 
0 0.507138 0 
0 0.507331 0 
0 0.507408 0 
0 0.507483 0 
0 0.507574 0 
0 0.508095 0 
0 0.508126 0 
0 0.508187 0 
0 0.508224 0 
0 0.508357 0 
0 0.508452 0 
0 0.508619 0 
0 0.508676 0 
0 0.508721 0 
0 0.508739 0 
0 0.508743 0 
0 0.50877 0 
0 0.50887 0 
0 0.508914 0 
0 0.508919 0 
0 0.509003 0 
0 0.509047 0 
0 0.509078 0 
0 0.509181 0 
0 0.509278 0 
0 0.509366 0 
0 0.509409 0 
0 0.509493 0 
0 0.509509 0 
0 0.509584 0 
0 0.509601 0 
0 0.509698 0 
0 0.509743 0 
0 0.50975 0 
0 0.50976 0 
0 0.509764 0 
0 0.509797 0 
0 0.509886 0 
0 0.509967 0 
0 0.510005 0 
0 0.510181 0 
0 0.510198 0 
0 0.510241 0 
0 0.510255 0 
0 0.510298 0 
0 0.510323 0 
0 0.510329 0 
0 0.51041 0 
0 0.510432 0 
0 0.510455 0 
0 0.510463 0 
0 0.510501 0 
0 0.510527 0 
0 0.510548 0 
0 0.510553 0 
0 0.510589 0 
0 0.510616 0 
0 0.510644 0 
0 0.510741 0 
0 0.510755 0 
0 0.510784 0 
0 0.510803 0 
0 0.510831 0 
0 0.510835 0 
0 0.510842 0 
0 0.510856 0 
0 0.51095 0 
0 0.51097 0 
0 0.510997 0 
0 0.511353 0 
0 0.511411 0 
0 0.51143 0 
0 0.51145 0 
0 0.511455 0 
0 0.511467 0 
0 0.511551 0 
0 0.511604 0 
0 0.511635 0 
0 0.511673 0 
0 0.511834 0 
0 0.511837 0 
0 0.512018 0 
0 0.512054 0 
0 0.512144 0 
0 0.512149 0 
0 0.512234 0 
0 0.51238 0 
0 0.512401 0 
0 0.512428 0 
0 0.512466 0 
0 0.512575 0 
0 0.512576 0 
0 0.512727 0 
0 0.512843 0 
0 0.512997 0 
0 0.513141 0 
0 0.513483 0 
0 0.513595 0 
0 0.514325 0 
0 inf 0 
0 0.193107 1 
0 0.193526 1 
0 0.193594 1 
0 0.195115 1 
0 0.19559 1 
0 0.196563 1 
0 0.196976 1 
0 0.197414 1 
0 0.197512 1 
0 0.198017 1 
0 0.19802 1 
0 0.198134 1 
0 0.19829 1 
0 0.198566 1 
0 0.19867 1 
0 0.198743 1 
0 0.198853 1 
0 0.198933 1 
0 0.199107 1 
0 0.19919 1 
0 0.199355 1 
0 0.199356 1 
0 0.199435 1 
0 0.199436 1 
0 0.199639 1 
0 0.199784 1 
0 0.19981 1 
0 0.200088 1 
0 0.200163 1 
0 0.200208 1 
0 0.200285 1 
0 0.200346 1 
0 0.200379 1 
0 0.200381 1 
0 0.200423 1 
0 0.200446 1 
0 0.200471 1 
0 0.200489 1 
0 0.200554 1 
0 0.200561 1 
0 0.200697 1 
0 0.200706 1 
0 0.200814 1 
0 0.20082 1 
0 0.200933 1 
0 0.201 1 
0 0.201007 1 
0 0.20101 1 
0 0.2011 1 
0 0.201297 1 
0 0.201328 1 
0 0.201338 1 
0 0.20149 1 
0 0.20152 1 
0 0.201602 1 
0 0.201635 1 
0 0.201715 1 
0 0.201729 1 
0 0.201792 1 
0 0.201814 1 
0 0.201817 1 
0 0.201828 1 
0 0.201922 1 
0 0.201938 1 
0 0.201944 1 
0 0.201953 1 
0 0.201984 1 
0 0.202022 1 
0 0.20205 1 
0 0.202052 1 
0 0.20212 1 
0 0.202164 1 
0 0.202166 1 
0 0.202316 1 
0 0.202318 1 
0 0.202335 1 
0 0.202356 1 
0 0.202384 1 
0 0.202385 1 
0 0.202386 1 
0 0.202422 1 
0 0.202449 1 
0 0.202453 1 
0 0.202492 1 
0 0.202529 1 
0 0.202538 1 
0 0.202609 1 
0 0.202611 1 
0 0.202703 1 
0 0.202759 1 
0 0.202767 1 
0 0.202772 1 
0 0.202781 1 
0 0.202813 1 
0 0.202822 1 
0 0.202855 1 
0 0.202856 1 
0 0.202861 1 
0 0.202908 1 
0 0.202932 1 
0 0.202944 1 
0 0.202959 1 
0 0.203038 1 
0 0.203038 1 
0 0.203072 1 
0 0.203081 1 
0 0.203092 1 
0 0.203098 1 
0 0.203117 1 
0 0.203132 1 
0 0.203169 1 
0 0.20319 1 
0 0.203219 1 
0 0.203276 1 
0 0.20347 1 
0 0.203472 1 
0 0.203488 1 
0 0.203702 1 
0 0.203813 1 
0 0.203877 1 
0 0.204181 1 
0 0.204238 1 
0 0.204539 1 
0 0.205136 1 
0 0.205185 1 
0 0.205388 1 
0 0.205607 1 
0 inf 1 
0 0.0780295 2 
0 0.0792277 2 
0 0.0814482 2 
0 0.0818476 2 
0 0.0820851 2 
0 0.0822901 2 
0 0.0826298 2 
0 0.082666 2 
0 0.0827865 2 
0 0.0829965 2 
0 0.083283 2 
0 0.0832987 2 
0 0.0833267 2 
0 0.0833791 2 
0 0.0834071 2 
0 0.0834448 2 
0 0.0836159 2 
0 0.0836269 2 
0 0.0836625 2 
0 0.0837441 2 
0 0.0838236 2 
0 0.0838539 2 
0 0.0839163 2 
0 0.0839314 2 
0 0.083999 2 
0 0.0840285 2 
0 0.0841673 2 
0 0.0842294 2 
0 0.0843405 2 
0 0.0843909 2 
0 0.0844065 2 
0 0.0844359 2 
0 0.0844572 2 
0 0.0845298 2 
0 0.0846059 2 
0 0.0846268 2 
0 0.0847208 2 
0 0.084767 2 
0 0.0848496 2 
0 0.0849278 2 
0 0.0849353 2 
0 0.0849518 2 
0 0.0849545 2 
0 0.0849596 2 
0 0.084986 2 
0 0.0849926 2 
0 0.0850448 2 
0 0.0850484 2 
0 0.085094 2 
0 0.0850945 2 
0 0.0850997 2 
0 0.0851607 2 
0 0.085214 2 
0 0.0852547 2 
0 0.0852942 2 
0 0.0853378 2 
0 0.0853598 2 
0 0.0853775 2 
0 0.0853987 2 
0 0.0855214 2 
0 0.0855629 2 
0 0.0856812 2 
0 0.0857535 2 
0 0.0857826 2 
0 0.085796 2 
0 0.0858087 2 
0 0.0858208 2 
0 0.0858257 2 
0 0.0858308 2 
0 0.0858416 2 
0 0.0858551 2 
0 0.0858594 2 
0 0.0859608 2 
0 0.0859745 2 
0 0.0860667 2 
0 0.0860728 2 
0 0.0860797 2 
0 0.08609 2 
0 0.0860967 2 
0 0.0861593 2 
0 0.0861832 2 
0 0.0862063 2 
0 0.0862114 2 
0 0.0862448 2 
0 0.0862595 2 
0 0.0862773 2 
0 0.0863651 2 
0 0.086369 2 
0 0.08638 2 
0 0.0864152 2 
0 0.0864632 2 
0 0.0864767 2 
0 0.0865151 2 
0 0.0865567 2 
0 0.0865701 2 
0 0.0865716 2 
0 0.0865817 2 
0 0.0866091 2 
0 0.086655 2 
0 0.0866561 2 
0 0.0866726 2 
0 0.0866735 2 
0 0.0866746 2 
0 0.0866801 2 
0 0.0867134 2 
0 0.0867248 2 
0 0.0867401 2 
0 0.0867895 2 
0 0.0868236 2 
0 0.0868509 2 
0 0.0868786 2 
0 0.087043 2 
0 0.0870503 2 
0 0.0871866 2 
0 0.0871887 2 
0 0.0871922 2 
0 0.0873362 2 
0 0.0873635 2 
0 0.0873936 2 
0 0.0875086 2 
0 0.0876381 2 
0 0.088087 2 
0 0.0888247 2 
0 0.0889674 2 
0 0.0892286 2 
0 0.0896729 2 
0 0.090493 2 
0 inf 2 
0 0.0331848 3 
0 0.0338618 3 
0 0.0356158 3 
0 0.0356908 3 
0 0.0363267 3 
0 0.0364416 3 
0 0.0364593 3 
0 0.0364755 3 
0 0.0365299 3 
0 0.0365703 3 
0 0.036627 3 
0 0.0366743 3 
0 0.036801 3 
0 0.0368977 3 
0 0.0369372 3 
0 0.0369958 3 
0 0.0369986 3 
0 0.0371478 3 
0 0.0371546 3 
0 0.0371574 3 
0 0.037227 3 
0 0.0373142 3 
0 0.0373142 3 
0 0.0373392 3 
0 0.0374091 3 
0 0.0374253 3 
0 0.0374595 3 
0 0.0375463 3 
0 0.0375933 3 
0 0.0376365 3 
0 0.0376942 3 
0 0.0377195 3 
0 0.0377733 3 
0 0.0378031 3 
0 0.0378171 3 
0 0.0378328 3 
0 0.0378428 3 
0 0.0378498 3 
0 0.0378534 3 
0 0.0378929 3 
0 0.0379178 3 
0 0.0379619 3 
0 0.0379704 3 
0 0.0379807 3 
0 0.0380075 3 
0 0.0380141 3 
0 0.0380337 3 
0 0.0380396 3 
0 0.0380422 3 
0 0.0380425 3 
0 0.0380478 3 
0 0.0380506 3 
0 0.0380797 3 
0 0.0380959 3 
0 0.0381111 3 
0 0.0381127 3 
0 0.0381274 3 
0 0.0382239 3 
0 0.0382321 3 
0 0.0382616 3 
0 0.0383004 3 
0 0.0383098 3 
0 0.0383772 3 
0 0.0383778 3 
0 0.0383842 3 
0 0.0384099 3 
0 0.0384438 3 
0 0.0384657 3 
0 0.0384671 3 
0 0.0384741 3 
0 0.0384821 3 
0 0.0384954 3 
0 0.0385326 3 
0 0.0385431 3 
0 0.0385713 3 
0 0.0385774 3 
0 0.03861 3 
0 0.0386485 3 
0 0.0387002 3 
0 0.0387778 3 
0 0.0387862 3 
0 0.0387905 3 
0 0.038801 3 
0 0.0388043 3 
0 0.0388146 3 
0 0.0388162 3 
0 0.0388229 3 
0 0.0388289 3 
0 0.0388874 3 
0 0.0389294 3 
0 0.0389457 3 
0 0.0389741 3 
0 0.0389957 3 
0 0.0390052 3 
0 0.0390193 3 
0 0.03905 3 
0 0.0390545 3 
0 0.0390759 3 
0 0.0390785 3 
0 0.039081 3 
0 0.039084 3 
0 0.0390849 3 
0 0.0391322 3 
0 0.0391682 3 
0 0.0391801 3 
0 0.0391856 3 
0 0.0392622 3 
0 0.0392764 3 
0 0.0392778 3 
0 0.0393159 3 
0 0.03935 3 
0 0.0394216 3 
0 0.0394876 3 
0 0.0395028 3 
0 0.0395914 3 
0 0.0397418 3 
0 0.039759 3 
0 0.0397604 3 
0 0.0398465 3 
0 0.0401761 3 
0 0.0402273 3 
0 0.0403058 3 
0 0.0403274 3 
0 0.0403374 3 
0 0.0406979 3 
0 0.0408775 3 
0 0.0422522 3 
0 inf 3 
0 0.0147364 4 
0 0.0151288 4 
0 0.0162545 4 
0 0.0162647 4 
0 0.0163984 4 
0 0.0164294 4 
0 0.0165812 4 
0 0.0165995 4 
0 0.0168515 4 
0 0.0168886 4 
0 0.0169126 4 
0 0.0169282 4 
0 0.0169301 4 
0 0.0170169 4 
0 0.0170761 4 
0 0.0171688 4 
0 0.0171773 4 
0 0.0172017 4 
0 0.0172278 4 
0 0.0172279 4 
0 0.0172577 4 
0 0.0172588 4 
0 0.0172611 4 
0 0.0172832 4 
0 0.0173091 4 
0 0.0173132 4 
0 0.0173475 4 
0 0.0173663 4 
0 0.0173879 4 
0 0.0173971 4 
0 0.0173989 4 
0 0.0174016 4 
0 0.0174036 4 
0 0.0174303 4 
0 0.0174375 4 
0 0.017442 4 
0 0.0174595 4 
0 0.0175232 4 
0 0.0175308 4 
0 0.0175311 4 
0 0.0175318 4 
0 0.0175571 4 
0 0.017579 4 
0 0.0175927 4 
0 0.0176008 4 
0 0.0176131 4 
0 0.0176447 4 
0 0.0176581 4 
0 0.0176848 4 
0 0.0176972 4 
0 0.017713 4 
0 0.0177327 4 
0 0.017737 4 
0 0.0177551 4 
0 0.0177706 4 
0 0.0177719 4 
0 0.0177748 4 
0 0.0177886 4 
0 0.0177916 4 
0 0.0178115 4 
0 0.0178321 4 
0 0.0178392 4 
0 0.0178518 4 
0 0.0178553 4 
0 0.0179088 4 
0 0.0179414 4 
0 0.0179472 4 
0 0.0179718 4 
0 0.0179848 4 
0 0.0180403 4 
0 0.0180419 4 
0 0.0180619 4 
0 0.0180739 4 
0 0.0180741 4 
0 0.0180792 4 
0 0.0180814 4 
0 0.0181131 4 
0 0.018118 4 
0 0.0181212 4 
0 0.0181293 4 
0 0.0181759 4 
0 0.018179 4 
0 0.0181851 4 
0 0.0181854 4 
0 0.0182013 4 
0 0.018213 4 
0 0.0182281 4 
0 0.0182409 4 
0 0.018266 4 
0 0.0182693 4 
0 0.0182795 4 
0 0.0182867 4 
0 0.0183049 4 
0 0.0183126 4 
0 0.0183136 4 
0 0.0183194 4 
0 0.0183304 4 
0 0.0183311 4 
0 0.0183519 4 
0 0.0183603 4 
0 0.0183795 4 
0 0.0183806 4 
0 0.0183806 4 
0 0.0183893 4 
0 0.0184339 4 
0 0.0184912 4 
0 0.0185076 4 
0 0.0185278 4 
0 0.0186029 4 
0 0.0186152 4 
0 0.0186845 4 
0 0.0187245 4 
0 0.0187266 4 
0 0.0187348 4 
0 0.0187476 4 
0 0.0187875 4 
0 0.0188535 4 
0 0.0189266 4 
0 0.0189626 4 
0 0.0189765 4 
0 0.0190073 4 
0 0.019104 4 
0 0.0191589 4 
0 0.019245 4 
0 0.0193303 4 
0 0.019428 4 
0 0.0203624 4 
0 inf 4 
0 0.00678192 5 
0 0.00701859 5 
0 0.00757769 5 
0 0.00759659 5 
0 0.0076866 5 
0 0.00773123 5 
0 0.00777097 5 
0 0.00784086 5 
0 0.00791334 5 
0 0.00793553 5 
0 0.00798132 5 
0 0.00800776 5 
0 0.00803545 5 
0 0.00805459 5 
0 0.00807373 5 
0 0.00812816 5 
0 0.00813387 5 
0 0.00814747 5 
0 0.00815887 5 
0 0.00816927 5 
0 0.00819048 5 
0 0.00821498 5 
0 0.00823266 5 
0 0.00823323 5 
0 0.00823683 5 
0 0.00823971 5 
0 0.00824615 5 
0 0.00824919 5 
0 0.00827209 5 
0 0.00827325 5 
0 0.00827376 5 
0 0.00829028 5 
0 0.00829103 5 
0 0.0082941 5 
0 0.00830155 5 
0 0.00831404 5 
0 0.00831446 5 
0 0.00832353 5 
0 0.00833643 5 
0 0.00836064 5 
0 0.00836154 5 
0 0.00838371 5 
0 0.00841045 5 
0 0.0084142 5 
0 0.00842926 5 
0 0.00843313 5 
0 0.00845134 5 
0 0.00846103 5 
0 0.00846112 5 
0 0.00846318 5 
0 0.00848763 5 
0 0.00849755 5 
0 0.00851234 5 
0 0.00851295 5 
0 0.00853142 5 
0 0.00853875 5 
0 0.00854361 5 
0 0.00854413 5 
0 0.00854771 5 
0 0.0085597 5 
0 0.0085599 5 
0 0.00857462 5 
0 0.00858056 5 
0 0.00859162 5 
0 0.00859281 5 
0 0.00859378 5 
0 0.00859984 5 
0 0.00861017 5 
0 0.0086172 5 
0 0.00862962 5 
0 0.00863314 5 
0 0.00869302 5 
0 0.00869673 5 
0 0.00870036 5 
0 0.00872775 5 
0 0.00873042 5 
0 0.00873351 5 
0 0.00874298 5 
0 0.00875571 5 
0 0.00875645 5 
0 0.00877871 5 
0 0.00878381 5 
0 0.00878859 5 
0 0.00880195 5 
0 0.00880596 5 
0 0.00880866 5 
0 0.00880938 5 
0 0.00880984 5 
0 0.00881005 5 
0 0.00881088 5 
0 0.00882702 5 
0 0.00882757 5 
0 0.00884811 5 
0 0.00884882 5 
0 0.00885681 5 
0 0.00888499 5 
0 0.00888869 5 
0 0.00889213 5 
0 0.00890044 5 
0 0.00890059 5 
0 0.00890536 5 
0 0.00890686 5 
0 0.00891439 5 
0 0.00892565 5 
0 0.00893748 5 
0 0.00895172 5 
0 0.00896033 5 
0 0.00896898 5 
0 0.00896932 5 
0 0.00899271 5 
0 0.0090289 5 
0 0.00907531 5 
0 0.00912721 5 
0 0.00916393 5 
0 0.00917087 5 
0 0.00917806 5 
0 0.0091806 5 
0 0.00918487 5 
0 0.0092374 5 
0 0.00926817 5 
0 0.0093404 5 
0 0.00934978 5 
0 0.00936809 5 
0 0.00947936 5 
0 0.00948362 5 
0 0.00952659 5 
0 0.0100157 5 
0 inf 5 
0 0.00321385 6 
0 0.00335993 6 
0 0.00357782 6 
0 0.0035848 6 
0 0.00367546 6 
0 0.00373924 6 
0 0.00374467 6 
0 0.00379423 6 
0 0.00379738 6 
0 0.00380179 6 
0 0.0038259 6 
0 0.00386472 6 
0 0.0038752 6 
0 0.00391087 6 
0 0.00391261 6 
0 0.0039167 6 
0 0.00391724 6 
0 0.00392587 6 
0 0.00393931 6 
0 0.00395336 6 
0 0.00395868 6 
0 0.00396881 6 
0 0.00396952 6 
0 0.00399158 6 
0 0.00399168 6 
0 0.00399613 6 
0 0.00400602 6 
0 0.00400851 6 
0 0.00403117 6 
0 0.00403348 6 
0 0.0040356 6 
0 0.0040497 6 
0 0.00405233 6 
0 0.00406182 6 
0 0.00406629 6 
0 0.00407195 6 
0 0.00407372 6 
0 0.00407439 6 
0 0.00408311 6 
0 0.00410118 6 
0 0.00410795 6 
0 0.00411172 6 
0 0.0041128 6 
0 0.0041167 6 
0 0.00411901 6 
0 0.00412298 6 
0 0.00412905 6 
0 0.00413202 6 
0 0.00414078 6 
0 0.0041457 6 
0 0.00415044 6 
0 0.00415928 6 
0 0.00416742 6 
0 0.00417084 6 
0 0.00417181 6 
0 0.00417436 6 
0 0.00418413 6 
0 0.0041842 6 
0 0.00418609 6 
0 0.00418634 6 
0 0.00418833 6 
0 0.00419917 6 
0 0.00420538 6 
0 0.00421076 6 
0 0.00421949 6 
0 0.0042306 6 
0 0.00423124 6 
0 0.00424132 6 
0 0.00424438 6 
0 0.00424548 6 
0 0.00424909 6 
0 0.00425179 6 
0 0.00425319 6 
0 0.004259 6 
0 0.0042722 6 
0 0.0042745 6 
0 0.00427638 6 
0 0.00427905 6 
0 0.00428073 6 
0 0.00428724 6 
0 0.00429097 6 
0 0.00429471 6 
0 0.00430091 6 
0 0.00430168 6 
0 0.00430335 6 
0 0.00430718 6 
0 0.00431381 6 
0 0.00432023 6 
0 0.00433085 6 
0 0.00434119 6 
0 0.00435553 6 
0 0.00435623 6 
0 0.00435645 6 
0 0.00437737 6 
0 0.00438544 6 
0 0.00438985 6 
0 0.00439021 6 
0 0.00439204 6 
0 0.00439228 6 
0 0.00439405 6 
0 0.00439797 6 
0 0.00440115 6 
0 0.00440991 6 
0 0.00441249 6 
0 0.00442029 6 
0 0.00443229 6 
0 0.00443391 6 
0 0.00445185 6 
0 0.00445412 6 
0 0.00446112 6 
0 0.00446581 6 
0 0.00446736 6 
0 0.00451978 6 
0 0.00452542 6 
0 0.00452724 6 
0 0.0045353 6 
0 0.00457203 6 
0 0.00457595 6 
0 0.00458196 6 
0 0.00458663 6 
0 0.00465626 6 
0 0.00469308 6 
0 0.00470989 6 
0 0.00476074 6 
0 0.00477773 6 
0 0.00494536 6 
0 0.00500077 6 
0 inf 6 
0 0.00155997 7 
0 0.00165046 7 
0 0.00171928 7 
0 0.00171945 7 
0 0.00173996 7 
0 0.00183736 7 
0 0.00184366 7 
0 0.00185294 7 
0 0.0018674 7 
0 0.00187045 7 
0 0.00188472 7 
0 0.00190303 7 
0 0.00190425 7 
0 0.00190848 7 
0 0.00190872 7 
0 0.00192373 7 
0 0.00192687 7 
0 0.00192822 7 
0 0.00193537 7 
0 0.00194179 7 
0 0.00194331 7 
0 0.00194873 7 
0 0.00196941 7 
0 0.00197247 7 
0 0.00197373 7 
0 0.00197468 7 
0 0.00197962 7 
0 0.0019941 7 
0 0.00199522 7 
0 0.00199731 7 
0 0.00200744 7 
0 0.00200842 7 
0 0.00201433 7 
0 0.00201714 7 
0 0.00201809 7 
0 0.00202376 7 
0 0.00202711 7 
0 0.00202868 7 
0 0.00202895 7 
0 0.00203017 7 
0 0.00203106 7 
0 0.00203233 7 
0 0.00203239 7 
0 0.002036 7 
0 0.00203753 7 
0 0.00203776 7 
0 0.00203927 7 
0 0.00203994 7 
0 0.00204162 7 
0 0.00205153 7 
0 0.00206629 7 
0 0.00206973 7 
0 0.00207104 7 
0 0.00207722 7 
0 0.00207744 7 
0 0.00208374 7 
0 0.00208384 7 
0 0.00208483 7 
0 0.00208875 7 
0 0.00209404 7 
0 0.00209471 7 
0 0.00209538 7 
0 0.00210333 7 
0 0.00210524 7 
0 0.0021062 7 
0 0.00210622 7 
0 0.00210734 7 
0 0.00211113 7 
0 0.00211228 7 
0 0.00211252 7 
0 0.00211484 7 
0 0.00211769 7 
0 0.00212065 7 
0 0.00212117 7 
0 0.00212229 7 
0 0.00212425 7 
0 0.00212489 7 
0 0.00212621 7 
0 0.00212696 7 
0 0.00212793 7 
0 0.00213983 7 
0 0.00214353 7 
0 0.00214356 7 
0 0.00214536 7 
0 0.00215155 7 
0 0.00215644 7 
0 0.00215658 7 
0 0.00216077 7 
0 0.00216153 7 
0 0.00216166 7 
0 0.00216324 7 
0 0.00217408 7 
0 0.00218378 7 
0 0.00218557 7 
0 0.0021879 7 
0 0.00219174 7 
0 0.00219202 7 
0 0.00219406 7 
0 0.00219842 7 
0 0.00219969 7 
0 0.00220249 7 
0 0.00220281 7 
0 0.00220634 7 
0 0.0022094 7 
0 0.00221737 7 
0 0.00222805 7 
0 0.00223718 7 
0 0.00224106 7 
0 0.00224206 7 
0 0.00224276 7 
0 0.00224946 7 
0 0.00225696 7 
0 0.00226005 7 
0 0.00226866 7 
0 0.00227156 7 
0 0.00227169 7 
0 0.00228599 7 
0 0.00230096 7 
0 0.00232015 7 
0 0.00232489 7 
0 0.00234084 7 
0 0.00235736 7 
0 0.00239841 7 
0 0.00243195 7 
0 0.0024636 7 
0 0.00252734 7 
0 0.00259019 7 
0 inf 7 
0 0.000772278 8 
0 0.000827879 8 
0 0.000835834 8 
0 0.000838506 8 
0 0.00083875 8 
0 0.000899338 8 
0 0.00091581 8 
0 0.000917298 8 
0 0.000918099 8 
0 0.00093626 8 
0 0.000936972 8 
0 0.000937836 8 
0 0.000947291 8 
0 0.000951636 8 
0 0.000952863 8 
0 0.000960222 8 
0 0.000960558 8 
0 0.000963316 8 
0 0.000965379 8 
0 0.000967144 8 
0 0.000978453 8 
0 0.00097883 8 
0 0.000982052 8 
0 0.000985374 8 
0 0.000985846 8 
0 0.000990676 8 
0 0.000992074 8 
0 0.000998763 8 
0 0.00100101 8 
0 0.00100185 8 
0 0.00100341 8 
0 0.00100568 8 
0 0.0010057 8 
0 0.00100652 8 
0 0.00100922 8 
0 0.00100975 8 
0 0.00101122 8 
0 0.00101225 8 
0 0.00101257 8 
0 0.00101386 8 
0 0.00101443 8 
0 0.00101659 8 
0 0.00101782 8 
0 0.00101783 8 
0 0.00102277 8 
0 0.00102668 8 
0 0.00102815 8 
0 0.00102939 8 
0 0.00103167 8 
0 0.00103525 8 
0 0.00103714 8 
0 0.00104301 8 
0 0.00104376 8 
0 0.00104483 8 
0 0.00104794 8 
0 0.00104795 8 
0 0.0010492 8 
0 0.00105117 8 
0 0.00105145 8 
0 0.00105315 8 
0 0.00105659 8 
0 0.00105774 8 
0 0.00105782 8 
0 0.00105783 8 
0 0.00105976 8 
0 0.00106536 8 
0 0.00106558 8 
0 0.00106588 8 
0 0.00106593 8 
0 0.00106593 8 
0 0.00106765 8 
0 0.00106789 8 
0 0.00106931 8 
0 0.00107065 8 
0 0.00107177 8 
0 0.00107407 8 
0 0.00107531 8 
0 0.00107554 8 
0 0.00107638 8 
0 0.00107723 8 
0 0.00107794 8 
0 0.0010782 8 
0 0.00108178 8 
0 0.00108254 8 
0 0.00108793 8 
0 0.00108808 8 
0 0.00108927 8 
0 0.00109112 8 
0 0.00109262 8 
0 0.00109408 8 
0 0.00109527 8 
0 0.00109628 8 
0 0.00109966 8 
0 0.00109997 8 
0 0.00110444 8 
0 0.00110564 8 
0 0.0011068 8 
0 0.0011072 8 
0 0.00111182 8 
0 0.00111287 8 
0 0.00111482 8 
0 0.00111775 8 
0 0.00111996 8 
0 0.00112205 8 
0 0.00112524 8 
0 0.00113072 8 
0 0.00113192 8 
0 0.00113388 8 
0 0.0011345 8 
0 0.00113493 8 
0 0.00113724 8 
0 0.00113739 8 
0 0.00114204 8 
0 0.00114314 8 
0 0.00114985 8 
0 0.00116593 8 
0 0.00116785 8 
0 0.00117063 8 
0 0.00118689 8 
0 0.00119077 8 
0 0.00119187 8 
0 0.00119339 8 
0 0.00124149 8 
0 0.00124195 8 
0 0.00125796 8 
0 0.00125825 8 
0 0.00135429 8 
0 inf 8 
0 0.000388606 9 
0 0.000410876 9 
0 0.000411315 9 
0 0.000414195 9 
0 0.000422339 9 
0 0.000443394 9 
0 0.000450182 9 
0 0.000457971 9 
0 0.000465055 9 
0 0.000465913 9 
0 0.000470876 9 
0 0.000474488 9 
0 0.00047513 9 
0 0.000475851 9 
0 0.00048096 9 
0 0.000481244 9 
0 0.000484122 9 
0 0.000484848 9 
0 0.000485401 9 
0 0.000485886 9 
0 0.000487123 9 
0 0.00049552 9 
0 0.000497645 9 
0 0.000500335 9 
0 0.000503288 9 
0 0.000503304 9 
0 0.000504008 9 
0 0.000504261 9 
0 0.000504938 9 
0 0.000505543 9 
0 0.000505676 9 
0 0.00050583 9 
0 0.000507714 9 
0 0.00050879 9 
0 0.000509155 9 
0 0.000512458 9 
0 0.000513117 9 
0 0.000513231 9 
0 0.000514216 9 
0 0.000514866 9 
0 0.000515021 9 
0 0.000515293 9 
0 0.0005163 9 
0 0.000517534 9 
0 0.000518323 9 
0 0.000519506 9 
0 0.000526503 9 
0 0.000526625 9 
0 0.000527392 9 
0 0.000528118 9 
0 0.000528149 9 
0 0.000528462 9 
0 0.000529342 9 
0 0.000530449 9 
0 0.000532098 9 
0 0.000534045 9 
0 0.000534325 9 
0 0.000534509 9 
0 0.000534818 9 
0 0.000534942 9 
0 0.000535682 9 
0 0.000536083 9 
0 0.000536355 9 
0 0.000536914 9 
0 0.000537734 9 
0 0.000539758 9 
0 0.000539985 9 
0 0.000540533 9 
0 0.000542069 9 
0 0.000543171 9 
0 0.00054486 9 
0 0.00054489 9 
0 0.000546089 9 
0 0.00054623 9 
0 0.000546474 9 
0 0.000547779 9 
0 0.000548323 9 
0 0.00054928 9 
0 0.000550194 9 
0 0.000551526 9 
0 0.000551557 9 
0 0.000552726 9 
0 0.000553262 9 
0 0.000553301 9 
0 0.000554912 9 
0 0.000554973 9 
0 0.000555125 9 
0 0.000555227 9 
0 0.000555841 9 
0 0.000557382 9 
0 0.000557517 9 
0 0.000558051 9 
0 0.000558842 9 
0 0.000559221 9 
0 0.0005611 9 
0 0.000561454 9 
0 0.000562274 9 
0 0.000563518 9 
0 0.000565474 9 
0 0.000565986 9 
0 0.000566224 9 
0 0.000566477 9 
0 0.000574739 9 
0 0.000574986 9 
0 0.000575227 9 
0 0.000575959 9 
0 0.00057633 9 
0 0.000576632 9 
0 0.000579753 9 
0 0.000580659 9 
0 0.000580961 9 
0 0.000581419 9 
0 0.000582624 9 
0 0.000584098 9 
0 0.000584909 9 
0 0.000585468 9 
0 0.000602519 9 
0 0.00060589 9 
0 0.000607054 9 
0 0.00060767 9 
0 0.000614682 9 
0 0.000620569 9 
0 0.000627173 9 
0 0.00064029 9 
0 0.000647851 9 
0 0.000649758 9 
0 0.000701636 9 
0 inf 9 
