0 0.492483 0 
0 0.496664 0 
0 0.498462 0 
0 0.498919 0 
0 0.500307 0 
0 0.502188 0 
0 0.502428 0 
0 0.502455 0 
0 0.503053 0 
0 0.503117 0 
0 0.503121 0 
0 0.503446 0 
0 0.503514 0 
0 0.503578 0 
0 0.503812 0 
0 0.503838 0 
0 0.504134 0 
0 0.504597 0 
0 0.504623 0 
0 0.504635 0 
0 0.504688 0 
0 0.504755 0 
0 0.504787 0 
0 0.50482 0 
0 0.50501 0 
0 0.505024 0 
0 0.505084 0 
0 0.50548 0 
0 0.505528 0 
0 0.505808 0 
0 0.506105 0 
0 0.506203 0 
0 0.506204 0 
0 0.506222 0 
0 0.506318 0 
0 0.506516 0 
0 0.50657 0 
0 0.506587 0 
0 0.506594 0 
0 0.506603 0 
0 0.506616 0 
0 0.506674 0 
0 0.506716 0 
0 0.506873 0 
0 0.507021 0 
0 0.507083 0 
0 0.507141 0 
0 0.507149 0 
0 0.50739 0 
0 0.507441 0 
0 0.507616 0 
0 0.507661 0 
0 0.507711 0 
0 0.507765 0 
0 0.50778 0 
0 0.507906 0 
0 0.507938 0 
0 0.508046 0 
0 0.508084 0 
0 0.508141 0 
0 0.50823 0 
0 0.508231 0 
0 0.508257 0 
0 0.508284 0 
0 0.508459 0 
0 0.508472 0 
0 0.508584 0 
0 0.508589 0 
0 0.508674 0 
0 0.508695 0 
0 0.508704 0 
0 0.508707 0 
0 0.508762 0 
0 0.508814 0 
0 0.508883 0 
0 0.508954 0 
0 0.508979 0 
0 0.508992 0 
0 0.508995 0 
0 0.509065 0 
0 0.509122 0 
0 0.509128 0 
0 0.509141 0 
0 0.509211 0 
0 0.509245 0 
0 0.509249 0 
0 0.509269 0 
0 0.509346 0 
0 0.509401 0 
0 0.509519 0 
0 0.509663 0 
0 0.509848 0 
0 0.509911 0 
0 0.510062 0 
0 0.510081 0 
0 0.510115 0 
0 0.510209 0 
0 0.510221 0 
0 0.510287 0 
0 0.510436 0 
0 0.510443 0 
0 0.510459 0 
0 0.510487 0 
0 0.510496 0 
0 0.51056 0 
0 0.510577 0 
0 0.510759 0 
0 0.510896 0 
0 0.511101 0 
0 0.511115 0 
0 0.511252 0 
0 0.511274 0 
0 0.51134 0 
0 0.51152 0 
0 0.511706 0 
0 0.51194 0 
0 0.512064 0 
0 0.512284 0 
0 0.512485 0 
0 0.51249 0 
0 0.512508 0 
0 0.512534 0 
0 0.512629 0 
0 0.512854 0 
0 0.513271 0 
0 0.513513 0 
0 0.513711 0 
0 inf 0 
0 0.194083 1 
0 0.194643 1 
0 0.195236 1 
0 0.195773 1 
0 0.196053 1 
0 0.19622 1 
0 0.196931 1 
0 0.196983 1 
0 0.196986 1 
0 0.19712 1 
0 0.197275 1 
0 0.197325 1 
0 0.197412 1 
0 0.198053 1 
0 0.198189 1 
0 0.198232 1 
0 0.198351 1 
0 0.198744 1 
0 0.198763 1 
0 0.198911 1 
0 0.198973 1 
0 0.199347 1 
0 0.199529 1 
0 0.199802 1 
0 0.199926 1 
0 0.199926 1 
0 0.199958 1 
0 0.200123 1 
0 0.200132 1 
0 0.200191 1 
0 0.200204 1 
0 0.200344 1 
0 0.200361 1 
0 0.200399 1 
0 0.200399 1 
0 0.200532 1 
0 0.200556 1 
0 0.200645 1 
0 0.200889 1 
0 0.200968 1 
0 0.20101 1 
0 0.201014 1 
0 0.201039 1 
0 0.201093 1 
0 0.201113 1 
0 0.201131 1 
0 0.201151 1 
0 0.201172 1 
0 0.20119 1 
0 0.201203 1 
0 0.20132 1 
0 0.201351 1 
0 0.201413 1 
0 0.201418 1 
0 0.20144 1 
0 0.201458 1 
0 0.201501 1 
0 0.201503 1 
0 0.201519 1 
0 0.20156 1 
0 0.201608 1 
0 0.201694 1 
0 0.201714 1 
0 0.201727 1 
0 0.201748 1 
0 0.20175 1 
0 0.201774 1 
0 0.201808 1 
0 0.201832 1 
0 0.201899 1 
0 0.201914 1 
0 0.201935 1 
0 0.202052 1 
0 0.202075 1 
0 0.202077 1 
0 0.202084 1 
0 0.202098 1 
0 0.202127 1 
0 0.202144 1 
0 0.202226 1 
0 0.202257 1 
0 0.20231 1 
0 0.202427 1 
0 0.202444 1 
0 0.202444 1 
0 0.202454 1 
0 0.202546 1 
0 0.202599 1 
0 0.202603 1 
0 0.202678 1 
0 0.202696 1 
0 0.202831 1 
0 0.202841 1 
0 0.202936 1 
0 0.202937 1 
0 0.203001 1 
0 0.203023 1 
0 0.203079 1 
0 0.203111 1 
0 0.203194 1 
0 0.203244 1 
0 0.203431 1 
0 0.203441 1 
0 0.203452 1 
0 0.203612 1 
0 0.203721 1 
0 0.203745 1 
0 0.203783 1 
0 0.203909 1 
0 0.204014 1 
0 0.204024 1 
0 0.204251 1 
0 0.204283 1 
0 0.204308 1 
0 0.204331 1 
0 0.204533 1 
0 0.2046 1 
0 0.204613 1 
0 0.204702 1 
0 0.204715 1 
0 0.20512 1 
0 0.205355 1 
0 0.20539 1 
0 0.205552 1 
0 0.205655 1 
0 0.20584 1 
0 0.20615 1 
0 inf 1 
0 0.0792878 2 
0 0.0813434 2 
0 0.081549 2 
0 0.0816253 2 
0 0.0816633 2 
0 0.0819923 2 
0 0.0820504 2 
0 0.0823247 2 
0 0.0826445 2 
0 0.0832327 2 
0 0.0832376 2 
0 0.0835063 2 
0 0.0836448 2 
0 0.0838192 2 
0 0.08398 2 
0 0.0841094 2 
0 0.0841644 2 
0 0.0842681 2 
0 0.0843862 2 
0 0.0844437 2 
0 0.0844599 2 
0 0.0845288 2 
0 0.0845961 2 
0 0.0846556 2 
0 0.084679 2 
0 0.084738 2 
0 0.0847462 2 
0 0.0848781 2 
0 0.0849045 2 
0 0.0850737 2 
0 0.0850816 2 
0 0.0851425 2 
0 0.085266 2 
0 0.0852834 2 
0 0.0853022 2 
0 0.0853271 2 
0 0.0853303 2 
0 0.0853598 2 
0 0.0854231 2 
0 0.0855053 2 
0 0.0855347 2 
0 0.0855416 2 
0 0.0855753 2 
0 0.085578 2 
0 0.0855812 2 
0 0.0856504 2 
0 0.0857746 2 
0 0.085803 2 
0 0.0858391 2 
0 0.0859206 2 
0 0.0859746 2 
0 0.0860092 2 
0 0.0861494 2 
0 0.0861809 2 
0 0.086251 2 
0 0.0862612 2 
0 0.0862778 2 
0 0.0862987 2 
0 0.0862994 2 
0 0.086346 2 
0 0.0863576 2 
0 0.0864223 2 
0 0.0864231 2 
0 0.0864605 2 
0 0.086481 2 
0 0.0864818 2 
0 0.0864872 2 
0 0.0865351 2 
0 0.0865403 2 
0 0.0865594 2 
0 0.0865609 2 
0 0.0865722 2 
0 0.0866347 2 
0 0.0866532 2 
0 0.0866541 2 
0 0.0867421 2 
0 0.0867729 2 
0 0.0867754 2 
0 0.0868098 2 
0 0.0868529 2 
0 0.0869016 2 
0 0.0869303 2 
0 0.0869371 2 
0 0.0869956 2 
0 0.087014 2 
0 0.0870233 2 
0 0.0870316 2 
0 0.0870419 2 
0 0.0870972 2 
0 0.0871688 2 
0 0.0871856 2 
0 0.0872949 2 
0 0.0873105 2 
0 0.0873177 2 
0 0.0874043 2 
0 0.0874444 2 
0 0.0875384 2 
0 0.0875614 2 
0 0.0876262 2 
0 0.0876398 2 
0 0.0877727 2 
0 0.0877881 2 
0 0.0880274 2 
0 0.0880333 2 
0 0.0880585 2 
0 0.0881463 2 
0 0.0885237 2 
0 0.0885929 2 
0 0.0886231 2 
0 0.0886611 2 
0 0.0886656 2 
0 0.0886755 2 
0 0.0886949 2 
0 0.0887346 2 
0 0.0889967 2 
0 0.0892168 2 
0 0.0892567 2 
0 0.0895081 2 
0 0.0895967 2 
0 0.0897066 2 
0 0.0898115 2 
0 0.0899903 2 
0 0.0902935 2 
0 0.090849 2 
0 0.0913298 2 
0 0.0913594 2 
0 0.0914396 2 
0 inf 2 
0 0.0343753 3 
0 0.0358588 3 
0 0.0361536 3 
0 0.0362036 3 
0 0.0362868 3 
0 0.0363273 3 
0 0.0363938 3 
0 0.0366096 3 
0 0.0366643 3 
0 0.0371088 3 
0 0.0373299 3 
0 0.0374387 3 
0 0.0374777 3 
0 0.0375352 3 
0 0.0375509 3 
0 0.0376378 3 
0 0.0376838 3 
0 0.0376844 3 
0 0.0377607 3 
0 0.0378618 3 
0 0.0378886 3 
0 0.037889 3 
0 0.0380107 3 
0 0.0380307 3 
0 0.0380452 3 
0 0.0380679 3 
0 0.038084 3 
0 0.0381335 3 
0 0.0382002 3 
0 0.0383134 3 
0 0.0383303 3 
0 0.0383448 3 
0 0.0383646 3 
0 0.038398 3 
0 0.0384391 3 
0 0.0384921 3 
0 0.0385454 3 
0 0.0386025 3 
0 0.0386116 3 
0 0.0386141 3 
0 0.0386187 3 
0 0.0386424 3 
0 0.0386839 3 
0 0.038715 3 
0 0.0387233 3 
0 0.0387694 3 
0 0.038784 3 
0 0.0388198 3 
0 0.0388208 3 
0 0.0388582 3 
0 0.0388731 3 
0 0.0388775 3 
0 0.0388946 3 
0 0.038921 3 
0 0.0389654 3 
0 0.0389705 3 
0 0.0390299 3 
0 0.0390731 3 
0 0.0390747 3 
0 0.0390759 3 
0 0.0390891 3 
0 0.0391051 3 
0 0.0391097 3 
0 0.0391151 3 
0 0.0391284 3 
0 0.0392682 3 
0 0.0393049 3 
0 0.0393081 3 
0 0.0393155 3 
0 0.0393272 3 
0 0.0393367 3 
0 0.0393651 3 
0 0.0394063 3 
0 0.039485 3 
0 0.0395322 3 
0 0.0395475 3 
0 0.0396012 3 
0 0.0396146 3 
0 0.0396809 3 
0 0.0396895 3 
0 0.0396918 3 
0 0.0397196 3 
0 0.039722 3 
0 0.0397345 3 
0 0.0397419 3 
0 0.0397645 3 
0 0.0397797 3 
0 0.0397833 3 
0 0.0398153 3 
0 0.0398316 3 
0 0.0399075 3 
0 0.039988 3 
0 0.0400237 3 
0 0.0400768 3 
0 0.0400856 3 
0 0.0401236 3 
0 0.0401243 3 
0 0.0402207 3 
0 0.0402464 3 
0 0.0402922 3 
0 0.0403003 3 
0 0.0403539 3 
0 0.0404606 3 
0 0.0404759 3 
0 0.0405432 3 
0 0.040574 3 
0 0.0407044 3 
0 0.0407598 3 
0 0.0407782 3 
0 0.0408998 3 
0 0.0409185 3 
0 0.0411059 3 
0 0.0411516 3 
0 0.0414604 3 
0 0.0416151 3 
0 0.041649 3 
0 0.0416548 3 
0 0.0416673 3 
0 0.0420175 3 
0 0.0420681 3 
0 0.0421387 3 
0 0.0425402 3 
0 0.0427158 3 
0 0.0429075 3 
0 0.0429863 3 
0 0.042989 3 
0 0.0434692 3 
0 inf 3 
0 0.0157217 4 
0 0.0164297 4 
0 0.0166086 4 
0 0.0167502 4 
0 0.0168176 4 
0 0.0170075 4 
0 0.0170617 4 
0 0.0171273 4 
0 0.0171975 4 
0 0.0173383 4 
0 0.0174013 4 
0 0.0174134 4 
0 0.0174701 4 
0 0.0175441 4 
0 0.0175495 4 
0 0.0175683 4 
0 0.0176178 4 
0 0.0176183 4 
0 0.0176212 4 
0 0.0177055 4 
0 0.0177253 4 
0 0.0177258 4 
0 0.0177621 4 
0 0.0178158 4 
0 0.0178338 4 
0 0.0178651 4 
0 0.0178889 4 
0 0.0179131 4 
0 0.0179425 4 
0 0.0179609 4 
0 0.0179953 4 
0 0.0180003 4 
0 0.0180521 4 
0 0.018107 4 
0 0.0181174 4 
0 0.0181312 4 
0 0.0181339 4 
0 0.0181667 4 
0 0.0181737 4 
0 0.0182229 4 
0 0.0182392 4 
0 0.0182505 4 
0 0.0182594 4 
0 0.0182643 4 
0 0.018286 4 
0 0.0183076 4 
0 0.0183343 4 
0 0.0183501 4 
0 0.0183506 4 
0 0.0183783 4 
0 0.0183785 4 
0 0.0184141 4 
0 0.0184151 4 
0 0.0184397 4 
0 0.0184565 4 
0 0.0184585 4 
0 0.0184693 4 
0 0.0184847 4 
0 0.0184942 4 
0 0.0185061 4 
0 0.0185844 4 
0 0.0185844 4 
0 0.0185996 4 
0 0.0186919 4 
0 0.0187226 4 
0 0.0187244 4 
0 0.0187264 4 
0 0.0187454 4 
0 0.0187539 4 
0 0.0187657 4 
0 0.018777 4 
0 0.0187842 4 
0 0.0187909 4 
0 0.0187977 4 
0 0.0188071 4 
0 0.0188111 4 
0 0.0188394 4 
0 0.0188537 4 
0 0.0188797 4 
0 0.0189027 4 
0 0.0189509 4 
0 0.0189577 4 
0 0.0189951 4 
0 0.019012 4 
0 0.0190261 4 
0 0.0190324 4 
0 0.0190611 4 
0 0.0190881 4 
0 0.0191045 4 
0 0.0191096 4 
0 0.0191849 4 
0 0.0191959 4 
0 0.0191995 4 
0 0.0192006 4 
0 0.0192239 4 
0 0.0192275 4 
0 0.01924 4 
0 0.0193052 4 
0 0.0194086 4 
0 0.0194493 4 
0 0.0194796 4 
0 0.0195043 4 
0 0.0195317 4 
0 0.0195443 4 
0 0.0195735 4 
0 0.0195762 4 
0 0.0195821 4 
0 0.0196165 4 
0 0.0196567 4 
0 0.0197237 4 
0 0.0197549 4 
0 0.0198136 4 
0 0.0199051 4 
0 0.0199265 4 
0 0.0199864 4 
0 0.0199975 4 
0 0.0202667 4 
0 0.0203146 4 
0 0.02056 4 
0 0.0207103 4 
0 0.0207733 4 
0 0.0208111 4 
0 0.0209321 4 
0 0.0210919 4 
0 0.0211758 4 
0 0.0212759 4 
0 0.022273 4 
0 inf 4 
0 0.00753436 5 
0 0.00764896 5 
0 0.00803168 5 
0 0.00803262 5 
0 0.00808834 5 
0 0.00810795 5 
0 0.0081384 5 
0 0.00829328 5 
0 0.0083011 5 
0 0.00830376 5 
0 0.00837062 5 
0 0.00837261 5 
0 0.00847022 5 
0 0.00847318 5 
0 0.00848319 5 
0 0.00852141 5 
0 0.00853317 5 
0 0.00853869 5 
0 0.00854102 5 
0 0.00854915 5 
0 0.00855533 5 
0 0.00856323 5 
0 0.00856628 5 
0 0.00864787 5 
0 0.00865345 5 
0 0.00866848 5 
0 0.00867588 5 
0 0.00868783 5 
0 0.00869671 5 
0 0.00870515 5 
0 0.00870773 5 
0 0.00872068 5 
0 0.00873365 5 
0 0.00874896 5 
0 0.00878921 5 
0 0.00879693 5 
0 0.00882396 5 
0 0.00884644 5 
0 0.00886822 5 
0 0.00889076 5 
0 0.00889957 5 
0 0.00890082 5 
0 0.00891635 5 
0 0.00892434 5 
0 0.00892462 5 
0 0.00893165 5 
0 0.00898166 5 
0 0.00898303 5 
0 0.00898842 5 
0 0.00900558 5 
0 0.00903097 5 
0 0.00904582 5 
0 0.00905848 5 
0 0.00906352 5 
0 0.00906681 5 
0 0.00911405 5 
0 0.00911641 5 
0 0.009117 5 
0 0.00912613 5 
0 0.00912639 5 
0 0.00913193 5 
0 0.00913266 5 
0 0.009179 5 
0 0.00919041 5 
0 0.00919592 5 
0 0.00920402 5 
0 0.00920978 5 
0 0.00921226 5 
0 0.00921471 5 
0 0.00923184 5 
0 0.00923185 5 
0 0.00923948 5 
0 0.00925462 5 
0 0.0092999 5 
0 0.00932074 5 
0 0.00932876 5 
0 0.00933098 5 
0 0.00934592 5 
0 0.00938363 5 
0 0.0093885 5 
0 0.00939351 5 
0 0.00939588 5 
0 0.00939661 5 
0 0.00940623 5 
0 0.00941227 5 
0 0.00941995 5 
0 0.00942401 5 
0 0.0094389 5 
0 0.009448 5 
0 0.0094604 5 
0 0.00948628 5 
0 0.00948742 5 
0 0.00949529 5 
0 0.00950071 5 
0 0.00951134 5 
0 0.00951549 5 
0 0.0095276 5 
0 0.00954754 5 
0 0.00961985 5 
0 0.00964437 5 
0 0.00965471 5 
0 0.00965589 5 
0 0.00966953 5 
0 0.00968343 5 
0 0.00974145 5 
0 0.00974816 5 
0 0.0098153 5 
0 0.0098372 5 
0 0.00984535 5 
0 0.00985103 5 
0 0.00985698 5 
0 0.00989213 5 
0 0.00995782 5 
0 0.00998084 5 
0 0.0100374 5 
0 0.0100607 5 
0 0.0101234 5 
0 0.0101249 5 
0 0.0102424 5 
0 0.0102957 5 
0 0.010322 5 
0 0.010612 5 
0 0.0106371 5 
0 0.0107367 5 
0 0.0107414 5 
0 0.0109673 5 
0 0.0118062 5 
0 inf 5 
0 0.00365323 6 
0 0.00375715 6 
0 0.00390787 6 
0 0.00391404 6 
0 0.00395653 6 
0 0.00402165 6 
0 0.00402173 6 
0 0.00406508 6 
0 0.00407282 6 
0 0.00413552 6 
0 0.00413638 6 
0 0.00414012 6 
0 0.00416252 6 
0 0.00417938 6 
0 0.00418833 6 
0 0.00420517 6 
0 0.00422406 6 
0 0.00423454 6 
0 0.00424069 6 
0 0.00424154 6 
0 0.00424839 6 
0 0.00425766 6 
0 0.00426416 6 
0 0.00427228 6 
0 0.00427688 6 
0 0.00428033 6 
0 0.00429032 6 
0 0.00430877 6 
0 0.00431167 6 
0 0.00431703 6 
0 0.00432394 6 
0 0.00433741 6 
0 0.00436814 6 
0 0.0043855 6 
0 0.00438791 6 
0 0.00442151 6 
0 0.00443313 6 
0 0.00445151 6 
0 0.00445268 6 
0 0.00445595 6 
0 0.00445681 6 
0 0.00445688 6 
0 0.00447575 6 
0 0.00448621 6 
0 0.00449793 6 
0 0.00450834 6 
0 0.00450884 6 
0 0.00452022 6 
0 0.00453588 6 
0 0.00454358 6 
0 0.00454767 6 
0 0.0045546 6 
0 0.00455496 6 
0 0.00456065 6 
0 0.00457512 6 
0 0.00458331 6 
0 0.00458742 6 
0 0.00458972 6 
0 0.00460129 6 
0 0.00460223 6 
0 0.00462687 6 
0 0.00462933 6 
0 0.00463013 6 
0 0.00463676 6 
0 0.00463776 6 
0 0.00464842 6 
0 0.00466159 6 
0 0.00467896 6 
0 0.00468441 6 
0 0.00468734 6 
0 0.00469476 6 
0 0.00472316 6 
0 0.00472397 6 
0 0.00472559 6 
0 0.00472685 6 
0 0.00472869 6 
0 0.00473218 6 
0 0.00474992 6 
0 0.00475049 6 
0 0.00475315 6 
0 0.00475453 6 
0 0.00476407 6 
0 0.00476445 6 
0 0.00476544 6 
0 0.00477046 6 
0 0.00477395 6 
0 0.00478472 6 
0 0.0047866 6 
0 0.00478955 6 
0 0.0047922 6 
0 0.00479591 6 
0 0.00479747 6 
0 0.00480704 6 
0 0.0048116 6 
0 0.00481418 6 
0 0.00482286 6 
0 0.00482788 6 
0 0.00483197 6 
0 0.00485943 6 
0 0.00486208 6 
0 0.00486789 6 
0 0.00491015 6 
0 0.00491273 6 
0 0.0049376 6 
0 0.00494115 6 
0 0.00496427 6 
0 0.00496703 6 
0 0.00497398 6 
0 0.00500844 6 
0 0.00502358 6 
0 0.00503969 6 
0 0.0050472 6 
0 0.0050607 6 
0 0.00506986 6 
0 0.00514237 6 
0 0.00516038 6 
0 0.00519787 6 
0 0.00521663 6 
0 0.00523884 6 
0 0.00527027 6 
0 0.00533243 6 
0 0.00537286 6 
0 0.00546221 6 
0 0.00550109 6 
0 0.00552964 6 
0 0.00576756 6 
0 0.00630846 6 
0 inf 6 
0 0.00178721 7 
0 0.00191667 7 
0 0.00193563 7 
0 0.00193633 7 
0 0.00198903 7 
0 0.00198944 7 
0 0.00203673 7 
0 0.00205581 7 
0 0.00206393 7 
0 0.00206836 7 
0 0.00207139 7 
0 0.00208219 7 
0 0.00208674 7 
0 0.00211352 7 
0 0.00212157 7 
0 0.00212368 7 
0 0.00213258 7 
0 0.00213608 7 
0 0.00213655 7 
0 0.00213713 7 
0 0.00213879 7 
0 0.00214415 7 
0 0.00214437 7 
0 0.00215158 7 
0 0.00215765 7 
0 0.00216448 7 
0 0.00218995 7 
0 0.00219921 7 
0 0.00220464 7 
0 0.00220522 7 
0 0.00221822 7 
0 0.00222038 7 
0 0.00222752 7 
0 0.00222862 7 
0 0.0022352 7 
0 0.00225366 7 
0 0.0022573 7 
0 0.00225833 7 
0 0.00226145 7 
0 0.00227697 7 
0 0.00227719 7 
0 0.00227786 7 
0 0.00228252 7 
0 0.0022926 7 
0 0.00229364 7 
0 0.00230959 7 
0 0.00231177 7 
0 0.00231682 7 
0 0.00232087 7 
0 0.00232179 7 
0 0.00232363 7 
0 0.00232967 7 
0 0.0023339 7 
0 0.00233565 7 
0 0.0023397 7 
0 0.00234979 7 
0 0.00235233 7 
0 0.00236179 7 
0 0.00236665 7 
0 0.00236979 7 
0 0.0023702 7 
0 0.00237699 7 
0 0.00237914 7 
0 0.00237943 7 
0 0.00238204 7 
0 0.00238387 7 
0 0.00239169 7 
0 0.00239582 7 
0 0.0024002 7 
0 0.00240963 7 
0 0.00242412 7 
0 0.0024242 7 
0 0.00243237 7 
0 0.00243836 7 
0 0.00243844 7 
0 0.00243958 7 
0 0.00243999 7 
0 0.00244608 7 
0 0.00244613 7 
0 0.00244622 7 
0 0.0024571 7 
0 0.00245744 7 
0 0.00245756 7 
0 0.00246118 7 
0 0.00246372 7 
0 0.00246868 7 
0 0.0024688 7 
0 0.00246951 7 
0 0.00247002 7 
0 0.00247215 7 
0 0.00247563 7 
0 0.00248352 7 
0 0.00248489 7 
0 0.00248618 7 
0 0.00248774 7 
0 0.00248827 7 
0 0.00248951 7 
0 0.00250148 7 
0 0.00253032 7 
0 0.00253273 7 
0 0.00253927 7 
0 0.0025402 7 
0 0.00254053 7 
0 0.00254462 7 
0 0.00254683 7 
0 0.00254798 7 
0 0.00256214 7 
0 0.00257144 7 
0 0.00257311 7 
0 0.00258175 7 
0 0.00259651 7 
0 0.002622 7 
0 0.00265214 7 
0 0.00268487 7 
0 0.00268559 7 
0 0.00270522 7 
0 0.00272803 7 
0 0.00273283 7 
0 0.00274099 7 
0 0.00274191 7 
0 0.0027876 7 
0 0.00284035 7 
0 0.0028448 7 
0 0.00285908 7 
0 0.00289327 7 
0 0.00307666 7 
0 0.00337917 7 
0 inf 7 
0 0.000894832 8 
0 0.000953464 8 
0 0.000976618 8 
0 0.00100222 8 
0 0.00101642 8 
0 0.0010197 8 
0 0.00102493 8 
0 0.00104696 8 
0 0.00104855 8 
0 0.00106408 8 
0 0.00107112 8 
0 0.00107268 8 
0 0.00108167 8 
0 0.00108179 8 
0 0.00108198 8 
0 0.00108379 8 
0 0.00108533 8 
0 0.00108573 8 
0 0.00108781 8 
0 0.0010919 8 
0 0.00109489 8 
0 0.00109521 8 
0 0.00110827 8 
0 0.00110991 8 
0 0.00111636 8 
0 0.00111872 8 
0 0.00112668 8 
0 0.00113775 8 
0 0.00113899 8 
0 0.00114338 8 
0 0.00114391 8 
0 0.00114464 8 
0 0.00115001 8 
0 0.00116338 8 
0 0.00116572 8 
0 0.00116851 8 
0 0.00117212 8 
0 0.00117839 8 
0 0.00117843 8 
0 0.00117873 8 
0 0.00118409 8 
0 0.00118414 8 
0 0.00118436 8 
0 0.00118448 8 
0 0.00118524 8 
0 0.00119113 8 
0 0.00119295 8 
0 0.00119376 8 
0 0.00119499 8 
0 0.00119814 8 
0 0.00120122 8 
0 0.00120148 8 
0 0.00121577 8 
0 0.00121672 8 
0 0.00121749 8 
0 0.00122044 8 
0 0.00122182 8 
0 0.00122589 8 
0 0.00123098 8 
0 0.00123365 8 
0 0.00123677 8 
0 0.00124042 8 
0 0.00124129 8 
0 0.00124379 8 
0 0.00124844 8 
0 0.00124896 8 
0 0.00125038 8 
0 0.00125038 8 
0 0.00125487 8 
0 0.00125487 8 
0 0.00125613 8 
0 0.00125825 8 
0 0.00125851 8 
0 0.00125881 8 
0 0.00125961 8 
0 0.0012676 8 
0 0.00126926 8 
0 0.00126984 8 
0 0.00127424 8 
0 0.00127675 8 
0 0.00127881 8 
0 0.00127916 8 
0 0.00128148 8 
0 0.00128278 8 
0 0.00128337 8 
0 0.00128486 8 
0 0.00128687 8 
0 0.00128718 8 
0 0.00128841 8 
0 0.00128999 8 
0 0.00129294 8 
0 0.00129944 8 
0 0.00131013 8 
0 0.00131644 8 
0 0.00131654 8 
0 0.00131723 8 
0 0.00131743 8 
0 0.00131775 8 
0 0.00131975 8 
0 0.00132459 8 
0 0.00132524 8 
0 0.00133383 8 
0 0.00133498 8 
0 0.00133753 8 
0 0.00134136 8 
0 0.00134272 8 
0 0.001351 8 
0 0.00135167 8 
0 0.00135443 8 
0 0.00135738 8 
0 0.00136614 8 
0 0.00140061 8 
0 0.00140937 8 
0 0.00141508 8 
0 0.00141777 8 
0 0.00142734 8 
0 0.00143306 8 
0 0.00144805 8 
0 0.00146038 8 
0 0.00146355 8 
0 0.00149009 8 
0 0.00149936 8 
0 0.00150475 8 
0 0.00152156 8 
0 0.00153435 8 
0 0.00165953 8 
0 0.00183279 8 
0 inf 8 
0 0.000458172 9 
0 0.00047993 9 
0 0.000502114 9 
0 0.000513788 9 
0 0.000518393 9 
0 0.000526005 9 
0 0.000538701 9 
0 0.000539326 9 
0 0.000548077 9 
0 0.000553009 9 
0 0.00055404 9 
0 0.000554175 9 
0 0.000557496 9 
0 0.000558258 9 
0 0.000560455 9 
0 0.000563301 9 
0 0.00056411 9 
0 0.000565841 9 
0 0.000568197 9 
0 0.000570052 9 
0 0.000570384 9 
0 0.000577142 9 
0 0.000578827 9 
0 0.000580007 9 
0 0.000583737 9 
0 0.000587387 9 
0 0.000588809 9 
0 0.000593313 9 
0 0.000593746 9 
0 0.000597781 9 
0 0.000601932 9 
0 0.000603252 9 
0 0.000605017 9 
0 0.000605567 9 
0 0.000606242 9 
0 0.000606901 9 
0 0.000612639 9 
0 0.00061304 9 
0 0.000614477 9 
0 0.000618604 9 
0 0.000618751 9 
0 0.000624711 9 
0 0.000624958 9 
0 0.000625461 9 
0 0.000626059 9 
0 0.000626421 9 
0 0.000626709 9 
0 0.000627955 9 
0 0.000632548 9 
0 0.00063274 9 
0 0.000633648 9 
0 0.000635659 9 
0 0.000636542 9 
0 0.000638015 9 
0 0.000640774 9 
0 0.000641714 9 
0 0.000643256 9 
0 0.000643633 9 
0 0.000644952 9 
0 0.000645202 9 
0 0.000645806 9 
0 0.0006478 9 
0 0.000649892 9 
0 0.000651099 9 
0 0.000652455 9 
0 0.000655024 9 
0 0.000655487 9 
0 0.000655614 9 
0 0.000655659 9 
0 0.000655662 9 
0 0.000659837 9 
0 0.000660232 9 
0 0.000660819 9 
0 0.000661736 9 
0 0.000662506 9 
0 0.000666389 9 
0 0.000666481 9 
0 0.000668357 9 
0 0.000670197 9 
0 0.000670996 9 
0 0.000671733 9 
0 0.00067237 9 
0 0.00067249 9 
0 0.000672937 9 
0 0.000673365 9 
0 0.00067345 9 
0 0.000674822 9 
0 0.000676517 9 
0 0.000676624 9 
0 0.00067735 9 
0 0.000678049 9 
0 0.000681092 9 
0 0.000681577 9 
0 0.000682934 9 
0 0.000687505 9 
0 0.000697421 9 
0 0.000698399 9 
0 0.000699081 9 
0 0.000699381 9 
0 0.000706243 9 
0 0.000707553 9 
0 0.000710273 9 
0 0.000711858 9 
0 0.000714428 9 
0 0.000714674 9 
0 0.000722442 9 
0 0.000723219 9 
0 0.000727333 9 
0 0.000729466 9 
0 0.00073068 9 
0 0.000732131 9 
0 0.000734657 9 
0 0.000739396 9 
0 0.00075287 9 
0 0.000755843 9 
0 0.000772832 9 
0 0.000777677 9 
0 0.00078015 9 
0 0.000790493 9 
0 0.000792897 9 
0 0.000798551 9 
0 0.000800812 9 
0 0.000801084 9 
0 0.000812523 9 
0 0.000823597 9 
0 0.000903501 9 
0 0.00100526 9 
0 inf 9 
