0.535625 0.55551 0 
0.535 0.555561 0 
0.534568 0.555033 0 
0.53332 0.537629 0 
0.533194 0.557999 0 
0.532934 0.53448 0 
0.532481 0.556392 0 
0.531558 0.557956 0 
0.531464 0.554695 0 
0.531433 0.551907 0 
0.531278 0.556741 0 
0.531266 0.533936 0 
0.531186 0.556233 0 
0.531102 0.555104 0 
0.531092 0.556757 0 
0.530998 0.553899 0 
0.530951 0.556062 0 
0.530868 0.554971 0 
0.530841 0.557232 0 
0.530838 0.555932 0 
0.530717 0.555932 0 
0.530635 0.556545 0 
0.530518 0.553059 0 
0.530483 0.555561 0 
0.530125 0.556801 0 
0.53 0.53156 0 
0.529846 0.558167 0 
0.529507 0.557036 0 
0.529446 0.554637 0 
0.529332 0.557562 0 
0.529205 0.554157 0 
0.529118 0.530876 0 
0.529073 0.531987 0 
0.528885 0.534193 0 
0.528722 0.55612 0 
0.528642 0.531135 0 
0.528505 0.538938 0 
0.528164 0.539087 0 
0.527997 0.534965 0 
0.527967 0.551209 0 
0.527873 0.533877 0 
0.527824 0.538297 0 
0.527678 0.535143 0 
0.527485 0.556125 0 
0.527434 0.554669 0 
0.527396 0.532419 0 
0.527003 0.551775 0 
0.526991 0.554511 0 
0.52648 0.552718 0 
0.526332 0.558541 0 
0.526223 0.557125 0 
0.525924 0.556951 0 
0.525893 0.551449 0 
0.525659 0.539523 0 
0.525608 0.555587 0 
0.52531 0.552176 0 
0.525223 0.532419 0 
0.524649 0.55448 0 
0.524531 0.552967 0 
0.524094 0.544806 0 
0.524083 0.555998 0 
0.524023 0.553267 0 
0.523499 0.556336 0 
0.52333 0.554373 0 
0.523279 0.558358 0 
0.523213 0.551142 0 
0.521009 0.540825 0 
0.520733 0.55359 0 
0.508624 0.508634 0 
0.508013 0.508992 0 
0.507888 0.508211 0 
0.507436 0.508473 0 
0.507361 0.508351 0 
0.507344 0.508633 0 
0.507223 0.507475 0 
0.507072 0.50708 0 
0.506983 0.508664 0 
0.50689 0.509028 0 
0.506795 0.506875 0 
0.506742 0.506917 0 
0.50654 0.507472 0 
0.506492 0.50674 0 
0.50643 0.506734 0 
0.506258 0.50632 0 
0.50624 0.506438 0 
0.506109 0.508223 0 
0.506005 0.50611 0 
0.50598 0.507372 0 
0.505953 0.506471 0 
0.505793 0.506415 0 
0.505778 0.506038 0 
0.505752 0.507718 0 
0.505749 0.507639 0 
0.505715 0.505759 0 
0.505709 0.50636 0 
0.505666 0.508634 0 
0.505655 0.505892 0 
0.505653 0.50787 0 
0.505544 0.507372 0 
0.505468 0.506465 0 
0.505355 0.506531 0 
0.505347 0.508351 0 
0.505334 0.507723 0 
0.505242 0.505959 0 
0.505187 0.505686 0 
0.505176 0.506216 0 
0.50516 0.506245 0 
0.50509 0.505959 0 
0.505076 0.506642 0 
0.505067 0.505697 0 
0.504872 0.505759 0 
0.504799 0.506112 0 
0.504792 0.505352 0 
0.504723 0.506334 0 
0.504717 0.505817 0 
0.504639 0.506734 0 
0.504558 0.505052 0 
0.504549 0.505721 0 
0.504476 0.50644 0 
0.50447 0.504552 0 
0.504466 0.504798 0 
0.504463 0.507269 0 
0.504457 0.505182 0 
0.504453 0.505006 0 
0.504349 0.504688 0 
0.504329 0.505759 0 
0.504292 0.504583 0 
0.504282 0.506245 0 
0.504281 0.505352 0 
0.504194 0.505697 0 
0.504187 0.505903 0 
0.504162 0.506656 0 
0.504101 0.505921 0 
0.50403 0.504539 0 
0.504012 0.505421 0 
0.503963 0.504372 0 
0.503887 0.506716 0 
0.503877 0.505875 0 
0.503865 0.506072 0 
0.503844 0.505514 0 
0.50377 0.505876 0 
0.50372 0.506439 0 
0.503697 0.504735 0 
0.503658 0.504727 0 
0.503625 0.507549 0 
0.503372 0.503964 0 
0.503202 0.505358 0 
0.503199 0.506668 0 
0.503148 0.503794 0 
0.503102 0.504184 0 
0.502914 0.505661 0 
0.502898 0.506267 0 
0.502886 0.506471 0 
0.50287 0.50346 0 
0.502842 0.506292 0 
0.502791 0.504489 0 
0.502789 0.505078 0 
0.502769 0.505078 0 
0.502718 0.504214 0 
0.502629 0.508621 0 
0.5026 0.504582 0 
0.502546 0.505526 0 
0.502489 0.505077 0 
0.502468 0.503399 0 
0.50238 0.507162 0 
0.502286 0.505342 0 
0.502276 0.503265 0 
0.502103 0.503429 0 
0.502067 0.504929 0 
0.502026 0.507018 0 
0.501987 0.50237 0 
0.501976 0.503732 0 
0.501761 0.503048 0 
0.501699 0.506571 0 
0.501138 0.502779 0 
0.500906 0.502126 0 
0.500339 0.505754 0 
0.500297 0.502427 0 
0.274291 0.279588 1 
0.272399 0.275135 1 
0.271137 0.274983 1 
0.270856 0.273126 1 
0.270056 0.275187 1 
0.269682 0.273712 1 
0.269096 0.278888 1 
0.268499 0.275467 1 
0.268297 0.275683 1 
0.268029 0.276719 1 
0.267346 0.269814 1 
0.265611 0.26782 1 
0.265531 0.271305 1 
0.265432 0.271384 1 
0.265381 0.2713 1 
0.265372 0.272252 1 
0.265346 0.266186 1 
0.264549 0.268033 1 
0.26427 0.273248 1 
0.264035 0.271051 1 
0.263965 0.272214 1 
0.263532 0.266715 1 
0.26307 0.270129 1 
0.26291 0.272645 1 
0.261606 0.273967 1 
0.261568 0.26842 1 
0.261437 0.271672 1 
0.261314 0.270748 1 
0.26124 0.274607 1 
0.259826 0.270634 1 
0.258876 0.267833 1 
0.257425 0.273899 1 
0.257369 0.263517 1 
0.257291 0.270661 1 
0.256139 0.26381 1 
0.255165 0.272014 1 
0.254677 0.268976 1 
0.254352 0.263169 1 
0.251925 0.262377 1 
0.2514 0.270459 1 
0.251276 0.260848 1 
0.249792 0.26106 1 
0.249404 0.259077 1 
0.24884 0.266026 1 
0.248539 0.261086 1 
0.248263 0.26317 1 
0.247144 0.263368 1 
0.242613 0.26199 1 
0.19785 0.199666 1 
0.197744 0.199022 1 
0.196527 0.197018 1 
0.195534 0.195591 1 
0.195422 0.196378 1 
0.194988 0.195288 1 
0.194556 0.195101 1 
0.194115 0.194345 1 
0.19403 0.19425 1 
0.193781 0.194348 1 
0.19375 0.19385 1 
0.193611 0.197492 1 
0.19356 0.195139 1 
0.193554 0.198651 1 
0.193402 0.195036 1 
0.193153 0.193641 1 
0.192946 0.195699 1 
0.192919 0.19337 1 
0.192918 0.193232 1 
0.192841 0.195149 1 
0.192719 0.193384 1 
0.192612 0.194566 1 
0.192499 0.194599 1 
0.192497 0.194639 1 
0.192457 0.193708 1 
0.192452 0.194262 1 
0.19221 0.19227 1 
0.192197 0.194435 1 
0.192154 0.193177 1 
0.191961 0.19426 1 
0.191943 0.192249 1 
0.191885 0.192234 1 
0.19168 0.191794 1 
0.191669 0.194403 1 
0.191511 0.191694 1 
0.19148 0.191747 1 
0.191337 0.192941 1 
0.191201 0.192013 1 
0.191137 0.192317 1 
0.19108 0.192664 1 
0.191016 0.191162 1 
0.190881 0.191796 1 
0.190829 0.191686 1 
0.190661 0.191953 1 
0.190654 0.193562 1 
0.190537 0.190595 1 
0.190379 0.196533 1 
0.190325 0.191004 1 
0.190316 0.193962 1 
0.190269 0.191915 1 
0.190178 0.195591 1 
0.190167 0.193844 1 
0.190045 0.191222 1 
0.190022 0.194833 1 
0.189979 0.192197 1 
0.189913 0.192601 1 
0.189889 0.190088 1 
0.189887 0.194432 1 
0.189771 0.193994 1 
0.18969 0.192546 1 
0.18943 0.191809 1 
0.189324 0.193007 1 
0.189297 0.192395 1 
0.189251 0.194107 1 
0.189249 0.192718 1 
0.189238 0.189374 1 
0.189106 0.190616 1 
0.189065 0.191758 1 
0.188986 0.190265 1 
0.188903 0.192967 1 
0.188784 0.18904 1 
0.188724 0.189928 1 
0.188648 0.189619 1 
0.188619 0.1921 1 
0.188571 0.191138 1 
0.188218 0.19114 1 
0.188033 0.189947 1 
0.187913 0.189018 1 
0.187771 0.188699 1 
0.187683 0.190088 1 
0.187642 0.189512 1 
0.187574 0.189722 1 
0.187485 0.189716 1 
0.187062 0.191248 1 
0.186946 0.190222 1 
0.186928 0.186939 1 
0.186567 0.187924 1 
0.186239 0.189262 1 
0.175697 0.176389 2 
0.17055 0.176461 2 
0.168952 0.172672 2 
0.167462 0.168488 2 
0.159317 0.162414 2 
0.084207 0.0849906 2 
0.0841096 0.0853077 2 
0.0827293 0.0828925 2 
0.0822861 0.0833162 2 
0.0822767 0.0830544 2 
0.082132 0.0830656 2 
0.0816175 0.0831918 2 
0.0815599 0.0834148 2 
0.081424 0.0822523 2 
0.0808977 0.0811387 2 
0.0808346 0.0825835 2 
0.080801 0.0811545 2 
0.0807627 0.0811143 2 
0.0804453 0.0810108 2 
0.080245 0.0814432 2 
0.0800008 0.0808127 2 
0.0798109 0.08011 2 
0.0797851 0.0804038 2 
0.0797505 0.0801758 2 
0.0797309 0.0822907 2 
0.0797214 0.0798333 2 
0.0794834 0.0796429 2 
0.0791936 0.0805495 2 
0.0791919 0.0794592 2 
0.0789004 0.0791158 2 
0.0788856 0.0812849 2 
0.078838 0.0794754 2 
0.0787818 0.0791455 2 
0.0786814 0.080176 2 
0.078596 0.0799284 2 
0.0785196 0.0789903 2 
0.0783476 0.0800319 2 
0.0782682 0.0795148 2 
0.0782285 0.0782593 2 
0.0782083 0.0818669 2 
0.0781842 0.0789532 2 
0.0781559 0.0804248 2 
0.0778764 0.078289 2 
0.0776198 0.079076 2 
0.0775241 0.0792637 2 
0.0774809 0.0801314 2 
0.0774015 0.0804421 2 
0.077075 0.077775 2 
0.0769669 0.0784647 2 
0.0768241 0.079324 2 
0.0768022 0.0773242 2 
0.0766803 0.0777076 2 
0.0765497 0.078638 2 
0.0764643 0.0770389 2 
0.0761053 0.0778969 2 
0.0760264 0.0768033 2 
0.0760256 0.0780747 2 
0.0760094 0.0760148 2 
0.0759128 0.0764538 2 
0.0758989 0.0778609 2 
0.0758922 0.0769934 2 
0.0758027 0.078746 2 
0.0757237 0.076482 2 
0.0756885 0.0769212 2 
0.0755296 0.0774148 2 
0.075489 0.0759932 2 
0.0754884 0.0788935 2 
0.0753709 0.0767159 2 
0.0753478 0.0771591 2 
0.0750709 0.0761574 2 
0.0750136 0.0758355 2 
0.0749771 0.0786121 2 
0.0749318 0.0749859 2 
0.0746256 0.0748916 2 
0.0746119 0.0748916 2 
0.0745143 0.0753544 2 
0.0743319 0.0755768 2 
0.0742088 0.0774148 2 
0.0742009 0.0745927 2 
0.0741057 0.0760025 2 
0.0740012 0.0755768 2 
0.0738144 0.0760352 2 
0.0736236 0.0738864 2 
0.0735145 0.0760926 2 
0.0731057 0.0752154 2 
0.0730368 0.0740765 2 
0.0729515 0.0757682 2 
0.0727055 0.0755768 2 
0.0725015 0.0739641 2 
0.141063 0.142757 3 
0.0399258 0.041342 3 
0.0397508 0.0411612 3 
0.039602 0.039689 3 
0.0394557 0.0413061 3 
0.0392577 0.0398765 3 
0.0388495 0.0405891 3 
0.0383372 0.0394858 3 
0.0381855 0.0406088 3 
0.0366105 0.037045 3 
0.0365508 0.0392308 3 
0.0365447 0.0372638 3 
0.0365412 0.0366603 3 
0.0362715 0.0366336 3 
0.0360539 0.0363752 3 
0.0359996 0.0364465 3 
0.0359397 0.0361855 3 
0.0359136 0.0360082 3 
0.0359058 0.0360386 3 
0.0358564 0.0361972 3 
0.0358331 0.0365425 3 
0.0357469 0.0369604 3 
0.0355839 0.0373635 3 
0.0355782 0.0366603 3 
0.0354019 0.0375465 3 
0.0353919 0.036282 3 
0.0351752 0.0352162 3 
0.0350324 0.0352107 3 
0.0350078 0.035501 3 
0.0348211 0.0372175 3 
0.0347558 0.0350724 3 
0.0345883 0.0365098 3 
0.0345495 0.0352151 3 
0.0344658 0.0360298 3 
0.0343985 0.0360982 3 
0.034395 0.0346459 3 
0.0342707 0.0370308 3 
0.0341581 0.0351467 3 
0.0337057 0.0358022 3 
0.0336852 0.0355506 3 
0.0336189 0.036809 3 
0.033477 0.0343809 3 
0.0334174 0.0358844 3 
0.033273 0.0339003 3 
0.0332367 0.034381 3 
0.0331348 0.0357849 3 
0.0331191 0.0331542 3 
0.033103 0.0332395 3 
0.0330515 0.0332395 3 
0.0328976 0.0363096 3 
0.0328504 0.0353741 3 
0.0328443 0.0330345 3 
0.0328359 0.0332406 3 
0.0328033 0.0329913 3 
0.0326356 0.0327859 3 
0.032604 0.033407 3 
0.0324162 0.0328764 3 
0.0321816 0.033794 3 
0.0321536 0.0324328 3 
0.0320604 0.0341775 3 
0.0320006 0.0321055 3 
0.0319935 0.0325053 3 
0.0316679 0.0329913 3 
0.0316396 0.0317792 3 
0.0315034 0.0327007 3 
0.0314216 0.0324587 3 
0.0313263 0.0317792 3 
0.0312062 0.0325421 3 
0.0309941 0.0310069 3 
0.0308804 0.0315275 3 
0.0306002 0.0310188 3 
0.0304361 0.0321079 3 
0.0302738 0.0315307 3 
0.0302211 0.0317012 3 
0.0301867 0.031622 3 
0.0300626 0.032072 3 
0.0299495 0.032072 3 
0.0293826 0.0298348 3 
0.0293018 0.032072 3 
0.126263 0.126445 4 
0.0235612 0.0238754 4 
0.0229742 0.0237597 4 
0.0204323 0.0206517 4 
0.0202408 0.0205273 4 
0.019159 0.0192601 4 
0.0182343 0.0188597 4 
0.0178424 0.0192059 4 
0.0176132 0.0179168 4 
0.0175416 0.0188905 4 
0.0175015 0.0175629 4 
0.0174927 0.0182637 4 
0.01745 0.017475 4 
0.0173658 0.0175939 4 
0.0171333 0.0174306 4 
0.0170962 0.0182121 4 
0.0170779 0.0188672 4 
0.0169945 0.018958 4 
0.0169366 0.0185549 4 
0.0169189 0.0170477 4 
0.0168124 0.0170642 4 
0.0168049 0.0177367 4 
0.0167863 0.017264 4 
0.0167174 0.016938 4 
0.0165208 0.0165791 4 
0.0163408 0.0165791 4 
0.0162301 0.0171787 4 
0.0162029 0.0162624 4 
0.0161838 0.0163686 4 
0.0161805 0.0175617 4 
0.0160475 0.0174483 4 
0.0159879 0.0177478 4 
0.0159665 0.0166237 4 
0.0158124 0.0162717 4 
0.0157669 0.0163686 4 
0.0157299 0.0161909 4 
0.0155557 0.0167012 4 
0.0155257 0.0172996 4 
0.0151134 0.0160608 4 
0.0149925 0.0153028 4 
0.0143087 0.0149205 4 
0.0143017 0.0146684 4 
0.014278 0.0150427 4 
0.0142298 0.0150668 4 
0.014033 0.0147316 4 
0.0138363 0.0140227 4 
0.0137349 0.0150775 4 
0.0136663 0.0138886 4 
0.0133585 0.0150427 4 
0.0133452 0.0146908 4 
0.0131149 0.0138886 4 
0.0127125 0.0145387 4 
0.0140267 0.0143743 5 
0.0126304 0.0128952 5 
0.0123788 0.0136572 5 
0.0114041 0.0117377 5 
0.0112583 0.0116566 5 
0.0108675 0.0109295 5 
0.0108534 0.0129709 5 
0.0107399 0.0109926 5 
0.0107103 0.0120581 5 
0.0105863 0.0113988 5 
0.0104624 0.0105333 5 
0.0103317 0.0107101 5 
0.010152 0.0105313 5 
0.0101496 0.0104056 5 
0.0100643 0.0110064 5 
0.00999365 0.0108621 5 
0.00963769 0.010381 5 
0.00956733 0.00968853 5 
0.00934689 0.0106368 5 
0.00872168 0.00884614 5 
0.00870317 0.00907411 5 
0.00861714 0.00999202 5 
0.00827085 0.00873326 5 
0.00824007 0.0093627 5 
0.00781477 0.00858543 5 
0.00668785 0.00683463 5 
0.00627994 0.00655929 5 
0.00621655 0.00663582 5 
0.00585682 0.006459 5 
0.010114 0.0109351 6 
0.00993565 0.0103949 6 
0.00961843 0.0102657 6 
0.00941384 0.00964561 6 
0.00935142 0.0104383 6 
0.00842747 0.00904159 6 
0.00827909 0.00964561 6 
0.00810036 0.00841279 6 
0.00784568 0.00809614 6 
0.00737842 0.0075146 6 
0.00732277 0.00795793 6 
0.00716781 0.00812769 6 
0.00689219 0.00749982 6 
0.0067642 0.00862296 6 
0.00666446 0.00785474 6 
0.0055749 0.00563101 6 
0.00491343 0.00551203 6 
0.00421918 0.00437 6 
0.00321446 0.00368108 6 
0.00307521 0.00351666 6 
0.0083765 0.00943029 7 
0.0082066 0.00870929 7 
0.00820355 0.0089919 7 
0.00810087 0.00937326 7 
0.00778719 0.00811026 7 
0.0071361 0.00777817 7 
0.00696587 0.00811026 7 
0.00693431 0.00703741 7 
0.00625199 0.00653093 7 
0.00615267 0.00641099 7 
0.00607593 0.00732032 7 
0.00572914 0.00673075 7 
0.00572301 0.00573529 7 
0.00559907 0.00703824 7 
0.00543585 0.00645475 7 
0.00266163 0.00272809 7 
0.00251185 0.00252611 7 
0.00183999 0.00189104 7 
0.00168084 0.00207519 7 
0.00738262 0.00840576 8 
0.00737752 0.00855599 8 
0.00731873 0.00753711 8 
0.00714626 0.00799836 8 
0.00684824 0.00714766 8 
0.00638554 0.00686064 8 
0.00614459 0.00714766 8 
0.00612812 0.00630217 8 
0.00545105 0.00561232 8 
0.00540854 0.00641367 8 
0.0053723 0.00562765 8 
0.00511477 0.00599058 8 
0.00506913 0.00512477 8 
0.0050118 0.00609585 8 
0.00473376 0.00573033 8 
0.00177621 0.00180917 8 
0.000993859 0.00102285 8 
0.000990076 0.0012926 8 
0.00683163 0.00758186 9 
0.00663683 0.00789191 9 
0.00634182 0.0071799 9 
0.00614663 0.00639349 9 
0.00581894 0.00614255 9 
0.00553942 0.00569149 9 
0.00549829 0.00646624 9 
0.00490479 0.00492325 9 
0.00489282 0.00564371 9 
0.0047366 0.0050779 9 
0.00461375 0.00538753 9 
0.00456341 0.00461624 9 
0.00455035 0.00540233 9 
0.00426894 0.00512957 9 
0.00083392 0.000959542 9 
0.000753058 0.000960954 9 
