0 0.493584 0 
0 0.494489 0 
0 0.494741 0 
0 0.494828 0 
0 0.498556 0 
0 0.498676 0 
0 0.498877 0 
0 0.498966 0 
0 0.499225 0 
0 0.500923 0 
0 0.50247 0 
0 0.503037 0 
0 0.503367 0 
0 0.504133 0 
0 0.504573 0 
0 0.505199 0 
0 0.505309 0 
0 0.505592 0 
0 0.505685 0 
0 0.505808 0 
0 0.505975 0 
0 0.506029 0 
0 0.506291 0 
0 0.506291 0 
0 0.506329 0 
0 0.506335 0 
0 0.506501 0 
0 0.506719 0 
0 0.506829 0 
0 0.506908 0 
0 0.507267 0 
0 0.507342 0 
0 0.507493 0 
0 0.508078 0 
0 0.508091 0 
0 0.508119 0 
0 0.508186 0 
0 0.508603 0 
0 0.508615 0 
0 0.508667 0 
0 0.508679 0 
0 0.508704 0 
0 0.508733 0 
0 0.508749 0 
0 0.508763 0 
0 0.508892 0 
0 0.508987 0 
0 0.508995 0 
0 0.509 0 
0 0.509017 0 
0 0.509017 0 
0 0.509075 0 
0 0.509091 0 
0 0.509143 0 
0 0.509145 0 
0 0.509146 0 
0 0.509188 0 
0 0.509189 0 
0 0.509189 0 
0 0.509197 0 
0 0.509199 0 
0 0.509212 0 
0 0.509275 0 
0 0.509302 0 
0 0.509323 0 
0 0.509528 0 
0 0.509534 0 
0 0.509549 0 
0 0.509551 0 
0 0.509607 0 
0 0.509661 0 
0 0.509663 0 
0 0.509758 0 
0 0.509854 0 
0 0.509862 0 
0 0.509881 0 
0 0.509979 0 
0 0.510211 0 
0 0.510225 0 
0 0.510234 0 
0 0.510281 0 
0 0.510313 0 
0 0.510369 0 
0 0.510427 0 
0 0.510462 0 
0 0.510473 0 
0 0.510639 0 
0 0.51064 0 
0 0.510667 0 
0 0.51067 0 
0 0.510687 0 
0 0.510691 0 
0 0.510742 0 
0 0.510767 0 
0 0.510789 0 
0 0.510793 0 
0 0.510854 0 
0 0.510913 0 
0 0.51093 0 
0 0.511035 0 
0 0.511089 0 
0 0.511103 0 
0 0.511109 0 
0 0.51111 0 
0 0.511157 0 
0 0.511172 0 
0 0.511178 0 
0 0.511263 0 
0 0.511309 0 
0 0.511563 0 
0 0.511624 0 
0 0.51175 0 
0 0.511765 0 
0 0.511923 0 
0 0.511924 0 
0 0.51199 0 
0 0.512171 0 
0 0.512219 0 
0 0.512317 0 
0 0.51254 0 
0 0.512761 0 
0 0.51294 0 
0 0.513114 0 
0 0.513278 0 
0 0.513363 0 
0 0.513513 0 
0 0.514435 0 
0 inf 0 
0 0.192238 1 
0 0.194237 1 
0 0.194351 1 
0 0.195016 1 
0 0.195945 1 
0 0.196414 1 
0 0.196778 1 
0 0.197417 1 
0 0.197661 1 
0 0.19795 1 
0 0.197969 1 
0 0.198082 1 
0 0.198155 1 
0 0.198325 1 
0 0.19835 1 
0 0.198449 1 
0 0.198645 1 
0 0.198669 1 
0 0.19885 1 
0 0.198929 1 
0 0.198931 1 
0 0.198941 1 
0 0.198967 1 
0 0.198985 1 
0 0.199179 1 
0 0.199192 1 
0 0.19927 1 
0 0.199286 1 
0 0.199388 1 
0 0.19953 1 
0 0.199546 1 
0 0.199559 1 
0 0.199617 1 
0 0.199654 1 
0 0.199663 1 
0 0.199728 1 
0 0.199744 1 
0 0.199831 1 
0 0.19987 1 
0 0.199878 1 
0 0.199991 1 
0 0.200076 1 
0 0.200249 1 
0 0.200295 1 
0 0.200299 1 
0 0.200302 1 
0 0.200317 1 
0 0.200332 1 
0 0.200332 1 
0 0.200392 1 
0 0.200483 1 
0 0.200541 1 
0 0.200559 1 
0 0.200567 1 
0 0.20059 1 
0 0.200596 1 
0 0.200767 1 
0 0.20077 1 
0 0.200778 1 
0 0.200781 1 
0 0.200782 1 
0 0.200807 1 
0 0.200833 1 
0 0.200847 1 
0 0.200853 1 
0 0.200866 1 
0 0.200871 1 
0 0.200921 1 
0 0.200943 1 
0 0.200993 1 
0 0.20103 1 
0 0.201044 1 
0 0.201134 1 
0 0.201143 1 
0 0.201192 1 
0 0.201247 1 
0 0.201288 1 
0 0.201298 1 
0 0.201316 1 
0 0.201371 1 
0 0.201386 1 
0 0.201408 1 
0 0.201429 1 
0 0.201447 1 
0 0.201462 1 
0 0.201504 1 
0 0.201513 1 
0 0.201522 1 
0 0.201606 1 
0 0.201618 1 
0 0.201637 1 
0 0.201668 1 
0 0.201691 1 
0 0.201714 1 
0 0.201719 1 
0 0.201721 1 
0 0.201735 1 
0 0.201738 1 
0 0.201742 1 
0 0.201757 1 
0 0.2018 1 
0 0.20185 1 
0 0.201886 1 
0 0.202012 1 
0 0.202029 1 
0 0.202032 1 
0 0.20219 1 
0 0.202207 1 
0 0.202276 1 
0 0.202323 1 
0 0.202367 1 
0 0.202368 1 
0 0.202403 1 
0 0.202506 1 
0 0.202517 1 
0 0.202527 1 
0 0.20255 1 
0 0.202691 1 
0 0.202973 1 
0 0.203026 1 
0 0.203055 1 
0 0.203404 1 
0 0.20359 1 
0 0.203668 1 
0 0.203989 1 
0 0.204095 1 
0 0.204876 1 
0 inf 1 
0 0.0808284 2 
0 0.0811336 2 
0 0.0811964 2 
0 0.0814696 2 
0 0.0818891 2 
0 0.08189 2 
0 0.0819563 2 
0 0.0820142 2 
0 0.0820669 2 
0 0.0821992 2 
0 0.0823197 2 
0 0.0824108 2 
0 0.0824495 2 
0 0.0825302 2 
0 0.0825835 2 
0 0.0826393 2 
0 0.0826696 2 
0 0.0827381 2 
0 0.0827518 2 
0 0.082954 2 
0 0.0830163 2 
0 0.0830197 2 
0 0.0830783 2 
0 0.0830893 2 
0 0.0831891 2 
0 0.0832001 2 
0 0.0832612 2 
0 0.0834679 2 
0 0.0834764 2 
0 0.0835573 2 
0 0.08363 2 
0 0.0836714 2 
0 0.0837017 2 
0 0.0837215 2 
0 0.0837684 2 
0 0.083802 2 
0 0.0838624 2 
0 0.0838786 2 
0 0.0839726 2 
0 0.0839785 2 
0 0.0840457 2 
0 0.0840912 2 
0 0.0842073 2 
0 0.0842273 2 
0 0.0842422 2 
0 0.0843293 2 
0 0.0843661 2 
0 0.0843755 2 
0 0.0843903 2 
0 0.0844141 2 
0 0.0844266 2 
0 0.0844725 2 
0 0.0844823 2 
0 0.0845016 2 
0 0.0845065 2 
0 0.0845863 2 
0 0.0845909 2 
0 0.0846029 2 
0 0.0846132 2 
0 0.0846147 2 
0 0.0846728 2 
0 0.0847406 2 
0 0.0847455 2 
0 0.0847513 2 
0 0.0847647 2 
0 0.0848307 2 
0 0.0848433 2 
0 0.0848619 2 
0 0.0848744 2 
0 0.0848851 2 
0 0.0848962 2 
0 0.0849355 2 
0 0.0849362 2 
0 0.0850142 2 
0 0.0850422 2 
0 0.0851013 2 
0 0.0851488 2 
0 0.0851592 2 
0 0.0851611 2 
0 0.085217 2 
0 0.0852313 2 
0 0.0852379 2 
0 0.0852903 2 
0 0.0853262 2 
0 0.0853323 2 
0 0.0853515 2 
0 0.0854044 2 
0 0.0854294 2 
0 0.0854326 2 
0 0.0854508 2 
0 0.0854787 2 
0 0.0855518 2 
0 0.0855723 2 
0 0.0855727 2 
0 0.0857014 2 
0 0.0857041 2 
0 0.0859168 2 
0 0.0859257 2 
0 0.086028 2 
0 0.0860466 2 
0 0.0860679 2 
0 0.0860809 2 
0 0.0861996 2 
0 0.0862158 2 
0 0.0862274 2 
0 0.0862463 2 
0 0.0863419 2 
0 0.0863472 2 
0 0.0863807 2 
0 0.086408 2 
0 0.0864246 2 
0 0.0864273 2 
0 0.0866358 2 
0 0.0867746 2 
0 0.0868861 2 
0 0.086916 2 
0 0.0870684 2 
0 0.0872396 2 
0 0.0873593 2 
0 0.0873733 2 
0 0.0874943 2 
0 0.0875098 2 
0 0.0877854 2 
0 0.0879439 2 
0 0.0879551 2 
0 0.0894034 2 
0 0.0896527 2 
0 inf 2 
0 0.0344981 3 
0 0.035252 3 
0 0.0353538 3 
0 0.0354364 3 
0 0.035677 3 
0 0.035759 3 
0 0.0358508 3 
0 0.0360398 3 
0 0.0361371 3 
0 0.0361433 3 
0 0.0361572 3 
0 0.0362184 3 
0 0.0362187 3 
0 0.0363436 3 
0 0.0365816 3 
0 0.0365841 3 
0 0.0365884 3 
0 0.0366169 3 
0 0.0366395 3 
0 0.0366502 3 
0 0.0366969 3 
0 0.0367451 3 
0 0.0367802 3 
0 0.0367927 3 
0 0.036806 3 
0 0.0368086 3 
0 0.0368229 3 
0 0.036892 3 
0 0.0369083 3 
0 0.0369316 3 
0 0.0370469 3 
0 0.0370649 3 
0 0.0370654 3 
0 0.0370794 3 
0 0.0370956 3 
0 0.0371138 3 
0 0.0371936 3 
0 0.037238 3 
0 0.0372583 3 
0 0.0372595 3 
0 0.0373009 3 
0 0.037311 3 
0 0.0373237 3 
0 0.0373461 3 
0 0.0373475 3 
0 0.0373553 3 
0 0.0373701 3 
0 0.0373761 3 
0 0.0374353 3 
0 0.0374545 3 
0 0.0374892 3 
0 0.0375007 3 
0 0.0375464 3 
0 0.037563 3 
0 0.037579 3 
0 0.037581 3 
0 0.0376008 3 
0 0.037617 3 
0 0.0376594 3 
0 0.037726 3 
0 0.0377263 3 
0 0.0377559 3 
0 0.0377664 3 
0 0.0377778 3 
0 0.0377946 3 
0 0.0378166 3 
0 0.037828 3 
0 0.0378318 3 
0 0.0378583 3 
0 0.0378753 3 
0 0.0378776 3 
0 0.0378958 3 
0 0.0379092 3 
0 0.0379107 3 
0 0.0379272 3 
0 0.0379304 3 
0 0.0379329 3 
0 0.0379352 3 
0 0.0379367 3 
0 0.0379518 3 
0 0.0379658 3 
0 0.0379794 3 
0 0.0379974 3 
0 0.0380183 3 
0 0.0380327 3 
0 0.0380856 3 
0 0.0381006 3 
0 0.0381472 3 
0 0.0381507 3 
0 0.0381545 3 
0 0.0381865 3 
0 0.0383396 3 
0 0.0384433 3 
0 0.0384496 3 
0 0.0385307 3 
0 0.0386573 3 
0 0.0386647 3 
0 0.0386741 3 
0 0.0387209 3 
0 0.0387908 3 
0 0.0388487 3 
0 0.0389416 3 
0 0.0389563 3 
0 0.0389721 3 
0 0.0390105 3 
0 0.039024 3 
0 0.0390873 3 
0 0.0391932 3 
0 0.0392699 3 
0 0.0393365 3 
0 0.0394002 3 
0 0.0394146 3 
0 0.039436 3 
0 0.0394612 3 
0 0.0394955 3 
0 0.0395464 3 
0 0.0395938 3 
0 0.0396255 3 
0 0.0396945 3 
0 0.0399146 3 
0 0.040229 3 
0 0.0402977 3 
0 0.04031 3 
0 0.0405099 3 
0 0.0406332 3 
0 0.0411674 3 
0 0.0428991 3 
0 inf 3 
0 0.0152909 4 
0 0.015845 4 
0 0.0158756 4 
0 0.0159222 4 
0 0.0161442 4 
0 0.016389 4 
0 0.0164827 4 
0 0.0164994 4 
0 0.0165251 4 
0 0.0165274 4 
0 0.0165744 4 
0 0.0166111 4 
0 0.0166736 4 
0 0.016739 4 
0 0.0167559 4 
0 0.0168176 4 
0 0.0168417 4 
0 0.0168517 4 
0 0.0168704 4 
0 0.0169016 4 
0 0.0169018 4 
0 0.0169202 4 
0 0.016928 4 
0 0.0169472 4 
0 0.0169744 4 
0 0.0169848 4 
0 0.0170088 4 
0 0.0170576 4 
0 0.0170688 4 
0 0.0170811 4 
0 0.0170841 4 
0 0.0170954 4 
0 0.0170959 4 
0 0.0171 4 
0 0.0171148 4 
0 0.0171343 4 
0 0.0171567 4 
0 0.0171649 4 
0 0.0171831 4 
0 0.0171996 4 
0 0.0172287 4 
0 0.0172449 4 
0 0.0172774 4 
0 0.0172787 4 
0 0.0172967 4 
0 0.0172986 4 
0 0.017308 4 
0 0.0173234 4 
0 0.0173303 4 
0 0.0173574 4 
0 0.0173603 4 
0 0.0173817 4 
0 0.0173872 4 
0 0.0173946 4 
0 0.017402 4 
0 0.0174115 4 
0 0.017439 4 
0 0.0174541 4 
0 0.0174643 4 
0 0.0174726 4 
0 0.0174883 4 
0 0.017489 4 
0 0.0175005 4 
0 0.0175315 4 
0 0.0175399 4 
0 0.0175469 4 
0 0.0176092 4 
0 0.0176123 4 
0 0.0176266 4 
0 0.0176352 4 
0 0.0176354 4 
0 0.0176362 4 
0 0.017638 4 
0 0.0176593 4 
0 0.0176631 4 
0 0.0176634 4 
0 0.0176637 4 
0 0.0176645 4 
0 0.0176645 4 
0 0.0176672 4 
0 0.0176934 4 
0 0.0177087 4 
0 0.017709 4 
0 0.0177147 4 
0 0.0177216 4 
0 0.0177232 4 
0 0.0177339 4 
0 0.0177562 4 
0 0.0177838 4 
0 0.0177856 4 
0 0.0178692 4 
0 0.0179161 4 
0 0.0179365 4 
0 0.0179497 4 
0 0.0179765 4 
0 0.0179921 4 
0 0.018016 4 
0 0.0180424 4 
0 0.0181165 4 
0 0.0181433 4 
0 0.0181998 4 
0 0.0182096 4 
0 0.0183236 4 
0 0.0183864 4 
0 0.0183958 4 
0 0.0184007 4 
0 0.0184059 4 
0 0.0184286 4 
0 0.0184509 4 
0 0.0185085 4 
0 0.0185502 4 
0 0.0185587 4 
0 0.0185766 4 
0 0.0187494 4 
0 0.0187606 4 
0 0.018821 4 
0 0.0188356 4 
0 0.0189597 4 
0 0.0189922 4 
0 0.0189983 4 
0 0.0191264 4 
0 0.0191737 4 
0 0.0195828 4 
0 0.0195845 4 
0 0.0196383 4 
0 0.0200311 4 
0 0.0212971 4 
0 inf 4 
0 0.00700107 5 
0 0.00732542 5 
0 0.00732767 5 
0 0.00744428 5 
0 0.00753229 5 
0 0.007731 5 
0 0.00776065 5 
0 0.0077749 5 
0 0.00778339 5 
0 0.00784438 5 
0 0.00785971 5 
0 0.00787028 5 
0 0.00789741 5 
0 0.00789788 5 
0 0.00791871 5 
0 0.00793716 5 
0 0.00798287 5 
0 0.00799215 5 
0 0.00799993 5 
0 0.00800479 5 
0 0.00801143 5 
0 0.00803531 5 
0 0.00803832 5 
0 0.008054 5 
0 0.00805537 5 
0 0.0080817 5 
0 0.00808376 5 
0 0.00808845 5 
0 0.00809616 5 
0 0.00811031 5 
0 0.00811148 5 
0 0.00811255 5 
0 0.00811877 5 
0 0.00811878 5 
0 0.00812148 5 
0 0.0081292 5 
0 0.00815337 5 
0 0.00820166 5 
0 0.00821763 5 
0 0.0082199 5 
0 0.00822828 5 
0 0.00825222 5 
0 0.00826604 5 
0 0.00826633 5 
0 0.00827755 5 
0 0.00828315 5 
0 0.00828845 5 
0 0.00829534 5 
0 0.00830194 5 
0 0.00831329 5 
0 0.00831351 5 
0 0.00832786 5 
0 0.00833547 5 
0 0.00834035 5 
0 0.00834269 5 
0 0.00834446 5 
0 0.00835148 5 
0 0.00835258 5 
0 0.00836915 5 
0 0.00836976 5 
0 0.00837013 5 
0 0.00838398 5 
0 0.00838475 5 
0 0.00838785 5 
0 0.00838975 5 
0 0.00838982 5 
0 0.00839541 5 
0 0.00840878 5 
0 0.00841746 5 
0 0.00842199 5 
0 0.00842351 5 
0 0.00842451 5 
0 0.00844071 5 
0 0.00844172 5 
0 0.00844466 5 
0 0.00844578 5 
0 0.00845622 5 
0 0.00848528 5 
0 0.0084858 5 
0 0.00848929 5 
0 0.00851578 5 
0 0.00852845 5 
0 0.00854293 5 
0 0.00855404 5 
0 0.00855414 5 
0 0.0085583 5 
0 0.00856479 5 
0 0.0085712 5 
0 0.00858628 5 
0 0.00859616 5 
0 0.00860475 5 
0 0.00860835 5 
0 0.00861927 5 
0 0.00862976 5 
0 0.00864234 5 
0 0.00865955 5 
0 0.00866358 5 
0 0.00868742 5 
0 0.00875281 5 
0 0.00877628 5 
0 0.00877774 5 
0 0.00882386 5 
0 0.00883938 5 
0 0.00886285 5 
0 0.00886605 5 
0 0.00890434 5 
0 0.00894075 5 
0 0.00894138 5 
0 0.00894962 5 
0 0.00895024 5 
0 0.00900261 5 
0 0.00908245 5 
0 0.00910827 5 
0 0.00912477 5 
0 0.00914424 5 
0 0.00915545 5 
0 0.0092108 5 
0 0.00933654 5 
0 0.00935846 5 
0 0.00936864 5 
0 0.00939424 5 
0 0.00948748 5 
0 0.00958543 5 
0 0.00967907 5 
0 0.00980812 5 
0 0.0102365 5 
0 0.0107182 5 
0 inf 5 
0 0.00329726 6 
0 0.00346354 6 
0 0.00348103 6 
0 0.00357807 6 
0 0.00360824 6 
0 0.00370284 6 
0 0.00373594 6 
0 0.00374561 6 
0 0.00375412 6 
0 0.00375736 6 
0 0.00377504 6 
0 0.00378128 6 
0 0.00378379 6 
0 0.0038185 6 
0 0.00384442 6 
0 0.00384474 6 
0 0.00385619 6 
0 0.00386285 6 
0 0.00388047 6 
0 0.0038854 6 
0 0.0038898 6 
0 0.00391788 6 
0 0.00391959 6 
0 0.00392013 6 
0 0.00392018 6 
0 0.00392101 6 
0 0.00392606 6 
0 0.00392943 6 
0 0.00394286 6 
0 0.00395071 6 
0 0.00395397 6 
0 0.00395539 6 
0 0.00395839 6 
0 0.00396837 6 
0 0.00396899 6 
0 0.00397209 6 
0 0.00397762 6 
0 0.00398023 6 
0 0.00399623 6 
0 0.00399669 6 
0 0.00399757 6 
0 0.00400301 6 
0 0.0040087 6 
0 0.00401297 6 
0 0.00403613 6 
0 0.00404369 6 
0 0.00404961 6 
0 0.00405396 6 
0 0.00405477 6 
0 0.00405722 6 
0 0.00406149 6 
0 0.00406994 6 
0 0.0040727 6 
0 0.00407841 6 
0 0.00408309 6 
0 0.00408711 6 
0 0.00408843 6 
0 0.00409626 6 
0 0.00409897 6 
0 0.0041019 6 
0 0.0041125 6 
0 0.00411669 6 
0 0.0041201 6 
0 0.00412593 6 
0 0.00412682 6 
0 0.0041306 6 
0 0.0041307 6 
0 0.00413145 6 
0 0.00413409 6 
0 0.0041391 6 
0 0.00414451 6 
0 0.00415469 6 
0 0.00416063 6 
0 0.00416072 6 
0 0.00416169 6 
0 0.00416325 6 
0 0.00416664 6 
0 0.00416875 6 
0 0.00417267 6 
0 0.00418123 6 
0 0.00418975 6 
0 0.00419996 6 
0 0.00420111 6 
0 0.00420276 6 
0 0.00420679 6 
0 0.00421005 6 
0 0.00421812 6 
0 0.00422078 6 
0 0.00422826 6 
0 0.00423361 6 
0 0.00424273 6 
0 0.00424472 6 
0 0.00424768 6 
0 0.0042478 6 
0 0.0042545 6 
0 0.0042642 6 
0 0.00428603 6 
0 0.00430275 6 
0 0.00433763 6 
0 0.00433872 6 
0 0.00435484 6 
0 0.00436092 6 
0 0.00437451 6 
0 0.00438701 6 
0 0.00440157 6 
0 0.00440357 6 
0 0.00440557 6 
0 0.00442911 6 
0 0.00444152 6 
0 0.00446036 6 
0 0.00447507 6 
0 0.0044828 6 
0 0.00449073 6 
0 0.00454247 6 
0 0.00459361 6 
0 0.004618 6 
0 0.00463261 6 
0 0.0046628 6 
0 0.00466428 6 
0 0.00473092 6 
0 0.00474678 6 
0 0.00475282 6 
0 0.00482357 6 
0 0.00488474 6 
0 0.00504 6 
0 0.00533848 6 
0 0.00546014 6 
0 inf 6 
0 0.00159154 7 
0 0.00167173 7 
0 0.00169228 7 
0 0.00175861 7 
0 0.00176616 7 
0 0.00180857 7 
0 0.00181499 7 
0 0.00182827 7 
0 0.00182923 7 
0 0.00183373 7 
0 0.00183669 7 
0 0.00185565 7 
0 0.00186468 7 
0 0.00187686 7 
0 0.00187996 7 
0 0.00188023 7 
0 0.00188216 7 
0 0.00189256 7 
0 0.00190458 7 
0 0.00191524 7 
0 0.00192911 7 
0 0.00193423 7 
0 0.00193935 7 
0 0.00194341 7 
0 0.00194342 7 
0 0.00194479 7 
0 0.00194911 7 
0 0.00194948 7 
0 0.00195174 7 
0 0.00195499 7 
0 0.00195728 7 
0 0.00196271 7 
0 0.00196882 7 
0 0.00197343 7 
0 0.00197482 7 
0 0.00198129 7 
0 0.00198397 7 
0 0.0019846 7 
0 0.00198585 7 
0 0.00198594 7 
0 0.00199173 7 
0 0.00199402 7 
0 0.0019952 7 
0 0.0019958 7 
0 0.00199598 7 
0 0.00199811 7 
0 0.00200099 7 
0 0.00200849 7 
0 0.00201003 7 
0 0.00201297 7 
0 0.00201576 7 
0 0.00201849 7 
0 0.00201867 7 
0 0.0020206 7 
0 0.00202064 7 
0 0.00202128 7 
0 0.00202993 7 
0 0.00203233 7 
0 0.0020401 7 
0 0.0020434 7 
0 0.00204627 7 
0 0.0020506 7 
0 0.00205564 7 
0 0.00205565 7 
0 0.00205825 7 
0 0.00205861 7 
0 0.00207075 7 
0 0.00207419 7 
0 0.00207584 7 
0 0.00208009 7 
0 0.00208159 7 
0 0.00208282 7 
0 0.00208356 7 
0 0.00208423 7 
0 0.00208642 7 
0 0.00208725 7 
0 0.00208875 7 
0 0.0020908 7 
0 0.00209278 7 
0 0.00209477 7 
0 0.00209595 7 
0 0.00209612 7 
0 0.00209696 7 
0 0.00210413 7 
0 0.00210441 7 
0 0.00210952 7 
0 0.00211124 7 
0 0.00211446 7 
0 0.002116 7 
0 0.00212585 7 
0 0.00212692 7 
0 0.00212732 7 
0 0.00212948 7 
0 0.00214768 7 
0 0.00214966 7 
0 0.00215068 7 
0 0.00215314 7 
0 0.00215325 7 
0 0.00215757 7 
0 0.00216381 7 
0 0.00218084 7 
0 0.00219048 7 
0 0.00219428 7 
0 0.00220109 7 
0 0.00221196 7 
0 0.002215 7 
0 0.00223419 7 
0 0.00223433 7 
0 0.00223538 7 
0 0.00224467 7 
0 0.00224963 7 
0 0.0022618 7 
0 0.00226631 7 
0 0.00231778 7 
0 0.00232201 7 
0 0.00235452 7 
0 0.00235465 7 
0 0.00235613 7 
0 0.00237161 7 
0 0.00238407 7 
0 0.00242319 7 
0 0.00243544 7 
0 0.00247433 7 
0 0.00249583 7 
0 0.00254701 7 
0 0.00274473 7 
0 0.00280998 7 
0 inf 7 
0 0.000784735 8 
0 0.000821302 8 
0 0.000838984 8 
0 0.000880259 8 
0 0.000880336 8 
0 0.000891615 8 
0 0.00089848 8 
0 0.000904913 8 
0 0.000904932 8 
0 0.000905882 8 
0 0.000907176 8 
0 0.00091397 8 
0 0.000926269 8 
0 0.000932437 8 
0 0.000933282 8 
0 0.00093466 8 
0 0.000942439 8 
0 0.000952281 8 
0 0.000954602 8 
0 0.00095897 8 
0 0.000967168 8 
0 0.000967624 8 
0 0.000968396 8 
0 0.000969203 8 
0 0.000970471 8 
0 0.000973295 8 
0 0.00097487 8 
0 0.000974891 8 
0 0.000978944 8 
0 0.00097975 8 
0 0.000979827 8 
0 0.000980297 8 
0 0.000984944 8 
0 0.000986245 8 
0 0.000989114 8 
0 0.000990023 8 
0 0.000991956 8 
0 0.00099604 8 
0 0.000997677 8 
0 0.000999633 8 
0 0.00100298 8 
0 0.00100308 8 
0 0.00100378 8 
0 0.00100395 8 
0 0.00100437 8 
0 0.00100592 8 
0 0.00100723 8 
0 0.00100809 8 
0 0.00101113 8 
0 0.00101314 8 
0 0.00101334 8 
0 0.00101519 8 
0 0.00101873 8 
0 0.00102254 8 
0 0.00102442 8 
0 0.00102658 8 
0 0.00103006 8 
0 0.00103078 8 
0 0.00103277 8 
0 0.00103397 8 
0 0.001037 8 
0 0.00103891 8 
0 0.00103942 8 
0 0.00104075 8 
0 0.00104378 8 
0 0.00104665 8 
0 0.00104896 8 
0 0.00104897 8 
0 0.0010492 8 
0 0.00105006 8 
0 0.001052 8 
0 0.00105422 8 
0 0.00105492 8 
0 0.00105559 8 
0 0.00105588 8 
0 0.00105966 8 
0 0.00106007 8 
0 0.00106112 8 
0 0.00106172 8 
0 0.00106288 8 
0 0.00106351 8 
0 0.0010637 8 
0 0.00106391 8 
0 0.00106451 8 
0 0.00106541 8 
0 0.00106708 8 
0 0.00107148 8 
0 0.00107396 8 
0 0.0010784 8 
0 0.00108128 8 
0 0.00108231 8 
0 0.00108462 8 
0 0.00108464 8 
0 0.00108964 8 
0 0.00109105 8 
0 0.00109228 8 
0 0.00109962 8 
0 0.00109969 8 
0 0.00110124 8 
0 0.00110502 8 
0 0.00111147 8 
0 0.00111203 8 
0 0.00111882 8 
0 0.00112213 8 
0 0.00112592 8 
0 0.00112592 8 
0 0.00112638 8 
0 0.0011265 8 
0 0.00114561 8 
0 0.001154 8 
0 0.00116169 8 
0 0.00116762 8 
0 0.00117765 8 
0 0.00118115 8 
0 0.00120018 8 
0 0.00120139 8 
0 0.00120681 8 
0 0.00121696 8 
0 0.00122604 8 
0 0.00123097 8 
0 0.00125335 8 
0 0.00126388 8 
0 0.00126881 8 
0 0.00130174 8 
0 0.00130274 8 
0 0.00142761 8 
0 0.00145867 8 
0 inf 8 
0 0.000394063 9 
0 0.000409694 9 
0 0.000422835 9 
0 0.000443138 9 
0 0.000445543 9 
0 0.000447476 9 
0 0.000448518 9 
0 0.000453182 9 
0 0.000453401 9 
0 0.000453522 9 
0 0.00045495 9 
0 0.000461206 9 
0 0.000462695 9 
0 0.000464241 9 
0 0.000471287 9 
0 0.000472064 9 
0 0.000478173 9 
0 0.00048384 9 
0 0.000485103 9 
0 0.000485921 9 
0 0.000486072 9 
0 0.00048643 9 
0 0.000487377 9 
0 0.00048801 9 
0 0.00048867 9 
0 0.000489654 9 
0 0.000491681 9 
0 0.000492653 9 
0 0.000493308 9 
0 0.000494285 9 
0 0.000496275 9 
0 0.000497278 9 
0 0.000497444 9 
0 0.000497497 9 
0 0.000498812 9 
0 0.000499475 9 
0 0.000499682 9 
0 0.000500075 9 
0 0.000500615 9 
0 0.000502053 9 
0 0.000504628 9 
0 0.00050769 9 
0 0.000508208 9 
0 0.000508412 9 
0 0.000509807 9 
0 0.000512666 9 
0 0.000514839 9 
0 0.000516384 9 
0 0.000517356 9 
0 0.000517615 9 
0 0.000518358 9 
0 0.000519807 9 
0 0.000521159 9 
0 0.000522013 9 
0 0.000524289 9 
0 0.000526795 9 
0 0.000528579 9 
0 0.00052955 9 
0 0.000529845 9 
0 0.000530103 9 
0 0.00053024 9 
0 0.000530408 9 
0 0.000530721 9 
0 0.000531109 9 
0 0.00053204 9 
0 0.000532585 9 
0 0.000532966 9 
0 0.000534345 9 
0 0.000534423 9 
0 0.000535859 9 
0 0.000536416 9 
0 0.000537034 9 
0 0.000539199 9 
0 0.000540852 9 
0 0.000542375 9 
0 0.000542787 9 
0 0.000543158 9 
0 0.000543453 9 
0 0.000543542 9 
0 0.000544681 9 
0 0.000545499 9 
0 0.000546886 9 
0 0.000547452 9 
0 0.000548414 9 
0 0.000549146 9 
0 0.000550027 9 
0 0.00055056 9 
0 0.000553027 9 
0 0.000553733 9 
0 0.000554592 9 
0 0.000558099 9 
0 0.000558626 9 
0 0.000558836 9 
0 0.000559237 9 
0 0.000560292 9 
0 0.000561029 9 
0 0.000561472 9 
0 0.000561556 9 
0 0.000563641 9 
0 0.000566583 9 
0 0.000567878 9 
0 0.000568664 9 
0 0.000568886 9 
0 0.000572431 9 
0 0.000575699 9 
0 0.000580115 9 
0 0.000582673 9 
0 0.000587547 9 
0 0.000589697 9 
0 0.000596177 9 
0 0.000602917 9 
0 0.00060647 9 
0 0.000613536 9 
0 0.00061529 9 
0 0.000615524 9 
0 0.000616382 9 
0 0.000618389 9 
0 0.000645202 9 
0 0.000646043 9 
0 0.000646923 9 
0 0.000654237 9 
0 0.000657576 9 
0 0.000661665 9 
0 0.000672652 9 
0 0.000687041 9 
0 0.000749994 9 
0 0.000762874 9 
0 inf 9 
