0 0.490848 0 
0 0.502467 0 
0 0.502587 0 
0 0.502733 0 
0 0.503631 0 
0 0.503672 0 
0 0.503973 0 
0 0.504039 0 
0 0.504058 0 
0 0.50477 0 
0 0.505157 0 
0 0.50542 0 
0 0.505562 0 
0 0.505582 0 
0 0.505701 0 
0 0.505712 0 
0 0.505915 0 
0 0.506007 0 
0 0.506014 0 
0 0.506132 0 
0 0.50624 0 
0 0.506242 0 
0 0.506531 0 
0 0.506558 0 
0 0.50665 0 
0 0.5068 0 
0 0.506851 0 
0 0.506857 0 
0 0.506961 0 
0 0.507125 0 
0 0.507393 0 
0 0.507408 0 
0 0.507535 0 
0 0.507669 0 
0 0.507726 0 
0 0.507817 0 
0 0.507844 0 
0 0.508019 0 
0 0.508057 0 
0 0.508122 0 
0 0.508135 0 
0 0.508173 0 
0 0.508245 0 
0 0.508282 0 
0 0.508297 0 
0 0.508297 0 
0 0.508325 0 
0 0.508466 0 
0 0.508584 0 
0 0.508598 0 
0 0.508695 0 
0 0.508753 0 
0 0.508796 0 
0 0.508816 0 
0 0.508872 0 
0 0.508885 0 
0 0.508897 0 
0 0.508927 0 
0 0.508956 0 
0 0.509069 0 
0 0.509173 0 
0 0.509384 0 
0 0.509581 0 
0 0.509612 0 
0 0.509626 0 
0 0.509646 0 
0 0.50966 0 
0 0.509684 0 
0 0.509719 0 
0 0.509735 0 
0 0.509848 0 
0 0.509897 0 
0 0.509909 0 
0 0.509935 0 
0 0.510082 0 
0 0.510088 0 
0 0.510105 0 
0 0.510139 0 
0 0.51014 0 
0 0.5102 0 
0 0.510208 0 
0 0.510229 0 
0 0.510261 0 
0 0.510347 0 
0 0.510405 0 
0 0.510425 0 
0 0.510437 0 
0 0.510511 0 
0 0.510514 0 
0 0.510544 0 
0 0.510549 0 
0 0.510554 0 
0 0.51056 0 
0 0.510647 0 
0 0.51076 0 
0 0.510863 0 
0 0.511014 0 
0 0.511016 0 
0 0.511076 0 
0 0.511146 0 
0 0.511195 0 
0 0.5112 0 
0 0.511231 0 
0 0.511287 0 
0 0.511388 0 
0 0.511438 0 
0 0.5115 0 
0 0.511698 0 
0 0.511783 0 
0 0.511822 0 
0 0.512044 0 
0 0.512051 0 
0 0.512063 0 
0 0.512075 0 
0 0.512097 0 
0 0.512114 0 
0 0.51212 0 
0 0.512173 0 
0 0.512285 0 
0 0.512345 0 
0 0.513013 0 
0 0.513069 0 
0 0.513072 0 
0 0.513139 0 
0 0.513572 0 
0 0.513706 0 
0 0.514608 0 
0 inf 0 
0 0.188824 1 
0 0.194594 1 
0 0.196078 1 
0 0.196709 1 
0 0.197572 1 
0 0.197884 1 
0 0.198045 1 
0 0.198315 1 
0 0.198326 1 
0 0.198688 1 
0 0.198782 1 
0 0.198933 1 
0 0.199139 1 
0 0.199217 1 
0 0.199448 1 
0 0.19955 1 
0 0.199679 1 
0 0.19968 1 
0 0.199814 1 
0 0.199822 1 
0 0.199898 1 
0 0.200107 1 
0 0.200298 1 
0 0.200325 1 
0 0.200345 1 
0 0.200363 1 
0 0.200364 1 
0 0.200386 1 
0 0.200388 1 
0 0.200419 1 
0 0.200522 1 
0 0.200766 1 
0 0.200832 1 
0 0.200942 1 
0 0.20097 1 
0 0.201161 1 
0 0.201166 1 
0 0.201364 1 
0 0.201371 1 
0 0.201394 1 
0 0.201614 1 
0 0.201631 1 
0 0.20165 1 
0 0.201654 1 
0 0.201663 1 
0 0.201684 1 
0 0.201767 1 
0 0.201853 1 
0 0.201972 1 
0 0.20201 1 
0 0.202028 1 
0 0.202063 1 
0 0.202082 1 
0 0.202083 1 
0 0.202087 1 
0 0.202087 1 
0 0.20214 1 
0 0.202173 1 
0 0.202194 1 
0 0.202206 1 
0 0.202303 1 
0 0.202326 1 
0 0.202411 1 
0 0.202424 1 
0 0.202438 1 
0 0.202464 1 
0 0.202483 1 
0 0.202517 1 
0 0.202528 1 
0 0.202529 1 
0 0.202622 1 
0 0.202624 1 
0 0.202632 1 
0 0.202638 1 
0 0.202644 1 
0 0.202718 1 
0 0.202753 1 
0 0.202781 1 
0 0.202884 1 
0 0.202905 1 
0 0.203014 1 
0 0.203019 1 
0 0.20303 1 
0 0.203046 1 
0 0.203082 1 
0 0.203083 1 
0 0.203109 1 
0 0.203131 1 
0 0.203149 1 
0 0.203172 1 
0 0.20319 1 
0 0.203263 1 
0 0.20327 1 
0 0.203278 1 
0 0.203306 1 
0 0.203315 1 
0 0.203316 1 
0 0.203322 1 
0 0.203334 1 
0 0.20335 1 
0 0.203476 1 
0 0.203571 1 
0 0.203606 1 
0 0.20368 1 
0 0.203739 1 
0 0.203768 1 
0 0.203914 1 
0 0.203921 1 
0 0.203998 1 
0 0.204056 1 
0 0.204122 1 
0 0.204211 1 
0 0.204227 1 
0 0.204241 1 
0 0.204406 1 
0 0.204427 1 
0 0.204622 1 
0 0.204754 1 
0 0.204765 1 
0 0.204814 1 
0 0.204941 1 
0 0.204945 1 
0 0.205279 1 
0 0.205295 1 
0 0.205473 1 
0 0.2061 1 
0 0.206518 1 
0 inf 1 
0 0.0795643 2 
0 0.0811096 2 
0 0.0819944 2 
0 0.0823209 2 
0 0.082884 2 
0 0.0830963 2 
0 0.0831177 2 
0 0.0833425 2 
0 0.0834445 2 
0 0.0835536 2 
0 0.0836396 2 
0 0.0836506 2 
0 0.0836652 2 
0 0.0836982 2 
0 0.0837414 2 
0 0.0838456 2 
0 0.0840244 2 
0 0.0840313 2 
0 0.084044 2 
0 0.084145 2 
0 0.0841503 2 
0 0.0843457 2 
0 0.0843858 2 
0 0.0844549 2 
0 0.084497 2 
0 0.0847198 2 
0 0.0848264 2 
0 0.0849003 2 
0 0.0849131 2 
0 0.0849736 2 
0 0.0850991 2 
0 0.0851595 2 
0 0.0852775 2 
0 0.0853265 2 
0 0.0853943 2 
0 0.0854769 2 
0 0.0854922 2 
0 0.0855673 2 
0 0.0856407 2 
0 0.0856785 2 
0 0.0856835 2 
0 0.08569 2 
0 0.0857224 2 
0 0.0857397 2 
0 0.0857804 2 
0 0.0858336 2 
0 0.0858361 2 
0 0.0858555 2 
0 0.0858949 2 
0 0.0858994 2 
0 0.0859257 2 
0 0.0859333 2 
0 0.0859345 2 
0 0.0859414 2 
0 0.0859473 2 
0 0.0859783 2 
0 0.0860042 2 
0 0.0860812 2 
0 0.0861374 2 
0 0.0861786 2 
0 0.0862255 2 
0 0.086242 2 
0 0.0862476 2 
0 0.0863694 2 
0 0.0863765 2 
0 0.0864206 2 
0 0.0864519 2 
0 0.0865155 2 
0 0.0866144 2 
0 0.0866404 2 
0 0.0866554 2 
0 0.0867348 2 
0 0.086755 2 
0 0.0867572 2 
0 0.0867822 2 
0 0.0867993 2 
0 0.0868184 2 
0 0.0868305 2 
0 0.086834 2 
0 0.0868344 2 
0 0.086984 2 
0 0.0870685 2 
0 0.0870756 2 
0 0.0870879 2 
0 0.0870947 2 
0 0.0871175 2 
0 0.0872122 2 
0 0.0872567 2 
0 0.0872974 2 
0 0.0873129 2 
0 0.0873216 2 
0 0.0873326 2 
0 0.0873539 2 
0 0.0873595 2 
0 0.0873745 2 
0 0.0874036 2 
0 0.087415 2 
0 0.0874629 2 
0 0.087531 2 
0 0.0875783 2 
0 0.0875981 2 
0 0.0876262 2 
0 0.0877576 2 
0 0.0877628 2 
0 0.0877961 2 
0 0.0878235 2 
0 0.0878364 2 
0 0.0879562 2 
0 0.0880498 2 
0 0.0881255 2 
0 0.0881324 2 
0 0.0883404 2 
0 0.0883436 2 
0 0.0883975 2 
0 0.0884152 2 
0 0.0885269 2 
0 0.0885441 2 
0 0.0885544 2 
0 0.0887309 2 
0 0.0889825 2 
0 0.089032 2 
0 0.089419 2 
0 0.0895892 2 
0 0.0898364 2 
0 0.0899151 2 
0 0.0905248 2 
0 0.0913395 2 
0 inf 2 
0 0.0358461 3 
0 0.0359324 3 
0 0.036094 3 
0 0.036432 3 
0 0.036571 3 
0 0.0367542 3 
0 0.0368284 3 
0 0.0368645 3 
0 0.0369323 3 
0 0.0369769 3 
0 0.0369925 3 
0 0.0370155 3 
0 0.0372169 3 
0 0.0372329 3 
0 0.0372687 3 
0 0.037285 3 
0 0.0373126 3 
0 0.0373416 3 
0 0.0373523 3 
0 0.0376049 3 
0 0.0376068 3 
0 0.037643 3 
0 0.0377248 3 
0 0.0378156 3 
0 0.0378933 3 
0 0.0380708 3 
0 0.0380995 3 
0 0.0381467 3 
0 0.0381984 3 
0 0.038228 3 
0 0.0383163 3 
0 0.0383259 3 
0 0.0383483 3 
0 0.0383655 3 
0 0.0384035 3 
0 0.0384295 3 
0 0.0384308 3 
0 0.0384323 3 
0 0.0384559 3 
0 0.038465 3 
0 0.0384684 3 
0 0.0384799 3 
0 0.0385093 3 
0 0.0385349 3 
0 0.0385352 3 
0 0.0385828 3 
0 0.038631 3 
0 0.0386404 3 
0 0.0386466 3 
0 0.0386574 3 
0 0.0387101 3 
0 0.0387614 3 
0 0.0388035 3 
0 0.0388281 3 
0 0.0388282 3 
0 0.0388899 3 
0 0.0389005 3 
0 0.038915 3 
0 0.0389296 3 
0 0.0389376 3 
0 0.0389417 3 
0 0.0389727 3 
0 0.0389885 3 
0 0.0389974 3 
0 0.0390292 3 
0 0.0390307 3 
0 0.0390331 3 
0 0.0390449 3 
0 0.0390621 3 
0 0.0390953 3 
0 0.0391084 3 
0 0.0391338 3 
0 0.0391397 3 
0 0.0391621 3 
0 0.0391934 3 
0 0.0392043 3 
0 0.0392176 3 
0 0.0392489 3 
0 0.03925 3 
0 0.0393366 3 
0 0.0393914 3 
0 0.0394206 3 
0 0.0394316 3 
0 0.0394474 3 
0 0.0394867 3 
0 0.0395089 3 
0 0.0395172 3 
0 0.0395828 3 
0 0.0395985 3 
0 0.0395994 3 
0 0.0397728 3 
0 0.0398132 3 
0 0.0398203 3 
0 0.039861 3 
0 0.0398847 3 
0 0.0399397 3 
0 0.0399604 3 
0 0.0399644 3 
0 0.0399863 3 
0 0.0400437 3 
0 0.0400563 3 
0 0.040065 3 
0 0.0401059 3 
0 0.0401622 3 
0 0.0402287 3 
0 0.0402364 3 
0 0.0402507 3 
0 0.040288 3 
0 0.0402956 3 
0 0.0403196 3 
0 0.0403632 3 
0 0.0403849 3 
0 0.0405217 3 
0 0.0405377 3 
0 0.0406029 3 
0 0.0408243 3 
0 0.040845 3 
0 0.0408528 3 
0 0.0409026 3 
0 0.041068 3 
0 0.041122 3 
0 0.0412253 3 
0 0.0414149 3 
0 0.0416199 3 
0 0.0418818 3 
0 0.0420831 3 
0 0.0426528 3 
0 inf 3 
0 0.0163674 4 
0 0.0164379 4 
0 0.0168835 4 
0 0.016897 4 
0 0.0169309 4 
0 0.0169452 4 
0 0.0169639 4 
0 0.0169901 4 
0 0.0171093 4 
0 0.0171334 4 
0 0.0171672 4 
0 0.0171836 4 
0 0.0172457 4 
0 0.0173204 4 
0 0.0173316 4 
0 0.0173744 4 
0 0.0173977 4 
0 0.0174367 4 
0 0.0174399 4 
0 0.017537 4 
0 0.0175466 4 
0 0.0175831 4 
0 0.0176133 4 
0 0.0176191 4 
0 0.0176277 4 
0 0.0177129 4 
0 0.0177203 4 
0 0.0178301 4 
0 0.0178361 4 
0 0.0178387 4 
0 0.0178737 4 
0 0.0179078 4 
0 0.0179343 4 
0 0.0179355 4 
0 0.0179566 4 
0 0.017976 4 
0 0.0179936 4 
0 0.0179947 4 
0 0.0179952 4 
0 0.0180419 4 
0 0.0181164 4 
0 0.0181167 4 
0 0.0181211 4 
0 0.0181358 4 
0 0.0181708 4 
0 0.018188 4 
0 0.0181994 4 
0 0.0182038 4 
0 0.0182053 4 
0 0.0182115 4 
0 0.0182125 4 
0 0.0182147 4 
0 0.0182185 4 
0 0.0182219 4 
0 0.0182408 4 
0 0.0182768 4 
0 0.0182803 4 
0 0.0182964 4 
0 0.0183275 4 
0 0.0183371 4 
0 0.0183452 4 
0 0.0183613 4 
0 0.0183673 4 
0 0.0183677 4 
0 0.0183761 4 
0 0.0183817 4 
0 0.0183834 4 
0 0.0183945 4 
0 0.0184014 4 
0 0.0184107 4 
0 0.0184126 4 
0 0.018427 4 
0 0.0184375 4 
0 0.0184382 4 
0 0.0184648 4 
0 0.0184985 4 
0 0.0185039 4 
0 0.0185112 4 
0 0.0185576 4 
0 0.0185599 4 
0 0.0185725 4 
0 0.0185908 4 
0 0.0186147 4 
0 0.0186353 4 
0 0.0186457 4 
0 0.0186524 4 
0 0.0186648 4 
0 0.0186886 4 
0 0.0187078 4 
0 0.0187197 4 
0 0.0188249 4 
0 0.018856 4 
0 0.0188792 4 
0 0.018881 4 
0 0.0188813 4 
0 0.0188991 4 
0 0.0189147 4 
0 0.0189171 4 
0 0.0189608 4 
0 0.0189672 4 
0 0.0189928 4 
0 0.0189942 4 
0 0.0190225 4 
0 0.0190956 4 
0 0.0191492 4 
0 0.0191794 4 
0 0.019245 4 
0 0.0192993 4 
0 0.0192997 4 
0 0.0193038 4 
0 0.019354 4 
0 0.0194024 4 
0 0.019404 4 
0 0.0194137 4 
0 0.0194729 4 
0 0.019502 4 
0 0.0195927 4 
0 0.0195995 4 
0 0.019616 4 
0 0.019658 4 
0 0.0197134 4 
0 0.0198804 4 
0 0.0199894 4 
0 0.0200126 4 
0 0.0201906 4 
0 0.02039 4 
0 0.0205937 4 
0 inf 4 
0 0.00764992 5 
0 0.00771984 5 
0 0.00799765 5 
0 0.00806628 5 
0 0.00809128 5 
0 0.00813465 5 
0 0.00815247 5 
0 0.00818565 5 
0 0.00819976 5 
0 0.00820934 5 
0 0.00823225 5 
0 0.00829942 5 
0 0.00830156 5 
0 0.00830932 5 
0 0.00831958 5 
0 0.00833117 5 
0 0.00838247 5 
0 0.00838262 5 
0 0.00840567 5 
0 0.00843625 5 
0 0.0084582 5 
0 0.00849608 5 
0 0.0085181 5 
0 0.00852352 5 
0 0.00853275 5 
0 0.00855063 5 
0 0.00856205 5 
0 0.00857356 5 
0 0.00857694 5 
0 0.00857867 5 
0 0.00857949 5 
0 0.0085982 5 
0 0.00860692 5 
0 0.00861245 5 
0 0.00864452 5 
0 0.00864588 5 
0 0.00864828 5 
0 0.00868197 5 
0 0.00868214 5 
0 0.00868446 5 
0 0.00871174 5 
0 0.00871599 5 
0 0.00872261 5 
0 0.00874262 5 
0 0.0087666 5 
0 0.00876697 5 
0 0.00879215 5 
0 0.00879753 5 
0 0.00880081 5 
0 0.00880203 5 
0 0.00884271 5 
0 0.00886126 5 
0 0.00886228 5 
0 0.0088713 5 
0 0.00887907 5 
0 0.00888201 5 
0 0.00888283 5 
0 0.00888293 5 
0 0.00888698 5 
0 0.00889019 5 
0 0.00890447 5 
0 0.0089058 5 
0 0.0089071 5 
0 0.00890906 5 
0 0.00891503 5 
0 0.00891509 5 
0 0.00891534 5 
0 0.00893389 5 
0 0.00893521 5 
0 0.00894433 5 
0 0.00894475 5 
0 0.00894556 5 
0 0.00894682 5 
0 0.00894683 5 
0 0.00895366 5 
0 0.00895666 5 
0 0.00895883 5 
0 0.00896102 5 
0 0.00897316 5 
0 0.00898137 5 
0 0.00898577 5 
0 0.00898915 5 
0 0.0089935 5 
0 0.00902873 5 
0 0.00909448 5 
0 0.00910075 5 
0 0.00912484 5 
0 0.00912571 5 
0 0.00913287 5 
0 0.0091594 5 
0 0.00916044 5 
0 0.00918071 5 
0 0.00918543 5 
0 0.00918652 5 
0 0.00919862 5 
0 0.00923439 5 
0 0.00927631 5 
0 0.00928836 5 
0 0.00928912 5 
0 0.00929272 5 
0 0.00930563 5 
0 0.00931903 5 
0 0.00932607 5 
0 0.0093297 5 
0 0.00933099 5 
0 0.00935688 5 
0 0.0093959 5 
0 0.00941623 5 
0 0.00945095 5 
0 0.00945392 5 
0 0.00949238 5 
0 0.00951054 5 
0 0.00957679 5 
0 0.00958057 5 
0 0.00959744 5 
0 0.00960516 5 
0 0.0096098 5 
0 0.00962203 5 
0 0.00964307 5 
0 0.00973764 5 
0 0.00980854 5 
0 0.00984466 5 
0 0.00989022 5 
0 0.00989187 5 
0 0.0100177 5 
0 0.0101756 5 
0 0.0102599 5 
0 inf 5 
0 0.0036583 6 
0 0.00374592 6 
0 0.00386161 6 
0 0.00395067 6 
0 0.00395594 6 
0 0.00396875 6 
0 0.00402219 6 
0 0.00403112 6 
0 0.00404667 6 
0 0.00405765 6 
0 0.00407828 6 
0 0.00407886 6 
0 0.00408232 6 
0 0.00408591 6 
0 0.00408883 6 
0 0.00409714 6 
0 0.00412025 6 
0 0.0041469 6 
0 0.00415047 6 
0 0.00415114 6 
0 0.00415152 6 
0 0.00417802 6 
0 0.00418281 6 
0 0.00419116 6 
0 0.00419557 6 
0 0.0041965 6 
0 0.00421006 6 
0 0.00421852 6 
0 0.00422041 6 
0 0.00423149 6 
0 0.00424017 6 
0 0.00424467 6 
0 0.00424674 6 
0 0.00424704 6 
0 0.00426541 6 
0 0.00426814 6 
0 0.00428206 6 
0 0.00428388 6 
0 0.00428687 6 
0 0.00429877 6 
0 0.00430564 6 
0 0.0043154 6 
0 0.00431562 6 
0 0.00432117 6 
0 0.00432868 6 
0 0.00433537 6 
0 0.00433633 6 
0 0.00433738 6 
0 0.00434206 6 
0 0.00434948 6 
0 0.00435083 6 
0 0.00435298 6 
0 0.00435693 6 
0 0.00436267 6 
0 0.00436441 6 
0 0.00436513 6 
0 0.00436937 6 
0 0.004374 6 
0 0.00437537 6 
0 0.00438129 6 
0 0.00438233 6 
0 0.00439166 6 
0 0.00439204 6 
0 0.00439213 6 
0 0.00439494 6 
0 0.00439719 6 
0 0.0043986 6 
0 0.00440917 6 
0 0.00441273 6 
0 0.00441401 6 
0 0.00441401 6 
0 0.00441605 6 
0 0.00441682 6 
0 0.00442182 6 
0 0.004428 6 
0 0.00442995 6 
0 0.00443947 6 
0 0.00445492 6 
0 0.0044564 6 
0 0.00446237 6 
0 0.00446334 6 
0 0.00447946 6 
0 0.00448287 6 
0 0.00449835 6 
0 0.00450528 6 
0 0.00450616 6 
0 0.0045145 6 
0 0.00453048 6 
0 0.00453441 6 
0 0.00454134 6 
0 0.00454286 6 
0 0.00455213 6 
0 0.00455813 6 
0 0.00456357 6 
0 0.00457916 6 
0 0.0045941 6 
0 0.00462598 6 
0 0.00462714 6 
0 0.00464269 6 
0 0.00464474 6 
0 0.00465731 6 
0 0.00468022 6 
0 0.0046839 6 
0 0.00468545 6 
0 0.00468964 6 
0 0.00470454 6 
0 0.0047049 6 
0 0.00470865 6 
0 0.00473562 6 
0 0.00474897 6 
0 0.00476354 6 
0 0.00476785 6 
0 0.00477659 6 
0 0.00478302 6 
0 0.00480014 6 
0 0.00482585 6 
0 0.00483135 6 
0 0.00483201 6 
0 0.0048677 6 
0 0.00491561 6 
0 0.00492404 6 
0 0.00496347 6 
0 0.00497989 6 
0 0.00498328 6 
0 0.00510349 6 
0 0.00513443 6 
0 0.00526016 6 
0 inf 6 
0 0.0017922 7 
0 0.00185989 7 
0 0.00189794 7 
0 0.00195348 7 
0 0.0019854 7 
0 0.00199376 7 
0 0.00202001 7 
0 0.00202592 7 
0 0.00202719 7 
0 0.00202838 7 
0 0.00202909 7 
0 0.00203079 7 
0 0.00203725 7 
0 0.00203747 7 
0 0.00205518 7 
0 0.00206332 7 
0 0.00207014 7 
0 0.00208227 7 
0 0.00208331 7 
0 0.0020835 7 
0 0.00208386 7 
0 0.0020858 7 
0 0.00208655 7 
0 0.00208981 7 
0 0.00209523 7 
0 0.00209559 7 
0 0.00209796 7 
0 0.00209946 7 
0 0.00210829 7 
0 0.00210914 7 
0 0.00211386 7 
0 0.0021284 7 
0 0.00213038 7 
0 0.00213231 7 
0 0.00213474 7 
0 0.00213892 7 
0 0.00214277 7 
0 0.00214385 7 
0 0.00214855 7 
0 0.00215001 7 
0 0.0021509 7 
0 0.0021531 7 
0 0.00215365 7 
0 0.00216084 7 
0 0.00216173 7 
0 0.00216179 7 
0 0.00216433 7 
0 0.00216783 7 
0 0.00217149 7 
0 0.00217331 7 
0 0.00217541 7 
0 0.00217671 7 
0 0.00217969 7 
0 0.00218091 7 
0 0.00218423 7 
0 0.00218545 7 
0 0.00219327 7 
0 0.0021936 7 
0 0.00220065 7 
0 0.00220082 7 
0 0.0022023 7 
0 0.00220484 7 
0 0.00220493 7 
0 0.00220574 7 
0 0.00220791 7 
0 0.00221354 7 
0 0.002215 7 
0 0.00221538 7 
0 0.00221766 7 
0 0.00221862 7 
0 0.00221965 7 
0 0.00222006 7 
0 0.00222118 7 
0 0.00222176 7 
0 0.00222261 7 
0 0.00222314 7 
0 0.00222745 7 
0 0.00223859 7 
0 0.00224288 7 
0 0.00224629 7 
0 0.00224835 7 
0 0.0022518 7 
0 0.00225198 7 
0 0.002254 7 
0 0.00225914 7 
0 0.00226159 7 
0 0.00226499 7 
0 0.00226535 7 
0 0.00226681 7 
0 0.002271 7 
0 0.00228825 7 
0 0.00228885 7 
0 0.0023081 7 
0 0.00231721 7 
0 0.00232526 7 
0 0.00232758 7 
0 0.00232906 7 
0 0.00234028 7 
0 0.00235498 7 
0 0.00235641 7 
0 0.00235972 7 
0 0.00238361 7 
0 0.00238669 7 
0 0.00238841 7 
0 0.00239039 7 
0 0.00239109 7 
0 0.00239975 7 
0 0.00240462 7 
0 0.00240834 7 
0 0.00241386 7 
0 0.00242797 7 
0 0.00242881 7 
0 0.00243236 7 
0 0.0024344 7 
0 0.00245008 7 
0 0.00246838 7 
0 0.00246949 7 
0 0.00246964 7 
0 0.00248414 7 
0 0.00250935 7 
0 0.00252105 7 
0 0.00253148 7 
0 0.00253523 7 
0 0.00254639 7 
0 0.00263204 7 
0 0.00263528 7 
0 0.00269132 7 
0 inf 7 
0 0.000896884 8 
0 0.000940758 8 
0 0.000946156 8 
0 0.000981728 8 
0 0.00100018 8 
0 0.00101458 8 
0 0.00102077 8 
0 0.00102099 8 
0 0.00102497 8 
0 0.00102643 8 
0 0.00102736 8 
0 0.00103056 8 
0 0.00103151 8 
0 0.00104115 8 
0 0.0010425 8 
0 0.00104895 8 
0 0.00104905 8 
0 0.00104906 8 
0 0.00104935 8 
0 0.00104971 8 
0 0.00105177 8 
0 0.0010524 8 
0 0.00105952 8 
0 0.00106025 8 
0 0.00106432 8 
0 0.00106844 8 
0 0.00106866 8 
0 0.00107156 8 
0 0.00107192 8 
0 0.00107199 8 
0 0.00107199 8 
0 0.0010733 8 
0 0.00107379 8 
0 0.00107386 8 
0 0.00107503 8 
0 0.00107704 8 
0 0.00107809 8 
0 0.00108136 8 
0 0.00108185 8 
0 0.00108432 8 
0 0.00108685 8 
0 0.00108792 8 
0 0.00108841 8 
0 0.00108865 8 
0 0.00109395 8 
0 0.00109482 8 
0 0.00109572 8 
0 0.0010971 8 
0 0.00109723 8 
0 0.00110107 8 
0 0.00110227 8 
0 0.00110266 8 
0 0.00110369 8 
0 0.00110743 8 
0 0.00110789 8 
0 0.00110828 8 
0 0.00110992 8 
0 0.00111006 8 
0 0.00111311 8 
0 0.00111598 8 
0 0.00111712 8 
0 0.00112216 8 
0 0.00112271 8 
0 0.00112339 8 
0 0.00112494 8 
0 0.00112755 8 
0 0.00112824 8 
0 0.00112899 8 
0 0.00113025 8 
0 0.00113141 8 
0 0.00113338 8 
0 0.00113397 8 
0 0.00113541 8 
0 0.001136 8 
0 0.00113633 8 
0 0.00113846 8 
0 0.00113957 8 
0 0.00114008 8 
0 0.00114178 8 
0 0.00114478 8 
0 0.00114628 8 
0 0.00114843 8 
0 0.00115056 8 
0 0.00115498 8 
0 0.00115551 8 
0 0.0011563 8 
0 0.00115678 8 
0 0.00115832 8 
0 0.00115921 8 
0 0.00115954 8 
0 0.00116604 8 
0 0.00118429 8 
0 0.00118539 8 
0 0.00118744 8 
0 0.00118831 8 
0 0.0011949 8 
0 0.00119709 8 
0 0.0012039 8 
0 0.00120696 8 
0 0.00120836 8 
0 0.00121249 8 
0 0.00121279 8 
0 0.00122021 8 
0 0.00122159 8 
0 0.0012227 8 
0 0.00122447 8 
0 0.00122716 8 
0 0.00122867 8 
0 0.00123285 8 
0 0.00124232 8 
0 0.00125298 8 
0 0.00125765 8 
0 0.00126008 8 
0 0.00126136 8 
0 0.00126486 8 
0 0.00126645 8 
0 0.00126811 8 
0 0.00127845 8 
0 0.00128196 8 
0 0.00129939 8 
0 0.0013016 8 
0 0.00130802 8 
0 0.00130863 8 
0 0.00131575 8 
0 0.00135708 8 
0 0.00136841 8 
0 0.00138932 8 
0 inf 8 
0 0.000457206 9 
0 0.000477203 9 
0 0.000483074 9 
0 0.000497742 9 
0 0.000499788 9 
0 0.000519641 9 
0 0.000521122 9 
0 0.000522262 9 
0 0.000524668 9 
0 0.000525755 9 
0 0.000526421 9 
0 0.000527736 9 
0 0.000527799 9 
0 0.000528704 9 
0 0.000528774 9 
0 0.000530021 9 
0 0.000530388 9 
0 0.000534235 9 
0 0.000534516 9 
0 0.000542092 9 
0 0.000542555 9 
0 0.000542764 9 
0 0.000542934 9 
0 0.000543285 9 
0 0.000543532 9 
0 0.000544076 9 
0 0.000546346 9 
0 0.000546912 9 
0 0.000547013 9 
0 0.000547076 9 
0 0.000547877 9 
0 0.000548211 9 
0 0.000548833 9 
0 0.000549529 9 
0 0.000550085 9 
0 0.000550979 9 
0 0.000552167 9 
0 0.000553948 9 
0 0.000554455 9 
0 0.000555195 9 
0 0.000555705 9 
0 0.000555713 9 
0 0.000556548 9 
0 0.00055663 9 
0 0.000558976 9 
0 0.000559658 9 
0 0.00056034 9 
0 0.000560637 9 
0 0.000563604 9 
0 0.000563853 9 
0 0.000563978 9 
0 0.000564846 9 
0 0.000567128 9 
0 0.000568107 9 
0 0.000568401 9 
0 0.000568633 9 
0 0.000569278 9 
0 0.000569496 9 
0 0.000569576 9 
0 0.00057013 9 
0 0.000570145 9 
0 0.00057105 9 
0 0.000572464 9 
0 0.000572901 9 
0 0.000574525 9 
0 0.000576534 9 
0 0.000576839 9 
0 0.000577678 9 
0 0.00057906 9 
0 0.000580592 9 
0 0.000580731 9 
0 0.000582764 9 
0 0.000582857 9 
0 0.000583921 9 
0 0.000584223 9 
0 0.000584504 9 
0 0.000585119 9 
0 0.000585639 9 
0 0.000588933 9 
0 0.000589838 9 
0 0.000589912 9 
0 0.000589989 9 
0 0.000594936 9 
0 0.000595065 9 
0 0.000596029 9 
0 0.000596318 9 
0 0.000599718 9 
0 0.000600424 9 
0 0.000602153 9 
0 0.000605179 9 
0 0.000606893 9 
0 0.000607353 9 
0 0.000608809 9 
0 0.00061007 9 
0 0.000613029 9 
0 0.000615238 9 
0 0.000616948 9 
0 0.00061832 9 
0 0.000622105 9 
0 0.000624761 9 
0 0.000624774 9 
0 0.000625648 9 
0 0.000627295 9 
0 0.00062977 9 
0 0.000630885 9 
0 0.000633347 9 
0 0.000634725 9 
0 0.000635234 9 
0 0.000638433 9 
0 0.000640513 9 
0 0.000640856 9 
0 0.000651118 9 
0 0.000653228 9 
0 0.000654242 9 
0 0.000657788 9 
0 0.000659716 9 
0 0.000666772 9 
0 0.000668805 9 
0 0.000672167 9 
0 0.000675074 9 
0 0.000675093 9 
0 0.000680435 9 
0 0.000680812 9 
0 0.000685992 9 
0 0.000702236 9 
0 0.000705415 9 
0 0.000722284 9 
0 inf 9 
