0.523551 0.539403 0 
0.522541 0.541047 0 
0.522091 0.539342 0 
0.521898 0.541828 0 
0.521779 0.541978 0 
0.52175 0.539182 0 
0.521651 0.541174 0 
0.521394 0.540841 0 
0.521349 0.540245 0 
0.521327 0.540113 0 
0.52128 0.544391 0 
0.521241 0.542943 0 
0.521201 0.541708 0 
0.521102 0.542354 0 
0.520968 0.540382 0 
0.520921 0.542669 0 
0.520919 0.520924 0 
0.520885 0.53819 0 
0.520777 0.542245 0 
0.520751 0.539315 0 
0.520479 0.53839 0 
0.520429 0.538365 0 
0.5203 0.539433 0 
0.520255 0.538807 0 
0.520161 0.539341 0 
0.520134 0.53839 0 
0.520097 0.540011 0 
0.520067 0.542314 0 
0.519996 0.541021 0 
0.519995 0.539433 0 
0.519927 0.520438 0 
0.519865 0.521237 0 
0.519815 0.538016 0 
0.519802 0.519825 0 
0.519708 0.540968 0 
0.519609 0.521244 0 
0.519539 0.539625 0 
0.519469 0.541053 0 
0.519379 0.542168 0 
0.519372 0.519792 0 
0.519368 0.543102 0 
0.519357 0.543493 0 
0.519309 0.538425 0 
0.519289 0.519539 0 
0.519215 0.540064 0 
0.519214 0.540627 0 
0.519213 0.540325 0 
0.519186 0.519412 0 
0.51915 0.540968 0 
0.519086 0.538945 0 
0.518976 0.540968 0 
0.518952 0.538933 0 
0.518875 0.540982 0 
0.518837 0.545931 0 
0.518751 0.540354 0 
0.518722 0.518795 0 
0.518688 0.540026 0 
0.518628 0.519167 0 
0.518576 0.541065 0 
0.518572 0.51914 0 
0.518565 0.520925 0 
0.518447 0.542324 0 
0.518435 0.540354 0 
0.51835 0.542926 0 
0.518337 0.537143 0 
0.518218 0.542702 0 
0.518217 0.537316 0 
0.518207 0.53839 0 
0.518184 0.5188 0 
0.51818 0.538365 0 
0.51817 0.539768 0 
0.518169 0.540942 0 
0.51812 0.540884 0 
0.518115 0.541021 0 
0.518115 0.53819 0 
0.517936 0.542966 0 
0.517905 0.519771 0 
0.517862 0.51864 0 
0.517841 0.541117 0 
0.51775 0.544869 0 
0.517722 0.5188 0 
0.517672 0.538807 0 
0.517578 0.541778 0 
0.517417 0.520217 0 
0.5174 0.543168 0 
0.517385 0.538933 0 
0.517379 0.541828 0 
0.517342 0.522007 0 
0.517321 0.543399 0 
0.5172 0.517422 0 
0.517175 0.538945 0 
0.517174 0.543773 0 
0.517169 0.518337 0 
0.517161 0.518949 0 
0.517145 0.518446 0 
0.517108 0.542864 0 
0.51704 0.538807 0 
0.517028 0.540949 0 
0.517024 0.518562 0 
0.516947 0.543737 0 
0.516928 0.52076 0 
0.516926 0.53819 0 
0.51689 0.519578 0 
0.516889 0.521843 0 
0.516829 0.518756 0 
0.516814 0.518635 0 
0.516809 0.540577 0 
0.516791 0.517544 0 
0.51675 0.542402 0 
0.516746 0.541509 0 
0.51674 0.53839 0 
0.516599 0.540009 0 
0.516574 0.539303 0 
0.51654 0.519452 0 
0.516527 0.517141 0 
0.516526 0.516876 0 
0.516504 0.519298 0 
0.516483 0.538011 0 
0.516423 0.518478 0 
0.516396 0.538425 0 
0.516365 0.53919 0 
0.51626 0.519076 0 
0.516253 0.538632 0 
0.516229 0.540745 0 
0.516133 0.540294 0 
0.516132 0.538425 0 
0.516119 0.543043 0 
0.516106 0.519304 0 
0.516076 0.542926 0 
0.515994 0.540884 0 
0.515984 0.538365 0 
0.515947 0.538933 0 
0.515929 0.54068 0 
0.515907 0.517121 0 
0.51584 0.51623 0 
0.515829 0.54289 0 
0.515822 0.517203 0 
0.515789 0.540011 0 
0.51578 0.540982 0 
0.515734 0.517242 0 
0.515693 0.54527 0 
0.515686 0.541178 0 
0.515683 0.541146 0 
0.515672 0.516212 0 
0.515616 0.516048 0 
0.515614 0.544738 0 
0.515499 0.543172 0 
0.515481 0.515834 0 
0.515473 0.542966 0 
0.515379 0.538886 0 
0.515335 0.542251 0 
0.515307 0.545047 0 
0.515303 0.539625 0 
0.515295 0.537143 0 
0.515281 0.545275 0 
0.51528 0.518845 0 
0.515213 0.519593 0 
0.515155 0.544022 0 
0.515153 0.515715 0 
0.515106 0.518849 0 
0.5151 0.538155 0 
0.51509 0.538029 0 
0.515089 0.518346 0 
0.515061 0.53619 0 
0.515058 0.519234 0 
0.515054 0.538807 0 
0.515046 0.519176 0 
0.515003 0.540577 0 
0.514939 0.518876 0 
0.514893 0.537972 0 
0.514893 0.5415 0 
0.514808 0.516484 0 
0.514805 0.538933 0 
0.514786 0.515268 0 
0.514777 0.515344 0 
0.514753 0.540947 0 
0.514729 0.51914 0 
0.514717 0.519276 0 
0.514715 0.537721 0 
0.514715 0.540132 0 
0.51471 0.540011 0 
0.514687 0.542201 0 
0.51468 0.538974 0 
0.514654 0.519234 0 
0.514565 0.516876 0 
0.514563 0.515345 0 
0.51453 0.515238 0 
0.514498 0.54024 0 
0.514458 0.51895 0 
0.514415 0.516693 0 
0.5144 0.516735 0 
0.514382 0.516041 0 
0.514356 0.538155 0 
0.514344 0.516732 0 
0.514344 0.514954 0 
0.514339 0.53887 0 
0.51425 0.516128 0 
0.514166 0.520043 0 
0.514105 0.514193 0 
0.514055 0.519452 0 
0.514055 0.543625 0 
0.514031 0.517708 0 
0.514026 0.546602 0 
0.513982 0.516079 0 
0.513867 0.538933 0 
0.513866 0.515947 0 
0.513822 0.515289 0 
0.513814 0.515004 0 
0.513813 0.545074 0 
0.513771 0.521397 0 
0.513743 0.517962 0 
0.513713 0.540382 0 
0.5137 0.513782 0 
0.513668 0.519268 0 
0.51366 0.538365 0 
0.513647 0.540998 0 
0.513643 0.539775 0 
0.513612 0.542503 0 
0.513566 0.516646 0 
0.513541 0.513703 0 
0.513535 0.51547 0 
0.513492 0.513883 0 
0.513485 0.540026 0 
0.513481 0.519238 0 
0.513319 0.517632 0 
0.513308 0.514443 0 
0.513282 0.537674 0 
0.513262 0.51895 0 
0.513254 0.519021 0 
0.513189 0.51593 0 
0.513182 0.516162 0 
0.513175 0.516114 0 
0.513172 0.521613 0 
0.513149 0.513979 0 
0.513128 0.515911 0 
0.513127 0.515536 0 
0.513121 0.513177 0 
0.513066 0.519163 0 
0.513003 0.538933 0 
0.512988 0.517064 0 
0.512925 0.513094 0 
0.512918 0.516962 0 
0.5129 0.514792 0 
0.51286 0.514395 0 
0.512853 0.515439 0 
0.512847 0.519242 0 
0.512826 0.513848 0 
0.512801 0.516561 0 
0.512791 0.540472 0 
0.512779 0.540026 0 
0.512767 0.539403 0 
0.512761 0.541837 0 
0.512759 0.53957 0 
0.512755 0.517712 0 
0.512746 0.519927 0 
0.512735 0.543518 0 
0.512657 0.545032 0 
0.512647 0.545841 0 
0.512642 0.542722 0 
0.512622 0.517219 0 
0.512613 0.5144 0 
0.512477 0.513213 0 
0.512428 0.514826 0 
0.512428 0.541021 0 
0.512413 0.538533 0 
0.512407 0.513756 0 
0.5124 0.538365 0 
0.512398 0.512549 0 
0.512378 0.516142 0 
0.512342 0.513526 0 
0.512331 0.540368 0 
0.512316 0.515911 0 
0.512275 0.516981 0 
0.512253 0.518446 0 
0.512251 0.514676 0 
0.5122 0.513042 0 
0.512126 0.547214 0 
0.512068 0.51304 0 
0.512064 0.520925 0 
0.512043 0.538807 0 
0.512031 0.540541 0 
0.51203 0.514577 0 
0.512022 0.515433 0 
0.511978 0.540266 0 
0.511931 0.542138 0 
0.511891 0.540541 0 
0.511891 0.537674 0 
0.511869 0.513908 0 
0.511853 0.542178 0 
0.511813 0.536434 0 
0.511801 0.536434 0 
0.511792 0.540026 0 
0.511772 0.542914 0 
0.511772 0.516078 0 
0.511771 0.538029 0 
0.511769 0.541941 0 
0.511674 0.513547 0 
0.511649 0.513979 0 
0.511637 0.518319 0 
0.511602 0.514223 0 
0.5116 0.538945 0 
0.511509 0.512854 0 
0.511499 0.539768 0 
0.511472 0.515966 0 
0.511433 0.539151 0 
0.511372 0.541649 0 
0.511367 0.511522 0 
0.51131 0.512843 0 
0.511299 0.512802 0 
0.511286 0.514939 0 
0.511258 0.53947 0 
0.511227 0.514978 0 
0.511199 0.517764 0 
0.51119 0.540998 0 
0.511172 0.540266 0 
0.511043 0.514265 0 
0.510974 0.511081 0 
0.510963 0.511202 0 
0.510956 0.540127 0 
0.510941 0.544265 0 
0.510898 0.538945 0 
0.510755 0.512165 0 
0.510713 0.513919 0 
0.51069 0.542404 0 
0.51067 0.520353 0 
0.51064 0.514218 0 
0.510637 0.539742 0 
0.510621 0.51166 0 
0.510608 0.514368 0 
0.510559 0.540382 0 
0.510546 0.514472 0 
0.51042 0.511809 0 
0.510381 0.517201 0 
0.510317 0.544388 0 
0.510185 0.545678 0 
0.510115 0.545307 0 
0.509952 0.542271 0 
0.509946 0.51474 0 
0.50994 0.545882 0 
0.509932 0.514815 0 
0.509931 0.518031 0 
0.50993 0.540245 0 
0.509113 0.512602 0 
0.509093 0.512062 0 
0.508083 0.511989 0 
0.222256 0.224787 1 
0.220088 0.227825 1 
0.219989 0.230045 1 
0.219884 0.226659 1 
0.219813 0.227825 1 
0.219626 0.223551 1 
0.219574 0.222135 1 
0.219339 0.22382 1 
0.219067 0.225384 1 
0.218788 0.220331 1 
0.218693 0.220738 1 
0.218459 0.230694 1 
0.218441 0.221354 1 
0.217825 0.221754 1 
0.217776 0.229128 1 
0.217741 0.223895 1 
0.217684 0.220364 1 
0.21731 0.227368 1 
0.217178 0.224601 1 
0.217034 0.224009 1 
0.216975 0.219101 1 
0.216903 0.222889 1 
0.216883 0.227254 1 
0.21685 0.224606 1 
0.216818 0.224397 1 
0.216666 0.223319 1 
0.216547 0.221468 1 
0.216363 0.223527 1 
0.216342 0.220544 1 
0.216138 0.218466 1 
0.216062 0.229853 1 
0.215858 0.225772 1 
0.215846 0.219396 1 
0.215771 0.22559 1 
0.215751 0.229754 1 
0.215712 0.220651 1 
0.215659 0.2253 1 
0.215642 0.225709 1 
0.215619 0.222172 1 
0.215507 0.229124 1 
0.215475 0.228556 1 
0.215338 0.221779 1 
0.215294 0.218911 1 
0.215275 0.217365 1 
0.215273 0.219396 1 
0.215238 0.234393 1 
0.215166 0.223268 1 
0.215143 0.221449 1 
0.21504 0.224455 1 
0.214987 0.223895 1 
0.214855 0.225947 1 
0.214833 0.228963 1 
0.214736 0.221404 1 
0.214668 0.226167 1 
0.214657 0.218911 1 
0.214593 0.219101 1 
0.214425 0.223319 1 
0.214356 0.219689 1 
0.214252 0.225633 1 
0.214248 0.22382 1 
0.214099 0.220165 1 
0.21409 0.223804 1 
0.214051 0.226139 1 
0.214004 0.221927 1 
0.213893 0.214703 1 
0.213811 0.231524 1 
0.213699 0.229964 1 
0.21369 0.220165 1 
0.213643 0.219101 1 
0.213567 0.220817 1 
0.213504 0.222566 1 
0.213477 0.218896 1 
0.213405 0.230623 1 
0.213396 0.216867 1 
0.213374 0.222799 1 
0.213255 0.226894 1 
0.213229 0.226824 1 
0.213176 0.229638 1 
0.213143 0.218896 1 
0.213118 0.22433 1 
0.213085 0.222579 1 
0.213037 0.225897 1 
0.213005 0.222655 1 
0.212958 0.224496 1 
0.212879 0.221304 1 
0.212869 0.223474 1 
0.212814 0.221779 1 
0.212766 0.221624 1 
0.212461 0.222238 1 
0.212452 0.22747 1 
0.21243 0.220738 1 
0.212427 0.219988 1 
0.21234 0.225151 1 
0.212334 0.223291 1 
0.212253 0.226527 1 
0.212004 0.213598 1 
0.211992 0.212671 1 
0.211967 0.219689 1 
0.211917 0.220792 1 
0.211874 0.222284 1 
0.211856 0.218985 1 
0.211684 0.212034 1 
0.211673 0.213605 1 
0.211623 0.225675 1 
0.211588 0.219396 1 
0.211504 0.220748 1 
0.211394 0.225633 1 
0.211385 0.218911 1 
0.211369 0.226285 1 
0.21126 0.229387 1 
0.211138 0.224271 1 
0.211111 0.222092 1 
0.211102 0.223376 1 
0.211001 0.224425 1 
0.210982 0.219335 1 
0.210957 0.223268 1 
0.210952 0.213402 1 
0.210877 0.21584 1 
0.210841 0.216949 1 
0.210778 0.219335 1 
0.210771 0.225676 1 
0.210667 0.229838 1 
0.210603 0.220533 1 
0.210509 0.223909 1 
0.21049 0.218866 1 
0.210486 0.222092 1 
0.210386 0.221771 1 
0.210377 0.218891 1 
0.210235 0.219882 1 
0.210122 0.226527 1 
0.210093 0.219169 1 
0.210077 0.22374 1 
0.210042 0.210069 1 
0.209987 0.210133 1 
0.209841 0.211155 1 
0.209835 0.216949 1 
0.20981 0.214785 1 
0.209798 0.223376 1 
0.209699 0.223268 1 
0.209698 0.218896 1 
0.209638 0.223255 1 
0.209638 0.210099 1 
0.209635 0.222284 1 
0.209603 0.210353 1 
0.20959 0.222826 1 
0.209506 0.221942 1 
0.209478 0.213082 1 
0.209368 0.222284 1 
0.209301 0.229263 1 
0.209274 0.209829 1 
0.209216 0.212674 1 
0.209168 0.21157 1 
0.20915 0.22181 1 
0.209023 0.220651 1 
0.209021 0.221007 1 
0.209019 0.211264 1 
0.209001 0.209569 1 
0.208907 0.227836 1 
0.208851 0.223751 1 
0.20884 0.220246 1 
0.208807 0.223818 1 
0.208747 0.210278 1 
0.208745 0.209054 1 
0.208688 0.223652 1 
0.208647 0.219335 1 
0.208631 0.220792 1 
0.20861 0.222579 1 
0.208581 0.217592 1 
0.208526 0.221691 1 
0.20852 0.209054 1 
0.208387 0.217787 1 
0.208305 0.211293 1 
0.208231 0.21062 1 
0.208191 0.222261 1 
0.20816 0.210124 1 
0.208151 0.221449 1 
0.208081 0.229746 1 
0.207972 0.221897 1 
0.207905 0.208938 1 
0.207732 0.208563 1 
0.207712 0.211755 1 
0.207695 0.219335 1 
0.207576 0.21015 1 
0.207549 0.208335 1 
0.207535 0.207881 1 
0.20752 0.220792 1 
0.2074 0.20934 1 
0.207379 0.21171 1 
0.207368 0.207825 1 
0.207328 0.218528 1 
0.207298 0.214231 1 
0.20721 0.218335 1 
0.207187 0.211365 1 
0.207098 0.218469 1 
0.207031 0.207797 1 
0.206972 0.211034 1 
0.206928 0.221449 1 
0.206905 0.211519 1 
0.206903 0.212316 1 
0.206901 0.212674 1 
0.206772 0.2076 1 
0.206654 0.206884 1 
0.206644 0.206787 1 
0.206616 0.207656 1 
0.206591 0.210552 1 
0.206535 0.219335 1 
0.20648 0.221404 1 
0.206333 0.2235 1 
0.206327 0.219922 1 
0.206318 0.207734 1 
0.206159 0.220353 1 
0.206077 0.209668 1 
0.206054 0.207811 1 
0.206053 0.20896 1 
0.206025 0.208095 1 
0.205967 0.228642 1 
0.205686 0.208834 1 
0.20559 0.205778 1 
0.205588 0.220165 1 
0.205533 0.209787 1 
0.205498 0.207235 1 
0.205443 0.207195 1 
0.205332 0.211233 1 
0.205331 0.211233 1 
0.20533 0.206581 1 
0.205329 0.20663 1 
0.205247 0.205293 1 
0.205241 0.20935 1 
0.205081 0.205536 1 
0.205049 0.205436 1 
0.20498 0.215026 1 
0.204908 0.206387 1 
0.204907 0.222688 1 
0.204895 0.218528 1 
0.20489 0.218891 1 
0.204884 0.205398 1 
0.204873 0.215542 1 
0.204834 0.218911 1 
0.204821 0.221501 1 
0.204791 0.207651 1 
0.204703 0.206646 1 
0.204646 0.206408 1 
0.204632 0.219689 1 
0.204626 0.205371 1 
0.204612 0.22115 1 
0.20457 0.208101 1 
0.20449 0.218335 1 
0.204469 0.205318 1 
0.204434 0.208558 1 
0.20439 0.20511 1 
0.204389 0.22179 1 
0.204138 0.205127 1 
0.204136 0.211598 1 
0.204023 0.206559 1 
0.204019 0.214282 1 
0.203977 0.218284 1 
0.203954 0.220738 1 
0.203925 0.206989 1 
0.203827 0.221404 1 
0.203683 0.207289 1 
0.203682 0.207745 1 
0.203604 0.207154 1 
0.203553 0.206225 1 
0.203448 0.209417 1 
0.203388 0.206055 1 
0.203254 0.20675 1 
0.203167 0.207883 1 
0.20309 0.221354 1 
0.203057 0.217592 1 
0.203057 0.207873 1 
0.203027 0.206591 1 
0.202996 0.220244 1 
0.202927 0.220244 1 
0.202899 0.206717 1 
0.202873 0.219946 1 
0.202866 0.221771 1 
0.202857 0.207613 1 
0.202834 0.203022 1 
0.202742 0.206736 1 
0.202739 0.204398 1 
0.202731 0.223751 1 
0.20265 0.215542 1 
0.202643 0.203433 1 
0.202615 0.205048 1 
0.20261 0.203434 1 
0.20244 0.205606 1 
0.202258 0.210996 1 
0.202052 0.203673 1 
0.20204 0.207218 1 
0.20184 0.20257 1 
0.201785 0.203525 1 
0.201746 0.203121 1 
0.201658 0.208287 1 
0.201582 0.202256 1 
0.201562 0.207605 1 
0.201166 0.207152 1 
0.201137 0.218911 1 
0.201096 0.203398 1 
0.201046 0.202593 1 
0.200941 0.201541 1 
0.200878 0.208376 1 
0.200794 0.201612 1 
0.20075 0.201853 1 
0.200673 0.203398 1 
0.200617 0.204278 1 
0.200576 0.20576 1 
0.200379 0.200436 1 
0.200148 0.203293 1 
0.199975 0.207857 1 
0.199848 0.203673 1 
0.199831 0.21108 1 
0.199607 0.203447 1 
0.19945 0.203181 1 
0.102421 0.107524 2 
0.102191 0.102569 2 
0.101857 0.103639 2 
0.101755 0.103906 2 
0.101532 0.104543 2 
0.101499 0.101805 2 
0.101408 0.103428 2 
0.100609 0.104094 2 
0.10001 0.102405 2 
0.0997084 0.103114 2 
0.0996176 0.102803 2 
0.0994632 0.100022 2 
0.0993468 0.100901 2 
0.099141 0.100355 2 
0.0991353 0.104506 2 
0.0989818 0.100293 2 
0.0988768 0.105501 2 
0.0988118 0.0994964 2 
0.0985069 0.10334 2 
0.0983519 0.100145 2 
0.0982818 0.100604 2 
0.0980893 0.10392 2 
0.0979905 0.0999282 2 
0.0978693 0.0998792 2 
0.097847 0.0992203 2 
0.0976784 0.100026 2 
0.0974619 0.0980801 2 
0.0973644 0.0983339 2 
0.097323 0.0983203 2 
0.09713 0.10042 2 
0.0970661 0.100066 2 
0.0969633 0.0996038 2 
0.0969148 0.097911 2 
0.0968675 0.0969246 2 
0.0968197 0.103012 2 
0.0967687 0.101399 2 
0.0966334 0.100723 2 
0.0965944 0.0971766 2 
0.0965237 0.101321 2 
0.0964381 0.101119 2 
0.0964148 0.0972256 2 
0.0962749 0.100026 2 
0.0962526 0.0964093 2 
0.0962334 0.0972044 2 
0.0961896 0.098534 2 
0.0961624 0.0973741 2 
0.0960117 0.100022 2 
0.0959837 0.0976893 2 
0.0959039 0.0976893 2 
0.0958453 0.104248 2 
0.095801 0.0982283 2 
0.0957344 0.0987401 2 
0.095687 0.0985354 2 
0.0956254 0.0993399 2 
0.0955491 0.098882 2 
0.0953342 0.0967454 2 
0.0953019 0.0980801 2 
0.0952475 0.0980688 2 
0.0952228 0.0998792 2 
0.0951062 0.0971773 2 
0.0951046 0.100842 2 
0.094823 0.102405 2 
0.09476 0.0947859 2 
0.0947587 0.0960744 2 
0.0947463 0.0998951 2 
0.0946917 0.0971171 2 
0.0945119 0.0983339 2 
0.094303 0.0967561 2 
0.0943018 0.0958497 2 
0.0942755 0.0943702 2 
0.0942552 0.0946347 2 
0.0942158 0.0983339 2 
0.0942117 0.0974618 2 
0.0941243 0.0975869 2 
0.0940939 0.0973364 2 
0.0940435 0.09748 2 
0.0940312 0.103251 2 
0.0940153 0.0946347 2 
0.0939853 0.0956494 2 
0.0938683 0.094393 2 
0.0937525 0.0980489 2 
0.0937144 0.09748 2 
0.0936564 0.0983694 2 
0.0936381 0.0949104 2 
0.0936157 0.0951517 2 
0.0935265 0.0937743 2 
0.0935241 0.0950262 2 
0.093459 0.0944709 2 
0.0934309 0.104248 2 
0.093407 0.0938162 2 
0.0933978 0.0957028 2 
0.0933977 0.093699 2 
0.0933157 0.0953142 2 
0.0932666 0.0948682 2 
0.093213 0.094768 2 
0.0931249 0.0983334 2 
0.0930746 0.0973364 2 
0.093073 0.0972603 2 
0.093057 0.0945124 2 
0.0930317 0.0979519 2 
0.0929951 0.0979519 2 
0.092946 0.0930953 2 
0.092933 0.0941238 2 
0.0929131 0.0933086 2 
0.0928299 0.0980129 2 
0.0928259 0.0946846 2 
0.0927032 0.0945637 2 
0.0926898 0.0936103 2 
0.0926281 0.0949302 2 
0.0926225 0.0990107 2 
0.0925338 0.098292 2 
0.0924821 0.0935144 2 
0.0924392 0.097711 2 
0.0923913 0.092989 2 
0.0923824 0.0994242 2 
0.0923779 0.0951134 2 
0.0921789 0.0940619 2 
0.0920274 0.0976556 2 
0.0919737 0.0939728 2 
0.0919605 0.0935026 2 
0.0919523 0.0921605 2 
0.0919322 0.0935238 2 
0.0919118 0.0941226 2 
0.0918448 0.0943423 2 
0.0918274 0.099307 2 
0.0917885 0.0971884 2 
0.0917016 0.0983339 2 
0.0916668 0.0944709 2 
0.0916303 0.0944723 2 
0.0915283 0.096301 2 
0.0913872 0.09178 2 
0.0913871 0.0917534 2 
0.0912693 0.0971869 2 
0.0912559 0.0923063 2 
0.0912502 0.0972044 2 
0.0912381 0.0967653 2 
0.0911772 0.0968581 2 
0.0910824 0.0963358 2 
0.0910813 0.096418 2 
0.0910665 0.0919421 2 
0.0910311 0.0969405 2 
0.0910242 0.0958176 2 
0.0910176 0.0911858 2 
0.0910081 0.0913029 2 
0.0910028 0.094393 2 
0.09084 0.0917893 2 
0.0907937 0.0916659 2 
0.09078 0.0972044 2 
0.0907121 0.102645 2 
0.090669 0.0964912 2 
0.0906108 0.0909449 2 
0.0904733 0.0908294 2 
0.0904492 0.0906796 2 
0.0903583 0.0904824 2 
0.0903491 0.0917253 2 
0.0903131 0.0944923 2 
0.0903075 0.0930083 2 
0.0902928 0.0911382 2 
0.0902008 0.0943824 2 
0.090138 0.0929527 2 
0.0901082 0.0946216 2 
0.0900735 0.0944709 2 
0.0900447 0.0942261 2 
0.0899944 0.0981425 2 
0.089946 0.0912357 2 
0.0899326 0.0955712 2 
0.0898847 0.0904335 2 
0.0898791 0.0939195 2 
0.0898362 0.0904089 2 
0.0898356 0.0973364 2 
0.08974 0.0982059 2 
0.0896188 0.0958617 2 
0.0894478 0.0934657 2 
0.0894311 0.0957028 2 
0.0893617 0.0944709 2 
0.0893601 0.0902337 2 
0.0893375 0.0936208 2 
0.0893201 0.0919304 2 
0.0892934 0.0971171 2 
0.0892728 0.0921732 2 
0.0892712 0.0939195 2 
0.089205 0.0936208 2 
0.0891812 0.0901806 2 
0.0891647 0.0898839 2 
0.0891204 0.0912656 2 
0.0890874 0.0915273 2 
0.0890236 0.096418 2 
0.0889566 0.0967311 2 
0.0889318 0.0905615 2 
0.0888943 0.0904288 2 
0.0888659 0.0953296 2 
0.0888076 0.0948106 2 
0.0887222 0.0893222 2 
0.0886841 0.0952783 2 
0.0886407 0.0917555 2 
0.0886153 0.0907435 2 
0.0886102 0.0894597 2 
0.0885797 0.0982149 2 
0.0885203 0.0961283 2 
0.0882464 0.0889684 2 
0.0882427 0.0932535 2 
0.0882049 0.0905284 2 
0.0882012 0.0897695 2 
0.0881386 0.095571 2 
0.0880586 0.088358 2 
0.0878808 0.091008 2 
0.0878775 0.0902884 2 
0.0878698 0.0963008 2 
0.0878402 0.089999 2 
0.0878238 0.0906278 2 
0.0877556 0.0895418 2 
0.0876321 0.088016 2 
0.0875516 0.0954057 2 
0.0875499 0.094964 2 
0.0875255 0.0974618 2 
0.087341 0.0952923 2 
0.087246 0.0933227 2 
0.0872383 0.0963358 2 
0.0871397 0.0888499 2 
0.0871345 0.0913893 2 
0.0869821 0.0883967 2 
0.0869796 0.0870396 2 
0.0869282 0.0908647 2 
0.0868978 0.0918112 2 
0.0868433 0.0910673 2 
0.0866649 0.0890958 2 
0.0866612 0.0879652 2 
0.0866284 0.0899302 2 
0.0865935 0.0871383 2 
0.0865447 0.0963358 2 
0.0865079 0.0908798 2 
0.0864214 0.0874512 2 
0.0864146 0.0912656 2 
0.0863672 0.095012 2 
0.0863538 0.095013 2 
0.0861962 0.0900731 2 
0.086147 0.0946004 2 
0.0861339 0.090452 2 
0.0861323 0.0864093 2 
0.0861097 0.0867475 2 
0.0860257 0.090956 2 
0.085981 0.0863809 2 
0.085776 0.0867675 2 
0.0857328 0.0911189 2 
0.0856976 0.0857013 2 
0.0856313 0.0909528 2 
0.0856118 0.0856868 2 
0.0855734 0.0936383 2 
0.0855715 0.0883923 2 
0.0854257 0.0856868 2 
0.0853858 0.0875456 2 
0.0853765 0.0869918 2 
0.0849562 0.088914 2 
0.084895 0.0875456 2 
0.0848627 0.0875153 2 
0.084612 0.086377 2 
0.0844977 0.0856357 2 
0.0844597 0.0883926 2 
0.0843084 0.0875153 2 
0.0838767 0.0839025 2 
0.0837504 0.0901349 2 
0.0496945 0.050026 3 
0.0492458 0.0496055 3 
0.0491077 0.0507019 3 
0.047581 0.0478015 3 
0.047299 0.0477737 3 
0.0472675 0.0484936 3 
0.047226 0.048955 3 
0.0472063 0.0476644 3 
0.0472007 0.0474443 3 
0.046977 0.0475308 3 
0.0469264 0.0475231 3 
0.046913 0.047119 3 
0.0469116 0.0488337 3 
0.0461759 0.0489037 3 
0.0460479 0.046296 3 
0.0459948 0.0461742 3 
0.0458163 0.0459351 3 
0.0456083 0.0463553 3 
0.0452718 0.0486603 3 
0.0452136 0.0456942 3 
0.0449888 0.0463553 3 
0.0448907 0.0458152 3 
0.0448177 0.0489037 3 
0.0447892 0.0462215 3 
0.0447799 0.0448137 3 
0.0447392 0.0473689 3 
0.0447382 0.0463553 3 
0.0447055 0.0452714 3 
0.0446967 0.0451657 3 
0.0446871 0.0464163 3 
0.0446608 0.045019 3 
0.0445943 0.0457112 3 
0.0445294 0.0458628 3 
0.0445278 0.0464809 3 
0.0444564 0.0445338 3 
0.044323 0.0454341 3 
0.044281 0.0450889 3 
0.0442745 0.0460648 3 
0.0442101 0.0458152 3 
0.044205 0.0470461 3 
0.0441213 0.0459825 3 
0.0440237 0.044243 3 
0.0440004 0.046197 3 
0.0437591 0.0456942 3 
0.0436845 0.0453913 3 
0.0436378 0.0469314 3 
0.0436295 0.0444104 3 
0.0436073 0.0440759 3 
0.0436036 0.04635 3 
0.0435871 0.0450682 3 
0.0434994 0.0456993 3 
0.0434403 0.0444037 3 
0.043393 0.0463392 3 
0.0433774 0.0449199 3 
0.0433167 0.0473689 3 
0.0432576 0.0442715 3 
0.0432389 0.0450682 3 
0.0431966 0.0447785 3 
0.0431634 0.0458666 3 
0.0429502 0.0438353 3 
0.0429429 0.0450682 3 
0.0429158 0.0451689 3 
0.0429143 0.0457892 3 
0.0428919 0.0435961 3 
0.0427788 0.0453865 3 
0.0426903 0.0443421 3 
0.042689 0.0438691 3 
0.0426402 0.0465509 3 
0.0425876 0.0429286 3 
0.0425097 0.0455913 3 
0.0425017 0.0447746 3 
0.0424834 0.042487 3 
0.0424456 0.0457892 3 
0.0423368 0.0439643 3 
0.0423302 0.0434937 3 
0.0422444 0.0428161 3 
0.0422355 0.0428996 3 
0.0422111 0.0422562 3 
0.0422101 0.0453742 3 
0.0421981 0.0483807 3 
0.042163 0.0427793 3 
0.0421359 0.0436774 3 
0.0421329 0.0459315 3 
0.0421252 0.0449879 3 
0.0420948 0.0425693 3 
0.0420882 0.0451295 3 
0.0420734 0.0461611 3 
0.0418964 0.0463156 3 
0.0418943 0.0454234 3 
0.0418567 0.0420196 3 
0.0418078 0.0435175 3 
0.041802 0.0440817 3 
0.0417839 0.0455585 3 
0.04177 0.0446274 3 
0.0417179 0.0423837 3 
0.0417134 0.0441681 3 
0.0416765 0.042838 3 
0.0415976 0.0447869 3 
0.0415971 0.0418521 3 
0.0415931 0.0422506 3 
0.0415797 0.0422108 3 
0.0415633 0.0422425 3 
0.0415055 0.0424987 3 
0.041504 0.0435132 3 
0.041492 0.0431705 3 
0.0414656 0.0443421 3 
0.0414344 0.0425051 3 
0.0413295 0.042797 3 
0.0412926 0.0425693 3 
0.041266 0.0436982 3 
0.0412047 0.0431782 3 
0.0411868 0.0450902 3 
0.0411731 0.0412965 3 
0.0410299 0.0425693 3 
0.040957 0.0417724 3 
0.0409154 0.0418173 3 
0.0408826 0.0440314 3 
0.0408728 0.0431782 3 
0.0408348 0.0411914 3 
0.0408119 0.0421887 3 
0.0407971 0.0426311 3 
0.0407528 0.0429712 3 
0.0407305 0.0439107 3 
0.0407147 0.0441155 3 
0.0406021 0.0425538 3 
0.0406016 0.0449199 3 
0.040597 0.0420066 3 
0.0405781 0.0456614 3 
0.0405333 0.0420047 3 
0.0404534 0.041335 3 
0.0404059 0.0406852 3 
0.0402446 0.0412738 3 
0.0402298 0.04215 3 
0.0401736 0.0412965 3 
0.0401024 0.0447542 3 
0.040003 0.0400684 3 
0.0399556 0.044416 3 
0.0399532 0.041317 3 
0.0399274 0.044416 3 
0.0399137 0.0428063 3 
0.0398634 0.0452632 3 
0.039838 0.0444695 3 
0.0397245 0.0417724 3 
0.0397224 0.0410067 3 
0.0396629 0.0421008 3 
0.0395797 0.041335 3 
0.0394526 0.0397771 3 
0.0394511 0.0404636 3 
0.0394426 0.0450048 3 
0.0394301 0.0420888 3 
0.0393999 0.0436658 3 
0.0393993 0.0445955 3 
0.0393857 0.0432533 3 
0.0393792 0.0409433 3 
0.0392907 0.0457923 3 
0.0392903 0.0425642 3 
0.0392689 0.0449581 3 
0.0392676 0.0396528 3 
0.0392631 0.0415329 3 
0.0391157 0.0392435 3 
0.0391007 0.0395046 3 
0.0390679 0.039695 3 
0.0390441 0.042498 3 
0.039037 0.040507 3 
0.0389741 0.0419474 3 
0.0389654 0.0419251 3 
0.0388414 0.03931 3 
0.038812 0.0408554 3 
0.0388115 0.0416666 3 
0.0387687 0.0408507 3 
0.0386452 0.0400246 3 
0.0386394 0.0387509 3 
0.0384241 0.0392561 3 
0.0383255 0.0394876 3 
0.0381686 0.0382633 3 
0.0381061 0.0400246 3 
0.0379106 0.040359 3 
0.037739 0.0407236 3 
0.0376324 0.0395109 3 
0.0375869 0.0384807 3 
0.0374019 0.0413288 3 
0.0231174 0.0232423 4 
0.0230171 0.0236394 4 
0.0229377 0.0236394 4 
0.0226572 0.0229887 4 
0.0226512 0.025033 4 
0.0226139 0.0230416 4 
0.0225365 0.0227297 4 
0.0224626 0.0230416 4 
0.0224477 0.0230049 4 
0.0223709 0.0232519 4 
0.0222797 0.0225492 4 
0.0222259 0.0230049 4 
0.0221518 0.0237134 4 
0.0220561 0.0229344 4 
0.0220205 0.022171 4 
0.0219636 0.0221114 4 
0.0219279 0.0235908 4 
0.0218811 0.0239469 4 
0.0218766 0.022171 4 
0.0218179 0.0220429 4 
0.0218147 0.022171 4 
0.0215782 0.022799 4 
0.0214991 0.021558 4 
0.0214808 0.0216817 4 
0.0214619 0.021505 4 
0.0214432 0.0228653 4 
0.0213906 0.0222 4 
0.0213905 0.0214569 4 
0.0213712 0.0223782 4 
0.0213662 0.0215085 4 
0.0213317 0.022466 4 
0.0213243 0.0215704 4 
0.0213015 0.0230998 4 
0.0212104 0.022139 4 
0.0212083 0.0221888 4 
0.0212 0.0213316 4 
0.0211585 0.0214478 4 
0.021119 0.0230813 4 
0.0210956 0.0211281 4 
0.0210815 0.0227538 4 
0.0210447 0.0223992 4 
0.0210194 0.0223313 4 
0.0209981 0.0212759 4 
0.0209352 0.0215678 4 
0.0208463 0.0230998 4 
0.0208291 0.0226396 4 
0.0207814 0.022046 4 
0.0207792 0.022592 4 
0.0207708 0.0213313 4 
0.0207575 0.0209219 4 
0.0207351 0.0213182 4 
0.0207253 0.02335 4 
0.0207029 0.0208391 4 
0.0206617 0.022046 4 
0.0206022 0.0216429 4 
0.0205845 0.0208414 4 
0.0205467 0.0236112 4 
0.020487 0.0212258 4 
0.0204822 0.0208414 4 
0.0204812 0.0207957 4 
0.0204765 0.021759 4 
0.0204698 0.0216785 4 
0.0204524 0.0212011 4 
0.0204294 0.0206314 4 
0.0204087 0.0230203 4 
0.0204051 0.0221796 4 
0.0203549 0.0203938 4 
0.0203393 0.0213655 4 
0.0203143 0.020686 4 
0.0202497 0.0206446 4 
0.0202497 0.0214135 4 
0.0201548 0.0213655 4 
0.0201252 0.0207758 4 
0.0200669 0.0210348 4 
0.0200371 0.0211425 4 
0.0200117 0.0205407 4 
0.0199692 0.0213413 4 
0.019941 0.0206963 4 
0.0198888 0.0202717 4 
0.0198611 0.0207714 4 
0.0198586 0.0200753 4 
0.0198574 0.0215085 4 
0.0198212 0.02159 4 
0.0197537 0.0198786 4 
0.0197202 0.0206939 4 
0.019691 0.0211058 4 
0.0196815 0.0227786 4 
0.019678 0.0204645 4 
0.0196585 0.0225105 4 
0.0196307 0.0210373 4 
0.0196295 0.0221796 4 
0.0196281 0.0209714 4 
0.0196236 0.0209074 4 
0.0195847 0.0207336 4 
0.019574 0.0202717 4 
0.0195088 0.0200617 4 
0.0195056 0.0198674 4 
0.0194524 0.0203609 4 
0.0194117 0.021624 4 
0.0193809 0.0199565 4 
0.0193611 0.020014 4 
0.0193248 0.0211993 4 
0.0192494 0.0220083 4 
0.0192216 0.0218951 4 
0.0192212 0.0200299 4 
0.0192192 0.0206015 4 
0.0192008 0.0205912 4 
0.0191983 0.0228606 4 
0.0191862 0.0209549 4 
0.0191815 0.0216323 4 
0.019179 0.0222925 4 
0.0191759 0.020921 4 
0.0191462 0.0196268 4 
0.0191334 0.0199046 4 
0.0191192 0.0195205 4 
0.0190999 0.0206959 4 
0.0190542 0.0196363 4 
0.0190032 0.0220459 4 
0.0189578 0.0206889 4 
0.0188592 0.0209337 4 
0.0188137 0.0189753 4 
0.0188021 0.0189918 4 
0.0187591 0.0191477 4 
0.0187109 0.0195364 4 
0.0187069 0.0194233 4 
0.0187022 0.0194031 4 
0.0186784 0.0202625 4 
0.0185944 0.0196301 4 
0.0185705 0.0191946 4 
0.0185694 0.0192349 4 
0.0185631 0.0194233 4 
0.0185435 0.0209113 4 
0.0184749 0.0194624 4 
0.0184504 0.0191821 4 
0.0184431 0.0191946 4 
0.0184378 0.0188683 4 
0.0183595 0.0185262 4 
0.0183202 0.019984 4 
0.0180348 0.0186157 4 
0.017997 0.018569 4 
0.0177796 0.0180839 4 
0.0177774 0.0191821 4 
0.0177769 0.0195397 4 
0.0177541 0.019353 4 
0.017624 0.0190195 4 
0.0175641 0.0197832 4 
0.0120932 0.0122046 5 
0.0119818 0.01308 5 
0.011952 0.0120466 5 
0.0116654 0.0118374 5 
0.0115674 0.0121645 5 
0.011539 0.0117129 5 
0.0114889 0.012056 5 
0.0114503 0.0117843 5 
0.0114436 0.0114857 5 
0.0114237 0.0115595 5 
0.01137 0.0114969 5 
0.0113601 0.0114163 5 
0.0113065 0.0113858 5 
0.0112521 0.0113738 5 
0.0112453 0.0120289 5 
0.011229 0.0112796 5 
0.0112042 0.0120915 5 
0.011099 0.0111342 5 
0.0110784 0.0115085 5 
0.0110643 0.0112337 5 
0.0109516 0.0111108 5 
0.0109164 0.0112072 5 
0.0108942 0.0110196 5 
0.0108834 0.0117566 5 
0.0108684 0.0109729 5 
0.0108614 0.0115192 5 
0.0107938 0.0111248 5 
0.0107797 0.0109814 5 
0.0107384 0.0114475 5 
0.0107154 0.0117196 5 
0.0107049 0.011392 5 
0.010698 0.011744 5 
0.0106668 0.0112491 5 
0.010664 0.0107809 5 
0.0106568 0.0108918 5 
0.0106212 0.0108792 5 
0.0106059 0.011608 5 
0.0105553 0.0109535 5 
0.010543 0.0125937 5 
0.0105309 0.011261 5 
0.0105201 0.0116226 5 
0.010487 0.0111838 5 
0.010435 0.0109294 5 
0.0104282 0.011744 5 
0.0104275 0.0104863 5 
0.0104269 0.0113503 5 
0.01041 0.0107491 5 
0.0103937 0.0104832 5 
0.0103896 0.0106465 5 
0.010345 0.0106583 5 
0.010237 0.0108918 5 
0.0102327 0.010479 5 
0.010232 0.0106465 5 
0.0102244 0.0121645 5 
0.0102094 0.0114286 5 
0.0101591 0.0105341 5 
0.0101031 0.0107214 5 
0.0100856 0.0113966 5 
0.0100707 0.0106144 5 
0.0100415 0.0106334 5 
0.010019 0.0109846 5 
0.0100026 0.0104383 5 
0.00995634 0.011084 5 
0.00993773 0.00995693 5 
0.00993271 0.0100277 5 
0.00991331 0.0102195 5 
0.009895 0.0102014 5 
0.00989371 0.0101236 5 
0.00987779 0.010072 5 
0.00987086 0.00988074 5 
0.00984989 0.010438 5 
0.00984683 0.0101239 5 
0.00984466 0.0111096 5 
0.00984077 0.011429 5 
0.00980138 0.0112988 5 
0.00979916 0.0107614 5 
0.0097917 0.0100966 5 
0.00978406 0.009832 5 
0.00975921 0.0103182 5 
0.00973625 0.0104734 5 
0.00972676 0.010644 5 
0.00971354 0.00995877 5 
0.00969358 0.0101123 5 
0.00965691 0.00995693 5 
0.00960809 0.0105306 5 
0.00958878 0.0112057 5 
0.00958843 0.0101173 5 
0.00958479 0.00984778 5 
0.00957412 0.0106988 5 
0.00957396 0.0106607 5 
0.00955618 0.0101236 5 
0.00955457 0.0112268 5 
0.00955345 0.0101232 5 
0.00954014 0.0105946 5 
0.00951895 0.0112824 5 
0.0094871 0.0105657 5 
0.00945699 0.00977147 5 
0.00942186 0.00984496 5 
0.00940523 0.0105959 5 
0.00939965 0.00954011 5 
0.00935145 0.00958513 5 
0.00928283 0.00986131 5 
0.00923703 0.0092872 5 
0.0092244 0.00954361 5 
0.00921753 0.00973986 5 
0.00921716 0.00946723 5 
0.00919653 0.00934293 5 
0.00916732 0.00955629 5 
0.00913872 0.00939786 5 
0.00911658 0.00934293 5 
0.00909416 0.00953963 5 
0.00908678 0.00976556 5 
0.00907816 0.00920625 5 
0.00906139 0.00909313 5 
0.00905568 0.00965753 5 
0.00902793 0.00916784 5 
0.00902742 0.00932823 5 
0.00901231 0.010646 5 
0.00896877 0.00987524 5 
0.00884464 0.00951745 5 
0.00875618 0.00884106 5 
0.00873258 0.00908819 5 
0.00872293 0.00955629 5 
0.00869311 0.00939786 5 
0.00863399 0.00977582 5 
0.008623 0.00919115 5 
0.00659893 0.00696762 6 
0.0065463 0.00655252 6 
0.0063319 0.00638384 6 
0.00617379 0.00633767 6 
0.00617236 0.00631489 6 
0.00614781 0.0063314 6 
0.00611811 0.00641573 6 
0.00611173 0.0062093 6 
0.00605986 0.00638602 6 
0.00587584 0.0061239 6 
0.00585956 0.00600197 6 
0.00583261 0.00592901 6 
0.00574534 0.0059036 6 
0.0057332 0.00583979 6 
0.00572344 0.00593919 6 
0.0057054 0.0059456 6 
0.00569812 0.00616506 6 
0.00569151 0.00615828 6 
0.00566987 0.00568293 6 
0.00563748 0.00593919 6 
0.00561754 0.005829 6 
0.00560027 0.00571051 6 
0.00559097 0.00577723 6 
0.0055787 0.00647025 6 
0.00556718 0.00664839 6 
0.00555952 0.00571176 6 
0.00555405 0.00590455 6 
0.00554965 0.00606489 6 
0.00551316 0.00597783 6 
0.0055111 0.00561664 6 
0.0055032 0.00595869 6 
0.00548939 0.0057713 6 
0.00547318 0.00569073 6 
0.00547235 0.00566537 6 
0.00543063 0.0054384 6 
0.00541414 0.00546954 6 
0.00537287 0.00603587 6 
0.0053653 0.00617988 6 
0.00535033 0.00549768 6 
0.00534023 0.00553448 6 
0.00531354 0.005737 6 
0.00529708 0.00545618 6 
0.00526958 0.00544451 6 
0.00526358 0.00568543 6 
0.00524123 0.00583641 6 
0.00523968 0.00570174 6 
0.00520411 0.00540102 6 
0.00518501 0.00522175 6 
0.00515971 0.00566715 6 
0.00515852 0.00580063 6 
0.00514177 0.00538067 6 
0.00513642 0.0054676 6 
0.005111 0.00546815 6 
0.0050893 0.00577302 6 
0.00508662 0.00523754 6 
0.00507488 0.005133 6 
0.00506522 0.00583941 6 
0.00505971 0.00527551 6 
0.00501319 0.00592901 6 
0.00501045 0.00538286 6 
0.00500795 0.00565534 6 
0.00498573 0.00517156 6 
0.00498522 0.00516985 6 
0.00498299 0.00598585 6 
0.00496976 0.00552277 6 
0.00494996 0.00582123 6 
0.00494559 0.00494898 6 
0.00493054 0.00541296 6 
0.00492732 0.00553448 6 
0.0048759 0.00548379 6 
0.00487451 0.00527862 6 
0.00486032 0.00500719 6 
0.00485329 0.00491164 6 
0.00484215 0.0054122 6 
0.00482277 0.00493069 6 
0.00478594 0.00490286 6 
0.00478436 0.00495124 6 
0.0047802 0.00523398 6 
0.00477858 0.00495585 6 
0.0047096 0.00503216 6 
0.00469374 0.00486349 6 
0.00469267 0.00470267 6 
0.00468953 0.00488837 6 
0.00468737 0.00473844 6 
0.00468258 0.00503463 6 
0.00465493 0.00470024 6 
0.00464486 0.00487984 6 
0.00463736 0.00479554 6 
0.00463066 0.00478186 6 
0.00462873 0.00471402 6 
0.00462763 0.00474275 6 
0.00461667 0.00548604 6 
0.00461566 0.00485298 6 
0.00460932 0.00503771 6 
0.00457767 0.00478258 6 
0.00455327 0.00489362 6 
0.00455078 0.00468638 6 
0.00453939 0.00491945 6 
0.00452363 0.00499891 6 
0.00448435 0.00462957 6 
0.00446061 0.00477904 6 
0.00445549 0.00448614 6 
0.00437505 0.00490802 6 
0.00434496 0.00474275 6 
0.00433934 0.00451499 6 
0.00376138 0.00379105 7 
0.00343791 0.00354381 7 
0.00331599 0.00340658 7 
0.00330054 0.00337209 7 
0.00326313 0.00352844 7 
0.00325242 0.00328337 7 
0.00324561 0.00340684 7 
0.00312116 0.00343024 7 
0.00309879 0.00324691 7 
0.00309787 0.00325892 7 
0.00308691 0.00310907 7 
0.0030837 0.00333726 7 
0.00306764 0.00310033 7 
0.00305503 0.00314914 7 
0.00304139 0.00365221 7 
0.00304005 0.00308196 7 
0.00302677 0.00330745 7 
0.0030267 0.00313708 7 
0.00300477 0.00305479 7 
0.00299634 0.00325175 7 
0.00296019 0.00318812 7 
0.00293866 0.00294251 7 
0.00293754 0.00302084 7 
0.00293096 0.00293275 7 
0.00292144 0.0029308 7 
0.00292049 0.00299859 7 
0.00291905 0.00304597 7 
0.00288354 0.00320112 7 
0.00287782 0.00325421 7 
0.00287112 0.00291066 7 
0.0028581 0.00287413 7 
0.00285229 0.00292381 7 
0.00284159 0.0029292 7 
0.00282865 0.00292658 7 
0.00282036 0.00296827 7 
0.00281594 0.00331918 7 
0.00280969 0.00302287 7 
0.00280464 0.00289654 7 
0.00280198 0.0030117 7 
0.00276213 0.00282573 7 
0.00276033 0.00305107 7 
0.00274766 0.0030414 7 
0.00273919 0.00277352 7 
0.00273465 0.00274374 7 
0.00271862 0.00287418 7 
0.00270953 0.00277352 7 
0.00270667 0.00307597 7 
0.00269778 0.00278375 7 
0.00269702 0.00277299 7 
0.00269545 0.00325513 7 
0.00269122 0.00274374 7 
0.00266558 0.00285707 7 
0.00266207 0.00270575 7 
0.00266008 0.00304361 7 
0.00265692 0.00268264 7 
0.00265676 0.00287145 7 
0.00265646 0.00271198 7 
0.00262811 0.0027695 7 
0.00262699 0.00311408 7 
0.00262427 0.00266802 7 
0.00261668 0.00326534 7 
0.0026131 0.00264376 7 
0.00261131 0.00298586 7 
0.00260747 0.00297226 7 
0.00260687 0.00286552 7 
0.00260314 0.00267294 7 
0.00255164 0.00290903 7 
0.00252085 0.00263962 7 
0.0025143 0.00256686 7 
0.00251176 0.00252885 7 
0.00251003 0.00275371 7 
0.00250088 0.00264123 7 
0.00249523 0.00251433 7 
0.00248451 0.00259437 7 
0.00248181 0.00287465 7 
0.00247021 0.00264677 7 
0.00245798 0.00253479 7 
0.00245688 0.00266499 7 
0.00244245 0.00254802 7 
0.00244215 0.00251622 7 
0.00243579 0.00254917 7 
0.00243547 0.00248304 7 
0.00242184 0.0024731 7 
0.00240607 0.00255628 7 
0.00240367 0.00294921 7 
0.00237804 0.00253727 7 
0.00237365 0.0025718 7 
0.00237278 0.00249358 7 
0.0023637 0.00243754 7 
0.00236265 0.00264364 7 
0.00234096 0.00258537 7 
0.00233795 0.00256615 7 
0.0023315 0.00235792 7 
0.00231733 0.00241864 7 
0.00231687 0.00235862 7 
0.00230343 0.00251911 7 
0.00197443 0.00199074 8 
0.00184464 0.00184936 8 
0.00184175 0.00187915 8 
0.00182812 0.00189139 8 
0.00180864 0.00190703 8 
0.00177839 0.00179103 8 
0.0017566 0.00187898 8 
0.00173102 0.00180629 8 
0.00170353 0.0019993 8 
0.00168148 0.00170179 8 
0.00167778 0.0017049 8 
0.00167218 0.00174277 8 
0.00166913 0.00166924 8 
0.00166081 0.00172093 8 
0.0016543 0.00172326 8 
0.00161887 0.00162748 8 
0.00161512 0.00177598 8 
0.00161032 0.00161082 8 
0.00160792 0.00163293 8 
0.00160295 0.00161046 8 
0.00159254 0.00167814 8 
0.00158803 0.00169049 8 
0.00158683 0.00168226 8 
0.00157782 0.00161562 8 
0.00156895 0.00177469 8 
0.00156329 0.0016341 8 
0.00154131 0.00157511 8 
0.00153561 0.00158809 8 
0.0015348 0.00186102 8 
0.00153221 0.00163478 8 
0.00152712 0.00157525 8 
0.00151524 0.00156542 8 
0.0014981 0.00167926 8 
0.00149595 0.00155874 8 
0.00148227 0.00153804 8 
0.00147455 0.0015847 8 
0.00147033 0.00159018 8 
0.00145526 0.00151181 8 
0.00143999 0.00164722 8 
0.00143705 0.00162669 8 
0.00142797 0.00164301 8 
0.00142387 0.00148192 8 
0.00142232 0.00183694 8 
0.00141954 0.00166005 8 
0.00140955 0.00152487 8 
0.00140928 0.00143889 8 
0.00139559 0.00140101 8 
0.00139511 0.00155031 8 
0.00138952 0.00178107 8 
0.00138824 0.00147124 8 
0.00138561 0.00143537 8 
0.00138538 0.00139857 8 
0.00137944 0.00158875 8 
0.00137242 0.00139173 8 
0.00136557 0.00141115 8 
0.00136166 0.00159171 8 
0.00135891 0.0016372 8 
0.00135726 0.00141478 8 
0.0013571 0.00136108 8 
0.00135506 0.00162158 8 
0.00134674 0.00137751 8 
0.00133869 0.00142401 8 
0.0013368 0.00159139 8 
0.00133126 0.00141478 8 
0.00132597 0.00134618 8 
0.00130115 0.00131703 8 
0.00129568 0.00132438 8 
0.0012853 0.0013103 8 
0.00128178 0.00138523 8 
0.00127685 0.00133843 8 
0.00125829 0.00136454 8 
0.00125788 0.00142049 8 
0.00125317 0.00132455 8 
0.00125129 0.00128966 8 
0.00125088 0.00136949 8 
0.00123991 0.00136523 8 
0.00123542 0.00135397 8 
0.00123336 0.00138294 8 
0.00102825 0.00106968 9 
0.0010131 0.00102174 9 
0.00100815 0.00106019 9 
0.000998961 0.00102703 9 
0.000987815 0.00100092 9 
0.000974423 0.00112172 9 
0.00094632 0.000959676 9 
0.000944694 0.000960426 9 
0.000930995 0.000935235 9 
0.000917258 0.000967269 9 
0.000903743 0.000976132 9 
0.000902856 0.000954011 9 
0.000890549 0.000917556 9 
0.000888971 0.000970044 9 
0.000888115 0.00089476 9 
0.000885806 0.000894188 9 
0.000878191 0.000907866 9 
0.000876463 0.000989156 9 
0.000861154 0.0010313 9 
0.000860559 0.000898507 9 
0.000860434 0.000882824 9 
0.000854009 0.000909594 9 
0.000849064 0.000877158 9 
0.000839006 0.000881123 9 
0.000827361 0.000847487 9 
0.000819558 0.000840678 9 
0.000817794 0.000882961 9 
0.000812975 0.000845852 9 
0.000799903 0.000885518 9 
0.000792216 0.000877158 9 
0.000791553 0.000939148 9 
0.000786588 0.000890302 9 
0.000783941 0.000873318 9 
0.00078116 0.000841311 9 
0.000780494 0.000881123 9 
0.000778913 0.00102844 9 
0.000776827 0.000819566 9 
0.00077565 0.000960634 9 
0.000769722 0.000932854 9 
0.000769017 0.000775149 9 
0.000766394 0.000845971 9 
0.000763482 0.000773512 9 
0.000757911 0.000886672 9 
0.00075398 0.000925328 9 
0.000751805 0.000889827 9 
0.000740582 0.000743595 9 
0.000740564 0.000834582 9 
0.000738746 0.000814139 9 
0.00072965 0.000787081 9 
0.000724513 0.000772377 9 
0.000722592 0.000733442 9 
0.000718631 0.000765067 9 
0.000717783 0.000733442 9 
0.000715876 0.000750415 9 
0.000704835 0.000711027 9 
0.000702739 0.000712314 9 
0.000702621 0.000705309 9 
0.000702 0.000716882 9 
0.00069621 0.000722039 9 
0.000690876 0.000713277 9 
0.000687572 0.000730586 9 
0.000685462 0.00078348 9 
0.000682203 0.000687772 9 
0.000671207 0.000736384 9 
0.000670695 0.000735909 9 
0.000656772 0.000663711 9 
0.000649239 0.000735466 9 
0.000637632 0.000720585 9 
0.000603442 0.000609157 9 
