0.528036 0.54488 0 
0.527889 0.536798 0 
0.527538 0.543493 0 
0.527288 0.533404 0 
0.527266 0.543892 0 
0.526909 0.549143 0 
0.525792 0.547279 0 
0.525661 0.537294 0 
0.525524 0.541612 0 
0.525524 0.546269 0 
0.52541 0.546088 0 
0.525404 0.536976 0 
0.525285 0.536625 0 
0.52523 0.540459 0 
0.524996 0.539808 0 
0.524939 0.539593 0 
0.524613 0.538574 0 
0.524437 0.538982 0 
0.524424 0.540965 0 
0.52432 0.544901 0 
0.524259 0.536875 0 
0.524258 0.540466 0 
0.524151 0.543514 0 
0.524086 0.541578 0 
0.524056 0.538383 0 
0.523984 0.541124 0 
0.523978 0.540912 0 
0.523934 0.52464 0 
0.523844 0.541913 0 
0.523767 0.541203 0 
0.523705 0.540027 0 
0.523676 0.537637 0 
0.523517 0.538912 0 
0.523513 0.537294 0 
0.52343 0.537379 0 
0.523384 0.52464 0 
0.523369 0.539712 0 
0.52327 0.543061 0 
0.523195 0.540432 0 
0.523195 0.536533 0 
0.52317 0.544442 0 
0.523141 0.542535 0 
0.523014 0.542625 0 
0.522968 0.5382 0 
0.522834 0.539712 0 
0.522815 0.540344 0 
0.522806 0.543275 0 
0.522765 0.545081 0 
0.522725 0.52304 0 
0.522718 0.543763 0 
0.522625 0.544366 0 
0.522513 0.546387 0 
0.5224 0.538137 0 
0.522357 0.542844 0 
0.522336 0.538272 0 
0.52216 0.542226 0 
0.522016 0.541108 0 
0.522001 0.524895 0 
0.521874 0.545922 0 
0.521542 0.54061 0 
0.521519 0.536438 0 
0.521517 0.548321 0 
0.521505 0.538584 0 
0.521379 0.546056 0 
0.521279 0.544955 0 
0.521236 0.548582 0 
0.521229 0.539373 0 
0.521212 0.538912 0 
0.521151 0.52191 0 
0.521097 0.53886 0 
0.520964 0.538785 0 
0.520898 0.545922 0 
0.520781 0.538904 0 
0.520733 0.548045 0 
0.520724 0.540755 0 
0.520702 0.521658 0 
0.520672 0.540085 0 
0.520664 0.54652 0 
0.520593 0.538351 0 
0.520556 0.542754 0 
0.52053 0.535074 0 
0.520468 0.54699 0 
0.520432 0.540505 0 
0.520416 0.539703 0 
0.520324 0.543514 0 
0.520289 0.538487 0 
0.520272 0.538578 0 
0.520132 0.54485 0 
0.520107 0.539387 0 
0.520076 0.546285 0 
0.520035 0.533404 0 
0.519912 0.540567 0 
0.519898 0.541518 0 
0.519892 0.543564 0 
0.519676 0.521588 0 
0.519598 0.53915 0 
0.519428 0.542987 0 
0.519421 0.540344 0 
0.519246 0.540802 0 
0.519207 0.538634 0 
0.519055 0.547643 0 
0.518906 0.538366 0 
0.518814 0.545987 0 
0.51863 0.538646 0 
0.518606 0.520061 0 
0.518475 0.536519 0 
0.51844 0.544197 0 
0.518367 0.546957 0 
0.518339 0.540027 0 
0.518334 0.542532 0 
0.518196 0.54733 0 
0.518193 0.542219 0 
0.518182 0.543798 0 
0.518098 0.548581 0 
0.518081 0.540344 0 
0.518056 0.537821 0 
0.518037 0.545984 0 
0.517881 0.539211 0 
0.517859 0.542381 0 
0.517708 0.540904 0 
0.517704 0.524471 0 
0.517689 0.540865 0 
0.517671 0.541574 0 
0.517633 0.543428 0 
0.517511 0.540839 0 
0.5175 0.545359 0 
0.517488 0.546038 0 
0.517453 0.541522 0 
0.517425 0.542867 0 
0.517414 0.524103 0 
0.517185 0.543209 0 
0.51713 0.543461 0 
0.516932 0.544223 0 
0.516802 0.545848 0 
0.516645 0.548509 0 
0.516605 0.542686 0 
0.516462 0.520208 0 
0.51646 0.536519 0 
0.516188 0.51858 0 
0.516087 0.52347 0 
0.51593 0.544259 0 
0.515665 0.545146 0 
0.515462 0.517859 0 
0.515457 0.541575 0 
0.515307 0.545252 0 
0.515246 0.534502 0 
0.515135 0.549704 0 
0.515049 0.544312 0 
0.514983 0.545147 0 
0.514919 0.546294 0 
0.514884 0.5156 0 
0.514876 0.547019 0 
0.514717 0.535577 0 
0.514528 0.536485 0 
0.514479 0.536533 0 
0.5144 0.54304 0 
0.514272 0.539883 0 
0.514218 0.51431 0 
0.514159 0.540108 0 
0.513926 0.514189 0 
0.513897 0.54866 0 
0.513891 0.516691 0 
0.513889 0.542433 0 
0.5138 0.544633 0 
0.51377 0.516844 0 
0.513737 0.549817 0 
0.513703 0.535965 0 
0.513594 0.541612 0 
0.513525 0.516691 0 
0.512921 0.543205 0 
0.512627 0.513164 0 
0.512442 0.535266 0 
0.512308 0.541442 0 
0.51212 0.512376 0 
0.511959 0.514901 0 
0.511846 0.544259 0 
0.511623 0.512378 0 
0.51159 0.542434 0 
0.511546 0.535184 0 
0.51143 0.512395 0 
0.511405 0.511945 0 
0.511388 0.512297 0 
0.511321 0.542642 0 
0.511219 0.511265 0 
0.510957 0.512576 0 
0.510937 0.513166 0 
0.510864 0.512575 0 
0.51082 0.512889 0 
0.510815 0.511324 0 
0.510718 0.510755 0 
0.510698 0.513228 0 
0.510654 0.512161 0 
0.51056 0.511313 0 
0.510554 0.511227 0 
0.510389 0.513056 0 
0.510329 0.511798 0 
0.510307 0.510584 0 
0.510302 0.512263 0 
0.510233 0.513909 0 
0.510196 0.511327 0 
0.510194 0.512104 0 
0.510099 0.510994 0 
0.510098 0.513971 0 
0.510061 0.517038 0 
0.509969 0.512395 0 
0.509939 0.510733 0 
0.509911 0.51008 0 
0.5099 0.511745 0 
0.50985 0.510874 0 
0.509803 0.534675 0 
0.509786 0.5116 0 
0.509678 0.511016 0 
0.509653 0.540184 0 
0.509625 0.512249 0 
0.509579 0.509632 0 
0.509555 0.511205 0 
0.50954 0.54164 0 
0.509535 0.510848 0 
0.509532 0.51197 0 
0.509482 0.511504 0 
0.509463 0.510733 0 
0.509409 0.51111 0 
0.509346 0.510536 0 
0.509316 0.513056 0 
0.509259 0.509687 0 
0.509233 0.511724 0 
0.509216 0.510921 0 
0.509212 0.51281 0 
0.509156 0.509909 0 
0.50912 0.509718 0 
0.509117 0.513425 0 
0.509094 0.512104 0 
0.509071 0.512963 0 
0.508963 0.512312 0 
0.508909 0.512108 0 
0.508788 0.509752 0 
0.508641 0.511423 0 
0.5086 0.51243 0 
0.508588 0.509219 0 
0.508549 0.514034 0 
0.508497 0.514206 0 
0.508496 0.51306 0 
0.508458 0.545156 0 
0.508401 0.509696 0 
0.508398 0.512034 0 
0.508246 0.510528 0 
0.508146 0.510105 0 
0.507943 0.508534 0 
0.507916 0.511211 0 
0.507906 0.508164 0 
0.507697 0.51141 0 
0.50753 0.511257 0 
0.507459 0.508421 0 
0.507436 0.511943 0 
0.507395 0.512812 0 
0.507291 0.509718 0 
0.507257 0.507325 0 
0.507155 0.507483 0 
0.507142 0.507726 0 
0.507077 0.508024 0 
0.506877 0.509752 0 
0.506782 0.510261 0 
0.506664 0.510439 0 
0.506552 0.510439 0 
0.506308 0.509632 0 
0.506159 0.51352 0 
0.505963 0.508977 0 
0.505613 0.510292 0 
0.505269 0.508164 0 
0.237285 0.241636 1 
0.236548 0.240948 1 
0.233157 0.234891 1 
0.232295 0.238405 1 
0.231221 0.23583 1 
0.230847 0.240829 1 
0.230669 0.231109 1 
0.23044 0.236006 1 
0.230187 0.234797 1 
0.229963 0.231227 1 
0.229591 0.235796 1 
0.229499 0.235042 1 
0.228985 0.240417 1 
0.228683 0.229708 1 
0.228526 0.228531 1 
0.228437 0.232179 1 
0.228403 0.228529 1 
0.2284 0.228443 1 
0.228008 0.228298 1 
0.227903 0.231666 1 
0.227547 0.234943 1 
0.226443 0.234387 1 
0.226215 0.227886 1 
0.22594 0.233248 1 
0.225759 0.231913 1 
0.225754 0.226077 1 
0.225695 0.235887 1 
0.225628 0.233961 1 
0.225414 0.225728 1 
0.225239 0.236435 1 
0.225131 0.234968 1 
0.224588 0.226399 1 
0.224514 0.229586 1 
0.224282 0.234377 1 
0.224156 0.226509 1 
0.224082 0.22498 1 
0.224062 0.22535 1 
0.223062 0.223896 1 
0.222948 0.22552 1 
0.222699 0.228232 1 
0.222548 0.237922 1 
0.222408 0.234396 1 
0.222396 0.222715 1 
0.222338 0.226602 1 
0.222327 0.22417 1 
0.222205 0.238697 1 
0.2221 0.226364 1 
0.22191 0.224685 1 
0.221877 0.231008 1 
0.221819 0.235461 1 
0.221299 0.235466 1 
0.220947 0.228547 1 
0.220925 0.226059 1 
0.220918 0.223317 1 
0.220691 0.22961 1 
0.220448 0.223522 1 
0.220428 0.222641 1 
0.219893 0.224471 1 
0.219765 0.220307 1 
0.219726 0.22112 1 
0.219579 0.22028 1 
0.219485 0.220562 1 
0.219419 0.223279 1 
0.219317 0.223502 1 
0.219073 0.223143 1 
0.218883 0.226591 1 
0.218883 0.231861 1 
0.21865 0.225389 1 
0.218466 0.227737 1 
0.218304 0.22116 1 
0.218196 0.226176 1 
0.218066 0.234788 1 
0.217967 0.223447 1 
0.217774 0.225561 1 
0.217497 0.227749 1 
0.216966 0.224068 1 
0.216879 0.229366 1 
0.216682 0.223006 1 
0.216369 0.217763 1 
0.216226 0.232061 1 
0.216221 0.217053 1 
0.216029 0.226628 1 
0.215745 0.228802 1 
0.215474 0.224999 1 
0.215298 0.234349 1 
0.215064 0.215204 1 
0.215011 0.216072 1 
0.21493 0.227849 1 
0.214354 0.222642 1 
0.214163 0.226036 1 
0.213748 0.214001 1 
0.213648 0.227143 1 
0.213591 0.223013 1 
0.213127 0.218639 1 
0.212948 0.217882 1 
0.21286 0.22919 1 
0.212822 0.229064 1 
0.211614 0.221749 1 
0.211545 0.226197 1 
0.211269 0.214998 1 
0.210301 0.230008 1 
0.209843 0.223267 1 
0.209264 0.214755 1 
0.209149 0.216343 1 
0.20869 0.223794 1 
0.208462 0.220836 1 
0.207425 0.215207 1 
0.207416 0.214394 1 
0.207275 0.207819 1 
0.20579 0.206741 1 
0.205265 0.205276 1 
0.204737 0.208081 1 
0.204314 0.22386 1 
0.204309 0.213694 1 
0.203772 0.208657 1 
0.20347 0.203841 1 
0.203068 0.2035 1 
0.202909 0.203573 1 
0.202813 0.202903 1 
0.20252 0.204519 1 
0.202186 0.204839 1 
0.202023 0.204012 1 
0.201542 0.204167 1 
0.201492 0.205303 1 
0.201276 0.204257 1 
0.201182 0.205257 1 
0.200902 0.20557 1 
0.200642 0.202394 1 
0.200552 0.201383 1 
0.200542 0.201655 1 
0.200523 0.200782 1 
0.200504 0.20179 1 
0.200387 0.202493 1 
0.200288 0.202093 1 
0.199983 0.200481 1 
0.199942 0.200202 1 
0.199869 0.201047 1 
0.199827 0.200178 1 
0.199792 0.200386 1 
0.199761 0.200956 1 
0.199746 0.199973 1 
0.199566 0.20331 1 
0.199484 0.201074 1 
0.199449 0.199545 1 
0.199409 0.200529 1 
0.199408 0.200013 1 
0.199113 0.200448 1 
0.19905 0.201178 1 
0.198983 0.19957 1 
0.198937 0.201689 1 
0.198671 0.199031 1 
0.198564 0.199916 1 
0.198521 0.200492 1 
0.198381 0.202903 1 
0.198302 0.200497 1 
0.198265 0.201074 1 
0.198169 0.199848 1 
0.1981 0.200965 1 
0.198054 0.198506 1 
0.197798 0.197811 1 
0.197681 0.200956 1 
0.197648 0.201868 1 
0.197562 0.197685 1 
0.19756 0.199819 1 
0.197469 0.199819 1 
0.197357 0.205714 1 
0.197344 0.201011 1 
0.197336 0.198362 1 
0.197317 0.20015 1 
0.197312 0.197998 1 
0.197289 0.198768 1 
0.197276 0.198558 1 
0.197207 0.204518 1 
0.197155 0.200586 1 
0.197002 0.197304 1 
0.196924 0.20186 1 
0.196914 0.198877 1 
0.196904 0.202039 1 
0.196823 0.197811 1 
0.196644 0.200728 1 
0.196621 0.197032 1 
0.19656 0.197758 1 
0.196535 0.199031 1 
0.196341 0.199465 1 
0.196328 0.1991 1 
0.1963 0.200455 1 
0.196253 0.197885 1 
0.196246 0.199471 1 
0.196221 0.197759 1 
0.195957 0.200793 1 
0.195784 0.200908 1 
0.195744 0.198231 1 
0.195488 0.196454 1 
0.195334 0.200642 1 
0.194543 0.198895 1 
0.116581 0.117777 2 
0.115878 0.116222 2 
0.115306 0.119728 2 
0.114797 0.116809 2 
0.114561 0.117069 2 
0.1141 0.116447 2 
0.113646 0.115161 2 
0.113636 0.113676 2 
0.113463 0.114851 2 
0.111204 0.11234 2 
0.110292 0.112915 2 
0.110107 0.118064 2 
0.109092 0.109875 2 
0.108707 0.110675 2 
0.107891 0.110133 2 
0.107812 0.114152 2 
0.107405 0.109229 2 
0.106933 0.110619 2 
0.106895 0.111715 2 
0.10688 0.108292 2 
0.106665 0.113904 2 
0.10648 0.109029 2 
0.105427 0.107276 2 
0.105228 0.111669 2 
0.104605 0.111056 2 
0.104565 0.107214 2 
0.103054 0.112356 2 
0.102946 0.108102 2 
0.102248 0.109183 2 
0.101337 0.103177 2 
0.0975714 0.11549 2 
0.0958017 0.0976338 2 
0.0937706 0.0984978 2 
0.0934239 0.095981 2 
0.093312 0.0935376 2 
0.0927238 0.0978916 2 
0.092145 0.0928718 2 
0.0915826 0.0922075 2 
0.0911019 0.091173 2 
0.0903145 0.0911578 2 
0.0901089 0.0920112 2 
0.0897893 0.0900579 2 
0.0897789 0.0992635 2 
0.0891849 0.0895565 2 
0.0889887 0.0905492 2 
0.0889226 0.0945683 2 
0.0887628 0.090113 2 
0.0884399 0.0891226 2 
0.0884234 0.0890883 2 
0.0878993 0.0902282 2 
0.0874249 0.0879957 2 
0.0873402 0.0877635 2 
0.08725 0.0886154 2 
0.0872022 0.0911156 2 
0.0870158 0.0942684 2 
0.0868856 0.0878818 2 
0.0866164 0.0869673 2 
0.0865485 0.089369 2 
0.0862542 0.0890687 2 
0.0855637 0.0881897 2 
0.0855529 0.0865208 2 
0.0855145 0.0862368 2 
0.085192 0.0870005 2 
0.0851747 0.0856987 2 
0.0848235 0.0863304 2 
0.084786 0.0854939 2 
0.0847846 0.0850674 2 
0.0844033 0.0856453 2 
0.0843889 0.090503 2 
0.0841786 0.0844465 2 
0.0838568 0.0867036 2 
0.083856 0.0841105 2 
0.0838411 0.0845457 2 
0.0837885 0.0840774 2 
0.0837399 0.0850339 2 
0.0836793 0.0844465 2 
0.0836029 0.0849457 2 
0.083579 0.0854773 2 
0.0833961 0.0864938 2 
0.0833756 0.0835871 2 
0.0832684 0.0863985 2 
0.0831869 0.0833774 2 
0.0831209 0.0861574 2 
0.0829978 0.0852399 2 
0.0829653 0.0838099 2 
0.0829598 0.0850313 2 
0.0829526 0.0843709 2 
0.0828791 0.089885 2 
0.0828286 0.087069 2 
0.0828189 0.085914 2 
0.0827717 0.0843709 2 
0.0827014 0.0830956 2 
0.0826848 0.083952 2 
0.0826734 0.0852441 2 
0.0825634 0.0850706 2 
0.0825375 0.0860685 2 
0.0824206 0.0850313 2 
0.0823395 0.0844319 2 
0.0823122 0.0871239 2 
0.0821748 0.0844739 2 
0.0820764 0.0826856 2 
0.0820701 0.0847262 2 
0.082039 0.0842988 2 
0.0819273 0.0824303 2 
0.081905 0.0843448 2 
0.0818339 0.0822756 2 
0.0817897 0.0860652 2 
0.0816932 0.0817478 2 
0.0816434 0.0857849 2 
0.0816151 0.082578 2 
0.0816128 0.0823478 2 
0.0814954 0.0830618 2 
0.081247 0.0833762 2 
0.0810568 0.0824394 2 
0.0810052 0.0845274 2 
0.0807329 0.0841788 2 
0.0806849 0.0834458 2 
0.080632 0.0826856 2 
0.0804888 0.0844462 2 
0.080315 0.0803987 2 
0.0800963 0.0860015 2 
0.0598222 0.0618248 3 
0.0594065 0.0598664 3 
0.0591713 0.0597183 3 
0.0578746 0.0619018 3 
0.0569513 0.0576497 3 
0.053916 0.0641183 3 
0.0455308 0.0473325 3 
0.044463 0.0449035 3 
0.0436783 0.0450963 3 
0.0435131 0.0450784 3 
0.0431557 0.0433967 3 
0.0428904 0.0450315 3 
0.0423384 0.0433948 3 
0.0422797 0.044109 3 
0.0419973 0.0453997 3 
0.0415365 0.044402 3 
0.041067 0.0436118 3 
0.0408581 0.0422435 3 
0.0408426 0.0413277 3 
0.0407112 0.0415839 3 
0.0404097 0.0406101 3 
0.0403797 0.0410023 3 
0.0401894 0.0414176 3 
0.0401561 0.0404749 3 
0.0401458 0.0404755 3 
0.0400353 0.040728 3 
0.0399174 0.0447874 3 
0.0399155 0.0436709 3 
0.0398709 0.039908 3 
0.0398623 0.0415766 3 
0.0397626 0.0409975 3 
0.0396977 0.041689 3 
0.0395831 0.0420348 3 
0.0395215 0.040146 3 
0.0395193 0.0414928 3 
0.0394567 0.0416074 3 
0.0394324 0.0422247 3 
0.0393365 0.0406578 3 
0.0389278 0.0402426 3 
0.0386573 0.0401914 3 
0.0385041 0.0388033 3 
0.038439 0.0421096 3 
0.0383779 0.0384624 3 
0.0383135 0.0385648 3 
0.0382798 0.0403563 3 
0.0382464 0.0389144 3 
0.038179 0.0404791 3 
0.0380894 0.0384176 3 
0.0380862 0.0387166 3 
0.037938 0.0401216 3 
0.037935 0.038418 3 
0.037808 0.0380128 3 
0.0378051 0.0380026 3 
0.0377986 0.0378646 3 
0.0377945 0.0378646 3 
0.0377824 0.0386771 3 
0.0376488 0.040728 3 
0.0375718 0.0394773 3 
0.037403 0.0377974 3 
0.0373868 0.0392489 3 
0.0373449 0.0390913 3 
0.037306 0.0376869 3 
0.0372115 0.0402129 3 
0.037163 0.0402914 3 
0.037146 0.0380026 3 
0.0371452 0.0390257 3 
0.0370784 0.0373101 3 
0.0370357 0.0382187 3 
0.0369734 0.0389896 3 
0.0368704 0.038418 3 
0.0368292 0.0392489 3 
0.0368231 0.0384329 3 
0.03674 0.0368678 3 
0.0367261 0.0378966 3 
0.0365719 0.0374222 3 
0.0365539 0.039236 3 
0.0365143 0.0370175 3 
0.0364245 0.0405068 3 
0.0363919 0.0363996 3 
0.0363374 0.0370431 3 
0.0363276 0.0370253 3 
0.0362685 0.0384694 3 
0.0359513 0.0360828 3 
0.0359377 0.0363835 3 
0.0359331 0.0379011 3 
0.035927 0.036097 3 
0.035842 0.0359842 3 
0.0358058 0.0360996 3 
0.03576 0.036097 3 
0.0352954 0.0380941 3 
0.0352782 0.0378923 3 
0.0349757 0.0392312 3 
0.0355987 0.0364893 4 
0.0347534 0.038339 4 
0.0329897 0.0333048 4 
0.0231653 0.0236441 4 
0.0224808 0.0236441 4 
0.0217423 0.0219646 4 
0.0216277 0.0219751 4 
0.0215868 0.0219809 4 
0.0215501 0.0217337 4 
0.0212889 0.024021 4 
0.0211729 0.0213787 4 
0.0210624 0.0216701 4 
0.0208497 0.021206 4 
0.0202888 0.020408 4 
0.020147 0.0209347 4 
0.0201427 0.0209347 4 
0.0201107 0.0201645 4 
0.0200718 0.0203617 4 
0.0200628 0.020732 4 
0.0200529 0.021532 4 
0.0200332 0.0204004 4 
0.0200183 0.021662 4 
0.0199494 0.0215656 4 
0.0199386 0.0203943 4 
0.0198883 0.0203617 4 
0.0198607 0.0221521 4 
0.0198438 0.020568 4 
0.0197299 0.0202339 4 
0.0197104 0.0203195 4 
0.019696 0.0201645 4 
0.0196607 0.0204032 4 
0.0194834 0.0195857 4 
0.0194038 0.0206801 4 
0.0193139 0.0211304 4 
0.0192641 0.0203988 4 
0.0190107 0.0190626 4 
0.0188503 0.0194593 4 
0.0187351 0.0196383 4 
0.01849 0.0204482 4 
0.0184583 0.0187601 4 
0.0184358 0.018893 4 
0.0184204 0.0209563 4 
0.0183244 0.0190626 4 
0.0183104 0.020117 4 
0.0183102 0.018916 4 
0.0182905 0.0204777 4 
0.0182239 0.0198073 4 
0.0181893 0.0183826 4 
0.0181845 0.0193301 4 
0.0181368 0.0190505 4 
0.0180756 0.0186606 4 
0.0180075 0.0186172 4 
0.0179969 0.0180516 4 
0.017889 0.018148 4 
0.0178196 0.0201083 4 
0.0178183 0.0179873 4 
0.0177756 0.0180752 4 
0.0177522 0.0187001 4 
0.0177481 0.0190181 4 
0.017664 0.018163 4 
0.0176158 0.0184632 4 
0.0175294 0.0181013 4 
0.0175291 0.018148 4 
0.0174514 0.0180665 4 
0.0174307 0.0189057 4 
0.0174205 0.0175327 4 
0.0174092 0.0177147 4 
0.0174011 0.0190498 4 
0.0173759 0.0177192 4 
0.0173746 0.017617 4 
0.0173419 0.0178515 4 
0.0173099 0.0176937 4 
0.017293 0.0175373 4 
0.0172667 0.0178903 4 
0.0172499 0.0182714 4 
0.0171916 0.0175373 4 
0.0171642 0.0187462 4 
0.0169388 0.0174826 4 
0.0166691 0.0181323 4 
0.0166589 0.0167244 4 
0.0166474 0.0181459 4 
0.0241373 0.0249564 5 
0.0230976 0.0242148 5 
0.0204235 0.021058 5 
0.0120309 0.013373 5 
0.0119953 0.012119 5 
0.0119444 0.0128165 5 
0.011329 0.0114846 5 
0.0111309 0.0118008 5 
0.0110248 0.011469 5 
0.0109878 0.0122481 5 
0.0109773 0.0117284 5 
0.0109544 0.011111 5 
0.0109014 0.0112535 5 
0.0108856 0.0110429 5 
0.0107941 0.0109025 5 
0.0106823 0.0113206 5 
0.0105405 0.0115554 5 
0.0104998 0.0106933 5 
0.0104856 0.0106634 5 
0.0102928 0.0108424 5 
0.010266 0.0107938 5 
0.0102508 0.0105321 5 
0.0102359 0.0109044 5 
0.0102268 0.0105839 5 
0.0100221 0.0104424 5 
0.0100144 0.0106634 5 
0.00983143 0.0103681 5 
0.00981868 0.0111067 5 
0.00979093 0.0105687 5 
0.0097835 0.0112309 5 
0.00975182 0.0103364 5 
0.00960573 0.00975759 5 
0.00941579 0.00954493 5 
0.00938403 0.0100278 5 
0.00933379 0.0100019 5 
0.00931002 0.00975879 5 
0.00924422 0.00940213 5 
0.00919193 0.00926286 5 
0.00916972 0.00948609 5 
0.00909698 0.00977466 5 
0.00908791 0.00940239 5 
0.00904757 0.00934205 5 
0.00898998 0.0101977 5 
0.0089778 0.00937579 5 
0.00896046 0.00940002 5 
0.00891988 0.00991332 5 
0.00886886 0.00942485 5 
0.00886293 0.00928154 5 
0.0088531 0.00902874 5 
0.00884357 0.00961491 5 
0.00880033 0.00926286 5 
0.00871988 0.00961491 5 
0.00864373 0.00883852 5 
0.00857989 0.00933113 5 
0.00853477 0.00973285 5 
0.00847365 0.00921707 5 
0.00847147 0.00853341 5 
0.00845241 0.008523 5 
0.00844899 0.00921707 5 
0.00835543 0.00889389 5 
0.00829973 0.00837196 5 
0.00824993 0.00937278 5 
0.00821592 0.00875028 5 
0.00820931 0.00847428 5 
0.0158419 0.0167554 6 
0.0134279 0.014177 6 
0.00757974 0.00788607 6 
0.00696144 0.00759361 6 
0.00645361 0.00678082 6 
0.00637413 0.00650709 6 
0.00635776 0.00652568 6 
0.00608188 0.00621223 6 
0.00605626 0.00609562 6 
0.0059033 0.00595036 6 
0.00588165 0.00615661 6 
0.00584767 0.00585062 6 
0.00583432 0.00588004 6 
0.00583318 0.00598144 6 
0.0058246 0.00611956 6 
0.0057047 0.00599208 6 
0.0056853 0.00585382 6 
0.00563945 0.00605171 6 
0.00563934 0.0056674 6 
0.00562321 0.00577026 6 
0.00556677 0.00558134 6 
0.00552201 0.00589238 6 
0.00542066 0.0059706 6 
0.00541901 0.00625527 6 
0.0053601 0.00615661 6 
0.00532683 0.00537374 6 
0.00524392 0.00622949 6 
0.00519188 0.00529345 6 
0.00505366 0.00531716 6 
0.0050143 0.00511559 6 
0.00498203 0.00535526 6 
0.0048653 0.00505669 6 
0.0047141 0.00538027 6 
0.00470281 0.00502581 6 
0.00470132 0.00517797 6 
0.00469357 0.00512563 6 
0.00464519 0.00472712 6 
0.00461455 0.00576125 6 
0.00461316 0.00466492 6 
0.00458065 0.00458586 6 
0.00455714 0.00458586 6 
0.0045548 0.00464066 6 
0.0044976 0.00528262 6 
0.00442745 0.0049673 6 
0.00440306 0.00443012 6 
0.00434513 0.00458586 6 
0.00430853 0.004973 6 
0.00430552 0.00492362 6 
0.00379487 0.00383004 6 
0.0111991 0.0118743 7 
0.00916146 0.00990012 7 
0.00459076 0.00488212 7 
0.00409497 0.0041582 7 
0.00381522 0.0039523 7 
0.00380956 0.00394722 7 
0.00369926 0.00388584 7 
0.00367909 0.00397727 7 
0.00356699 0.0037156 7 
0.00356214 0.00395477 7 
0.00353535 0.00376711 7 
0.00348158 0.00373742 7 
0.00333298 0.00339573 7 
0.00327604 0.00339652 7 
0.00326995 0.00353849 7 
0.00323282 0.00336426 7 
0.00321113 0.00338834 7 
0.00319116 0.00384047 7 
0.00314948 0.00321872 7 
0.00309851 0.00374272 7 
0.00309122 0.00321917 7 
0.00307679 0.00314727 7 
0.00305389 0.00318243 7 
0.00300646 0.0030139 7 
0.00290359 0.00347103 7 
0.00289281 0.00293808 7 
0.00287388 0.00296087 7 
0.00286803 0.00326138 7 
0.00280281 0.00297715 7 
0.00276832 0.00281058 7 
0.00274273 0.00277523 7 
0.00273222 0.00331772 7 
0.00271761 0.00319224 7 
0.00271245 0.00303854 7 
0.00267185 0.00289875 7 
0.00264913 0.00277523 7 
0.002599 0.00303988 7 
0.002575 0.00322311 7 
0.00251385 0.00261955 7 
0.0025103 0.00258213 7 
0.00241867 0.0029642 7 
0.00227771 0.00235827 7 
0.0080388 0.00871481 8 
0.00638094 0.00704928 8 
0.00298581 0.00324027 8 
0.00262693 0.00271078 8 
0.00257421 0.00263633 8 
0.00256692 0.00259886 8 
0.00239797 0.0025422 8 
0.00231212 0.00253622 8 
0.00228542 0.00248272 8 
0.00208274 0.00249651 8 
0.00202555 0.0020893 8 
0.00197195 0.00202463 8 
0.00196817 0.00223129 8 
0.00196515 0.0022765 8 
0.00195972 0.00212364 8 
0.00193952 0.00235495 8 
0.00193321 0.00200306 8 
0.00192788 0.00196183 8 
0.00192613 0.00205365 8 
0.00190308 0.00197397 8 
0.0018881 0.00211188 8 
0.00185191 0.00199848 8 
0.0018015 0.00181576 8 
0.0017443 0.00189759 8 
0.00174391 0.00182911 8 
0.00170839 0.0018403 8 
0.00168816 0.00185732 8 
0.00168016 0.00175782 8 
0.00165484 0.00189563 8 
0.00164173 0.00175248 8 
0.00161835 0.0020626 8 
0.00161116 0.00198043 8 
0.00147438 0.00172949 8 
0.00139716 0.00158502 8 
0.0012638 0.00129548 8 
0.00581396 0.00634935 9 
0.00449364 0.00507063 9 
0.00203815 0.00224451 9 
0.00191936 0.00194761 9 
0.00176947 0.0018292 9 
0.00172772 0.00175023 9 
0.00167491 0.00171028 9 
0.00160014 0.00178177 9 
0.00150983 0.00171017 9 
0.00147312 0.00148124 9 
0.00146757 0.00162752 9 
0.0014297 0.00156712 9 
0.00140366 0.0014705 9 
0.00139442 0.00157355 9 
0.00131557 0.00132515 9 
0.00131114 0.0015778 9 
0.00126976 0.00134301 9 
0.0012656 0.00130664 9 
0.00125649 0.00147903 9 
0.00118874 0.00131455 9 
0.00118386 0.00127217 9 
0.00116665 0.00123623 9 
0.00115543 0.00117579 9 
0.00115099 0.00118089 9 
0.00112559 0.00120804 9 
0.00111655 0.00132246 9 
0.00109528 0.00134742 9 
0.00109031 0.00116879 9 
0.00107582 0.00113573 9 
0.00104552 0.00124404 9 
0.000960002 0.00105761 9 
0.000872691 0.00102386 9 
0.000756243 0.000800251 9 
