0 0.500944 0 
0 0.501032 0 
0 0.501662 0 
0 0.502551 0 
0 0.503523 0 
0 0.503982 0 
0 0.504274 0 
0 0.504885 0 
0 0.504955 0 
0 0.505003 0 
0 0.505104 0 
0 0.50518 0 
0 0.505353 0 
0 0.505503 0 
0 0.505559 0 
0 0.50573 0 
0 0.505731 0 
0 0.505799 0 
0 0.506035 0 
0 0.506103 0 
0 0.50622 0 
0 0.506303 0 
0 0.506383 0 
0 0.506521 0 
0 0.506548 0 
0 0.506613 0 
0 0.506723 0 
0 0.506804 0 
0 0.506856 0 
0 0.506878 0 
0 0.506961 0 
0 0.507013 0 
0 0.507074 0 
0 0.507278 0 
0 0.507287 0 
0 0.507505 0 
0 0.507712 0 
0 0.507731 0 
0 0.507744 0 
0 0.507841 0 
0 0.508267 0 
0 0.508281 0 
0 0.508347 0 
0 0.508399 0 
0 0.508462 0 
0 0.5085 0 
0 0.508532 0 
0 0.508589 0 
0 0.508669 0 
0 0.508849 0 
0 0.50886 0 
0 0.508937 0 
0 0.508947 0 
0 0.508997 0 
0 0.50901 0 
0 0.50901 0 
0 0.509022 0 
0 0.50912 0 
0 0.509185 0 
0 0.509188 0 
0 0.509267 0 
0 0.509326 0 
0 0.509497 0 
0 0.509542 0 
0 0.509559 0 
0 0.509606 0 
0 0.509694 0 
0 0.509713 0 
0 0.509755 0 
0 0.509769 0 
0 0.509848 0 
0 0.50998 0 
0 0.510015 0 
0 0.510138 0 
0 0.510232 0 
0 0.510293 0 
0 0.51033 0 
0 0.510366 0 
0 0.510437 0 
0 0.510439 0 
0 0.510443 0 
0 0.510447 0 
0 0.510458 0 
0 0.510469 0 
0 0.510498 0 
0 0.510499 0 
0 0.510537 0 
0 0.510548 0 
0 0.510652 0 
0 0.510661 0 
0 0.510724 0 
0 0.510745 0 
0 0.510745 0 
0 0.510759 0 
0 0.510872 0 
0 0.510876 0 
0 0.51088 0 
0 0.510952 0 
0 0.51102 0 
0 0.511097 0 
0 0.511195 0 
0 0.511262 0 
0 0.511267 0 
0 0.511339 0 
0 0.511343 0 
0 0.511383 0 
0 0.511437 0 
0 0.511485 0 
0 0.511618 0 
0 0.511624 0 
0 0.511643 0 
0 0.511764 0 
0 0.511858 0 
0 0.511904 0 
0 0.511948 0 
0 0.511957 0 
0 0.511968 0 
0 0.512186 0 
0 0.512304 0 
0 0.512517 0 
0 0.512618 0 
0 0.512825 0 
0 0.512859 0 
0 0.513052 0 
0 0.513069 0 
0 0.513146 0 
0 0.513682 0 
0 inf 0 
0 0.192746 1 
0 0.195193 1 
0 0.196341 1 
0 0.196656 1 
0 0.196764 1 
0 0.19694 1 
0 0.196971 1 
0 0.19737 1 
0 0.197457 1 
0 0.197855 1 
0 0.198041 1 
0 0.1984 1 
0 0.198725 1 
0 0.198995 1 
0 0.199019 1 
0 0.199044 1 
0 0.19921 1 
0 0.199448 1 
0 0.199551 1 
0 0.199671 1 
0 0.199726 1 
0 0.200086 1 
0 0.200111 1 
0 0.200185 1 
0 0.200304 1 
0 0.200393 1 
0 0.200447 1 
0 0.200476 1 
0 0.200504 1 
0 0.200528 1 
0 0.2006 1 
0 0.200675 1 
0 0.200729 1 
0 0.200735 1 
0 0.200765 1 
0 0.20082 1 
0 0.200859 1 
0 0.200861 1 
0 0.200862 1 
0 0.20087 1 
0 0.200971 1 
0 0.20102 1 
0 0.201095 1 
0 0.201112 1 
0 0.20115 1 
0 0.201191 1 
0 0.201288 1 
0 0.201315 1 
0 0.201321 1 
0 0.201399 1 
0 0.20141 1 
0 0.201443 1 
0 0.201444 1 
0 0.201446 1 
0 0.201457 1 
0 0.201478 1 
0 0.201486 1 
0 0.201565 1 
0 0.201583 1 
0 0.201675 1 
0 0.201824 1 
0 0.201841 1 
0 0.201883 1 
0 0.201951 1 
0 0.201955 1 
0 0.202012 1 
0 0.202025 1 
0 0.202039 1 
0 0.2021 1 
0 0.202152 1 
0 0.202197 1 
0 0.202219 1 
0 0.202236 1 
0 0.202251 1 
0 0.202295 1 
0 0.202298 1 
0 0.202302 1 
0 0.202312 1 
0 0.202421 1 
0 0.202426 1 
0 0.202556 1 
0 0.202556 1 
0 0.202583 1 
0 0.202646 1 
0 0.202652 1 
0 0.202668 1 
0 0.202704 1 
0 0.202714 1 
0 0.202742 1 
0 0.202747 1 
0 0.202762 1 
0 0.202773 1 
0 0.202789 1 
0 0.202797 1 
0 0.202831 1 
0 0.202939 1 
0 0.202963 1 
0 0.203068 1 
0 0.203093 1 
0 0.203159 1 
0 0.203171 1 
0 0.203266 1 
0 0.203336 1 
0 0.203348 1 
0 0.203433 1 
0 0.203448 1 
0 0.203458 1 
0 0.203503 1 
0 0.203507 1 
0 0.203594 1 
0 0.203743 1 
0 0.203744 1 
0 0.203832 1 
0 0.203916 1 
0 0.203994 1 
0 0.204142 1 
0 0.204193 1 
0 0.204197 1 
0 0.204197 1 
0 0.204427 1 
0 0.204428 1 
0 0.204491 1 
0 0.204701 1 
0 0.204859 1 
0 0.205097 1 
0 0.205299 1 
0 0.205543 1 
0 inf 1 
0 0.0801389 2 
0 0.0802892 2 
0 0.080645 2 
0 0.081142 2 
0 0.0814425 2 
0 0.081812 2 
0 0.0820785 2 
0 0.082131 2 
0 0.0825045 2 
0 0.0828946 2 
0 0.0831382 2 
0 0.0834208 2 
0 0.0834298 2 
0 0.0834357 2 
0 0.0834529 2 
0 0.0835526 2 
0 0.0836943 2 
0 0.0837622 2 
0 0.0838182 2 
0 0.0838657 2 
0 0.0839059 2 
0 0.0839181 2 
0 0.0840659 2 
0 0.0840975 2 
0 0.0841561 2 
0 0.0841862 2 
0 0.0841904 2 
0 0.0842382 2 
0 0.0842684 2 
0 0.0842992 2 
0 0.0844155 2 
0 0.0844162 2 
0 0.0844581 2 
0 0.0845544 2 
0 0.0846344 2 
0 0.0846701 2 
0 0.0847451 2 
0 0.0848302 2 
0 0.0848327 2 
0 0.0849879 2 
0 0.0850395 2 
0 0.0850652 2 
0 0.0850716 2 
0 0.0851708 2 
0 0.0851884 2 
0 0.0852265 2 
0 0.0852357 2 
0 0.0852619 2 
0 0.0853822 2 
0 0.0853985 2 
0 0.0853986 2 
0 0.0855163 2 
0 0.0855257 2 
0 0.0856299 2 
0 0.0856529 2 
0 0.0856792 2 
0 0.0857233 2 
0 0.085798 2 
0 0.0858442 2 
0 0.0859726 2 
0 0.0860574 2 
0 0.0860854 2 
0 0.0860956 2 
0 0.0861065 2 
0 0.0861421 2 
0 0.0862021 2 
0 0.0862197 2 
0 0.0862239 2 
0 0.0863191 2 
0 0.0863828 2 
0 0.0863884 2 
0 0.0864101 2 
0 0.0865361 2 
0 0.086549 2 
0 0.0865939 2 
0 0.0866079 2 
0 0.086614 2 
0 0.0866158 2 
0 0.0866216 2 
0 0.086629 2 
0 0.0866814 2 
0 0.0867145 2 
0 0.0867925 2 
0 0.0868213 2 
0 0.0868231 2 
0 0.0868235 2 
0 0.0868297 2 
0 0.0868364 2 
0 0.0870458 2 
0 0.0870776 2 
0 0.0870951 2 
0 0.0871963 2 
0 0.0872025 2 
0 0.0872136 2 
0 0.0872215 2 
0 0.0872432 2 
0 0.0873641 2 
0 0.0874449 2 
0 0.0874616 2 
0 0.0875897 2 
0 0.0876095 2 
0 0.0876737 2 
0 0.0877187 2 
0 0.0878942 2 
0 0.0879005 2 
0 0.0879387 2 
0 0.0879401 2 
0 0.0880107 2 
0 0.0880158 2 
0 0.0880359 2 
0 0.0880928 2 
0 0.0881341 2 
0 0.0881447 2 
0 0.0882086 2 
0 0.0882903 2 
0 0.088298 2 
0 0.0883676 2 
0 0.0884474 2 
0 0.0884646 2 
0 0.0885452 2 
0 0.0886629 2 
0 0.0887439 2 
0 0.0889367 2 
0 0.0890032 2 
0 0.0891812 2 
0 0.0892322 2 
0 0.0895304 2 
0 inf 2 
0 0.0344624 3 
0 0.0348224 3 
0 0.0351205 3 
0 0.0356263 3 
0 0.0356654 3 
0 0.0358661 3 
0 0.0358846 3 
0 0.0359561 3 
0 0.0362178 3 
0 0.0365106 3 
0 0.0366476 3 
0 0.0366589 3 
0 0.0368249 3 
0 0.0368319 3 
0 0.0369581 3 
0 0.0369783 3 
0 0.0369805 3 
0 0.0369963 3 
0 0.0370398 3 
0 0.0370832 3 
0 0.0371097 3 
0 0.0371552 3 
0 0.0371763 3 
0 0.0372243 3 
0 0.0372991 3 
0 0.0373449 3 
0 0.0373558 3 
0 0.0374507 3 
0 0.0374845 3 
0 0.0376492 3 
0 0.0377403 3 
0 0.0377498 3 
0 0.0377612 3 
0 0.0377696 3 
0 0.0378222 3 
0 0.0378235 3 
0 0.0378445 3 
0 0.0378748 3 
0 0.0378814 3 
0 0.0378973 3 
0 0.0380129 3 
0 0.0380621 3 
0 0.0381511 3 
0 0.0381729 3 
0 0.0382625 3 
0 0.0383037 3 
0 0.0383345 3 
0 0.038355 3 
0 0.0383814 3 
0 0.0384279 3 
0 0.0384318 3 
0 0.0384426 3 
0 0.0384722 3 
0 0.0384949 3 
0 0.0384996 3 
0 0.0385549 3 
0 0.0385575 3 
0 0.0385618 3 
0 0.0385809 3 
0 0.0387236 3 
0 0.0387558 3 
0 0.0387563 3 
0 0.0387706 3 
0 0.0387905 3 
0 0.0387957 3 
0 0.0388028 3 
0 0.038837 3 
0 0.0389114 3 
0 0.0389121 3 
0 0.038958 3 
0 0.0389684 3 
0 0.0389857 3 
0 0.0389938 3 
0 0.0390035 3 
0 0.0390357 3 
0 0.0390605 3 
0 0.0391616 3 
0 0.0391681 3 
0 0.0391688 3 
0 0.0392377 3 
0 0.0392699 3 
0 0.0392872 3 
0 0.039303 3 
0 0.0393406 3 
0 0.0393786 3 
0 0.0393787 3 
0 0.0393798 3 
0 0.0394697 3 
0 0.0395064 3 
0 0.0395114 3 
0 0.0395883 3 
0 0.0395894 3 
0 0.0396698 3 
0 0.0396735 3 
0 0.0396784 3 
0 0.0397074 3 
0 0.0397146 3 
0 0.0397729 3 
0 0.039851 3 
0 0.0398697 3 
0 0.039874 3 
0 0.0398929 3 
0 0.0399506 3 
0 0.0400239 3 
0 0.0401002 3 
0 0.0401594 3 
0 0.0402067 3 
0 0.040323 3 
0 0.0403482 3 
0 0.0403491 3 
0 0.040351 3 
0 0.0404177 3 
0 0.0404221 3 
0 0.0404926 3 
0 0.0404988 3 
0 0.0405411 3 
0 0.0405778 3 
0 0.040608 3 
0 0.0407996 3 
0 0.040876 3 
0 0.0409154 3 
0 0.0409563 3 
0 0.0409964 3 
0 0.0410429 3 
0 0.0411184 3 
0 0.0413976 3 
0 0.0415217 3 
0 inf 3 
0 0.0153391 4 
0 0.0157576 4 
0 0.0158217 4 
0 0.0163347 4 
0 0.0163794 4 
0 0.0164667 4 
0 0.0164721 4 
0 0.0165467 4 
0 0.0165831 4 
0 0.0167139 4 
0 0.0167408 4 
0 0.0168014 4 
0 0.0168821 4 
0 0.016908 4 
0 0.016939 4 
0 0.0169699 4 
0 0.0169951 4 
0 0.0170453 4 
0 0.017052 4 
0 0.0170751 4 
0 0.017124 4 
0 0.0171379 4 
0 0.0171387 4 
0 0.0172118 4 
0 0.0172423 4 
0 0.0173363 4 
0 0.0173665 4 
0 0.0173803 4 
0 0.0174403 4 
0 0.0174436 4 
0 0.017489 4 
0 0.0175324 4 
0 0.017583 4 
0 0.0175902 4 
0 0.0176075 4 
0 0.0176133 4 
0 0.0176272 4 
0 0.0176739 4 
0 0.0176874 4 
0 0.0177394 4 
0 0.0177512 4 
0 0.0177974 4 
0 0.0178152 4 
0 0.0178493 4 
0 0.0178716 4 
0 0.0178719 4 
0 0.0179208 4 
0 0.0179234 4 
0 0.0179439 4 
0 0.0180022 4 
0 0.0180321 4 
0 0.0180463 4 
0 0.0180608 4 
0 0.0180681 4 
0 0.0180834 4 
0 0.0181044 4 
0 0.0181054 4 
0 0.0181197 4 
0 0.018152 4 
0 0.0181557 4 
0 0.0181679 4 
0 0.0181732 4 
0 0.0181785 4 
0 0.01818 4 
0 0.0182222 4 
0 0.0182594 4 
0 0.0182603 4 
0 0.0182663 4 
0 0.018293 4 
0 0.0183212 4 
0 0.0183337 4 
0 0.0183344 4 
0 0.01834 4 
0 0.0183588 4 
0 0.0183882 4 
0 0.0183894 4 
0 0.0184219 4 
0 0.0184382 4 
0 0.0184766 4 
0 0.0184906 4 
0 0.0185287 4 
0 0.0185613 4 
0 0.018611 4 
0 0.0186113 4 
0 0.0186116 4 
0 0.0186268 4 
0 0.0186798 4 
0 0.0186933 4 
0 0.0186971 4 
0 0.0187107 4 
0 0.0187237 4 
0 0.0187336 4 
0 0.018739 4 
0 0.0187474 4 
0 0.0187493 4 
0 0.0187496 4 
0 0.018763 4 
0 0.0187711 4 
0 0.0188524 4 
0 0.0189654 4 
0 0.0189848 4 
0 0.0190094 4 
0 0.0190619 4 
0 0.0190688 4 
0 0.0190723 4 
0 0.019086 4 
0 0.0191104 4 
0 0.0191318 4 
0 0.0191447 4 
0 0.019214 4 
0 0.019229 4 
0 0.0192327 4 
0 0.0192619 4 
0 0.0193506 4 
0 0.0194004 4 
0 0.0194132 4 
0 0.0194383 4 
0 0.0194436 4 
0 0.0194562 4 
0 0.0194831 4 
0 0.0195115 4 
0 0.0196662 4 
0 0.0196923 4 
0 0.0197233 4 
0 0.019769 4 
0 0.0198573 4 
0 0.0202778 4 
0 inf 4 
0 0.00701049 5 
0 0.00739216 5 
0 0.00742465 5 
0 0.00768281 5 
0 0.00769079 5 
0 0.00774643 5 
0 0.00782734 5 
0 0.00787756 5 
0 0.00794826 5 
0 0.00794915 5 
0 0.00796216 5 
0 0.00799819 5 
0 0.00800038 5 
0 0.00800862 5 
0 0.00801095 5 
0 0.00801563 5 
0 0.00805219 5 
0 0.0080723 5 
0 0.00808941 5 
0 0.00812133 5 
0 0.00813078 5 
0 0.00814043 5 
0 0.00821158 5 
0 0.0082247 5 
0 0.00826112 5 
0 0.00829516 5 
0 0.00830753 5 
0 0.00832194 5 
0 0.00834348 5 
0 0.00836941 5 
0 0.0083948 5 
0 0.00840916 5 
0 0.00841088 5 
0 0.0084168 5 
0 0.00841758 5 
0 0.00842354 5 
0 0.00845661 5 
0 0.00846749 5 
0 0.00849906 5 
0 0.00852864 5 
0 0.00855485 5 
0 0.00855747 5 
0 0.00859832 5 
0 0.00861301 5 
0 0.00861959 5 
0 0.00863361 5 
0 0.00865563 5 
0 0.00865683 5 
0 0.00868659 5 
0 0.0086913 5 
0 0.00869966 5 
0 0.00872534 5 
0 0.00872767 5 
0 0.00873011 5 
0 0.00873694 5 
0 0.00876175 5 
0 0.00876668 5 
0 0.00877338 5 
0 0.00877537 5 
0 0.00878086 5 
0 0.00878121 5 
0 0.00878267 5 
0 0.00880001 5 
0 0.00880601 5 
0 0.00880672 5 
0 0.00882181 5 
0 0.00882545 5 
0 0.00884268 5 
0 0.00885276 5 
0 0.00885661 5 
0 0.00886929 5 
0 0.00888514 5 
0 0.00889025 5 
0 0.00893365 5 
0 0.00894259 5 
0 0.00894939 5 
0 0.00895055 5 
0 0.00895205 5 
0 0.00897344 5 
0 0.00900851 5 
0 0.00901026 5 
0 0.00902406 5 
0 0.00902646 5 
0 0.00903408 5 
0 0.00904042 5 
0 0.0090406 5 
0 0.00906043 5 
0 0.00906596 5 
0 0.00912869 5 
0 0.00913924 5 
0 0.00914721 5 
0 0.00914811 5 
0 0.00915944 5 
0 0.00916559 5 
0 0.00916923 5 
0 0.00918349 5 
0 0.00919513 5 
0 0.00919907 5 
0 0.00922366 5 
0 0.00923656 5 
0 0.00924404 5 
0 0.00924518 5 
0 0.00925413 5 
0 0.00926248 5 
0 0.00931369 5 
0 0.00938638 5 
0 0.00939557 5 
0 0.00940078 5 
0 0.00940856 5 
0 0.0094136 5 
0 0.0094188 5 
0 0.00947073 5 
0 0.00949846 5 
0 0.00951167 5 
0 0.00952709 5 
0 0.00953768 5 
0 0.00953864 5 
0 0.00956845 5 
0 0.00957876 5 
0 0.00963749 5 
0 0.00967197 5 
0 0.00967298 5 
0 0.00971561 5 
0 0.00971662 5 
0 0.00973232 5 
0 0.00975021 5 
0 0.0101972 5 
0 inf 5 
0 0.00327314 6 
0 0.00355754 6 
0 0.00361795 6 
0 0.00364169 6 
0 0.00370371 6 
0 0.00378043 6 
0 0.0038137 6 
0 0.00382417 6 
0 0.00387179 6 
0 0.00387657 6 
0 0.00388706 6 
0 0.0038936 6 
0 0.00389546 6 
0 0.00389653 6 
0 0.00390442 6 
0 0.00390524 6 
0 0.00391825 6 
0 0.00392197 6 
0 0.00392919 6 
0 0.00396257 6 
0 0.00396646 6 
0 0.0039719 6 
0 0.00397898 6 
0 0.0040319 6 
0 0.00404179 6 
0 0.00405843 6 
0 0.00407751 6 
0 0.00408347 6 
0 0.00409512 6 
0 0.00411903 6 
0 0.00412102 6 
0 0.00412159 6 
0 0.0041336 6 
0 0.00413933 6 
0 0.00414361 6 
0 0.00417953 6 
0 0.00417985 6 
0 0.00418308 6 
0 0.00419297 6 
0 0.00419681 6 
0 0.00420254 6 
0 0.00420319 6 
0 0.00420451 6 
0 0.00420968 6 
0 0.00421339 6 
0 0.00421406 6 
0 0.0042309 6 
0 0.00424438 6 
0 0.00425729 6 
0 0.00428007 6 
0 0.00428698 6 
0 0.00429717 6 
0 0.00430397 6 
0 0.00430412 6 
0 0.00430504 6 
0 0.00430518 6 
0 0.00432105 6 
0 0.00432377 6 
0 0.00433244 6 
0 0.00433252 6 
0 0.00433925 6 
0 0.00434834 6 
0 0.00435895 6 
0 0.00436361 6 
0 0.00436571 6 
0 0.00436855 6 
0 0.00437462 6 
0 0.00437859 6 
0 0.00438464 6 
0 0.00438819 6 
0 0.00438953 6 
0 0.00439973 6 
0 0.00440936 6 
0 0.00441364 6 
0 0.00442118 6 
0 0.00444193 6 
0 0.00445053 6 
0 0.00445485 6 
0 0.0044584 6 
0 0.00445866 6 
0 0.00446912 6 
0 0.00447016 6 
0 0.00447305 6 
0 0.00449313 6 
0 0.00449589 6 
0 0.00451856 6 
0 0.00451996 6 
0 0.00452634 6 
0 0.00453472 6 
0 0.00453497 6 
0 0.00454157 6 
0 0.00455503 6 
0 0.00456177 6 
0 0.00456635 6 
0 0.00456708 6 
0 0.00456985 6 
0 0.00457283 6 
0 0.00457678 6 
0 0.00458285 6 
0 0.00458589 6 
0 0.00459811 6 
0 0.00462013 6 
0 0.00463433 6 
0 0.00464916 6 
0 0.00466536 6 
0 0.00468137 6 
0 0.00468458 6 
0 0.00468694 6 
0 0.0046962 6 
0 0.00469965 6 
0 0.00472184 6 
0 0.00472764 6 
0 0.00474804 6 
0 0.00476095 6 
0 0.00476499 6 
0 0.00479213 6 
0 0.00479659 6 
0 0.00480098 6 
0 0.00480278 6 
0 0.00481825 6 
0 0.00485155 6 
0 0.00485583 6 
0 0.00487941 6 
0 0.00488118 6 
0 0.00490329 6 
0 0.00491839 6 
0 0.00523701 6 
0 inf 6 
0 0.00155588 7 
0 0.00174919 7 
0 0.00175303 7 
0 0.00181118 7 
0 0.00182019 7 
0 0.00188716 7 
0 0.00189332 7 
0 0.0018981 7 
0 0.00190899 7 
0 0.00191167 7 
0 0.00191636 7 
0 0.00192639 7 
0 0.0019275 7 
0 0.00192991 7 
0 0.00193589 7 
0 0.0019414 7 
0 0.00194341 7 
0 0.00195124 7 
0 0.00196457 7 
0 0.00196699 7 
0 0.0019813 7 
0 0.001993 7 
0 0.00199552 7 
0 0.00199666 7 
0 0.00200922 7 
0 0.00202557 7 
0 0.00202612 7 
0 0.00203522 7 
0 0.00204095 7 
0 0.0020499 7 
0 0.00206134 7 
0 0.00206668 7 
0 0.00207165 7 
0 0.00207484 7 
0 0.0020814 7 
0 0.00208155 7 
0 0.00208418 7 
0 0.00208736 7 
0 0.0020895 7 
0 0.00209692 7 
0 0.00209767 7 
0 0.00210662 7 
0 0.00210666 7 
0 0.00211164 7 
0 0.00211512 7 
0 0.00211695 7 
0 0.00211795 7 
0 0.00212506 7 
0 0.00212559 7 
0 0.00213399 7 
0 0.00213485 7 
0 0.00213639 7 
0 0.00214866 7 
0 0.00214948 7 
0 0.00215261 7 
0 0.00215263 7 
0 0.0021528 7 
0 0.00215333 7 
0 0.00215818 7 
0 0.0021585 7 
0 0.00217696 7 
0 0.00218279 7 
0 0.00218608 7 
0 0.00218866 7 
0 0.00219152 7 
0 0.00219668 7 
0 0.00220014 7 
0 0.00220211 7 
0 0.00220345 7 
0 0.00221096 7 
0 0.00221903 7 
0 0.0022266 7 
0 0.00223254 7 
0 0.00223433 7 
0 0.00223508 7 
0 0.00223583 7 
0 0.00223804 7 
0 0.00223853 7 
0 0.00224901 7 
0 0.00225362 7 
0 0.00225393 7 
0 0.00225506 7 
0 0.00225526 7 
0 0.00225934 7 
0 0.00226268 7 
0 0.00226374 7 
0 0.00227082 7 
0 0.00227207 7 
0 0.0022815 7 
0 0.00228597 7 
0 0.00228604 7 
0 0.00229194 7 
0 0.00229271 7 
0 0.00229967 7 
0 0.0023006 7 
0 0.00230624 7 
0 0.0023256 7 
0 0.00232821 7 
0 0.00232823 7 
0 0.00232932 7 
0 0.00232973 7 
0 0.00233139 7 
0 0.00234647 7 
0 0.00236661 7 
0 0.00236771 7 
0 0.00236927 7 
0 0.00237109 7 
0 0.0023717 7 
0 0.00237519 7 
0 0.00238162 7 
0 0.00240472 7 
0 0.00240991 7 
0 0.00241273 7 
0 0.00241519 7 
0 0.0024159 7 
0 0.00241683 7 
0 0.00241881 7 
0 0.00242606 7 
0 0.00244232 7 
0 0.00244845 7 
0 0.00244875 7 
0 0.00245057 7 
0 0.00247517 7 
0 0.00247872 7 
0 0.00248603 7 
0 0.0025187 7 
0 0.00269287 7 
0 inf 7 
0 0.000751213 8 
0 0.000849868 8 
0 0.000880154 8 
0 0.000908551 8 
0 0.000925992 8 
0 0.000934493 8 
0 0.000948469 8 
0 0.000950606 8 
0 0.000953466 8 
0 0.000961855 8 
0 0.000965517 8 
0 0.00096627 8 
0 0.000968305 8 
0 0.000969379 8 
0 0.000978926 8 
0 0.000985717 8 
0 0.000986922 8 
0 0.000988046 8 
0 0.000991764 8 
0 0.000992026 8 
0 0.000992538 8 
0 0.000996778 8 
0 0.000998796 8 
0 0.00100385 8 
0 0.00100993 8 
0 0.00102106 8 
0 0.00102232 8 
0 0.00102716 8 
0 0.00102722 8 
0 0.0010336 8 
0 0.00103619 8 
0 0.00103909 8 
0 0.00105238 8 
0 0.00105252 8 
0 0.00105341 8 
0 0.00105554 8 
0 0.00105643 8 
0 0.00105645 8 
0 0.00106573 8 
0 0.0010725 8 
0 0.00107269 8 
0 0.00107388 8 
0 0.00107507 8 
0 0.00107776 8 
0 0.00107808 8 
0 0.00107891 8 
0 0.00107965 8 
0 0.00108008 8 
0 0.00108013 8 
0 0.00108123 8 
0 0.00108236 8 
0 0.00108375 8 
0 0.00108786 8 
0 0.00108882 8 
0 0.00108902 8 
0 0.00108997 8 
0 0.0010938 8 
0 0.00109427 8 
0 0.00109598 8 
0 0.00109791 8 
0 0.00109925 8 
0 0.00110762 8 
0 0.00111101 8 
0 0.00111126 8 
0 0.00111229 8 
0 0.00111282 8 
0 0.00111534 8 
0 0.00111557 8 
0 0.00111989 8 
0 0.00112176 8 
0 0.00112413 8 
0 0.00112538 8 
0 0.00112887 8 
0 0.00113164 8 
0 0.00113325 8 
0 0.00113821 8 
0 0.00113978 8 
0 0.00114061 8 
0 0.00114602 8 
0 0.0011502 8 
0 0.00115135 8 
0 0.00115333 8 
0 0.00115555 8 
0 0.00115584 8 
0 0.00115769 8 
0 0.00115998 8 
0 0.00116183 8 
0 0.00116425 8 
0 0.00117027 8 
0 0.0011733 8 
0 0.00117396 8 
0 0.00117521 8 
0 0.00117644 8 
0 0.00117752 8 
0 0.00117993 8 
0 0.00118025 8 
0 0.00118902 8 
0 0.00119056 8 
0 0.00119573 8 
0 0.00119636 8 
0 0.00119873 8 
0 0.00120208 8 
0 0.00120321 8 
0 0.00120516 8 
0 0.00120655 8 
0 0.00120783 8 
0 0.00120876 8 
0 0.00121154 8 
0 0.00121836 8 
0 0.00121918 8 
0 0.00122235 8 
0 0.00122431 8 
0 0.00122563 8 
0 0.00122787 8 
0 0.00122821 8 
0 0.00123068 8 
0 0.00123203 8 
0 0.00123984 8 
0 0.0012457 8 
0 0.00124584 8 
0 0.00124885 8 
0 0.00125954 8 
0 0.00126315 8 
0 0.00127309 8 
0 0.00127935 8 
0 0.00127994 8 
0 0.00139334 8 
0 inf 8 
0 0.000367756 9 
0 0.000416902 9 
0 0.000448517 9 
0 0.00045947 9 
0 0.000464907 9 
0 0.000467539 9 
0 0.000479831 9 
0 0.000481165 9 
0 0.000485789 9 
0 0.000486363 9 
0 0.000487424 9 
0 0.00049176 9 
0 0.000492277 9 
0 0.000498249 9 
0 0.000499101 9 
0 0.000503574 9 
0 0.000504513 9 
0 0.00050648 9 
0 0.000506913 9 
0 0.000507349 9 
0 0.000507879 9 
0 0.000508344 9 
0 0.000509623 9 
0 0.000511732 9 
0 0.000516182 9 
0 0.000516371 9 
0 0.000523804 9 
0 0.00052525 9 
0 0.000526361 9 
0 0.000526612 9 
0 0.000528336 9 
0 0.000530401 9 
0 0.000531919 9 
0 0.000532296 9 
0 0.00053654 9 
0 0.000536905 9 
0 0.000539391 9 
0 0.000541072 9 
0 0.000542778 9 
0 0.00054338 9 
0 0.000545583 9 
0 0.00054996 9 
0 0.000551056 9 
0 0.000554012 9 
0 0.000554083 9 
0 0.000555152 9 
0 0.000555971 9 
0 0.000557624 9 
0 0.000558349 9 
0 0.000558693 9 
0 0.000559357 9 
0 0.000560279 9 
0 0.000560363 9 
0 0.000560813 9 
0 0.000561679 9 
0 0.000562633 9 
0 0.000562911 9 
0 0.00056376 9 
0 0.000564104 9 
0 0.000566 9 
0 0.000567098 9 
0 0.000567231 9 
0 0.00056934 9 
0 0.000569853 9 
0 0.000570088 9 
0 0.000570276 9 
0 0.000572221 9 
0 0.00057324 9 
0 0.00057373 9 
0 0.000574631 9 
0 0.000576855 9 
0 0.00057819 9 
0 0.000578899 9 
0 0.000579279 9 
0 0.000581755 9 
0 0.000586626 9 
0 0.00058812 9 
0 0.000589912 9 
0 0.000591074 9 
0 0.000591741 9 
0 0.000592729 9 
0 0.000593263 9 
0 0.000593591 9 
0 0.000595047 9 
0 0.000597436 9 
0 0.000600312 9 
0 0.000601015 9 
0 0.00060373 9 
0 0.000604581 9 
0 0.000605505 9 
0 0.000605767 9 
0 0.000606161 9 
0 0.000606989 9 
0 0.000607775 9 
0 0.000611667 9 
0 0.000612394 9 
0 0.000614168 9 
0 0.000618166 9 
0 0.00061919 9 
0 0.000619593 9 
0 0.000619711 9 
0 0.000619744 9 
0 0.000621274 9 
0 0.000621434 9 
0 0.000621923 9 
0 0.00062381 9 
0 0.000623934 9 
0 0.000624248 9 
0 0.000625035 9 
0 0.000626768 9 
0 0.000626936 9 
0 0.000627311 9 
0 0.000629235 9 
0 0.00063143 9 
0 0.000631686 9 
0 0.00063294 9 
0 0.000634312 9 
0 0.000639172 9 
0 0.000641396 9 
0 0.000641573 9 
0 0.000641845 9 
0 0.000642809 9 
0 0.000647805 9 
0 0.000648856 9 
0 0.000662445 9 
0 0.000664871 9 
0 0.000727433 9 
0 inf 9 
