0 0.499425 0 
0 0.49946 0 
0 0.499589 0 
0 0.500208 0 
0 0.502553 0 
0 0.502985 0 
0 0.503561 0 
0 0.503839 0 
0 0.503865 0 
0 0.505061 0 
0 0.505346 0 
0 0.505466 0 
0 0.505568 0 
0 0.505616 0 
0 0.505682 0 
0 0.505846 0 
0 0.506079 0 
0 0.506083 0 
0 0.506167 0 
0 0.506191 0 
0 0.506371 0 
0 0.506412 0 
0 0.506497 0 
0 0.506521 0 
0 0.506547 0 
0 0.506833 0 
0 0.506868 0 
0 0.506873 0 
0 0.506896 0 
0 0.506966 0 
0 0.507208 0 
0 0.507258 0 
0 0.507275 0 
0 0.507294 0 
0 0.507436 0 
0 0.507473 0 
0 0.507672 0 
0 0.507673 0 
0 0.507711 0 
0 0.507718 0 
0 0.507782 0 
0 0.507812 0 
0 0.507816 0 
0 0.507852 0 
0 0.507899 0 
0 0.507912 0 
0 0.507919 0 
0 0.508011 0 
0 0.508038 0 
0 0.5081 0 
0 0.508253 0 
0 0.508309 0 
0 0.508718 0 
0 0.508777 0 
0 0.508781 0 
0 0.508799 0 
0 0.508867 0 
0 0.508958 0 
0 0.509005 0 
0 0.509009 0 
0 0.509087 0 
0 0.509087 0 
0 0.509155 0 
0 0.509242 0 
0 0.509267 0 
0 0.509274 0 
0 0.509367 0 
0 0.50948 0 
0 0.509495 0 
0 0.509516 0 
0 0.509537 0 
0 0.50954 0 
0 0.50954 0 
0 0.509631 0 
0 0.509638 0 
0 0.509661 0 
0 0.509691 0 
0 0.509754 0 
0 0.510094 0 
0 0.510138 0 
0 0.510148 0 
0 0.510173 0 
0 0.510177 0 
0 0.510198 0 
0 0.510247 0 
0 0.510291 0 
0 0.510317 0 
0 0.510421 0 
0 0.510452 0 
0 0.510538 0 
0 0.510562 0 
0 0.510576 0 
0 0.510605 0 
0 0.510613 0 
0 0.510692 0 
0 0.510714 0 
0 0.510722 0 
0 0.510852 0 
0 0.510854 0 
0 0.510885 0 
0 0.510888 0 
0 0.510906 0 
0 0.51095 0 
0 0.511011 0 
0 0.511077 0 
0 0.511103 0 
0 0.511107 0 
0 0.511159 0 
0 0.511251 0 
0 0.511259 0 
0 0.511281 0 
0 0.511415 0 
0 0.511471 0 
0 0.511552 0 
0 0.511682 0 
0 0.51174 0 
0 0.511894 0 
0 0.512059 0 
0 0.512068 0 
0 0.51208 0 
0 0.512117 0 
0 0.51254 0 
0 0.512929 0 
0 0.513114 0 
0 0.513236 0 
0 0.513453 0 
0 0.513912 0 
0 inf 0 
0 0.192331 1 
0 0.194519 1 
0 0.196358 1 
0 0.197002 1 
0 0.197007 1 
0 0.197356 1 
0 0.197626 1 
0 0.197973 1 
0 0.198421 1 
0 0.198426 1 
0 0.198592 1 
0 0.198644 1 
0 0.198709 1 
0 0.199013 1 
0 0.199098 1 
0 0.199202 1 
0 0.199214 1 
0 0.199232 1 
0 0.199248 1 
0 0.199276 1 
0 0.199282 1 
0 0.199296 1 
0 0.199426 1 
0 0.199442 1 
0 0.199609 1 
0 0.199611 1 
0 0.199822 1 
0 0.199878 1 
0 0.199956 1 
0 0.199963 1 
0 0.199977 1 
0 0.200067 1 
0 0.20008 1 
0 0.200102 1 
0 0.200142 1 
0 0.200144 1 
0 0.200173 1 
0 0.200221 1 
0 0.200223 1 
0 0.200226 1 
0 0.20035 1 
0 0.200469 1 
0 0.200494 1 
0 0.200533 1 
0 0.200699 1 
0 0.200705 1 
0 0.200779 1 
0 0.200798 1 
0 0.200896 1 
0 0.200944 1 
0 0.200969 1 
0 0.201087 1 
0 0.201108 1 
0 0.201147 1 
0 0.20118 1 
0 0.201187 1 
0 0.201219 1 
0 0.201256 1 
0 0.201275 1 
0 0.201279 1 
0 0.201328 1 
0 0.20133 1 
0 0.201394 1 
0 0.201421 1 
0 0.20151 1 
0 0.201527 1 
0 0.201538 1 
0 0.201549 1 
0 0.20156 1 
0 0.201573 1 
0 0.201627 1 
0 0.201642 1 
0 0.201705 1 
0 0.20171 1 
0 0.201717 1 
0 0.201728 1 
0 0.201755 1 
0 0.201759 1 
0 0.201812 1 
0 0.20182 1 
0 0.201854 1 
0 0.201856 1 
0 0.201866 1 
0 0.201954 1 
0 0.201998 1 
0 0.202002 1 
0 0.202014 1 
0 0.202039 1 
0 0.202058 1 
0 0.202112 1 
0 0.202158 1 
0 0.202164 1 
0 0.202177 1 
0 0.202226 1 
0 0.202265 1 
0 0.202314 1 
0 0.202314 1 
0 0.202467 1 
0 0.202482 1 
0 0.202491 1 
0 0.202506 1 
0 0.202508 1 
0 0.20257 1 
0 0.202582 1 
0 0.202595 1 
0 0.202595 1 
0 0.202712 1 
0 0.202828 1 
0 0.202853 1 
0 0.203048 1 
0 0.203068 1 
0 0.203098 1 
0 0.203151 1 
0 0.203153 1 
0 0.203378 1 
0 0.203415 1 
0 0.203556 1 
0 0.203631 1 
0 0.203698 1 
0 0.203729 1 
0 0.203781 1 
0 0.204291 1 
0 0.204572 1 
0 0.204632 1 
0 0.204953 1 
0 0.20531 1 
0 0.205502 1 
0 inf 1 
0 0.0793922 2 
0 0.0807997 2 
0 0.0810991 2 
0 0.0824526 2 
0 0.0826215 2 
0 0.0828409 2 
0 0.0829335 2 
0 0.0829558 2 
0 0.0831981 2 
0 0.0832245 2 
0 0.083264 2 
0 0.0832662 2 
0 0.0832672 2 
0 0.0833155 2 
0 0.0833606 2 
0 0.0835362 2 
0 0.0835798 2 
0 0.0836559 2 
0 0.083671 2 
0 0.0837699 2 
0 0.0837728 2 
0 0.083793 2 
0 0.0838141 2 
0 0.0839117 2 
0 0.0839435 2 
0 0.0839958 2 
0 0.0840014 2 
0 0.0841783 2 
0 0.0841985 2 
0 0.084281 2 
0 0.0843494 2 
0 0.0843598 2 
0 0.0843717 2 
0 0.0843796 2 
0 0.0845811 2 
0 0.0846458 2 
0 0.0846894 2 
0 0.0847075 2 
0 0.0848028 2 
0 0.0849735 2 
0 0.0849809 2 
0 0.0849855 2 
0 0.0850082 2 
0 0.0850215 2 
0 0.0850283 2 
0 0.085049 2 
0 0.0850513 2 
0 0.0850607 2 
0 0.0851021 2 
0 0.0851832 2 
0 0.0852299 2 
0 0.0852438 2 
0 0.0852747 2 
0 0.08529 2 
0 0.0853004 2 
0 0.0853039 2 
0 0.0853314 2 
0 0.0853617 2 
0 0.085368 2 
0 0.0853717 2 
0 0.0853762 2 
0 0.0853795 2 
0 0.0854156 2 
0 0.0854221 2 
0 0.0854882 2 
0 0.0855343 2 
0 0.0855352 2 
0 0.0855909 2 
0 0.0856901 2 
0 0.0857134 2 
0 0.085736 2 
0 0.0857447 2 
0 0.0857741 2 
0 0.0858148 2 
0 0.0859259 2 
0 0.0859553 2 
0 0.0859905 2 
0 0.0860061 2 
0 0.0860427 2 
0 0.0860498 2 
0 0.0860625 2 
0 0.0861088 2 
0 0.0861609 2 
0 0.0861853 2 
0 0.0861896 2 
0 0.0862426 2 
0 0.0862548 2 
0 0.0862559 2 
0 0.0862965 2 
0 0.0863572 2 
0 0.0864448 2 
0 0.0864583 2 
0 0.0864606 2 
0 0.0865485 2 
0 0.0866425 2 
0 0.0866873 2 
0 0.0866925 2 
0 0.0867116 2 
0 0.0868567 2 
0 0.086917 2 
0 0.0869171 2 
0 0.0869185 2 
0 0.0869272 2 
0 0.0869419 2 
0 0.0869431 2 
0 0.0869907 2 
0 0.0871241 2 
0 0.0871559 2 
0 0.0871598 2 
0 0.0871659 2 
0 0.087238 2 
0 0.0873895 2 
0 0.0873929 2 
0 0.0873969 2 
0 0.0874247 2 
0 0.0874741 2 
0 0.0878102 2 
0 0.087822 2 
0 0.0879925 2 
0 0.088014 2 
0 0.0881498 2 
0 0.0889711 2 
0 0.0895693 2 
0 0.0895946 2 
0 0.0896836 2 
0 0.0901619 2 
0 0.0903161 2 
0 inf 2 
0 0.0343474 3 
0 0.0352195 3 
0 0.0360187 3 
0 0.0360306 3 
0 0.0364036 3 
0 0.0364129 3 
0 0.036463 3 
0 0.0365917 3 
0 0.0366165 3 
0 0.0367117 3 
0 0.0367129 3 
0 0.0367305 3 
0 0.0368134 3 
0 0.0368662 3 
0 0.0369052 3 
0 0.0369132 3 
0 0.036967 3 
0 0.0370587 3 
0 0.0371253 3 
0 0.0372135 3 
0 0.0372336 3 
0 0.0373039 3 
0 0.0373625 3 
0 0.0374049 3 
0 0.0374061 3 
0 0.037415 3 
0 0.0375043 3 
0 0.0375191 3 
0 0.0376488 3 
0 0.0376774 3 
0 0.0377147 3 
0 0.0377569 3 
0 0.0377788 3 
0 0.0377909 3 
0 0.0378156 3 
0 0.037839 3 
0 0.0378719 3 
0 0.0378763 3 
0 0.0379219 3 
0 0.0379222 3 
0 0.0379578 3 
0 0.0379934 3 
0 0.0380048 3 
0 0.0380144 3 
0 0.0380264 3 
0 0.0380552 3 
0 0.0380796 3 
0 0.038083 3 
0 0.0380976 3 
0 0.0380977 3 
0 0.0381163 3 
0 0.0381225 3 
0 0.0381439 3 
0 0.0381453 3 
0 0.038174 3 
0 0.0381747 3 
0 0.0381911 3 
0 0.0382793 3 
0 0.0382998 3 
0 0.038332 3 
0 0.0383904 3 
0 0.0383917 3 
0 0.0383918 3 
0 0.0383928 3 
0 0.0384486 3 
0 0.038449 3 
0 0.0385156 3 
0 0.0385605 3 
0 0.0385642 3 
0 0.0385821 3 
0 0.0385894 3 
0 0.0386331 3 
0 0.0386341 3 
0 0.0386837 3 
0 0.0387048 3 
0 0.0387132 3 
0 0.0387498 3 
0 0.038788 3 
0 0.038816 3 
0 0.0388238 3 
0 0.03884 3 
0 0.0388801 3 
0 0.0389435 3 
0 0.0389487 3 
0 0.0389602 3 
0 0.0390602 3 
0 0.0390675 3 
0 0.039093 3 
0 0.039137 3 
0 0.0391398 3 
0 0.0391704 3 
0 0.0391864 3 
0 0.0392263 3 
0 0.0392689 3 
0 0.039276 3 
0 0.0393472 3 
0 0.039363 3 
0 0.0394422 3 
0 0.0394512 3 
0 0.0394529 3 
0 0.0395412 3 
0 0.0395437 3 
0 0.0396467 3 
0 0.0396759 3 
0 0.0396796 3 
0 0.0397061 3 
0 0.0397296 3 
0 0.0397339 3 
0 0.0397906 3 
0 0.0397985 3 
0 0.0398726 3 
0 0.0398871 3 
0 0.0398996 3 
0 0.0399626 3 
0 0.0399813 3 
0 0.0399905 3 
0 0.039997 3 
0 0.0400128 3 
0 0.040199 3 
0 0.0403619 3 
0 0.0410071 3 
0 0.0413214 3 
0 0.041493 3 
0 0.0415561 3 
0 0.041865 3 
0 0.0419392 3 
0 0.0422059 3 
0 inf 3 
0 0.0156374 4 
0 0.0160395 4 
0 0.0162531 4 
0 0.0163334 4 
0 0.0165453 4 
0 0.0165476 4 
0 0.016705 4 
0 0.0168019 4 
0 0.0169073 4 
0 0.0169554 4 
0 0.0170107 4 
0 0.0170255 4 
0 0.0170312 4 
0 0.0170549 4 
0 0.0170632 4 
0 0.0171133 4 
0 0.0171162 4 
0 0.0171417 4 
0 0.0172057 4 
0 0.0172409 4 
0 0.0172575 4 
0 0.0173003 4 
0 0.0173607 4 
0 0.0173789 4 
0 0.0173845 4 
0 0.0173871 4 
0 0.0174613 4 
0 0.0175079 4 
0 0.0175553 4 
0 0.0175559 4 
0 0.0175591 4 
0 0.0175651 4 
0 0.0175905 4 
0 0.0176109 4 
0 0.0176179 4 
0 0.0176645 4 
0 0.0176646 4 
0 0.0176709 4 
0 0.0176824 4 
0 0.0176881 4 
0 0.017695 4 
0 0.0177078 4 
0 0.0177284 4 
0 0.0177348 4 
0 0.0177406 4 
0 0.017742 4 
0 0.0177446 4 
0 0.0177451 4 
0 0.0178134 4 
0 0.01782 4 
0 0.017823 4 
0 0.017855 4 
0 0.0178597 4 
0 0.01789 4 
0 0.017895 4 
0 0.0179139 4 
0 0.0179416 4 
0 0.0179585 4 
0 0.0179624 4 
0 0.017965 4 
0 0.0179802 4 
0 0.0179877 4 
0 0.018 4 
0 0.0180014 4 
0 0.0180052 4 
0 0.0180232 4 
0 0.0180495 4 
0 0.0180602 4 
0 0.0180697 4 
0 0.018085 4 
0 0.0180982 4 
0 0.0181392 4 
0 0.0181666 4 
0 0.018175 4 
0 0.0182003 4 
0 0.018202 4 
0 0.0182153 4 
0 0.0182188 4 
0 0.0182223 4 
0 0.0182412 4 
0 0.0182663 4 
0 0.0182906 4 
0 0.0182923 4 
0 0.0183084 4 
0 0.0183316 4 
0 0.0183507 4 
0 0.0183508 4 
0 0.0184286 4 
0 0.0184404 4 
0 0.0184758 4 
0 0.0184906 4 
0 0.0185178 4 
0 0.0185307 4 
0 0.0185312 4 
0 0.018562 4 
0 0.0186509 4 
0 0.0186681 4 
0 0.0187347 4 
0 0.018739 4 
0 0.0187454 4 
0 0.0187475 4 
0 0.0187668 4 
0 0.0187768 4 
0 0.0187789 4 
0 0.0187895 4 
0 0.0188001 4 
0 0.0188205 4 
0 0.018846 4 
0 0.0188627 4 
0 0.0188713 4 
0 0.018967 4 
0 0.0189805 4 
0 0.0189832 4 
0 0.0190455 4 
0 0.0190721 4 
0 0.0191029 4 
0 0.0191496 4 
0 0.0192362 4 
0 0.0192746 4 
0 0.0193004 4 
0 0.019924 4 
0 0.0200048 4 
0 0.0200126 4 
0 0.0201625 4 
0 0.0202686 4 
0 0.0202688 4 
0 0.0204356 4 
0 inf 4 
0 0.0074308 5 
0 0.00756289 5 
0 0.00759559 5 
0 0.0076254 5 
0 0.00776242 5 
0 0.00776555 5 
0 0.00792072 5 
0 0.00798668 5 
0 0.00800568 5 
0 0.00802101 5 
0 0.00803956 5 
0 0.00812137 5 
0 0.0081242 5 
0 0.00812665 5 
0 0.00814756 5 
0 0.00814856 5 
0 0.00818369 5 
0 0.00819275 5 
0 0.00820297 5 
0 0.00822048 5 
0 0.008232 5 
0 0.00826521 5 
0 0.00832666 5 
0 0.00833906 5 
0 0.00834254 5 
0 0.0083698 5 
0 0.0083707 5 
0 0.00839347 5 
0 0.00840454 5 
0 0.00844295 5 
0 0.00844369 5 
0 0.00844828 5 
0 0.00846755 5 
0 0.00847402 5 
0 0.0084771 5 
0 0.00848345 5 
0 0.00848614 5 
0 0.00849515 5 
0 0.00849741 5 
0 0.00849863 5 
0 0.00850083 5 
0 0.00850654 5 
0 0.00852526 5 
0 0.00852623 5 
0 0.00853211 5 
0 0.00853289 5 
0 0.00854447 5 
0 0.00854527 5 
0 0.00854585 5 
0 0.00856623 5 
0 0.0085819 5 
0 0.00859013 5 
0 0.00863105 5 
0 0.00864788 5 
0 0.00865216 5 
0 0.00866593 5 
0 0.00867512 5 
0 0.00868326 5 
0 0.00871393 5 
0 0.00872073 5 
0 0.0087225 5 
0 0.00873807 5 
0 0.00874086 5 
0 0.0087421 5 
0 0.00874428 5 
0 0.00875777 5 
0 0.00876374 5 
0 0.00876386 5 
0 0.00877491 5 
0 0.00877948 5 
0 0.00878991 5 
0 0.00879601 5 
0 0.00879674 5 
0 0.00880098 5 
0 0.00880669 5 
0 0.00881809 5 
0 0.00881924 5 
0 0.00882701 5 
0 0.00884784 5 
0 0.00884983 5 
0 0.00885336 5 
0 0.00886559 5 
0 0.00886894 5 
0 0.00887728 5 
0 0.00888742 5 
0 0.00889346 5 
0 0.00890399 5 
0 0.00892132 5 
0 0.0089401 5 
0 0.00895284 5 
0 0.00897195 5 
0 0.0089949 5 
0 0.00902413 5 
0 0.00902522 5 
0 0.00903007 5 
0 0.00904245 5 
0 0.00904816 5 
0 0.00906553 5 
0 0.00909234 5 
0 0.00910629 5 
0 0.00910871 5 
0 0.00911981 5 
0 0.00913329 5 
0 0.00913676 5 
0 0.00914581 5 
0 0.00916788 5 
0 0.00918512 5 
0 0.00919073 5 
0 0.00922224 5 
0 0.00926001 5 
0 0.00929561 5 
0 0.0093049 5 
0 0.00934189 5 
0 0.00939943 5 
0 0.00943783 5 
0 0.00944139 5 
0 0.00952337 5 
0 0.00952388 5 
0 0.00953183 5 
0 0.00964036 5 
0 0.0098365 5 
0 0.00987385 5 
0 0.00997814 5 
0 0.0100851 5 
0 0.0101023 5 
0 0.0101201 5 
0 0.0102048 5 
0 inf 5 
0 0.00360796 6 
0 0.00364109 6 
0 0.00365588 6 
0 0.00370916 6 
0 0.0037399 6 
0 0.00375017 6 
0 0.0038194 6 
0 0.00382901 6 
0 0.00385038 6 
0 0.00390208 6 
0 0.00390298 6 
0 0.00397481 6 
0 0.00397956 6 
0 0.00397958 6 
0 0.00398632 6 
0 0.00398938 6 
0 0.00400417 6 
0 0.00400487 6 
0 0.00402159 6 
0 0.00402802 6 
0 0.00404179 6 
0 0.00404466 6 
0 0.00405125 6 
0 0.0040767 6 
0 0.0041234 6 
0 0.00412509 6 
0 0.0041323 6 
0 0.00413566 6 
0 0.00413581 6 
0 0.00413782 6 
0 0.00414044 6 
0 0.00414559 6 
0 0.00414659 6 
0 0.00414682 6 
0 0.00415046 6 
0 0.00415615 6 
0 0.00415819 6 
0 0.00416143 6 
0 0.00416897 6 
0 0.00418109 6 
0 0.00418402 6 
0 0.00418406 6 
0 0.00420675 6 
0 0.00421232 6 
0 0.00422008 6 
0 0.00423083 6 
0 0.00423314 6 
0 0.00423406 6 
0 0.00423994 6 
0 0.0042434 6 
0 0.00424855 6 
0 0.00425315 6 
0 0.00425577 6 
0 0.00425797 6 
0 0.00427159 6 
0 0.00427466 6 
0 0.00427808 6 
0 0.00428065 6 
0 0.00428677 6 
0 0.00429079 6 
0 0.00429231 6 
0 0.00430659 6 
0 0.0043143 6 
0 0.00431715 6 
0 0.00432063 6 
0 0.0043222 6 
0 0.00432405 6 
0 0.00432587 6 
0 0.00432999 6 
0 0.00434859 6 
0 0.00435189 6 
0 0.00435672 6 
0 0.00435781 6 
0 0.00435989 6 
0 0.00436225 6 
0 0.00437144 6 
0 0.00437471 6 
0 0.0043809 6 
0 0.00438195 6 
0 0.0043917 6 
0 0.00439505 6 
0 0.00441292 6 
0 0.00442533 6 
0 0.00442888 6 
0 0.00443125 6 
0 0.00443425 6 
0 0.00443828 6 
0 0.00443927 6 
0 0.00444963 6 
0 0.00446339 6 
0 0.00446586 6 
0 0.00447462 6 
0 0.00447708 6 
0 0.00447723 6 
0 0.00449894 6 
0 0.00450662 6 
0 0.00450693 6 
0 0.00451625 6 
0 0.00452071 6 
0 0.00453495 6 
0 0.00453989 6 
0 0.00454088 6 
0 0.00454457 6 
0 0.00454461 6 
0 0.00455503 6 
0 0.00455677 6 
0 0.00457389 6 
0 0.00457443 6 
0 0.00465203 6 
0 0.00465469 6 
0 0.00466555 6 
0 0.00466737 6 
0 0.00471316 6 
0 0.00475646 6 
0 0.00478 6 
0 0.00478744 6 
0 0.00480844 6 
0 0.0048087 6 
0 0.00483007 6 
0 0.0049371 6 
0 0.00495453 6 
0 0.0049625 6 
0 0.00506763 6 
0 0.00508016 6 
0 0.00508973 6 
0 0.00510019 6 
0 0.00526207 6 
0 inf 6 
0 0.00175707 7 
0 0.00176939 7 
0 0.00184292 7 
0 0.00184873 7 
0 0.00185286 7 
0 0.00185315 7 
0 0.00185423 7 
0 0.00185454 7 
0 0.0019086 7 
0 0.00193785 7 
0 0.00194913 7 
0 0.00196102 7 
0 0.00197385 7 
0 0.00198341 7 
0 0.00199368 7 
0 0.00199922 7 
0 0.00199923 7 
0 0.0020018 7 
0 0.00200446 7 
0 0.00200476 7 
0 0.0020078 7 
0 0.00201785 7 
0 0.00202013 7 
0 0.0020418 7 
0 0.00204616 7 
0 0.00204718 7 
0 0.002049 7 
0 0.00205105 7 
0 0.00205976 7 
0 0.00206729 7 
0 0.00207323 7 
0 0.00207651 7 
0 0.00207749 7 
0 0.00207872 7 
0 0.00208075 7 
0 0.00208165 7 
0 0.00208226 7 
0 0.00208306 7 
0 0.00208342 7 
0 0.00209049 7 
0 0.00210101 7 
0 0.00210156 7 
0 0.00210538 7 
0 0.00210668 7 
0 0.00210775 7 
0 0.00211253 7 
0 0.00211293 7 
0 0.00212141 7 
0 0.00212259 7 
0 0.00212588 7 
0 0.00212712 7 
0 0.00213266 7 
0 0.00213389 7 
0 0.00213712 7 
0 0.00213908 7 
0 0.0021396 7 
0 0.00214821 7 
0 0.00215374 7 
0 0.00215445 7 
0 0.00215448 7 
0 0.00215684 7 
0 0.00216134 7 
0 0.00216698 7 
0 0.00217402 7 
0 0.00217792 7 
0 0.00218005 7 
0 0.00218171 7 
0 0.00218251 7 
0 0.0021936 7 
0 0.00219746 7 
0 0.00219953 7 
0 0.00219954 7 
0 0.0022004 7 
0 0.00220102 7 
0 0.00220503 7 
0 0.00220549 7 
0 0.00220735 7 
0 0.0022075 7 
0 0.00220842 7 
0 0.00221189 7 
0 0.00221538 7 
0 0.00221816 7 
0 0.00221872 7 
0 0.00222273 7 
0 0.00222369 7 
0 0.00223194 7 
0 0.00225517 7 
0 0.0022568 7 
0 0.00226069 7 
0 0.00226996 7 
0 0.00227054 7 
0 0.00227385 7 
0 0.00227495 7 
0 0.00227569 7 
0 0.0022764 7 
0 0.00228061 7 
0 0.00228183 7 
0 0.0022868 7 
0 0.00228734 7 
0 0.00228949 7 
0 0.00229553 7 
0 0.00229976 7 
0 0.00230415 7 
0 0.00232294 7 
0 0.00232605 7 
0 0.00234096 7 
0 0.00234549 7 
0 0.0023594 7 
0 0.00236199 7 
0 0.00236577 7 
0 0.002384 7 
0 0.00238444 7 
0 0.0023948 7 
0 0.00241428 7 
0 0.00246229 7 
0 0.0024663 7 
0 0.00246732 7 
0 0.00246981 7 
0 0.00247827 7 
0 0.00250136 7 
0 0.00252954 7 
0 0.00257119 7 
0 0.00257345 7 
0 0.00259908 7 
0 0.00260811 7 
0 0.00262708 7 
0 0.00274863 7 
0 inf 7 
0 0.000870677 8 
0 0.000871964 8 
0 0.000909421 8 
0 0.000912134 8 
0 0.000925518 8 
0 0.000934987 8 
0 0.000943386 8 
0 0.000955029 8 
0 0.000961172 8 
0 0.000978037 8 
0 0.000980509 8 
0 0.000991451 8 
0 0.000993804 8 
0 0.000997339 8 
0 0.000998763 8 
0 0.00100426 8 
0 0.00100596 8 
0 0.00100748 8 
0 0.00101126 8 
0 0.00101772 8 
0 0.00102246 8 
0 0.00102247 8 
0 0.0010247 8 
0 0.00102531 8 
0 0.0010268 8 
0 0.00102713 8 
0 0.00102722 8 
0 0.00103392 8 
0 0.00103799 8 
0 0.00104083 8 
0 0.00105205 8 
0 0.00105316 8 
0 0.00105423 8 
0 0.00105476 8 
0 0.0010572 8 
0 0.00105837 8 
0 0.00105866 8 
0 0.00105923 8 
0 0.00105992 8 
0 0.00106534 8 
0 0.00106617 8 
0 0.00106718 8 
0 0.00106962 8 
0 0.00106968 8 
0 0.00107269 8 
0 0.00107586 8 
0 0.00107614 8 
0 0.00107659 8 
0 0.00108173 8 
0 0.0010821 8 
0 0.00108219 8 
0 0.00108372 8 
0 0.0010854 8 
0 0.00108549 8 
0 0.00108615 8 
0 0.00108865 8 
0 0.00109148 8 
0 0.00109283 8 
0 0.00110014 8 
0 0.00110017 8 
0 0.00110143 8 
0 0.00110333 8 
0 0.0011087 8 
0 0.00110891 8 
0 0.0011118 8 
0 0.001113 8 
0 0.00111376 8 
0 0.00111386 8 
0 0.00111544 8 
0 0.0011175 8 
0 0.00112193 8 
0 0.00112211 8 
0 0.0011235 8 
0 0.00112382 8 
0 0.00112541 8 
0 0.00112557 8 
0 0.00112802 8 
0 0.00113185 8 
0 0.00113208 8 
0 0.00113305 8 
0 0.00113589 8 
0 0.00113701 8 
0 0.00113854 8 
0 0.00113873 8 
0 0.00114062 8 
0 0.00114297 8 
0 0.00114411 8 
0 0.00114529 8 
0 0.00115269 8 
0 0.00116226 8 
0 0.00116524 8 
0 0.00116591 8 
0 0.00116819 8 
0 0.0011686 8 
0 0.0011699 8 
0 0.00117329 8 
0 0.00117461 8 
0 0.00117559 8 
0 0.00117674 8 
0 0.00117789 8 
0 0.00117871 8 
0 0.00118748 8 
0 0.00119071 8 
0 0.0011974 8 
0 0.00120823 8 
0 0.0012088 8 
0 0.00120943 8 
0 0.00121108 8 
0 0.00121414 8 
0 0.00121788 8 
0 0.00122164 8 
0 0.00122765 8 
0 0.00123453 8 
0 0.00124404 8 
0 0.00127421 8 
0 0.00127978 8 
0 0.0012804 8 
0 0.00128438 8 
0 0.00129195 8 
0 0.00129634 8 
0 0.00129795 8 
0 0.00132025 8 
0 0.00134262 8 
0 0.00134931 8 
0 0.00135043 8 
0 0.00137487 8 
0 0.00144968 8 
0 inf 8 
0 0.000434658 9 
0 0.000437888 9 
0 0.000451753 9 
0 0.000455 9 
0 0.00047226 9 
0 0.000478681 9 
0 0.000486351 9 
0 0.000490517 9 
0 0.000496255 9 
0 0.000497893 9 
0 0.000500082 9 
0 0.000500357 9 
0 0.000501498 9 
0 0.000504621 9 
0 0.000511982 9 
0 0.000512252 9 
0 0.000513266 9 
0 0.000513515 9 
0 0.000514223 9 
0 0.000514777 9 
0 0.000517997 9 
0 0.000519401 9 
0 0.000519479 9 
0 0.000520981 9 
0 0.000527232 9 
0 0.000529795 9 
0 0.000532958 9 
0 0.000533484 9 
0 0.000534466 9 
0 0.000536558 9 
0 0.000539856 9 
0 0.000540211 9 
0 0.000541165 9 
0 0.000541702 9 
0 0.000541712 9 
0 0.000543616 9 
0 0.000543819 9 
0 0.000544101 9 
0 0.000545313 9 
0 0.000547512 9 
0 0.000547821 9 
0 0.000548421 9 
0 0.000549248 9 
0 0.000549516 9 
0 0.000551162 9 
0 0.000551527 9 
0 0.000551679 9 
0 0.000553174 9 
0 0.00055534 9 
0 0.000556173 9 
0 0.000556245 9 
0 0.000556832 9 
0 0.000556961 9 
0 0.000557642 9 
0 0.000557925 9 
0 0.000559543 9 
0 0.00055969 9 
0 0.000559841 9 
0 0.000561165 9 
0 0.000561353 9 
0 0.000562479 9 
0 0.000564564 9 
0 0.000569228 9 
0 0.000572727 9 
0 0.000573103 9 
0 0.000573384 9 
0 0.000574301 9 
0 0.000575288 9 
0 0.000576164 9 
0 0.000577906 9 
0 0.000577917 9 
0 0.000578617 9 
0 0.000579019 9 
0 0.000579259 9 
0 0.000581609 9 
0 0.000582584 9 
0 0.000583111 9 
0 0.000583137 9 
0 0.000583972 9 
0 0.000584898 9 
0 0.000586385 9 
0 0.000587431 9 
0 0.000587909 9 
0 0.000589222 9 
0 0.000589935 9 
0 0.000592108 9 
0 0.000592887 9 
0 0.000594088 9 
0 0.000595058 9 
0 0.000596714 9 
0 0.00060025 9 
0 0.00060089 9 
0 0.000602755 9 
0 0.000603832 9 
0 0.000604052 9 
0 0.000606078 9 
0 0.000606718 9 
0 0.000606834 9 
0 0.000610201 9 
0 0.000614545 9 
0 0.000616157 9 
0 0.000616362 9 
0 0.000621369 9 
0 0.000622172 9 
0 0.000622571 9 
0 0.000623297 9 
0 0.000624787 9 
0 0.000626581 9 
0 0.000627732 9 
0 0.000628905 9 
0 0.000633014 9 
0 0.00063897 9 
0 0.000646519 9 
0 0.000655199 9 
0 0.000657663 9 
0 0.000660069 9 
0 0.000663519 9 
0 0.000664891 9 
0 0.000671227 9 
0 0.000677482 9 
0 0.000679317 9 
0 0.000690277 9 
0 0.000700179 9 
0 0.000706716 9 
0 0.000715297 9 
0 0.000726326 9 
0 0.000770476 9 
0 inf 9 
