0 0.492487 0 
0 0.49265 0 
0 0.494016 0 
0 0.495407 0 
0 0.495421 0 
0 0.495779 0 
0 0.495794 0 
0 0.49651 0 
0 0.49693 0 
0 0.496938 0 
0 0.497062 0 
0 0.497254 0 
0 0.49779 0 
0 0.498288 0 
0 0.498483 0 
0 0.499037 0 
0 0.499099 0 
0 0.499102 0 
0 0.499313 0 
0 0.499355 0 
0 0.499361 0 
0 0.499368 0 
0 0.499488 0 
0 0.499544 0 
0 0.499753 0 
0 0.499966 0 
0 0.500205 0 
0 0.50026 0 
0 0.50035 0 
0 0.500363 0 
0 0.500521 0 
0 0.500533 0 
0 0.500578 0 
0 0.500745 0 
0 0.50082 0 
0 0.50094 0 
0 0.501103 0 
0 0.50115 0 
0 0.501316 0 
0 0.501368 0 
0 0.501474 0 
0 0.50149 0 
0 0.501771 0 
0 0.501801 0 
0 0.50195 0 
0 0.502155 0 
0 0.502212 0 
0 0.50226 0 
0 0.502432 0 
0 0.502591 0 
0 0.502621 0 
0 0.502672 0 
0 0.50269 0 
0 0.502895 0 
0 0.502911 0 
0 0.502943 0 
0 0.502951 0 
0 0.502987 0 
0 0.503074 0 
0 0.503075 0 
0 0.503125 0 
0 0.503148 0 
0 0.503159 0 
0 0.503192 0 
0 0.503196 0 
0 0.503253 0 
0 0.503319 0 
0 0.503328 0 
0 0.503332 0 
0 0.50338 0 
0 0.503402 0 
0 0.503434 0 
0 0.503529 0 
0 0.503605 0 
0 0.503745 0 
0 0.503842 0 
0 0.503876 0 
0 0.503986 0 
0 0.504046 0 
0 0.504061 0 
0 0.504088 0 
0 0.504163 0 
0 0.50422 0 
0 0.504279 0 
0 0.504358 0 
0 0.504384 0 
0 0.504385 0 
0 0.504392 0 
0 0.504459 0 
0 0.504631 0 
0 0.504664 0 
0 0.504731 0 
0 0.504759 0 
0 0.504808 0 
0 0.504874 0 
0 0.50491 0 
0 0.504939 0 
0 0.505047 0 
0 0.505148 0 
0 0.505174 0 
0 0.50532 0 
0 0.505328 0 
0 0.505417 0 
0 0.505709 0 
0 0.505987 0 
0 0.50605 0 
0 0.506172 0 
0 0.506174 0 
0 0.506198 0 
0 0.506201 0 
0 0.506253 0 
0 0.506269 0 
0 0.506375 0 
0 0.506451 0 
0 0.506455 0 
0 0.506692 0 
0 0.506831 0 
0 0.506869 0 
0 0.506987 0 
0 0.507174 0 
0 0.507221 0 
0 0.50741 0 
0 0.508096 0 
0 0.508673 0 
0 0.509309 0 
0 0.509713 0 
0 0.509776 0 
0 inf 0 
0 0.183417 1 
0 0.184066 1 
0 0.185056 1 
0 0.185068 1 
0 0.186237 1 
0 0.186498 1 
0 0.186615 1 
0 0.187596 1 
0 0.188101 1 
0 0.188171 1 
0 0.188396 1 
0 0.188553 1 
0 0.188697 1 
0 0.188721 1 
0 0.188812 1 
0 0.189004 1 
0 0.189191 1 
0 0.189426 1 
0 0.18953 1 
0 0.189579 1 
0 0.189603 1 
0 0.189627 1 
0 0.189722 1 
0 0.189817 1 
0 0.189836 1 
0 0.189934 1 
0 0.190087 1 
0 0.190172 1 
0 0.190212 1 
0 0.190356 1 
0 0.190515 1 
0 0.190588 1 
0 0.190653 1 
0 0.190748 1 
0 0.190846 1 
0 0.190982 1 
0 0.190984 1 
0 0.191024 1 
0 0.191058 1 
0 0.191089 1 
0 0.191091 1 
0 0.191122 1 
0 0.191267 1 
0 0.191404 1 
0 0.191602 1 
0 0.191686 1 
0 0.191745 1 
0 0.19175 1 
0 0.191793 1 
0 0.191838 1 
0 0.191854 1 
0 0.191873 1 
0 0.191887 1 
0 0.191893 1 
0 0.192123 1 
0 0.192174 1 
0 0.192194 1 
0 0.192247 1 
0 0.192267 1 
0 0.192326 1 
0 0.192417 1 
0 0.192461 1 
0 0.192498 1 
0 0.192646 1 
0 0.192678 1 
0 0.192762 1 
0 0.192966 1 
0 0.192975 1 
0 0.192992 1 
0 0.193 1 
0 0.19309 1 
0 0.193152 1 
0 0.193162 1 
0 0.193204 1 
0 0.19322 1 
0 0.193237 1 
0 0.193274 1 
0 0.193314 1 
0 0.193396 1 
0 0.193403 1 
0 0.193508 1 
0 0.193533 1 
0 0.19358 1 
0 0.193605 1 
0 0.193758 1 
0 0.193797 1 
0 0.193859 1 
0 0.193873 1 
0 0.194022 1 
0 0.194037 1 
0 0.194055 1 
0 0.194086 1 
0 0.194244 1 
0 0.19431 1 
0 0.19439 1 
0 0.194418 1 
0 0.194454 1 
0 0.194558 1 
0 0.19461 1 
0 0.194693 1 
0 0.19476 1 
0 0.194883 1 
0 0.194939 1 
0 0.194974 1 
0 0.194991 1 
0 0.195073 1 
0 0.195177 1 
0 0.195392 1 
0 0.195397 1 
0 0.195416 1 
0 0.195526 1 
0 0.195676 1 
0 0.195828 1 
0 0.19583 1 
0 0.19593 1 
0 0.196215 1 
0 0.196402 1 
0 0.196843 1 
0 0.196849 1 
0 0.196864 1 
0 0.198047 1 
0 0.198269 1 
0 0.199917 1 
0 0.203938 1 
0 0.216152 1 
0 0.217719 1 
0 0.225401 1 
0 inf 1 
0 0.0700112 2 
0 0.0722518 2 
0 0.0729208 2 
0 0.0734664 2 
0 0.0735985 2 
0 0.0740416 2 
0 0.0741373 2 
0 0.07487 2 
0 0.0750559 2 
0 0.0750863 2 
0 0.075157 2 
0 0.0752529 2 
0 0.0753667 2 
0 0.0754047 2 
0 0.0754779 2 
0 0.0755565 2 
0 0.0757213 2 
0 0.0757628 2 
0 0.0760485 2 
0 0.076056 2 
0 0.0761174 2 
0 0.07632 2 
0 0.0764776 2 
0 0.0764897 2 
0 0.0766889 2 
0 0.0768353 2 
0 0.0768648 2 
0 0.0768979 2 
0 0.0769948 2 
0 0.0770362 2 
0 0.0771766 2 
0 0.0771877 2 
0 0.0772276 2 
0 0.0772991 2 
0 0.0773369 2 
0 0.0774361 2 
0 0.0774848 2 
0 0.0775411 2 
0 0.0775623 2 
0 0.0775851 2 
0 0.0775934 2 
0 0.0776273 2 
0 0.0776341 2 
0 0.0778409 2 
0 0.0778566 2 
0 0.0779815 2 
0 0.0780853 2 
0 0.0780954 2 
0 0.0782482 2 
0 0.0783357 2 
0 0.0783927 2 
0 0.0784182 2 
0 0.0784485 2 
0 0.0785487 2 
0 0.0785521 2 
0 0.0785776 2 
0 0.0786221 2 
0 0.0786845 2 
0 0.0787045 2 
0 0.0788272 2 
0 0.0788619 2 
0 0.0788832 2 
0 0.0789187 2 
0 0.0789267 2 
0 0.0789437 2 
0 0.0789649 2 
0 0.0789711 2 
0 0.0790081 2 
0 0.0790871 2 
0 0.079178 2 
0 0.079213 2 
0 0.0792166 2 
0 0.079431 2 
0 0.0795998 2 
0 0.079634 2 
0 0.0797806 2 
0 0.0798407 2 
0 0.0798515 2 
0 0.0798807 2 
0 0.0798992 2 
0 0.0799691 2 
0 0.0799905 2 
0 0.0800255 2 
0 0.080031 2 
0 0.0800551 2 
0 0.0800779 2 
0 0.0801075 2 
0 0.0801101 2 
0 0.0801139 2 
0 0.0801358 2 
0 0.0801556 2 
0 0.0802368 2 
0 0.0802431 2 
0 0.0803003 2 
0 0.080499 2 
0 0.0805081 2 
0 0.0806239 2 
0 0.0807896 2 
0 0.0808054 2 
0 0.0808519 2 
0 0.0808615 2 
0 0.0809488 2 
0 0.0810331 2 
0 0.0810831 2 
0 0.0810831 2 
0 0.0811007 2 
0 0.0811129 2 
0 0.0813489 2 
0 0.0814093 2 
0 0.0814738 2 
0 0.0814953 2 
0 0.081504 2 
0 0.0817011 2 
0 0.0820052 2 
0 0.0820141 2 
0 0.0823807 2 
0 0.0830084 2 
0 0.083026 2 
0 0.0833736 2 
0 0.0836118 2 
0 0.0844072 2 
0 0.0844973 2 
0 0.0865874 2 
0 0.0942618 2 
0 0.111382 2 
0 0.115849 2 
0 0.119473 2 
0 inf 2 
0 0.0278128 3 
0 0.0301833 3 
0 0.0302594 3 
0 0.0304599 3 
0 0.0304852 3 
0 0.0310952 3 
0 0.0313329 3 
0 0.0314073 3 
0 0.0316304 3 
0 0.0316504 3 
0 0.0317507 3 
0 0.0319897 3 
0 0.0320485 3 
0 0.0320641 3 
0 0.0322806 3 
0 0.0323357 3 
0 0.0325246 3 
0 0.0325377 3 
0 0.0326081 3 
0 0.0327726 3 
0 0.0328158 3 
0 0.0328323 3 
0 0.0328508 3 
0 0.0329814 3 
0 0.0330032 3 
0 0.0330305 3 
0 0.0331238 3 
0 0.0331541 3 
0 0.0331811 3 
0 0.0332344 3 
0 0.0333303 3 
0 0.0333433 3 
0 0.0333572 3 
0 0.0334944 3 
0 0.0335608 3 
0 0.0335932 3 
0 0.0336391 3 
0 0.0336407 3 
0 0.0336936 3 
0 0.0337815 3 
0 0.0338043 3 
0 0.033863 3 
0 0.0338681 3 
0 0.0338943 3 
0 0.0339356 3 
0 0.0339608 3 
0 0.0340427 3 
0 0.034148 3 
0 0.0342234 3 
0 0.0343492 3 
0 0.0344286 3 
0 0.0345017 3 
0 0.0345225 3 
0 0.0345456 3 
0 0.0345796 3 
0 0.0346302 3 
0 0.0346565 3 
0 0.0347113 3 
0 0.0347302 3 
0 0.0347803 3 
0 0.0347873 3 
0 0.0348244 3 
0 0.0348428 3 
0 0.0349096 3 
0 0.0349839 3 
0 0.0350059 3 
0 0.0350792 3 
0 0.0351127 3 
0 0.0351527 3 
0 0.035162 3 
0 0.0351654 3 
0 0.0351964 3 
0 0.0352047 3 
0 0.0352076 3 
0 0.0352332 3 
0 0.0352425 3 
0 0.0352652 3 
0 0.0352907 3 
0 0.035311 3 
0 0.0353257 3 
0 0.0354193 3 
0 0.0354448 3 
0 0.0354992 3 
0 0.0355374 3 
0 0.0355511 3 
0 0.0355619 3 
0 0.0355916 3 
0 0.0356766 3 
0 0.0356949 3 
0 0.0357778 3 
0 0.0359374 3 
0 0.0359891 3 
0 0.0359924 3 
0 0.0360014 3 
0 0.0360029 3 
0 0.0360392 3 
0 0.0361775 3 
0 0.036181 3 
0 0.0362534 3 
0 0.0362881 3 
0 0.0362946 3 
0 0.0363203 3 
0 0.0364324 3 
0 0.0365065 3 
0 0.0366232 3 
0 0.0366607 3 
0 0.0366934 3 
0 0.0367135 3 
0 0.0367966 3 
0 0.037159 3 
0 0.0371609 3 
0 0.0371622 3 
0 0.0372961 3 
0 0.0373694 3 
0 0.03762 3 
0 0.0377014 3 
0 0.0377405 3 
0 0.0377615 3 
0 0.0385667 3 
0 0.0387093 3 
0 0.0392033 3 
0 0.0410101 3 
0 0.04151 3 
0 0.0520265 3 
0 0.0696128 3 
0 0.0731148 3 
0 0.0746054 3 
0 inf 3 
0 0.0115277 4 
0 0.0130509 4 
0 0.0134968 4 
0 0.0135694 4 
0 0.0137427 4 
0 0.0137827 4 
0 0.0138991 4 
0 0.0140198 4 
0 0.0140767 4 
0 0.0142257 4 
0 0.0143253 4 
0 0.014343 4 
0 0.0146217 4 
0 0.0146765 4 
0 0.0147286 4 
0 0.0148473 4 
0 0.0149013 4 
0 0.0150006 4 
0 0.0150278 4 
0 0.0151045 4 
0 0.0151446 4 
0 0.0151891 4 
0 0.0152085 4 
0 0.0152707 4 
0 0.0152732 4 
0 0.0153065 4 
0 0.0153515 4 
0 0.0153775 4 
0 0.015419 4 
0 0.0154989 4 
0 0.0155244 4 
0 0.0155435 4 
0 0.015637 4 
0 0.0156642 4 
0 0.0156663 4 
0 0.0156751 4 
0 0.0158687 4 
0 0.0158696 4 
0 0.0159015 4 
0 0.0159173 4 
0 0.0159949 4 
0 0.0161223 4 
0 0.0161309 4 
0 0.0161334 4 
0 0.016201 4 
0 0.0162637 4 
0 0.0162662 4 
0 0.0162815 4 
0 0.016284 4 
0 0.0162881 4 
0 0.0163059 4 
0 0.0163093 4 
0 0.0163171 4 
0 0.0164003 4 
0 0.0164087 4 
0 0.0164276 4 
0 0.0164861 4 
0 0.016516 4 
0 0.0165162 4 
0 0.0165276 4 
0 0.016573 4 
0 0.0166085 4 
0 0.0166434 4 
0 0.016653 4 
0 0.0166684 4 
0 0.0166738 4 
0 0.0166887 4 
0 0.0167524 4 
0 0.0167706 4 
0 0.0167802 4 
0 0.016801 4 
0 0.0168105 4 
0 0.0168125 4 
0 0.0168311 4 
0 0.0169165 4 
0 0.0169296 4 
0 0.0169373 4 
0 0.0169825 4 
0 0.0170071 4 
0 0.017042 4 
0 0.0170524 4 
0 0.0171042 4 
0 0.0171061 4 
0 0.0171141 4 
0 0.0171248 4 
0 0.0171499 4 
0 0.0172095 4 
0 0.0172364 4 
0 0.0172787 4 
0 0.0173558 4 
0 0.0173618 4 
0 0.0173766 4 
0 0.0174389 4 
0 0.0174394 4 
0 0.0174658 4 
0 0.0174917 4 
0 0.0175039 4 
0 0.0175493 4 
0 0.0175573 4 
0 0.0175598 4 
0 0.017619 4 
0 0.017672 4 
0 0.0176828 4 
0 0.0176884 4 
0 0.0177026 4 
0 0.0177234 4 
0 0.0177545 4 
0 0.0177861 4 
0 0.0179289 4 
0 0.0179448 4 
0 0.0179609 4 
0 0.0184371 4 
0 0.0188598 4 
0 0.0189675 4 
0 0.0190478 4 
0 0.0191163 4 
0 0.0194249 4 
0 0.0194321 4 
0 0.0199127 4 
0 0.020308 4 
0 0.0206468 4 
0 0.021495 4 
0 0.0216342 4 
0 0.0341366 4 
0 0.0496013 4 
0 0.0499474 4 
0 0.050481 4 
0 inf 4 
0 0.00500913 5 
0 0.00604829 5 
0 0.00617728 5 
0 0.00624231 5 
0 0.00627534 5 
0 0.00648889 5 
0 0.00666101 5 
0 0.00691112 5 
0 0.00693727 5 
0 0.00696411 5 
0 0.00702888 5 
0 0.00718175 5 
0 0.00718803 5 
0 0.0072109 5 
0 0.0072258 5 
0 0.00727925 5 
0 0.00731712 5 
0 0.00739325 5 
0 0.00742406 5 
0 0.00742656 5 
0 0.00744165 5 
0 0.00754047 5 
0 0.00756578 5 
0 0.00772739 5 
0 0.00777317 5 
0 0.00778793 5 
0 0.00779888 5 
0 0.00782116 5 
0 0.00782878 5 
0 0.00783418 5 
0 0.00783869 5 
0 0.00786594 5 
0 0.00789714 5 
0 0.0078995 5 
0 0.00794563 5 
0 0.00795786 5 
0 0.00795944 5 
0 0.00796521 5 
0 0.00798952 5 
0 0.00803115 5 
0 0.00806982 5 
0 0.00811059 5 
0 0.00812005 5 
0 0.00812274 5 
0 0.0081292 5 
0 0.00813275 5 
0 0.00814605 5 
0 0.00817084 5 
0 0.00824239 5 
0 0.0082789 5 
0 0.00828131 5 
0 0.0083339 5 
0 0.00836817 5 
0 0.00844405 5 
0 0.00846331 5 
0 0.00847296 5 
0 0.00849887 5 
0 0.00851323 5 
0 0.00854781 5 
0 0.00855328 5 
0 0.0085859 5 
0 0.00859213 5 
0 0.00862901 5 
0 0.00864336 5 
0 0.008646 5 
0 0.00865642 5 
0 0.00866121 5 
0 0.00868558 5 
0 0.00868679 5 
0 0.00869639 5 
0 0.00871409 5 
0 0.00873618 5 
0 0.00874191 5 
0 0.00876939 5 
0 0.0087761 5 
0 0.00880568 5 
0 0.00880695 5 
0 0.00886524 5 
0 0.00888512 5 
0 0.00889588 5 
0 0.00890997 5 
0 0.00892773 5 
0 0.00896227 5 
0 0.00898768 5 
0 0.00901216 5 
0 0.00902191 5 
0 0.00912967 5 
0 0.00917384 5 
0 0.00918893 5 
0 0.0092415 5 
0 0.0092651 5 
0 0.00927803 5 
0 0.00933175 5 
0 0.00936116 5 
0 0.00936548 5 
0 0.00937043 5 
0 0.009435 5 
0 0.00944644 5 
0 0.00949093 5 
0 0.0095378 5 
0 0.00954251 5 
0 0.0095552 5 
0 0.00957136 5 
0 0.00965542 5 
0 0.00967032 5 
0 0.00968506 5 
0 0.00970263 5 
0 0.00971619 5 
0 0.00986338 5 
0 0.00991303 5 
0 0.0100274 5 
0 0.010142 5 
0 0.0101797 5 
0 0.0102627 5 
0 0.0103225 5 
0 0.0103338 5 
0 0.0113202 5 
0 0.0113765 5 
0 0.011496 5 
0 0.0115118 5 
0 0.0116894 5 
0 0.0127377 5 
0 0.0149265 5 
0 0.0250673 5 
0 0.0366471 5 
0 0.0375712 5 
0 0.0384987 5 
0 inf 5 
0 0.00230848 6 
0 0.00298182 6 
0 0.0030474 6 
0 0.00318999 6 
0 0.00320913 6 
0 0.00325526 6 
0 0.00329921 6 
0 0.0034413 6 
0 0.0035005 6 
0 0.00350144 6 
0 0.00356142 6 
0 0.00363425 6 
0 0.00367476 6 
0 0.00371098 6 
0 0.00371901 6 
0 0.00373866 6 
0 0.00376051 6 
0 0.00382219 6 
0 0.00391733 6 
0 0.00392183 6 
0 0.00395664 6 
0 0.00399498 6 
0 0.00401023 6 
0 0.00402372 6 
0 0.00404996 6 
0 0.00406919 6 
0 0.00414842 6 
0 0.00415182 6 
0 0.00419497 6 
0 0.00421654 6 
0 0.00431166 6 
0 0.00434133 6 
0 0.0043582 6 
0 0.00436684 6 
0 0.00437947 6 
0 0.0044278 6 
0 0.00444988 6 
0 0.00448706 6 
0 0.00449169 6 
0 0.00451688 6 
0 0.00453347 6 
0 0.00454058 6 
0 0.00456722 6 
0 0.00456885 6 
0 0.00457352 6 
0 0.00460491 6 
0 0.00461608 6 
0 0.00464506 6 
0 0.00466563 6 
0 0.00467382 6 
0 0.00468476 6 
0 0.00472471 6 
0 0.00473452 6 
0 0.00474603 6 
0 0.00475566 6 
0 0.00476612 6 
0 0.00476953 6 
0 0.00478932 6 
0 0.00479444 6 
0 0.0048269 6 
0 0.00483789 6 
0 0.00484082 6 
0 0.00485612 6 
0 0.00489444 6 
0 0.0049078 6 
0 0.00491262 6 
0 0.00491559 6 
0 0.00492232 6 
0 0.00495055 6 
0 0.00496817 6 
0 0.00497251 6 
0 0.00497412 6 
0 0.00499344 6 
0 0.00499554 6 
0 0.00500354 6 
0 0.00500471 6 
0 0.00501846 6 
0 0.0050318 6 
0 0.00503958 6 
0 0.00516017 6 
0 0.0051847 6 
0 0.00518725 6 
0 0.00520056 6 
0 0.00521256 6 
0 0.00523306 6 
0 0.00526184 6 
0 0.00529627 6 
0 0.00531919 6 
0 0.00532658 6 
0 0.00537332 6 
0 0.00541766 6 
0 0.0054295 6 
0 0.0054627 6 
0 0.00548083 6 
0 0.00553549 6 
0 0.00557857 6 
0 0.00559115 6 
0 0.00561686 6 
0 0.00564454 6 
0 0.00564949 6 
0 0.0056515 6 
0 0.00573257 6 
0 0.00573267 6 
0 0.00574318 6 
0 0.00575099 6 
0 0.00586847 6 
0 0.00594143 6 
0 0.00599949 6 
0 0.006019 6 
0 0.00609205 6 
0 0.00612467 6 
0 0.00614129 6 
0 0.00614822 6 
0 0.00625869 6 
0 0.00628386 6 
0 0.00667262 6 
0 0.00702954 6 
0 0.0071238 6 
0 0.00795013 6 
0 0.00801451 6 
0 0.00822085 6 
0 0.0084206 6 
0 0.0112108 6 
0 0.0187948 6 
0 0.0281866 6 
0 0.029421 6 
0 0.0300998 6 
0 inf 6 
0 0.00115783 7 
0 0.00149854 7 
0 0.00157685 7 
0 0.00171238 7 
0 0.00181696 7 
0 0.00181754 7 
0 0.00185035 7 
0 0.00192333 7 
0 0.00195662 7 
0 0.00200621 7 
0 0.00201248 7 
0 0.00204213 7 
0 0.00204454 7 
0 0.00208727 7 
0 0.00209692 7 
0 0.0020997 7 
0 0.00210424 7 
0 0.00215842 7 
0 0.00221592 7 
0 0.00224257 7 
0 0.00227689 7 
0 0.00228516 7 
0 0.0022962 7 
0 0.00230567 7 
0 0.00232557 7 
0 0.00232846 7 
0 0.00235119 7 
0 0.00238279 7 
0 0.00238658 7 
0 0.00245665 7 
0 0.00252992 7 
0 0.00256166 7 
0 0.00259691 7 
0 0.00264766 7 
0 0.00265798 7 
0 0.00268703 7 
0 0.00271361 7 
0 0.0027172 7 
0 0.00272837 7 
0 0.00275595 7 
0 0.00275768 7 
0 0.00276375 7 
0 0.00277404 7 
0 0.00279826 7 
0 0.00280448 7 
0 0.00280588 7 
0 0.00280661 7 
0 0.00282028 7 
0 0.00282998 7 
0 0.00283518 7 
0 0.00285704 7 
0 0.00285831 7 
0 0.00286819 7 
0 0.00287681 7 
0 0.00287935 7 
0 0.00288841 7 
0 0.00290379 7 
0 0.00290498 7 
0 0.00292019 7 
0 0.00293339 7 
0 0.00294321 7 
0 0.00294689 7 
0 0.00295661 7 
0 0.00295752 7 
0 0.00296375 7 
0 0.00298148 7 
0 0.00301568 7 
0 0.00304861 7 
0 0.00306094 7 
0 0.0030645 7 
0 0.00311867 7 
0 0.00312774 7 
0 0.0031679 7 
0 0.00317517 7 
0 0.00320777 7 
0 0.00322122 7 
0 0.00323906 7 
0 0.00330574 7 
0 0.00331212 7 
0 0.00334726 7 
0 0.00339059 7 
0 0.00340165 7 
0 0.00343765 7 
0 0.00344865 7 
0 0.0034595 7 
0 0.00346108 7 
0 0.00346569 7 
0 0.00348269 7 
0 0.00352174 7 
0 0.00354686 7 
0 0.00360887 7 
0 0.00363031 7 
0 0.00363644 7 
0 0.00365041 7 
0 0.00365357 7 
0 0.00368298 7 
0 0.00370718 7 
0 0.00371133 7 
0 0.00371568 7 
0 0.00376842 7 
0 0.00380319 7 
0 0.00380465 7 
0 0.00382299 7 
0 0.00384305 7 
0 0.00385921 7 
0 0.00387307 7 
0 0.00395157 7 
0 0.00401453 7 
0 0.00408153 7 
0 0.00414325 7 
0 0.0041678 7 
0 0.00420275 7 
0 0.00421329 7 
0 0.00423301 7 
0 0.00452536 7 
0 0.00464547 7 
0 0.00480921 7 
0 0.00492768 7 
0 0.0050893 7 
0 0.00592795 7 
0 0.0063271 7 
0 0.00660855 7 
0 0.00895376 7 
0 0.0143533 7 
0 0.0220431 7 
0 0.0235877 7 
0 0.0238716 7 
0 inf 7 
0 0.000656102 8 
0 0.000822654 8 
0 0.000845214 8 
0 0.000921069 8 
0 0.00105239 8 
0 0.00112074 8 
0 0.0011463 8 
0 0.00119338 8 
0 0.00122136 8 
0 0.00122519 8 
0 0.00131693 8 
0 0.00132329 8 
0 0.00132461 8 
0 0.00133103 8 
0 0.00134477 8 
0 0.00135606 8 
0 0.00139346 8 
0 0.00139963 8 
0 0.00141449 8 
0 0.00142392 8 
0 0.00143913 8 
0 0.0014512 8 
0 0.00145524 8 
0 0.00145594 8 
0 0.00146226 8 
0 0.00147205 8 
0 0.00149833 8 
0 0.00149872 8 
0 0.00153259 8 
0 0.00154803 8 
0 0.00156505 8 
0 0.00159261 8 
0 0.00163295 8 
0 0.00165497 8 
0 0.00170028 8 
0 0.00170234 8 
0 0.00170436 8 
0 0.00171893 8 
0 0.00172663 8 
0 0.00174119 8 
0 0.00174211 8 
0 0.00174306 8 
0 0.00180567 8 
0 0.00180924 8 
0 0.00181078 8 
0 0.00181145 8 
0 0.00181506 8 
0 0.00181933 8 
0 0.00182994 8 
0 0.00185373 8 
0 0.00189592 8 
0 0.00192705 8 
0 0.00193708 8 
0 0.00193868 8 
0 0.00196205 8 
0 0.00197707 8 
0 0.0019843 8 
0 0.00198597 8 
0 0.00201649 8 
0 0.00202493 8 
0 0.0020361 8 
0 0.00203696 8 
0 0.00204649 8 
0 0.00205202 8 
0 0.00205649 8 
0 0.00206237 8 
0 0.0020746 8 
0 0.00207685 8 
0 0.00209057 8 
0 0.00209493 8 
0 0.00215014 8 
0 0.00215561 8 
0 0.00216109 8 
0 0.00216294 8 
0 0.00219422 8 
0 0.00226505 8 
0 0.00228476 8 
0 0.00230833 8 
0 0.00231335 8 
0 0.00232638 8 
0 0.00242315 8 
0 0.0024243 8 
0 0.00244356 8 
0 0.00247628 8 
0 0.00249761 8 
0 0.00249847 8 
0 0.00254262 8 
0 0.00259853 8 
0 0.0025987 8 
0 0.00260357 8 
0 0.00261594 8 
0 0.00261767 8 
0 0.00263261 8 
0 0.00263709 8 
0 0.00264996 8 
0 0.00265095 8 
0 0.00265487 8 
0 0.00271339 8 
0 0.0027423 8 
0 0.00275244 8 
0 0.00278564 8 
0 0.00280027 8 
0 0.00283653 8 
0 0.00285136 8 
0 0.00285319 8 
0 0.0029097 8 
0 0.00292968 8 
0 0.00299261 8 
0 0.00299617 8 
0 0.00304104 8 
0 0.00312548 8 
0 0.00316107 8 
0 0.00319636 8 
0 0.00325665 8 
0 0.00337347 8 
0 0.00340007 8 
0 0.00345089 8 
0 0.00355493 8 
0 0.00372699 8 
0 0.0045708 8 
0 0.0050488 8 
0 0.00536205 8 
0 0.00706681 8 
0 0.0112062 8 
0 0.0173557 8 
0 0.0191113 8 
0 0.0191249 8 
0 inf 8 
0 0.000426844 9 
0 0.000492639 9 
0 0.00049755 9 
0 0.000547579 9 
0 0.000698828 9 
0 0.000721734 9 
0 0.000820895 9 
0 0.000825063 9 
0 0.000835823 9 
0 0.000845396 9 
0 0.00084978 9 
0 0.000850043 9 
0 0.000869089 9 
0 0.000893668 9 
0 0.000906311 9 
0 0.000937064 9 
0 0.000940492 9 
0 0.000941692 9 
0 0.000960443 9 
0 0.000962717 9 
0 0.000969874 9 
0 0.000992664 9 
0 0.00101453 9 
0 0.00103256 9 
0 0.00103789 9 
0 0.00106183 9 
0 0.00107604 9 
0 0.00107981 9 
0 0.00108267 9 
0 0.00109906 9 
0 0.00110769 9 
0 0.00113659 9 
0 0.00113804 9 
0 0.00114018 9 
0 0.00114453 9 
0 0.00115865 9 
0 0.00116554 9 
0 0.0011718 9 
0 0.00118339 9 
0 0.00119199 9 
0 0.00120892 9 
0 0.00120971 9 
0 0.00121852 9 
0 0.00122767 9 
0 0.0012692 9 
0 0.00128738 9 
0 0.00129022 9 
0 0.00129332 9 
0 0.00131162 9 
0 0.00134564 9 
0 0.00134908 9 
0 0.00136239 9 
0 0.00136515 9 
0 0.00137449 9 
0 0.00141502 9 
0 0.00141783 9 
0 0.00142333 9 
0 0.00144804 9 
0 0.0014575 9 
0 0.00148527 9 
0 0.00148752 9 
0 0.00149332 9 
0 0.00149853 9 
0 0.00150142 9 
0 0.00150649 9 
0 0.00154082 9 
0 0.00154095 9 
0 0.00155028 9 
0 0.00155264 9 
0 0.0015611 9 
0 0.00157735 9 
0 0.00158314 9 
0 0.00158638 9 
0 0.00165551 9 
0 0.00165566 9 
0 0.00166055 9 
0 0.00170449 9 
0 0.00176163 9 
0 0.00178863 9 
0 0.00179031 9 
0 0.00180442 9 
0 0.00184513 9 
0 0.00185428 9 
0 0.00185826 9 
0 0.00186512 9 
0 0.00188256 9 
0 0.00190513 9 
0 0.00194482 9 
0 0.00194975 9 
0 0.00197677 9 
0 0.00200552 9 
0 0.00200759 9 
0 0.00205633 9 
0 0.00207607 9 
0 0.00207969 9 
0 0.0020895 9 
0 0.00210406 9 
0 0.00213796 9 
0 0.00213874 9 
0 0.00214216 9 
0 0.00214605 9 
0 0.00214779 9 
0 0.00220028 9 
0 0.00220239 9 
0 0.0022177 9 
0 0.00224532 9 
0 0.002264 9 
0 0.00230207 9 
0 0.00237187 9 
0 0.00245487 9 
0 0.00245765 9 
0 0.0024957 9 
0 0.00254742 9 
0 0.00256806 9 
0 0.0025812 9 
0 0.00262504 9 
0 0.00265898 9 
0 0.00269167 9 
0 0.00291883 9 
0 0.0035719 9 
0 0.00410554 9 
0 0.00440117 9 
0 0.00565302 9 
0 0.00887863 9 
0 0.0137059 9 
0 0.0154026 9 
0 0.015561 9 
0 inf 9 
