0.523091 0.542966 0 
0.522844 0.543187 0 
0.522839 0.540998 0 
0.52256 0.542466 0 
0.522088 0.543618 0 
0.521885 0.539258 0 
0.521787 0.541602 0 
0.52167 0.545551 0 
0.52163 0.542556 0 
0.521518 0.54021 0 
0.521496 0.54114 0 
0.521294 0.542194 0 
0.521223 0.543289 0 
0.521152 0.540647 0 
0.521007 0.542055 0 
0.520927 0.542159 0 
0.520927 0.521821 0 
0.52081 0.54021 0 
0.520754 0.542055 0 
0.520632 0.542184 0 
0.5206 0.54021 0 
0.520495 0.543382 0 
0.520482 0.543252 0 
0.520303 0.541314 0 
0.520237 0.541532 0 
0.520217 0.543406 0 
0.520193 0.542724 0 
0.519889 0.540444 0 
0.519882 0.5425 0 
0.51988 0.54017 0 
0.519807 0.541863 0 
0.519685 0.542184 0 
0.519637 0.541314 0 
0.519605 0.520017 0 
0.519561 0.542418 0 
0.519401 0.543179 0 
0.519391 0.543327 0 
0.519349 0.544387 0 
0.519349 0.539943 0 
0.519125 0.545669 0 
0.519082 0.543541 0 
0.519053 0.542574 0 
0.518974 0.540092 0 
0.518927 0.540491 0 
0.518875 0.540622 0 
0.518865 0.544275 0 
0.518829 0.542006 0 
0.518708 0.540883 0 
0.51865 0.519454 0 
0.518638 0.520486 0 
0.518591 0.542698 0 
0.51851 0.543159 0 
0.518508 0.541047 0 
0.518506 0.543126 0 
0.518505 0.519617 0 
0.518469 0.542518 0 
0.518393 0.545998 0 
0.518246 0.518394 0 
0.518219 0.542513 0 
0.518208 0.519462 0 
0.518199 0.518296 0 
0.518193 0.542847 0 
0.518188 0.52072 0 
0.518175 0.540837 0 
0.51816 0.544 0 
0.518147 0.543203 0 
0.518146 0.544471 0 
0.518138 0.544932 0 
0.518118 0.51826 0 
0.518109 0.544278 0 
0.518059 0.541535 0 
0.518055 0.541047 0 
0.518042 0.539258 0 
0.51801 0.540444 0 
0.517959 0.518359 0 
0.517916 0.518707 0 
0.51791 0.543463 0 
0.517878 0.542418 0 
0.517868 0.518544 0 
0.517855 0.519253 0 
0.517809 0.540092 0 
0.517746 0.54251 0 
0.517724 0.543463 0 
0.517705 0.539943 0 
0.517695 0.543953 0 
0.517659 0.543159 0 
0.517582 0.542532 0 
0.517466 0.543738 0 
0.517451 0.518864 0 
0.517405 0.517585 0 
0.517376 0.520821 0 
0.517345 0.541928 0 
0.517329 0.51906 0 
0.517283 0.541882 0 
0.517117 0.519919 0 
0.517044 0.520404 0 
0.517006 0.518828 0 
0.516994 0.518989 0 
0.516988 0.541835 0 
0.516986 0.542861 0 
0.516961 0.518707 0 
0.516902 0.517144 0 
0.516889 0.542006 0 
0.516868 0.541509 0 
0.516848 0.519454 0 
0.516831 0.543243 0 
0.516821 0.518951 0 
0.516794 0.520729 0 
0.516781 0.519202 0 
0.516775 0.540697 0 
0.516767 0.545388 0 
0.516754 0.517846 0 
0.516735 0.517295 0 
0.516718 0.519718 0 
0.516716 0.540092 0 
0.516697 0.519617 0 
0.516666 0.520966 0 
0.516654 0.517295 0 
0.516653 0.54021 0 
0.516608 0.52017 0 
0.516588 0.54017 0 
0.516573 0.540687 0 
0.516545 0.54021 0 
0.516531 0.543382 0 
0.516492 0.516643 0 
0.516415 0.520058 0 
0.516395 0.517595 0 
0.516391 0.516729 0 
0.51633 0.516959 0 
0.516311 0.541253 0 
0.51629 0.518447 0 
0.516232 0.539925 0 
0.516231 0.543681 0 
0.5162 0.541047 0 
0.516184 0.516212 0 
0.51618 0.541253 0 
0.516145 0.546628 0 
0.51613 0.517585 0 
0.516107 0.541047 0 
0.516107 0.516862 0 
0.516088 0.518656 0 
0.516084 0.521196 0 
0.51607 0.517448 0 
0.516064 0.540259 0 
0.516052 0.540622 0 
0.516044 0.519122 0 
0.516024 0.544305 0 
0.516008 0.519283 0 
0.516001 0.543361 0 
0.515989 0.520695 0 
0.51597 0.542055 0 
0.515941 0.542989 0 
0.515908 0.516828 0 
0.515907 0.539925 0 
0.515901 0.518447 0 
0.515896 0.516908 0 
0.515877 0.542278 0 
0.515871 0.541253 0 
0.51584 0.517845 0 
0.515786 0.54383 0 
0.515755 0.517041 0 
0.515736 0.522198 0 
0.515684 0.516892 0 
0.515684 0.543355 0 
0.515677 0.540622 0 
0.515676 0.519462 0 
0.515628 0.518719 0 
0.515616 0.516946 0 
0.515611 0.54017 0 
0.51559 0.542432 0 
0.515587 0.543327 0 
0.515574 0.540259 0 
0.515529 0.545487 0 
0.515502 0.540444 0 
0.515498 0.543953 0 
0.515495 0.543575 0 
0.51547 0.515997 0 
0.51545 0.540687 0 
0.515439 0.520721 0 
0.515427 0.519523 0 
0.515412 0.540958 0 
0.515402 0.542006 0 
0.515385 0.543701 0 
0.515261 0.543548 0 
0.51526 0.543382 0 
0.515232 0.515943 0 
0.515211 0.520984 0 
0.515206 0.516208 0 
0.515205 0.515816 0 
0.515187 0.517569 0 
0.515141 0.54341 0 
0.515126 0.516996 0 
0.515123 0.541161 0 
0.515114 0.54017 0 
0.515097 0.541928 0 
0.515083 0.542872 0 
0.515078 0.540958 0 
0.515077 0.518502 0 
0.515015 0.517914 0 
0.515001 0.540444 0 
0.514994 0.519919 0 
0.514969 0.541535 0 
0.514935 0.53817 0 
0.514934 0.543738 0 
0.514915 0.519973 0 
0.514848 0.545904 0 
0.514842 0.542587 0 
0.51484 0.51666 0 
0.514834 0.540092 0 
0.514822 0.543252 0 
0.514735 0.543327 0 
0.514714 0.519159 0 
0.514674 0.517032 0 
0.514672 0.54114 0 
0.514641 0.545129 0 
0.514627 0.543375 0 
0.514613 0.543406 0 
0.514608 0.515609 0 
0.514583 0.543055 0 
0.514532 0.517794 0 
0.514516 0.5401 0 
0.514514 0.541882 0 
0.514482 0.541591 0 
0.51448 0.543252 0 
0.514474 0.51478 0 
0.514454 0.516044 0 
0.514449 0.546127 0 
0.514445 0.545196 0 
0.514436 0.541132 0 
0.514405 0.517773 0 
0.514378 0.517489 0 
0.514329 0.538995 0 
0.514318 0.541314 0 
0.514302 0.539925 0 
0.514286 0.53817 0 
0.514274 0.54017 0 
0.514257 0.543062 0 
0.514237 0.54547 0 
0.514234 0.541591 0 
0.514224 0.519487 0 
0.514175 0.542632 0 
0.514148 0.516912 0 
0.514118 0.515177 0 
0.514067 0.540622 0 
0.514062 0.544638 0 
0.514037 0.542532 0 
0.514024 0.542758 0 
0.514018 0.546514 0 
0.51399 0.541253 0 
0.513988 0.517573 0 
0.513978 0.541799 0 
0.513936 0.542298 0 
0.513922 0.542809 0 
0.513891 0.517914 0 
0.513871 0.542006 0 
0.51387 0.541277 0 
0.513867 0.514939 0 
0.513863 0.540647 0 
0.51382 0.543099 0 
0.513745 0.514711 0 
0.51374 0.544478 0 
0.513719 0.541961 0 
0.513714 0.519705 0 
0.513657 0.541602 0 
0.513655 0.542518 0 
0.513644 0.540958 0 
0.513596 0.540647 0 
0.513591 0.518704 0 
0.513553 0.514534 0 
0.513538 0.519535 0 
0.513537 0.522017 0 
0.513532 0.516862 0 
0.51346 0.522017 0 
0.513422 0.516834 0 
0.513413 0.517106 0 
0.513397 0.517907 0 
0.513395 0.540491 0 
0.513354 0.541928 0 
0.51335 0.519617 0 
0.513317 0.514398 0 
0.513312 0.541509 0 
0.513283 0.540647 0 
0.51328 0.522198 0 
0.513278 0.54285 0 
0.513243 0.541986 0 
0.513241 0.543494 0 
0.513223 0.544927 0 
0.513182 0.516065 0 
0.513109 0.518843 0 
0.513102 0.516724 0 
0.51308 0.520027 0 
0.513053 0.543548 0 
0.513052 0.539943 0 
0.51305 0.538995 0 
0.513049 0.540647 0 
0.513047 0.542724 0 
0.512996 0.542184 0 
0.512979 0.544243 0 
0.512977 0.544638 0 
0.512974 0.541602 0 
0.512961 0.540837 0 
0.512959 0.541591 0 
0.512954 0.545964 0 
0.512928 0.543887 0 
0.5129 0.541152 0 
0.512885 0.539925 0 
0.51288 0.546198 0 
0.512868 0.539258 0 
0.512762 0.547487 0 
0.512707 0.540697 0 
0.512702 0.543361 0 
0.512694 0.521485 0 
0.512689 0.542184 0 
0.512666 0.546321 0 
0.512645 0.544801 0 
0.512637 0.545469 0 
0.512604 0.540687 0 
0.512522 0.545092 0 
0.512519 0.541835 0 
0.512514 0.543117 0 
0.512508 0.543478 0 
0.5125 0.540697 0 
0.512416 0.512886 0 
0.512394 0.540883 0 
0.512371 0.513123 0 
0.512363 0.540697 0 
0.512362 0.540687 0 
0.51236 0.540998 0 
0.512359 0.54114 0 
0.512309 0.542887 0 
0.512307 0.544932 0 
0.512294 0.542044 0 
0.512277 0.541132 0 
0.512273 0.542106 0 
0.512272 0.545741 0 
0.512252 0.541277 0 
0.512243 0.545364 0 
0.512242 0.543441 0 
0.512227 0.540998 0 
0.512211 0.542184 0 
0.51215 0.544 0 
0.512088 0.542693 0 
0.512034 0.544182 0 
0.512034 0.543321 0 
0.511942 0.51277 0 
0.511914 0.54465 0 
0.511913 0.543004 0 
0.511913 0.541591 0 
0.511859 0.543181 0 
0.511827 0.542187 0 
0.511759 0.542106 0 
0.511742 0.542758 0 
0.511726 0.54285 0 
0.51168 0.541277 0 
0.511658 0.542532 0 
0.511581 0.542887 0 
0.511468 0.513515 0 
0.51136 0.544 0 
0.511296 0.541277 0 
0.51128 0.542556 0 
0.511131 0.544898 0 
0.511122 0.543159 0 
0.511092 0.541882 0 
0.511071 0.544332 0 
0.511054 0.542758 0 
0.510862 0.541277 0 
0.510845 0.542796 0 
0.510794 0.543052 0 
0.510792 0.54508 0 
0.510791 0.543463 0 
0.510778 0.541986 0 
0.510748 0.511721 0 
0.510736 0.544701 0 
0.510668 0.543232 0 
0.510641 0.543002 0 
0.510626 0.542055 0 
0.510202 0.542587 0 
0.510107 0.543392 0 
0.509751 0.544519 0 
0.509622 0.544932 0 
0.509432 0.543236 0 
0.509236 0.541571 0 
0.509219 0.545919 0 
0.508546 0.512167 0 
0.219491 0.230163 1 
0.218931 0.227342 1 
0.218432 0.230731 1 
0.218062 0.224781 1 
0.21779 0.228763 1 
0.217528 0.224628 1 
0.217494 0.226997 1 
0.217291 0.225208 1 
0.217189 0.227206 1 
0.217133 0.226442 1 
0.21702 0.230064 1 
0.216886 0.222937 1 
0.216842 0.231344 1 
0.216678 0.224617 1 
0.216595 0.226319 1 
0.216328 0.227111 1 
0.216287 0.228319 1 
0.216073 0.223183 1 
0.216028 0.225873 1 
0.215843 0.225895 1 
0.2158 0.226053 1 
0.215779 0.226327 1 
0.215659 0.224781 1 
0.215563 0.226432 1 
0.215558 0.226288 1 
0.215397 0.226053 1 
0.215344 0.224895 1 
0.215339 0.223488 1 
0.215325 0.222565 1 
0.215216 0.227433 1 
0.215203 0.226188 1 
0.2152 0.223834 1 
0.215023 0.226531 1 
0.214922 0.23016 1 
0.214901 0.225352 1 
0.214862 0.221923 1 
0.214751 0.227894 1 
0.214722 0.223509 1 
0.214697 0.226161 1 
0.214615 0.229277 1 
0.214497 0.221126 1 
0.214476 0.223565 1 
0.214432 0.224565 1 
0.214425 0.226645 1 
0.214405 0.226731 1 
0.21434 0.226731 1 
0.214292 0.224053 1 
0.214268 0.224228 1 
0.214255 0.223621 1 
0.214253 0.226395 1 
0.214201 0.224527 1 
0.214195 0.223771 1 
0.214181 0.224227 1 
0.21414 0.226345 1 
0.214075 0.224227 1 
0.214018 0.221126 1 
0.213965 0.224097 1 
0.213958 0.22921 1 
0.213948 0.227722 1 
0.213925 0.223189 1 
0.21392 0.221873 1 
0.213858 0.224781 1 
0.213852 0.232475 1 
0.213827 0.225692 1 
0.213742 0.231262 1 
0.213731 0.229436 1 
0.213728 0.221126 1 
0.213668 0.225114 1 
0.213639 0.224227 1 
0.213623 0.221857 1 
0.213606 0.226834 1 
0.213499 0.224242 1 
0.213497 0.228997 1 
0.21341 0.225682 1 
0.21339 0.221873 1 
0.213305 0.223391 1 
0.2133 0.229652 1 
0.213295 0.220185 1 
0.213223 0.226053 1 
0.213138 0.228454 1 
0.213117 0.226406 1 
0.213105 0.226169 1 
0.213068 0.224242 1 
0.21301 0.223621 1 
0.212995 0.229987 1 
0.212986 0.230206 1 
0.21296 0.226055 1 
0.212924 0.226077 1 
0.212792 0.220762 1 
0.212746 0.220185 1 
0.212716 0.222524 1 
0.212661 0.225286 1 
0.212558 0.224473 1 
0.21252 0.229194 1 
0.212503 0.220701 1 
0.212499 0.223189 1 
0.212483 0.227399 1 
0.212467 0.231568 1 
0.212412 0.22886 1 
0.212357 0.225929 1 
0.212332 0.225147 1 
0.212287 0.226345 1 
0.212283 0.222621 1 
0.212259 0.222621 1 
0.212225 0.22629 1 
0.212219 0.224592 1 
0.212206 0.226206 1 
0.212187 0.22604 1 
0.212144 0.226797 1 
0.212137 0.226188 1 
0.212071 0.212457 1 
0.212041 0.225352 1 
0.212024 0.222775 1 
0.21191 0.225119 1 
0.211852 0.22043 1 
0.211811 0.226327 1 
0.211795 0.225853 1 
0.21178 0.224395 1 
0.211746 0.226288 1 
0.211683 0.226251 1 
0.211653 0.223189 1 
0.21165 0.227998 1 
0.211599 0.229464 1 
0.211591 0.227128 1 
0.211505 0.223328 1 
0.211496 0.222565 1 
0.211489 0.221615 1 
0.211451 0.223189 1 
0.211412 0.225562 1 
0.211355 0.226981 1 
0.211306 0.226395 1 
0.211294 0.218477 1 
0.21128 0.226188 1 
0.211262 0.224763 1 
0.211188 0.221126 1 
0.211178 0.226797 1 
0.211177 0.227188 1 
0.211157 0.220762 1 
0.211101 0.223809 1 
0.21108 0.22101 1 
0.211065 0.227321 1 
0.21096 0.222937 1 
0.210941 0.22101 1 
0.210913 0.229773 1 
0.210895 0.211022 1 
0.210875 0.224256 1 
0.210703 0.211562 1 
0.210679 0.222524 1 
0.210677 0.227909 1 
0.210545 0.22043 1 
0.210429 0.227818 1 
0.210409 0.226013 1 
0.210365 0.21146 1 
0.210341 0.225173 1 
0.210329 0.210765 1 
0.210298 0.221665 1 
0.210223 0.22573 1 
0.210222 0.21125 1 
0.210196 0.224242 1 
0.210082 0.22043 1 
0.209879 0.225173 1 
0.209855 0.211744 1 
0.209799 0.222561 1 
0.209787 0.212955 1 
0.209768 0.221873 1 
0.209768 0.211688 1 
0.209724 0.221129 1 
0.209714 0.225238 1 
0.209655 0.228324 1 
0.209631 0.221422 1 
0.209571 0.209779 1 
0.209522 0.211678 1 
0.209512 0.220429 1 
0.209479 0.210048 1 
0.209455 0.209474 1 
0.209445 0.221857 1 
0.209435 0.210442 1 
0.20941 0.209993 1 
0.209379 0.212572 1 
0.209308 0.211001 1 
0.209284 0.209559 1 
0.209273 0.222621 1 
0.209261 0.226161 1 
0.209188 0.22043 1 
0.209171 0.226834 1 
0.209165 0.211706 1 
0.20911 0.220762 1 
0.209042 0.221615 1 
0.208932 0.20904 1 
0.208924 0.221873 1 
0.208859 0.210819 1 
0.208752 0.221873 1 
0.208746 0.225562 1 
0.208722 0.213224 1 
0.208711 0.227894 1 
0.208678 0.221422 1 
0.20863 0.209498 1 
0.208589 0.222952 1 
0.20858 0.226731 1 
0.208565 0.209486 1 
0.208559 0.2127 1 
0.208497 0.213669 1 
0.208452 0.209032 1 
0.208418 0.223809 1 
0.208399 0.220762 1 
0.208367 0.208793 1 
0.208332 0.21058 1 
0.208329 0.212188 1 
0.208324 0.210717 1 
0.208317 0.221422 1 
0.208316 0.222067 1 
0.208298 0.208797 1 
0.208293 0.224785 1 
0.208255 0.209382 1 
0.208177 0.212519 1 
0.208122 0.221129 1 
0.208098 0.22329 1 
0.208062 0.209734 1 
0.208052 0.21137 1 
0.208023 0.20819 1 
0.207993 0.210835 1 
0.207988 0.211405 1 
0.207967 0.208535 1 
0.207959 0.213888 1 
0.207944 0.221665 1 
0.207939 0.209595 1 
0.207926 0.211588 1 
0.207833 0.224565 1 
0.207796 0.208046 1 
0.207784 0.208784 1 
0.207768 0.208548 1 
0.20774 0.226395 1 
0.207735 0.222067 1 
0.207729 0.224592 1 
0.207711 0.222524 1 
0.207704 0.225286 1 
0.207681 0.221201 1 
0.207671 0.209008 1 
0.207663 0.226981 1 
0.207662 0.225417 1 
0.207619 0.227894 1 
0.207609 0.220762 1 
0.207587 0.220701 1 
0.207525 0.222524 1 
0.207466 0.222937 1 
0.207451 0.209682 1 
0.20743 0.210127 1 
0.207418 0.212087 1 
0.207417 0.219635 1 
0.207417 0.225266 1 
0.20734 0.221129 1 
0.207333 0.218477 1 
0.207293 0.212575 1 
0.20728 0.222775 1 
0.207173 0.222067 1 
0.207153 0.225286 1 
0.207119 0.223809 1 
0.207083 0.20773 1 
0.20707 0.220185 1 
0.207044 0.207451 1 
0.207041 0.208244 1 
0.207038 0.207451 1 
0.207007 0.219635 1 
0.207002 0.207619 1 
0.206965 0.224097 1 
0.206932 0.208258 1 
0.206931 0.227682 1 
0.206928 0.211274 1 
0.20692 0.210975 1 
0.206901 0.224584 1 
0.20688 0.210138 1 
0.206854 0.223267 1 
0.206758 0.224565 1 
0.206708 0.206828 1 
0.206701 0.212395 1 
0.206468 0.221422 1 
0.206423 0.223183 1 
0.206381 0.209444 1 
0.206348 0.211755 1 
0.206339 0.227081 1 
0.206335 0.221129 1 
0.206274 0.20786 1 
0.206258 0.221126 1 
0.206242 0.208079 1 
0.206242 0.206539 1 
0.20623 0.221665 1 
0.206226 0.228595 1 
0.206171 0.225387 1 
0.206131 0.206495 1 
0.206123 0.222621 1 
0.206118 0.228077 1 
0.206076 0.22101 1 
0.206074 0.20891 1 
0.206067 0.211009 1 
0.206066 0.225895 1 
0.206028 0.222517 1 
0.206023 0.223328 1 
0.20602 0.226617 1 
0.206009 0.209044 1 
0.206003 0.223183 1 
0.205976 0.20647 1 
0.205972 0.211915 1 
0.205969 0.226365 1 
0.205969 0.210813 1 
0.205946 0.227872 1 
0.205885 0.209837 1 
0.205853 0.228097 1 
0.20582 0.228319 1 
0.205803 0.221665 1 
0.205761 0.206518 1 
0.205753 0.211915 1 
0.205733 0.221923 1 
0.205672 0.225735 1 
0.205654 0.206123 1 
0.205628 0.221923 1 
0.205611 0.224781 1 
0.205568 0.228324 1 
0.205565 0.224641 1 
0.205549 0.208551 1 
0.205523 0.225815 1 
0.205513 0.227012 1 
0.205426 0.222775 1 
0.205419 0.222565 1 
0.205403 0.224641 1 
0.205369 0.222565 1 
0.205269 0.222952 1 
0.20526 0.222565 1 
0.205183 0.228319 1 
0.205173 0.220701 1 
0.205125 0.226037 1 
0.205061 0.226013 1 
0.205052 0.227111 1 
0.20504 0.205448 1 
0.205039 0.207392 1 
0.205028 0.212681 1 
0.205018 0.224969 1 
0.204998 0.206881 1 
0.204964 0.205883 1 
0.204922 0.230254 1 
0.20488 0.222565 1 
0.204872 0.223267 1 
0.204807 0.223267 1 
0.204794 0.221923 1 
0.204774 0.224256 1 
0.20473 0.226709 1 
0.204681 0.223391 1 
0.204669 0.223771 1 
0.204598 0.225853 1 
0.204588 0.226262 1 
0.20449 0.224053 1 
0.204367 0.226432 1 
0.204335 0.226161 1 
0.204159 0.204601 1 
0.204156 0.226524 1 
0.204075 0.223267 1 
0.203613 0.224228 1 
0.102719 0.104473 2 
0.102716 0.105395 2 
0.101987 0.104558 2 
0.101439 0.103586 2 
0.101232 0.101525 2 
0.100831 0.10124 2 
0.10083 0.103747 2 
0.100374 0.101962 2 
0.100351 0.100958 2 
0.0998023 0.100917 2 
0.0996663 0.102153 2 
0.0996349 0.103572 2 
0.0991384 0.101241 2 
0.0991209 0.101332 2 
0.0989758 0.099689 2 
0.0988624 0.102951 2 
0.0988054 0.103917 2 
0.0986329 0.0994383 2 
0.0984714 0.105362 2 
0.0984587 0.101589 2 
0.0984247 0.10072 2 
0.0983199 0.100199 2 
0.0983047 0.102529 2 
0.0982452 0.101609 2 
0.0982408 0.10598 2 
0.0982222 0.101335 2 
0.0981687 0.103371 2 
0.0980821 0.0998718 2 
0.0980466 0.0983023 2 
0.0980372 0.101863 2 
0.0979728 0.100652 2 
0.0979718 0.0999524 2 
0.0979616 0.0999524 2 
0.0979173 0.100344 2 
0.097904 0.100834 2 
0.0978756 0.102187 2 
0.0978425 0.105188 2 
0.0977907 0.100377 2 
0.0977741 0.100377 2 
0.0977681 0.098787 2 
0.097747 0.0983242 2 
0.0976272 0.100747 2 
0.0975481 0.0981064 2 
0.0975467 0.0988003 2 
0.0975248 0.103481 2 
0.0975122 0.100348 2 
0.0974754 0.100263 2 
0.0974592 0.104252 2 
0.0974534 0.103158 2 
0.0974157 0.0985996 2 
0.0973531 0.100344 2 
0.0973431 0.0990966 2 
0.0972856 0.0979165 2 
0.0972235 0.0979167 2 
0.097214 0.101011 2 
0.0971889 0.0998804 2 
0.097113 0.0980312 2 
0.0970726 0.101239 2 
0.0970495 0.0991254 2 
0.0969815 0.10322 2 
0.0969737 0.102785 2 
0.0969043 0.0990917 2 
0.0968691 0.102221 2 
0.096868 0.100294 2 
0.096829 0.0996037 2 
0.0967183 0.100194 2 
0.096646 0.0985996 2 
0.0966204 0.100097 2 
0.096546 0.0998654 2 
0.0965347 0.102374 2 
0.0965345 0.0998804 2 
0.0964793 0.101461 2 
0.0963042 0.0987892 2 
0.0961523 0.100546 2 
0.0961428 0.0995549 2 
0.0961402 0.100652 2 
0.0960767 0.0985996 2 
0.0960551 0.10072 2 
0.0960135 0.0989048 2 
0.0960028 0.0975817 2 
0.0960016 0.101127 2 
0.0959676 0.100148 2 
0.0959025 0.101239 2 
0.0958505 0.1033 2 
0.0958125 0.100348 2 
0.0957654 0.0970973 2 
0.0956974 0.0985801 2 
0.0956572 0.0972406 2 
0.0955953 0.101239 2 
0.0955543 0.0959495 2 
0.0955343 0.0981242 2 
0.0955043 0.0995549 2 
0.0954411 0.10071 2 
0.0954373 0.0956061 2 
0.0954342 0.10067 2 
0.0954302 0.0967918 2 
0.0954295 0.0999694 2 
0.095421 0.0987326 2 
0.0953915 0.0959495 2 
0.095372 0.0972406 2 
0.0953665 0.0986423 2 
0.0953115 0.0982842 2 
0.0952691 0.100664 2 
0.0952645 0.101178 2 
0.0952478 0.0966802 2 
0.0952266 0.0976696 2 
0.0951527 0.0984083 2 
0.0950818 0.100747 2 
0.0950172 0.100591 2 
0.0949974 0.0979702 2 
0.0949587 0.0967722 2 
0.0949393 0.10211 2 
0.0948551 0.0979702 2 
0.0946929 0.10071 2 
0.0946187 0.0947899 2 
0.0945919 0.103481 2 
0.0945803 0.100652 2 
0.0945227 0.100996 2 
0.0944838 0.0981176 2 
0.0944509 0.0966802 2 
0.0944508 0.0975845 2 
0.0944341 0.0955899 2 
0.094412 0.101113 2 
0.0944086 0.100711 2 
0.0943823 0.0996568 2 
0.0943822 0.0959247 2 
0.0943702 0.102313 2 
0.0943309 0.0956061 2 
0.0943284 0.101426 2 
0.0941355 0.0954705 2 
0.0941151 0.099018 2 
0.0941102 0.0952904 2 
0.094109 0.099018 2 
0.0939409 0.0959495 2 
0.0939289 0.0951854 2 
0.0938839 0.0942793 2 
0.0938836 0.0959648 2 
0.0938799 0.096856 2 
0.0938795 0.0989048 2 
0.0938613 0.097713 2 
0.0938436 0.0944941 2 
0.0937513 0.0948173 2 
0.093739 0.0980659 2 
0.0937233 0.0948173 2 
0.0936853 0.101112 2 
0.0936756 0.0952904 2 
0.0935982 0.0972214 2 
0.0935848 0.0942227 2 
0.0933099 0.0937013 2 
0.0932699 0.0957429 2 
0.0932586 0.0938124 2 
0.0932302 0.0954705 2 
0.0932154 0.100907 2 
0.0932036 0.100711 2 
0.0931515 0.0948173 2 
0.0931274 0.0948173 2 
0.0930891 0.0930968 2 
0.0930845 0.0963653 2 
0.0930752 0.0982842 2 
0.0930513 0.101863 2 
0.0930298 0.0966802 2 
0.0929935 0.0999213 2 
0.0929515 0.0955704 2 
0.0929297 0.093681 2 
0.0928258 0.093723 2 
0.0928242 0.101589 2 
0.0928128 0.0952347 2 
0.0927867 0.0990574 2 
0.0927865 0.0950451 2 
0.0925978 0.101912 2 
0.0925768 0.0938313 2 
0.0925559 0.0945483 2 
0.092552 0.094263 2 
0.0924864 0.0995438 2 
0.0924821 0.100052 2 
0.0924521 0.0959195 2 
0.0924417 0.0931255 2 
0.0924111 0.100132 2 
0.0923639 0.0941244 2 
0.09229 0.0967722 2 
0.0922194 0.0967918 2 
0.0921541 0.0939361 2 
0.0921488 0.0928601 2 
0.0921473 0.0964783 2 
0.092132 0.0940517 2 
0.0920014 0.0982842 2 
0.0919475 0.097815 2 
0.0919446 0.0999524 2 
0.09187 0.0959648 2 
0.09186 0.0967722 2 
0.0918453 0.0939185 2 
0.0918379 0.0972406 2 
0.0918341 0.0922649 2 
0.0918273 0.097713 2 
0.0918096 0.10148 2 
0.0917737 0.0952904 2 
0.0917619 0.0920071 2 
0.0917371 0.0998718 2 
0.0917189 0.102375 2 
0.0916849 0.0991736 2 
0.0916616 0.0952904 2 
0.0916464 0.0921965 2 
0.0916427 0.0928909 2 
0.0916104 0.0955609 2 
0.0915848 0.0941936 2 
0.0915753 0.0916908 2 
0.0915613 0.102363 2 
0.0915581 0.0982842 2 
0.0915325 0.0954781 2 
0.0915285 0.0970703 2 
0.0914995 0.0954396 2 
0.0914818 0.10469 2 
0.091472 0.0954781 2 
0.0914043 0.0939021 2 
0.0913965 0.096856 2 
0.0913824 0.100344 2 
0.0913417 0.100245 2 
0.0913269 0.0915119 2 
0.0913232 0.0990574 2 
0.0913224 0.0956408 2 
0.0912863 0.0963261 2 
0.0912507 0.0965702 2 
0.0912499 0.0976696 2 
0.0912444 0.0913054 2 
0.0912119 0.0950756 2 
0.091192 0.0975904 2 
0.0911811 0.0988003 2 
0.09117 0.097713 2 
0.0911348 0.0914683 2 
0.0911278 0.0932366 2 
0.0910869 0.0966802 2 
0.0910752 0.0915957 2 
0.0910258 0.0924175 2 
0.091009 0.0962824 2 
0.0909737 0.101325 2 
0.0909533 0.0926615 2 
0.0909496 0.0979702 2 
0.0909463 0.096856 2 
0.0909273 0.101863 2 
0.0909171 0.0910417 2 
0.0908777 0.0981805 2 
0.0908319 0.101461 2 
0.0908018 0.0987892 2 
0.0907873 0.0934227 2 
0.0907786 0.0952904 2 
0.0907597 0.0981242 2 
0.0907287 0.0970973 2 
0.0907234 0.0941596 2 
0.0907081 0.0919027 2 
0.0906895 0.0911434 2 
0.0906889 0.0961258 2 
0.0906525 0.099689 2 
0.090619 0.100077 2 
0.0906179 0.0964783 2 
0.0906167 0.100609 2 
0.0906084 0.0964783 2 
0.0905946 0.0938539 2 
0.0905361 0.102153 2 
0.090531 0.0984621 2 
0.0905027 0.0944543 2 
0.0904965 0.0923743 2 
0.0904755 0.101216 2 
0.0904619 0.102153 2 
0.0904592 0.0954705 2 
0.0904139 0.0948598 2 
0.0903206 0.0921736 2 
0.0903172 0.100896 2 
0.0903066 0.0960503 2 
0.0903021 0.0984621 2 
0.0903005 0.0948598 2 
0.0902973 0.0963653 2 
0.0902927 0.0907907 2 
0.0902772 0.0906276 2 
0.090236 0.0953089 2 
0.0902268 0.0975845 2 
0.0902248 0.102313 2 
0.0902022 0.0930143 2 
0.0901946 0.0993921 2 
0.0901857 0.0936112 2 
0.0901578 0.100433 2 
0.0901439 0.0945083 2 
0.0901063 0.0934275 2 
0.0900135 0.0911864 2 
0.0900124 0.0954781 2 
0.0899494 0.0998718 2 
0.0899044 0.0914611 2 
0.0899018 0.096856 2 
0.0898863 0.0943484 2 
0.0898829 0.0996741 2 
0.0898783 0.0954781 2 
0.0897405 0.0963653 2 
0.089692 0.101011 2 
0.0896834 0.0934442 2 
0.0896349 0.0971215 2 
0.08962 0.0955899 2 
0.0895964 0.0908243 2 
0.0895958 0.0924256 2 
0.0895888 0.101886 2 
0.0895598 0.0927532 2 
0.0895564 0.0940864 2 
0.0895447 0.0906663 2 
0.0895293 0.096689 2 
0.0894965 0.0970973 2 
0.0894637 0.0935574 2 
0.0894344 0.101962 2 
0.0893214 0.0936112 2 
0.0892141 0.101335 2 
0.0891901 0.100148 2 
0.0891553 0.099104 2 
0.0891338 0.0928169 2 
0.0890757 0.0981805 2 
0.0890207 0.0996037 2 
0.0889985 0.10037 2 
0.088983 0.0956061 2 
0.0889794 0.0961258 2 
0.0889694 0.0975904 2 
0.0889199 0.0961258 2 
0.0889083 0.090925 2 
0.0889038 0.0972406 2 
0.0888918 0.0990917 2 
0.0888837 0.0963653 2 
0.0888645 0.0955899 2 
0.0888175 0.0965937 2 
0.0887723 0.101316 2 
0.0887362 0.0887905 2 
0.0887354 0.0974905 2 
0.0887057 0.0979165 2 
0.0886805 0.0976696 2 
0.0885947 0.0976696 2 
0.0885495 0.0899972 2 
0.0885368 0.098117 2 
0.0885139 0.0917899 2 
0.0883261 0.0911434 2 
0.0882872 0.0981064 2 
0.0882782 0.0975845 2 
0.0878266 0.0980312 2 
0.0489036 0.0504571 3 
0.0484186 0.0512719 3 
0.0480118 0.0505156 3 
0.0477658 0.0482482 3 
0.047741 0.0490649 3 
0.0476061 0.0478343 3 
0.0475881 0.0490524 3 
0.0475594 0.0478343 3 
0.0473354 0.0502601 3 
0.047327 0.0497108 3 
0.0472928 0.0481134 3 
0.0472586 0.0475311 3 
0.0471843 0.048481 3 
0.0470626 0.0488477 3 
0.0468853 0.047212 3 
0.0468103 0.0472514 3 
0.0467168 0.0467773 3 
0.0465465 0.0484951 3 
0.0465443 0.0480058 3 
0.046373 0.0471817 3 
0.0463287 0.0463322 3 
0.0462968 0.0467441 3 
0.046233 0.047833 3 
0.0461515 0.0472106 3 
0.0461203 0.0475311 3 
0.0461109 0.0468456 3 
0.0461007 0.0472148 3 
0.0460641 0.0466277 3 
0.0460264 0.0475311 3 
0.045942 0.0470575 3 
0.0459118 0.0487679 3 
0.0458852 0.0462112 3 
0.045811 0.0466277 3 
0.0457855 0.0458507 3 
0.0457423 0.0460652 3 
0.0456603 0.0472202 3 
0.0455166 0.0465263 3 
0.0454813 0.0455085 3 
0.0453673 0.0472514 3 
0.0453173 0.0481672 3 
0.0452482 0.0464573 3 
0.0451775 0.0465263 3 
0.0451162 0.0471747 3 
0.0450857 0.0450951 3 
0.0450601 0.0470834 3 
0.0449629 0.0471817 3 
0.044941 0.0467627 3 
0.0449338 0.0468501 3 
0.0448239 0.048298 3 
0.0448197 0.046391 3 
0.0447908 0.0449198 3 
0.044771 0.0468456 3 
0.0447543 0.0466289 3 
0.044745 0.0455077 3 
0.0447274 0.0467855 3 
0.0447187 0.0490524 3 
0.044648 0.0448904 3 
0.0445905 0.0458011 3 
0.0445695 0.046822 3 
0.0445335 0.0463091 3 
0.0445123 0.0463051 3 
0.044509 0.0455869 3 
0.0445056 0.0472178 3 
0.0444684 0.0458507 3 
0.0444385 0.0453798 3 
0.0443263 0.0454838 3 
0.0443212 0.0448786 3 
0.0442949 0.0479231 3 
0.0442306 0.0443666 3 
0.044188 0.0449198 3 
0.0441299 0.0460014 3 
0.0441184 0.0458507 3 
0.0441121 0.0475101 3 
0.0440979 0.0470905 3 
0.0440692 0.0468507 3 
0.044052 0.0463842 3 
0.0439411 0.0443904 3 
0.0439397 0.0442658 3 
0.0439245 0.0459375 3 
0.0439194 0.0458182 3 
0.0438032 0.0468994 3 
0.0437983 0.0440728 3 
0.0437885 0.044372 3 
0.0437829 0.0444889 3 
0.0437607 0.0462628 3 
0.0437497 0.044722 3 
0.0437205 0.0439897 3 
0.0436954 0.0441196 3 
0.0436716 0.0441794 3 
0.0435953 0.0470888 3 
0.0435626 0.0479374 3 
0.0435584 0.0480281 3 
0.0435275 0.0453685 3 
0.0435222 0.0484362 3 
0.0434896 0.045844 3 
0.0434839 0.0438708 3 
0.0434804 0.0462443 3 
0.0434776 0.0436303 3 
0.0434692 0.0440357 3 
0.0434444 0.0453123 3 
0.0433904 0.0463938 3 
0.0433366 0.0435268 3 
0.0433221 0.0453123 3 
0.0433164 0.0437603 3 
0.0433131 0.04729 3 
0.0433105 0.0468596 3 
0.0432747 0.0499378 3 
0.0432716 0.0453123 3 
0.043262 0.0455237 3 
0.0432616 0.0436125 3 
0.043229 0.0464058 3 
0.0432117 0.0458182 3 
0.0431957 0.0481672 3 
0.0431927 0.0447638 3 
0.0431323 0.047833 3 
0.0431249 0.0473643 3 
0.0430907 0.0442658 3 
0.0430843 0.0445869 3 
0.0430429 0.0465546 3 
0.0430282 0.0446908 3 
0.0430191 0.043167 3 
0.0430055 0.0434778 3 
0.042982 0.0439746 3 
0.0429263 0.0445206 3 
0.0429222 0.0470107 3 
0.0429218 0.0456769 3 
0.0429018 0.0438375 3 
0.0428922 0.0466669 3 
0.042889 0.0431873 3 
0.0428812 0.043367 3 
0.0428715 0.0446587 3 
0.0427892 0.0444964 3 
0.0427854 0.044459 3 
0.0427563 0.043981 3 
0.0427517 0.0446119 3 
0.0427449 0.0432982 3 
0.0427253 0.0441196 3 
0.0427005 0.0482146 3 
0.0426974 0.0427399 3 
0.0426854 0.0437603 3 
0.042672 0.0448786 3 
0.0426635 0.0428387 3 
0.0426582 0.0430321 3 
0.0426556 0.0430992 3 
0.0426491 0.0454391 3 
0.0426222 0.0446626 3 
0.0426154 0.0466214 3 
0.04261 0.044375 3 
0.0426059 0.0456273 3 
0.042589 0.0427001 3 
0.0425325 0.0428127 3 
0.042527 0.0479323 3 
0.0424889 0.046592 3 
0.0424884 0.0426371 3 
0.0424766 0.0446337 3 
0.0424725 0.0469309 3 
0.0424684 0.0442931 3 
0.0424484 0.0453586 3 
0.0424273 0.0466669 3 
0.0424087 0.0448786 3 
0.0423659 0.0450182 3 
0.0423637 0.0478343 3 
0.0423507 0.0439427 3 
0.0423501 0.0459481 3 
0.0423469 0.0435885 3 
0.0423261 0.0444889 3 
0.0423141 0.0447932 3 
0.0422903 0.0464445 3 
0.0422851 0.0428387 3 
0.0422586 0.0457858 3 
0.0422558 0.0435199 3 
0.0422427 0.0467026 3 
0.0422226 0.0466976 3 
0.0422186 0.0451408 3 
0.0421997 0.0448786 3 
0.0421935 0.0463063 3 
0.0421899 0.043367 3 
0.0421624 0.0462983 3 
0.0421608 0.042825 3 
0.0421602 0.0450407 3 
0.0421444 0.0437603 3 
0.0421273 0.0469665 3 
0.0421053 0.0431743 3 
0.042105 0.044372 3 
0.0420824 0.0453874 3 
0.0420582 0.0447821 3 
0.0420285 0.047212 3 
0.0420184 0.0437409 3 
0.0419817 0.0443666 3 
0.0419727 0.0483085 3 
0.0419629 0.046434 3 
0.0419596 0.0437392 3 
0.0419441 0.0466965 3 
0.0419421 0.0437603 3 
0.0418788 0.0442894 3 
0.0418717 0.0427774 3 
0.041839 0.0453009 3 
0.0418195 0.0446626 3 
0.0418194 0.0477537 3 
0.0417767 0.0479323 3 
0.0417382 0.0431255 3 
0.0417253 0.0439897 3 
0.0417215 0.043024 3 
0.0417124 0.0434324 3 
0.0416769 0.0424193 3 
0.0416699 0.0480025 3 
0.0416583 0.0429561 3 
0.0416518 0.0430992 3 
0.0416463 0.0447561 3 
0.0416439 0.0437917 3 
0.0416078 0.0455234 3 
0.0415908 0.0429628 3 
0.0415591 0.0422031 3 
0.0415554 0.0433255 3 
0.0415311 0.042173 3 
0.0415182 0.0444889 3 
0.0415107 0.0434427 3 
0.0414714 0.0451408 3 
0.0414534 0.047351 3 
0.0414355 0.0421138 3 
0.041412 0.0480836 3 
0.041411 0.0424467 3 
0.0413802 0.0448153 3 
0.0413761 0.0440186 3 
0.041353 0.044372 3 
0.0413276 0.0437409 3 
0.041303 0.0447513 3 
0.0412669 0.0462628 3 
0.0412587 0.0460405 3 
0.0412564 0.0477269 3 
0.0412428 0.0450472 3 
0.0412027 0.0442871 3 
0.0411584 0.0426729 3 
0.0410897 0.0430321 3 
0.0410585 0.0448688 3 
0.0409657 0.0460405 3 
0.0409425 0.0445869 3 
0.040936 0.045001 3 
0.0409226 0.0467441 3 
0.0408984 0.0454361 3 
0.0408833 0.0453299 3 
0.0408499 0.0427001 3 
0.0408459 0.0454391 3 
0.0408372 0.0441543 3 
0.0407883 0.0446494 3 
0.0407789 0.0420781 3 
0.0407516 0.0446242 3 
0.0407199 0.0450951 3 
0.0407167 0.044646 3 
0.0407151 0.0450472 3 
0.0406066 0.0455234 3 
0.0405828 0.0430575 3 
0.0405479 0.0452208 3 
0.0405474 0.0410714 3 
0.0405407 0.0405744 3 
0.0404895 0.0450965 3 
0.0403659 0.0454112 3 
0.0402876 0.0427399 3 
0.0401603 0.0446119 3 
0.0251569 0.0255816 4 
0.0247613 0.0254197 4 
0.0241839 0.0247728 4 
0.0239879 0.0243057 4 
0.0238126 0.0245513 4 
0.0236421 0.0238863 4 
0.0236117 0.024699 4 
0.0236095 0.0236102 4 
0.0232302 0.0232936 4 
0.0230661 0.0230788 4 
0.0230529 0.0237297 4 
0.0230386 0.0231407 4 
0.0229948 0.0233329 4 
0.0229252 0.0230892 4 
0.0228209 0.0229487 4 
0.0227969 0.0236923 4 
0.0227182 0.0237695 4 
0.022714 0.0230199 4 
0.022685 0.0235063 4 
0.0225554 0.0226911 4 
0.0224131 0.0226224 4 
0.0223131 0.0229523 4 
0.0222664 0.0224505 4 
0.0222492 0.023008 4 
0.0222276 0.0223711 4 
0.022165 0.0232086 4 
0.0221064 0.022675 4 
0.0220806 0.0229782 4 
0.0220501 0.0224926 4 
0.0220134 0.0232566 4 
0.0220098 0.0223983 4 
0.021997 0.0227766 4 
0.021991 0.0234612 4 
0.0219798 0.0231871 4 
0.0219491 0.0230458 4 
0.0219351 0.0235722 4 
0.0219257 0.0228729 4 
0.0219255 0.0222438 4 
0.0219091 0.0220682 4 
0.0219021 0.0221788 4 
0.0218503 0.0228835 4 
0.0218472 0.0241795 4 
0.0217954 0.0223867 4 
0.0217938 0.022308 4 
0.0217872 0.0220682 4 
0.0217182 0.0222748 4 
0.0217072 0.0218422 4 
0.0217004 0.0233329 4 
0.0216952 0.0227998 4 
0.021678 0.0227199 4 
0.0216712 0.0219857 4 
0.0216228 0.0224362 4 
0.0216028 0.0223087 4 
0.0215718 0.0216542 4 
0.0215717 0.023814 4 
0.0215627 0.022314 4 
0.0215495 0.02341 4 
0.0215434 0.0231602 4 
0.0215151 0.0230676 4 
0.0215023 0.0235232 4 
0.02149 0.0219857 4 
0.0214791 0.022798 4 
0.0214746 0.0227572 4 
0.0214728 0.0220155 4 
0.0214674 0.0228687 4 
0.0214382 0.0233329 4 
0.0214299 0.0218164 4 
0.0214068 0.0220548 4 
0.0213262 0.0219793 4 
0.0212409 0.0214005 4 
0.0212118 0.0228451 4 
0.0212103 0.0220548 4 
0.0212047 0.0231639 4 
0.0211707 0.0213751 4 
0.0211601 0.0245752 4 
0.0211527 0.0212713 4 
0.0211516 0.0234433 4 
0.0211474 0.0220501 4 
0.0211467 0.0216426 4 
0.021144 0.0223867 4 
0.0211384 0.0222512 4 
0.0211333 0.0238352 4 
0.021123 0.0214341 4 
0.0211215 0.0219566 4 
0.0211068 0.021894 4 
0.0211041 0.0221083 4 
0.0211014 0.0212321 4 
0.0210798 0.0214042 4 
0.0210692 0.0218946 4 
0.0210582 0.0215394 4 
0.0210535 0.0211834 4 
0.0210512 0.0221083 4 
0.0210367 0.0222219 4 
0.0210233 0.0213923 4 
0.021019 0.022727 4 
0.0210118 0.021264 4 
0.021003 0.0214302 4 
0.0209831 0.0214259 4 
0.0209761 0.022434 4 
0.0209434 0.0233566 4 
0.0209419 0.0224417 4 
0.0209027 0.0217243 4 
0.0208968 0.0209604 4 
0.0208816 0.0233657 4 
0.0208752 0.0222104 4 
0.0208675 0.0218422 4 
0.0208649 0.0209435 4 
0.0208538 0.021488 4 
0.0208501 0.0212008 4 
0.020847 0.0212943 4 
0.0208337 0.0237842 4 
0.0208302 0.0211313 4 
0.0207937 0.0210539 4 
0.0207834 0.022909 4 
0.020782 0.0209565 4 
0.0207686 0.0227216 4 
0.0207632 0.0215646 4 
0.0207535 0.0208682 4 
0.020695 0.0218392 4 
0.0206902 0.0215281 4 
0.0206892 0.022689 4 
0.0206867 0.0209691 4 
0.0206698 0.021441 4 
0.0206672 0.0214483 4 
0.0206653 0.0229248 4 
0.0206523 0.0232585 4 
0.0206416 0.0210312 4 
0.0206371 0.0209565 4 
0.020635 0.0210087 4 
0.0206202 0.0232979 4 
0.0205949 0.0214259 4 
0.0205939 0.0215281 4 
0.0205639 0.0227421 4 
0.0205505 0.0208164 4 
0.020543 0.0208921 4 
0.0205346 0.021441 4 
0.0205139 0.022124 4 
0.0204865 0.0226058 4 
0.0204814 0.0222812 4 
0.0204795 0.0217392 4 
0.0204693 0.0211166 4 
0.0204652 0.0227895 4 
0.0204575 0.02219 4 
0.0204487 0.0212008 4 
0.0204484 0.0224362 4 
0.0204415 0.0231829 4 
0.0204316 0.0228452 4 
0.020428 0.0214292 4 
0.0204199 0.0215988 4 
0.0204189 0.0238872 4 
0.0204163 0.0225172 4 
0.0203775 0.0214685 4 
0.0203611 0.0214791 4 
0.020347 0.022736 4 
0.020338 0.0220548 4 
0.0203341 0.0222357 4 
0.0203022 0.0209198 4 
0.0202843 0.0208308 4 
0.0202841 0.022308 4 
0.0202763 0.0215811 4 
0.0202714 0.0205326 4 
0.0202538 0.021894 4 
0.0202529 0.0220422 4 
0.0202483 0.0213795 4 
0.0202468 0.0204993 4 
0.0202377 0.0205906 4 
0.0202264 0.0223913 4 
0.0202263 0.0205326 4 
0.0202256 0.0214407 4 
0.0201821 0.0211834 4 
0.0201708 0.0214301 4 
0.0201703 0.0220281 4 
0.020144 0.0228516 4 
0.020142 0.0220281 4 
0.0201407 0.0233634 4 
0.0201324 0.020518 4 
0.0201191 0.0235978 4 
0.0201065 0.0217425 4 
0.020097 0.0214791 4 
0.0200886 0.020958 4 
0.0200851 0.0212008 4 
0.0200544 0.0232585 4 
0.0200404 0.0209959 4 
0.0200194 0.0208559 4 
0.0199984 0.0220882 4 
0.019996 0.0201591 4 
0.0199895 0.020377 4 
0.0199881 0.0216586 4 
0.0199759 0.0201918 4 
0.019975 0.0231378 4 
0.0199705 0.0214791 4 
0.0198997 0.0209959 4 
0.0198934 0.0207581 4 
0.0198805 0.0216325 4 
0.01987 0.0214743 4 
0.0198601 0.0215791 4 
0.019851 0.0214462 4 
0.0198313 0.0202179 4 
0.0198258 0.0204759 4 
0.0197995 0.0214302 4 
0.0197979 0.0209636 4 
0.0197845 0.0205906 4 
0.0197373 0.0209137 4 
0.0197221 0.0215814 4 
0.0197101 0.0222177 4 
0.0196542 0.0206463 4 
0.0196399 0.0214859 4 
0.0195955 0.0216336 4 
0.0195819 0.0221386 4 
0.0195393 0.021488 4 
0.0195265 0.0230553 4 
0.0195173 0.0218314 4 
0.0195032 0.0216343 4 
0.0194799 0.0216683 4 
0.0194691 0.0200736 4 
0.0194686 0.0209959 4 
0.0194265 0.0229255 4 
0.0194195 0.0211301 4 
0.0193862 0.0218739 4 
0.0193517 0.0215988 4 
0.0193194 0.019361 4 
0.0192447 0.0209636 4 
0.0192187 0.0210785 4 
0.0192162 0.0217917 4 
0.0191476 0.0211313 4 
0.0190842 0.0197137 4 
0.0122932 0.0123736 5 
0.0119963 0.0122847 5 
0.0116956 0.0121879 5 
0.0116705 0.0117838 5 
0.0116315 0.0119267 5 
0.0114688 0.0118373 5 
0.0114232 0.0114355 5 
0.0113161 0.0117125 5 
0.0113146 0.0113472 5 
0.0113125 0.011555 5 
0.0113113 0.0113855 5 
0.011287 0.0117348 5 
0.0111942 0.0114791 5 
0.0111789 0.0114272 5 
0.0111589 0.0113502 5 
0.0111495 0.0116343 5 
0.0111418 0.0116371 5 
0.011138 0.0117253 5 
0.0110728 0.0115233 5 
0.0110621 0.0116067 5 
0.0110494 0.0111069 5 
0.0110485 0.011273 5 
0.0110214 0.0120367 5 
0.0110194 0.0118309 5 
0.0110079 0.0113116 5 
0.0110012 0.0117288 5 
0.0109982 0.0115364 5 
0.0109911 0.0112223 5 
0.0109778 0.0113502 5 
0.0109674 0.011449 5 
0.0109672 0.0110972 5 
0.0109654 0.0114112 5 
0.0109643 0.0112223 5 
0.0109619 0.0114788 5 
0.0109243 0.0110983 5 
0.0109161 0.0121628 5 
0.0108918 0.0111372 5 
0.0108888 0.0117464 5 
0.0108857 0.011145 5 
0.0108843 0.0109651 5 
0.0108794 0.0111724 5 
0.0108759 0.0114036 5 
0.0108669 0.0110481 5 
0.0108199 0.0116378 5 
0.0108122 0.0110972 5 
0.0107933 0.0115834 5 
0.0107917 0.0108815 5 
0.0107882 0.0112102 5 
0.0107776 0.011008 5 
0.0107599 0.010985 5 
0.0107568 0.0110983 5 
0.0107449 0.0107793 5 
0.0107407 0.0108403 5 
0.0107302 0.011489 5 
0.0106946 0.011101 5 
0.0106712 0.0115416 5 
0.0106579 0.0107782 5 
0.0106338 0.0119692 5 
0.0106121 0.0111128 5 
0.0105878 0.0107718 5 
0.0105774 0.0107317 5 
0.0105726 0.0114764 5 
0.0105684 0.0116011 5 
0.0105679 0.0109651 5 
0.0105676 0.0109353 5 
0.0105674 0.011389 5 
0.010559 0.0114355 5 
0.0105547 0.0124554 5 
0.0105531 0.0108452 5 
0.0105493 0.0108488 5 
0.0105412 0.0114211 5 
0.0105329 0.0108012 5 
0.0105146 0.0114074 5 
0.0104874 0.0108488 5 
0.0104717 0.0123762 5 
0.0104694 0.0109987 5 
0.0104614 0.0105858 5 
0.0104583 0.0111246 5 
0.0104565 0.0106421 5 
0.0104564 0.0105457 5 
0.0104434 0.0116933 5 
0.01044 0.0105833 5 
0.010423 0.0109276 5 
0.0104135 0.0116165 5 
0.0103929 0.01086 5 
0.0103732 0.0105834 5 
0.0103729 0.0104629 5 
0.0103666 0.0106388 5 
0.0103388 0.0107584 5 
0.0103336 0.0115583 5 
0.0103281 0.0116281 5 
0.0103199 0.0108428 5 
0.0103152 0.0112733 5 
0.0103103 0.0115019 5 
0.0103095 0.0104686 5 
0.0103078 0.0104424 5 
0.0102947 0.0104244 5 
0.0102897 0.0114126 5 
0.0102842 0.0113267 5 
0.0102837 0.0106291 5 
0.0102809 0.0105833 5 
0.0102757 0.0115521 5 
0.0102657 0.0112638 5 
0.010265 0.0119427 5 
0.0102539 0.0104947 5 
0.0102462 0.010966 5 
0.0102366 0.011081 5 
0.0102347 0.0112733 5 
0.0102263 0.0106164 5 
0.0102244 0.0114555 5 
0.0102238 0.010639 5 
0.0102141 0.0122847 5 
0.0102125 0.0109124 5 
0.0102108 0.0103985 5 
0.0102019 0.0103985 5 
0.0102015 0.0103223 5 
0.0101629 0.0104392 5 
0.0101552 0.0114184 5 
0.0101507 0.0105092 5 
0.0101387 0.010672 5 
0.0101347 0.0109289 5 
0.0101334 0.0110337 5 
0.0101284 0.0103985 5 
0.0101225 0.0106164 5 
0.0101177 0.0110473 5 
0.0101167 0.0115616 5 
0.010104 0.0103826 5 
0.0101007 0.0107402 5 
0.0100934 0.0120527 5 
0.0100847 0.0108982 5 
0.0100578 0.0116834 5 
0.0100548 0.0116165 5 
0.0100524 0.0114311 5 
0.0100422 0.0113972 5 
0.0100421 0.0103223 5 
0.0100327 0.0110762 5 
0.0100243 0.0104392 5 
0.0100242 0.0107615 5 
0.0100231 0.0108982 5 
0.0100085 0.011589 5 
0.00999827 0.0104989 5 
0.00999557 0.0102979 5 
0.00999397 0.011436 5 
0.0099412 0.0101327 5 
0.00993009 0.0111077 5 
0.00991059 0.0107849 5 
0.00991001 0.0103538 5 
0.00990845 0.0107916 5 
0.00990653 0.0105946 5 
0.00990295 0.0107023 5 
0.00990137 0.0105713 5 
0.0098896 0.01014 5 
0.0098881 0.00992654 5 
0.00987855 0.0100007 5 
0.0098684 0.0108488 5 
0.00985787 0.0100602 5 
0.00985617 0.0112745 5 
0.00985229 0.0105107 5 
0.00984083 0.0104424 5 
0.00982134 0.0107362 5 
0.00980746 0.0105107 5 
0.0097794 0.0103094 5 
0.00977889 0.0101334 5 
0.00976333 0.0108442 5 
0.00973608 0.0105457 5 
0.00972229 0.00973361 5 
0.0097208 0.010373 5 
0.00970366 0.00971168 5 
0.00968768 0.0107904 5 
0.00967458 0.0103719 5 
0.00967188 0.010315 5 
0.00967097 0.0103174 5 
0.00966113 0.0114929 5 
0.00963962 0.0107739 5 
0.009629 0.00963095 5 
0.00960021 0.01061 5 
0.00958226 0.0115183 5 
0.00955802 0.0105894 5 
0.00951575 0.0107402 5 
0.00949922 0.00952832 5 
0.00949852 0.010407 5 
0.00948656 0.0102555 5 
0.00946768 0.0108335 5 
0.00943593 0.0103 5 
0.00940624 0.0106299 5 
0.00934692 0.0106325 5 
0.00925988 0.00974373 5 
0.00617137 0.00619765 6 
0.00615007 0.00615604 6 
0.00611352 0.00623022 6 
0.00593953 0.00610545 6 
0.00593655 0.0060425 6 
0.00591222 0.00598033 6 
0.00590357 0.00603144 6 
0.00586763 0.00598433 6 
0.00583593 0.00592313 6 
0.00582459 0.00588369 6 
0.00579271 0.00609102 6 
0.00578252 0.00601115 6 
0.00575422 0.00616992 6 
0.00573984 0.00577098 6 
0.00572922 0.0058495 6 
0.00572644 0.00596612 6 
0.00572422 0.00578 6 
0.00571311 0.00591319 6 
0.00571227 0.00585069 6 
0.00569649 0.00603003 6 
0.00569637 0.00592142 6 
0.00568247 0.00585069 6 
0.00566843 0.00583843 6 
0.00565808 0.00587481 6 
0.00565432 0.0058646 6 
0.00564546 0.00582244 6 
0.00564045 0.00573661 6 
0.00563357 0.00565071 6 
0.00563132 0.00592428 6 
0.00561911 0.00577728 6 
0.00561731 0.00591845 6 
0.00561278 0.00604123 6 
0.00560986 0.00580815 6 
0.00560118 0.00566394 6 
0.00559863 0.0058639 6 
0.00559805 0.00569215 6 
0.00558376 0.00577113 6 
0.00555974 0.00606577 6 
0.00554568 0.00613849 6 
0.00551189 0.00589828 6 
0.00550853 0.00619765 6 
0.00548334 0.00575033 6 
0.00548077 0.00580736 6 
0.00547932 0.00585286 6 
0.00547225 0.00554687 6 
0.00547223 0.00588397 6 
0.0054675 0.00583917 6 
0.00545647 0.00564191 6 
0.00545478 0.00590856 6 
0.00544355 0.00574634 6 
0.00543018 0.00550567 6 
0.00542931 0.00642345 6 
0.00542407 0.00560964 6 
0.00541263 0.00541493 6 
0.00540788 0.00552511 6 
0.00540649 0.00543881 6 
0.0054054 0.0056076 6 
0.00539661 0.00546438 6 
0.00539515 0.00543362 6 
0.00539371 0.00544828 6 
0.00539268 0.005574 6 
0.00538705 0.00542416 6 
0.00538621 0.005482 6 
0.0053762 0.00580299 6 
0.00536422 0.00604127 6 
0.00536373 0.00580563 6 
0.00536006 0.00538298 6 
0.00535985 0.00599143 6 
0.00535166 0.00537158 6 
0.00533604 0.00545326 6 
0.00533547 0.00550893 6 
0.00532434 0.00553963 6 
0.00530132 0.00552811 6 
0.00529264 0.00532945 6 
0.00528838 0.00622229 6 
0.00528265 0.00584883 6 
0.0052731 0.00536164 6 
0.0052707 0.00565906 6 
0.00527052 0.00608845 6 
0.00526566 0.00575486 6 
0.00526457 0.00640509 6 
0.00526404 0.00561427 6 
0.00525956 0.00580563 6 
0.00525779 0.00537745 6 
0.00525235 0.00529226 6 
0.00524444 0.0054971 6 
0.00523558 0.00545242 6 
0.00523207 0.00565256 6 
0.00522792 0.0054903 6 
0.00522782 0.0055688 6 
0.0052278 0.00583843 6 
0.00522769 0.00525111 6 
0.00522703 0.00540027 6 
0.00522554 0.0058401 6 
0.00522512 0.00601835 6 
0.00522183 0.00569515 6 
0.00521292 0.00631088 6 
0.00520754 0.00550567 6 
0.00520427 0.00550608 6 
0.00520164 0.0059338 6 
0.00519853 0.00545264 6 
0.00518736 0.00567362 6 
0.00518091 0.00569515 6 
0.00518007 0.00537476 6 
0.00517889 0.00623252 6 
0.00517069 0.00535381 6 
0.00516538 0.00527339 6 
0.00516468 0.00592313 6 
0.0051622 0.00531696 6 
0.00515536 0.00578226 6 
0.00514143 0.00550608 6 
0.00512487 0.0058691 6 
0.00511919 0.00537814 6 
0.00511809 0.00592007 6 
0.00510431 0.00519901 6 
0.0050977 0.00596612 6 
0.00509511 0.00564191 6 
0.00509408 0.00570203 6 
0.00508327 0.00548221 6 
0.00508323 0.00564774 6 
0.00508291 0.00560893 6 
0.00507355 0.00523648 6 
0.00507241 0.00575544 6 
0.00507186 0.0056119 6 
0.00506814 0.00514735 6 
0.00506731 0.00546186 6 
0.00506583 0.0054133 6 
0.0050438 0.00558045 6 
0.00504058 0.00533366 6 
0.00503578 0.00530842 6 
0.0050283 0.00546186 6 
0.00502274 0.00523648 6 
0.00501969 0.00511471 6 
0.00500456 0.00531715 6 
0.00500442 0.00530237 6 
0.00499208 0.00508607 6 
0.00498991 0.00531059 6 
0.00497613 0.00500601 6 
0.00495879 0.00520962 6 
0.00495312 0.00594448 6 
0.00494246 0.00543339 6 
0.0049365 0.00499668 6 
0.00493634 0.00515735 6 
0.00491688 0.00541685 6 
0.00490707 0.00582109 6 
0.00490272 0.00497496 6 
0.00487456 0.00510311 6 
0.00485845 0.00491461 6 
0.0048584 0.00544732 6 
0.0048481 0.00530869 6 
0.00484723 0.00524716 6 
0.00483812 0.00516925 6 
0.00483428 0.00524716 6 
0.00482895 0.00575544 6 
0.00482813 0.00489141 6 
0.00481536 0.00514042 6 
0.00479843 0.00487375 6 
0.00478733 0.0054649 6 
0.00478358 0.00520993 6 
0.00478144 0.00519686 6 
0.0047808 0.00479692 6 
0.00477252 0.0054772 6 
0.00472731 0.00545943 6 
0.00472328 0.00538182 6 
0.0047197 0.00507368 6 
0.0047063 0.0052929 6 
0.00469664 0.00491461 6 
0.00468785 0.00515735 6 
0.00467516 0.00477537 6 
0.00321835 0.00330759 7 
0.00320474 0.00323824 7 
0.00315246 0.00327351 7 
0.00312868 0.00319837 7 
0.003097 0.00310191 7 
0.00307401 0.0031568 7 
0.00305857 0.00312179 7 
0.00305148 0.00316413 7 
0.00305024 0.00308778 7 
0.00303092 0.00305902 7 
0.00302015 0.00311172 7 
0.00302002 0.00306363 7 
0.00301548 0.00313306 7 
0.00300845 0.00321085 7 
0.00299846 0.00314297 7 
0.00298932 0.00300658 7 
0.00298022 0.00308681 7 
0.00297848 0.00309753 7 
0.00297745 0.002981 7 
0.0029715 0.0030937 7 
0.00296482 0.00305027 7 
0.002962 0.00297935 7 
0.00295948 0.00296111 7 
0.00294107 0.00297256 7 
0.00293635 0.0029765 7 
0.00292997 0.00315047 7 
0.00292297 0.00302536 7 
0.0029214 0.00302892 7 
0.00291177 0.00294607 7 
0.00290842 0.00305501 7 
0.00290817 0.00314058 7 
0.00289677 0.00299376 7 
0.00289395 0.00324057 7 
0.00288768 0.0030898 7 
0.00287541 0.00300442 7 
0.00287277 0.00304665 7 
0.00285857 0.00302191 7 
0.0028575 0.00304215 7 
0.0028565 0.00336741 7 
0.00285583 0.00292476 7 
0.00285386 0.00313295 7 
0.00285378 0.00303025 7 
0.00283292 0.00296525 7 
0.00282897 0.00286528 7 
0.00282674 0.00290708 7 
0.0028258 0.0032681 7 
0.00282313 0.0029616 7 
0.00281276 0.0028492 7 
0.00281046 0.00310669 7 
0.00280497 0.0028932 7 
0.00280463 0.00284205 7 
0.00280368 0.00282359 7 
0.00279708 0.00284479 7 
0.00279635 0.00288549 7 
0.00279376 0.00315429 7 
0.00278418 0.00279878 7 
0.00278139 0.00311775 7 
0.00277924 0.00297256 7 
0.00277277 0.00279878 7 
0.00276564 0.00285808 7 
0.00276531 0.00279627 7 
0.00276418 0.00282685 7 
0.00276244 0.00281108 7 
0.00276013 0.00280778 7 
0.00275906 0.00299078 7 
0.00275221 0.00279972 7 
0.00274802 0.00295461 7 
0.00274703 0.00284959 7 
0.00274547 0.00298154 7 
0.0027453 0.00327396 7 
0.00273926 0.0028506 7 
0.00273116 0.00290035 7 
0.00272488 0.00291909 7 
0.00272399 0.00299078 7 
0.00272006 0.00285795 7 
0.00271561 0.00300022 7 
0.0027153 0.00289203 7 
0.00271528 0.00283809 7 
0.00271489 0.00287343 7 
0.00271221 0.00281561 7 
0.00270998 0.00287743 7 
0.00270608 0.00306672 7 
0.00270491 0.00295321 7 
0.00270181 0.00333397 7 
0.00269982 0.00327509 7 
0.0026904 0.0030799 7 
0.00268935 0.00282666 7 
0.00268905 0.00275963 7 
0.00268837 0.00292115 7 
0.0026818 0.00271015 7 
0.0026783 0.00268608 7 
0.00267656 0.00333659 7 
0.00267641 0.00282276 7 
0.0026758 0.00277169 7 
0.00267268 0.0029641 7 
0.00267188 0.00297256 7 
0.00267067 0.00282555 7 
0.00266024 0.00306363 7 
0.00265994 0.00282685 7 
0.00265529 0.00295314 7 
0.00265197 0.00292115 7 
0.00264763 0.00284984 7 
0.00264719 0.00279314 7 
0.00264699 0.00288549 7 
0.00264135 0.00279314 7 
0.00263777 0.00308681 7 
0.00263134 0.00280908 7 
0.00263105 0.00268977 7 
0.00263101 0.00301863 7 
0.00263068 0.00286674 7 
0.0026197 0.00277338 7 
0.00260996 0.0029616 7 
0.00260656 0.00261639 7 
0.00260504 0.00266894 7 
0.00260239 0.00291668 7 
0.00259041 0.0028151 7 
0.002589 0.00308822 7 
0.00258251 0.00269071 7 
0.00257371 0.0026917 7 
0.00257205 0.00293526 7 
0.00257109 0.0025906 7 
0.00257103 0.0026738 7 
0.00256675 0.00270345 7 
0.00256572 0.00270345 7 
0.00255622 0.0028492 7 
0.002547 0.00270103 7 
0.00254671 0.00273854 7 
0.00253486 0.00262539 7 
0.00250553 0.00262499 7 
0.00250049 0.00254547 7 
0.00248886 0.00291668 7 
0.00248855 0.00265766 7 
0.00248748 0.00276778 7 
0.00248579 0.00254863 7 
0.00248522 0.00304408 7 
0.00248397 0.00276629 7 
0.00247392 0.0028651 7 
0.00247004 0.00251466 7 
0.00246495 0.00249492 7 
0.00246001 0.00264102 7 
0.00245928 0.00250733 7 
0.00244922 0.00245655 7 
0.00244022 0.00264134 7 
0.00243768 0.00262499 7 
0.00243688 0.00282392 7 
0.00243577 0.00268441 7 
0.00243434 0.00251466 7 
0.00243303 0.00264679 7 
0.00239847 0.00266327 7 
0.00239658 0.00254747 7 
0.00239551 0.00278507 7 
0.00239481 0.00279641 7 
0.00236779 0.00266573 7 
0.00235948 0.00242623 7 
0.00169792 0.00173108 8 
0.00168921 0.00179479 8 
0.00167683 0.00173173 8 
0.00165311 0.00166031 8 
0.00163666 0.00164087 8 
0.00161421 0.00163672 8 
0.0016085 0.00170433 8 
0.00160482 0.00169833 8 
0.00159451 0.00163551 8 
0.00159428 0.0016844 8 
0.00158501 0.00160861 8 
0.00158136 0.00158346 8 
0.00158129 0.00164797 8 
0.00157711 0.00165907 8 
0.00157711 0.00157719 8 
0.00157653 0.0015836 8 
0.0015683 0.00157682 8 
0.00156614 0.00161937 8 
0.00155291 0.00157225 8 
0.00155015 0.00156812 8 
0.00154416 0.00165814 8 
0.00154248 0.0016469 8 
0.00153606 0.00172691 8 
0.00153158 0.00172999 8 
0.00153128 0.00159156 8 
0.0015234 0.00163395 8 
0.00152239 0.00163955 8 
0.00151994 0.00176419 8 
0.0015163 0.00156538 8 
0.00151271 0.00151435 8 
0.00151014 0.00158234 8 
0.00150961 0.00151003 8 
0.00150769 0.00157095 8 
0.00150105 0.00163594 8 
0.00149965 0.00158393 8 
0.0014956 0.00154188 8 
0.0014935 0.00159908 8 
0.00149086 0.00161176 8 
0.00149028 0.00151742 8 
0.00149024 0.00150699 8 
0.00149006 0.0015269 8 
0.00148369 0.00161358 8 
0.00147585 0.00149542 8 
0.0014735 0.0015697 8 
0.00147346 0.00167779 8 
0.00146715 0.00149936 8 
0.00146687 0.00147028 8 
0.00145855 0.00147199 8 
0.00145442 0.00153018 8 
0.00145397 0.0014995 8 
0.00145105 0.00145446 8 
0.001451 0.00147107 8 
0.00145066 0.00154771 8 
0.00144917 0.00155199 8 
0.00144914 0.00149549 8 
0.00144784 0.001458 8 
0.00144767 0.00178022 8 
0.00144571 0.00146727 8 
0.00144472 0.0015365 8 
0.00144446 0.0015413 8 
0.0014439 0.00146157 8 
0.00144197 0.00147603 8 
0.00143617 0.00156571 8 
0.00143046 0.00155171 8 
0.00142878 0.00154828 8 
0.00142775 0.00146924 8 
0.00142486 0.00147072 8 
0.00142433 0.00145056 8 
0.00142423 0.00149829 8 
0.00142388 0.00146913 8 
0.00142372 0.00159141 8 
0.00142363 0.00173007 8 
0.00142062 0.00151693 8 
0.00141774 0.00174995 8 
0.00141774 0.00150221 8 
0.00141715 0.00162902 8 
0.00141666 0.00165664 8 
0.00141308 0.00144517 8 
0.00141048 0.00152418 8 
0.00140957 0.00141699 8 
0.00140731 0.00146266 8 
0.00140554 0.00146334 8 
0.00140473 0.00145365 8 
0.00140388 0.00151202 8 
0.00140074 0.00145446 8 
0.00140028 0.00140606 8 
0.00139652 0.00144517 8 
0.00139382 0.00149549 8 
0.0013907 0.00147646 8 
0.00138922 0.00152566 8 
0.00138401 0.00153697 8 
0.00138316 0.00144751 8 
0.00138236 0.00161937 8 
0.00137948 0.00159288 8 
0.00137935 0.00175291 8 
0.00137928 0.00152792 8 
0.00137896 0.001529 8 
0.00137816 0.00151693 8 
0.00137527 0.00138378 8 
0.0013698 0.00155547 8 
0.00136881 0.00163547 8 
0.00136505 0.00144871 8 
0.00136239 0.0013807 8 
0.00135452 0.00138112 8 
0.00135349 0.00155757 8 
0.00135324 0.0014967 8 
0.00135046 0.00138566 8 
0.00134211 0.00151435 8 
0.00134084 0.00137504 8 
0.0013397 0.00147659 8 
0.0013357 0.00142569 8 
0.00133194 0.00139327 8 
0.00132855 0.00139327 8 
0.00132604 0.00156155 8 
0.00131936 0.00132234 8 
0.00131242 0.00134173 8 
0.00131069 0.0013857 8 
0.00130872 0.00139312 8 
0.00130787 0.00141658 8 
0.00130503 0.0014967 8 
0.00130344 0.00148275 8 
0.00129992 0.00158292 8 
0.00129842 0.00132816 8 
0.00129052 0.00146565 8 
0.00128959 0.0012934 8 
0.0012853 0.00128982 8 
0.0012852 0.00136236 8 
0.00128416 0.00141874 8 
0.0012819 0.00131383 8 
0.00128036 0.00132279 8 
0.00127988 0.00132816 8 
0.00127823 0.0013002 8 
0.0012771 0.0013002 8 
0.00127639 0.00135846 8 
0.00127038 0.00130494 8 
0.00126975 0.00127014 8 
0.0012672 0.00135809 8 
0.0012638 0.00143778 8 
0.00126072 0.00137409 8 
0.0012481 0.00129411 8 
0.0012436 0.00137695 8 
0.00122953 0.00145393 8 
0.00121655 0.00137431 8 
0.00121226 0.00139465 8 
0.00120515 0.00124745 8 
0.00118571 0.00118601 8 
0.000911586 0.000992414 9 
0.00090166 0.00090608 9 
0.000882958 0.000932625 9 
0.000868349 0.000901806 9 
0.000861159 0.000920936 9 
0.00085441 0.000909432 9 
0.000848582 0.000874267 9 
0.00084465 0.000847048 9 
0.000841563 0.000877378 9 
0.000838553 0.000927054 9 
0.000836251 0.00085321 9 
0.000831608 0.000888185 9 
0.000828186 0.000859616 9 
0.00082804 0.000859422 9 
0.000825529 0.000835217 9 
0.000823414 0.000850198 9 
0.000821686 0.000921531 9 
0.000820009 0.000879446 9 
0.000818436 0.00086735 9 
0.000815986 0.000933088 9 
0.000810176 0.000822291 9 
0.000806269 0.000867955 9 
0.000805799 0.000833748 9 
0.000804269 0.000864958 9 
0.000804165 0.000852242 9 
0.00080255 0.000815489 9 
0.000799338 0.00082567 9 
0.000795081 0.000825806 9 
0.000792812 0.000796317 9 
0.000791846 0.000798986 9 
0.000790022 0.000791682 9 
0.000784606 0.000846397 9 
0.000784336 0.00089006 9 
0.000783005 0.000788584 9 
0.000782179 0.000830043 9 
0.000777713 0.000837396 9 
0.000777385 0.000833016 9 
0.00077513 0.000815064 9 
0.000774316 0.000811559 9 
0.000771112 0.000937486 9 
0.000771018 0.000809194 9 
0.000768818 0.000813627 9 
0.000767742 0.000798966 9 
0.000767607 0.000769188 9 
0.000766676 0.000771229 9 
0.000766157 0.000768794 9 
0.000766151 0.000788162 9 
0.000764728 0.000821492 9 
0.000764244 0.000776012 9 
0.00076055 0.00090868 9 
0.000758712 0.000814508 9 
0.000758214 0.000783744 9 
0.000757062 0.000776675 9 
0.000755521 0.000831366 9 
0.000754821 0.000786578 9 
0.00075158 0.000926704 9 
0.00075145 0.000795888 9 
0.000750366 0.00077714 9 
0.000749948 0.000852827 9 
0.000749374 0.000816851 9 
0.000749365 0.000866621 9 
0.000749287 0.000813956 9 
0.00074919 0.000769298 9 
0.000747785 0.000748321 9 
0.000746767 0.000795985 9 
0.000746339 0.000754587 9 
0.000744881 0.00075683 9 
0.000744164 0.000754587 9 
0.000743109 0.00092262 9 
0.000742247 0.000783744 9 
0.00074001 0.000748574 9 
0.000736795 0.000796765 9 
0.000733958 0.000750885 9 
0.000733951 0.000763912 9 
0.000732073 0.000874772 9 
0.00073198 0.000790431 9 
0.00072967 0.000831988 9 
0.000728843 0.000795888 9 
0.000728463 0.000743031 9 
0.000727889 0.000778474 9 
0.000725505 0.000928139 9 
0.000725001 0.000869941 9 
0.000724491 0.000797119 9 
0.000720564 0.000808604 9 
0.000718198 0.00072916 9 
0.000717979 0.000791484 9 
0.00071631 0.000805384 9 
0.000715167 0.000727152 9 
0.000714916 0.000717396 9 
0.000713425 0.000821002 9 
0.000711556 0.000793872 9 
0.000709754 0.000766367 9 
0.000708843 0.000785512 9 
0.000697484 0.000726978 9 
0.000695836 0.000722004 9 
0.000695595 0.00072911 9 
0.00069531 0.00077735 9 
0.000694717 0.000702322 9 
0.000693291 0.000778864 9 
0.00069206 0.000776793 9 
0.00069013 0.000818731 9 
0.000687631 0.000689209 9 
0.000686975 0.000726506 9 
0.000686403 0.000831975 9 
0.00068504 0.000693497 9 
0.000683225 0.000688681 9 
0.000681635 0.000730724 9 
0.00068119 0.000689113 9 
0.000677765 0.00068779 9 
0.000677324 0.000733816 9 
0.000672861 0.000699953 9 
0.000670333 0.000677603 9 
0.000669896 0.000731376 9 
0.000669131 0.000677582 9 
0.000668485 0.000671015 9 
0.000664808 0.000711399 9 
0.000664159 0.000750068 9 
0.00066086 0.000702782 9 
0.000660617 0.00069862 9 
0.000659687 0.00069657 9 
0.000658541 0.000671682 9 
0.000652182 0.000717396 9 
0.000642019 0.00071272 9 
0.000637541 0.000764487 9 
0.000627802 0.000736427 9 
0.00062385 0.000647636 9 
0.000623358 0.000714665 9 
0.000614398 0.000618732 9 
