0 0.503272 0 
0 0.504344 0 
0 0.504995 0 
0 0.5052 0 
0 0.505397 0 
0 0.505484 0 
0 0.505501 0 
0 0.506051 0 
0 0.506087 0 
0 0.506092 0 
0 0.50628 0 
0 0.506432 0 
0 0.506701 0 
0 0.506781 0 
0 0.506791 0 
0 0.506851 0 
0 0.506899 0 
0 0.506918 0 
0 0.50693 0 
0 0.507205 0 
0 0.50726 0 
0 0.507276 0 
0 0.507292 0 
0 0.507416 0 
0 0.507581 0 
0 0.507631 0 
0 0.507673 0 
0 0.507747 0 
0 0.507809 0 
0 0.507814 0 
0 0.507836 0 
0 0.507902 0 
0 0.507926 0 
0 0.508038 0 
0 0.508061 0 
0 0.508115 0 
0 0.508182 0 
0 0.508235 0 
0 0.50824 0 
0 0.508346 0 
0 0.5084 0 
0 0.508439 0 
0 0.508479 0 
0 0.508593 0 
0 0.508621 0 
0 0.508712 0 
0 0.508746 0 
0 0.508802 0 
0 0.50881 0 
0 0.508872 0 
0 0.508993 0 
0 0.509012 0 
0 0.509017 0 
0 0.509064 0 
0 0.509126 0 
0 0.509164 0 
0 0.509215 0 
0 0.509216 0 
0 0.509254 0 
0 0.509316 0 
0 0.509317 0 
0 0.509317 0 
0 0.509394 0 
0 0.509405 0 
0 0.509405 0 
0 0.509467 0 
0 0.509468 0 
0 0.509571 0 
0 0.509573 0 
0 0.509588 0 
0 0.509597 0 
0 0.509634 0 
0 0.509705 0 
0 0.509707 0 
0 0.509764 0 
0 0.509778 0 
0 0.509844 0 
0 0.50997 0 
0 0.510028 0 
0 0.510045 0 
0 0.510057 0 
0 0.510098 0 
0 0.510149 0 
0 0.510154 0 
0 0.510191 0 
0 0.51025 0 
0 0.510254 0 
0 0.510319 0 
0 0.510321 0 
0 0.51035 0 
0 0.510363 0 
0 0.510416 0 
0 0.510456 0 
0 0.510703 0 
0 0.510714 0 
0 0.510747 0 
0 0.51075 0 
0 0.510784 0 
0 0.510829 0 
0 0.510848 0 
0 0.510904 0 
0 0.510937 0 
0 0.510951 0 
0 0.511013 0 
0 0.511052 0 
0 0.511056 0 
0 0.511239 0 
0 0.511262 0 
0 0.511385 0 
0 0.511469 0 
0 0.511602 0 
0 0.511614 0 
0 0.511671 0 
0 0.5117 0 
0 0.511786 0 
0 0.511821 0 
0 0.511964 0 
0 0.512013 0 
0 0.512105 0 
0 0.512261 0 
0 0.512363 0 
0 0.512407 0 
0 0.512679 0 
0 0.512748 0 
0 0.51283 0 
0 0.513364 0 
0 0.514292 0 
0 inf 0 
0 0.19575 1 
0 0.195833 1 
0 0.196385 1 
0 0.196549 1 
0 0.196675 1 
0 0.19709 1 
0 0.197192 1 
0 0.197195 1 
0 0.197892 1 
0 0.19792 1 
0 0.197993 1 
0 0.198033 1 
0 0.19804 1 
0 0.198162 1 
0 0.198239 1 
0 0.198251 1 
0 0.198289 1 
0 0.198497 1 
0 0.198578 1 
0 0.198704 1 
0 0.198837 1 
0 0.199046 1 
0 0.199118 1 
0 0.199284 1 
0 0.199335 1 
0 0.199373 1 
0 0.199399 1 
0 0.199563 1 
0 0.199604 1 
0 0.199621 1 
0 0.199646 1 
0 0.199682 1 
0 0.199719 1 
0 0.199722 1 
0 0.199807 1 
0 0.199964 1 
0 0.199987 1 
0 0.200072 1 
0 0.200087 1 
0 0.200276 1 
0 0.200295 1 
0 0.200309 1 
0 0.200551 1 
0 0.200616 1 
0 0.200747 1 
0 0.200788 1 
0 0.200871 1 
0 0.200883 1 
0 0.200912 1 
0 0.200914 1 
0 0.200971 1 
0 0.20102 1 
0 0.201049 1 
0 0.201064 1 
0 0.201147 1 
0 0.201198 1 
0 0.201378 1 
0 0.20145 1 
0 0.201536 1 
0 0.201598 1 
0 0.201615 1 
0 0.201627 1 
0 0.201655 1 
0 0.201696 1 
0 0.201754 1 
0 0.201757 1 
0 0.201802 1 
0 0.201807 1 
0 0.201809 1 
0 0.201816 1 
0 0.201825 1 
0 0.201855 1 
0 0.201893 1 
0 0.201931 1 
0 0.201963 1 
0 0.202013 1 
0 0.202046 1 
0 0.20209 1 
0 0.202116 1 
0 0.202184 1 
0 0.202232 1 
0 0.202345 1 
0 0.202461 1 
0 0.202555 1 
0 0.202603 1 
0 0.202626 1 
0 0.202695 1 
0 0.202699 1 
0 0.202722 1 
0 0.202722 1 
0 0.20278 1 
0 0.20301 1 
0 0.203061 1 
0 0.203091 1 
0 0.203122 1 
0 0.203141 1 
0 0.203188 1 
0 0.20321 1 
0 0.203236 1 
0 0.203244 1 
0 0.203267 1 
0 0.203283 1 
0 0.20329 1 
0 0.203293 1 
0 0.203336 1 
0 0.203475 1 
0 0.203489 1 
0 0.203833 1 
0 0.203847 1 
0 0.203863 1 
0 0.20388 1 
0 0.20389 1 
0 0.20398 1 
0 0.204139 1 
0 0.204198 1 
0 0.204267 1 
0 0.204274 1 
0 0.204364 1 
0 0.204388 1 
0 0.204568 1 
0 0.204672 1 
0 0.204692 1 
0 0.204846 1 
0 0.204922 1 
0 0.204971 1 
0 0.205078 1 
0 0.205105 1 
0 inf 1 
0 0.0813859 2 
0 0.0814053 2 
0 0.0816378 2 
0 0.0817691 2 
0 0.0818684 2 
0 0.0819421 2 
0 0.0819821 2 
0 0.0819859 2 
0 0.0820519 2 
0 0.0824298 2 
0 0.0826902 2 
0 0.0827618 2 
0 0.0828453 2 
0 0.0828744 2 
0 0.0829736 2 
0 0.0830102 2 
0 0.0831981 2 
0 0.0832584 2 
0 0.0832789 2 
0 0.0832913 2 
0 0.0833713 2 
0 0.0834942 2 
0 0.0836331 2 
0 0.0836983 2 
0 0.0837537 2 
0 0.0838575 2 
0 0.083934 2 
0 0.0839838 2 
0 0.0840025 2 
0 0.0840187 2 
0 0.0840322 2 
0 0.0840511 2 
0 0.0841563 2 
0 0.0841613 2 
0 0.0841834 2 
0 0.0842551 2 
0 0.0843177 2 
0 0.0843273 2 
0 0.0844328 2 
0 0.0844552 2 
0 0.0844623 2 
0 0.0844773 2 
0 0.0845001 2 
0 0.0845035 2 
0 0.0845206 2 
0 0.0845453 2 
0 0.0847395 2 
0 0.0847968 2 
0 0.0849402 2 
0 0.0849661 2 
0 0.0849846 2 
0 0.0849859 2 
0 0.0849882 2 
0 0.0850815 2 
0 0.0850947 2 
0 0.0850953 2 
0 0.0851172 2 
0 0.0851211 2 
0 0.0851671 2 
0 0.0852835 2 
0 0.0852863 2 
0 0.0853912 2 
0 0.0854626 2 
0 0.085511 2 
0 0.0855791 2 
0 0.0855993 2 
0 0.0857254 2 
0 0.085908 2 
0 0.0859139 2 
0 0.0859168 2 
0 0.0861228 2 
0 0.0861893 2 
0 0.0862743 2 
0 0.086284 2 
0 0.0862911 2 
0 0.0863103 2 
0 0.0863266 2 
0 0.0863279 2 
0 0.0863428 2 
0 0.086346 2 
0 0.0863482 2 
0 0.0863579 2 
0 0.0863907 2 
0 0.0863999 2 
0 0.086477 2 
0 0.0865091 2 
0 0.0865469 2 
0 0.0865638 2 
0 0.0865751 2 
0 0.0866006 2 
0 0.0866313 2 
0 0.0866678 2 
0 0.0867072 2 
0 0.0869192 2 
0 0.086924 2 
0 0.0869316 2 
0 0.0869481 2 
0 0.0869817 2 
0 0.0869855 2 
0 0.0870185 2 
0 0.0870724 2 
0 0.0871261 2 
0 0.0872086 2 
0 0.0872388 2 
0 0.0872667 2 
0 0.0872773 2 
0 0.0873083 2 
0 0.0874166 2 
0 0.0874235 2 
0 0.0874918 2 
0 0.0874945 2 
0 0.0875162 2 
0 0.0875494 2 
0 0.0875527 2 
0 0.0875898 2 
0 0.0876985 2 
0 0.0880301 2 
0 0.0880923 2 
0 0.0884369 2 
0 0.0884647 2 
0 0.0885497 2 
0 0.0885648 2 
0 0.0888366 2 
0 0.0889532 2 
0 0.0891074 2 
0 0.0893682 2 
0 0.0893741 2 
0 inf 2 
0 0.03574 3 
0 0.0358775 3 
0 0.0359415 3 
0 0.0359582 3 
0 0.0360196 3 
0 0.0360663 3 
0 0.0360679 3 
0 0.0361669 3 
0 0.0361864 3 
0 0.0362825 3 
0 0.0363566 3 
0 0.0363592 3 
0 0.0363778 3 
0 0.036561 3 
0 0.0366333 3 
0 0.0368398 3 
0 0.0368599 3 
0 0.0369357 3 
0 0.0369571 3 
0 0.0370889 3 
0 0.0371517 3 
0 0.0371657 3 
0 0.0371766 3 
0 0.0371768 3 
0 0.0371936 3 
0 0.0371968 3 
0 0.0372127 3 
0 0.0372627 3 
0 0.0372751 3 
0 0.0372776 3 
0 0.0372946 3 
0 0.037313 3 
0 0.0374222 3 
0 0.0374435 3 
0 0.0374698 3 
0 0.0375235 3 
0 0.0375321 3 
0 0.0375433 3 
0 0.0375535 3 
0 0.0375913 3 
0 0.0376182 3 
0 0.0376909 3 
0 0.0378361 3 
0 0.0378466 3 
0 0.0378499 3 
0 0.0378738 3 
0 0.0379504 3 
0 0.0380471 3 
0 0.0380528 3 
0 0.0380836 3 
0 0.0381511 3 
0 0.038167 3 
0 0.0382274 3 
0 0.0382607 3 
0 0.0382632 3 
0 0.0382694 3 
0 0.0382825 3 
0 0.038344 3 
0 0.0383978 3 
0 0.0384107 3 
0 0.0384153 3 
0 0.038419 3 
0 0.0384654 3 
0 0.0385047 3 
0 0.0385346 3 
0 0.0385372 3 
0 0.0385412 3 
0 0.0385552 3 
0 0.0385666 3 
0 0.0385818 3 
0 0.0385839 3 
0 0.0385947 3 
0 0.0386876 3 
0 0.0387159 3 
0 0.0387279 3 
0 0.0387321 3 
0 0.0387537 3 
0 0.038771 3 
0 0.0387769 3 
0 0.0387798 3 
0 0.0387981 3 
0 0.0388262 3 
0 0.0388622 3 
0 0.0389152 3 
0 0.0389502 3 
0 0.0389799 3 
0 0.0389843 3 
0 0.0390003 3 
0 0.0390069 3 
0 0.0390118 3 
0 0.0390511 3 
0 0.0390812 3 
0 0.0391329 3 
0 0.039241 3 
0 0.0392548 3 
0 0.0392625 3 
0 0.0392642 3 
0 0.039292 3 
0 0.0393067 3 
0 0.03935 3 
0 0.0393655 3 
0 0.0394076 3 
0 0.0394305 3 
0 0.0394745 3 
0 0.0394898 3 
0 0.0394958 3 
0 0.0395577 3 
0 0.0396482 3 
0 0.0396499 3 
0 0.039763 3 
0 0.0397631 3 
0 0.0397677 3 
0 0.0399805 3 
0 0.0400696 3 
0 0.0401605 3 
0 0.0401962 3 
0 0.0402091 3 
0 0.0403269 3 
0 0.0404204 3 
0 0.0405842 3 
0 0.0407141 3 
0 0.0407397 3 
0 0.0408093 3 
0 0.0408106 3 
0 0.0409203 3 
0 0.0410679 3 
0 0.0416912 3 
0 inf 3 
0 0.0162612 4 
0 0.0162967 4 
0 0.0163697 4 
0 0.0163969 4 
0 0.0165779 4 
0 0.016622 4 
0 0.0166404 4 
0 0.016641 4 
0 0.0167005 4 
0 0.0167297 4 
0 0.0168035 4 
0 0.0168195 4 
0 0.0168372 4 
0 0.0168423 4 
0 0.0169438 4 
0 0.0169735 4 
0 0.0169989 4 
0 0.0170586 4 
0 0.017064 4 
0 0.0170889 4 
0 0.017119 4 
0 0.0171588 4 
0 0.0172141 4 
0 0.0172313 4 
0 0.0172474 4 
0 0.0172699 4 
0 0.0172874 4 
0 0.0172897 4 
0 0.0172993 4 
0 0.0173488 4 
0 0.0173953 4 
0 0.0174491 4 
0 0.0174524 4 
0 0.0174541 4 
0 0.0174723 4 
0 0.0174898 4 
0 0.0175008 4 
0 0.0175215 4 
0 0.0175317 4 
0 0.0175413 4 
0 0.0175635 4 
0 0.0175679 4 
0 0.0175883 4 
0 0.0176639 4 
0 0.017671 4 
0 0.0176727 4 
0 0.0176948 4 
0 0.0177047 4 
0 0.0177178 4 
0 0.0177311 4 
0 0.0177337 4 
0 0.0177667 4 
0 0.0177734 4 
0 0.0178083 4 
0 0.0178616 4 
0 0.0178847 4 
0 0.0178901 4 
0 0.0178916 4 
0 0.0179153 4 
0 0.017936 4 
0 0.0179431 4 
0 0.0179608 4 
0 0.0179734 4 
0 0.0179799 4 
0 0.0179825 4 
0 0.0179842 4 
0 0.017985 4 
0 0.0179971 4 
0 0.0180015 4 
0 0.0180352 4 
0 0.018056 4 
0 0.0180612 4 
0 0.018084 4 
0 0.0180934 4 
0 0.0181101 4 
0 0.0181104 4 
0 0.0181208 4 
0 0.0181273 4 
0 0.0181407 4 
0 0.0181791 4 
0 0.0181948 4 
0 0.01821 4 
0 0.0182275 4 
0 0.0182319 4 
0 0.0182879 4 
0 0.0183157 4 
0 0.0183511 4 
0 0.0183574 4 
0 0.0183651 4 
0 0.018372 4 
0 0.018379 4 
0 0.0183818 4 
0 0.018386 4 
0 0.0184423 4 
0 0.0184512 4 
0 0.0185199 4 
0 0.0185274 4 
0 0.0185482 4 
0 0.0185576 4 
0 0.018561 4 
0 0.018561 4 
0 0.0185712 4 
0 0.0185838 4 
0 0.0185884 4 
0 0.0186141 4 
0 0.0186737 4 
0 0.0186921 4 
0 0.018696 4 
0 0.0187423 4 
0 0.0187498 4 
0 0.0187756 4 
0 0.0188319 4 
0 0.018973 4 
0 0.0189983 4 
0 0.0189996 4 
0 0.0192027 4 
0 0.0192316 4 
0 0.0193434 4 
0 0.0193438 4 
0 0.0193799 4 
0 0.0194667 4 
0 0.0194784 4 
0 0.0194879 4 
0 0.0195084 4 
0 0.0195248 4 
0 0.019604 4 
0 0.019888 4 
0 inf 4 
0 0.00758146 5 
0 0.00758241 5 
0 0.0076577 5 
0 0.00769047 5 
0 0.0078626 5 
0 0.00790818 5 
0 0.00791578 5 
0 0.00791667 5 
0 0.00796045 5 
0 0.00798054 5 
0 0.00800244 5 
0 0.00802215 5 
0 0.00803171 5 
0 0.00806938 5 
0 0.00807389 5 
0 0.00808949 5 
0 0.00809277 5 
0 0.00811625 5 
0 0.00812764 5 
0 0.00820194 5 
0 0.0082071 5 
0 0.00820908 5 
0 0.00823547 5 
0 0.00824658 5 
0 0.00827128 5 
0 0.0082816 5 
0 0.00828652 5 
0 0.00829572 5 
0 0.00830754 5 
0 0.00832011 5 
0 0.00833298 5 
0 0.00835471 5 
0 0.00837653 5 
0 0.00838485 5 
0 0.00838858 5 
0 0.00839673 5 
0 0.00840113 5 
0 0.00842424 5 
0 0.00844094 5 
0 0.00845467 5 
0 0.0084588 5 
0 0.0084755 5 
0 0.00847714 5 
0 0.00848311 5 
0 0.00848968 5 
0 0.00848985 5 
0 0.00850517 5 
0 0.00851294 5 
0 0.00851614 5 
0 0.00851629 5 
0 0.00852351 5 
0 0.00852715 5 
0 0.00853347 5 
0 0.00853531 5 
0 0.00853559 5 
0 0.00854516 5 
0 0.00855207 5 
0 0.00857871 5 
0 0.00858036 5 
0 0.00860393 5 
0 0.00861177 5 
0 0.00862605 5 
0 0.00863301 5 
0 0.00863579 5 
0 0.00863842 5 
0 0.00864103 5 
0 0.00864651 5 
0 0.00864806 5 
0 0.00865538 5 
0 0.00866256 5 
0 0.00866808 5 
0 0.00870561 5 
0 0.00871419 5 
0 0.00871918 5 
0 0.00873057 5 
0 0.00873724 5 
0 0.00874789 5 
0 0.00874794 5 
0 0.00875168 5 
0 0.00875992 5 
0 0.00876288 5 
0 0.00876376 5 
0 0.00876604 5 
0 0.00878811 5 
0 0.00879108 5 
0 0.00885824 5 
0 0.008863 5 
0 0.00889836 5 
0 0.00890922 5 
0 0.0089116 5 
0 0.00891258 5 
0 0.00891418 5 
0 0.00893108 5 
0 0.00894439 5 
0 0.00894668 5 
0 0.00895844 5 
0 0.00895952 5 
0 0.00896362 5 
0 0.00897877 5 
0 0.00899358 5 
0 0.00899621 5 
0 0.00900201 5 
0 0.00902046 5 
0 0.00904278 5 
0 0.00905225 5 
0 0.00905757 5 
0 0.00906418 5 
0 0.00908045 5 
0 0.00908315 5 
0 0.00918323 5 
0 0.00919213 5 
0 0.00922334 5 
0 0.00926588 5 
0 0.00927444 5 
0 0.00927603 5 
0 0.00942042 5 
0 0.00943079 5 
0 0.00943469 5 
0 0.00946107 5 
0 0.00947743 5 
0 0.00947803 5 
0 0.00950114 5 
0 0.0095784 5 
0 0.00963622 5 
0 0.00969489 5 
0 0.00970296 5 
0 0.00976813 5 
0 inf 5 
0 0.00357442 6 
0 0.00361463 6 
0 0.00369113 6 
0 0.00370858 6 
0 0.00379653 6 
0 0.00381926 6 
0 0.00383808 6 
0 0.00386128 6 
0 0.00388583 6 
0 0.0038981 6 
0 0.00390534 6 
0 0.00390725 6 
0 0.00392148 6 
0 0.0039335 6 
0 0.00393926 6 
0 0.00394865 6 
0 0.00396928 6 
0 0.00397941 6 
0 0.00399464 6 
0 0.00399981 6 
0 0.00400521 6 
0 0.00402194 6 
0 0.00403167 6 
0 0.00403462 6 
0 0.00403627 6 
0 0.00404342 6 
0 0.00405644 6 
0 0.00407356 6 
0 0.00407442 6 
0 0.0040905 6 
0 0.00409604 6 
0 0.0040961 6 
0 0.00409681 6 
0 0.00410756 6 
0 0.00411253 6 
0 0.00411787 6 
0 0.00412386 6 
0 0.00412579 6 
0 0.00412845 6 
0 0.00413241 6 
0 0.00413441 6 
0 0.00414084 6 
0 0.00414115 6 
0 0.00414784 6 
0 0.00416989 6 
0 0.00417013 6 
0 0.0041824 6 
0 0.00418627 6 
0 0.00418716 6 
0 0.00419196 6 
0 0.00419547 6 
0 0.0041965 6 
0 0.00419663 6 
0 0.00420278 6 
0 0.00420546 6 
0 0.00420567 6 
0 0.00420708 6 
0 0.00422086 6 
0 0.00422597 6 
0 0.00422808 6 
0 0.00423089 6 
0 0.00423582 6 
0 0.00424437 6 
0 0.00424891 6 
0 0.0042499 6 
0 0.00425046 6 
0 0.0042512 6 
0 0.00425513 6 
0 0.00425559 6 
0 0.00425779 6 
0 0.00425818 6 
0 0.0042807 6 
0 0.00428432 6 
0 0.00428949 6 
0 0.00429142 6 
0 0.00429957 6 
0 0.00430517 6 
0 0.00430774 6 
0 0.00431294 6 
0 0.00431382 6 
0 0.00431673 6 
0 0.00431823 6 
0 0.00434064 6 
0 0.00436595 6 
0 0.00436788 6 
0 0.00436939 6 
0 0.0043766 6 
0 0.00437933 6 
0 0.00438592 6 
0 0.00439711 6 
0 0.00439714 6 
0 0.00440217 6 
0 0.00440449 6 
0 0.00440863 6 
0 0.00440879 6 
0 0.00441036 6 
0 0.00441199 6 
0 0.00443112 6 
0 0.00443277 6 
0 0.00443394 6 
0 0.00445045 6 
0 0.00445254 6 
0 0.0044534 6 
0 0.0044704 6 
0 0.0044733 6 
0 0.00448347 6 
0 0.00451648 6 
0 0.00452701 6 
0 0.00454001 6 
0 0.00455676 6 
0 0.00457423 6 
0 0.00458203 6 
0 0.00461105 6 
0 0.00461883 6 
0 0.00462861 6 
0 0.00462961 6 
0 0.0046382 6 
0 0.0046769 6 
0 0.00472068 6 
0 0.00473139 6 
0 0.00474772 6 
0 0.0047483 6 
0 0.00475146 6 
0 0.00480203 6 
0 0.00481494 6 
0 0.00485297 6 
0 0.0049677 6 
0 inf 6 
0 0.00171264 7 
0 0.00175977 7 
0 0.00180069 7 
0 0.00183705 7 
0 0.00186308 7 
0 0.00188593 7 
0 0.00189148 7 
0 0.00190333 7 
0 0.00192147 7 
0 0.00192473 7 
0 0.00192705 7 
0 0.00194144 7 
0 0.00194713 7 
0 0.00195328 7 
0 0.00195458 7 
0 0.00195588 7 
0 0.00195608 7 
0 0.00196798 7 
0 0.00198462 7 
0 0.00199795 7 
0 0.00200635 7 
0 0.00200701 7 
0 0.00200818 7 
0 0.00201062 7 
0 0.00201357 7 
0 0.00201383 7 
0 0.00202146 7 
0 0.00202267 7 
0 0.00202316 7 
0 0.00202888 7 
0 0.00203587 7 
0 0.00203862 7 
0 0.00204276 7 
0 0.00204301 7 
0 0.00204365 7 
0 0.00204404 7 
0 0.00204668 7 
0 0.00204868 7 
0 0.00205133 7 
0 0.00205649 7 
0 0.00205893 7 
0 0.00206115 7 
0 0.00206901 7 
0 0.00207101 7 
0 0.00207739 7 
0 0.00207788 7 
0 0.00207907 7 
0 0.00208026 7 
0 0.00208067 7 
0 0.00208232 7 
0 0.0020847 7 
0 0.00208867 7 
0 0.00209652 7 
0 0.00209747 7 
0 0.00210165 7 
0 0.00210823 7 
0 0.00210866 7 
0 0.00211094 7 
0 0.0021146 7 
0 0.00212686 7 
0 0.00212783 7 
0 0.00212794 7 
0 0.00212845 7 
0 0.00212898 7 
0 0.00212923 7 
0 0.00213082 7 
0 0.002132 7 
0 0.00213344 7 
0 0.00214055 7 
0 0.00214591 7 
0 0.00214605 7 
0 0.00214738 7 
0 0.00214829 7 
0 0.00214939 7 
0 0.00215145 7 
0 0.00215329 7 
0 0.00215895 7 
0 0.00216064 7 
0 0.00216368 7 
0 0.00216742 7 
0 0.00216758 7 
0 0.00217366 7 
0 0.00218138 7 
0 0.0021819 7 
0 0.00218318 7 
0 0.00218414 7 
0 0.00218426 7 
0 0.00218439 7 
0 0.00219552 7 
0 0.0021957 7 
0 0.00220024 7 
0 0.00220564 7 
0 0.00220655 7 
0 0.00220815 7 
0 0.00221493 7 
0 0.00221998 7 
0 0.00222201 7 
0 0.00222347 7 
0 0.00222638 7 
0 0.00222759 7 
0 0.00223086 7 
0 0.00224051 7 
0 0.0022439 7 
0 0.00224513 7 
0 0.00224834 7 
0 0.0022584 7 
0 0.00226095 7 
0 0.00226364 7 
0 0.00226412 7 
0 0.00227767 7 
0 0.0022872 7 
0 0.00229087 7 
0 0.00230539 7 
0 0.00233449 7 
0 0.00234032 7 
0 0.00235366 7 
0 0.00235575 7 
0 0.00235828 7 
0 0.00236647 7 
0 0.00237296 7 
0 0.00238006 7 
0 0.0024065 7 
0 0.00241867 7 
0 0.00246423 7 
0 0.00248067 7 
0 0.00248466 7 
0 0.00253684 7 
0 inf 7 
0 0.000832156 8 
0 0.000872923 8 
0 0.000890008 8 
0 0.000925743 8 
0 0.000926505 8 
0 0.000939096 8 
0 0.000943921 8 
0 0.000948592 8 
0 0.000955674 8 
0 0.000958462 8 
0 0.000963563 8 
0 0.000964392 8 
0 0.000979359 8 
0 0.00098039 8 
0 0.000984124 8 
0 0.000986066 8 
0 0.000988894 8 
0 0.000990679 8 
0 0.000990824 8 
0 0.000996615 8 
0 0.000996867 8 
0 0.000998555 8 
0 0.0010114 8 
0 0.00101154 8 
0 0.00101215 8 
0 0.00101337 8 
0 0.00101522 8 
0 0.00101766 8 
0 0.00101908 8 
0 0.00102215 8 
0 0.00102473 8 
0 0.0010266 8 
0 0.00102703 8 
0 0.00103087 8 
0 0.00103192 8 
0 0.00103204 8 
0 0.00103628 8 
0 0.00103802 8 
0 0.00103868 8 
0 0.00104036 8 
0 0.00104042 8 
0 0.00104121 8 
0 0.00104157 8 
0 0.00104325 8 
0 0.00104568 8 
0 0.00104597 8 
0 0.00104647 8 
0 0.00104704 8 
0 0.00104747 8 
0 0.00105213 8 
0 0.00105606 8 
0 0.00106298 8 
0 0.0010633 8 
0 0.0010647 8 
0 0.00106491 8 
0 0.00106625 8 
0 0.00106787 8 
0 0.00106967 8 
0 0.00107048 8 
0 0.00107148 8 
0 0.00107471 8 
0 0.00107812 8 
0 0.00107819 8 
0 0.00107851 8 
0 0.00107971 8 
0 0.00108112 8 
0 0.0010823 8 
0 0.00108364 8 
0 0.00108427 8 
0 0.00108479 8 
0 0.00108498 8 
0 0.00109126 8 
0 0.00109136 8 
0 0.00109193 8 
0 0.0010958 8 
0 0.00109616 8 
0 0.00109688 8 
0 0.00109766 8 
0 0.00109878 8 
0 0.0011002 8 
0 0.00110072 8 
0 0.00110227 8 
0 0.00110265 8 
0 0.00110429 8 
0 0.00110448 8 
0 0.0011083 8 
0 0.0011107 8 
0 0.00111122 8 
0 0.00111215 8 
0 0.00111377 8 
0 0.00111666 8 
0 0.00111672 8 
0 0.00111704 8 
0 0.00112048 8 
0 0.00112593 8 
0 0.00112924 8 
0 0.00113011 8 
0 0.00113111 8 
0 0.0011326 8 
0 0.00113732 8 
0 0.00113769 8 
0 0.00113955 8 
0 0.00114166 8 
0 0.00114408 8 
0 0.00114454 8 
0 0.00114726 8 
0 0.00114797 8 
0 0.00115782 8 
0 0.00115975 8 
0 0.00116335 8 
0 0.00116885 8 
0 0.0011692 8 
0 0.00117886 8 
0 0.00118269 8 
0 0.00118477 8 
0 0.00118622 8 
0 0.00119398 8 
0 0.00120247 8 
0 0.00120961 8 
0 0.00121158 8 
0 0.00121683 8 
0 0.00123003 8 
0 0.00124708 8 
0 0.00127945 8 
0 0.00128258 8 
0 0.00128836 8 
0 0.00130674 8 
0 inf 8 
0 0.00040942 9 
0 0.000440343 9 
0 0.000444781 9 
0 0.00046151 9 
0 0.000464601 9 
0 0.000473965 9 
0 0.00047585 9 
0 0.000479847 9 
0 0.00047992 9 
0 0.000483533 9 
0 0.000484461 9 
0 0.000487432 9 
0 0.000488359 9 
0 0.000498028 9 
0 0.000498996 9 
0 0.000499029 9 
0 0.0004993 9 
0 0.000500362 9 
0 0.000500694 9 
0 0.000506205 9 
0 0.000509044 9 
0 0.000509734 9 
0 0.000509875 9 
0 0.000510135 9 
0 0.000511025 9 
0 0.000517489 9 
0 0.000517719 9 
0 0.000518536 9 
0 0.000519108 9 
0 0.000520128 9 
0 0.000520356 9 
0 0.000520413 9 
0 0.000521321 9 
0 0.00052137 9 
0 0.000524473 9 
0 0.000525363 9 
0 0.000525563 9 
0 0.00052735 9 
0 0.00052844 9 
0 0.000528992 9 
0 0.000530155 9 
0 0.000530916 9 
0 0.000531855 9 
0 0.000533278 9 
0 0.000533514 9 
0 0.000533956 9 
0 0.000534938 9 
0 0.000535319 9 
0 0.000538106 9 
0 0.000538117 9 
0 0.000539087 9 
0 0.000539125 9 
0 0.000544279 9 
0 0.000545313 9 
0 0.00054567 9 
0 0.000547003 9 
0 0.000547101 9 
0 0.000547519 9 
0 0.000548272 9 
0 0.000548918 9 
0 0.000549827 9 
0 0.000550206 9 
0 0.000551781 9 
0 0.000551971 9 
0 0.00055239 9 
0 0.000554986 9 
0 0.000555563 9 
0 0.000556719 9 
0 0.000556796 9 
0 0.000557342 9 
0 0.00055776 9 
0 0.000558727 9 
0 0.000559446 9 
0 0.000559545 9 
0 0.000560613 9 
0 0.000560823 9 
0 0.000560956 9 
0 0.000561144 9 
0 0.000561685 9 
0 0.000563673 9 
0 0.000564438 9 
0 0.000565249 9 
0 0.000565515 9 
0 0.000566422 9 
0 0.000566457 9 
0 0.0005669 9 
0 0.000567427 9 
0 0.000569593 9 
0 0.000571093 9 
0 0.000571101 9 
0 0.000571605 9 
0 0.000573842 9 
0 0.000574331 9 
0 0.000575601 9 
0 0.000579543 9 
0 0.000579612 9 
0 0.000582357 9 
0 0.000582367 9 
0 0.000582385 9 
0 0.000584484 9 
0 0.000587312 9 
0 0.000587539 9 
0 0.000588429 9 
0 0.000591435 9 
0 0.000593753 9 
0 0.000594324 9 
0 0.000594605 9 
0 0.000595242 9 
0 0.000595353 9 
0 0.000595376 9 
0 0.000598402 9 
0 0.000599421 9 
0 0.000599472 9 
0 0.000602901 9 
0 0.000611128 9 
0 0.000615665 9 
0 0.000616684 9 
0 0.00061966 9 
0 0.000620915 9 
0 0.00062168 9 
0 0.000627827 9 
0 0.000644162 9 
0 0.000649405 9 
0 0.000666052 9 
0 0.000669079 9 
0 0.000672012 9 
0 0.000677669 9 
0 inf 9 
