0.523233 0.539101 0 
0.522443 0.539125 0 
0.522198 0.5413 0 
0.522121 0.542486 0 
0.5219 0.540649 0 
0.521606 0.539362 0 
0.521566 0.542013 0 
0.521217 0.541247 0 
0.521192 0.542802 0 
0.520925 0.541408 0 
0.520816 0.542581 0 
0.52075 0.539948 0 
0.520589 0.539337 0 
0.520554 0.538741 0 
0.520494 0.540625 0 
0.520473 0.542587 0 
0.520436 0.538741 0 
0.520415 0.5388 0 
0.520368 0.542065 0 
0.520321 0.54326 0 
0.520307 0.542246 0 
0.520272 0.538531 0 
0.520232 0.538039 0 
0.520205 0.542899 0 
0.520192 0.54205 0 
0.520174 0.540672 0 
0.520111 0.540382 0 
0.520043 0.540672 0 
0.519943 0.541041 0 
0.519893 0.542246 0 
0.519801 0.542448 0 
0.519791 0.538741 0 
0.519761 0.538792 0 
0.519731 0.542485 0 
0.519598 0.539177 0 
0.519579 0.538531 0 
0.519545 0.542998 0 
0.519492 0.544652 0 
0.519472 0.543079 0 
0.519451 0.541384 0 
0.519443 0.541983 0 
0.519434 0.520602 0 
0.519399 0.539362 0 
0.519335 0.519559 0 
0.519114 0.5413 0 
0.519078 0.542531 0 
0.519013 0.519347 0 
0.519008 0.538531 0 
0.518984 0.542112 0 
0.518902 0.544644 0 
0.518877 0.540151 0 
0.518867 0.5396 0 
0.518866 0.519959 0 
0.518837 0.544006 0 
0.51882 0.541497 0 
0.51873 0.541396 0 
0.518725 0.54052 0 
0.51872 0.543843 0 
0.518697 0.539814 0 
0.518692 0.5388 0 
0.518667 0.518847 0 
0.518565 0.541395 0 
0.518555 0.520162 0 
0.518549 0.540255 0 
0.518542 0.542138 0 
0.518541 0.518737 0 
0.518319 0.540088 0 
0.51829 0.53978 0 
0.518287 0.519959 0 
0.518091 0.541779 0 
0.518028 0.521073 0 
0.517944 0.541396 0 
0.517921 0.519724 0 
0.517893 0.540117 0 
0.517871 0.540807 0 
0.517859 0.538531 0 
0.517812 0.518501 0 
0.517777 0.542842 0 
0.517673 0.540463 0 
0.517667 0.518261 0 
0.517595 0.542822 0 
0.517578 0.518314 0 
0.517576 0.539362 0 
0.517559 0.539337 0 
0.517558 0.540151 0 
0.517556 0.542498 0 
0.517514 0.542975 0 
0.517507 0.54242 0 
0.517452 0.51957 0 
0.517384 0.540463 0 
0.517351 0.539362 0 
0.517336 0.518909 0 
0.51725 0.541981 0 
0.517244 0.51812 0 
0.517195 0.539891 0 
0.517179 0.517439 0 
0.517144 0.517274 0 
0.517135 0.518427 0 
0.5171 0.544549 0 
0.517089 0.540659 0 
0.517072 0.51787 0 
0.517005 0.517745 0 
0.516921 0.544062 0 
0.516869 0.540037 0 
0.516777 0.518016 0 
0.516692 0.518348 0 
0.516684 0.518269 0 
0.516669 0.543088 0 
0.51663 0.538531 0 
0.516629 0.516809 0 
0.516573 0.5403 0 
0.516566 0.542313 0 
0.516564 0.516929 0 
0.516557 0.516836 0 
0.516554 0.543711 0 
0.516542 0.517683 0 
0.516497 0.539337 0 
0.516451 0.540076 0 
0.51645 0.516839 0 
0.516434 0.519347 0 
0.516421 0.517221 0 
0.516361 0.543757 0 
0.516357 0.519153 0 
0.516351 0.543866 0 
0.516348 0.539337 0 
0.516299 0.539337 0 
0.516275 0.541058 0 
0.516233 0.517267 0 
0.5162 0.541895 0 
0.516183 0.518393 0 
0.516168 0.51643 0 
0.516135 0.539362 0 
0.516125 0.516494 0 
0.516083 0.543753 0 
0.516053 0.516517 0 
0.516036 0.542615 0 
0.516033 0.517745 0 
0.515985 0.542448 0 
0.515956 0.517263 0 
0.515926 0.540088 0 
0.515905 0.540625 0 
0.515893 0.516029 0 
0.515893 0.517647 0 
0.515821 0.540079 0 
0.515775 0.516809 0 
0.51574 0.542376 0 
0.515732 0.516872 0 
0.515664 0.539627 0 
0.515663 0.519969 0 
0.515559 0.543479 0 
0.515538 0.516227 0 
0.515527 0.517429 0 
0.515524 0.516456 0 
0.515521 0.516901 0 
0.515518 0.517259 0 
0.515506 0.516349 0 
0.51548 0.542466 0 
0.515459 0.538046 0 
0.515455 0.542532 0 
0.515431 0.518016 0 
0.515418 0.517764 0 
0.515409 0.5388 0 
0.515392 0.516143 0 
0.515389 0.516654 0 
0.515365 0.517996 0 
0.515342 0.542138 0 
0.515339 0.516543 0 
0.515322 0.517525 0 
0.515307 0.516192 0 
0.5153 0.544403 0 
0.515294 0.540076 0 
0.515283 0.517182 0 
0.515245 0.54363 0 
0.515232 0.515462 0 
0.515204 0.519842 0 
0.515204 0.515502 0 
0.515189 0.544974 0 
0.515147 0.518679 0 
0.515089 0.544127 0 
0.515075 0.542541 0 
0.515068 0.540279 0 
0.515067 0.538039 0 
0.515065 0.542519 0 
0.515022 0.515391 0 
0.515013 0.539891 0 
0.514987 0.515138 0 
0.514985 0.538046 0 
0.514963 0.541497 0 
0.514959 0.540659 0 
0.5149 0.518202 0 
0.514875 0.538923 0 
0.514875 0.518549 0 
0.514865 0.518341 0 
0.514848 0.518068 0 
0.514836 0.51616 0 
0.514828 0.540037 0 
0.514785 0.517283 0 
0.514782 0.516951 0 
0.514758 0.537611 0 
0.514739 0.518314 0 
0.514683 0.517048 0 
0.514646 0.539125 0 
0.514641 0.514928 0 
0.514634 0.516788 0 
0.514602 0.514895 0 
0.514531 0.538923 0 
0.51453 0.515928 0 
0.514525 0.517216 0 
0.51452 0.544405 0 
0.514474 0.518855 0 
0.514463 0.520811 0 
0.514413 0.516399 0 
0.514376 0.516029 0 
0.51433 0.516803 0 
0.514251 0.514871 0 
0.514245 0.545217 0 
0.514173 0.515445 0 
0.514141 0.542067 0 
0.51414 0.514623 0 
0.514075 0.516299 0 
0.514046 0.516102 0 
0.514046 0.514368 0 
0.513989 0.514144 0 
0.513959 0.517281 0 
0.513895 0.516541 0 
0.513881 0.518782 0 
0.513875 0.543711 0 
0.513847 0.514227 0 
0.513837 0.515737 0 
0.513825 0.520137 0 
0.513818 0.540695 0 
0.51376 0.517844 0 
0.513754 0.539101 0 
0.513739 0.544214 0 
0.513739 0.53978 0 
0.513732 0.540254 0 
0.513716 0.517926 0 
0.513685 0.53978 0 
0.513674 0.517355 0 
0.513667 0.519162 0 
0.513656 0.514642 0 
0.513651 0.517668 0 
0.513639 0.515991 0 
0.513637 0.543069 0 
0.513635 0.515368 0 
0.513624 0.515039 0 
0.513621 0.539814 0 
0.513583 0.517829 0 
0.513572 0.518402 0 
0.51355 0.518439 0 
0.513502 0.516894 0 
0.513471 0.518412 0 
0.513467 0.520424 0 
0.513464 0.518824 0 
0.51346 0.517818 0 
0.513415 0.520943 0 
0.513384 0.519115 0 
0.513369 0.53978 0 
0.513359 0.544557 0 
0.513293 0.514591 0 
0.513259 0.513426 0 
0.513241 0.518886 0 
0.513238 0.540076 0 
0.513233 0.520596 0 
0.513221 0.54231 0 
0.513208 0.540752 0 
0.513192 0.518517 0 
0.513171 0.540117 0 
0.513167 0.513426 0 
0.513153 0.544467 0 
0.513145 0.543761 0 
0.513123 0.521658 0 
0.513115 0.519168 0 
0.51311 0.538741 0 
0.513101 0.51946 0 
0.513083 0.538039 0 
0.513074 0.537611 0 
0.513046 0.54367 0 
0.513045 0.518006 0 
0.513041 0.519163 0 
0.512964 0.538741 0 
0.512962 0.539976 0 
0.512949 0.514783 0 
0.512946 0.516371 0 
0.512913 0.538039 0 
0.512891 0.540151 0 
0.512864 0.541261 0 
0.512856 0.538531 0 
0.512807 0.542159 0 
0.512801 0.541983 0 
0.512784 0.539627 0 
0.512736 0.544157 0 
0.512724 0.545716 0 
0.512695 0.5396 0 
0.512612 0.513369 0 
0.512593 0.513494 0 
0.512581 0.513158 0 
0.512574 0.540659 0 
0.512541 0.538792 0 
0.512522 0.541872 0 
0.512463 0.539079 0 
0.512458 0.513306 0 
0.512426 0.538741 0 
0.512337 0.538923 0 
0.512332 0.519701 0 
0.512325 0.518148 0 
0.512307 0.542724 0 
0.512285 0.539943 0 
0.512256 0.54223 0 
0.512256 0.539362 0 
0.512246 0.543761 0 
0.512228 0.518817 0 
0.512228 0.541668 0 
0.512227 0.540871 0 
0.512209 0.518235 0 
0.512197 0.539337 0 
0.51219 0.539666 0 
0.512183 0.541932 0 
0.512147 0.539976 0 
0.51211 0.512129 0 
0.512103 0.540255 0 
0.512083 0.540037 0 
0.51208 0.541408 0 
0.512074 0.541872 0 
0.512064 0.538039 0 
0.512044 0.540088 0 
0.512 0.539627 0 
0.511977 0.539079 0 
0.511963 0.543069 0 
0.511962 0.541253 0 
0.511948 0.539101 0 
0.511903 0.53978 0 
0.511903 0.540037 0 
0.511867 0.539177 0 
0.511848 0.539483 0 
0.511845 0.512433 0 
0.511838 0.540279 0 
0.511829 0.544339 0 
0.511806 0.542587 0 
0.511779 0.542938 0 
0.511681 0.51977 0 
0.511677 0.54186 0 
0.511672 0.540752 0 
0.511576 0.543043 0 
0.51157 0.546658 0 
0.511556 0.545052 0 
0.511525 0.540807 0 
0.511492 0.541211 0 
0.51149 0.5396 0 
0.511442 0.546477 0 
0.511433 0.544815 0 
0.511385 0.542466 0 
0.511344 0.542444 0 
0.511236 0.543362 0 
0.510973 0.51342 0 
0.510971 0.542531 0 
0.510874 0.542459 0 
0.51086 0.545263 0 
0.510855 0.542984 0 
0.510848 0.539483 0 
0.510817 0.543196 0 
0.51076 0.543282 0 
0.510614 0.543694 0 
0.510586 0.542615 0 
0.510531 0.545216 0 
0.510488 0.5403 0 
0.51039 0.550274 0 
0.510157 0.543722 0 
0.509995 0.542013 0 
0.509993 0.544538 0 
0.509935 0.543362 0 
0.509758 0.514677 0 
0.509311 0.547467 0 
0.508943 0.544826 0 
0.508799 0.544824 0 
0.21801 0.227861 1 
0.217467 0.228309 1 
0.21721 0.228032 1 
0.216788 0.225775 1 
0.216633 0.225678 1 
0.216489 0.221465 1 
0.216372 0.226295 1 
0.216073 0.219434 1 
0.215884 0.227216 1 
0.215744 0.224466 1 
0.21569 0.219381 1 
0.215675 0.225433 1 
0.215569 0.225269 1 
0.215507 0.227462 1 
0.215382 0.220241 1 
0.215347 0.224565 1 
0.215286 0.227471 1 
0.215205 0.22565 1 
0.215103 0.226181 1 
0.215019 0.224188 1 
0.214958 0.223148 1 
0.21494 0.22279 1 
0.214814 0.22427 1 
0.21478 0.223568 1 
0.214567 0.224272 1 
0.214566 0.227216 1 
0.214491 0.236197 1 
0.21446 0.227695 1 
0.214394 0.226551 1 
0.214301 0.224188 1 
0.214294 0.220277 1 
0.214234 0.220342 1 
0.214175 0.226133 1 
0.214082 0.219503 1 
0.214068 0.221642 1 
0.214031 0.220886 1 
0.214014 0.224905 1 
0.213969 0.22289 1 
0.213941 0.224602 1 
0.21388 0.224347 1 
0.213823 0.219808 1 
0.21377 0.229535 1 
0.213744 0.224963 1 
0.213731 0.21884 1 
0.213692 0.22388 1 
0.213673 0.227592 1 
0.213666 0.221747 1 
0.213665 0.224417 1 
0.213621 0.227015 1 
0.213512 0.220881 1 
0.213497 0.229751 1 
0.213452 0.222275 1 
0.213408 0.220342 1 
0.21331 0.2243 1 
0.2133 0.225443 1 
0.213296 0.224767 1 
0.213241 0.223949 1 
0.213166 0.224571 1 
0.21316 0.223429 1 
0.213027 0.227379 1 
0.212949 0.228408 1 
0.212943 0.219418 1 
0.212933 0.225433 1 
0.212906 0.223893 1 
0.2129 0.222788 1 
0.2129 0.224895 1 
0.212891 0.222496 1 
0.212878 0.220881 1 
0.212865 0.219503 1 
0.21284 0.225429 1 
0.212828 0.224868 1 
0.212798 0.222496 1 
0.21272 0.224352 1 
0.212697 0.224552 1 
0.212663 0.221221 1 
0.212661 0.225833 1 
0.212654 0.222138 1 
0.212632 0.221335 1 
0.212624 0.222939 1 
0.212621 0.227592 1 
0.212569 0.226201 1 
0.212566 0.227998 1 
0.212391 0.212603 1 
0.212294 0.223522 1 
0.212283 0.219106 1 
0.212259 0.219503 1 
0.212188 0.228728 1 
0.212109 0.220342 1 
0.212101 0.223815 1 
0.212094 0.218544 1 
0.212085 0.22279 1 
0.212074 0.212084 1 
0.212066 0.223568 1 
0.212046 0.2243 1 
0.212039 0.221648 1 
0.211999 0.221747 1 
0.211951 0.223626 1 
0.211894 0.219106 1 
0.211787 0.219106 1 
0.211769 0.226018 1 
0.21173 0.22065 1 
0.2116 0.221486 1 
0.211568 0.219808 1 
0.211526 0.227043 1 
0.211512 0.223517 1 
0.211417 0.227895 1 
0.211404 0.217495 1 
0.211376 0.226283 1 
0.211355 0.221124 1 
0.21131 0.22075 1 
0.211305 0.219106 1 
0.211209 0.228565 1 
0.211196 0.22388 1 
0.211069 0.227273 1 
0.211041 0.222257 1 
0.211024 0.230682 1 
0.211 0.227932 1 
0.210992 0.22687 1 
0.210858 0.22523 1 
0.210774 0.225703 1 
0.210755 0.221942 1 
0.210752 0.219808 1 
0.210664 0.219106 1 
0.210655 0.221642 1 
0.210634 0.230966 1 
0.210553 0.210903 1 
0.210538 0.22468 1 
0.210518 0.225328 1 
0.210476 0.21994 1 
0.21046 0.221335 1 
0.210409 0.224005 1 
0.210306 0.225362 1 
0.210082 0.227192 1 
0.210076 0.225062 1 
0.210076 0.223945 1 
0.209849 0.227695 1 
0.209836 0.21884 1 
0.2098 0.210316 1 
0.209785 0.227998 1 
0.209776 0.210776 1 
0.20975 0.210556 1 
0.209676 0.220881 1 
0.209671 0.211019 1 
0.209581 0.209613 1 
0.209576 0.222201 1 
0.209571 0.21047 1 
0.209512 0.225683 1 
0.209476 0.22203 1 
0.209466 0.221648 1 
0.209455 0.220757 1 
0.209364 0.225362 1 
0.209193 0.222186 1 
0.209117 0.220427 1 
0.209082 0.22854 1 
0.209072 0.220881 1 
0.209029 0.225167 1 
0.209009 0.209761 1 
0.208984 0.220342 1 
0.208968 0.209009 1 
0.208965 0.222257 1 
0.208963 0.219278 1 
0.208943 0.227771 1 
0.208936 0.22277 1 
0.208926 0.21005 1 
0.208907 0.221753 1 
0.208885 0.220342 1 
0.208759 0.208852 1 
0.20873 0.209188 1 
0.208664 0.219106 1 
0.208606 0.21994 1 
0.208594 0.209666 1 
0.208521 0.211951 1 
0.208473 0.222678 1 
0.20847 0.209035 1 
0.208359 0.22075 1 
0.208347 0.208991 1 
0.208209 0.221124 1 
0.20819 0.226136 1 
0.208176 0.208309 1 
0.208174 0.224204 1 
0.208165 0.208487 1 
0.208157 0.219278 1 
0.208129 0.22388 1 
0.208091 0.208462 1 
0.208076 0.227403 1 
0.208075 0.209491 1 
0.208051 0.219808 1 
0.208035 0.211419 1 
0.207906 0.22203 1 
0.207869 0.231125 1 
0.207866 0.208235 1 
0.207839 0.218544 1 
0.207831 0.208075 1 
0.207793 0.225443 1 
0.207721 0.208129 1 
0.207594 0.208803 1 
0.207572 0.208557 1 
0.207463 0.219808 1 
0.207448 0.208121 1 
0.207446 0.208017 1 
0.207446 0.211545 1 
0.207421 0.210828 1 
0.207327 0.207678 1 
0.207294 0.218228 1 
0.207233 0.209847 1 
0.2072 0.209909 1 
0.207184 0.211536 1 
0.207165 0.22075 1 
0.20714 0.207204 1 
0.207122 0.221465 1 
0.207078 0.208748 1 
0.20699 0.208144 1 
0.20698 0.211023 1 
0.206959 0.210769 1 
0.206931 0.20912 1 
0.206928 0.207699 1 
0.206885 0.209214 1 
0.206809 0.221691 1 
0.206783 0.225342 1 
0.206773 0.211179 1 
0.206723 0.2079 1 
0.20672 0.210431 1 
0.20658 0.208418 1 
0.206578 0.219503 1 
0.2065 0.207298 1 
0.206479 0.209036 1 
0.206479 0.207392 1 
0.206478 0.223815 1 
0.206473 0.207627 1 
0.20645 0.206672 1 
0.206417 0.21014 1 
0.206344 0.209619 1 
0.206343 0.209467 1 
0.206342 0.207496 1 
0.206341 0.208731 1 
0.206335 0.220881 1 
0.206313 0.207436 1 
0.206307 0.210789 1 
0.206291 0.218228 1 
0.20625 0.206451 1 
0.206224 0.219434 1 
0.206172 0.208743 1 
0.206166 0.20655 1 
0.206162 0.206888 1 
0.206145 0.206888 1 
0.206122 0.208038 1 
0.206088 0.206429 1 
0.205967 0.22229 1 
0.205944 0.206048 1 
0.205914 0.207204 1 
0.205887 0.224272 1 
0.205867 0.220876 1 
0.205862 0.224895 1 
0.205857 0.21884 1 
0.205853 0.222906 1 
0.205846 0.210353 1 
0.20577 0.207271 1 
0.20573 0.209205 1 
0.205716 0.209934 1 
0.205714 0.207627 1 
0.205606 0.206831 1 
0.205438 0.220427 1 
0.205436 0.206429 1 
0.20542 0.207277 1 
0.205382 0.208214 1 
0.205336 0.209968 1 
0.205314 0.220427 1 
0.20531 0.207678 1 
0.205309 0.210132 1 
0.205287 0.210629 1 
0.205252 0.20599 1 
0.20517 0.207544 1 
0.205137 0.206405 1 
0.205117 0.211002 1 
0.20511 0.219503 1 
0.20508 0.22318 1 
0.205062 0.207939 1 
0.205057 0.206591 1 
0.20503 0.226685 1 
0.204971 0.222257 1 
0.204961 0.22065 1 
0.204954 0.226901 1 
0.204931 0.22523 1 
0.204922 0.224905 1 
0.204893 0.217495 1 
0.204832 0.219418 1 
0.204802 0.207927 1 
0.204784 0.205385 1 
0.204768 0.226241 1 
0.20473 0.219278 1 
0.204701 0.228316 1 
0.20462 0.205563 1 
0.204613 0.207286 1 
0.204607 0.221124 1 
0.204544 0.209391 1 
0.204506 0.210504 1 
0.204504 0.206357 1 
0.2045 0.219381 1 
0.204492 0.220886 1 
0.204466 0.219144 1 
0.204464 0.208967 1 
0.204454 0.222732 1 
0.204444 0.208765 1 
0.204418 0.206525 1 
0.204412 0.20878 1 
0.204378 0.224352 1 
0.204319 0.211121 1 
0.204274 0.206331 1 
0.204274 0.212301 1 
0.204267 0.204278 1 
0.204266 0.211232 1 
0.204231 0.219144 1 
0.204205 0.221642 1 
0.204186 0.218544 1 
0.204147 0.22289 1 
0.204135 0.20746 1 
0.204109 0.206684 1 
0.204091 0.204492 1 
0.204082 0.210368 1 
0.204059 0.222678 1 
0.203996 0.208481 1 
0.203975 0.223963 1 
0.203943 0.220277 1 
0.203939 0.220734 1 
0.203938 0.209713 1 
0.203895 0.210974 1 
0.203894 0.228637 1 
0.203856 0.206682 1 
0.203843 0.205197 1 
0.203836 0.218544 1 
0.203771 0.207323 1 
0.203752 0.219434 1 
0.203738 0.219503 1 
0.203726 0.21994 1 
0.203598 0.22065 1 
0.203543 0.204278 1 
0.20354 0.208558 1 
0.203427 0.203785 1 
0.203423 0.222758 1 
0.203384 0.224113 1 
0.203378 0.224793 1 
0.203373 0.203818 1 
0.203193 0.221335 1 
0.203129 0.219808 1 
0.203116 0.21172 1 
0.203027 0.203523 1 
0.203018 0.222257 1 
0.203005 0.220427 1 
0.202995 0.21994 1 
0.202809 0.209293 1 
0.202779 0.218228 1 
0.202772 0.22203 1 
0.202502 0.202568 1 
0.202374 0.220734 1 
0.202284 0.220241 1 
0.201877 0.204885 1 
0.10265 0.102986 2 
0.100992 0.1025 2 
0.100901 0.10867 2 
0.100709 0.101895 2 
0.100534 0.102048 2 
0.100054 0.100254 2 
0.0998424 0.100088 2 
0.0995897 0.100702 2 
0.0989197 0.101315 2 
0.0988993 0.1015 2 
0.0988335 0.10187 2 
0.0987495 0.101463 2 
0.0985841 0.100235 2 
0.0985398 0.0995917 2 
0.0984153 0.0995696 2 
0.0984012 0.10344 2 
0.0983346 0.103047 2 
0.0983244 0.0984172 2 
0.098174 0.101426 2 
0.0978824 0.102291 2 
0.0978372 0.10028 2 
0.0977515 0.0983079 2 
0.0977443 0.100852 2 
0.0976134 0.10254 2 
0.0974645 0.0987247 2 
0.0973856 0.101498 2 
0.0973713 0.0982836 2 
0.0973616 0.100216 2 
0.0973579 0.0986935 2 
0.0972926 0.102331 2 
0.097222 0.0997238 2 
0.097213 0.0985916 2 
0.0970614 0.0978761 2 
0.0970575 0.101206 2 
0.0969831 0.099339 2 
0.096924 0.0982479 2 
0.0968424 0.100419 2 
0.0967807 0.0981855 2 
0.0966834 0.0997238 2 
0.0965857 0.100213 2 
0.0963985 0.0986738 2 
0.0963957 0.100852 2 
0.09638 0.0985609 2 
0.0963736 0.101302 2 
0.0961981 0.102085 2 
0.0961844 0.102347 2 
0.0961571 0.0990828 2 
0.0960122 0.0992745 2 
0.0959124 0.103771 2 
0.0959059 0.0992626 2 
0.0958341 0.0983733 2 
0.095811 0.0987127 2 
0.0958087 0.0973434 2 
0.0957975 0.100061 2 
0.095739 0.0984547 2 
0.0957101 0.0995696 2 
0.095641 0.0988001 2 
0.0955884 0.0973653 2 
0.0955307 0.0973368 2 
0.0955121 0.0956402 2 
0.0954921 0.0964011 2 
0.0954473 0.100693 2 
0.0954293 0.100291 2 
0.0954045 0.0983079 2 
0.0954009 0.0978656 2 
0.0953378 0.103833 2 
0.0953356 0.101662 2 
0.0953086 0.0990112 2 
0.0952934 0.0964011 2 
0.0952266 0.0971604 2 
0.0951755 0.097234 2 
0.0951209 0.10015 2 
0.0949345 0.101259 2 
0.0949051 0.0971993 2 
0.0948421 0.0950144 2 
0.0948184 0.0976627 2 
0.0948165 0.100693 2 
0.094811 0.0992745 2 
0.0948094 0.100002 2 
0.0947999 0.0991743 2 
0.0947857 0.097697 2 
0.0947617 0.0966055 2 
0.0947553 0.0983879 2 
0.0947463 0.0986358 2 
0.0947091 0.0962283 2 
0.0946603 0.0981855 2 
0.0946206 0.102393 2 
0.0945023 0.0956897 2 
0.0944389 0.0966561 2 
0.0944165 0.0983733 2 
0.0943819 0.0980464 2 
0.0942493 0.100032 2 
0.0942485 0.102085 2 
0.0942093 0.101967 2 
0.0942049 0.0988752 2 
0.0941635 0.0947352 2 
0.0940752 0.0999985 2 
0.094055 0.095477 2 
0.0940328 0.0950144 2 
0.0940134 0.0943267 2 
0.0940123 0.097291 2 
0.094011 0.101061 2 
0.0939149 0.0979294 2 
0.0938972 0.0945944 2 
0.0937446 0.100214 2 
0.0936383 0.0969083 2 
0.0936383 0.100032 2 
0.0936304 0.0943454 2 
0.0935628 0.0968495 2 
0.0935386 0.0945944 2 
0.0935385 0.0994366 2 
0.0935031 0.0938794 2 
0.0934226 0.101426 2 
0.0932656 0.0961092 2 
0.0932583 0.0991809 2 
0.0932044 0.0947253 2 
0.0931949 0.0935313 2 
0.0931664 0.0947352 2 
0.0931512 0.0942953 2 
0.0931207 0.0962453 2 
0.0930924 0.0969671 2 
0.0930402 0.101023 2 
0.0930349 0.0959361 2 
0.0929978 0.103681 2 
0.0929864 0.0962453 2 
0.0929086 0.1003 2 
0.0928452 0.0940362 2 
0.0927995 0.0980722 2 
0.0927663 0.0962283 2 
0.0927428 0.0981855 2 
0.0927391 0.0970317 2 
0.0927169 0.0992064 2 
0.0927039 0.095533 2 
0.0926921 0.100149 2 
0.0926635 0.0927521 2 
0.0925957 0.0945944 2 
0.0925168 0.0939881 2 
0.092355 0.0934243 2 
0.0922511 0.0953588 2 
0.0922495 0.0950622 2 
0.0921942 0.0932221 2 
0.0921818 0.094459 2 
0.0921466 0.0926756 2 
0.0920314 0.0946534 2 
0.0920291 0.0956402 2 
0.0919416 0.0928971 2 
0.0918951 0.0937436 2 
0.09189 0.095477 2 
0.0918572 0.100217 2 
0.0918531 0.094459 2 
0.091829 0.0925178 2 
0.0917652 0.0973368 2 
0.0917124 0.101574 2 
0.0916283 0.0946558 2 
0.0915446 0.0954985 2 
0.0914883 0.0956402 2 
0.0914619 0.0968495 2 
0.0914117 0.0965705 2 
0.0913774 0.0920303 2 
0.091371 0.0952206 2 
0.0913619 0.0956897 2 
0.0913141 0.0959358 2 
0.0912279 0.0914636 2 
0.0911921 0.0972403 2 
0.0911519 0.0921598 2 
0.0911187 0.0941381 2 
0.0911126 0.0970953 2 
0.0910525 0.091403 2 
0.0910478 0.0916444 2 
0.0910362 0.0919124 2 
0.0910314 0.0913583 2 
0.0910258 0.0966845 2 
0.0909948 0.0983733 2 
0.0909875 0.100906 2 
0.0909405 0.102839 2 
0.0909204 0.0943267 2 
0.0909118 0.0946534 2 
0.0909072 0.0969588 2 
0.0908742 0.0909843 2 
0.0908661 0.0945944 2 
0.0908232 0.093329 2 
0.0907088 0.0913344 2 
0.0906816 0.0922778 2 
0.0906812 0.0984172 2 
0.0906781 0.0917243 2 
0.0906418 0.0991743 2 
0.0905993 0.092017 2 
0.0905917 0.0949391 2 
0.09059 0.092519 2 
0.0905322 0.0913344 2 
0.0904654 0.0914859 2 
0.0904454 0.0982479 2 
0.0904158 0.091392 2 
0.0904121 0.0905255 2 
0.0903902 0.09215 2 
0.0903566 0.0908296 2 
0.0903161 0.090949 2 
0.090302 0.0918849 2 
0.0902903 0.0941272 2 
0.0902443 0.0936603 2 
0.0902195 0.0920913 2 
0.0901953 0.0939875 2 
0.0901817 0.0916363 2 
0.0900932 0.0980722 2 
0.0900731 0.0964975 2 
0.0900445 0.0947291 2 
0.0900265 0.0917044 2 
0.0900259 0.0901463 2 
0.0900027 0.0900676 2 
0.0899116 0.092187 2 
0.0898819 0.091281 2 
0.0898687 0.10273 2 
0.0898097 0.0947352 2 
0.0897886 0.0951462 2 
0.0897611 0.0947352 2 
0.089626 0.0906281 2 
0.0896186 0.0932012 2 
0.089596 0.0908703 2 
0.0895931 0.089936 2 
0.0895711 0.0900272 2 
0.0895048 0.0899494 2 
0.0894274 0.0907451 2 
0.0894069 0.091327 2 
0.0893791 0.0991809 2 
0.0893719 0.0909203 2 
0.0893583 0.0921867 2 
0.0893552 0.089475 2 
0.0893012 0.0972403 2 
0.0892924 0.0917754 2 
0.0892549 0.0983733 2 
0.0892252 0.0908313 2 
0.0891903 0.0941865 2 
0.0891631 0.0900968 2 
0.0891523 0.0992626 2 
0.089126 0.090949 2 
0.0890874 0.0959361 2 
0.0890312 0.0897982 2 
0.0890294 0.0924431 2 
0.0890151 0.0953191 2 
0.0890094 0.0906403 2 
0.0889597 0.0954945 2 
0.0889537 0.100616 2 
0.0889184 0.0906403 2 
0.0888994 0.0903228 2 
0.0888933 0.0926797 2 
0.0888803 0.089513 2 
0.0888091 0.094612 2 
0.0887896 0.0969083 2 
0.0887616 0.0966673 2 
0.0887457 0.0935727 2 
0.0887376 0.0953191 2 
0.0887243 0.0936603 2 
0.0887179 0.0952206 2 
0.0887058 0.0957915 2 
0.0887046 0.0899795 2 
0.0886951 0.0919432 2 
0.0886778 0.0920783 2 
0.0886747 0.0973434 2 
0.0886557 0.0956897 2 
0.0885657 0.0901216 2 
0.0885627 0.094459 2 
0.0884056 0.092645 2 
0.0883933 0.0948272 2 
0.0883871 0.091403 2 
0.0883814 0.0943267 2 
0.0883787 0.0908554 2 
0.0883773 0.0949382 2 
0.0883745 0.0974971 2 
0.0883599 0.0906858 2 
0.0883426 0.0902443 2 
0.0883206 0.0940514 2 
0.0882914 0.0907464 2 
0.0882786 0.0947774 2 
0.0882714 0.0946534 2 
0.0882549 0.0973516 2 
0.0882328 0.095477 2 
0.0882316 0.0979364 2 
0.0882282 0.0952206 2 
0.0882241 0.0937436 2 
0.0881872 0.0883523 2 
0.0881806 0.0893294 2 
0.08813 0.0935637 2 
0.0880937 0.0890841 2 
0.0880783 0.0901225 2 
0.0880569 0.0943267 2 
0.0880382 0.0909273 2 
0.0880228 0.0973368 2 
0.088017 0.091536 2 
0.0879839 0.0880663 2 
0.0878503 0.0920783 2 
0.0878022 0.0943198 2 
0.0877525 0.0978297 2 
0.0877395 0.0889726 2 
0.0876704 0.0943884 2 
0.0876663 0.0880053 2 
0.087645 0.0980715 2 
0.0876417 0.08877 2 
0.0875943 0.0906755 2 
0.087579 0.0950144 2 
0.0875389 0.0940362 2 
0.0875301 0.093083 2 
0.0875273 0.0907958 2 
0.087513 0.0908703 2 
0.0874558 0.0947352 2 
0.0874236 0.0926479 2 
0.0874176 0.0942991 2 
0.0873983 0.0926903 2 
0.0873298 0.0878734 2 
0.0873213 0.0970271 2 
0.087186 0.0962283 2 
0.0871524 0.0944854 2 
0.0871519 0.0936603 2 
0.0870859 0.0943454 2 
0.0869401 0.0946534 2 
0.0868642 0.0869909 2 
0.086853 0.0874445 2 
0.0868371 0.0904386 2 
0.0868272 0.0950144 2 
0.0868074 0.0878734 2 
0.0867969 0.0952206 2 
0.0867955 0.0879233 2 
0.0867842 0.0950144 2 
0.0867538 0.0953588 2 
0.0866443 0.0940362 2 
0.0866304 0.0968494 2 
0.0865915 0.0880718 2 
0.0865621 0.0901567 2 
0.086531 0.0993758 2 
0.0863049 0.0863508 2 
0.086135 0.0956402 2 
0.0858308 0.0907771 2 
0.0506245 0.0524408 3 
0.0481777 0.0488182 3 
0.0481426 0.0481822 3 
0.0476995 0.0483002 3 
0.0476912 0.0479911 3 
0.0469424 0.0492604 3 
0.0468731 0.0473284 3 
0.0467404 0.0473438 3 
0.0464828 0.0480444 3 
0.0464231 0.0466072 3 
0.0462251 0.0487644 3 
0.0461843 0.0469809 3 
0.046176 0.0465444 3 
0.0459321 0.0479323 3 
0.0458754 0.0478002 3 
0.0458146 0.0486833 3 
0.0456594 0.045884 3 
0.0456588 0.0468791 3 
0.0455279 0.045943 3 
0.0455276 0.0467644 3 
0.0455135 0.0475013 3 
0.0454989 0.0455585 3 
0.0454896 0.0459998 3 
0.0454756 0.045752 3 
0.0454035 0.0482852 3 
0.0453734 0.0453776 3 
0.0452853 0.0462896 3 
0.0452062 0.0473469 3 
0.0451336 0.0458641 3 
0.0451148 0.0452244 3 
0.0450977 0.0465598 3 
0.0450799 0.0479323 3 
0.045067 0.0467644 3 
0.0450257 0.0465157 3 
0.0450238 0.0450367 3 
0.0450208 0.0469208 3 
0.0450179 0.0451406 3 
0.0449629 0.0482493 3 
0.0448693 0.0455247 3 
0.0448419 0.045175 3 
0.044786 0.0448114 3 
0.0447811 0.0457417 3 
0.0447774 0.0455119 3 
0.0447359 0.0458752 3 
0.0446195 0.044832 3 
0.0444385 0.0467402 3 
0.0443998 0.047004 3 
0.0443929 0.0456491 3 
0.0443271 0.0470812 3 
0.0443068 0.0457656 3 
0.0442382 0.0461218 3 
0.044189 0.0447507 3 
0.0441836 0.0477091 3 
0.0440738 0.0446492 3 
0.0440693 0.0456862 3 
0.0440277 0.0450822 3 
0.0440259 0.0454214 3 
0.0440257 0.0453919 3 
0.0440057 0.0459607 3 
0.0439803 0.0441425 3 
0.0439663 0.045282 3 
0.0439626 0.0448858 3 
0.0439236 0.0448839 3 
0.0439142 0.0456593 3 
0.0438724 0.0472339 3 
0.0438357 0.0477904 3 
0.0438044 0.0456403 3 
0.0438031 0.0485547 3 
0.0437974 0.0457497 3 
0.0437126 0.0460287 3 
0.0435537 0.0438424 3 
0.0435129 0.0469174 3 
0.0434838 0.047045 3 
0.0434647 0.0448049 3 
0.0434626 0.0436827 3 
0.0434424 0.0451647 3 
0.0434014 0.0441516 3 
0.043335 0.0435952 3 
0.0433288 0.04498 3 
0.0433267 0.0436827 3 
0.0432295 0.0452635 3 
0.0432225 0.0434992 3 
0.0432082 0.0442339 3 
0.0432022 0.0444593 3 
0.0431287 0.0441318 3 
0.0431198 0.0433471 3 
0.0430663 0.0431182 3 
0.043063 0.04498 3 
0.0430557 0.0471985 3 
0.0430368 0.0432956 3 
0.0429801 0.0442939 3 
0.0429637 0.0436284 3 
0.0429571 0.0431222 3 
0.042947 0.0445178 3 
0.042896 0.0444959 3 
0.0428711 0.044506 3 
0.0428189 0.0429684 3 
0.0427846 0.044301 3 
0.0427634 0.0434295 3 
0.0427546 0.048774 3 
0.0427317 0.0446267 3 
0.0427042 0.0461942 3 
0.0425998 0.0449405 3 
0.0425861 0.0443183 3 
0.0425831 0.0429122 3 
0.0425533 0.0425726 3 
0.0425462 0.0429393 3 
0.0425409 0.0462109 3 
0.0425407 0.0437979 3 
0.0425338 0.0433821 3 
0.042521 0.0430357 3 
0.042511 0.0484133 3 
0.0424988 0.0429684 3 
0.0424941 0.0427723 3 
0.0423851 0.0426042 3 
0.0423781 0.0425984 3 
0.0423379 0.0436284 3 
0.0423225 0.0429006 3 
0.0422714 0.0423314 3 
0.0422588 0.0442192 3 
0.0422545 0.0441758 3 
0.0420909 0.0422477 3 
0.0420774 0.0432341 3 
0.0420578 0.0450822 3 
0.042056 0.042104 3 
0.041996 0.0428389 3 
0.0419735 0.0428254 3 
0.0419683 0.0423709 3 
0.0419644 0.0422338 3 
0.0419474 0.0436581 3 
0.0419397 0.0421326 3 
0.0419142 0.0445553 3 
0.0418868 0.0418887 3 
0.0418826 0.0425747 3 
0.0418208 0.0451728 3 
0.0418002 0.042389 3 
0.0417822 0.0431754 3 
0.0417737 0.0426944 3 
0.0417638 0.0429571 3 
0.0417346 0.0451 3 
0.0417185 0.0419208 3 
0.0416873 0.0435637 3 
0.0416653 0.0432546 3 
0.0416559 0.0425726 3 
0.041652 0.0451425 3 
0.041634 0.0422845 3 
0.0415774 0.0416634 3 
0.0415634 0.0421728 3 
0.0415441 0.0431481 3 
0.0415271 0.043007 3 
0.0414876 0.0430357 3 
0.0413894 0.0428067 3 
0.0413832 0.0433821 3 
0.0413811 0.0425644 3 
0.0413725 0.044661 3 
0.0413388 0.0452974 3 
0.0413374 0.0456593 3 
0.0413033 0.0423649 3 
0.0412924 0.0433743 3 
0.0412902 0.04538 3 
0.0412887 0.0441758 3 
0.0412606 0.0434992 3 
0.0412599 0.044018 3 
0.0412598 0.0423588 3 
0.0412563 0.0419738 3 
0.0412378 0.0439187 3 
0.0412269 0.045943 3 
0.0412148 0.04498 3 
0.0411756 0.0413268 3 
0.0411638 0.0415284 3 
0.0411442 0.044149 3 
0.0411369 0.0411804 3 
0.0411259 0.0427166 3 
0.0411202 0.0415063 3 
0.0411074 0.044301 3 
0.0410705 0.0425824 3 
0.0410689 0.0414571 3 
0.0410647 0.0424644 3 
0.0410476 0.0425726 3 
0.041008 0.0412483 3 
0.040999 0.0428193 3 
0.0409936 0.0468203 3 
0.040983 0.04169 3 
0.0409669 0.0421909 3 
0.0409486 0.0427166 3 
0.0409456 0.0428067 3 
0.0409048 0.0428097 3 
0.0408953 0.0418014 3 
0.0408396 0.0415611 3 
0.0408298 0.0457896 3 
0.0408263 0.0416634 3 
0.0407992 0.0421781 3 
0.0407459 0.0452555 3 
0.0407192 0.0438368 3 
0.0406569 0.0413133 3 
0.0406518 0.0452244 3 
0.0406328 0.0426607 3 
0.04063 0.0428262 3 
0.0405887 0.0454541 3 
0.0405674 0.0429196 3 
0.0405499 0.0429592 3 
0.0405262 0.0424861 3 
0.0405061 0.0434658 3 
0.0405001 0.0430535 3 
0.0404955 0.0454226 3 
0.0404904 0.0430341 3 
0.0404898 0.0441709 3 
0.0404825 0.0430136 3 
0.0404795 0.0452162 3 
0.0404202 0.0429126 3 
0.0404158 0.0441251 3 
0.0404136 0.0436827 3 
0.0404083 0.0438424 3 
0.0403882 0.0428193 3 
0.0403871 0.0431551 3 
0.0403705 0.044018 3 
0.0403624 0.0429393 3 
0.0403485 0.044604 3 
0.0403202 0.0446267 3 
0.0403038 0.0430036 3 
0.0402796 0.0413822 3 
0.0402722 0.0423588 3 
0.040249 0.043542 3 
0.0402334 0.0415861 3 
0.040215 0.0428313 3 
0.04021 0.044435 3 
0.0401972 0.0404234 3 
0.0401701 0.0421086 3 
0.0401368 0.0402765 3 
0.0401039 0.0435909 3 
0.0400812 0.043507 3 
0.0400766 0.043542 3 
0.0400458 0.0409448 3 
0.040044 0.0424861 3 
0.0400157 0.0405124 3 
0.0400004 0.0436284 3 
0.0400001 0.0452235 3 
0.0399938 0.0446868 3 
0.0399866 0.0402724 3 
0.0399829 0.0421248 3 
0.0399499 0.0432268 3 
0.0399313 0.0439061 3 
0.0399167 0.0423785 3 
0.0399057 0.0405757 3 
0.039901 0.0419433 3 
0.0398146 0.0421752 3 
0.03979 0.0429684 3 
0.0397843 0.0434658 3 
0.0396549 0.042471 3 
0.0396022 0.040813 3 
0.0395953 0.0426898 3 
0.0395878 0.0434866 3 
0.0395787 0.0441251 3 
0.0395469 0.0398753 3 
0.0395418 0.0430136 3 
0.0395169 0.0423793 3 
0.039513 0.0396804 3 
0.0394965 0.043652 3 
0.0394934 0.0426706 3 
0.0394633 0.043616 3 
0.03944 0.0458183 3 
0.0393672 0.0439518 3 
0.0393512 0.0445618 3 
0.0393365 0.0428551 3 
0.039204 0.0404385 3 
0.0391754 0.0440867 3 
0.0391526 0.0395036 3 
0.039102 0.0422216 3 
0.0391016 0.0404811 3 
0.0390515 0.0437693 3 
0.0390424 0.043516 3 
0.038981 0.0418929 3 
0.0384851 0.041653 3 
0.0233764 0.0239276 4 
0.0232551 0.0233256 4 
0.0230401 0.0236001 4 
0.0228538 0.0234874 4 
0.022646 0.0231374 4 
0.0226157 0.0231601 4 
0.0226099 0.0231206 4 
0.0224995 0.0235942 4 
0.0224875 0.0227048 4 
0.0224822 0.0229568 4 
0.0223156 0.0223307 4 
0.0222991 0.0229551 4 
0.0222693 0.0232518 4 
0.0222488 0.0233458 4 
0.0221732 0.0223283 4 
0.0221546 0.0224863 4 
0.0220614 0.0230052 4 
0.0220499 0.0223035 4 
0.0220276 0.0229409 4 
0.0220178 0.0224728 4 
0.0219051 0.021956 4 
0.0218901 0.0232927 4 
0.021825 0.0225063 4 
0.0217899 0.0230859 4 
0.0217546 0.0228823 4 
0.0217509 0.0225313 4 
0.021693 0.0220935 4 
0.0216741 0.022212 4 
0.0216739 0.0218126 4 
0.0216518 0.022535 4 
0.0216205 0.0219276 4 
0.0215987 0.0217109 4 
0.0215397 0.0215829 4 
0.0214693 0.0229958 4 
0.021431 0.0214798 4 
0.02141 0.0217323 4 
0.0213949 0.0219278 4 
0.0213907 0.0214715 4 
0.021347 0.0218288 4 
0.0213377 0.0217324 4 
0.0212986 0.0226835 4 
0.0212937 0.0220265 4 
0.0212826 0.0220249 4 
0.0212692 0.0213544 4 
0.0212569 0.0234716 4 
0.0212464 0.0217323 4 
0.0212328 0.0228663 4 
0.0211825 0.0224347 4 
0.021171 0.0227971 4 
0.0211497 0.0212536 4 
0.0211383 0.0217554 4 
0.0211333 0.0217262 4 
0.0210847 0.0236031 4 
0.0210311 0.0228248 4 
0.0209833 0.0211973 4 
0.0209826 0.0219873 4 
0.0209802 0.0212188 4 
0.0209743 0.0212536 4 
0.0209668 0.0212378 4 
0.0209538 0.0212378 4 
0.0209287 0.0210633 4 
0.0209028 0.0211178 4 
0.0209022 0.0211961 4 
0.0208842 0.021133 4 
0.0208772 0.0217525 4 
0.0208767 0.0209829 4 
0.0208548 0.0238366 4 
0.0208351 0.021325 4 
0.0207059 0.0209202 4 
0.0207005 0.0222547 4 
0.0206815 0.0210678 4 
0.0206754 0.0209264 4 
0.0206544 0.0207137 4 
0.0206341 0.0220935 4 
0.0206109 0.0208081 4 
0.0205344 0.0206014 4 
0.0205158 0.021025 4 
0.0205114 0.0207753 4 
0.0204776 0.0207972 4 
0.0204382 0.021316 4 
0.0204331 0.0207061 4 
0.0204078 0.0205261 4 
0.0204069 0.0205063 4 
0.0203901 0.0209035 4 
0.0203503 0.0204954 4 
0.020336 0.0203824 4 
0.0203215 0.0206894 4 
0.0203157 0.0216482 4 
0.0203037 0.0209251 4 
0.0202967 0.0206311 4 
0.0202661 0.0204709 4 
0.0202548 0.0215905 4 
0.0202114 0.0205063 4 
0.020202 0.0215705 4 
0.0202005 0.0210727 4 
0.0201924 0.0202496 4 
0.0201886 0.0217626 4 
0.0201349 0.0206892 4 
0.0201039 0.0205322 4 
0.0200999 0.0210922 4 
0.0200962 0.0217918 4 
0.02009 0.0203939 4 
0.0200861 0.0214487 4 
0.0200795 0.0210706 4 
0.0200325 0.0206453 4 
0.0200309 0.0205262 4 
0.0200262 0.0209647 4 
0.0200209 0.0207061 4 
0.0200151 0.0201535 4 
0.019988 0.0213382 4 
0.0199809 0.0220541 4 
0.0199801 0.0201097 4 
0.0199694 0.0209202 4 
0.0199478 0.020744 4 
0.0199416 0.0206453 4 
0.0199351 0.0223461 4 
0.0199311 0.0203316 4 
0.0199197 0.0219278 4 
0.0198802 0.019977 4 
0.0198752 0.0212536 4 
0.0198749 0.0214453 4 
0.0198719 0.0217096 4 
0.0198667 0.0206789 4 
0.0198601 0.0210013 4 
0.0198463 0.0199933 4 
0.0198352 0.0200018 4 
0.0198329 0.0202173 4 
0.0198084 0.0200694 4 
0.0197996 0.0209147 4 
0.0197949 0.021132 4 
0.0197892 0.0225675 4 
0.0197819 0.0209251 4 
0.0197754 0.0209829 4 
0.0197656 0.020939 4 
0.0197637 0.0204444 4 
0.0197514 0.0219278 4 
0.0197463 0.0214873 4 
0.0197407 0.0216973 4 
0.0197326 0.020328 4 
0.0197264 0.0205643 4 
0.019698 0.0208743 4 
0.0196889 0.0207061 4 
0.0196839 0.0213268 4 
0.0196461 0.0201334 4 
0.0196266 0.0209016 4 
0.0196081 0.0214971 4 
0.0195894 0.0199512 4 
0.0195802 0.0212085 4 
0.0195799 0.0207361 4 
0.0195634 0.0203216 4 
0.0195494 0.020541 4 
0.0195461 0.0203939 4 
0.0195331 0.0198777 4 
0.0195134 0.0221275 4 
0.0194826 0.019696 4 
0.0194818 0.0209251 4 
0.0194708 0.0207427 4 
0.0194665 0.0210028 4 
0.0194302 0.0208878 4 
0.0194258 0.019954 4 
0.0194186 0.0210953 4 
0.0194186 0.0198226 4 
0.0193895 0.0207361 4 
0.0193867 0.0216036 4 
0.019376 0.0215773 4 
0.0193635 0.0203919 4 
0.0193515 0.0206735 4 
0.01935 0.0207507 4 
0.0193483 0.0210953 4 
0.0193222 0.021463 4 
0.0192864 0.0205292 4 
0.0192725 0.0207134 4 
0.0192566 0.0219177 4 
0.0192541 0.020927 4 
0.019223 0.0200962 4 
0.0192139 0.0195925 4 
0.0191559 0.021132 4 
0.0191523 0.020608 4 
0.0191379 0.0210028 4 
0.0191308 0.0216045 4 
0.0191174 0.019696 4 
0.0191059 0.019137 4 
0.0191017 0.0201097 4 
0.0191003 0.0209234 4 
0.0190905 0.0201097 4 
0.0190803 0.021032 4 
0.0190801 0.0193771 4 
0.0190726 0.0192916 4 
0.0190712 0.0210106 4 
0.0190684 0.0202801 4 
0.0190578 0.0223485 4 
0.0190576 0.0198642 4 
0.0190547 0.019696 4 
0.0190374 0.0212252 4 
0.0190131 0.0197717 4 
0.0189923 0.0214487 4 
0.0189884 0.0211863 4 
0.0189631 0.0197611 4 
0.0189603 0.0209157 4 
0.0189378 0.0208372 4 
0.0189376 0.0207321 4 
0.0189347 0.0193968 4 
0.0189306 0.0216914 4 
0.0189098 0.019247 4 
0.018898 0.0190311 4 
0.0188976 0.0200737 4 
0.0188916 0.0209147 4 
0.0188768 0.0197097 4 
0.0188579 0.0195925 4 
0.018792 0.0201334 4 
0.0187706 0.020296 4 
0.0187457 0.0211863 4 
0.0187279 0.0197246 4 
0.0187253 0.0209135 4 
0.0187074 0.0207468 4 
0.0187005 0.0201462 4 
0.0186992 0.0206556 4 
0.0186903 0.0211177 4 
0.0186487 0.0194415 4 
0.0186336 0.0206468 4 
0.0186266 0.0209161 4 
0.0186113 0.0209935 4 
0.0186104 0.0197246 4 
0.0185495 0.020969 4 
0.0185402 0.0209829 4 
0.0184969 0.0210295 4 
0.0184968 0.020361 4 
0.0184247 0.0195203 4 
0.0183967 0.0210706 4 
0.0180421 0.0199048 4 
0.0118836 0.0118863 5 
0.011534 0.0116694 5 
0.0113736 0.0113964 5 
0.01132 0.0114785 5 
0.0113094 0.011435 5 
0.0112934 0.011523 5 
0.0112915 0.0114927 5 
0.011256 0.0113466 5 
0.0112556 0.0115397 5 
0.0112456 0.0113899 5 
0.0111932 0.0117211 5 
0.0110946 0.0111271 5 
0.0110908 0.0114043 5 
0.0110571 0.0114585 5 
0.0110474 0.0110521 5 
0.0110112 0.0111138 5 
0.0110071 0.0112108 5 
0.0109114 0.0113716 5 
0.0108615 0.0109531 5 
0.0108096 0.0116492 5 
0.010785 0.0109413 5 
0.010784 0.011801 5 
0.0107807 0.0113471 5 
0.0107751 0.0110324 5 
0.0107588 0.0109617 5 
0.0107144 0.0111194 5 
0.0107 0.0110141 5 
0.0106998 0.0108746 5 
0.0106685 0.0113349 5 
0.0105823 0.0106132 5 
0.0105702 0.011136 5 
0.0105675 0.0108373 5 
0.0105566 0.0106633 5 
0.0105538 0.0105791 5 
0.0105495 0.0105679 5 
0.0105429 0.0113572 5 
0.0105156 0.0115969 5 
0.0104675 0.0105769 5 
0.0104317 0.0121229 5 
0.0104126 0.0107429 5 
0.0104097 0.0104427 5 
0.0103806 0.0106541 5 
0.0103715 0.0105039 5 
0.0103683 0.0107478 5 
0.0103672 0.0104878 5 
0.0103633 0.0107647 5 
0.0103064 0.010495 5 
0.0102984 0.010566 5 
0.0102797 0.010965 5 
0.0102512 0.0106162 5 
0.0102454 0.0102732 5 
0.0102447 0.0102818 5 
0.0102275 0.0102567 5 
0.0102116 0.0107884 5 
0.0102021 0.010354 5 
0.010199 0.010587 5 
0.0101893 0.0102597 5 
0.010166 0.0104145 5 
0.0101164 0.0106919 5 
0.0101084 0.0106333 5 
0.0101078 0.0103352 5 
0.0100908 0.0106533 5 
0.0100821 0.0106132 5 
0.0100697 0.0102659 5 
0.0100647 0.0107897 5 
0.0100507 0.0105571 5 
0.0100428 0.0107559 5 
0.0100325 0.0100345 5 
0.0100286 0.0102751 5 
0.0100275 0.0106247 5 
0.0100258 0.0101793 5 
0.0100156 0.0109413 5 
0.0100098 0.010173 5 
0.0100098 0.0101184 5 
0.0100032 0.0100499 5 
0.00999863 0.0101054 5 
0.00996819 0.00998538 5 
0.00996364 0.0102796 5 
0.00995729 0.0106533 5 
0.00995541 0.010442 5 
0.00995456 0.0101724 5 
0.0099492 0.0106599 5 
0.00994272 0.0105063 5 
0.00992801 0.00998208 5 
0.00992487 0.0102288 5 
0.0099248 0.0105679 5 
0.00991835 0.0111836 5 
0.00991817 0.0106278 5 
0.00991435 0.0110995 5 
0.00990712 0.0100587 5 
0.00989081 0.0102041 5 
0.00988971 0.0107255 5 
0.00988396 0.0100048 5 
0.00987571 0.0103182 5 
0.00986697 0.0113284 5 
0.00986378 0.00996034 5 
0.00985782 0.00991627 5 
0.00983984 0.0101793 5 
0.00982988 0.0101579 5 
0.00982697 0.0103929 5 
0.00982546 0.00995803 5 
0.00982262 0.0106403 5 
0.00982009 0.0100503 5 
0.00980922 0.0104616 5 
0.0097929 0.0103542 5 
0.00978425 0.0109629 5 
0.00977892 0.0103391 5 
0.00977094 0.0100204 5 
0.00976332 0.0106435 5 
0.00975794 0.00994322 5 
0.00974653 0.0105043 5 
0.00974304 0.0106715 5 
0.00973741 0.0105571 5 
0.00973309 0.0108703 5 
0.00973184 0.0106403 5 
0.00971994 0.00999909 5 
0.00970716 0.00993941 5 
0.00970173 0.00987103 5 
0.00969725 0.0101793 5 
0.00969044 0.0106719 5 
0.00968844 0.0102466 5 
0.00968301 0.00983823 5 
0.00967472 0.00993656 5 
0.00965532 0.0103777 5 
0.00965313 0.0100235 5 
0.00965246 0.0102577 5 
0.00964048 0.0102796 5 
0.00964011 0.0104579 5 
0.00962796 0.0101896 5 
0.00962518 0.0104884 5 
0.00962019 0.0108764 5 
0.009616 0.0104446 5 
0.00961212 0.00993564 5 
0.00959605 0.00991354 5 
0.00959314 0.0100133 5 
0.00956368 0.0102319 5 
0.00956339 0.0103608 5 
0.00954314 0.0106457 5 
0.00952981 0.00998871 5 
0.00952744 0.00988744 5 
0.00952102 0.0100235 5 
0.00948939 0.0102466 5 
0.00948219 0.0105813 5 
0.00948114 0.00957812 5 
0.00947388 0.0104353 5 
0.00945525 0.0108176 5 
0.00942432 0.0101896 5 
0.00940674 0.00955973 5 
0.00939253 0.0109684 5 
0.00938826 0.0104659 5 
0.00938173 0.00954351 5 
0.00937267 0.0105599 5 
0.0093712 0.00947409 5 
0.00936912 0.00952954 5 
0.00936844 0.0102663 5 
0.00936774 0.00961755 5 
0.0093624 0.0100006 5 
0.00935803 0.0102445 5 
0.00934776 0.00979435 5 
0.0093265 0.0102789 5 
0.00932495 0.0105851 5 
0.00929802 0.0105956 5 
0.00929435 0.0102577 5 
0.00929416 0.010019 5 
0.00928394 0.0102686 5 
0.00927611 0.0103818 5 
0.0092744 0.00940806 5 
0.0092631 0.00938771 5 
0.00925892 0.00951598 5 
0.00925738 0.00993523 5 
0.00924409 0.0100969 5 
0.00924348 0.0102176 5 
0.00923887 0.0103967 5 
0.00923742 0.0095874 5 
0.00922392 0.00948815 5 
0.00920559 0.00981336 5 
0.00920021 0.00969823 5 
0.0091998 0.0103614 5 
0.00918679 0.00964387 5 
0.00918629 0.00987831 5 
0.00918277 0.0102466 5 
0.00917869 0.0100345 5 
0.00915885 0.00941563 5 
0.00914402 0.00993656 5 
0.0091431 0.0104321 5 
0.00913137 0.0109793 5 
0.009131 0.0101489 5 
0.00909823 0.010347 5 
0.00909335 0.0102288 5 
0.0090926 0.0101105 5 
0.00908804 0.0102274 5 
0.00908602 0.010224 5 
0.00908126 0.0102751 5 
0.00907932 0.0103047 5 
0.00907007 0.0102274 5 
0.00903381 0.00938771 5 
0.0089815 0.00961702 5 
0.00897232 0.0102679 5 
0.00874718 0.00979797 5 
0.00586246 0.00603435 6 
0.00577688 0.00582398 6 
0.00574223 0.00582472 6 
0.00573236 0.0058126 6 
0.00573226 0.00587212 6 
0.00573186 0.00581384 6 
0.00570564 0.00575659 6 
0.00566305 0.00572507 6 
0.00564818 0.00597304 6 
0.00562818 0.00615538 6 
0.00561398 0.00563666 6 
0.00559534 0.00575551 6 
0.0055515 0.00568056 6 
0.00552774 0.00568928 6 
0.00552248 0.00584171 6 
0.00547439 0.00550236 6 
0.00543881 0.00554354 6 
0.00543127 0.00556707 6 
0.00536746 0.00539885 6 
0.00535184 0.00551422 6 
0.00534625 0.00537302 6 
0.00533536 0.00575602 6 
0.00532977 0.00555934 6 
0.00532434 0.00543815 6 
0.00531584 0.0062605 6 
0.00528457 0.00541562 6 
0.00528145 0.00530834 6 
0.00527501 0.0054369 6 
0.00527408 0.00583674 6 
0.00527074 0.00527628 6 
0.00524911 0.00545449 6 
0.00524828 0.0053348 6 
0.00524507 0.00548678 6 
0.00523515 0.00527971 6 
0.00523395 0.00524407 6 
0.00522107 0.00541044 6 
0.00520662 0.00548818 6 
0.00520497 0.00530119 6 
0.0051836 0.00581798 6 
0.00517219 0.00532056 6 
0.00516703 0.00547577 6 
0.00516583 0.00535012 6 
0.00516428 0.0052546 6 
0.00516123 0.00531131 6 
0.00515424 0.00522576 6 
0.00515399 0.0053308 6 
0.00512914 0.00530136 6 
0.00512571 0.00521089 6 
0.00512246 0.00512261 6 
0.00512196 0.0053655 6 
0.00511494 0.00552061 6 
0.0051113 0.00521461 6 
0.00509959 0.00511344 6 
0.00509638 0.00512138 6 
0.0050924 0.00540615 6 
0.00509083 0.00519847 6 
0.00508842 0.00521875 6 
0.00508417 0.00530601 6 
0.00508031 0.00535473 6 
0.00508005 0.00509957 6 
0.00507488 0.00527186 6 
0.00506947 0.00539989 6 
0.00506271 0.00520254 6 
0.00505436 0.00568928 6 
0.00504969 0.00512024 6 
0.0050488 0.00505649 6 
0.00504233 0.00513439 6 
0.00503647 0.00530601 6 
0.0050364 0.00509215 6 
0.00503224 0.00528121 6 
0.00503189 0.00566504 6 
0.00502566 0.00520823 6 
0.00502082 0.00536659 6 
0.00501884 0.00516732 6 
0.00501569 0.00556453 6 
0.00501469 0.00536659 6 
0.00500769 0.00513372 6 
0.00500735 0.00504777 6 
0.00500224 0.00501459 6 
0.00499758 0.00533889 6 
0.00499256 0.00512919 6 
0.00499164 0.00509796 6 
0.00498615 0.0054827 6 
0.00498292 0.00530454 6 
0.00498206 0.00505916 6 
0.00496947 0.00497422 6 
0.00496813 0.00511834 6 
0.00496735 0.00538024 6 
0.00496306 0.00521875 6 
0.00495612 0.00516007 6 
0.00495393 0.00541953 6 
0.00494955 0.00511044 6 
0.00493716 0.00505916 6 
0.00493515 0.00558218 6 
0.00492991 0.00508921 6 
0.00492692 0.00493305 6 
0.00492235 0.0049387 6 
0.00491704 0.00528121 6 
0.00491181 0.00496612 6 
0.00490857 0.00555925 6 
0.00490821 0.00563791 6 
0.00490233 0.0051379 6 
0.00490081 0.00525064 6 
0.00489946 0.00538806 6 
0.00489626 0.00500481 6 
0.00489129 0.00491575 6 
0.00488649 0.00503433 6 
0.00487389 0.00521787 6 
0.00487195 0.00498556 6 
0.00486879 0.00515771 6 
0.00486812 0.00495494 6 
0.00485199 0.00515925 6 
0.00484594 0.00531599 6 
0.0048457 0.00502186 6 
0.00483751 0.00535916 6 
0.00483577 0.00508921 6 
0.00483395 0.00499136 6 
0.00483345 0.00520988 6 
0.00482873 0.00524861 6 
0.00482538 0.00487079 6 
0.00482234 0.00518503 6 
0.00480905 0.00508349 6 
0.00480107 0.00512024 6 
0.00479561 0.00520442 6 
0.00479106 0.00542562 6 
0.00478763 0.00504427 6 
0.00478574 0.00523199 6 
0.00477166 0.00495494 6 
0.00477113 0.00500433 6 
0.00476884 0.00513491 6 
0.00476479 0.00532617 6 
0.0047632 0.00550216 6 
0.00475983 0.00485936 6 
0.00474799 0.0051283 6 
0.00474363 0.00516326 6 
0.00472212 0.00507529 6 
0.00471922 0.00512024 6 
0.00471731 0.00518614 6 
0.00471689 0.00479901 6 
0.00471101 0.00516364 6 
0.0047106 0.00487708 6 
0.00470951 0.00521056 6 
0.00470226 0.00538097 6 
0.0046944 0.00501108 6 
0.00468989 0.00540746 6 
0.00468962 0.00501388 6 
0.00468838 0.00531108 6 
0.00467106 0.00470017 6 
0.00467031 0.00492431 6 
0.0046652 0.00519683 6 
0.0046598 0.00478294 6 
0.00465948 0.00479694 6 
0.00465405 0.00467427 6 
0.00463389 0.00518072 6 
0.00462232 0.00506686 6 
0.00462109 0.00518503 6 
0.0046104 0.00461188 6 
0.00460847 0.00515735 6 
0.00460745 0.00510781 6 
0.00460684 0.00508349 6 
0.00458903 0.00522464 6 
0.00458326 0.00492657 6 
0.00458102 0.00521787 6 
0.00458027 0.00496968 6 
0.00457937 0.00523894 6 
0.00457667 0.00488746 6 
0.0045757 0.00565971 6 
0.00456366 0.00500794 6 
0.00455951 0.00508173 6 
0.00455819 0.00457831 6 
0.0045534 0.00538894 6 
0.00455168 0.00509215 6 
0.00453622 0.00496111 6 
0.00452318 0.00495253 6 
0.0045208 0.00508185 6 
0.00449186 0.00514744 6 
0.00448945 0.00515816 6 
0.00448693 0.00464019 6 
0.00448484 0.00488868 6 
0.00447862 0.00476352 6 
0.00446157 0.00519772 6 
0.00439366 0.00493176 6 
0.00306676 0.00309208 7 
0.00302058 0.00302904 7 
0.00301587 0.00306383 7 
0.00301058 0.00304859 7 
0.00300591 0.00301679 7 
0.00300302 0.00308351 7 
0.00299477 0.00304563 7 
0.0029782 0.00317703 7 
0.00295414 0.00297176 7 
0.00293541 0.00296993 7 
0.00290063 0.00309447 7 
0.00289674 0.00289976 7 
0.00286819 0.00299861 7 
0.00283994 0.00284184 7 
0.0027864 0.00321819 7 
0.00277508 0.00281303 7 
0.00277208 0.00294549 7 
0.00276438 0.00304919 7 
0.00273965 0.00277406 7 
0.00273231 0.00295283 7 
0.00272919 0.00286236 7 
0.00272682 0.00282998 7 
0.00272043 0.00282029 7 
0.00271967 0.00272435 7 
0.00271912 0.00272789 7 
0.00271691 0.0028576 7 
0.00271335 0.00274662 7 
0.00271031 0.00277034 7 
0.00270616 0.00275526 7 
0.00269629 0.00280062 7 
0.00269137 0.00281945 7 
0.00268519 0.00279983 7 
0.00268267 0.00270104 7 
0.00267987 0.00271728 7 
0.00267388 0.0027727 7 
0.00267334 0.0029828 7 
0.00267286 0.00268958 7 
0.00267187 0.00271465 7 
0.00266777 0.00281375 7 
0.00266332 0.00280361 7 
0.00265616 0.00267998 7 
0.00265368 0.00272004 7 
0.00265141 0.00268573 7 
0.00264998 0.00271389 7 
0.00264718 0.0026879 7 
0.0026405 0.0028311 7 
0.00263766 0.00272921 7 
0.00263641 0.00265749 7 
0.00263353 0.00271465 7 
0.00263293 0.00269598 7 
0.00263222 0.00268439 7 
0.00261938 0.00262775 7 
0.0026104 0.00285443 7 
0.00260679 0.00275375 7 
0.00260436 0.0026229 7 
0.00260351 0.00268169 7 
0.00259879 0.00260451 7 
0.00259756 0.00275375 7 
0.00259705 0.00275838 7 
0.00259437 0.00271954 7 
0.00259063 0.00286488 7 
0.00258712 0.00268169 7 
0.00258632 0.00260877 7 
0.00258395 0.00293909 7 
0.00258138 0.00260881 7 
0.00257996 0.00262992 7 
0.00257745 0.0025863 7 
0.00257613 0.00274843 7 
0.00257588 0.00269721 7 
0.00257539 0.00268569 7 
0.00257409 0.00285629 7 
0.00256449 0.00273166 7 
0.00256371 0.00260532 7 
0.00256173 0.00260774 7 
0.00256165 0.0027619 7 
0.00255956 0.00284542 7 
0.00255471 0.00265639 7 
0.00255145 0.00286874 7 
0.00255089 0.00262153 7 
0.00254974 0.00258035 7 
0.00254865 0.00258744 7 
0.00254673 0.00268739 7 
0.00254584 0.00275117 7 
0.00254394 0.00265574 7 
0.00254235 0.00263712 7 
0.00254141 0.00256521 7 
0.00253475 0.00254288 7 
0.00252993 0.00284489 7 
0.00252992 0.00256839 7 
0.00252524 0.00266627 7 
0.00251413 0.00252519 7 
0.00251391 0.00255678 7 
0.00251378 0.00286618 7 
0.00251305 0.00266627 7 
0.00251177 0.00261026 7 
0.00250975 0.00268289 7 
0.00250844 0.00252873 7 
0.00250667 0.00277266 7 
0.0025053 0.00254051 7 
0.00249999 0.00253771 7 
0.00249695 0.00251237 7 
0.00249459 0.00252995 7 
0.00248848 0.00254749 7 
0.00248702 0.00249082 7 
0.002484 0.00270609 7 
0.00248137 0.00257975 7 
0.00247936 0.00250703 7 
0.00247901 0.00263526 7 
0.0024766 0.00248205 7 
0.00247593 0.00249522 7 
0.00247355 0.00264197 7 
0.00247127 0.00281381 7 
0.00246862 0.00271512 7 
0.00246442 0.00256839 7 
0.00245967 0.00250137 7 
0.00245966 0.00258552 7 
0.00245716 0.00251873 7 
0.00245664 0.00265452 7 
0.00245243 0.00269065 7 
0.00244863 0.00276914 7 
0.00244815 0.0026216 7 
0.0024467 0.00256783 7 
0.00244482 0.00250137 7 
0.00244383 0.00256351 7 
0.00242875 0.00267798 7 
0.00242783 0.00264442 7 
0.00242514 0.00263526 7 
0.00242296 0.00265279 7 
0.00242191 0.002671 7 
0.00242029 0.00261356 7 
0.00241688 0.00244362 7 
0.00241652 0.00262775 7 
0.00241478 0.00254691 7 
0.00241152 0.00245026 7 
0.00240631 0.00259667 7 
0.00240557 0.00276629 7 
0.00239976 0.00247235 7 
0.00239695 0.00268763 7 
0.00239171 0.00257724 7 
0.00239165 0.00266538 7 
0.00238741 0.00259944 7 
0.00238581 0.00254815 7 
0.00238482 0.00260723 7 
0.00238302 0.00254472 7 
0.00237557 0.00295578 7 
0.00236368 0.00238147 7 
0.00236145 0.00264442 7 
0.00235853 0.0027255 7 
0.00235675 0.00262543 7 
0.00235635 0.00250703 7 
0.00235605 0.00266627 7 
0.00235439 0.00260877 7 
0.00234775 0.00256006 7 
0.00234775 0.00266792 7 
0.00234722 0.0027122 7 
0.00234289 0.00261067 7 
0.00232785 0.0024845 7 
0.00231778 0.00251507 7 
0.00231472 0.00252007 7 
0.00231059 0.00257696 7 
0.00230646 0.00254881 7 
0.00229986 0.00261026 7 
0.00229413 0.00256841 7 
0.00228697 0.00253286 7 
0.00228692 0.00274652 7 
0.00228421 0.00246228 7 
0.00228045 0.00252847 7 
0.00226871 0.00231811 7 
0.00226656 0.00253756 7 
0.00225917 0.00252577 7 
0.00223902 0.00265462 7 
0.00223401 0.00260881 7 
0.00159384 0.0016059 8 
0.00159163 0.00165183 8 
0.00157277 0.00158404 8 
0.00154049 0.0016255 8 
0.00150283 0.00158547 8 
0.00148949 0.00171515 8 
0.00148614 0.00157395 8 
0.00146073 0.00161468 8 
0.00145211 0.00147053 8 
0.00144583 0.00146905 8 
0.00142873 0.00143784 8 
0.00142844 0.00143971 8 
0.00141645 0.00143058 8 
0.00141429 0.00145469 8 
0.00141318 0.00150027 8 
0.00141262 0.00146967 8 
0.00141234 0.00152827 8 
0.00140618 0.00146682 8 
0.00140241 0.00144667 8 
0.00140149 0.00141977 8 
0.00140092 0.00143773 8 
0.00140071 0.0014237 8 
0.00139726 0.00145382 8 
0.00139012 0.00142779 8 
0.00138861 0.00147751 8 
0.00138718 0.00138793 8 
0.00138515 0.00141528 8 
0.00137669 0.00147365 8 
0.00137449 0.00137502 8 
0.00137248 0.001453 8 
0.00137235 0.00137985 8 
0.00136975 0.00141942 8 
0.00136659 0.00154391 8 
0.00136602 0.00136869 8 
0.00136455 0.00136869 8 
0.00136366 0.00151356 8 
0.00136215 0.00140022 8 
0.00136132 0.00139623 8 
0.00135957 0.0014865 8 
0.00135481 0.00143209 8 
0.00135427 0.00139165 8 
0.00135258 0.00135564 8 
0.0013518 0.00138813 8 
0.00135148 0.00138179 8 
0.00135109 0.00137154 8 
0.00135027 0.00143742 8 
0.00134844 0.00136158 8 
0.00134567 0.00149242 8 
0.00134518 0.00135629 8 
0.00134491 0.00137154 8 
0.00134375 0.00141909 8 
0.00134262 0.00144712 8 
0.00134091 0.00143812 8 
0.0013403 0.00144898 8 
0.00133975 0.00141785 8 
0.00133683 0.00152476 8 
0.00133551 0.00146733 8 
0.00133471 0.0013394 8 
0.00133444 0.00150551 8 
0.00133399 0.00135832 8 
0.00133145 0.0013826 8 
0.00133049 0.00137574 8 
0.00132424 0.00141402 8 
0.00132281 0.00135099 8 
0.00132242 0.00132845 8 
0.0013208 0.00133694 8 
0.00131902 0.00135061 8 
0.0013164 0.00140774 8 
0.00131392 0.00145384 8 
0.00131249 0.00137911 8 
0.00131241 0.0013691 8 
0.00131055 0.00142051 8 
0.0013071 0.00133382 8 
0.00130706 0.00137911 8 
0.00130564 0.00146311 8 
0.00130523 0.00147702 8 
0.0013036 0.00132131 8 
0.00130302 0.00135897 8 
0.001302 0.00132113 8 
0.00129575 0.00131229 8 
0.00129497 0.0013326 8 
0.00129314 0.0013869 8 
0.00128894 0.00130939 8 
0.00128873 0.00132553 8 
0.00128808 0.0013326 8 
0.00128138 0.00131439 8 
0.00128116 0.00129589 8 
0.00128054 0.0014337 8 
0.00127944 0.00135371 8 
0.0012753 0.00136158 8 
0.00127491 0.00130768 8 
0.0012747 0.0013754 8 
0.00127285 0.00131257 8 
0.00127219 0.00129675 8 
0.00126871 0.00127324 8 
0.00126806 0.00128243 8 
0.00126747 0.00143142 8 
0.00126649 0.00135371 8 
0.00126605 0.00127116 8 
0.00126533 0.00127307 8 
0.00126455 0.00132166 8 
0.00126446 0.00134998 8 
0.00125856 0.00133772 8 
0.00125696 0.00129675 8 
0.00125667 0.00133003 8 
0.00125662 0.00136933 8 
0.00125478 0.00127751 8 
0.00125378 0.00155884 8 
0.0012532 0.0013838 8 
0.00125088 0.00133281 8 
0.00124969 0.00136961 8 
0.00124914 0.00126556 8 
0.00123901 0.00137345 8 
0.00123832 0.00136994 8 
0.00123793 0.00134649 8 
0.00123579 0.00138089 8 
0.00123575 0.0013799 8 
0.00123467 0.00143473 8 
0.00123439 0.00138219 8 
0.00123256 0.0013691 8 
0.00122911 0.00130912 8 
0.00122419 0.00130403 8 
0.00122244 0.00143671 8 
0.00122233 0.00128204 8 
0.00122132 0.00135897 8 
0.00121767 0.00123748 8 
0.00121672 0.00131327 8 
0.00121396 0.00135434 8 
0.00121286 0.00132959 8 
0.00120997 0.00133382 8 
0.00120896 0.00131595 8 
0.00120836 0.00131758 8 
0.00120663 0.00140037 8 
0.00120525 0.00125971 8 
0.00119602 0.00122569 8 
0.00118986 0.00128439 8 
0.00118932 0.00141757 8 
0.0011829 0.00129466 8 
0.00118289 0.00132131 8 
0.00118168 0.00130788 8 
0.00118081 0.00133091 8 
0.00118054 0.00133783 8 
0.0011756 0.00129278 8 
0.00117416 0.00127307 8 
0.00117184 0.00133779 8 
0.00117128 0.00135026 8 
0.00116602 0.00127062 8 
0.00116349 0.00117523 8 
0.00114225 0.00137197 8 
0.00114201 0.00137911 8 
0.000857003 0.000863755 9 
0.000850271 0.000852066 9 
0.00083052 0.00083682 9 
0.00082538 0.000847711 9 
0.000804364 0.000913889 9 
0.000795798 0.000821976 9 
0.000793879 0.000829912 9 
0.000778771 0.000860699 9 
0.000757429 0.000765607 9 
0.000745702 0.000753636 9 
0.000741065 0.000775615 9 
0.000740768 0.000744213 9 
0.000740004 0.000768234 9 
0.000736142 0.000769447 9 
0.000735655 0.000796315 9 
0.000735014 0.000739907 9 
0.000734897 0.000745212 9 
0.000731405 0.000774843 9 
0.000731307 0.000746115 9 
0.000729458 0.000746138 9 
0.000729039 0.000746179 9 
0.000728943 0.00077448 9 
0.000728823 0.000754719 9 
0.000725183 0.000776264 9 
0.000724892 0.000726224 9 
0.000723232 0.00077649 9 
0.000721752 0.000761782 9 
0.000718 0.000781109 9 
0.000717112 0.000732646 9 
0.000715513 0.000716351 9 
0.000714378 0.000825226 9 
0.000713689 0.000752733 9 
0.000710685 0.000764942 9 
0.000708654 0.000715983 9 
0.000707526 0.00075806 9 
0.000706767 0.000767816 9 
0.000706543 0.00073429 9 
0.000706231 0.00071349 9 
0.000705823 0.000708493 9 
0.000704575 0.000739907 9 
0.000704517 0.000704828 9 
0.000703435 0.000807782 9 
0.00070267 0.000785718 9 
0.000701149 0.000720077 9 
0.000700664 0.000743295 9 
0.000699998 0.000711032 9 
0.000699779 0.000771709 9 
0.000698793 0.000760044 9 
0.00069801 0.000720034 9 
0.000697828 0.000734856 9 
0.000696972 0.000715045 9 
0.000694921 0.000774896 9 
0.00069492 0.000701347 9 
0.000694768 0.000703082 9 
0.000692723 0.000706286 9 
0.000692196 0.000720034 9 
0.000689729 0.00074312 9 
0.000689413 0.000711219 9 
0.000689086 0.000746522 9 
0.000686184 0.000715722 9 
0.000685679 0.000769873 9 
0.000684543 0.000706045 9 
0.000683941 0.000716516 9 
0.000683501 0.000684219 9 
0.000683097 0.000683993 9 
0.000682399 0.000704328 9 
0.000681398 0.000698602 9 
0.000680254 0.000725811 9 
0.000680121 0.000715115 9 
0.000680016 0.00068967 9 
0.000679058 0.000751089 9 
0.000676895 0.000677881 9 
0.000675535 0.000772381 9 
0.000674941 0.000696612 9 
0.000674559 0.000687985 9 
0.000674393 0.000682104 9 
0.000672748 0.000683129 9 
0.000670207 0.000812698 9 
0.00066893 0.000689304 9 
0.000668778 0.000702558 9 
0.000668458 0.000702558 9 
0.000666944 0.000673574 9 
0.000665947 0.000674597 9 
0.000664419 0.000673574 9 
0.000664409 0.000712482 9 
0.000662443 0.000703818 9 
0.000662348 0.00067211 9 
0.000661844 0.00071349 9 
0.000661186 0.000687527 9 
0.000661163 0.000705175 9 
0.000661104 0.000717411 9 
0.00066018 0.000703818 9 
0.000658715 0.000728538 9 
0.000657648 0.000716298 9 
0.000656164 0.000681159 9 
0.000655514 0.000666496 9 
0.000654891 0.000702752 9 
0.000654666 0.000762023 9 
0.000654539 0.000665048 9 
0.000653946 0.000659566 9 
0.000653315 0.000716438 9 
0.000652489 0.000720034 9 
0.000652361 0.000657938 9 
0.00065155 0.000721771 9 
0.000650258 0.000679325 9 
0.000649221 0.000709372 9 
0.000646945 0.000699432 9 
0.000645312 0.000654964 9 
0.000639291 0.000748 9 
0.000636011 0.000729956 9 
0.00063559 0.000710188 9 
0.00063437 0.00067354 9 
0.000632619 0.000716516 9 
0.000631692 0.000684481 9 
0.000631536 0.000646569 9 
0.000630098 0.000728538 9 
0.000628492 0.000674406 9 
0.000628368 0.00070082 9 
0.000626978 0.000739313 9 
0.000626303 0.000677881 9 
0.00062006 0.000657338 9 
0.000619694 0.000670075 9 
0.000619295 0.000681803 9 
0.000618044 0.000680267 9 
0.000617942 0.000640146 9 
0.000617525 0.000661527 9 
0.000613033 0.000638062 9 
0.000612411 0.000667239 9 
0.000612336 0.000690018 9 
0.000609253 0.000700345 9 
0.000608821 0.00069741 9 
0.000606222 0.000641686 9 
0.000604215 0.000698491 9 
0.000604105 0.000720034 9 
0.000593024 0.000641972 9 
0.000592425 0.000722237 9 
0.000590354 0.000724096 9 
