0.523679 0.538609 0 
0.522414 0.539133 0 
0.522121 0.539298 0 
0.521973 0.541939 0 
0.521836 0.539043 0 
0.521823 0.539975 0 
0.521814 0.538389 0 
0.52164 0.541999 0 
0.521422 0.54198 0 
0.52138 0.542783 0 
0.521227 0.54077 0 
0.521202 0.540974 0 
0.521167 0.540659 0 
0.521146 0.542763 0 
0.520878 0.544301 0 
0.520809 0.542368 0 
0.520629 0.545637 0 
0.520568 0.544154 0 
0.520474 0.536889 0 
0.520355 0.538998 0 
0.520295 0.541941 0 
0.520242 0.541143 0 
0.520236 0.539298 0 
0.520208 0.539743 0 
0.520184 0.540104 0 
0.520086 0.542734 0 
0.520069 0.54086 0 
0.520063 0.520338 0 
0.519871 0.536889 0 
0.519859 0.539856 0 
0.519831 0.536889 0 
0.519821 0.544162 0 
0.51977 0.543716 0 
0.519694 0.542274 0 
0.519661 0.54077 0 
0.519649 0.542032 0 
0.519603 0.53767 0 
0.519593 0.540759 0 
0.519591 0.540104 0 
0.519547 0.539967 0 
0.519463 0.539967 0 
0.519436 0.540988 0 
0.519431 0.539611 0 
0.519415 0.544152 0 
0.519304 0.540218 0 
0.519252 0.539389 0 
0.519133 0.540331 0 
0.519114 0.539495 0 
0.519034 0.540739 0 
0.518991 0.543987 0 
0.518926 0.539226 0 
0.518843 0.520373 0 
0.51882 0.542976 0 
0.518779 0.538135 0 
0.518763 0.543003 0 
0.518754 0.538378 0 
0.518753 0.542959 0 
0.518749 0.540399 0 
0.518727 0.541602 0 
0.518646 0.542897 0 
0.518634 0.54063 0 
0.518633 0.54063 0 
0.518613 0.520525 0 
0.518601 0.539083 0 
0.518594 0.51907 0 
0.518582 0.542032 0 
0.518496 0.541184 0 
0.518496 0.539167 0 
0.518423 0.542552 0 
0.518376 0.542593 0 
0.518375 0.54292 0 
0.518272 0.518614 0 
0.518268 0.518401 0 
0.518261 0.544617 0 
0.518255 0.543022 0 
0.518243 0.51978 0 
0.518184 0.539611 0 
0.518125 0.520525 0 
0.518087 0.543139 0 
0.518021 0.538135 0 
0.517978 0.519577 0 
0.517938 0.540988 0 
0.517905 0.542368 0 
0.517865 0.542975 0 
0.517847 0.541721 0 
0.517835 0.543093 0 
0.517828 0.541065 0 
0.517819 0.541413 0 
0.51779 0.538389 0 
0.517745 0.51826 0 
0.51771 0.517856 0 
0.517659 0.542192 0 
0.517565 0.543576 0 
0.517518 0.542768 0 
0.517447 0.51826 0 
0.517442 0.517823 0 
0.517439 0.517463 0 
0.517435 0.544631 0 
0.517387 0.54171 0 
0.517367 0.5421 0 
0.517333 0.54284 0 
0.51731 0.54385 0 
0.517309 0.542552 0 
0.517286 0.521122 0 
0.517208 0.541114 0 
0.517194 0.538135 0 
0.517189 0.539544 0 
0.517173 0.542358 0 
0.517141 0.517353 0 
0.517067 0.54063 0 
0.517065 0.517174 0 
0.517053 0.536889 0 
0.517032 0.54287 0 
0.516985 0.518627 0 
0.516971 0.53767 0 
0.516959 0.539495 0 
0.516936 0.517762 0 
0.516904 0.517178 0 
0.516831 0.517528 0 
0.51682 0.54385 0 
0.51682 0.518129 0 
0.516807 0.539167 0 
0.516797 0.541664 0 
0.516792 0.541479 0 
0.516736 0.546972 0 
0.51664 0.517217 0 
0.516624 0.541114 0 
0.51659 0.518181 0 
0.516553 0.519781 0 
0.516513 0.541723 0 
0.516473 0.517492 0 
0.516468 0.539975 0 
0.516446 0.51684 0 
0.516442 0.541309 0 
0.516403 0.519239 0 
0.516381 0.539216 0 
0.516371 0.539743 0 
0.516356 0.544162 0 
0.516355 0.538484 0 
0.516334 0.518822 0 
0.51633 0.516904 0 
0.516329 0.542854 0 
0.516251 0.542042 0 
0.516242 0.516392 0 
0.516215 0.517858 0 
0.516208 0.518684 0 
0.516186 0.517702 0 
0.516136 0.517014 0 
0.516123 0.539975 0 
0.516122 0.545335 0 
0.51611 0.539167 0 
0.516107 0.518644 0 
0.516107 0.519188 0 
0.516093 0.51664 0 
0.516055 0.517823 0 
0.516044 0.540988 0 
0.516019 0.518582 0 
0.516002 0.542394 0 
0.515998 0.52026 0 
0.515976 0.541229 0 
0.515968 0.542959 0 
0.51593 0.518413 0 
0.515929 0.518139 0 
0.515923 0.541791 0 
0.515916 0.516286 0 
0.515915 0.517718 0 
0.515904 0.542887 0 
0.515884 0.517222 0 
0.515873 0.538484 0 
0.515839 0.516084 0 
0.515821 0.539167 0 
0.515783 0.51637 0 
0.515777 0.545231 0 
0.515774 0.539216 0 
0.515759 0.51978 0 
0.515742 0.516623 0 
0.51574 0.541184 0 
0.515698 0.540691 0 
0.515673 0.541229 0 
0.515629 0.516103 0 
0.515608 0.517069 0 
0.515571 0.517371 0 
0.515539 0.517782 0 
0.515506 0.517808 0 
0.515495 0.519317 0 
0.515493 0.515735 0 
0.515488 0.540538 0 
0.515486 0.515908 0 
0.51548 0.540811 0 
0.515461 0.516308 0 
0.515456 0.517762 0 
0.515449 0.542191 0 
0.515431 0.518582 0 
0.515398 0.542436 0 
0.515386 0.539133 0 
0.515382 0.518657 0 
0.515375 0.51638 0 
0.515348 0.518761 0 
0.515324 0.53949 0 
0.515323 0.517962 0 
0.51531 0.543238 0 
0.515309 0.518627 0 
0.5153 0.517815 0 
0.51528 0.51546 0 
0.51528 0.543093 0 
0.515279 0.541679 0 
0.515265 0.516571 0 
0.515238 0.543846 0 
0.51522 0.541413 0 
0.515215 0.517798 0 
0.515214 0.52082 0 
0.515208 0.538135 0 
0.515199 0.53767 0 
0.515193 0.544319 0 
0.51518 0.516466 0 
0.515168 0.515679 0 
0.515156 0.518022 0 
0.515133 0.546294 0 
0.515125 0.516494 0 
0.515123 0.543687 0 
0.51512 0.538837 0 
0.515109 0.542887 0 
0.515088 0.519317 0 
0.515068 0.544301 0 
0.515032 0.516992 0 
0.515001 0.540182 0 
0.514986 0.53767 0 
0.514965 0.541309 0 
0.514954 0.542959 0 
0.514938 0.539133 0 
0.514936 0.542745 0 
0.514917 0.516383 0 
0.514877 0.517905 0 
0.514874 0.518555 0 
0.51483 0.517815 0 
0.514817 0.538484 0 
0.51479 0.539743 0 
0.514789 0.541413 0 
0.514785 0.540569 0 
0.514778 0.51907 0 
0.514776 0.539167 0 
0.514772 0.540361 0 
0.514743 0.516648 0 
0.51473 0.516834 0 
0.514728 0.515364 0 
0.514716 0.541888 0 
0.514678 0.540811 0 
0.514656 0.519856 0 
0.514613 0.51684 0 
0.514595 0.540902 0 
0.514539 0.518535 0 
0.514492 0.539495 0 
0.514453 0.538484 0 
0.514447 0.514908 0 
0.514411 0.536889 0 
0.514356 0.541229 0 
0.514328 0.519294 0 
0.514315 0.542354 0 
0.514249 0.517093 0 
0.514228 0.544266 0 
0.514191 0.54233 0 
0.514177 0.543495 0 
0.514114 0.520076 0 
0.514082 0.542768 0 
0.514072 0.543837 0 
0.51407 0.540528 0 
0.514061 0.538389 0 
0.514054 0.538378 0 
0.514027 0.540233 0 
0.514015 0.517956 0 
0.514006 0.518442 0 
0.513998 0.541557 0 
0.513988 0.539743 0 
0.513985 0.518663 0 
0.513971 0.538389 0 
0.513954 0.54075 0 
0.513948 0.543495 0 
0.513943 0.518406 0 
0.513933 0.52098 0 
0.513919 0.54511 0 
0.513875 0.538389 0 
0.513829 0.517936 0 
0.513812 0.543687 0 
0.513811 0.519577 0 
0.513783 0.543268 0 
0.513777 0.513806 0 
0.51376 0.542365 0 
0.513758 0.544304 0 
0.513671 0.538517 0 
0.513611 0.538837 0 
0.513611 0.519391 0 
0.513595 0.53949 0 
0.513537 0.538517 0 
0.513452 0.544106 0 
0.513422 0.539967 0 
0.513409 0.538135 0 
0.513396 0.517689 0 
0.513395 0.538517 0 
0.513321 0.539083 0 
0.513306 0.540218 0 
0.51329 0.541941 0 
0.513283 0.539766 0 
0.513266 0.515648 0 
0.513262 0.546277 0 
0.513233 0.539389 0 
0.51323 0.54063 0 
0.51321 0.539083 0 
0.513205 0.543662 0 
0.513193 0.543211 0 
0.513191 0.539167 0 
0.513185 0.516871 0 
0.513175 0.540739 0 
0.513173 0.540399 0 
0.513161 0.53949 0 
0.513148 0.540414 0 
0.513116 0.539495 0 
0.512954 0.539856 0 
0.512931 0.540218 0 
0.512928 0.539825 0 
0.512896 0.53767 0 
0.51289 0.539544 0 
0.512865 0.542015 0 
0.512851 0.542743 0 
0.512844 0.539083 0 
0.512841 0.543059 0 
0.512837 0.53949 0 
0.512814 0.51387 0 
0.512808 0.539544 0 
0.512805 0.544152 0 
0.512711 0.543425 0 
0.512697 0.541783 0 
0.512657 0.544229 0 
0.512633 0.539216 0 
0.512519 0.538334 0 
0.512438 0.540432 0 
0.512425 0.540833 0 
0.512393 0.543507 0 
0.512335 0.539216 0 
0.512298 0.53949 0 
0.512294 0.539622 0 
0.512258 0.540432 0 
0.512256 0.541569 0 
0.512232 0.540691 0 
0.512064 0.540218 0 
0.51198 0.542783 0 
0.511945 0.542197 0 
0.511942 0.541065 0 
0.511929 0.542032 0 
0.511822 0.538517 0 
0.511787 0.539674 0 
0.511738 0.515164 0 
0.511737 0.539743 0 
0.511723 0.540988 0 
0.511693 0.542368 0 
0.511677 0.543093 0 
0.511615 0.542577 0 
0.511595 0.5422 0 
0.511539 0.543211 0 
0.511497 0.541569 0 
0.511482 0.544753 0 
0.511449 0.542266 0 
0.511405 0.51162 0 
0.511354 0.544288 0 
0.511289 0.542807 0 
0.511218 0.54171 0 
0.511116 0.541941 0 
0.511082 0.543794 0 
0.511057 0.543077 0 
0.511053 0.545036 0 
0.511035 0.544004 0 
0.51102 0.544233 0 
0.511002 0.542649 0 
0.510926 0.545578 0 
0.510873 0.540731 0 
0.510815 0.543059 0 
0.510804 0.542274 0 
0.510772 0.54328 0 
0.510722 0.54263 0 
0.51072 0.542803 0 
0.51071 0.543597 0 
0.51066 0.54625 0 
0.510552 0.545581 0 
0.510529 0.543987 0 
0.510392 0.54329 0 
0.510287 0.54511 0 
0.51013 0.546579 0 
0.510084 0.544395 0 
0.509658 0.545816 0 
0.509591 0.543662 0 
0.509487 0.547602 0 
0.508902 0.548149 0 
0.218271 0.229952 1 
0.21784 0.225686 1 
0.216926 0.226597 1 
0.216409 0.224391 1 
0.216151 0.228285 1 
0.21605 0.223081 1 
0.215687 0.223876 1 
0.2155 0.227334 1 
0.215411 0.223016 1 
0.215392 0.225557 1 
0.215339 0.227663 1 
0.215333 0.225461 1 
0.215269 0.225946 1 
0.215249 0.225418 1 
0.215217 0.224004 1 
0.215208 0.230571 1 
0.215147 0.224236 1 
0.215133 0.224006 1 
0.215063 0.21883 1 
0.215051 0.231316 1 
0.215043 0.22709 1 
0.215031 0.221237 1 
0.214964 0.221327 1 
0.214961 0.226929 1 
0.214796 0.224589 1 
0.214678 0.224189 1 
0.21465 0.221927 1 
0.214627 0.22234 1 
0.214621 0.225035 1 
0.2146 0.222823 1 
0.214592 0.22994 1 
0.21458 0.228563 1 
0.214531 0.228613 1 
0.214511 0.22491 1 
0.214477 0.221757 1 
0.214472 0.22245 1 
0.214454 0.223016 1 
0.214419 0.228738 1 
0.214389 0.219924 1 
0.214326 0.219952 1 
0.214304 0.225485 1 
0.214189 0.221574 1 
0.214152 0.220067 1 
0.21413 0.221327 1 
0.214104 0.224708 1 
0.214043 0.220775 1 
0.213948 0.216898 1 
0.213893 0.224957 1 
0.21389 0.218202 1 
0.213889 0.223675 1 
0.213886 0.22662 1 
0.213864 0.225758 1 
0.213819 0.221225 1 
0.213807 0.224685 1 
0.213792 0.224337 1 
0.21374 0.223475 1 
0.213651 0.224007 1 
0.21361 0.225234 1 
0.213593 0.219311 1 
0.213527 0.225955 1 
0.213505 0.222927 1 
0.21344 0.220593 1 
0.2134 0.216056 1 
0.213383 0.227775 1 
0.21338 0.226876 1 
0.21338 0.226745 1 
0.213371 0.226823 1 
0.21337 0.22622 1 
0.213328 0.224004 1 
0.213281 0.223424 1 
0.213213 0.223178 1 
0.21319 0.219924 1 
0.213169 0.225677 1 
0.213145 0.219678 1 
0.213141 0.216056 1 
0.213119 0.225223 1 
0.213101 0.227196 1 
0.213084 0.226036 1 
0.213002 0.227445 1 
0.212988 0.222742 1 
0.212965 0.220802 1 
0.212835 0.225572 1 
0.212795 0.222742 1 
0.212729 0.220297 1 
0.212644 0.224329 1 
0.212609 0.225223 1 
0.212609 0.219944 1 
0.212532 0.220087 1 
0.212483 0.222791 1 
0.212443 0.220121 1 
0.212436 0.223542 1 
0.212435 0.218904 1 
0.212397 0.224685 1 
0.212341 0.222742 1 
0.212223 0.223943 1 
0.212107 0.22138 1 
0.212 0.221574 1 
0.211979 0.216056 1 
0.211944 0.223697 1 
0.211867 0.225438 1 
0.211862 0.228518 1 
0.211856 0.227334 1 
0.211814 0.223748 1 
0.211787 0.220121 1 
0.211688 0.225758 1 
0.211686 0.224708 1 
0.211682 0.221574 1 
0.211662 0.224022 1 
0.211608 0.219318 1 
0.211557 0.216056 1 
0.211529 0.220121 1 
0.211518 0.218904 1 
0.211518 0.225035 1 
0.21149 0.219325 1 
0.211483 0.224756 1 
0.211433 0.220094 1 
0.211408 0.225438 1 
0.211384 0.219414 1 
0.211342 0.221099 1 
0.211306 0.22309 1 
0.211244 0.223442 1 
0.210965 0.225267 1 
0.210907 0.222065 1 
0.21086 0.220121 1 
0.210859 0.225277 1 
0.210831 0.221493 1 
0.210811 0.223966 1 
0.210799 0.225301 1 
0.210797 0.230792 1 
0.210788 0.228563 1 
0.210749 0.222119 1 
0.210661 0.225677 1 
0.210602 0.219414 1 
0.210602 0.225462 1 
0.210576 0.211214 1 
0.210554 0.225758 1 
0.210549 0.216898 1 
0.210545 0.226279 1 
0.210466 0.227006 1 
0.210456 0.21883 1 
0.210344 0.226558 1 
0.210322 0.225338 1 
0.210262 0.220121 1 
0.210256 0.221237 1 
0.210229 0.225306 1 
0.21021 0.219165 1 
0.210197 0.225301 1 
0.210161 0.21186 1 
0.210156 0.210671 1 
0.210145 0.228003 1 
0.210056 0.225083 1 
0.210053 0.221574 1 
0.21004 0.223315 1 
0.209937 0.220297 1 
0.209906 0.211 1 
0.209873 0.228835 1 
0.20985 0.224189 1 
0.209813 0.221237 1 
0.209785 0.220087 1 
0.20976 0.222823 1 
0.209611 0.210556 1 
0.209474 0.223714 1 
0.209474 0.225086 1 
0.209277 0.22077 1 
0.209267 0.211712 1 
0.209183 0.22949 1 
0.209153 0.225557 1 
0.209145 0.209321 1 
0.209135 0.225223 1 
0.209065 0.218202 1 
0.209062 0.22262 1 
0.209058 0.209557 1 
0.209027 0.224006 1 
0.208986 0.226611 1 
0.208984 0.221844 1 
0.208958 0.2109 1 
0.208956 0.224386 1 
0.208864 0.209073 1 
0.208847 0.222419 1 
0.2088 0.226215 1 
0.208744 0.210413 1 
0.208664 0.223718 1 
0.208503 0.209663 1 
0.20849 0.226887 1 
0.208459 0.224038 1 
0.208455 0.216898 1 
0.208428 0.208829 1 
0.208427 0.208692 1 
0.208424 0.225438 1 
0.208354 0.219445 1 
0.208337 0.20899 1 
0.208337 0.22038 1 
0.208267 0.227751 1 
0.208238 0.223748 1 
0.20823 0.222329 1 
0.208219 0.220121 1 
0.208139 0.219414 1 
0.208128 0.209262 1 
0.208115 0.223932 1 
0.208089 0.208144 1 
0.208077 0.228754 1 
0.208074 0.222823 1 
0.208057 0.228754 1 
0.208053 0.227203 1 
0.208047 0.208087 1 
0.208045 0.224685 1 
0.207971 0.222329 1 
0.207948 0.228613 1 
0.207929 0.208403 1 
0.207903 0.2197 1 
0.207896 0.221493 1 
0.207789 0.225234 1 
0.207785 0.218904 1 
0.207779 0.221927 1 
0.207748 0.221993 1 
0.207726 0.216898 1 
0.207612 0.221935 1 
0.207573 0.225191 1 
0.207551 0.209926 1 
0.20755 0.209837 1 
0.207488 0.22709 1 
0.207457 0.209658 1 
0.207437 0.210789 1 
0.207434 0.211462 1 
0.207421 0.208107 1 
0.207397 0.232792 1 
0.207342 0.224421 1 
0.207299 0.224421 1 
0.207265 0.208026 1 
0.207241 0.209451 1 
0.207236 0.210216 1 
0.207228 0.219311 1 
0.20721 0.225234 1 
0.207208 0.225081 1 
0.2072 0.225422 1 
0.20717 0.225575 1 
0.207166 0.207465 1 
0.207127 0.207184 1 
0.207095 0.208415 1 
0.207089 0.207906 1 
0.207059 0.223475 1 
0.20704 0.207369 1 
0.207011 0.209577 1 
0.207004 0.224976 1 
0.207 0.223706 1 
0.206932 0.207115 1 
0.206917 0.210634 1 
0.206895 0.20712 1 
0.206866 0.209143 1 
0.206855 0.207287 1 
0.206796 0.223315 1 
0.206755 0.207962 1 
0.206737 0.208442 1 
0.206685 0.222373 1 
0.206683 0.209067 1 
0.206676 0.219165 1 
0.206653 0.226558 1 
0.206631 0.226279 1 
0.206631 0.225941 1 
0.206621 0.207991 1 
0.206536 0.232206 1 
0.206524 0.207876 1 
0.206452 0.222329 1 
0.2064 0.225367 1 
0.206395 0.208737 1 
0.206391 0.210074 1 
0.206376 0.223706 1 
0.206365 0.221337 1 
0.206342 0.225086 1 
0.206306 0.225575 1 
0.206253 0.209161 1 
0.206245 0.21858 1 
0.206231 0.220094 1 
0.206154 0.224006 1 
0.206117 0.206553 1 
0.206112 0.216898 1 
0.206056 0.209287 1 
0.206042 0.219165 1 
0.206038 0.209695 1 
0.206021 0.209134 1 
0.206018 0.20693 1 
0.206007 0.206888 1 
0.206004 0.209577 1 
0.20597 0.223943 1 
0.205966 0.209082 1 
0.205952 0.22722 1 
0.205948 0.208854 1 
0.205911 0.218202 1 
0.205892 0.218202 1 
0.205826 0.219414 1 
0.205774 0.209483 1 
0.205767 0.21858 1 
0.205743 0.207841 1 
0.205645 0.222825 1 
0.205588 0.208121 1 
0.205487 0.222083 1 
0.205486 0.224278 1 
0.205472 0.220615 1 
0.205463 0.218105 1 
0.205424 0.210131 1 
0.205393 0.210907 1 
0.205384 0.219325 1 
0.205381 0.226209 1 
0.205267 0.220615 1 
0.205258 0.224062 1 
0.205234 0.222216 1 
0.205204 0.222083 1 
0.205142 0.219311 1 
0.205112 0.218904 1 
0.205104 0.21883 1 
0.205103 0.226386 1 
0.205076 0.218202 1 
0.205026 0.207141 1 
0.205007 0.20562 1 
0.205001 0.22068 1 
0.20498 0.220087 1 
0.204971 0.216056 1 
0.204961 0.222373 1 
0.204922 0.22077 1 
0.204887 0.221844 1 
0.204828 0.220087 1 
0.204808 0.209606 1 
0.204745 0.220593 1 
0.204723 0.220297 1 
0.204682 0.22138 1 
0.204664 0.226531 1 
0.204535 0.225338 1 
0.20449 0.21858 1 
0.20448 0.2197 1 
0.204377 0.22077 1 
0.204351 0.206556 1 
0.20416 0.20694 1 
0.204133 0.225708 1 
0.20406 0.210854 1 
0.204008 0.206195 1 
0.203993 0.219165 1 
0.203944 0.20576 1 
0.203898 0.219325 1 
0.203873 0.221099 1 
0.203836 0.206619 1 
0.203809 0.219325 1 
0.203796 0.220067 1 
0.203777 0.226856 1 
0.203747 0.220087 1 
0.203737 0.222419 1 
0.203713 0.223178 1 
0.203697 0.207237 1 
0.203661 0.222742 1 
0.203624 0.21858 1 
0.203567 0.20576 1 
0.203536 0.206168 1 
0.203481 0.208185 1 
0.203417 0.220615 1 
0.20341 0.203641 1 
0.203273 0.220615 1 
0.203244 0.22068 1 
0.203204 0.220615 1 
0.203202 0.222139 1 
0.203128 0.220775 1 
0.101206 0.104065 2 
0.100182 0.100809 2 
0.100039 0.105609 2 
0.0993119 0.102598 2 
0.099215 0.0998807 2 
0.099171 0.101535 2 
0.0989262 0.103363 2 
0.0987238 0.101361 2 
0.0987088 0.100597 2 
0.0986201 0.0991528 2 
0.0986108 0.102902 2 
0.0984724 0.102631 2 
0.098362 0.102962 2 
0.0983408 0.0987592 2 
0.0983121 0.104472 2 
0.098282 0.0999911 2 
0.0982004 0.101606 2 
0.0979899 0.0989002 2 
0.0979098 0.100328 2 
0.0979017 0.102427 2 
0.0978695 0.0982392 2 
0.0977866 0.101312 2 
0.0977436 0.0997165 2 
0.0977327 0.102427 2 
0.0976769 0.0996579 2 
0.0976585 0.098748 2 
0.097563 0.101122 2 
0.0975405 0.101903 2 
0.0974256 0.100669 2 
0.0973513 0.0993106 2 
0.0970873 0.102414 2 
0.0970777 0.098436 2 
0.0970749 0.0987685 2 
0.0970474 0.0985574 2 
0.0970325 0.0986784 2 
0.0970078 0.100984 2 
0.0969966 0.101555 2 
0.0969712 0.0980655 2 
0.0968806 0.0978239 2 
0.0968143 0.0973642 2 
0.0967283 0.0996553 2 
0.0966927 0.0988176 2 
0.0966541 0.100122 2 
0.0966474 0.0968605 2 
0.0966201 0.10036 2 
0.096517 0.0973915 2 
0.0964662 0.100853 2 
0.0964516 0.0977935 2 
0.0963764 0.10036 2 
0.0962932 0.0963539 2 
0.0962687 0.0992243 2 
0.0962457 0.0995621 2 
0.0960809 0.102271 2 
0.0960487 0.0986101 2 
0.0959434 0.0991275 2 
0.0959422 0.0999192 2 
0.0959038 0.105512 2 
0.0958653 0.102472 2 
0.0957464 0.0982889 2 
0.0957436 0.097875 2 
0.0956488 0.099295 2 
0.0956241 0.0985387 2 
0.0955916 0.0997759 2 
0.095581 0.10028 2 
0.0954817 0.0979267 2 
0.0954498 0.0960778 2 
0.0952954 0.101952 2 
0.0952556 0.0987479 2 
0.0952114 0.100122 2 
0.0951978 0.100056 2 
0.0951802 0.0992842 2 
0.0951718 0.0959855 2 
0.0951659 0.100122 2 
0.0951211 0.10036 2 
0.0951033 0.0970751 2 
0.0950979 0.0974471 2 
0.0950844 0.0992842 2 
0.0950365 0.0972539 2 
0.0950233 0.0988176 2 
0.0950144 0.097875 2 
0.0949707 0.0982716 2 
0.094967 0.0996605 2 
0.0949013 0.0954491 2 
0.0948991 0.10028 2 
0.0948831 0.0986388 2 
0.0948829 0.098608 2 
0.0948616 0.0977935 2 
0.0948214 0.0999192 2 
0.0947177 0.0954491 2 
0.0946 0.101606 2 
0.0945891 0.0998758 2 
0.0945556 0.10574 2 
0.0944327 0.0979925 2 
0.0944278 0.0969117 2 
0.0944261 0.0949474 2 
0.0943887 0.0989196 2 
0.0943767 0.095036 2 
0.0943429 0.0996579 2 
0.094271 0.096006 2 
0.094227 0.0949805 2 
0.0942157 0.100731 2 
0.0942115 0.0943178 2 
0.0942011 0.0995771 2 
0.0941857 0.0975665 2 
0.0941543 0.0947049 2 
0.0941479 0.098748 2 
0.0941375 0.0957262 2 
0.09412 0.0984397 2 
0.0940637 0.102409 2 
0.0940477 0.0992243 2 
0.0940292 0.0941415 2 
0.0940255 0.0954491 2 
0.0939648 0.0970797 2 
0.0939643 0.0979418 2 
0.0939532 0.0991275 2 
0.0938711 0.0939845 2 
0.093823 0.0960868 2 
0.0938229 0.094836 2 
0.0938151 0.0944003 2 
0.0938049 0.0949744 2 
0.0937589 0.0993664 2 
0.0937534 0.100622 2 
0.0937318 0.0954491 2 
0.09373 0.099295 2 
0.0937128 0.101797 2 
0.093707 0.0989002 2 
0.093651 0.0984397 2 
0.0934704 0.0951237 2 
0.0934658 0.101122 2 
0.0934656 0.0958276 2 
0.0934504 0.101797 2 
0.0933185 0.0999627 2 
0.0932833 0.100622 2 
0.0932419 0.098436 2 
0.0931906 0.0972539 2 
0.0931811 0.0976553 2 
0.0931281 0.0943989 2 
0.093094 0.0963539 2 
0.0930378 0.0966058 2 
0.0929945 0.0939929 2 
0.0929902 0.0986177 2 
0.0929866 0.0939404 2 
0.0929676 0.0951068 2 
0.0927906 0.0936709 2 
0.0927879 0.0946786 2 
0.0927211 0.0983957 2 
0.0927207 0.099295 2 
0.0927037 0.0971707 2 
0.0926933 0.0928885 2 
0.0925568 0.0931455 2 
0.0925151 0.100625 2 
0.0924844 0.0957756 2 
0.0924774 0.0932299 2 
0.0924691 0.100867 2 
0.0924455 0.0982316 2 
0.0923723 0.100747 2 
0.0923425 0.0923556 2 
0.0922996 0.0975731 2 
0.0922838 0.0948172 2 
0.0922654 0.0947045 2 
0.0922546 0.100886 2 
0.092205 0.0980655 2 
0.0921961 0.0960868 2 
0.092173 0.0997162 2 
0.092096 0.0925293 2 
0.092096 0.0979818 2 
0.0920188 0.0963539 2 
0.0919545 0.0935879 2 
0.0919057 0.0941415 2 
0.0918273 0.0925776 2 
0.0917632 0.0960964 2 
0.0917523 0.093699 2 
0.0916995 0.0997274 2 
0.0916959 0.0919422 2 
0.0916595 0.093969 2 
0.0916176 0.0984397 2 
0.0916033 0.0984718 2 
0.0915905 0.0988176 2 
0.0915641 0.0982316 2 
0.0915554 0.0999682 2 
0.0915217 0.0972539 2 
0.0914976 0.0927332 2 
0.0914798 0.0985387 2 
0.0914781 0.0928467 2 
0.0914483 0.0922122 2 
0.0914308 0.0982767 2 
0.0914241 0.0994761 2 
0.0914177 0.0999908 2 
0.0914098 0.0918107 2 
0.0913877 0.0951941 2 
0.0913772 0.0915308 2 
0.0913425 0.092914 2 
0.0913209 0.0994761 2 
0.0913029 0.0995771 2 
0.0912435 0.0932257 2 
0.0912399 0.0923734 2 
0.0912286 0.0921587 2 
0.0910971 0.094836 2 
0.091011 0.091177 2 
0.0910109 0.0957262 2 
0.0909645 0.0920324 2 
0.0909544 0.0910446 2 
0.0909436 0.0913418 2 
0.0909366 0.0949409 2 
0.090838 0.0967754 2 
0.0908344 0.0916049 2 
0.0908289 0.0913952 2 
0.0908261 0.0965239 2 
0.090793 0.100331 2 
0.0907831 0.0968113 2 
0.0907211 0.0993664 2 
0.090695 0.0909435 2 
0.0906651 0.0922037 2 
0.0906467 0.0954491 2 
0.0906294 0.0977076 2 
0.0906067 0.099835 2 
0.0905408 0.0983775 2 
0.0904627 0.0936505 2 
0.0904295 0.0986508 2 
0.0904065 0.0938465 2 
0.0904019 0.0967754 2 
0.090367 0.0910573 2 
0.0903374 0.0912393 2 
0.0903344 0.0909203 2 
0.0903234 0.0927189 2 
0.0903232 0.0976743 2 
0.090312 0.0982316 2 
0.0903077 0.0947045 2 
0.0902599 0.0913092 2 
0.0902558 0.10194 2 
0.0902555 0.0916528 2 
0.0902387 0.0911013 2 
0.0902072 0.0967754 2 
0.090165 0.0924551 2 
0.0901564 0.092441 2 
0.0901536 0.0927162 2 
0.0901384 0.098182 2 
0.0901241 0.0926277 2 
0.0900915 0.0992243 2 
0.0900742 0.0936505 2 
0.0900711 0.0984223 2 
0.0900444 0.0932257 2 
0.0900411 0.0984378 2 
0.0900363 0.0901753 2 
0.0900113 0.0914993 2 
0.0899968 0.0933216 2 
0.0899892 0.0959799 2 
0.089957 0.0986347 2 
0.0899303 0.0941415 2 
0.089903 0.0908037 2 
0.0898167 0.097913 2 
0.0897757 0.0942251 2 
0.0897264 0.0975731 2 
0.0897022 0.090859 2 
0.0896963 0.090646 2 
0.0896866 0.0920901 2 
0.0896848 0.100344 2 
0.0896782 0.0942251 2 
0.0896244 0.0943095 2 
0.0896201 0.0969119 2 
0.0896107 0.0983745 2 
0.0896005 0.0932693 2 
0.0895452 0.100621 2 
0.0894729 0.0972539 2 
0.0894542 0.0936505 2 
0.089453 0.0936505 2 
0.0894053 0.0958047 2 
0.0893219 0.0917509 2 
0.0893053 0.0920861 2 
0.0892354 0.0992842 2 
0.0892009 0.0931467 2 
0.0891573 0.0902344 2 
0.0891199 0.0974441 2 
0.0891163 0.0891637 2 
0.0891098 0.0920324 2 
0.0890965 0.101289 2 
0.089082 0.094836 2 
0.0890019 0.0977935 2 
0.089 0.0913092 2 
0.0889822 0.0903307 2 
0.0889806 0.0932257 2 
0.0889661 0.0960964 2 
0.0888939 0.0906581 2 
0.0888536 0.096006 2 
0.0888177 0.0899283 2 
0.088817 0.0943989 2 
0.0887705 0.0937819 2 
0.0887559 0.0956636 2 
0.0886918 0.0921636 2 
0.0886848 0.0951237 2 
0.0886658 0.0932257 2 
0.08857 0.090649 2 
0.0885247 0.0933027 2 
0.0885041 0.0943989 2 
0.0884644 0.0911845 2 
0.0883235 0.0956211 2 
0.0882788 0.0886855 2 
0.0882752 0.0919078 2 
0.0882691 0.0946786 2 
0.0882673 0.09939 2 
0.0882517 0.0999892 2 
0.0881546 0.0949113 2 
0.0881323 0.0933726 2 
0.0881093 0.0946786 2 
0.0880768 0.0932149 2 
0.088046 0.0949409 2 
0.0879402 0.0955245 2 
0.0878971 0.0958047 2 
0.0878783 0.0943989 2 
0.0878782 0.0974441 2 
0.0878759 0.0950259 2 
0.0878032 0.0982889 2 
0.0876593 0.0895648 2 
0.0876541 0.0966058 2 
0.0876328 0.0876831 2 
0.0876323 0.0915065 2 
0.0875997 0.0951941 2 
0.0875972 0.0958047 2 
0.0875551 0.0946786 2 
0.0874296 0.089409 2 
0.0874237 0.0888946 2 
0.0874215 0.0963289 2 
0.0873931 0.0954514 2 
0.0873647 0.0880278 2 
0.0873072 0.0958276 2 
0.0872897 0.0958047 2 
0.0872196 0.0963104 2 
0.0871873 0.0947045 2 
0.0871367 0.0958047 2 
0.0870305 0.0960964 2 
0.0869821 0.0890391 2 
0.0869618 0.0909047 2 
0.0869608 0.0887524 2 
0.0866247 0.0884273 2 
0.0860634 0.089013 2 
0.0858445 0.0859441 2 
0.0494038 0.0506334 3 
0.0487222 0.0497869 3 
0.0484766 0.0487652 3 
0.0482625 0.0489684 3 
0.0481473 0.0483104 3 
0.0480386 0.0480691 3 
0.0476366 0.0478321 3 
0.0475181 0.0481127 3 
0.0474918 0.0485618 3 
0.0474092 0.047881 3 
0.0471727 0.0481774 3 
0.0469189 0.0472618 3 
0.0469074 0.0476828 3 
0.0467759 0.0498572 3 
0.0466698 0.0469344 3 
0.0466639 0.0467625 3 
0.0466381 0.0479809 3 
0.0462873 0.046654 3 
0.0462095 0.0467349 3 
0.0461811 0.0470256 3 
0.0461585 0.0481774 3 
0.0458039 0.0459028 3 
0.0456925 0.0459592 3 
0.045678 0.0507787 3 
0.0456138 0.0462161 3 
0.0456089 0.0462556 3 
0.0455242 0.0466705 3 
0.045509 0.0463496 3 
0.0455034 0.0473283 3 
0.0454846 0.0475172 3 
0.045484 0.046654 3 
0.0454677 0.0467701 3 
0.0454304 0.0456547 3 
0.0454275 0.0456199 3 
0.0453566 0.0459667 3 
0.0453305 0.0454436 3 
0.0453131 0.0468778 3 
0.0453029 0.046654 3 
0.0452241 0.0459028 3 
0.0452061 0.0454039 3 
0.0451351 0.0456352 3 
0.0451345 0.0468778 3 
0.0451146 0.0453572 3 
0.0450458 0.045566 3 
0.0450367 0.0463419 3 
0.0450283 0.0459028 3 
0.0450173 0.0466582 3 
0.0450169 0.0467625 3 
0.0448284 0.0472141 3 
0.0448263 0.0460326 3 
0.0448244 0.0452785 3 
0.0447347 0.047147 3 
0.0447249 0.0461477 3 
0.0446721 0.0452625 3 
0.0446657 0.0456605 3 
0.0446105 0.0472618 3 
0.0446088 0.0452364 3 
0.0446005 0.0458126 3 
0.0445983 0.046463 3 
0.0445785 0.0475172 3 
0.0445737 0.0450464 3 
0.0445369 0.0450976 3 
0.0444546 0.0472141 3 
0.0443946 0.0459059 3 
0.0443781 0.0446937 3 
0.0442296 0.0446183 3 
0.04415 0.0450039 3 
0.0441302 0.0466108 3 
0.0441031 0.0445954 3 
0.0440731 0.0446349 3 
0.0440714 0.0444348 3 
0.0440319 0.044362 3 
0.0440071 0.0457318 3 
0.0440029 0.044932 3 
0.043977 0.0456927 3 
0.0439704 0.0446741 3 
0.0438761 0.0452163 3 
0.0438084 0.0461447 3 
0.0437873 0.0458055 3 
0.0437647 0.0467911 3 
0.0437531 0.0446937 3 
0.0437478 0.0453813 3 
0.0437339 0.0452625 3 
0.0436302 0.0445704 3 
0.0436202 0.044071 3 
0.0435964 0.0460684 3 
0.043596 0.0463803 3 
0.0435882 0.0439666 3 
0.043584 0.045411 3 
0.0435269 0.0448589 3 
0.0435177 0.0438795 3 
0.0434779 0.0448598 3 
0.0434663 0.0451132 3 
0.0434606 0.0441156 3 
0.0434375 0.0451364 3 
0.0434324 0.0436301 3 
0.0434213 0.0456334 3 
0.0433993 0.043523 3 
0.0433301 0.0458126 3 
0.0433003 0.0466108 3 
0.0432555 0.0465445 3 
0.0432303 0.0462652 3 
0.0431516 0.0444627 3 
0.043117 0.0466582 3 
0.0430761 0.0431102 3 
0.0430588 0.0432423 3 
0.0429979 0.0468904 3 
0.0429359 0.0430104 3 
0.0429054 0.0468162 3 
0.0428649 0.0458279 3 
0.042841 0.0465541 3 
0.0428356 0.0458055 3 
0.0428189 0.045566 3 
0.04281 0.0442504 3 
0.0427742 0.0430662 3 
0.0427707 0.0440004 3 
0.0427348 0.0431074 3 
0.0427119 0.0444445 3 
0.0426868 0.0430476 3 
0.0426443 0.0438441 3 
0.0426356 0.0441156 3 
0.0426318 0.0433694 3 
0.0426315 0.0435366 3 
0.0426014 0.0458279 3 
0.0425629 0.0448589 3 
0.0425273 0.044602 3 
0.042519 0.0434419 3 
0.0425069 0.0465445 3 
0.0424976 0.0438348 3 
0.0424895 0.0443307 3 
0.0424502 0.0450976 3 
0.04241 0.0482826 3 
0.0424071 0.0433277 3 
0.0423893 0.0461477 3 
0.0423282 0.044827 3 
0.0422898 0.0433817 3 
0.0422891 0.0434329 3 
0.0422838 0.0427637 3 
0.0422799 0.0434321 3 
0.0422483 0.0425687 3 
0.0422461 0.0436461 3 
0.0422379 0.0446937 3 
0.0422239 0.0463525 3 
0.0421813 0.0429073 3 
0.0421795 0.0455892 3 
0.0421656 0.0424829 3 
0.0421543 0.0460326 3 
0.0421423 0.0426703 3 
0.0421388 0.0426152 3 
0.0421161 0.0425687 3 
0.042105 0.0447235 3 
0.0420975 0.0438441 3 
0.0420771 0.0430931 3 
0.0420581 0.0448167 3 
0.0420349 0.0444764 3 
0.0420251 0.0452099 3 
0.0420159 0.0440466 3 
0.0420111 0.0469629 3 
0.0420021 0.0456352 3 
0.0419988 0.0431573 3 
0.0419973 0.042493 3 
0.0419795 0.0448544 3 
0.0419164 0.0430148 3 
0.0418981 0.0441383 3 
0.0418769 0.0423827 3 
0.0418141 0.0442809 3 
0.0417947 0.0456448 3 
0.0417876 0.0453572 3 
0.0417564 0.0436773 3 
0.0417534 0.0438966 3 
0.0417487 0.0442085 3 
0.0417482 0.0418792 3 
0.041747 0.0424498 3 
0.0417278 0.0427465 3 
0.0417187 0.0434081 3 
0.0417086 0.0436004 3 
0.0417001 0.0435474 3 
0.0416866 0.0452588 3 
0.0416028 0.0467529 3 
0.0415967 0.0416956 3 
0.0415853 0.0448589 3 
0.0415772 0.0450792 3 
0.0415743 0.0464289 3 
0.0415557 0.042816 3 
0.041525 0.0434954 3 
0.0414553 0.0436863 3 
0.0413977 0.0452785 3 
0.0413842 0.0424168 3 
0.0413695 0.0421612 3 
0.0413241 0.0422576 3 
0.0413196 0.0430739 3 
0.0413121 0.0436172 3 
0.041299 0.0430898 3 
0.041292 0.0424091 3 
0.0412882 0.0448544 3 
0.0412764 0.0450718 3 
0.0412513 0.0451567 3 
0.0412447 0.0456547 3 
0.0412198 0.0427066 3 
0.0411847 0.0452893 3 
0.0411813 0.0421319 3 
0.0411756 0.0453668 3 
0.0411348 0.0426717 3 
0.0410802 0.0421851 3 
0.0410255 0.0448023 3 
0.0409688 0.0441383 3 
0.0409379 0.0440902 3 
0.0409083 0.0422602 3 
0.0408745 0.0450617 3 
0.0408417 0.0432656 3 
0.0408365 0.0460861 3 
0.0408277 0.0419098 3 
0.0407851 0.0434419 3 
0.0407646 0.0445266 3 
0.04074 0.0424829 3 
0.0407323 0.0435954 3 
0.0407011 0.0412379 3 
0.0406804 0.0415043 3 
0.0406779 0.042158 3 
0.040658 0.0456744 3 
0.0406255 0.0438503 3 
0.040606 0.0421225 3 
0.040593 0.0430739 3 
0.0405413 0.0415967 3 
0.040502 0.0407418 3 
0.0405018 0.0426125 3 
0.040492 0.04213 3 
0.0404621 0.0433216 3 
0.0404393 0.0435905 3 
0.0404319 0.0426343 3 
0.0404176 0.0441905 3 
0.04039 0.0408019 3 
0.0403254 0.04206 3 
0.0402984 0.0419533 3 
0.0402702 0.0437467 3 
0.0402565 0.0438981 3 
0.0402304 0.0403248 3 
0.0402023 0.0428865 3 
0.0401893 0.0407418 3 
0.040187 0.0431643 3 
0.0401838 0.0427806 3 
0.0401684 0.0443624 3 
0.0401375 0.0450617 3 
0.0401091 0.0440004 3 
0.040061 0.0434329 3 
0.0400402 0.0416882 3 
0.0399974 0.0416986 3 
0.0399046 0.0444909 3 
0.0399035 0.043231 3 
0.0398881 0.0436301 3 
0.0397941 0.0456199 3 
0.0397166 0.0444909 3 
0.0396758 0.0444909 3 
0.0396655 0.044338 3 
0.0396069 0.0437715 3 
0.0395768 0.040468 3 
0.0395581 0.0431643 3 
0.0395427 0.0434159 3 
0.0395056 0.040521 3 
0.0394569 0.0436143 3 
0.0393969 0.044071 3 
0.0393963 0.0434483 3 
0.0392542 0.040082 3 
0.0390637 0.0400702 3 
0.0390448 0.0409293 3 
0.039037 0.0403911 3 
0.0385705 0.040734 3 
0.0234488 0.024188 4 
0.0227575 0.0239536 4 
0.0227233 0.0253458 4 
0.0226425 0.0237482 4 
0.0225121 0.022822 4 
0.0223406 0.0228743 4 
0.0222901 0.0225369 4 
0.0222482 0.0227603 4 
0.0222143 0.0225576 4 
0.0222018 0.0225369 4 
0.02216 0.0226198 4 
0.0220658 0.0221454 4 
0.0220406 0.0225244 4 
0.0220268 0.0222585 4 
0.0220111 0.0227337 4 
0.0220016 0.0223167 4 
0.0219305 0.0225787 4 
0.0218699 0.0224097 4 
0.0218203 0.0224301 4 
0.0217809 0.022122 4 
0.0217682 0.021888 4 
0.02176 0.0220507 4 
0.0217399 0.0229868 4 
0.0217113 0.0220756 4 
0.0216899 0.02307 4 
0.0215795 0.0219183 4 
0.0215451 0.0216811 4 
0.0215433 0.0223696 4 
0.0215265 0.0223516 4 
0.0214135 0.0216061 4 
0.0213938 0.0218705 4 
0.0213723 0.0217908 4 
0.0213082 0.022519 4 
0.0212879 0.0215175 4 
0.0212798 0.0223086 4 
0.0212349 0.0219183 4 
0.0212065 0.0225691 4 
0.0212021 0.021804 4 
0.0211868 0.0219768 4 
0.0211718 0.0211789 4 
0.0211436 0.0223937 4 
0.0211416 0.0212251 4 
0.0211219 0.0215009 4 
0.0211117 0.021888 4 
0.021079 0.0216805 4 
0.0210668 0.0214987 4 
0.0210392 0.0210953 4 
0.0209951 0.0211789 4 
0.0209758 0.0210215 4 
0.0209741 0.0225742 4 
0.020956 0.0213387 4 
0.0209345 0.0228656 4 
0.0209049 0.0217939 4 
0.0208876 0.0216631 4 
0.0208863 0.0210794 4 
0.0208819 0.0222217 4 
0.0208783 0.0218692 4 
0.020863 0.0224498 4 
0.0208352 0.0209059 4 
0.0208128 0.021209 4 
0.0208105 0.0225246 4 
0.0208035 0.0209635 4 
0.0207823 0.0218436 4 
0.0207715 0.0208419 4 
0.0207463 0.0211166 4 
0.0207287 0.0210066 4 
0.0207206 0.0215009 4 
0.0207083 0.020981 4 
0.0206838 0.0210141 4 
0.0206588 0.0234364 4 
0.0206265 0.0213307 4 
0.0206142 0.0211834 4 
0.0206139 0.02097 4 
0.0206119 0.0208942 4 
0.0206082 0.0206447 4 
0.0205863 0.0206398 4 
0.0205827 0.0217517 4 
0.0205662 0.0222863 4 
0.0205633 0.0210215 4 
0.0205627 0.02097 4 
0.0205605 0.0214071 4 
0.0205552 0.0217939 4 
0.0205479 0.0206938 4 
0.0205334 0.0224684 4 
0.0205129 0.0219688 4 
0.0205028 0.0214071 4 
0.0204952 0.0214482 4 
0.0204842 0.0224687 4 
0.0204781 0.0209059 4 
0.0204727 0.0223122 4 
0.0204558 0.0220756 4 
0.0204517 0.0216397 4 
0.0204409 0.0205636 4 
0.0204024 0.0225623 4 
0.0203964 0.0218813 4 
0.0203957 0.0218522 4 
0.0203914 0.0206747 4 
0.0203374 0.0219688 4 
0.0203324 0.0211006 4 
0.0203295 0.0204116 4 
0.0203288 0.0226719 4 
0.0203092 0.0213982 4 
0.0202953 0.0217734 4 
0.0202938 0.0213782 4 
0.0202865 0.0211412 4 
0.0202818 0.0206263 4 
0.0202662 0.0221847 4 
0.0202597 0.0213443 4 
0.020247 0.0213591 4 
0.020226 0.020888 4 
0.0202232 0.0209059 4 
0.0201679 0.0205467 4 
0.0201607 0.0218604 4 
0.0201555 0.021715 4 
0.0201471 0.0202244 4 
0.0201369 0.02178 4 
0.0201149 0.0217398 4 
0.020103 0.0214482 4 
0.0200934 0.0206773 4 
0.0200772 0.0225787 4 
0.0200763 0.0210373 4 
0.0200223 0.0221526 4 
0.0199738 0.0201493 4 
0.0199584 0.0217698 4 
0.0199579 0.0217866 4 
0.019952 0.0216669 4 
0.0199371 0.0205116 4 
0.0199321 0.0211098 4 
0.0199097 0.0216631 4 
0.0199089 0.0212792 4 
0.0199034 0.0206359 4 
0.0198809 0.0206457 4 
0.0198768 0.020051 4 
0.0198698 0.0213307 4 
0.0198621 0.0213564 4 
0.0198443 0.0205254 4 
0.019832 0.0204205 4 
0.0198313 0.0205438 4 
0.0198272 0.0215255 4 
0.0198156 0.020292 4 
0.0197817 0.0219501 4 
0.0197814 0.0216149 4 
0.019743 0.0206766 4 
0.019733 0.0204307 4 
0.0197313 0.0216486 4 
0.0197211 0.0201416 4 
0.0196948 0.0208364 4 
0.01969 0.0204015 4 
0.0196827 0.0204049 4 
0.0196483 0.0212782 4 
0.0196027 0.0205518 4 
0.0195924 0.0197005 4 
0.0195846 0.0199253 4 
0.0195827 0.0204803 4 
0.0195653 0.0217491 4 
0.0195467 0.0197356 4 
0.0195431 0.0216656 4 
0.0195243 0.0216809 4 
0.0195229 0.0196246 4 
0.0195047 0.0202695 4 
0.0194992 0.0200599 4 
0.0194721 0.0216161 4 
0.0194701 0.0203652 4 
0.0194685 0.0215175 4 
0.0194605 0.0215395 4 
0.0194358 0.0194686 4 
0.0194261 0.0205777 4 
0.0194171 0.020713 4 
0.019417 0.0209533 4 
0.0193942 0.0208364 4 
0.0193842 0.0208519 4 
0.0193813 0.0201303 4 
0.0193323 0.0206747 4 
0.0193283 0.0207015 4 
0.0192476 0.0208252 4 
0.0192232 0.0194052 4 
0.0191757 0.0200566 4 
0.0191469 0.0192295 4 
0.0191304 0.0211411 4 
0.0190733 0.0207129 4 
0.0190671 0.0211411 4 
0.0190599 0.0195816 4 
0.0190479 0.0203396 4 
0.0190453 0.0202865 4 
0.0190181 0.0208419 4 
0.0190149 0.0197062 4 
0.0189647 0.0213258 4 
0.0189647 0.0208519 4 
0.0189634 0.0205909 4 
0.0189484 0.0202244 4 
0.0189192 0.0211554 4 
0.0189163 0.0192703 4 
0.0188707 0.020438 4 
0.0188636 0.0212009 4 
0.0188386 0.0218021 4 
0.0187855 0.021768 4 
0.0187819 0.021057 4 
0.018771 0.0208796 4 
0.0187182 0.0208733 4 
0.0187168 0.0210141 4 
0.0187128 0.0187309 4 
0.0187044 0.019207 4 
0.0186213 0.0209533 4 
0.0186136 0.0206289 4 
0.0186051 0.02055 4 
0.0185747 0.0192058 4 
0.0184435 0.0184566 4 
0.0183808 0.018897 4 
0.0183374 0.0191249 4 
0.0182506 0.0193501 4 
0.0182325 0.0190244 4 
0.0180282 0.0194877 4 
0.0118227 0.0118703 5 
0.0115643 0.0117729 5 
0.0115162 0.013199 5 
0.0113675 0.0120523 5 
0.0112653 0.0113654 5 
0.0112222 0.0112858 5 
0.0112129 0.0112617 5 
0.0111805 0.0113747 5 
0.0111659 0.0115198 5 
0.011103 0.0112143 5 
0.0110978 0.0116131 5 
0.0110684 0.0111642 5 
0.0110365 0.0111598 5 
0.010984 0.0110841 5 
0.0109811 0.0110355 5 
0.0109726 0.0111687 5 
0.0108886 0.011003 5 
0.0108635 0.0112778 5 
0.0108532 0.0115975 5 
0.0108336 0.0113476 5 
0.0107804 0.0111444 5 
0.0107665 0.011017 5 
0.0107467 0.0109488 5 
0.0107465 0.0112674 5 
0.0107111 0.0107206 5 
0.0107012 0.0112101 5 
0.0106995 0.0113191 5 
0.0106903 0.0107329 5 
0.0105974 0.0108355 5 
0.0105826 0.0108756 5 
0.0105824 0.0106123 5 
0.0105823 0.0111561 5 
0.0105802 0.010679 5 
0.0105801 0.0107037 5 
0.0105718 0.0108671 5 
0.0105643 0.0107037 5 
0.0105084 0.0105768 5 
0.0104686 0.0106167 5 
0.0104557 0.0106052 5 
0.0104442 0.0110006 5 
0.0104165 0.0114079 5 
0.0104101 0.0106544 5 
0.0104097 0.0119085 5 
0.0103965 0.0104577 5 
0.0103936 0.010679 5 
0.0103921 0.0112607 5 
0.0103905 0.0103922 5 
0.0103673 0.0112151 5 
0.010367 0.010999 5 
0.0103479 0.0104577 5 
0.0103411 0.0104727 5 
0.0103374 0.0110866 5 
0.0103178 0.0109562 5 
0.0103148 0.0108696 5 
0.010285 0.0105171 5 
0.0102806 0.0105529 5 
0.0102683 0.0103066 5 
0.0102636 0.0104 5 
0.0102579 0.0103509 5 
0.0102554 0.0104715 5 
0.0102537 0.0104957 5 
0.0102508 0.0114802 5 
0.0102495 0.0106747 5 
0.0102423 0.0105157 5 
0.0102318 0.010793 5 
0.0102305 0.0102591 5 
0.0102276 0.0108671 5 
0.010216 0.0107689 5 
0.0102063 0.01049 5 
0.0101883 0.0104306 5 
0.01018 0.0111415 5 
0.0101763 0.0106055 5 
0.0101738 0.0107304 5 
0.0101662 0.0111763 5 
0.0101595 0.0108944 5 
0.0101591 0.0106167 5 
0.0101323 0.0105532 5 
0.0101221 0.0104775 5 
0.010121 0.010974 5 
0.0100979 0.0104241 5 
0.0100833 0.0102282 5 
0.0100774 0.0108614 5 
0.0100727 0.0105157 5 
0.0100719 0.0104508 5 
0.0100624 0.0103509 5 
0.0100402 0.0102102 5 
0.0100302 0.0109697 5 
0.0100296 0.0111003 5 
0.010017 0.0106993 5 
0.0100127 0.0105651 5 
0.010003 0.0102044 5 
0.00999244 0.0108954 5 
0.00998687 0.0105204 5 
0.00998378 0.0105651 5 
0.0099771 0.011193 5 
0.00997035 0.00999273 5 
0.0099606 0.0102776 5 
0.00995823 0.0110385 5 
0.00994953 0.0102101 5 
0.00994919 0.0109881 5 
0.00994828 0.0107543 5 
0.00992963 0.0114224 5 
0.00992394 0.0107205 5 
0.00991806 0.0102967 5 
0.00989565 0.0107492 5 
0.00988999 0.0103223 5 
0.00988214 0.0105532 5 
0.00986326 0.0104614 5 
0.00984614 0.0108717 5 
0.00984467 0.0101472 5 
0.00983271 0.0102663 5 
0.00982666 0.0108042 5 
0.00980813 0.0108106 5 
0.00980678 0.0100461 5 
0.00980329 0.0107851 5 
0.00979938 0.0105768 5 
0.00979724 0.0101621 5 
0.00979448 0.0100388 5 
0.00979325 0.00995571 5 
0.00977015 0.00990316 5 
0.00975516 0.0101717 5 
0.00975128 0.0106747 5 
0.00974747 0.0101833 5 
0.00974297 0.0102933 5 
0.00973494 0.00977027 5 
0.00973257 0.00994093 5 
0.00973169 0.0098696 5 
0.00972434 0.0099346 5 
0.0097201 0.0106247 5 
0.00970087 0.0103487 5 
0.00968158 0.0102776 5 
0.0096784 0.0105243 5 
0.00966858 0.010345 5 
0.00964602 0.0101621 5 
0.00962292 0.0106498 5 
0.00962206 0.00977286 5 
0.00960418 0.0100518 5 
0.00959522 0.0101514 5 
0.00958876 0.0102808 5 
0.00957593 0.0102264 5 
0.00955259 0.010323 5 
0.00953628 0.0104772 5 
0.00953027 0.00974961 5 
0.0095278 0.0101548 5 
0.00952411 0.00999102 5 
0.00949816 0.010323 5 
0.00946795 0.0095195 5 
0.00944074 0.00968672 5 
0.00943329 0.0103182 5 
0.0094241 0.0104306 5 
0.0094202 0.0102629 5 
0.00941943 0.00984923 5 
0.00940516 0.00961799 5 
0.00939525 0.0104414 5 
0.00939103 0.0102976 5 
0.00935861 0.0102859 5 
0.0093572 0.00988756 5 
0.00934957 0.0100673 5 
0.00934876 0.0104024 5 
0.00934761 0.0102309 5 
0.00932377 0.0103004 5 
0.00932346 0.00978319 5 
0.00927676 0.0103707 5 
0.00926799 0.0105424 5 
0.0092621 0.00973635 5 
0.00924007 0.0100869 5 
0.00922123 0.0102309 5 
0.0092043 0.0105651 5 
0.00920174 0.0102824 5 
0.00918292 0.00995623 5 
0.00916296 0.0106562 5 
0.0091457 0.0104036 5 
0.00913356 0.00933614 5 
0.00912239 0.0104156 5 
0.00906155 0.0100955 5 
0.00903195 0.0104306 5 
0.00902303 0.0101207 5 
0.00897945 0.00915627 5 
0.00893292 0.00940046 5 
0.00893164 0.00917151 5 
0.00891206 0.00900709 5 
0.00887599 0.00926726 5 
0.00878269 0.00945869 5 
0.00877688 0.00895717 5 
0.00869014 0.00962134 5 
0.00617514 0.00620813 6 
0.00591549 0.00677529 6 
0.0058529 0.00592003 6 
0.00578259 0.00592003 6 
0.00572855 0.00615209 6 
0.00572644 0.00576397 6 
0.00571358 0.00581544 6 
0.0056277 0.00569837 6 
0.00561295 0.00565615 6 
0.00559011 0.00561499 6 
0.00558316 0.00582348 6 
0.00556394 0.00569631 6 
0.0055474 0.00585742 6 
0.00554155 0.00559302 6 
0.00551227 0.00582199 6 
0.0054857 0.00553307 6 
0.00548073 0.00584264 6 
0.0054497 0.00550685 6 
0.00541449 0.00567768 6 
0.00540767 0.00545219 6 
0.00540699 0.00569226 6 
0.00540215 0.00548571 6 
0.00539443 0.0055192 6 
0.00535208 0.00593943 6 
0.00534792 0.00550457 6 
0.00534298 0.00539667 6 
0.0053208 0.00538571 6 
0.00531036 0.00572919 6 
0.00530347 0.00550772 6 
0.00530112 0.00572269 6 
0.0052955 0.00582332 6 
0.00529182 0.00591867 6 
0.0052849 0.00563163 6 
0.00525823 0.00529231 6 
0.00524726 0.00542088 6 
0.00523761 0.00557628 6 
0.00523376 0.00555899 6 
0.00523251 0.00558953 6 
0.00522458 0.0056625 6 
0.00522444 0.00535671 6 
0.00522201 0.00536173 6 
0.00519126 0.00560381 6 
0.00518837 0.00542943 6 
0.00518757 0.00532377 6 
0.00518437 0.00522726 6 
0.00518201 0.00562973 6 
0.00517966 0.00556444 6 
0.00517893 0.00520163 6 
0.00517625 0.00565416 6 
0.00517612 0.00532421 6 
0.00517387 0.00532746 6 
0.00517263 0.00537608 6 
0.00517233 0.00518965 6 
0.00515275 0.00538042 6 
0.0051481 0.00526015 6 
0.00514385 0.00538353 6 
0.00514051 0.00538438 6 
0.00513868 0.00516756 6 
0.00512838 0.00542079 6 
0.00511187 0.00527205 6 
0.00511113 0.0055213 6 
0.00510797 0.00516442 6 
0.00510177 0.00511183 6 
0.00509941 0.00515391 6 
0.00507867 0.00521986 6 
0.00507478 0.00537173 6 
0.00507283 0.00543841 6 
0.00506958 0.00537811 6 
0.00506759 0.00542475 6 
0.00506272 0.00578283 6 
0.00505958 0.0055611 6 
0.00505773 0.00536332 6 
0.00505187 0.00509304 6 
0.00504639 0.00544386 6 
0.00504221 0.00514411 6 
0.00503785 0.00526886 6 
0.00502061 0.00520711 6 
0.00501572 0.00528966 6 
0.00501282 0.00520149 6 
0.00501028 0.00560574 6 
0.0050082 0.00572368 6 
0.00500639 0.00559 6 
0.00500472 0.00503753 6 
0.00500237 0.00556586 6 
0.00499389 0.00553995 6 
0.00498653 0.00502911 6 
0.00498133 0.00519549 6 
0.00496115 0.00534355 6 
0.00496073 0.00515412 6 
0.00495394 0.00500642 6 
0.00493903 0.00503753 6 
0.00493704 0.00515391 6 
0.00493418 0.00533918 6 
0.00493027 0.00510641 6 
0.00492777 0.00529918 6 
0.00490691 0.00551942 6 
0.00490084 0.00520701 6 
0.0048981 0.00517193 6 
0.00489798 0.00503753 6 
0.00489106 0.00503753 6 
0.00488294 0.00520551 6 
0.00487568 0.00555385 6 
0.00486429 0.00487322 6 
0.00486333 0.00524251 6 
0.00485529 0.00498934 6 
0.00485268 0.0050571 6 
0.00484937 0.00487685 6 
0.00484516 0.00507693 6 
0.00483605 0.00522626 6 
0.00480931 0.00517198 6 
0.0048084 0.00538438 6 
0.00479721 0.00482896 6 
0.00479004 0.00516528 6 
0.00478982 0.00497573 6 
0.00477753 0.00522728 6 
0.00477597 0.00483916 6 
0.00477427 0.00533173 6 
0.00476916 0.00517198 6 
0.00475203 0.00497248 6 
0.00474941 0.00521895 6 
0.00474819 0.00522726 6 
0.0047401 0.00531826 6 
0.0047382 0.00510608 6 
0.00473758 0.00493285 6 
0.0047352 0.00488241 6 
0.00473004 0.0052728 6 
0.00472535 0.00513037 6 
0.00472532 0.0052791 6 
0.00470731 0.00514512 6 
0.00469922 0.0052764 6 
0.00469029 0.00511309 6 
0.00468086 0.00496876 6 
0.00466587 0.00533414 6 
0.00466482 0.00511996 6 
0.00466017 0.00524046 6 
0.00464258 0.00536173 6 
0.00462351 0.0049273 6 
0.00461147 0.0051183 6 
0.00459932 0.00494794 6 
0.00459739 0.00527397 6 
0.00459352 0.00527034 6 
0.00457393 0.00499289 6 
0.00457102 0.0052764 6 
0.00455756 0.00521601 6 
0.00454424 0.00540007 6 
0.00454185 0.00492901 6 
0.00452639 0.00509532 6 
0.00448491 0.00514372 6 
0.00444629 0.00454556 6 
0.00443926 0.00494794 6 
0.0044357 0.00450251 6 
0.0043868 0.00456946 6 
0.00437204 0.0047109 6 
0.00436521 0.00448352 6 
0.00434266 0.00469037 6 
0.00432396 0.00440251 6 
0.00428496 0.00490383 6 
0.00312568 0.00313066 7 
0.00307064 0.00346344 7 
0.00295816 0.00299563 7 
0.00295345 0.00308921 7 
0.00290749 0.00318657 7 
0.00289754 0.00301735 7 
0.00288765 0.00291854 7 
0.00288448 0.00300822 7 
0.00285113 0.00296168 7 
0.0028372 0.00296029 7 
0.00282302 0.00283762 7 
0.00280812 0.00295618 7 
0.00279387 0.00285281 7 
0.00279138 0.00299498 7 
0.00278904 0.00301088 7 
0.00278843 0.00279 7 
0.00278533 0.00296099 7 
0.00277206 0.00284561 7 
0.00276998 0.00288874 7 
0.00276884 0.00290059 7 
0.00275994 0.00283398 7 
0.00272982 0.0030025 7 
0.00272763 0.00280139 7 
0.00272429 0.00276455 7 
0.0027239 0.00310188 7 
0.00271442 0.00273552 7 
0.00269344 0.00272819 7 
0.00269259 0.00288655 7 
0.00269234 0.00282252 7 
0.00268937 0.00280535 7 
0.00267956 0.00290854 7 
0.00266998 0.00281117 7 
0.00266604 0.00287514 7 
0.00265642 0.00272399 7 
0.00265511 0.00293544 7 
0.00265307 0.00271777 7 
0.00265292 0.00275239 7 
0.00265123 0.00267659 7 
0.00265071 0.00281529 7 
0.00264963 0.00270357 7 
0.00264094 0.00278914 7 
0.00263928 0.00269902 7 
0.00263648 0.00270715 7 
0.00262836 0.00264579 7 
0.00262779 0.00281697 7 
0.00262479 0.00285199 7 
0.00262256 0.00266164 7 
0.00261946 0.00274959 7 
0.00261505 0.00270357 7 
0.00261063 0.00276725 7 
0.00261035 0.00296282 7 
0.00260882 0.00264706 7 
0.00260732 0.00273345 7 
0.00259899 0.00288945 7 
0.00259572 0.00284952 7 
0.00259154 0.00260556 7 
0.00258659 0.00264793 7 
0.00258512 0.00261589 7 
0.00257922 0.0028867 7 
0.00257679 0.00280834 7 
0.00257514 0.00274811 7 
0.00257343 0.00273619 7 
0.00257151 0.00287754 7 
0.00256777 0.00258798 7 
0.00256651 0.00262833 7 
0.00256591 0.00271357 7 
0.00256418 0.00259582 7 
0.00255728 0.00263874 7 
0.00255718 0.00288934 7 
0.00255549 0.00285679 7 
0.00255474 0.00255756 7 
0.00255419 0.00284041 7 
0.00254359 0.00275044 7 
0.00253101 0.00270569 7 
0.0025232 0.00262123 7 
0.00252156 0.00271541 7 
0.00251979 0.00261085 7 
0.0025074 0.002709 7 
0.00250424 0.00263955 7 
0.00250407 0.00279837 7 
0.00250024 0.00253571 7 
0.00249918 0.00264575 7 
0.0024972 0.00256238 7 
0.00249092 0.002492 7 
0.00248992 0.002501 7 
0.00248646 0.00250329 7 
0.0024839 0.00269133 7 
0.00247829 0.00266164 7 
0.00247774 0.00255837 7 
0.00247663 0.00269699 7 
0.00247407 0.00261085 7 
0.00246541 0.00260701 7 
0.00245394 0.00257982 7 
0.00244929 0.00260358 7 
0.00244471 0.00261654 7 
0.00243888 0.00269048 7 
0.00243495 0.00266346 7 
0.00243151 0.0026736 7 
0.00242775 0.00264915 7 
0.00242641 0.00250866 7 
0.00242608 0.00243809 7 
0.00242408 0.00259101 7 
0.00242003 0.00293219 7 
0.00241765 0.00257346 7 
0.00241485 0.00276792 7 
0.00241293 0.00269755 7 
0.00241207 0.00257982 7 
0.00240486 0.00244831 7 
0.00240115 0.00255422 7 
0.00239981 0.00264575 7 
0.00239229 0.00256504 7 
0.00239153 0.00258873 7 
0.00238491 0.00275415 7 
0.0023833 0.00268284 7 
0.00237665 0.00274102 7 
0.0023676 0.00270096 7 
0.00235572 0.00264706 7 
0.00234873 0.00264793 7 
0.0023428 0.00263214 7 
0.00232426 0.00263925 7 
0.00232371 0.00273411 7 
0.00232179 0.0024501 7 
0.00230717 0.00248224 7 
0.00230553 0.00281359 7 
0.00230349 0.00270606 7 
0.00230052 0.00248487 7 
0.00228939 0.00273798 7 
0.00228216 0.00252124 7 
0.00228214 0.00245229 7 
0.00227691 0.00262699 7 
0.00225429 0.00228846 7 
0.00224276 0.00229106 7 
0.00221903 0.00245806 7 
0.00221006 0.00238953 7 
0.0021828 0.00220805 7 
0.00217792 0.00231468 7 
0.00217454 0.002393 7 
0.00214922 0.00254206 7 
0.00213501 0.00220805 7 
0.00160753 0.00178148 8 
0.00158412 0.00165661 8 
0.00153143 0.00157244 8 
0.00149903 0.00151789 8 
0.00149222 0.00158238 8 
0.00149206 0.00157244 8 
0.00149041 0.00157397 8 
0.00148511 0.00167054 8 
0.00147778 0.00150312 8 
0.00147601 0.00152081 8 
0.00147372 0.00150078 8 
0.00147361 0.0015033 8 
0.00147135 0.00152459 8 
0.00146544 0.00149192 8 
0.00146427 0.00152539 8 
0.00143034 0.00145034 8 
0.00142929 0.00149136 8 
0.00142869 0.00145816 8 
0.00142282 0.00157768 8 
0.00141778 0.0014933 8 
0.00141713 0.0016013 8 
0.0014065 0.00145272 8 
0.00140531 0.00151627 8 
0.00140498 0.00145152 8 
0.00140487 0.00143395 8 
0.00140032 0.00145018 8 
0.00139874 0.00142021 8 
0.00139575 0.00139636 8 
0.00139487 0.00141144 8 
0.00138944 0.00142064 8 
0.00138316 0.00147587 8 
0.00137986 0.00148619 8 
0.00137954 0.00139663 8 
0.0013795 0.00141545 8 
0.0013784 0.00138406 8 
0.00137563 0.00140862 8 
0.00137211 0.0014251 8 
0.00137031 0.00145118 8 
0.00136737 0.00136949 8 
0.00136409 0.001408 8 
0.00136302 0.00153144 8 
0.00136253 0.00141234 8 
0.00136114 0.00152172 8 
0.00135783 0.00136711 8 
0.00135697 0.00139258 8 
0.00135553 0.0014143 8 
0.00135407 0.00140469 8 
0.00135178 0.00143106 8 
0.00134961 0.00135869 8 
0.00134837 0.00144083 8 
0.00134642 0.00135627 8 
0.00134472 0.00151219 8 
0.00134363 0.00136454 8 
0.00134348 0.0015164 8 
0.00134155 0.00134633 8 
0.00134043 0.00136208 8 
0.00133974 0.00138406 8 
0.00133736 0.00146318 8 
0.00133431 0.00134737 8 
0.00133356 0.00135614 8 
0.00133312 0.00136774 8 
0.0013277 0.00143296 8 
0.00132542 0.00144784 8 
0.00132048 0.00142691 8 
0.00131995 0.00149493 8 
0.0013191 0.00138176 8 
0.00131853 0.00133017 8 
0.00131847 0.00150893 8 
0.00131681 0.00148543 8 
0.00131299 0.0013238 8 
0.00130901 0.00141819 8 
0.00130252 0.00141499 8 
0.00130191 0.001408 8 
0.00130137 0.00138894 8 
0.00130036 0.00141234 8 
0.00130005 0.00131445 8 
0.00129927 0.00147954 8 
0.00129888 0.00141323 8 
0.00129309 0.00139841 8 
0.00129213 0.0013381 8 
0.0012876 0.00137825 8 
0.00128188 0.00133218 8 
0.00128072 0.00139195 8 
0.00127919 0.00128383 8 
0.00127773 0.00137748 8 
0.00126927 0.00133473 8 
0.00126757 0.00131445 8 
0.00126703 0.00137486 8 
0.00126689 0.00127846 8 
0.00126662 0.00131478 8 
0.00126641 0.0013224 8 
0.00126545 0.00140141 8 
0.0012646 0.0013238 8 
0.00126073 0.00129191 8 
0.00125746 0.00136571 8 
0.00125481 0.00134873 8 
0.00125037 0.00136327 8 
0.00124865 0.00146916 8 
0.00124789 0.00133218 8 
0.00124729 0.00139865 8 
0.00124061 0.00152483 8 
0.00123956 0.00133649 8 
0.00123955 0.00138911 8 
0.00123736 0.00132227 8 
0.00123513 0.00124217 8 
0.00123492 0.00134673 8 
0.00123359 0.0014178 8 
0.00122356 0.00134971 8 
0.00122314 0.00132334 8 
0.00122034 0.00124166 8 
0.00120608 0.0013519 8 
0.00120456 0.00137859 8 
0.0011997 0.00137825 8 
0.00119737 0.00139669 8 
0.00119549 0.00126753 8 
0.00118939 0.00144901 8 
0.0011874 0.00122588 8 
0.00118699 0.00140782 8 
0.0011849 0.0014106 8 
0.00117276 0.00134928 8 
0.0011725 0.00124403 8 
0.00116811 0.00140095 8 
0.00116146 0.00129811 8 
0.00116124 0.0014156 8 
0.00115901 0.0011662 8 
0.0011471 0.00118139 8 
0.00114463 0.00122842 8 
0.00114414 0.00123428 8 
0.00112346 0.0012611 8 
0.00111981 0.00118584 8 
0.00109592 0.00133402 8 
0.00109156 0.0012187 8 
0.00107575 0.00110418 8 
0.000858816 0.000874785 9 
0.000847489 0.000920992 9 
0.000817348 0.000827602 9 
0.000808263 0.000827602 9 
0.000806872 0.000827602 9 
0.000788836 0.000798647 9 
0.000783925 0.000785196 9 
0.000782246 0.00080792 9 
0.000781877 0.000782701 9 
0.000778063 0.000828012 9 
0.000776764 0.000789786 9 
0.00077462 0.000788014 9 
0.000768841 0.00088021 9 
0.000767628 0.000779063 9 
0.000762458 0.000764871 9 
0.000754528 0.000767323 9 
0.000749399 0.000799107 9 
0.000744788 0.00079637 9 
0.000744026 0.000826845 9 
0.000742701 0.000771814 9 
0.00074268 0.000756872 9 
0.000740885 0.000744337 9 
0.000738638 0.000764619 9 
0.000735771 0.000757952 9 
0.000732821 0.000782217 9 
0.00072912 0.000735593 9 
0.000728544 0.000760075 9 
0.00072808 0.000738068 9 
0.000726678 0.000732955 9 
0.000724941 0.000730966 9 
0.000723021 0.000764871 9 
0.000721285 0.000734294 9 
0.000720037 0.000723476 9 
0.000719065 0.000808261 9 
0.000718597 0.000722562 9 
0.000717244 0.000722562 9 
0.000717243 0.000735829 9 
0.000715808 0.000747077 9 
0.000709582 0.0007167 9 
0.000709255 0.000727219 9 
0.000707502 0.000707975 9 
0.00070731 0.000798483 9 
0.000706603 0.000718414 9 
0.000705445 0.000706515 9 
0.000704673 0.000730955 9 
0.00070451 0.000710438 9 
0.000704161 0.000787232 9 
0.000703093 0.000776823 9 
0.00070308 0.00079637 9 
0.000702254 0.000745433 9 
0.000700477 0.000718946 9 
0.000699356 0.000715212 9 
0.000698708 0.000743764 9 
0.000697608 0.000725608 9 
0.000696761 0.000709611 9 
0.000696264 0.000710438 9 
0.000695894 0.000727219 9 
0.000693025 0.000702349 9 
0.00069263 0.000728763 9 
0.00069234 0.000755103 9 
0.000692269 0.000783021 9 
0.000691236 0.000692378 9 
0.000691225 0.00070104 9 
0.00068915 0.000713397 9 
0.000689141 0.000756257 9 
0.000688728 0.000761618 9 
0.000687721 0.00073489 9 
0.000686389 0.000691558 9 
0.000685515 0.000793047 9 
0.000684712 0.00069463 9 
0.000684285 0.000714954 9 
0.000683139 0.000689398 9 
0.000680696 0.000733475 9 
0.000679497 0.000725687 9 
0.000675487 0.00078177 9 
0.000675054 0.000701198 9 
0.000672672 0.000718414 9 
0.000671263 0.000723476 9 
0.000669893 0.000736378 9 
0.000669368 0.000780683 9 
0.000668721 0.000724002 9 
0.00066638 0.000742515 9 
0.000664927 0.00068361 9 
0.00066492 0.000710087 9 
0.000664744 0.000735512 9 
0.000663325 0.000667791 9 
0.00066281 0.000672482 9 
0.000662039 0.000707016 9 
0.000661216 0.000666895 9 
0.000658761 0.000713532 9 
0.000653709 0.000692037 9 
0.000653634 0.000664745 9 
0.000653058 0.000689072 9 
0.000652897 0.000685991 9 
0.000651645 0.000759439 9 
0.000651461 0.000730374 9 
0.000650652 0.000677032 9 
0.000649271 0.000726123 9 
0.000647802 0.000784009 9 
0.000646301 0.000696724 9 
0.000644308 0.000705022 9 
0.000644182 0.000711341 9 
0.000643907 0.00073649 9 
0.000643294 0.000667446 9 
0.000641567 0.000693002 9 
0.000641017 0.00067503 9 
0.00063509 0.00069958 9 
0.000634398 0.000710775 9 
0.000627894 0.00065479 9 
0.000625233 0.00063028 9 
0.000624846 0.000717476 9 
0.000622955 0.000640066 9 
0.000620347 0.000724491 9 
0.000616645 0.000718946 9 
0.0006152 0.000743686 9 
0.0006144 0.000733419 9 
0.000613747 0.000618746 9 
0.000612543 0.000721521 9 
0.000610783 0.000701699 9 
0.000607327 0.000742166 9 
0.000604396 0.000628473 9 
0.000600144 0.000601549 9 
0.000598332 0.000732974 9 
0.00059743 0.000682005 9 
0.000592997 0.000623932 9 
0.000591837 0.000615388 9 
0.000590693 0.000626941 9 
0.000584027 0.000612993 9 
0.000574834 0.00064157 9 
0.00056726 0.000706527 9 
0.000558724 0.000559605 9 
0.000554175 0.000631957 9 
