0 0.497901 0 
0 0.500304 0 
0 0.501068 0 
0 0.503059 0 
0 0.503497 0 
0 0.503545 0 
0 0.503929 0 
0 0.504022 0 
0 0.50423 0 
0 0.504261 0 
0 0.504434 0 
0 0.504453 0 
0 0.50472 0 
0 0.504844 0 
0 0.505162 0 
0 0.50562 0 
0 0.505797 0 
0 0.506099 0 
0 0.506113 0 
0 0.506183 0 
0 0.506236 0 
0 0.506248 0 
0 0.506265 0 
0 0.506413 0 
0 0.506505 0 
0 0.506544 0 
0 0.506545 0 
0 0.506555 0 
0 0.506593 0 
0 0.506602 0 
0 0.506686 0 
0 0.506687 0 
0 0.506705 0 
0 0.50679 0 
0 0.506934 0 
0 0.507194 0 
0 0.507227 0 
0 0.507229 0 
0 0.507249 0 
0 0.507289 0 
0 0.507365 0 
0 0.507365 0 
0 0.507369 0 
0 0.507395 0 
0 0.507409 0 
0 0.507426 0 
0 0.507464 0 
0 0.507498 0 
0 0.50756 0 
0 0.507596 0 
0 0.507616 0 
0 0.507681 0 
0 0.507986 0 
0 0.508088 0 
0 0.508182 0 
0 0.508184 0 
0 0.508219 0 
0 0.508226 0 
0 0.508323 0 
0 0.508362 0 
0 0.508381 0 
0 0.508389 0 
0 0.508546 0 
0 0.508555 0 
0 0.50867 0 
0 0.508852 0 
0 0.508915 0 
0 0.50899 0 
0 0.509023 0 
0 0.509091 0 
0 0.509252 0 
0 0.509322 0 
0 0.509332 0 
0 0.509337 0 
0 0.509344 0 
0 0.509363 0 
0 0.509374 0 
0 0.509434 0 
0 0.509485 0 
0 0.509638 0 
0 0.509638 0 
0 0.509654 0 
0 0.509657 0 
0 0.509689 0 
0 0.509737 0 
0 0.509738 0 
0 0.509742 0 
0 0.509757 0 
0 0.509889 0 
0 0.509977 0 
0 0.510038 0 
0 0.510048 0 
0 0.510066 0 
0 0.510131 0 
0 0.510156 0 
0 0.510176 0 
0 0.51023 0 
0 0.510253 0 
0 0.510266 0 
0 0.510346 0 
0 0.510418 0 
0 0.51046 0 
0 0.510595 0 
0 0.510632 0 
0 0.510719 0 
0 0.510773 0 
0 0.510891 0 
0 0.510995 0 
0 0.511 0 
0 0.511006 0 
0 0.511016 0 
0 0.511102 0 
0 0.511139 0 
0 0.511362 0 
0 0.511479 0 
0 0.511522 0 
0 0.511545 0 
0 0.511643 0 
0 0.511682 0 
0 0.511968 0 
0 0.512257 0 
0 0.512304 0 
0 0.512541 0 
0 0.512728 0 
0 0.513284 0 
0 0.513338 0 
0 0.513486 0 
0 inf 0 
0 0.194152 1 
0 0.194178 1 
0 0.194784 1 
0 0.195656 1 
0 0.195837 1 
0 0.196027 1 
0 0.197053 1 
0 0.197406 1 
0 0.197439 1 
0 0.197526 1 
0 0.197773 1 
0 0.197891 1 
0 0.198066 1 
0 0.198094 1 
0 0.198098 1 
0 0.198218 1 
0 0.19833 1 
0 0.198607 1 
0 0.198728 1 
0 0.198869 1 
0 0.198936 1 
0 0.199065 1 
0 0.199099 1 
0 0.19915 1 
0 0.199204 1 
0 0.199264 1 
0 0.199533 1 
0 0.199567 1 
0 0.199573 1 
0 0.199581 1 
0 0.199607 1 
0 0.199835 1 
0 0.199898 1 
0 0.1999 1 
0 0.199997 1 
0 0.200073 1 
0 0.200164 1 
0 0.200235 1 
0 0.200255 1 
0 0.200282 1 
0 0.20029 1 
0 0.200345 1 
0 0.200418 1 
0 0.200472 1 
0 0.200626 1 
0 0.200639 1 
0 0.200646 1 
0 0.200826 1 
0 0.200829 1 
0 0.200876 1 
0 0.200966 1 
0 0.200969 1 
0 0.20097 1 
0 0.201145 1 
0 0.201146 1 
0 0.201302 1 
0 0.201423 1 
0 0.20144 1 
0 0.201445 1 
0 0.201463 1 
0 0.201484 1 
0 0.201486 1 
0 0.201495 1 
0 0.201503 1 
0 0.201544 1 
0 0.201643 1 
0 0.201722 1 
0 0.201726 1 
0 0.201804 1 
0 0.201818 1 
0 0.20189 1 
0 0.201943 1 
0 0.202018 1 
0 0.202082 1 
0 0.202111 1 
0 0.202168 1 
0 0.202171 1 
0 0.202229 1 
0 0.202359 1 
0 0.202375 1 
0 0.202417 1 
0 0.202554 1 
0 0.202597 1 
0 0.202624 1 
0 0.202661 1 
0 0.202668 1 
0 0.202683 1 
0 0.202702 1 
0 0.202778 1 
0 0.202803 1 
0 0.202825 1 
0 0.202839 1 
0 0.202846 1 
0 0.202912 1 
0 0.202928 1 
0 0.202956 1 
0 0.202965 1 
0 0.202982 1 
0 0.203324 1 
0 0.203344 1 
0 0.203397 1 
0 0.203449 1 
0 0.203508 1 
0 0.203525 1 
0 0.203568 1 
0 0.203691 1 
0 0.203739 1 
0 0.203813 1 
0 0.203896 1 
0 0.203983 1 
0 0.204059 1 
0 0.204139 1 
0 0.204286 1 
0 0.204336 1 
0 0.204399 1 
0 0.204492 1 
0 0.204621 1 
0 0.204636 1 
0 0.204795 1 
0 0.20497 1 
0 0.205056 1 
0 0.205076 1 
0 0.205508 1 
0 0.205575 1 
0 0.205721 1 
0 0.205813 1 
0 0.207543 1 
0 inf 1 
0 0.0797822 2 
0 0.0800568 2 
0 0.0806335 2 
0 0.0812562 2 
0 0.0814225 2 
0 0.081522 2 
0 0.0815855 2 
0 0.0820842 2 
0 0.0825958 2 
0 0.0827015 2 
0 0.0828266 2 
0 0.0828982 2 
0 0.0832381 2 
0 0.0833632 2 
0 0.0833652 2 
0 0.0834683 2 
0 0.0840821 2 
0 0.0841812 2 
0 0.0842302 2 
0 0.0842567 2 
0 0.0843715 2 
0 0.0844696 2 
0 0.0846766 2 
0 0.0847137 2 
0 0.0847594 2 
0 0.0848572 2 
0 0.084879 2 
0 0.0848959 2 
0 0.0849758 2 
0 0.0850239 2 
0 0.0850508 2 
0 0.0851144 2 
0 0.0851899 2 
0 0.0852754 2 
0 0.0852885 2 
0 0.0852948 2 
0 0.085356 2 
0 0.0853602 2 
0 0.0854804 2 
0 0.0855231 2 
0 0.0855261 2 
0 0.0855315 2 
0 0.0855428 2 
0 0.0855749 2 
0 0.0856296 2 
0 0.0856656 2 
0 0.0856796 2 
0 0.0857149 2 
0 0.0857766 2 
0 0.085789 2 
0 0.0858042 2 
0 0.0858597 2 
0 0.0859645 2 
0 0.0859733 2 
0 0.0859749 2 
0 0.0860026 2 
0 0.0860311 2 
0 0.0860328 2 
0 0.086096 2 
0 0.086131 2 
0 0.086181 2 
0 0.0862432 2 
0 0.086257 2 
0 0.0862822 2 
0 0.0862911 2 
0 0.0865303 2 
0 0.086674 2 
0 0.086789 2 
0 0.0867911 2 
0 0.0867982 2 
0 0.0868267 2 
0 0.0868371 2 
0 0.0869413 2 
0 0.0869861 2 
0 0.086995 2 
0 0.0870246 2 
0 0.0870488 2 
0 0.0870821 2 
0 0.0870956 2 
0 0.08719 2 
0 0.0872045 2 
0 0.0872417 2 
0 0.0872621 2 
0 0.087331 2 
0 0.087341 2 
0 0.087415 2 
0 0.0874473 2 
0 0.0874575 2 
0 0.0875422 2 
0 0.0875439 2 
0 0.0875769 2 
0 0.0876468 2 
0 0.0876557 2 
0 0.0876669 2 
0 0.0876712 2 
0 0.0876873 2 
0 0.087724 2 
0 0.0878436 2 
0 0.0878506 2 
0 0.0879484 2 
0 0.0879734 2 
0 0.0880136 2 
0 0.0880568 2 
0 0.0880973 2 
0 0.088121 2 
0 0.0881321 2 
0 0.0881372 2 
0 0.0881752 2 
0 0.0882931 2 
0 0.0883502 2 
0 0.0884643 2 
0 0.0885336 2 
0 0.0885675 2 
0 0.088609 2 
0 0.0886094 2 
0 0.0888071 2 
0 0.0888758 2 
0 0.088957 2 
0 0.0890562 2 
0 0.0890642 2 
0 0.0892881 2 
0 0.0893917 2 
0 0.0894163 2 
0 0.0895922 2 
0 0.0899343 2 
0 0.0909886 2 
0 0.092655 2 
0 inf 2 
0 0.0342566 3 
0 0.0347358 3 
0 0.0349888 3 
0 0.035106 3 
0 0.0361997 3 
0 0.036201 3 
0 0.0363013 3 
0 0.0364008 3 
0 0.0365409 3 
0 0.0369547 3 
0 0.0371947 3 
0 0.0372857 3 
0 0.0373191 3 
0 0.0373453 3 
0 0.0374151 3 
0 0.0374273 3 
0 0.0376733 3 
0 0.0376915 3 
0 0.0378002 3 
0 0.037867 3 
0 0.0379478 3 
0 0.038075 3 
0 0.038094 3 
0 0.0382564 3 
0 0.038276 3 
0 0.038319 3 
0 0.0383246 3 
0 0.0383276 3 
0 0.0383326 3 
0 0.038389 3 
0 0.0384123 3 
0 0.0384396 3 
0 0.0384799 3 
0 0.0384803 3 
0 0.0384958 3 
0 0.0385692 3 
0 0.0385737 3 
0 0.0385884 3 
0 0.0386384 3 
0 0.038652 3 
0 0.0386538 3 
0 0.0386862 3 
0 0.03869 3 
0 0.0387163 3 
0 0.0387439 3 
0 0.0388017 3 
0 0.0388213 3 
0 0.0388545 3 
0 0.0389355 3 
0 0.0389723 3 
0 0.0389753 3 
0 0.0389873 3 
0 0.0390017 3 
0 0.0391616 3 
0 0.0393225 3 
0 0.0393235 3 
0 0.0393622 3 
0 0.0393871 3 
0 0.0393959 3 
0 0.0394075 3 
0 0.0394241 3 
0 0.0394305 3 
0 0.0394574 3 
0 0.0394735 3 
0 0.0395671 3 
0 0.0395798 3 
0 0.0395974 3 
0 0.0396702 3 
0 0.0396968 3 
0 0.0397142 3 
0 0.0397278 3 
0 0.0397349 3 
0 0.0397407 3 
0 0.0397949 3 
0 0.0398231 3 
0 0.0398436 3 
0 0.0398584 3 
0 0.0398808 3 
0 0.0399081 3 
0 0.0399464 3 
0 0.0399852 3 
0 0.0400669 3 
0 0.0400762 3 
0 0.0400937 3 
0 0.0401255 3 
0 0.0401275 3 
0 0.0401293 3 
0 0.0401451 3 
0 0.0401536 3 
0 0.040163 3 
0 0.0401684 3 
0 0.0401739 3 
0 0.0401796 3 
0 0.040188 3 
0 0.0402241 3 
0 0.0403454 3 
0 0.0403715 3 
0 0.040475 3 
0 0.0404781 3 
0 0.0405236 3 
0 0.0405882 3 
0 0.0405953 3 
0 0.040605 3 
0 0.0406524 3 
0 0.0407442 3 
0 0.0407463 3 
0 0.0408019 3 
0 0.0408549 3 
0 0.0409174 3 
0 0.0409319 3 
0 0.0409321 3 
0 0.040983 3 
0 0.0410485 3 
0 0.0410953 3 
0 0.0411504 3 
0 0.0411532 3 
0 0.0412835 3 
0 0.0412899 3 
0 0.0415059 3 
0 0.0415548 3 
0 0.0416186 3 
0 0.0416708 3 
0 0.0418108 3 
0 0.0418219 3 
0 0.0418439 3 
0 0.0436347 3 
0 0.0437005 3 
0 inf 3 
0 0.0154633 4 
0 0.0156857 4 
0 0.0157096 4 
0 0.0160276 4 
0 0.016744 4 
0 0.0168302 4 
0 0.0169503 4 
0 0.0170164 4 
0 0.0173383 4 
0 0.0173713 4 
0 0.0174206 4 
0 0.0174482 4 
0 0.0175178 4 
0 0.0175824 4 
0 0.0176634 4 
0 0.0177348 4 
0 0.017752 4 
0 0.0177605 4 
0 0.0177779 4 
0 0.017859 4 
0 0.0178632 4 
0 0.0178869 4 
0 0.0179323 4 
0 0.0179532 4 
0 0.0179947 4 
0 0.0180228 4 
0 0.0180841 4 
0 0.0180912 4 
0 0.0181128 4 
0 0.0181177 4 
0 0.0181303 4 
0 0.0181409 4 
0 0.0181638 4 
0 0.0181962 4 
0 0.0182685 4 
0 0.0182736 4 
0 0.018286 4 
0 0.0183013 4 
0 0.0183079 4 
0 0.0183163 4 
0 0.0183349 4 
0 0.0183734 4 
0 0.0183961 4 
0 0.0184195 4 
0 0.0184551 4 
0 0.0184563 4 
0 0.0184875 4 
0 0.0184976 4 
0 0.0185458 4 
0 0.0185514 4 
0 0.0185653 4 
0 0.0185773 4 
0 0.0186191 4 
0 0.0186289 4 
0 0.0186328 4 
0 0.0186429 4 
0 0.018687 4 
0 0.0186946 4 
0 0.0187064 4 
0 0.0187798 4 
0 0.0187934 4 
0 0.0187949 4 
0 0.0188063 4 
0 0.0188134 4 
0 0.0188829 4 
0 0.0189128 4 
0 0.0189607 4 
0 0.018995 4 
0 0.0189968 4 
0 0.0189974 4 
0 0.0190021 4 
0 0.0190132 4 
0 0.0190309 4 
0 0.019043 4 
0 0.0190462 4 
0 0.019057 4 
0 0.0190648 4 
0 0.0190731 4 
0 0.0190824 4 
0 0.0191033 4 
0 0.0191879 4 
0 0.0192313 4 
0 0.019284 4 
0 0.0192844 4 
0 0.0192886 4 
0 0.0192976 4 
0 0.0193019 4 
0 0.0193111 4 
0 0.0193195 4 
0 0.0193345 4 
0 0.0193357 4 
0 0.0193552 4 
0 0.0194077 4 
0 0.0194174 4 
0 0.0194205 4 
0 0.0194377 4 
0 0.0194395 4 
0 0.0194883 4 
0 0.0195413 4 
0 0.0195772 4 
0 0.0196125 4 
0 0.0196293 4 
0 0.0196643 4 
0 0.0197031 4 
0 0.0197069 4 
0 0.0197136 4 
0 0.0199085 4 
0 0.0199123 4 
0 0.019928 4 
0 0.0199456 4 
0 0.0200323 4 
0 0.0200384 4 
0 0.0200721 4 
0 0.0200946 4 
0 0.0200958 4 
0 0.0200982 4 
0 0.0201905 4 
0 0.0202078 4 
0 0.0202327 4 
0 0.0203135 4 
0 0.0204675 4 
0 0.020516 4 
0 0.0205522 4 
0 0.0205724 4 
0 0.0208997 4 
0 0.0211337 4 
0 0.021514 4 
0 inf 4 
0 0.00726855 5 
0 0.00731844 5 
0 0.00737771 5 
0 0.00762177 5 
0 0.00802031 5 
0 0.00803518 5 
0 0.00828096 5 
0 0.00834553 5 
0 0.00837248 5 
0 0.00842759 5 
0 0.00844353 5 
0 0.00850913 5 
0 0.0085424 5 
0 0.00855622 5 
0 0.00860486 5 
0 0.00863084 5 
0 0.00863725 5 
0 0.00865008 5 
0 0.00865134 5 
0 0.00869387 5 
0 0.00870693 5 
0 0.0087317 5 
0 0.00875313 5 
0 0.00877055 5 
0 0.00878432 5 
0 0.00878696 5 
0 0.00882549 5 
0 0.00883372 5 
0 0.00884117 5 
0 0.00884441 5 
0 0.00884798 5 
0 0.00886662 5 
0 0.0088819 5 
0 0.00889064 5 
0 0.00891789 5 
0 0.00892395 5 
0 0.0089547 5 
0 0.00897042 5 
0 0.0090218 5 
0 0.00902718 5 
0 0.00903857 5 
0 0.00906351 5 
0 0.00907074 5 
0 0.00910153 5 
0 0.00910174 5 
0 0.00910751 5 
0 0.0091164 5 
0 0.00911667 5 
0 0.00913024 5 
0 0.00915993 5 
0 0.00919958 5 
0 0.00919975 5 
0 0.00920057 5 
0 0.00922429 5 
0 0.00922744 5 
0 0.00923977 5 
0 0.00925271 5 
0 0.00926398 5 
0 0.00926709 5 
0 0.00927726 5 
0 0.00928254 5 
0 0.00929358 5 
0 0.00929865 5 
0 0.00932907 5 
0 0.00934666 5 
0 0.00935955 5 
0 0.00938057 5 
0 0.00938237 5 
0 0.00940413 5 
0 0.00941394 5 
0 0.00941827 5 
0 0.00941884 5 
0 0.0094231 5 
0 0.0094417 5 
0 0.0094457 5 
0 0.00948128 5 
0 0.00949477 5 
0 0.00949886 5 
0 0.00951589 5 
0 0.00954561 5 
0 0.00955062 5 
0 0.00956633 5 
0 0.00956937 5 
0 0.00957461 5 
0 0.00957639 5 
0 0.00958239 5 
0 0.00958532 5 
0 0.00961012 5 
0 0.00961704 5 
0 0.00962925 5 
0 0.00963166 5 
0 0.00964862 5 
0 0.00966715 5 
0 0.00968157 5 
0 0.00968368 5 
0 0.009697 5 
0 0.00976199 5 
0 0.00979924 5 
0 0.00981074 5 
0 0.00981113 5 
0 0.00981838 5 
0 0.00984803 5 
0 0.00990306 5 
0 0.00991613 5 
0 0.00992412 5 
0 0.00994312 5 
0 0.00998304 5 
0 0.00999112 5 
0 0.0100036 5 
0 0.0100429 5 
0 0.0100922 5 
0 0.0101428 5 
0 0.0101773 5 
0 0.0101907 5 
0 0.0102095 5 
0 0.0102295 5 
0 0.010232 5 
0 0.0102529 5 
0 0.0102761 5 
0 0.010396 5 
0 0.0104104 5 
0 0.0104278 5 
0 0.0105041 5 
0 0.0105309 5 
0 0.0105357 5 
0 0.0107369 5 
0 0.0107525 5 
0 inf 5 
0 0.00346251 6 
0 0.00359335 6 
0 0.00362157 6 
0 0.00373571 6 
0 0.00392817 6 
0 0.00398237 6 
0 0.00408283 6 
0 0.00418665 6 
0 0.00418892 6 
0 0.00423235 6 
0 0.00424045 6 
0 0.00424877 6 
0 0.00426188 6 
0 0.00426957 6 
0 0.00427611 6 
0 0.0042791 6 
0 0.00430069 6 
0 0.00430572 6 
0 0.00433515 6 
0 0.00434576 6 
0 0.00435332 6 
0 0.00435823 6 
0 0.00436773 6 
0 0.0043868 6 
0 0.00439039 6 
0 0.00440516 6 
0 0.00442603 6 
0 0.00443646 6 
0 0.00445685 6 
0 0.00445694 6 
0 0.00446848 6 
0 0.00447284 6 
0 0.00447373 6 
0 0.00447875 6 
0 0.00448165 6 
0 0.00448242 6 
0 0.00451153 6 
0 0.00453504 6 
0 0.00455261 6 
0 0.00455457 6 
0 0.00455928 6 
0 0.00456552 6 
0 0.00458385 6 
0 0.00459257 6 
0 0.00459611 6 
0 0.00461971 6 
0 0.00463273 6 
0 0.00463502 6 
0 0.00463744 6 
0 0.00463818 6 
0 0.00464175 6 
0 0.00464771 6 
0 0.00465881 6 
0 0.00466994 6 
0 0.00467842 6 
0 0.00468308 6 
0 0.00470541 6 
0 0.00471523 6 
0 0.00471597 6 
0 0.00471954 6 
0 0.00472489 6 
0 0.00472944 6 
0 0.00475762 6 
0 0.00476254 6 
0 0.00476631 6 
0 0.00477024 6 
0 0.00477404 6 
0 0.00477759 6 
0 0.00478502 6 
0 0.004807 6 
0 0.00480951 6 
0 0.00481111 6 
0 0.00481138 6 
0 0.00481842 6 
0 0.00482751 6 
0 0.00483381 6 
0 0.00484258 6 
0 0.00484696 6 
0 0.00485668 6 
0 0.00488336 6 
0 0.00489234 6 
0 0.00489403 6 
0 0.00491813 6 
0 0.00492328 6 
0 0.00492865 6 
0 0.00492875 6 
0 0.00493338 6 
0 0.00493689 6 
0 0.00495023 6 
0 0.00495403 6 
0 0.0049661 6 
0 0.00496762 6 
0 0.00497376 6 
0 0.00497382 6 
0 0.00497536 6 
0 0.00500217 6 
0 0.00501095 6 
0 0.00501752 6 
0 0.00503434 6 
0 0.00506128 6 
0 0.00506359 6 
0 0.00506722 6 
0 0.00506924 6 
0 0.00511797 6 
0 0.00513595 6 
0 0.00516205 6 
0 0.00516217 6 
0 0.0051654 6 
0 0.00518017 6 
0 0.00518511 6 
0 0.00520409 6 
0 0.00521915 6 
0 0.0052247 6 
0 0.00523539 6 
0 0.00523756 6 
0 0.00527881 6 
0 0.00530616 6 
0 0.00530742 6 
0 0.00534814 6 
0 0.00535397 6 
0 0.00546795 6 
0 0.00551401 6 
0 0.00551639 6 
0 0.00553826 6 
0 0.0055431 6 
0 0.00558362 6 
0 0.00558875 6 
0 inf 6 
0 0.00169294 7 
0 0.0018034 7 
0 0.00186653 7 
0 0.00187785 7 
0 0.00196747 7 
0 0.00202655 7 
0 0.00204552 7 
0 0.00211242 7 
0 0.00212819 7 
0 0.00215009 7 
0 0.00215522 7 
0 0.00216317 7 
0 0.0021713 7 
0 0.00217727 7 
0 0.00218447 7 
0 0.00219309 7 
0 0.00220153 7 
0 0.00220299 7 
0 0.00220369 7 
0 0.00221322 7 
0 0.0022355 7 
0 0.00224583 7 
0 0.0022473 7 
0 0.00225131 7 
0 0.00225225 7 
0 0.00226811 7 
0 0.00227811 7 
0 0.00228269 7 
0 0.00229495 7 
0 0.00229672 7 
0 0.00229725 7 
0 0.00230444 7 
0 0.00230483 7 
0 0.0023069 7 
0 0.00231175 7 
0 0.00231236 7 
0 0.00231367 7 
0 0.00231461 7 
0 0.00231547 7 
0 0.00232398 7 
0 0.0023253 7 
0 0.00234275 7 
0 0.00234831 7 
0 0.00235035 7 
0 0.0023545 7 
0 0.00235569 7 
0 0.0023669 7 
0 0.00236822 7 
0 0.0023831 7 
0 0.00239295 7 
0 0.00239572 7 
0 0.00239856 7 
0 0.00241267 7 
0 0.00241537 7 
0 0.00241861 7 
0 0.00242008 7 
0 0.00242536 7 
0 0.00244258 7 
0 0.00244377 7 
0 0.00245277 7 
0 0.00245489 7 
0 0.0024607 7 
0 0.00246551 7 
0 0.00247407 7 
0 0.00247974 7 
0 0.00248347 7 
0 0.00249137 7 
0 0.00249435 7 
0 0.00249683 7 
0 0.00250183 7 
0 0.0025026 7 
0 0.00250862 7 
0 0.00251024 7 
0 0.00251249 7 
0 0.00251255 7 
0 0.00251507 7 
0 0.00253246 7 
0 0.00253314 7 
0 0.00254461 7 
0 0.00255011 7 
0 0.00255015 7 
0 0.00255136 7 
0 0.00257971 7 
0 0.00258013 7 
0 0.00258663 7 
0 0.00258902 7 
0 0.0025911 7 
0 0.00259263 7 
0 0.00259475 7 
0 0.00262165 7 
0 0.00262693 7 
0 0.00262796 7 
0 0.00263092 7 
0 0.00263468 7 
0 0.00263584 7 
0 0.00263682 7 
0 0.00264148 7 
0 0.00264303 7 
0 0.00264307 7 
0 0.00264616 7 
0 0.0026475 7 
0 0.0026584 7 
0 0.00266093 7 
0 0.00266864 7 
0 0.0026711 7 
0 0.00267181 7 
0 0.00267538 7 
0 0.0026787 7 
0 0.00268129 7 
0 0.00268349 7 
0 0.00270912 7 
0 0.00272392 7 
0 0.00272613 7 
0 0.00274304 7 
0 0.00276279 7 
0 0.00276686 7 
0 0.00279434 7 
0 0.00283406 7 
0 0.00285541 7 
0 0.00286526 7 
0 0.00288288 7 
0 0.00288999 7 
0 0.0028993 7 
0 0.0029114 7 
0 0.00296061 7 
0 0.00298427 7 
0 0.00305549 7 
0 inf 7 
0 0.000847566 8 
0 0.000928839 8 
0 0.000964898 8 
0 0.000996533 8 
0 0.00100388 8 
0 0.00104796 8 
0 0.0010541 8 
0 0.00108466 8 
0 0.00108887 8 
0 0.00109153 8 
0 0.00110625 8 
0 0.00112251 8 
0 0.00112406 8 
0 0.00112525 8 
0 0.00113065 8 
0 0.00113552 8 
0 0.00113596 8 
0 0.00114587 8 
0 0.00115957 8 
0 0.00116589 8 
0 0.00117068 8 
0 0.00117107 8 
0 0.00117258 8 
0 0.00117649 8 
0 0.00117908 8 
0 0.00118694 8 
0 0.00119206 8 
0 0.00119441 8 
0 0.00119827 8 
0 0.00120062 8 
0 0.00120119 8 
0 0.00120194 8 
0 0.00120485 8 
0 0.00120551 8 
0 0.0012111 8 
0 0.00121134 8 
0 0.00121143 8 
0 0.00121696 8 
0 0.00121785 8 
0 0.00122027 8 
0 0.00122063 8 
0 0.00122505 8 
0 0.00122799 8 
0 0.00123105 8 
0 0.00123135 8 
0 0.00123524 8 
0 0.00123932 8 
0 0.00124036 8 
0 0.00124983 8 
0 0.00125462 8 
0 0.00125497 8 
0 0.00126058 8 
0 0.00126396 8 
0 0.00127017 8 
0 0.00127119 8 
0 0.00127139 8 
0 0.00127843 8 
0 0.00127947 8 
0 0.00128665 8 
0 0.00128758 8 
0 0.00129236 8 
0 0.00130574 8 
0 0.00130798 8 
0 0.00130813 8 
0 0.00131021 8 
0 0.00131044 8 
0 0.00131171 8 
0 0.00131357 8 
0 0.00131515 8 
0 0.00131752 8 
0 0.00131766 8 
0 0.0013181 8 
0 0.00132007 8 
0 0.00132621 8 
0 0.00132866 8 
0 0.00133613 8 
0 0.00133877 8 
0 0.00133989 8 
0 0.00134079 8 
0 0.00134775 8 
0 0.0013626 8 
0 0.00136326 8 
0 0.00136413 8 
0 0.00137187 8 
0 0.00137768 8 
0 0.00137952 8 
0 0.00137988 8 
0 0.00137991 8 
0 0.00138069 8 
0 0.00138166 8 
0 0.00138281 8 
0 0.00139012 8 
0 0.00139024 8 
0 0.00139149 8 
0 0.00139237 8 
0 0.00140787 8 
0 0.00141196 8 
0 0.00141433 8 
0 0.00141454 8 
0 0.00141747 8 
0 0.00142429 8 
0 0.0014286 8 
0 0.00143096 8 
0 0.00143293 8 
0 0.00143584 8 
0 0.00143679 8 
0 0.00144013 8 
0 0.00144325 8 
0 0.00145135 8 
0 0.0014527 8 
0 0.00145773 8 
0 0.00146528 8 
0 0.00146864 8 
0 0.00147981 8 
0 0.00148554 8 
0 0.00148635 8 
0 0.00149278 8 
0 0.00150125 8 
0 0.00152455 8 
0 0.0015333 8 
0 0.00153751 8 
0 0.0015508 8 
0 0.00157132 8 
0 0.00159319 8 
0 0.00160502 8 
0 0.00161549 8 
0 0.00164572 8 
0 inf 8 
0 0.000433663 9 
0 0.000489323 9 
0 0.000505652 9 
0 0.000520282 9 
0 0.000547669 9 
0 0.000548509 9 
0 0.000558499 9 
0 0.000561683 9 
0 0.000562264 9 
0 0.00057262 9 
0 0.000575855 9 
0 0.000583884 9 
0 0.000584209 9 
0 0.000585202 9 
0 0.000594428 9 
0 0.00059527 9 
0 0.000604107 9 
0 0.00060468 9 
0 0.000604943 9 
0 0.000605514 9 
0 0.000606576 9 
0 0.000618656 9 
0 0.000618687 9 
0 0.000620645 9 
0 0.00062777 9 
0 0.000630338 9 
0 0.000631979 9 
0 0.000634427 9 
0 0.000641001 9 
0 0.000641745 9 
0 0.000641939 9 
0 0.000643053 9 
0 0.000644917 9 
0 0.000645132 9 
0 0.000645582 9 
0 0.000646655 9 
0 0.000648294 9 
0 0.000648565 9 
0 0.000649962 9 
0 0.000650257 9 
0 0.000652158 9 
0 0.000654495 9 
0 0.000654987 9 
0 0.000660735 9 
0 0.000661057 9 
0 0.000661379 9 
0 0.00066194 9 
0 0.000663205 9 
0 0.000664234 9 
0 0.000666712 9 
0 0.00066805 9 
0 0.000668108 9 
0 0.000668446 9 
0 0.000671584 9 
0 0.000677529 9 
0 0.000681728 9 
0 0.000683241 9 
0 0.000684344 9 
0 0.000691411 9 
0 0.000692154 9 
0 0.000693441 9 
0 0.000694159 9 
0 0.000696821 9 
0 0.000698165 9 
0 0.000698657 9 
0 0.000700095 9 
0 0.000700388 9 
0 0.000701048 9 
0 0.00070385 9 
0 0.000704289 9 
0 0.000705334 9 
0 0.00070662 9 
0 0.000707154 9 
0 0.000710646 9 
0 0.00071195 9 
0 0.000717206 9 
0 0.000718156 9 
0 0.000721169 9 
0 0.000721853 9 
0 0.000723234 9 
0 0.000723622 9 
0 0.000726111 9 
0 0.000726209 9 
0 0.000728101 9 
0 0.00073319 9 
0 0.000733818 9 
0 0.000734595 9 
0 0.00073675 9 
0 0.000739898 9 
0 0.000745085 9 
0 0.000745089 9 
0 0.000752495 9 
0 0.000758568 9 
0 0.000759712 9 
0 0.000762066 9 
0 0.000762599 9 
0 0.000766267 9 
0 0.000769322 9 
0 0.000770104 9 
0 0.000772242 9 
0 0.000775642 9 
0 0.000777148 9 
0 0.000785227 9 
0 0.000786102 9 
0 0.000786288 9 
0 0.0007868 9 
0 0.000787345 9 
0 0.000791392 9 
0 0.000793365 9 
0 0.000795212 9 
0 0.000798342 9 
0 0.000803596 9 
0 0.000808624 9 
0 0.000817821 9 
0 0.000817976 9 
0 0.00081814 9 
0 0.000819367 9 
0 0.000824731 9 
0 0.000825449 9 
0 0.000825907 9 
0 0.000828873 9 
0 0.000854385 9 
0 0.000860597 9 
0 0.000868057 9 
0 0.000868924 9 
0 0.00087209 9 
0 0.000921602 9 
0 inf 9 
