0 0.492297 0 
0 0.49627 0 
0 0.500077 0 
0 0.502423 0 
0 0.503396 0 
0 0.503878 0 
0 0.503917 0 
0 0.503957 0 
0 0.504504 0 
0 0.504855 0 
0 0.505112 0 
0 0.505155 0 
0 0.505274 0 
0 0.505488 0 
0 0.505585 0 
0 0.505903 0 
0 0.506187 0 
0 0.506219 0 
0 0.506248 0 
0 0.506542 0 
0 0.506608 0 
0 0.506753 0 
0 0.506803 0 
0 0.50695 0 
0 0.507193 0 
0 0.507401 0 
0 0.507537 0 
0 0.507662 0 
0 0.507807 0 
0 0.507946 0 
0 0.507952 0 
0 0.507953 0 
0 0.507966 0 
0 0.508011 0 
0 0.508069 0 
0 0.508123 0 
0 0.508141 0 
0 0.508164 0 
0 0.508185 0 
0 0.508195 0 
0 0.508196 0 
0 0.508204 0 
0 0.508324 0 
0 0.508372 0 
0 0.508611 0 
0 0.508719 0 
0 0.508782 0 
0 0.508845 0 
0 0.508856 0 
0 0.508914 0 
0 0.508929 0 
0 0.508954 0 
0 0.508986 0 
0 0.509073 0 
0 0.509104 0 
0 0.509133 0 
0 0.509164 0 
0 0.509181 0 
0 0.509214 0 
0 0.509293 0 
0 0.509378 0 
0 0.509408 0 
0 0.509424 0 
0 0.50944 0 
0 0.509442 0 
0 0.509446 0 
0 0.509477 0 
0 0.509484 0 
0 0.509559 0 
0 0.509659 0 
0 0.50976 0 
0 0.509772 0 
0 0.509787 0 
0 0.509949 0 
0 0.510008 0 
0 0.510027 0 
0 0.510038 0 
0 0.510092 0 
0 0.510102 0 
0 0.510104 0 
0 0.51016 0 
0 0.510169 0 
0 0.510215 0 
0 0.510256 0 
0 0.510283 0 
0 0.510322 0 
0 0.510439 0 
0 0.510482 0 
0 0.510548 0 
0 0.510566 0 
0 0.510578 0 
0 0.510594 0 
0 0.510652 0 
0 0.510778 0 
0 0.51086 0 
0 0.511003 0 
0 0.511069 0 
0 0.511104 0 
0 0.511127 0 
0 0.511157 0 
0 0.51121 0 
0 0.511216 0 
0 0.511221 0 
0 0.511226 0 
0 0.511263 0 
0 0.51136 0 
0 0.511524 0 
0 0.511559 0 
0 0.511564 0 
0 0.511762 0 
0 0.511809 0 
0 0.511842 0 
0 0.511848 0 
0 0.511915 0 
0 0.511938 0 
0 0.511945 0 
0 0.512027 0 
0 0.512258 0 
0 0.512349 0 
0 0.51238 0 
0 0.512522 0 
0 0.512572 0 
0 0.513105 0 
0 0.513293 0 
0 0.513527 0 
0 0.513977 0 
0 0.514594 0 
0 inf 0 
0 0.192652 1 
0 0.195808 1 
0 0.195969 1 
0 0.19611 1 
0 0.196493 1 
0 0.196709 1 
0 0.197437 1 
0 0.197448 1 
0 0.19755 1 
0 0.197826 1 
0 0.197847 1 
0 0.197913 1 
0 0.197982 1 
0 0.198298 1 
0 0.19831 1 
0 0.198348 1 
0 0.198355 1 
0 0.198377 1 
0 0.198561 1 
0 0.198627 1 
0 0.198761 1 
0 0.198872 1 
0 0.199146 1 
0 0.199263 1 
0 0.199272 1 
0 0.199416 1 
0 0.199441 1 
0 0.199679 1 
0 0.199699 1 
0 0.199727 1 
0 0.199788 1 
0 0.19979 1 
0 0.199808 1 
0 0.199834 1 
0 0.199938 1 
0 0.199954 1 
0 0.199984 1 
0 0.199986 1 
0 0.19999 1 
0 0.20011 1 
0 0.200118 1 
0 0.20015 1 
0 0.200291 1 
0 0.200342 1 
0 0.200455 1 
0 0.200647 1 
0 0.20068 1 
0 0.200695 1 
0 0.200752 1 
0 0.200871 1 
0 0.200905 1 
0 0.200911 1 
0 0.200943 1 
0 0.200959 1 
0 0.200999 1 
0 0.201014 1 
0 0.201026 1 
0 0.20103 1 
0 0.201206 1 
0 0.201234 1 
0 0.201304 1 
0 0.201365 1 
0 0.201415 1 
0 0.201506 1 
0 0.201523 1 
0 0.201537 1 
0 0.201611 1 
0 0.201703 1 
0 0.201763 1 
0 0.201768 1 
0 0.201841 1 
0 0.201885 1 
0 0.201886 1 
0 0.201899 1 
0 0.201937 1 
0 0.201941 1 
0 0.201953 1 
0 0.202058 1 
0 0.202068 1 
0 0.202147 1 
0 0.202165 1 
0 0.202167 1 
0 0.202191 1 
0 0.202221 1 
0 0.202228 1 
0 0.20224 1 
0 0.202257 1 
0 0.202263 1 
0 0.202264 1 
0 0.20228 1 
0 0.20233 1 
0 0.202362 1 
0 0.202367 1 
0 0.202403 1 
0 0.202409 1 
0 0.20249 1 
0 0.202557 1 
0 0.202601 1 
0 0.202605 1 
0 0.202613 1 
0 0.202621 1 
0 0.202647 1 
0 0.202736 1 
0 0.202755 1 
0 0.202766 1 
0 0.202822 1 
0 0.202894 1 
0 0.20298 1 
0 0.203009 1 
0 0.203064 1 
0 0.203086 1 
0 0.20341 1 
0 0.203416 1 
0 0.203548 1 
0 0.203637 1 
0 0.20364 1 
0 0.203664 1 
0 0.203921 1 
0 0.203941 1 
0 0.203955 1 
0 0.204044 1 
0 0.204094 1 
0 0.20417 1 
0 0.204576 1 
0 0.20465 1 
0 0.2048 1 
0 0.205186 1 
0 inf 1 
0 0.0809095 2 
0 0.0810497 2 
0 0.0811725 2 
0 0.0813977 2 
0 0.0816428 2 
0 0.0819506 2 
0 0.0820269 2 
0 0.0821708 2 
0 0.0823273 2 
0 0.0824423 2 
0 0.0827421 2 
0 0.0827877 2 
0 0.0828899 2 
0 0.0830467 2 
0 0.083058 2 
0 0.0831245 2 
0 0.0831638 2 
0 0.0831759 2 
0 0.0831873 2 
0 0.0832666 2 
0 0.0832892 2 
0 0.0835381 2 
0 0.0837066 2 
0 0.0840084 2 
0 0.0840179 2 
0 0.0840259 2 
0 0.08403 2 
0 0.084038 2 
0 0.0840417 2 
0 0.0840522 2 
0 0.0840899 2 
0 0.0840991 2 
0 0.0841527 2 
0 0.0841666 2 
0 0.0842197 2 
0 0.084279 2 
0 0.0843124 2 
0 0.0844273 2 
0 0.0844818 2 
0 0.0845037 2 
0 0.0845349 2 
0 0.0845418 2 
0 0.0846396 2 
0 0.0846564 2 
0 0.0846916 2 
0 0.0847066 2 
0 0.0847225 2 
0 0.0847231 2 
0 0.0847596 2 
0 0.0848554 2 
0 0.0849947 2 
0 0.0850037 2 
0 0.0850319 2 
0 0.0850386 2 
0 0.0850595 2 
0 0.0851827 2 
0 0.0851953 2 
0 0.0852035 2 
0 0.085212 2 
0 0.0853492 2 
0 0.0853833 2 
0 0.0854202 2 
0 0.0855212 2 
0 0.0855366 2 
0 0.0855661 2 
0 0.0855689 2 
0 0.0856484 2 
0 0.0857453 2 
0 0.085768 2 
0 0.0857681 2 
0 0.085787 2 
0 0.0858213 2 
0 0.085916 2 
0 0.0859179 2 
0 0.0859464 2 
0 0.0859469 2 
0 0.0859617 2 
0 0.0860079 2 
0 0.0860339 2 
0 0.0860512 2 
0 0.0861342 2 
0 0.0861538 2 
0 0.0862231 2 
0 0.0862631 2 
0 0.086282 2 
0 0.0863017 2 
0 0.0863042 2 
0 0.0863104 2 
0 0.0863468 2 
0 0.086354 2 
0 0.0863609 2 
0 0.0864222 2 
0 0.0865057 2 
0 0.0865261 2 
0 0.0865552 2 
0 0.0865622 2 
0 0.0866067 2 
0 0.0866329 2 
0 0.0866432 2 
0 0.0867152 2 
0 0.0867301 2 
0 0.0867366 2 
0 0.0867668 2 
0 0.0867777 2 
0 0.0867886 2 
0 0.0867931 2 
0 0.0868628 2 
0 0.0871257 2 
0 0.0871819 2 
0 0.0871974 2 
0 0.0872731 2 
0 0.0874004 2 
0 0.0874099 2 
0 0.0875913 2 
0 0.0876404 2 
0 0.0876518 2 
0 0.0876632 2 
0 0.0880402 2 
0 0.0881198 2 
0 0.0881328 2 
0 0.0882831 2 
0 0.0884172 2 
0 0.0885428 2 
0 0.0886535 2 
0 0.0890077 2 
0 0.0892565 2 
0 0.0895154 2 
0 inf 2 
0 0.0345839 3 
0 0.0348229 3 
0 0.0351904 3 
0 0.0354922 3 
0 0.0356385 3 
0 0.0356387 3 
0 0.036408 3 
0 0.0364086 3 
0 0.0364156 3 
0 0.0364997 3 
0 0.0366009 3 
0 0.0366861 3 
0 0.0367 3 
0 0.0367293 3 
0 0.0368026 3 
0 0.0368268 3 
0 0.036928 3 
0 0.0369529 3 
0 0.0370009 3 
0 0.0370012 3 
0 0.0370108 3 
0 0.0370915 3 
0 0.0371007 3 
0 0.0372253 3 
0 0.0372739 3 
0 0.0373067 3 
0 0.037323 3 
0 0.0373235 3 
0 0.0373245 3 
0 0.0374153 3 
0 0.0374265 3 
0 0.0374715 3 
0 0.0375458 3 
0 0.037555 3 
0 0.0375826 3 
0 0.0376765 3 
0 0.0376852 3 
0 0.0377008 3 
0 0.0377763 3 
0 0.0378065 3 
0 0.0378186 3 
0 0.0378414 3 
0 0.0378524 3 
0 0.0378752 3 
0 0.0379728 3 
0 0.0380021 3 
0 0.0380024 3 
0 0.0380242 3 
0 0.0380841 3 
0 0.0381025 3 
0 0.0381085 3 
0 0.0381138 3 
0 0.038169 3 
0 0.0381917 3 
0 0.0382029 3 
0 0.0382198 3 
0 0.0382234 3 
0 0.0382417 3 
0 0.0382611 3 
0 0.0382852 3 
0 0.0383044 3 
0 0.0383214 3 
0 0.0383639 3 
0 0.0383666 3 
0 0.0383686 3 
0 0.0383735 3 
0 0.0383814 3 
0 0.0384002 3 
0 0.0384307 3 
0 0.0384732 3 
0 0.0384958 3 
0 0.0385396 3 
0 0.038576 3 
0 0.0385952 3 
0 0.0385994 3 
0 0.0386507 3 
0 0.0386934 3 
0 0.0387234 3 
0 0.0387618 3 
0 0.0388447 3 
0 0.0388592 3 
0 0.0388609 3 
0 0.0388728 3 
0 0.038876 3 
0 0.0388926 3 
0 0.0389373 3 
0 0.0389547 3 
0 0.0389605 3 
0 0.0389613 3 
0 0.0389734 3 
0 0.0389862 3 
0 0.0390097 3 
0 0.0390233 3 
0 0.0391298 3 
0 0.0391529 3 
0 0.0391972 3 
0 0.0393408 3 
0 0.039405 3 
0 0.0394588 3 
0 0.0394727 3 
0 0.0395261 3 
0 0.0395311 3 
0 0.0396094 3 
0 0.0396352 3 
0 0.0396412 3 
0 0.0396433 3 
0 0.0396496 3 
0 0.039663 3 
0 0.0396689 3 
0 0.0397054 3 
0 0.0397459 3 
0 0.0397586 3 
0 0.0398031 3 
0 0.0399006 3 
0 0.0399025 3 
0 0.0400808 3 
0 0.0402447 3 
0 0.0402484 3 
0 0.0402842 3 
0 0.0405028 3 
0 0.0405216 3 
0 0.0406366 3 
0 0.0408163 3 
0 0.0409936 3 
0 0.0413118 3 
0 0.0413883 3 
0 0.0417757 3 
0 inf 3 
0 0.0154048 4 
0 0.0154744 4 
0 0.016009 4 
0 0.0161382 4 
0 0.016168 4 
0 0.0162876 4 
0 0.0166498 4 
0 0.0168393 4 
0 0.0168814 4 
0 0.0168938 4 
0 0.0169153 4 
0 0.0169214 4 
0 0.0169408 4 
0 0.01699 4 
0 0.0170108 4 
0 0.0170345 4 
0 0.0171119 4 
0 0.0171276 4 
0 0.0171682 4 
0 0.0171892 4 
0 0.0171977 4 
0 0.0172052 4 
0 0.0172489 4 
0 0.0172518 4 
0 0.0172527 4 
0 0.0172553 4 
0 0.0172827 4 
0 0.0173154 4 
0 0.0173481 4 
0 0.017379 4 
0 0.0174079 4 
0 0.0174531 4 
0 0.0174767 4 
0 0.0174904 4 
0 0.017504 4 
0 0.0175282 4 
0 0.0175417 4 
0 0.0175434 4 
0 0.0175599 4 
0 0.017568 4 
0 0.0175915 4 
0 0.0176247 4 
0 0.0176471 4 
0 0.017668 4 
0 0.0176791 4 
0 0.0176805 4 
0 0.017696 4 
0 0.0177067 4 
0 0.0177541 4 
0 0.0177565 4 
0 0.0177626 4 
0 0.0177713 4 
0 0.0178043 4 
0 0.0178143 4 
0 0.0178151 4 
0 0.0178332 4 
0 0.0178458 4 
0 0.0178576 4 
0 0.0178615 4 
0 0.0178642 4 
0 0.0178671 4 
0 0.0178851 4 
0 0.0179159 4 
0 0.0179244 4 
0 0.0179495 4 
0 0.017954 4 
0 0.0179761 4 
0 0.017977 4 
0 0.0179927 4 
0 0.0179941 4 
0 0.0179967 4 
0 0.0180837 4 
0 0.0180839 4 
0 0.0180894 4 
0 0.0180962 4 
0 0.0181077 4 
0 0.018121 4 
0 0.0181217 4 
0 0.0181744 4 
0 0.0182405 4 
0 0.0182405 4 
0 0.0182424 4 
0 0.0182537 4 
0 0.0182547 4 
0 0.0182655 4 
0 0.0182896 4 
0 0.0183221 4 
0 0.0184319 4 
0 0.0185043 4 
0 0.0185163 4 
0 0.0185309 4 
0 0.018534 4 
0 0.0185539 4 
0 0.0185681 4 
0 0.0186607 4 
0 0.0186733 4 
0 0.0187012 4 
0 0.0187062 4 
0 0.0187347 4 
0 0.0187363 4 
0 0.0187531 4 
0 0.0187667 4 
0 0.0187955 4 
0 0.0187988 4 
0 0.0188011 4 
0 0.0188211 4 
0 0.0188422 4 
0 0.018893 4 
0 0.0189065 4 
0 0.0189192 4 
0 0.018932 4 
0 0.0189557 4 
0 0.0189718 4 
0 0.0190172 4 
0 0.0190418 4 
0 0.0191 4 
0 0.0191222 4 
0 0.0191444 4 
0 0.0191993 4 
0 0.0193199 4 
0 0.0193532 4 
0 0.0194227 4 
0 0.0194494 4 
0 0.02005 4 
0 0.0200733 4 
0 0.0201785 4 
0 0.0202342 4 
0 inf 4 
0 0.00707222 5 
0 0.00711834 5 
0 0.00755366 5 
0 0.00760394 5 
0 0.00760501 5 
0 0.00771638 5 
0 0.00786638 5 
0 0.008003 5 
0 0.00801806 5 
0 0.0080393 5 
0 0.00804609 5 
0 0.00806703 5 
0 0.00810614 5 
0 0.00815693 5 
0 0.00815759 5 
0 0.00816383 5 
0 0.00817798 5 
0 0.00818083 5 
0 0.00818213 5 
0 0.00818949 5 
0 0.00819872 5 
0 0.00821133 5 
0 0.00825226 5 
0 0.00827218 5 
0 0.00827903 5 
0 0.00828103 5 
0 0.00828298 5 
0 0.00828396 5 
0 0.00830031 5 
0 0.00830533 5 
0 0.00832743 5 
0 0.00832784 5 
0 0.00834398 5 
0 0.0083465 5 
0 0.00838938 5 
0 0.00840148 5 
0 0.00840554 5 
0 0.00841375 5 
0 0.00841901 5 
0 0.00842119 5 
0 0.00842201 5 
0 0.0084617 5 
0 0.00848802 5 
0 0.00848955 5 
0 0.00849176 5 
0 0.00850432 5 
0 0.00850699 5 
0 0.00851681 5 
0 0.0085261 5 
0 0.00854775 5 
0 0.00855143 5 
0 0.00856586 5 
0 0.00857241 5 
0 0.00859005 5 
0 0.00859208 5 
0 0.00859279 5 
0 0.00860964 5 
0 0.00861129 5 
0 0.00862044 5 
0 0.00862683 5 
0 0.00863803 5 
0 0.00863964 5 
0 0.00864642 5 
0 0.00864819 5 
0 0.00867125 5 
0 0.00867366 5 
0 0.00868549 5 
0 0.00869151 5 
0 0.00869368 5 
0 0.00870065 5 
0 0.00872261 5 
0 0.00873081 5 
0 0.00874852 5 
0 0.00875697 5 
0 0.00875811 5 
0 0.00875966 5 
0 0.00878954 5 
0 0.00880831 5 
0 0.00884003 5 
0 0.00885466 5 
0 0.00886738 5 
0 0.00886794 5 
0 0.00889115 5 
0 0.00890349 5 
0 0.00890912 5 
0 0.00891466 5 
0 0.00896264 5 
0 0.00897551 5 
0 0.00902247 5 
0 0.00902677 5 
0 0.00905371 5 
0 0.00905834 5 
0 0.00906352 5 
0 0.00909369 5 
0 0.00910359 5 
0 0.00911984 5 
0 0.00912021 5 
0 0.00912109 5 
0 0.00913682 5 
0 0.00914074 5 
0 0.00915371 5 
0 0.00917859 5 
0 0.00919311 5 
0 0.00922605 5 
0 0.00923385 5 
0 0.00925506 5 
0 0.00926568 5 
0 0.00927535 5 
0 0.00928229 5 
0 0.00930738 5 
0 0.00933307 5 
0 0.00934302 5 
0 0.00934744 5 
0 0.0093715 5 
0 0.00938647 5 
0 0.00944977 5 
0 0.00945913 5 
0 0.00947983 5 
0 0.00948455 5 
0 0.00954232 5 
0 0.00954905 5 
0 0.00958979 5 
0 0.00966642 5 
0 0.00996624 5 
0 0.0100053 5 
0 0.01005 5 
0 0.0103429 5 
0 inf 5 
0 0.00330686 6 
0 0.00339777 6 
0 0.0036638 6 
0 0.00368379 6 
0 0.0036964 6 
0 0.0037575 6 
0 0.00381416 6 
0 0.00386965 6 
0 0.00388052 6 
0 0.00389334 6 
0 0.00389642 6 
0 0.0039043 6 
0 0.00393495 6 
0 0.00393718 6 
0 0.003969 6 
0 0.00397582 6 
0 0.00398438 6 
0 0.00398963 6 
0 0.00399041 6 
0 0.00399515 6 
0 0.00401063 6 
0 0.00402699 6 
0 0.00403522 6 
0 0.00404206 6 
0 0.00404466 6 
0 0.00405915 6 
0 0.00407365 6 
0 0.00407707 6 
0 0.00407847 6 
0 0.00410238 6 
0 0.00411207 6 
0 0.00411636 6 
0 0.00411787 6 
0 0.00411978 6 
0 0.00412004 6 
0 0.00412044 6 
0 0.00413246 6 
0 0.00413402 6 
0 0.00413951 6 
0 0.00414045 6 
0 0.00415002 6 
0 0.00415064 6 
0 0.0041552 6 
0 0.00416031 6 
0 0.00416496 6 
0 0.00416972 6 
0 0.00417376 6 
0 0.00418703 6 
0 0.00419437 6 
0 0.00419795 6 
0 0.00421367 6 
0 0.0042225 6 
0 0.00422513 6 
0 0.00422889 6 
0 0.00423228 6 
0 0.00423616 6 
0 0.00424109 6 
0 0.00424789 6 
0 0.00425672 6 
0 0.00425925 6 
0 0.00427319 6 
0 0.0042786 6 
0 0.0042841 6 
0 0.00428715 6 
0 0.00429148 6 
0 0.0042945 6 
0 0.00429456 6 
0 0.00430455 6 
0 0.00431774 6 
0 0.00432602 6 
0 0.00433446 6 
0 0.00434631 6 
0 0.00434646 6 
0 0.00435549 6 
0 0.00436197 6 
0 0.00437155 6 
0 0.00437546 6 
0 0.00438578 6 
0 0.00439313 6 
0 0.00441249 6 
0 0.00441657 6 
0 0.00443541 6 
0 0.00444385 6 
0 0.00444858 6 
0 0.00444904 6 
0 0.004457 6 
0 0.0044587 6 
0 0.00445963 6 
0 0.0044695 6 
0 0.00448685 6 
0 0.00449637 6 
0 0.00451525 6 
0 0.00451779 6 
0 0.00452171 6 
0 0.00453526 6 
0 0.00454103 6 
0 0.00454304 6 
0 0.0045456 6 
0 0.00454609 6 
0 0.00455319 6 
0 0.00456692 6 
0 0.00458832 6 
0 0.0045959 6 
0 0.00461516 6 
0 0.00462693 6 
0 0.00463787 6 
0 0.00465329 6 
0 0.00466122 6 
0 0.00466448 6 
0 0.00467156 6 
0 0.00467256 6 
0 0.00468826 6 
0 0.00470449 6 
0 0.00470703 6 
0 0.00471313 6 
0 0.00473194 6 
0 0.0047871 6 
0 0.00478796 6 
0 0.00479382 6 
0 0.00480397 6 
0 0.00489657 6 
0 0.00490594 6 
0 0.00490704 6 
0 0.0049264 6 
0 0.00502946 6 
0 0.00509448 6 
0 0.0054124 6 
0 inf 6 
0 0.00157576 7 
0 0.00166784 7 
0 0.00181431 7 
0 0.00182812 7 
0 0.00184497 7 
0 0.00186808 7 
0 0.00187985 7 
0 0.00188813 7 
0 0.00189566 7 
0 0.00190151 7 
0 0.00190268 7 
0 0.00193402 7 
0 0.00193635 7 
0 0.00194399 7 
0 0.00195322 7 
0 0.00197043 7 
0 0.00197177 7 
0 0.00197468 7 
0 0.0019784 7 
0 0.00199307 7 
0 0.00200437 7 
0 0.00200996 7 
0 0.00201505 7 
0 0.00202181 7 
0 0.0020249 7 
0 0.00202531 7 
0 0.00202736 7 
0 0.00203062 7 
0 0.00203179 7 
0 0.00203285 7 
0 0.00204052 7 
0 0.00205052 7 
0 0.00205233 7 
0 0.00205323 7 
0 0.00205429 7 
0 0.00205579 7 
0 0.00206659 7 
0 0.00207116 7 
0 0.00207229 7 
0 0.00207526 7 
0 0.00207914 7 
0 0.0020801 7 
0 0.00208327 7 
0 0.00208644 7 
0 0.00208699 7 
0 0.00209219 7 
0 0.00209589 7 
0 0.00210136 7 
0 0.00210474 7 
0 0.00210724 7 
0 0.00211079 7 
0 0.00211494 7 
0 0.00211539 7 
0 0.00211841 7 
0 0.00212394 7 
0 0.00213272 7 
0 0.00213683 7 
0 0.0021403 7 
0 0.00214129 7 
0 0.00214811 7 
0 0.0021482 7 
0 0.00215324 7 
0 0.00216302 7 
0 0.00216313 7 
0 0.00216448 7 
0 0.00216609 7 
0 0.00216881 7 
0 0.00217007 7 
0 0.00217093 7 
0 0.00219057 7 
0 0.00219064 7 
0 0.00219438 7 
0 0.00219699 7 
0 0.00219789 7 
0 0.00220563 7 
0 0.0022077 7 
0 0.00221214 7 
0 0.00221917 7 
0 0.00223202 7 
0 0.00223202 7 
0 0.00223404 7 
0 0.00223764 7 
0 0.00224589 7 
0 0.00224662 7 
0 0.00224826 7 
0 0.00226776 7 
0 0.00226779 7 
0 0.00227339 7 
0 0.00227483 7 
0 0.00227732 7 
0 0.00228148 7 
0 0.00228252 7 
0 0.00228768 7 
0 0.0022914 7 
0 0.00229679 7 
0 0.00229915 7 
0 0.00229941 7 
0 0.00230019 7 
0 0.00230468 7 
0 0.00230767 7 
0 0.00231096 7 
0 0.00231572 7 
0 0.00233402 7 
0 0.00234406 7 
0 0.00235275 7 
0 0.00235442 7 
0 0.00235585 7 
0 0.0023605 7 
0 0.00237505 7 
0 0.00237611 7 
0 0.00237696 7 
0 0.0023793 7 
0 0.00238058 7 
0 0.00239168 7 
0 0.00240545 7 
0 0.00241171 7 
0 0.00242266 7 
0 0.00243472 7 
0 0.00246091 7 
0 0.00247175 7 
0 0.002487 7 
0 0.00253849 7 
0 0.00254448 7 
0 0.0025501 7 
0 0.00260066 7 
0 0.00263418 7 
0 0.00287088 7 
0 inf 7 
0 0.000762932 8 
0 0.000837994 8 
0 0.000912799 8 
0 0.000919271 8 
0 0.000924978 8 
0 0.000938396 8 
0 0.000941718 8 
0 0.000943424 8 
0 0.000943692 8 
0 0.000948041 8 
0 0.000950513 8 
0 0.000954125 8 
0 0.000968984 8 
0 0.0009697 8 
0 0.000985738 8 
0 0.00099121 8 
0 0.000993986 8 
0 0.000994774 8 
0 0.000996377 8 
0 0.00100359 8 
0 0.00100504 8 
0 0.00100563 8 
0 0.00101 8 
0 0.0010109 8 
0 0.00101223 8 
0 0.00101291 8 
0 0.00101689 8 
0 0.00101841 8 
0 0.00102806 8 
0 0.0010298 8 
0 0.00103218 8 
0 0.00104289 8 
0 0.00104623 8 
0 0.00104686 8 
0 0.00104707 8 
0 0.0010476 8 
0 0.00104799 8 
0 0.00105076 8 
0 0.00105207 8 
0 0.00105245 8 
0 0.00105299 8 
0 0.00105726 8 
0 0.00105735 8 
0 0.001058 8 
0 0.00105932 8 
0 0.00106212 8 
0 0.00106218 8 
0 0.00106415 8 
0 0.00106578 8 
0 0.0010706 8 
0 0.00107128 8 
0 0.00107348 8 
0 0.00107774 8 
0 0.00108363 8 
0 0.00108393 8 
0 0.0010855 8 
0 0.00108561 8 
0 0.00109299 8 
0 0.00109462 8 
0 0.00109856 8 
0 0.0010987 8 
0 0.00110032 8 
0 0.00110063 8 
0 0.00110078 8 
0 0.00110638 8 
0 0.00110681 8 
0 0.00110742 8 
0 0.001108 8 
0 0.0011093 8 
0 0.0011108 8 
0 0.00111105 8 
0 0.00111318 8 
0 0.00112255 8 
0 0.00112383 8 
0 0.0011263 8 
0 0.00112814 8 
0 0.00113148 8 
0 0.00113195 8 
0 0.00113725 8 
0 0.00114109 8 
0 0.00114765 8 
0 0.00115612 8 
0 0.00115891 8 
0 0.0011601 8 
0 0.00116021 8 
0 0.00116116 8 
0 0.00116117 8 
0 0.00116165 8 
0 0.00116505 8 
0 0.00116859 8 
0 0.00117057 8 
0 0.00117142 8 
0 0.00117223 8 
0 0.00117317 8 
0 0.00117544 8 
0 0.00117835 8 
0 0.00117907 8 
0 0.00118129 8 
0 0.00118158 8 
0 0.00118315 8 
0 0.00118425 8 
0 0.00118472 8 
0 0.00119016 8 
0 0.00119439 8 
0 0.0012022 8 
0 0.00120528 8 
0 0.0012078 8 
0 0.00121275 8 
0 0.00121761 8 
0 0.00121965 8 
0 0.00122542 8 
0 0.00122724 8 
0 0.00123005 8 
0 0.0012378 8 
0 0.00124214 8 
0 0.00124674 8 
0 0.00124854 8 
0 0.0012548 8 
0 0.00125589 8 
0 0.00128665 8 
0 0.00129572 8 
0 0.00129923 8 
0 0.00130696 8 
0 0.00133022 8 
0 0.00137873 8 
0 0.0013993 8 
0 0.00146584 8 
0 inf 8 
0 0.000374479 9 
0 0.000429044 9 
0 0.00045476 9 
0 0.000465005 9 
0 0.000471861 9 
0 0.000473374 9 
0 0.000475361 9 
0 0.000476645 9 
0 0.000477537 9 
0 0.000482212 9 
0 0.00048512 9 
0 0.00048621 9 
0 0.000489667 9 
0 0.00049334 9 
0 0.000496719 9 
0 0.000498942 9 
0 0.000502888 9 
0 0.000504714 9 
0 0.000507269 9 
0 0.000507345 9 
0 0.000508146 9 
0 0.00051168 9 
0 0.000512487 9 
0 0.000513388 9 
0 0.000516297 9 
0 0.000516409 9 
0 0.000517722 9 
0 0.000519413 9 
0 0.000520454 9 
0 0.000525398 9 
0 0.000528937 9 
0 0.000531626 9 
0 0.000531858 9 
0 0.000531925 9 
0 0.000535987 9 
0 0.000537346 9 
0 0.000538607 9 
0 0.000538861 9 
0 0.000539436 9 
0 0.000540878 9 
0 0.000542646 9 
0 0.000543753 9 
0 0.000545108 9 
0 0.000545883 9 
0 0.000546272 9 
0 0.000546751 9 
0 0.00054691 9 
0 0.00054795 9 
0 0.000548481 9 
0 0.000549791 9 
0 0.000551446 9 
0 0.0005525 9 
0 0.000554225 9 
0 0.000554591 9 
0 0.000557075 9 
0 0.000559837 9 
0 0.000560171 9 
0 0.00056031 9 
0 0.000561111 9 
0 0.000563396 9 
0 0.00056553 9 
0 0.000566296 9 
0 0.000567281 9 
0 0.000568284 9 
0 0.000570477 9 
0 0.000572596 9 
0 0.00057423 9 
0 0.0005769 9 
0 0.00057816 9 
0 0.000578472 9 
0 0.000578956 9 
0 0.00058036 9 
0 0.000580982 9 
0 0.000581499 9 
0 0.000581563 9 
0 0.000581563 9 
0 0.000581761 9 
0 0.000582101 9 
0 0.000583785 9 
0 0.000587261 9 
0 0.000591182 9 
0 0.000593351 9 
0 0.000595065 9 
0 0.000595071 9 
0 0.000595443 9 
0 0.000598621 9 
0 0.000599375 9 
0 0.000600509 9 
0 0.000601212 9 
0 0.000601765 9 
0 0.000603733 9 
0 0.000604261 9 
0 0.000607256 9 
0 0.000609148 9 
0 0.00060931 9 
0 0.000609339 9 
0 0.000610416 9 
0 0.000610435 9 
0 0.000614061 9 
0 0.000616821 9 
0 0.000617095 9 
0 0.000620381 9 
0 0.000620851 9 
0 0.000621804 9 
0 0.000622745 9 
0 0.000624374 9 
0 0.000629519 9 
0 0.000633337 9 
0 0.000635048 9 
0 0.000636081 9 
0 0.000637062 9 
0 0.000638923 9 
0 0.000642316 9 
0 0.000642471 9 
0 0.000643015 9 
0 0.00064896 9 
0 0.000651457 9 
0 0.000653116 9 
0 0.000656888 9 
0 0.000668459 9 
0 0.000675839 9 
0 0.000676015 9 
0 0.00068245 9 
0 0.000702517 9 
0 0.000728819 9 
0 0.000753178 9 
0 0.000761422 9 
0 inf 9 
