0 0.486136 0 
0 0.493625 0 
0 0.496049 0 
0 0.49802 0 
0 0.498601 0 
0 0.501176 0 
0 0.501441 0 
0 0.50233 0 
0 0.502482 0 
0 0.502611 0 
0 0.503036 0 
0 0.503052 0 
0 0.503105 0 
0 0.504186 0 
0 0.504455 0 
0 0.50458 0 
0 0.50495 0 
0 0.504996 0 
0 0.505154 0 
0 0.505207 0 
0 0.505432 0 
0 0.505481 0 
0 0.505543 0 
0 0.505587 0 
0 0.505688 0 
0 0.505694 0 
0 0.506107 0 
0 0.506463 0 
0 0.506588 0 
0 0.506835 0 
0 0.506878 0 
0 0.507071 0 
0 0.507128 0 
0 0.507134 0 
0 0.507143 0 
0 0.507167 0 
0 0.507194 0 
0 0.507301 0 
0 0.507421 0 
0 0.507479 0 
0 0.507583 0 
0 0.507602 0 
0 0.507692 0 
0 0.507829 0 
0 0.50793 0 
0 0.5081 0 
0 0.508174 0 
0 0.508178 0 
0 0.508214 0 
0 0.508361 0 
0 0.50837 0 
0 0.508391 0 
0 0.508435 0 
0 0.5085 0 
0 0.508514 0 
0 0.508519 0 
0 0.508574 0 
0 0.508629 0 
0 0.508677 0 
0 0.50876 0 
0 0.508768 0 
0 0.508831 0 
0 0.508888 0 
0 0.508902 0 
0 0.508903 0 
0 0.508937 0 
0 0.508955 0 
0 0.508983 0 
0 0.508984 0 
0 0.509003 0 
0 0.509106 0 
0 0.50916 0 
0 0.509166 0 
0 0.509177 0 
0 0.509186 0 
0 0.509241 0 
0 0.509322 0 
0 0.509337 0 
0 0.509348 0 
0 0.509351 0 
0 0.509428 0 
0 0.509456 0 
0 0.509493 0 
0 0.509516 0 
0 0.509581 0 
0 0.509681 0 
0 0.509724 0 
0 0.509728 0 
0 0.50991 0 
0 0.509925 0 
0 0.51003 0 
0 0.510032 0 
0 0.51012 0 
0 0.510147 0 
0 0.510176 0 
0 0.510178 0 
0 0.510273 0 
0 0.510275 0 
0 0.510276 0 
0 0.510338 0 
0 0.510432 0 
0 0.510538 0 
0 0.510563 0 
0 0.51057 0 
0 0.510594 0 
0 0.510645 0 
0 0.510655 0 
0 0.510758 0 
0 0.510899 0 
0 0.511132 0 
0 0.511139 0 
0 0.511476 0 
0 0.511477 0 
0 0.511566 0 
0 0.511646 0 
0 0.511743 0 
0 0.511755 0 
0 0.511951 0 
0 0.511972 0 
0 0.512078 0 
0 0.512364 0 
0 0.512989 0 
0 0.513253 0 
0 0.513383 0 
0 0.513459 0 
0 0.513776 0 
0 0.514275 0 
0 inf 0 
0 0.192587 1 
0 0.193601 1 
0 0.195716 1 
0 0.196223 1 
0 0.196609 1 
0 0.196686 1 
0 0.196764 1 
0 0.197155 1 
0 0.197922 1 
0 0.198057 1 
0 0.198086 1 
0 0.19827 1 
0 0.198365 1 
0 0.198557 1 
0 0.198561 1 
0 0.198582 1 
0 0.198633 1 
0 0.198739 1 
0 0.198799 1 
0 0.198967 1 
0 0.199224 1 
0 0.19927 1 
0 0.199366 1 
0 0.199391 1 
0 0.199464 1 
0 0.199476 1 
0 0.199532 1 
0 0.199562 1 
0 0.199593 1 
0 0.199618 1 
0 0.199771 1 
0 0.199775 1 
0 0.199967 1 
0 0.200042 1 
0 0.200074 1 
0 0.200085 1 
0 0.200112 1 
0 0.200127 1 
0 0.200193 1 
0 0.20034 1 
0 0.200351 1 
0 0.200461 1 
0 0.200664 1 
0 0.200693 1 
0 0.200744 1 
0 0.200851 1 
0 0.200917 1 
0 0.200923 1 
0 0.200988 1 
0 0.201028 1 
0 0.201049 1 
0 0.201078 1 
0 0.201135 1 
0 0.201183 1 
0 0.201198 1 
0 0.201229 1 
0 0.201368 1 
0 0.201541 1 
0 0.201653 1 
0 0.201709 1 
0 0.201743 1 
0 0.201747 1 
0 0.201775 1 
0 0.201916 1 
0 0.201957 1 
0 0.202013 1 
0 0.202015 1 
0 0.202024 1 
0 0.202057 1 
0 0.202071 1 
0 0.202103 1 
0 0.202217 1 
0 0.202222 1 
0 0.202247 1 
0 0.202277 1 
0 0.202294 1 
0 0.202391 1 
0 0.202412 1 
0 0.202419 1 
0 0.20247 1 
0 0.202476 1 
0 0.202481 1 
0 0.202494 1 
0 0.202571 1 
0 0.202576 1 
0 0.202635 1 
0 0.202659 1 
0 0.202678 1 
0 0.202686 1 
0 0.202695 1 
0 0.202698 1 
0 0.202754 1 
0 0.202773 1 
0 0.202824 1 
0 0.202857 1 
0 0.202865 1 
0 0.202926 1 
0 0.203053 1 
0 0.203063 1 
0 0.203071 1 
0 0.203166 1 
0 0.203207 1 
0 0.203226 1 
0 0.203249 1 
0 0.203309 1 
0 0.203352 1 
0 0.20355 1 
0 0.203592 1 
0 0.2037 1 
0 0.203741 1 
0 0.203903 1 
0 0.203906 1 
0 0.204024 1 
0 0.20404 1 
0 0.204107 1 
0 0.204486 1 
0 0.204536 1 
0 0.204747 1 
0 0.204763 1 
0 0.20484 1 
0 0.204906 1 
0 0.205309 1 
0 0.205392 1 
0 0.205502 1 
0 0.205826 1 
0 0.206202 1 
0 0.206772 1 
0 inf 1 
0 0.0798332 2 
0 0.0813293 2 
0 0.0817186 2 
0 0.0820621 2 
0 0.0820795 2 
0 0.0822499 2 
0 0.0822861 2 
0 0.0823379 2 
0 0.082851 2 
0 0.0831296 2 
0 0.0831519 2 
0 0.0832806 2 
0 0.0834212 2 
0 0.0834972 2 
0 0.0835391 2 
0 0.0836002 2 
0 0.0836111 2 
0 0.0838837 2 
0 0.0839553 2 
0 0.0839785 2 
0 0.0840802 2 
0 0.0841157 2 
0 0.0842693 2 
0 0.0843436 2 
0 0.0844349 2 
0 0.0844632 2 
0 0.0845073 2 
0 0.0845171 2 
0 0.0845887 2 
0 0.0846749 2 
0 0.0847001 2 
0 0.0847146 2 
0 0.0847173 2 
0 0.08477 2 
0 0.0848829 2 
0 0.0849013 2 
0 0.0849029 2 
0 0.0849088 2 
0 0.0849191 2 
0 0.084992 2 
0 0.0850156 2 
0 0.0850872 2 
0 0.0851692 2 
0 0.0851949 2 
0 0.0852666 2 
0 0.0852951 2 
0 0.085303 2 
0 0.0854505 2 
0 0.0855206 2 
0 0.0855215 2 
0 0.0855994 2 
0 0.0856347 2 
0 0.0857141 2 
0 0.0857657 2 
0 0.085823 2 
0 0.0858316 2 
0 0.0858875 2 
0 0.0858917 2 
0 0.0858966 2 
0 0.0860014 2 
0 0.0860822 2 
0 0.0861049 2 
0 0.0862649 2 
0 0.0862665 2 
0 0.0863016 2 
0 0.0863376 2 
0 0.0863524 2 
0 0.0863716 2 
0 0.0863718 2 
0 0.0863941 2 
0 0.0864272 2 
0 0.0864758 2 
0 0.0864892 2 
0 0.0865217 2 
0 0.0866194 2 
0 0.0866964 2 
0 0.0867075 2 
0 0.0867147 2 
0 0.0867232 2 
0 0.0867419 2 
0 0.0868061 2 
0 0.0868779 2 
0 0.0869241 2 
0 0.0869886 2 
0 0.0870265 2 
0 0.0870661 2 
0 0.0870991 2 
0 0.0871415 2 
0 0.0871727 2 
0 0.0872003 2 
0 0.0872412 2 
0 0.0872414 2 
0 0.0873057 2 
0 0.0873101 2 
0 0.087328 2 
0 0.0873847 2 
0 0.0874538 2 
0 0.0875066 2 
0 0.0875243 2 
0 0.0875684 2 
0 0.0877656 2 
0 0.087815 2 
0 0.0878437 2 
0 0.087909 2 
0 0.0879801 2 
0 0.0880365 2 
0 0.0881076 2 
0 0.0882069 2 
0 0.0882312 2 
0 0.0883294 2 
0 0.0883491 2 
0 0.088392 2 
0 0.0884386 2 
0 0.0887235 2 
0 0.0888086 2 
0 0.0888124 2 
0 0.0888647 2 
0 0.0890011 2 
0 0.0890991 2 
0 0.0891845 2 
0 0.0892151 2 
0 0.089308 2 
0 0.0893331 2 
0 0.0893718 2 
0 0.0895851 2 
0 0.090583 2 
0 0.09086 2 
0 inf 2 
0 0.035114 3 
0 0.0352542 3 
0 0.035452 3 
0 0.0358844 3 
0 0.035904 3 
0 0.0360784 3 
0 0.0361391 3 
0 0.0363874 3 
0 0.0366225 3 
0 0.0366296 3 
0 0.0366515 3 
0 0.036982 3 
0 0.0370407 3 
0 0.0370695 3 
0 0.0372017 3 
0 0.03743 3 
0 0.0375027 3 
0 0.0375049 3 
0 0.0375477 3 
0 0.037579 3 
0 0.0375922 3 
0 0.0376021 3 
0 0.0376074 3 
0 0.0376314 3 
0 0.0376653 3 
0 0.0377107 3 
0 0.0377422 3 
0 0.0377974 3 
0 0.0378246 3 
0 0.0379146 3 
0 0.0379245 3 
0 0.0379597 3 
0 0.038079 3 
0 0.0381263 3 
0 0.0381546 3 
0 0.0381552 3 
0 0.0381731 3 
0 0.0382312 3 
0 0.0382349 3 
0 0.0382835 3 
0 0.0382911 3 
0 0.0383694 3 
0 0.038399 3 
0 0.0384203 3 
0 0.0384299 3 
0 0.0384853 3 
0 0.0385213 3 
0 0.0385518 3 
0 0.0385865 3 
0 0.0386012 3 
0 0.0386151 3 
0 0.0386326 3 
0 0.0386366 3 
0 0.0386511 3 
0 0.0387061 3 
0 0.0387819 3 
0 0.0388371 3 
0 0.0388832 3 
0 0.0389248 3 
0 0.0390176 3 
0 0.0390315 3 
0 0.0390398 3 
0 0.0390433 3 
0 0.0390517 3 
0 0.0390894 3 
0 0.0391139 3 
0 0.0391395 3 
0 0.0391682 3 
0 0.0392095 3 
0 0.0392332 3 
0 0.0392357 3 
0 0.0392635 3 
0 0.0392854 3 
0 0.039297 3 
0 0.0393058 3 
0 0.0393182 3 
0 0.0394517 3 
0 0.0394868 3 
0 0.039516 3 
0 0.0395426 3 
0 0.0396007 3 
0 0.0396184 3 
0 0.0396225 3 
0 0.0396442 3 
0 0.0396599 3 
0 0.0396821 3 
0 0.0397199 3 
0 0.0397332 3 
0 0.0397466 3 
0 0.0397577 3 
0 0.0397584 3 
0 0.0397619 3 
0 0.0397661 3 
0 0.0397761 3 
0 0.0398534 3 
0 0.03995 3 
0 0.0400748 3 
0 0.0402081 3 
0 0.0402237 3 
0 0.0402672 3 
0 0.0402676 3 
0 0.0403456 3 
0 0.0404148 3 
0 0.0404812 3 
0 0.0406735 3 
0 0.0406749 3 
0 0.0406753 3 
0 0.0407016 3 
0 0.0407086 3 
0 0.0407241 3 
0 0.0408113 3 
0 0.0408342 3 
0 0.0409059 3 
0 0.04097 3 
0 0.0410102 3 
0 0.0410477 3 
0 0.0410714 3 
0 0.0411712 3 
0 0.0411978 3 
0 0.0412463 3 
0 0.0415632 3 
0 0.0416717 3 
0 0.0417969 3 
0 0.0420143 3 
0 0.0421133 3 
0 0.0422836 3 
0 0.0423818 3 
0 inf 3 
0 0.015523 4 
0 0.0160975 4 
0 0.0163232 4 
0 0.0163583 4 
0 0.0164437 4 
0 0.0165125 4 
0 0.0167108 4 
0 0.0167591 4 
0 0.0168216 4 
0 0.0168276 4 
0 0.0170301 4 
0 0.0171036 4 
0 0.0172149 4 
0 0.0172916 4 
0 0.0173043 4 
0 0.0173092 4 
0 0.017338 4 
0 0.0173431 4 
0 0.0174275 4 
0 0.017431 4 
0 0.017432 4 
0 0.0174685 4 
0 0.017489 4 
0 0.0175726 4 
0 0.017573 4 
0 0.0176 4 
0 0.0177187 4 
0 0.0177526 4 
0 0.0177675 4 
0 0.0177696 4 
0 0.0177704 4 
0 0.0177796 4 
0 0.0177813 4 
0 0.0177827 4 
0 0.0178175 4 
0 0.0178218 4 
0 0.0178385 4 
0 0.0178869 4 
0 0.0179089 4 
0 0.0179582 4 
0 0.0179911 4 
0 0.0180002 4 
0 0.0180013 4 
0 0.018061 4 
0 0.0180933 4 
0 0.0181702 4 
0 0.0181866 4 
0 0.0181901 4 
0 0.0181956 4 
0 0.0182366 4 
0 0.0182664 4 
0 0.018267 4 
0 0.018276 4 
0 0.0182873 4 
0 0.0183352 4 
0 0.0183558 4 
0 0.0184205 4 
0 0.0184214 4 
0 0.0184262 4 
0 0.0184322 4 
0 0.018461 4 
0 0.0184689 4 
0 0.0184914 4 
0 0.0184937 4 
0 0.0185042 4 
0 0.0185138 4 
0 0.0185276 4 
0 0.0185407 4 
0 0.0185642 4 
0 0.018579 4 
0 0.0185792 4 
0 0.0186032 4 
0 0.0186268 4 
0 0.0186806 4 
0 0.0186827 4 
0 0.0187001 4 
0 0.0187095 4 
0 0.0187168 4 
0 0.0187387 4 
0 0.0187738 4 
0 0.018836 4 
0 0.0188387 4 
0 0.018875 4 
0 0.0188834 4 
0 0.0188837 4 
0 0.0188903 4 
0 0.0188927 4 
0 0.0189343 4 
0 0.0189359 4 
0 0.0189433 4 
0 0.0189868 4 
0 0.01899 4 
0 0.0190195 4 
0 0.0190331 4 
0 0.0190703 4 
0 0.0190778 4 
0 0.0191826 4 
0 0.019207 4 
0 0.0192501 4 
0 0.0192683 4 
0 0.0192739 4 
0 0.0193077 4 
0 0.0193134 4 
0 0.0193613 4 
0 0.0194225 4 
0 0.0194646 4 
0 0.0194647 4 
0 0.0195381 4 
0 0.0196025 4 
0 0.0196063 4 
0 0.0196151 4 
0 0.0196721 4 
0 0.019736 4 
0 0.0198014 4 
0 0.0198211 4 
0 0.0198962 4 
0 0.0198993 4 
0 0.0199223 4 
0 0.0200001 4 
0 0.0201907 4 
0 0.0202069 4 
0 0.02025 4 
0 0.0202925 4 
0 0.0203198 4 
0 0.0204227 4 
0 0.0204452 4 
0 0.0214883 4 
0 inf 4 
0 0.00704224 5 
0 0.00754051 5 
0 0.00770887 5 
0 0.00781053 5 
0 0.00781783 5 
0 0.00783407 5 
0 0.00792595 5 
0 0.00795038 5 
0 0.00804062 5 
0 0.00809866 5 
0 0.00816841 5 
0 0.00818015 5 
0 0.00818839 5 
0 0.00822552 5 
0 0.00826494 5 
0 0.00828645 5 
0 0.00830547 5 
0 0.00832762 5 
0 0.00834318 5 
0 0.00837505 5 
0 0.00840794 5 
0 0.00843648 5 
0 0.0084421 5 
0 0.00844683 5 
0 0.00847139 5 
0 0.00848114 5 
0 0.00849282 5 
0 0.00852013 5 
0 0.00855833 5 
0 0.00856077 5 
0 0.00859659 5 
0 0.00860329 5 
0 0.00861563 5 
0 0.008636 5 
0 0.00864722 5 
0 0.00867134 5 
0 0.00867597 5 
0 0.0086763 5 
0 0.00869677 5 
0 0.00870458 5 
0 0.00871736 5 
0 0.00872221 5 
0 0.00874026 5 
0 0.00875415 5 
0 0.00875633 5 
0 0.00877049 5 
0 0.00877661 5 
0 0.00877673 5 
0 0.00879116 5 
0 0.00879841 5 
0 0.00883083 5 
0 0.00886868 5 
0 0.00891637 5 
0 0.00891888 5 
0 0.0089262 5 
0 0.00893944 5 
0 0.00895733 5 
0 0.00896439 5 
0 0.00896612 5 
0 0.0089767 5 
0 0.00898038 5 
0 0.00899393 5 
0 0.00899398 5 
0 0.00900078 5 
0 0.00900883 5 
0 0.00901503 5 
0 0.00909286 5 
0 0.00909826 5 
0 0.00912147 5 
0 0.00912447 5 
0 0.00912856 5 
0 0.00914795 5 
0 0.00915323 5 
0 0.00916246 5 
0 0.00916504 5 
0 0.00917524 5 
0 0.00917885 5 
0 0.00919648 5 
0 0.00921128 5 
0 0.00921643 5 
0 0.0092414 5 
0 0.00926521 5 
0 0.00926795 5 
0 0.00928332 5 
0 0.00929007 5 
0 0.00929161 5 
0 0.00929782 5 
0 0.00929791 5 
0 0.00930755 5 
0 0.00932369 5 
0 0.00936698 5 
0 0.00937465 5 
0 0.00938543 5 
0 0.00939463 5 
0 0.00940077 5 
0 0.00941471 5 
0 0.00942605 5 
0 0.00942708 5 
0 0.00942994 5 
0 0.00949126 5 
0 0.00949628 5 
0 0.00955793 5 
0 0.0095697 5 
0 0.00957279 5 
0 0.00959443 5 
0 0.0095993 5 
0 0.00960583 5 
0 0.00961921 5 
0 0.00962966 5 
0 0.00965116 5 
0 0.00969004 5 
0 0.00974481 5 
0 0.00975661 5 
0 0.00983058 5 
0 0.00987398 5 
0 0.00989489 5 
0 0.00990778 5 
0 0.0100007 5 
0 0.0100294 5 
0 0.0100362 5 
0 0.0100669 5 
0 0.0101099 5 
0 0.0101392 5 
0 0.0101675 5 
0 0.0101698 5 
0 0.0102068 5 
0 0.0111711 5 
0 inf 5 
0 0.00326614 6 
0 0.00361957 6 
0 0.00373067 6 
0 0.00378977 6 
0 0.00383546 6 
0 0.00384838 6 
0 0.00385436 6 
0 0.00388952 6 
0 0.00395801 6 
0 0.00395969 6 
0 0.00397499 6 
0 0.00399197 6 
0 0.00402277 6 
0 0.00402891 6 
0 0.00405141 6 
0 0.00406902 6 
0 0.00407055 6 
0 0.00409192 6 
0 0.004092 6 
0 0.00413285 6 
0 0.0041333 6 
0 0.0041348 6 
0 0.00415219 6 
0 0.00416184 6 
0 0.00418276 6 
0 0.0041886 6 
0 0.00420239 6 
0 0.00420683 6 
0 0.004215 6 
0 0.0042278 6 
0 0.00423742 6 
0 0.00423752 6 
0 0.00424681 6 
0 0.00425408 6 
0 0.00427517 6 
0 0.00427988 6 
0 0.0042976 6 
0 0.00430517 6 
0 0.00430919 6 
0 0.00432957 6 
0 0.00433272 6 
0 0.00433674 6 
0 0.00434894 6 
0 0.00436342 6 
0 0.00436652 6 
0 0.00437272 6 
0 0.00439356 6 
0 0.00439724 6 
0 0.00442153 6 
0 0.00442216 6 
0 0.0044245 6 
0 0.0044315 6 
0 0.00443298 6 
0 0.00443343 6 
0 0.0044407 6 
0 0.00444185 6 
0 0.00444745 6 
0 0.00445241 6 
0 0.00445791 6 
0 0.00446171 6 
0 0.00446375 6 
0 0.00447073 6 
0 0.00447274 6 
0 0.0044926 6 
0 0.00449263 6 
0 0.00450254 6 
0 0.00451439 6 
0 0.00453563 6 
0 0.00453967 6 
0 0.00455904 6 
0 0.0045665 6 
0 0.00457992 6 
0 0.00458385 6 
0 0.00460189 6 
0 0.00460342 6 
0 0.00461055 6 
0 0.00461661 6 
0 0.00461839 6 
0 0.00462841 6 
0 0.00463652 6 
0 0.00465082 6 
0 0.00465157 6 
0 0.00465644 6 
0 0.00466646 6 
0 0.00466718 6 
0 0.0046686 6 
0 0.00467931 6 
0 0.00468454 6 
0 0.00468532 6 
0 0.00470699 6 
0 0.00471254 6 
0 0.00471443 6 
0 0.00471448 6 
0 0.00472412 6 
0 0.004737 6 
0 0.00475239 6 
0 0.00475485 6 
0 0.00475731 6 
0 0.00476424 6 
0 0.00477353 6 
0 0.00477999 6 
0 0.00480318 6 
0 0.00481049 6 
0 0.00482132 6 
0 0.00482391 6 
0 0.00482687 6 
0 0.00482747 6 
0 0.0048334 6 
0 0.00485563 6 
0 0.00486395 6 
0 0.00486998 6 
0 0.00490364 6 
0 0.00494042 6 
0 0.00494535 6 
0 0.00495787 6 
0 0.00500171 6 
0 0.00503311 6 
0 0.00503394 6 
0 0.00507324 6 
0 0.00511196 6 
0 0.00513537 6 
0 0.00514911 6 
0 0.0051743 6 
0 0.00517643 6 
0 0.00521646 6 
0 0.005349 6 
0 0.00588749 6 
0 inf 6 
0 0.00154587 7 
0 0.00177266 7 
0 0.00184392 7 
0 0.00187632 7 
0 0.0019087 7 
0 0.00191484 7 
0 0.0019454 7 
0 0.0019476 7 
0 0.00196232 7 
0 0.0019727 7 
0 0.00197657 7 
0 0.0019812 7 
0 0.00198385 7 
0 0.00202066 7 
0 0.00202322 7 
0 0.00202871 7 
0 0.00203265 7 
0 0.00204568 7 
0 0.00205146 7 
0 0.00205982 7 
0 0.00207945 7 
0 0.00208137 7 
0 0.00208242 7 
0 0.00208375 7 
0 0.00209578 7 
0 0.00211279 7 
0 0.002113 7 
0 0.00211833 7 
0 0.00212068 7 
0 0.00213332 7 
0 0.00213987 7 
0 0.00214091 7 
0 0.00214371 7 
0 0.00214425 7 
0 0.00214881 7 
0 0.0021525 7 
0 0.00216552 7 
0 0.00216695 7 
0 0.00218042 7 
0 0.00218887 7 
0 0.00219252 7 
0 0.00219746 7 
0 0.00219871 7 
0 0.00220737 7 
0 0.00221056 7 
0 0.00221813 7 
0 0.00222017 7 
0 0.00222459 7 
0 0.00222742 7 
0 0.00223015 7 
0 0.00223755 7 
0 0.00224618 7 
0 0.00225012 7 
0 0.00225367 7 
0 0.002254 7 
0 0.00225443 7 
0 0.00226036 7 
0 0.00226373 7 
0 0.0022648 7 
0 0.0022816 7 
0 0.00228403 7 
0 0.00228555 7 
0 0.00228699 7 
0 0.00229023 7 
0 0.00229435 7 
0 0.00229586 7 
0 0.00229838 7 
0 0.00230025 7 
0 0.00230708 7 
0 0.00231298 7 
0 0.00232376 7 
0 0.00232837 7 
0 0.00232959 7 
0 0.00233449 7 
0 0.00233505 7 
0 0.0023467 7 
0 0.00234883 7 
0 0.00235115 7 
0 0.00236305 7 
0 0.0023666 7 
0 0.00236711 7 
0 0.00237921 7 
0 0.00238094 7 
0 0.00238328 7 
0 0.00238919 7 
0 0.00238969 7 
0 0.0023912 7 
0 0.00239465 7 
0 0.00239763 7 
0 0.00239848 7 
0 0.00240078 7 
0 0.00240173 7 
0 0.00240569 7 
0 0.00240805 7 
0 0.00241163 7 
0 0.00241502 7 
0 0.00242352 7 
0 0.00242726 7 
0 0.00243122 7 
0 0.00243478 7 
0 0.00244547 7 
0 0.00244602 7 
0 0.00245667 7 
0 0.00245894 7 
0 0.00245925 7 
0 0.00249495 7 
0 0.00249876 7 
0 0.00250628 7 
0 0.00250724 7 
0 0.00251526 7 
0 0.00252366 7 
0 0.00253071 7 
0 0.00254967 7 
0 0.00254995 7 
0 0.00255912 7 
0 0.00256139 7 
0 0.00257825 7 
0 0.0025946 7 
0 0.002606 7 
0 0.0026425 7 
0 0.00264559 7 
0 0.00266403 7 
0 0.00268557 7 
0 0.00271706 7 
0 0.00273003 7 
0 0.00285393 7 
0 0.00310702 7 
0 inf 7 
0 0.000746169 8 
0 0.000883212 8 
0 0.000926965 8 
0 0.000944376 8 
0 0.000963323 8 
0 0.000968515 8 
0 0.000978037 8 
0 0.000989303 8 
0 0.000990324 8 
0 0.00099058 8 
0 0.000990941 8 
0 0.00100604 8 
0 0.00101267 8 
0 0.00102041 8 
0 0.00102513 8 
0 0.00103414 8 
0 0.00104008 8 
0 0.0010459 8 
0 0.00104778 8 
0 0.00105058 8 
0 0.00105153 8 
0 0.00105869 8 
0 0.00105942 8 
0 0.00106606 8 
0 0.00106664 8 
0 0.00106884 8 
0 0.00107476 8 
0 0.00107556 8 
0 0.00107698 8 
0 0.0010829 8 
0 0.001087 8 
0 0.00108994 8 
0 0.00109935 8 
0 0.00110375 8 
0 0.00110654 8 
0 0.00110949 8 
0 0.00111009 8 
0 0.0011118 8 
0 0.00111558 8 
0 0.00111757 8 
0 0.00112017 8 
0 0.0011218 8 
0 0.00113085 8 
0 0.001132 8 
0 0.00113282 8 
0 0.00113527 8 
0 0.00113554 8 
0 0.00114039 8 
0 0.00114117 8 
0 0.00114308 8 
0 0.00114917 8 
0 0.00115075 8 
0 0.00115398 8 
0 0.00115553 8 
0 0.00116059 8 
0 0.00116088 8 
0 0.00116169 8 
0 0.00116975 8 
0 0.00117163 8 
0 0.00117639 8 
0 0.0011772 8 
0 0.00117905 8 
0 0.00117962 8 
0 0.00118303 8 
0 0.0011888 8 
0 0.00118983 8 
0 0.00119254 8 
0 0.00119363 8 
0 0.00119733 8 
0 0.00119857 8 
0 0.00120097 8 
0 0.00120334 8 
0 0.00120337 8 
0 0.00120617 8 
0 0.00120702 8 
0 0.00120725 8 
0 0.00120761 8 
0 0.00120766 8 
0 0.0012112 8 
0 0.00121195 8 
0 0.00121207 8 
0 0.00121354 8 
0 0.00121499 8 
0 0.00122067 8 
0 0.00122471 8 
0 0.00122485 8 
0 0.00122634 8 
0 0.00122709 8 
0 0.00123874 8 
0 0.00124625 8 
0 0.00124814 8 
0 0.00125133 8 
0 0.00125244 8 
0 0.00125284 8 
0 0.00125312 8 
0 0.0012591 8 
0 0.00126185 8 
0 0.00126212 8 
0 0.00126689 8 
0 0.00126782 8 
0 0.00126966 8 
0 0.00128602 8 
0 0.00128649 8 
0 0.00128776 8 
0 0.00129851 8 
0 0.00129951 8 
0 0.00130395 8 
0 0.00130634 8 
0 0.00130701 8 
0 0.00131289 8 
0 0.00131608 8 
0 0.00131861 8 
0 0.00132086 8 
0 0.00133123 8 
0 0.00133625 8 
0 0.0013397 8 
0 0.00135857 8 
0 0.00136694 8 
0 0.00136871 8 
0 0.00137607 8 
0 0.00137736 8 
0 0.00139616 8 
0 0.00141532 8 
0 0.00144028 8 
0 0.00144554 8 
0 0.00154101 8 
0 0.00165796 8 
0 inf 8 
0 0.00036721 9 
0 0.000446817 9 
0 0.000472512 9 
0 0.000481919 9 
0 0.000492221 9 
0 0.000493285 9 
0 0.000494787 9 
0 0.000499725 9 
0 0.000502223 9 
0 0.000508441 9 
0 0.000511318 9 
0 0.000518954 9 
0 0.000520894 9 
0 0.000526891 9 
0 0.000527005 9 
0 0.000529136 9 
0 0.000535194 9 
0 0.000539519 9 
0 0.000543755 9 
0 0.00054402 9 
0 0.000544882 9 
0 0.000546312 9 
0 0.000546864 9 
0 0.000548437 9 
0 0.000550341 9 
0 0.000550419 9 
0 0.000552646 9 
0 0.000553562 9 
0 0.000553975 9 
0 0.000559998 9 
0 0.000561166 9 
0 0.000561459 9 
0 0.000562306 9 
0 0.000563858 9 
0 0.000563994 9 
0 0.000569261 9 
0 0.000576434 9 
0 0.00057908 9 
0 0.000579549 9 
0 0.000580213 9 
0 0.000580684 9 
0 0.000581178 9 
0 0.00058145 9 
0 0.000583383 9 
0 0.000589742 9 
0 0.000590022 9 
0 0.00059052 9 
0 0.000593614 9 
0 0.000597508 9 
0 0.000597546 9 
0 0.000597616 9 
0 0.000598279 9 
0 0.000600144 9 
0 0.000601147 9 
0 0.000601423 9 
0 0.000603093 9 
0 0.000604262 9 
0 0.000604665 9 
0 0.000606763 9 
0 0.000613693 9 
0 0.000614092 9 
0 0.000615516 9 
0 0.000615667 9 
0 0.000616099 9 
0 0.000616409 9 
0 0.000617795 9 
0 0.000618816 9 
0 0.000619283 9 
0 0.000619398 9 
0 0.000619876 9 
0 0.000622327 9 
0 0.00062474 9 
0 0.000625929 9 
0 0.000626739 9 
0 0.000628 9 
0 0.000629551 9 
0 0.000629611 9 
0 0.000631283 9 
0 0.00063166 9 
0 0.000632809 9 
0 0.000634517 9 
0 0.00063465 9 
0 0.000635296 9 
0 0.000635548 9 
0 0.000635712 9 
0 0.00063912 9 
0 0.000640972 9 
0 0.000642654 9 
0 0.000643464 9 
0 0.000650817 9 
0 0.000653857 9 
0 0.000654148 9 
0 0.000654671 9 
0 0.000655627 9 
0 0.000658269 9 
0 0.000660231 9 
0 0.000662273 9 
0 0.00066298 9 
0 0.00066416 9 
0 0.000669273 9 
0 0.000672066 9 
0 0.000672771 9 
0 0.00068003 9 
0 0.000682563 9 
0 0.000682921 9 
0 0.000683324 9 
0 0.000684559 9 
0 0.000687093 9 
0 0.000688423 9 
0 0.000689915 9 
0 0.000699718 9 
0 0.000700431 9 
0 0.000701192 9 
0 0.000701977 9 
0 0.000704564 9 
0 0.000708893 9 
0 0.000709297 9 
0 0.000721218 9 
0 0.000721433 9 
0 0.00072256 9 
0 0.000731161 9 
0 0.000739639 9 
0 0.000755532 9 
0 0.000767835 9 
0 0.000776771 9 
0 0.000838771 9 
0 0.000893059 9 
0 inf 9 
