0.523258 0.541199 0 
0.523199 0.541249 0 
0.523038 0.542401 0 
0.523024 0.542144 0 
0.522724 0.539 0 
0.5227 0.537713 0 
0.522485 0.540713 0 
0.52228 0.541249 0 
0.522087 0.539482 0 
0.522014 0.541603 0 
0.521835 0.541465 0 
0.521377 0.538565 0 
0.521233 0.541174 0 
0.520973 0.539187 0 
0.52075 0.544369 0 
0.520697 0.542276 0 
0.520559 0.538539 0 
0.520399 0.542401 0 
0.520392 0.541932 0 
0.52038 0.538633 0 
0.520284 0.520421 0 
0.520278 0.543 0 
0.52027 0.537855 0 
0.520264 0.539664 0 
0.520244 0.543207 0 
0.520181 0.538464 0 
0.519934 0.54252 0 
0.519855 0.540731 0 
0.519837 0.538633 0 
0.519751 0.540086 0 
0.519706 0.519904 0 
0.51951 0.539291 0 
0.519504 0.540129 0 
0.519474 0.520095 0 
0.519365 0.540816 0 
0.519316 0.541406 0 
0.519302 0.541658 0 
0.51923 0.541718 0 
0.519215 0.538565 0 
0.519152 0.546397 0 
0.519118 0.542278 0 
0.518957 0.539185 0 
0.518889 0.519172 0 
0.518833 0.518902 0 
0.518771 0.541742 0 
0.518767 0.544907 0 
0.518721 0.542918 0 
0.518628 0.541199 0 
0.518616 0.53944 0 
0.518582 0.520253 0 
0.518526 0.539163 0 
0.51834 0.543368 0 
0.518335 0.537713 0 
0.518297 0.53554 0 
0.518265 0.519052 0 
0.518259 0.54257 0 
0.518166 0.518687 0 
0.518164 0.540419 0 
0.518141 0.539959 0 
0.518139 0.54169 0 
0.51811 0.518448 0 
0.518101 0.543648 0 
0.518096 0.518529 0 
0.518062 0.541255 0 
0.51804 0.518154 0 
0.518034 0.540985 0 
0.517989 0.541249 0 
0.517898 0.520272 0 
0.517879 0.541415 0 
0.517842 0.540725 0 
0.517807 0.543709 0 
0.517778 0.518828 0 
0.517712 0.541083 0 
0.517669 0.519956 0 
0.517619 0.54145 0 
0.517566 0.542274 0 
0.517545 0.518075 0 
0.517524 0.542224 0 
0.517521 0.537543 0 
0.51744 0.521082 0 
0.517424 0.539185 0 
0.517399 0.542143 0 
0.517399 0.517534 0 
0.517288 0.540152 0 
0.517248 0.537606 0 
0.517213 0.544606 0 
0.51719 0.545628 0 
0.517157 0.539959 0 
0.51711 0.517653 0 
0.517089 0.518804 0 
0.51705 0.541658 0 
0.517008 0.518448 0 
0.516994 0.542014 0 
0.516993 0.542779 0 
0.516937 0.517998 0 
0.516918 0.519209 0 
0.516895 0.543518 0 
0.516888 0.538896 0 
0.516864 0.518448 0 
0.516843 0.516956 0 
0.516837 0.542276 0 
0.51683 0.518141 0 
0.516823 0.538633 0 
0.516797 0.519474 0 
0.51679 0.539735 0 
0.516713 0.540475 0 
0.516684 0.516709 0 
0.516663 0.518141 0 
0.516635 0.519009 0 
0.516634 0.543368 0 
0.51663 0.518828 0 
0.51662 0.517469 0 
0.516593 0.518871 0 
0.516585 0.544086 0 
0.51656 0.542693 0 
0.516557 0.543623 0 
0.516548 0.518223 0 
0.516544 0.517949 0 
0.516524 0.517487 0 
0.516497 0.541357 0 
0.516489 0.542179 0 
0.516458 0.539604 0 
0.516452 0.517608 0 
0.516452 0.517469 0 
0.516424 0.540918 0 
0.516386 0.539892 0 
0.516386 0.544415 0 
0.516341 0.517531 0 
0.516302 0.524076 0 
0.516287 0.51779 0 
0.516249 0.516734 0 
0.516226 0.520169 0 
0.516226 0.539187 0 
0.516204 0.519537 0 
0.516199 0.520927 0 
0.51619 0.516203 0 
0.516144 0.517608 0 
0.516094 0.542994 0 
0.516016 0.541415 0 
0.51601 0.519405 0 
0.516 0.516098 0 
0.515996 0.542818 0 
0.515993 0.517731 0 
0.515988 0.516917 0 
0.515965 0.516964 0 
0.515952 0.517564 0 
0.515951 0.54005 0 
0.515888 0.542715 0 
0.51588 0.516325 0 
0.515846 0.516707 0 
0.51584 0.517834 0 
0.51582 0.520391 0 
0.515809 0.517552 0 
0.515773 0.516272 0 
0.515741 0.516499 0 
0.515684 0.516792 0 
0.515671 0.542824 0 
0.5156 0.539163 0 
0.515595 0.518128 0 
0.515549 0.542177 0 
0.51554 0.516192 0 
0.515538 0.516672 0 
0.515536 0.518683 0 
0.515535 0.540152 0 
0.515525 0.537454 0 
0.515517 0.517709 0 
0.5155 0.518224 0 
0.515495 0.515531 0 
0.515467 0.518538 0 
0.515463 0.520253 0 
0.515397 0.53944 0 
0.515391 0.520074 0 
0.515353 0.54145 0 
0.515332 0.543609 0 
0.515311 0.516541 0 
0.51529 0.519181 0 
0.515268 0.518538 0 
0.515266 0.539664 0 
0.515264 0.516203 0 
0.51525 0.541301 0 
0.515233 0.516498 0 
0.51523 0.542276 0 
0.515221 0.517129 0 
0.515209 0.542972 0 
0.515208 0.516571 0 
0.515208 0.517709 0 
0.515076 0.518529 0 
0.515051 0.518572 0 
0.515048 0.516964 0 
0.51504 0.519624 0 
0.515031 0.537606 0 
0.515027 0.515395 0 
0.51491 0.516431 0 
0.514883 0.51532 0 
0.514878 0.51535 0 
0.514851 0.539224 0 
0.514843 0.539187 0 
0.514834 0.541915 0 
0.514801 0.518309 0 
0.514798 0.516427 0 
0.514789 0.516334 0 
0.514786 0.515485 0 
0.514744 0.54169 0 
0.514733 0.520804 0 
0.51473 0.518851 0 
0.514725 0.516524 0 
0.51472 0.540175 0 
0.514691 0.540932 0 
0.514679 0.519508 0 
0.514662 0.515485 0 
0.514637 0.540011 0 
0.514629 0.54145 0 
0.514618 0.516499 0 
0.514614 0.539604 0 
0.514606 0.518167 0 
0.514603 0.539187 0 
0.514584 0.514766 0 
0.514553 0.516734 0 
0.514544 0.542824 0 
0.514529 0.51475 0 
0.514496 0.541111 0 
0.514458 0.540445 0 
0.514437 0.515165 0 
0.514414 0.514821 0 
0.514385 0.516521 0 
0.514383 0.542177 0 
0.514369 0.516188 0 
0.514354 0.518415 0 
0.514344 0.542401 0 
0.514342 0.542824 0 
0.514294 0.518961 0 
0.514287 0.516672 0 
0.514269 0.517072 0 
0.51425 0.539342 0 
0.514206 0.521078 0 
0.514204 0.537543 0 
0.514196 0.542301 0 
0.514187 0.539 0 
0.514186 0.542256 0 
0.514173 0.539738 0 
0.51413 0.521443 0 
0.514077 0.541042 0 
0.514064 0.52135 0 
0.514062 0.545408 0 
0.514044 0.517999 0 
0.514039 0.514334 0 
0.51402 0.540696 0 
0.513997 0.515481 0 
0.513958 0.516289 0 
0.513953 0.516707 0 
0.513915 0.522488 0 
0.513904 0.539342 0 
0.513884 0.519962 0 
0.513883 0.517111 0 
0.513835 0.516122 0 
0.513827 0.539291 0 
0.513793 0.516669 0 
0.513776 0.54418 0 
0.513774 0.539604 0 
0.513754 0.542185 0 
0.513713 0.522162 0 
0.513711 0.540009 0 
0.513682 0.539286 0 
0.513681 0.518948 0 
0.513675 0.520364 0 
0.513627 0.516535 0 
0.513601 0.51464 0 
0.513596 0.538322 0 
0.513587 0.542276 0 
0.513585 0.52026 0 
0.513545 0.543414 0 
0.5135 0.51536 0 
0.513446 0.538464 0 
0.513382 0.520804 0 
0.513356 0.537606 0 
0.513284 0.540754 0 
0.513257 0.543002 0 
0.513239 0.519751 0 
0.513226 0.540482 0 
0.513219 0.542145 0 
0.513205 0.540859 0 
0.513154 0.51585 0 
0.513152 0.541919 0 
0.51315 0.538565 0 
0.513144 0.541083 0 
0.513137 0.52103 0 
0.513134 0.537543 0 
0.513111 0.521075 0 
0.513104 0.540696 0 
0.513087 0.54367 0 
0.513086 0.51379 0 
0.513084 0.522673 0 
0.513067 0.516608 0 
0.513025 0.520183 0 
0.513024 0.541658 0 
0.513005 0.541258 0 
0.512989 0.516597 0 
0.512973 0.515514 0 
0.512953 0.544573 0 
0.512952 0.539 0 
0.512929 0.54011 0 
0.512906 0.517564 0 
0.512865 0.52119 0 
0.512849 0.518401 0 
0.512834 0.538896 0 
0.512812 0.519874 0 
0.512761 0.540475 0 
0.512754 0.541381 0 
0.512746 0.521998 0 
0.512708 0.542268 0 
0.512679 0.541482 0 
0.51266 0.540009 0 
0.512598 0.523429 0 
0.512591 0.518849 0 
0.51258 0.519751 0 
0.512514 0.537713 0 
0.512499 0.541035 0 
0.512496 0.51724 0 
0.512481 0.518023 0 
0.512445 0.539998 0 
0.512444 0.539291 0 
0.512383 0.539602 0 
0.512375 0.541989 0 
0.512341 0.543815 0 
0.512295 0.542177 0 
0.512211 0.542011 0 
0.512205 0.520272 0 
0.512198 0.543528 0 
0.512165 0.541915 0 
0.512153 0.519481 0 
0.5121 0.539735 0 
0.512075 0.543 0 
0.512008 0.541273 0 
0.511979 0.539796 0 
0.511955 0.543071 0 
0.511924 0.540236 0 
0.51192 0.516844 0 
0.511889 0.546742 0 
0.511882 0.514044 0 
0.511802 0.540413 0 
0.511771 0.538565 0 
0.511768 0.538322 0 
0.511735 0.544446 0 
0.511661 0.54169 0 
0.511659 0.540765 0 
0.511652 0.521443 0 
0.511649 0.541009 0 
0.511555 0.537713 0 
0.511536 0.539224 0 
0.511532 0.53944 0 
0.51152 0.54145 0 
0.51151 0.538464 0 
0.511504 0.513023 0 
0.51127 0.517443 0 
0.511236 0.542557 0 
0.511165 0.512499 0 
0.511163 0.537454 0 
0.511112 0.540838 0 
0.511093 0.537855 0 
0.51106 0.538633 0 
0.511009 0.539163 0 
0.511005 0.540009 0 
0.510999 0.54011 0 
0.510988 0.51176 0 
0.510959 0.517053 0 
0.510939 0.538896 0 
0.5108 0.540578 0 
0.510765 0.5411 0 
0.510751 0.540578 0 
0.51075 0.540625 0 
0.510731 0.54149 0 
0.510613 0.542772 0 
0.510549 0.540765 0 
0.510475 0.541199 0 
0.510456 0.541381 0 
0.510382 0.511274 0 
0.510275 0.541429 0 
0.510174 0.512416 0 
0.51011 0.542406 0 
0.509984 0.542918 0 
0.509962 0.541465 0 
0.509937 0.542955 0 
0.509661 0.54307 0 
0.509634 0.547458 0 
0.509573 0.547878 0 
0.509283 0.544604 0 
0.509238 0.542959 0 
0.509156 0.543709 0 
0.508961 0.544727 0 
0.508954 0.51132 0 
0.218091 0.223408 1 
0.21775 0.224938 1 
0.217485 0.22757 1 
0.216615 0.222575 1 
0.216487 0.226074 1 
0.216294 0.22335 1 
0.216227 0.230961 1 
0.216153 0.223398 1 
0.215758 0.22907 1 
0.215758 0.224386 1 
0.215397 0.227068 1 
0.215342 0.223434 1 
0.21511 0.224484 1 
0.215108 0.225696 1 
0.215087 0.228103 1 
0.214994 0.22083 1 
0.21494 0.225806 1 
0.214859 0.224559 1 
0.21482 0.223414 1 
0.214764 0.22992 1 
0.214747 0.223002 1 
0.21472 0.224807 1 
0.214537 0.226307 1 
0.214367 0.222965 1 
0.214366 0.219074 1 
0.214304 0.224322 1 
0.214257 0.222797 1 
0.214151 0.223408 1 
0.214089 0.221479 1 
0.213982 0.226209 1 
0.213976 0.221468 1 
0.213892 0.226037 1 
0.213884 0.231107 1 
0.213882 0.219188 1 
0.21381 0.223583 1 
0.213759 0.217384 1 
0.213706 0.219164 1 
0.213687 0.226452 1 
0.213674 0.223465 1 
0.213671 0.219164 1 
0.213618 0.227471 1 
0.213525 0.225489 1 
0.213514 0.219882 1 
0.213476 0.224012 1 
0.213361 0.224769 1 
0.213358 0.232997 1 
0.21333 0.223494 1 
0.213258 0.219296 1 
0.213216 0.226144 1 
0.213187 0.221057 1 
0.21317 0.225094 1 
0.213168 0.227635 1 
0.213157 0.224165 1 
0.213028 0.218065 1 
0.212916 0.224887 1 
0.212871 0.226209 1 
0.21286 0.222679 1 
0.212853 0.224243 1 
0.212853 0.220424 1 
0.212823 0.225176 1 
0.212797 0.232767 1 
0.212748 0.219325 1 
0.212632 0.214204 1 
0.212598 0.225245 1 
0.212574 0.223002 1 
0.212472 0.221946 1 
0.21247 0.22321 1 
0.21247 0.218065 1 
0.212467 0.22324 1 
0.212449 0.224376 1 
0.212433 0.220687 1 
0.21242 0.223438 1 
0.212412 0.225878 1 
0.212355 0.222902 1 
0.212269 0.219488 1 
0.212205 0.22771 1 
0.212171 0.219661 1 
0.212167 0.212228 1 
0.212154 0.221708 1 
0.212141 0.22366 1 
0.212109 0.219296 1 
0.212104 0.223438 1 
0.212027 0.228811 1 
0.211981 0.219954 1 
0.211966 0.220408 1 
0.211882 0.227711 1 
0.211861 0.224559 1 
0.211624 0.219488 1 
0.211615 0.212391 1 
0.211599 0.223438 1 
0.211587 0.221344 1 
0.211586 0.225392 1 
0.211495 0.226037 1 
0.211424 0.226037 1 
0.211408 0.221468 1 
0.211378 0.22126 1 
0.211361 0.220672 1 
0.211307 0.223583 1 
0.211197 0.22321 1 
0.211155 0.223695 1 
0.210944 0.225427 1 
0.21078 0.222906 1 
0.210731 0.224409 1 
0.210721 0.210968 1 
0.210713 0.223594 1 
0.210697 0.211303 1 
0.210697 0.224119 1 
0.21062 0.221941 1 
0.210592 0.228392 1 
0.210484 0.221057 1 
0.21026 0.221463 1 
0.210221 0.223594 1 
0.210196 0.2244 1 
0.210192 0.220754 1 
0.210184 0.225272 1 
0.210166 0.224165 1 
0.210015 0.211242 1 
0.209916 0.225119 1 
0.209838 0.210587 1 
0.209752 0.223434 1 
0.209692 0.223583 1 
0.209642 0.222153 1 
0.20964 0.223583 1 
0.209503 0.225878 1 
0.209478 0.217545 1 
0.209406 0.217545 1 
0.209334 0.225277 1 
0.209316 0.221602 1 
0.209288 0.209801 1 
0.209271 0.209873 1 
0.20927 0.217192 1 
0.20926 0.225405 1 
0.209143 0.227026 1 
0.209046 0.220959 1 
0.209004 0.217722 1 
0.208966 0.220868 1 
0.20887 0.220687 1 
0.20882 0.219954 1 
0.20879 0.208984 1 
0.208754 0.220408 1 
0.208735 0.224159 1 
0.208686 0.211778 1 
0.208654 0.223224 1 
0.208652 0.211394 1 
0.20856 0.219954 1 
0.208536 0.209165 1 
0.208458 0.225988 1 
0.208453 0.209349 1 
0.208404 0.20914 1 
0.208394 0.222207 1 
0.208375 0.210713 1 
0.208363 0.228258 1 
0.20828 0.212684 1 
0.208269 0.208389 1 
0.208267 0.219325 1 
0.208255 0.20846 1 
0.208215 0.221374 1 
0.208152 0.222589 1 
0.208086 0.210111 1 
0.207946 0.208055 1 
0.207929 0.226147 1 
0.207926 0.208249 1 
0.207919 0.209312 1 
0.207899 0.220963 1 
0.207889 0.223416 1 
0.207832 0.211792 1 
0.207798 0.208327 1 
0.207742 0.209561 1 
0.207686 0.221525 1 
0.207625 0.210107 1 
0.207537 0.223673 1 
0.207533 0.208418 1 
0.20753 0.220826 1 
0.207516 0.210495 1 
0.20751 0.210624 1 
0.207459 0.220687 1 
0.207424 0.223683 1 
0.207414 0.209628 1 
0.207321 0.207808 1 
0.207307 0.223356 1 
0.207298 0.209935 1 
0.207287 0.208055 1 
0.207277 0.207733 1 
0.207239 0.222044 1 
0.207225 0.219546 1 
0.20721 0.225405 1 
0.207184 0.207957 1 
0.207153 0.22673 1 
0.207101 0.223594 1 
0.20707 0.208968 1 
0.207022 0.221292 1 
0.207014 0.209432 1 
0.206987 0.224701 1 
0.20693 0.212037 1 
0.20692 0.220424 1 
0.206886 0.208391 1 
0.206787 0.220165 1 
0.20678 0.219164 1 
0.206771 0.207161 1 
0.206741 0.219882 1 
0.206713 0.21011 1 
0.206697 0.221057 1 
0.206656 0.219488 1 
0.20663 0.210231 1 
0.206616 0.222994 1 
0.206544 0.222615 1 
0.206522 0.222615 1 
0.206497 0.221502 1 
0.206453 0.206472 1 
0.206443 0.208472 1 
0.20644 0.209896 1 
0.206423 0.220424 1 
0.206411 0.209047 1 
0.2064 0.222097 1 
0.206357 0.219488 1 
0.206355 0.210033 1 
0.206347 0.206987 1 
0.206299 0.224223 1 
0.206242 0.206757 1 
0.206235 0.206357 1 
0.206192 0.207482 1 
0.206134 0.209035 1 
0.206104 0.222307 1 
0.206099 0.220754 1 
0.206081 0.208928 1 
0.206045 0.221525 1 
0.205991 0.209035 1 
0.205928 0.223392 1 
0.205919 0.206689 1 
0.20589 0.208227 1 
0.205798 0.224011 1 
0.205797 0.207016 1 
0.20579 0.211326 1 
0.205781 0.217545 1 
0.205763 0.223773 1 
0.205759 0.209628 1 
0.205706 0.21068 1 
0.205698 0.21098 1 
0.205696 0.220165 1 
0.205635 0.219074 1 
0.205589 0.20893 1 
0.205547 0.210342 1 
0.205542 0.226366 1 
0.205522 0.206296 1 
0.205512 0.206679 1 
0.205503 0.207051 1 
0.205501 0.208954 1 
0.205447 0.206401 1 
0.205445 0.225468 1 
0.205431 0.207729 1 
0.205427 0.223438 1 
0.20541 0.221745 1 
0.205345 0.205473 1 
0.205245 0.22335 1 
0.205224 0.21021 1 
0.205205 0.219296 1 
0.205204 0.207986 1 
0.205134 0.220826 1 
0.205123 0.223372 1 
0.205078 0.207022 1 
0.205073 0.219954 1 
0.205043 0.205691 1 
0.205025 0.217192 1 
0.204965 0.220454 1 
0.204948 0.211183 1 
0.204937 0.208522 1 
0.204904 0.224856 1 
0.204888 0.220454 1 
0.204814 0.218065 1 
0.204776 0.207016 1 
0.204771 0.213207 1 
0.204767 0.206661 1 
0.204742 0.220294 1 
0.204653 0.222285 1 
0.204636 0.20903 1 
0.20456 0.208273 1 
0.204542 0.206496 1 
0.204537 0.221999 1 
0.204531 0.220712 1 
0.204417 0.217722 1 
0.204415 0.209266 1 
0.204372 0.222254 1 
0.20432 0.219661 1 
0.204316 0.223037 1 
0.204313 0.220408 1 
0.204311 0.210033 1 
0.2043 0.210653 1 
0.204296 0.219074 1 
0.204242 0.204591 1 
0.204197 0.219661 1 
0.204151 0.224165 1 
0.204144 0.208911 1 
0.204122 0.217722 1 
0.204114 0.211608 1 
0.204033 0.204911 1 
0.204017 0.209125 1 
0.203953 0.206401 1 
0.203937 0.212275 1 
0.203936 0.203942 1 
0.203933 0.204405 1 
0.203895 0.221344 1 
0.203835 0.210888 1 
0.203772 0.219954 1 
0.20377 0.204481 1 
0.203763 0.220687 1 
0.203671 0.208254 1 
0.203661 0.225855 1 
0.203659 0.209862 1 
0.203616 0.218621 1 
0.203594 0.22091 1 
0.203456 0.205792 1 
0.203438 0.225119 1 
0.203408 0.208237 1 
0.203398 0.220165 1 
0.203379 0.218621 1 
0.203347 0.222254 1 
0.203339 0.219164 1 
0.203158 0.218065 1 
0.20315 0.206583 1 
0.203112 0.203943 1 
0.203107 0.222153 1 
0.20308 0.212523 1 
0.203007 0.217384 1 
0.202964 0.221788 1 
0.202951 0.222153 1 
0.202773 0.224551 1 
0.202652 0.222789 1 
0.202515 0.223334 1 
0.202455 0.223174 1 
0.202395 0.223372 1 
0.202315 0.222307 1 
0.201083 0.202638 1 
0.19953 0.199954 1 
0.100899 0.105192 2 
0.100371 0.101721 2 
0.100184 0.106478 2 
0.0998418 0.102726 2 
0.0996034 0.104684 2 
0.0994464 0.101735 2 
0.0993303 0.10067 2 
0.0991375 0.104277 2 
0.0987246 0.10079 2 
0.0987123 0.10637 2 
0.0983752 0.0989005 2 
0.0982959 0.0996911 2 
0.0982122 0.0999147 2 
0.097965 0.10152 2 
0.0979171 0.101823 2 
0.0979128 0.100502 2 
0.0976822 0.10079 2 
0.0975832 0.10194 2 
0.0975822 0.099662 2 
0.0975069 0.10079 2 
0.0974771 0.0997908 2 
0.097248 0.0982275 2 
0.0972204 0.100066 2 
0.0971335 0.100006 2 
0.0970891 0.101279 2 
0.0970841 0.0990309 2 
0.0969882 0.100041 2 
0.0969483 0.0984576 2 
0.0969039 0.10058 2 
0.0967662 0.098537 2 
0.0964551 0.102882 2 
0.0964168 0.099208 2 
0.0964143 0.0983277 2 
0.0963099 0.099366 2 
0.0962333 0.097552 2 
0.0961702 0.10058 2 
0.0961067 0.0983917 2 
0.0960667 0.0985368 2 
0.0959695 0.0966345 2 
0.0959353 0.0990309 2 
0.0959239 0.0978693 2 
0.0958989 0.102267 2 
0.0958403 0.0994726 2 
0.0958147 0.0989712 2 
0.0957897 0.098057 2 
0.0957294 0.0980446 2 
0.0955849 0.0996561 2 
0.0955214 0.0976234 2 
0.0954832 0.0976637 2 
0.09547 0.0993796 2 
0.0954163 0.0966924 2 
0.0954141 0.0976637 2 
0.095282 0.0958946 2 
0.0952434 0.0989579 2 
0.095077 0.0958593 2 
0.09485 0.0989637 2 
0.09481 0.0980446 2 
0.0947648 0.0961344 2 
0.094699 0.0978714 2 
0.0946706 0.101761 2 
0.0946609 0.0977722 2 
0.0946441 0.0997489 2 
0.0944805 0.098862 2 
0.0944265 0.0947869 2 
0.0944052 0.096649 2 
0.0942818 0.0957165 2 
0.0942614 0.0969594 2 
0.0942058 0.0999573 2 
0.0941454 0.0953564 2 
0.0941241 0.0952527 2 
0.094099 0.096649 2 
0.0940315 0.0982275 2 
0.0940249 0.095613 2 
0.0940237 0.0943134 2 
0.0939919 0.10138 2 
0.0939764 0.100597 2 
0.0939507 0.0962538 2 
0.093946 0.099557 2 
0.0938975 0.0978941 2 
0.0938647 0.0981696 2 
0.093861 0.0977993 2 
0.0937928 0.093798 2 
0.0937108 0.0946407 2 
0.093667 0.0980446 2 
0.0936421 0.100833 2 
0.0936178 0.095148 2 
0.0936002 0.0974399 2 
0.0935991 0.0974399 2 
0.0934766 0.0980192 2 
0.0933955 0.0994476 2 
0.0933412 0.0944756 2 
0.0933152 0.0994705 2 
0.0933138 0.095148 2 
0.0933133 0.0954252 2 
0.0932806 0.0936585 2 
0.0932522 0.0997489 2 
0.0932343 0.0957668 2 
0.0932298 0.0976145 2 
0.0932213 0.0938392 2 
0.0931476 0.101708 2 
0.0931311 0.0952091 2 
0.0929248 0.0976372 2 
0.0928992 0.0970154 2 
0.092856 0.0958747 2 
0.092816 0.0932352 2 
0.0927653 0.0986665 2 
0.0927048 0.0976797 2 
0.0926481 0.0967928 2 
0.0925872 0.0983065 2 
0.092576 0.0976637 2 
0.0925646 0.0931025 2 
0.0924608 0.0965208 2 
0.0923848 0.0967766 2 
0.0923598 0.0927485 2 
0.0923586 0.0990193 2 
0.0923419 0.0974399 2 
0.0923173 0.0933301 2 
0.0922679 0.0958623 2 
0.0922244 0.0993337 2 
0.0920861 0.093683 2 
0.0920501 0.0920542 2 
0.092026 0.0931025 2 
0.0919918 0.0952527 2 
0.0919543 0.0966158 2 
0.0918963 0.0990689 2 
0.0918765 0.0976637 2 
0.0918146 0.097594 2 
0.0917564 0.0985573 2 
0.0917028 0.0932238 2 
0.091653 0.0957095 2 
0.0916526 0.098039 2 
0.0916304 0.0940732 2 
0.091565 0.0980364 2 
0.0915502 0.0935717 2 
0.091522 0.0916294 2 
0.0915014 0.0959886 2 
0.0914442 0.0927121 2 
0.0913848 0.0990193 2 
0.0912882 0.0952091 2 
0.0912834 0.0925568 2 
0.0912456 0.0967193 2 
0.0912207 0.0917345 2 
0.0912024 0.0965122 2 
0.0911162 0.0917497 2 
0.0910502 0.0965184 2 
0.091046 0.0958946 2 
0.0909754 0.100314 2 
0.0909043 0.095148 2 
0.0909004 0.0933301 2 
0.090897 0.0944239 2 
0.0908217 0.101206 2 
0.0908132 0.0938548 2 
0.0907997 0.100855 2 
0.0907944 0.0942311 2 
0.0907634 0.0975269 2 
0.0907435 0.0908605 2 
0.0907352 0.0955169 2 
0.090717 0.0980446 2 
0.090714 0.0935717 2 
0.0906929 0.0907517 2 
0.0906788 0.091558 2 
0.0906545 0.0919092 2 
0.0906309 0.0923094 2 
0.0905749 0.0937096 2 
0.0905511 0.0913594 2 
0.0905418 0.0927507 2 
0.0905319 0.0945801 2 
0.0905301 0.0916563 2 
0.0905145 0.0952527 2 
0.0904585 0.0938258 2 
0.0903983 0.099557 2 
0.0903872 0.0941531 2 
0.0902622 0.0907789 2 
0.0902572 0.0914827 2 
0.0902456 0.0971273 2 
0.0901597 0.0917076 2 
0.0901286 0.0944351 2 
0.0900804 0.0985225 2 
0.0900414 0.0924588 2 
0.090036 0.093349 2 
0.0900329 0.0926969 2 
0.0899904 0.0903153 2 
0.0899903 0.0943368 2 
0.0898859 0.0952942 2 
0.0898338 0.0968053 2 
0.0898206 0.0980636 2 
0.0897298 0.0986906 2 
0.0897295 0.089995 2 
0.0897083 0.0907911 2 
0.0896783 0.0945941 2 
0.0896736 0.0957719 2 
0.0896552 0.0912982 2 
0.0896387 0.0910476 2 
0.0896255 0.0906663 2 
0.0896244 0.0900689 2 
0.0896156 0.0916841 2 
0.0895993 0.097594 2 
0.0895847 0.0928118 2 
0.0895194 0.0958593 2 
0.0894922 0.0994496 2 
0.0894842 0.0982733 2 
0.089436 0.090073 2 
0.0893792 0.0910863 2 
0.0893747 0.0958946 2 
0.0893626 0.0935448 2 
0.0892642 0.0919837 2 
0.0892289 0.0922051 2 
0.0892168 0.0923294 2 
0.0892087 0.0931025 2 
0.0891837 0.0958747 2 
0.0891748 0.0922022 2 
0.0891723 0.095148 2 
0.0891693 0.0908993 2 
0.0891582 0.0893792 2 
0.0891359 0.0902193 2 
0.0890962 0.0894128 2 
0.0890796 0.0973493 2 
0.0890788 0.0965744 2 
0.0890386 0.0955023 2 
0.0890233 0.091925 2 
0.0890124 0.093798 2 
0.0889959 0.0921461 2 
0.0889832 0.0993337 2 
0.0889704 0.0892475 2 
0.0889667 0.0959101 2 
0.088954 0.0889724 2 
0.0889328 0.0951476 2 
0.088925 0.0951476 2 
0.0888063 0.0919451 2 
0.0887528 0.0922385 2 
0.0887193 0.0977159 2 
0.0887006 0.0902808 2 
0.0886907 0.0943134 2 
0.0886833 0.090073 2 
0.0886389 0.0955169 2 
0.0886376 0.0898998 2 
0.0885961 0.0899414 2 
0.0885914 0.0990481 2 
0.0885802 0.0918871 2 
0.0885526 0.0958623 2 
0.0885139 0.091386 2 
0.0885126 0.0901733 2 
0.0884896 0.0893792 2 
0.0884781 0.0935724 2 
0.0884598 0.0891507 2 
0.0884492 0.0952091 2 
0.0884459 0.089995 2 
0.0883964 0.0965518 2 
0.0883603 0.0956408 2 
0.0883538 0.090611 2 
0.0883307 0.0928718 2 
0.0883178 0.0937771 2 
0.088313 0.095613 2 
0.0883025 0.0936643 2 
0.0881652 0.0918933 2 
0.0881543 0.0961006 2 
0.0881054 0.0950299 2 
0.0880885 0.0883353 2 
0.0880414 0.0886683 2 
0.0880112 0.088603 2 
0.0880051 0.0905808 2 
0.0880041 0.0945941 2 
0.0879968 0.0973493 2 
0.087993 0.0913182 2 
0.0879755 0.0981061 2 
0.0879557 0.0913965 2 
0.0879234 0.0917884 2 
0.0879048 0.0956408 2 
0.0878885 0.095808 2 
0.0878509 0.0925356 2 
0.0878223 0.0971273 2 
0.0878136 0.0935717 2 
0.0878059 0.0949624 2 
0.0877691 0.0927775 2 
0.0876269 0.0976497 2 
0.0875715 0.0891485 2 
0.0875434 0.0926659 2 
0.0875271 0.0911245 2 
0.0874338 0.0881883 2 
0.0874291 0.0949624 2 
0.0874184 0.0900147 2 
0.0873662 0.0882519 2 
0.0873227 0.0965123 2 
0.0873004 0.0975656 2 
0.0872591 0.0935717 2 
0.0872529 0.0951476 2 
0.0872178 0.0968997 2 
0.0871951 0.0987318 2 
0.0871402 0.0922107 2 
0.0871191 0.0937692 2 
0.0870512 0.0926492 2 
0.0870189 0.0881883 2 
0.0870156 0.0940848 2 
0.08696 0.0945801 2 
0.0868754 0.093798 2 
0.0868386 0.0913182 2 
0.0868369 0.0952091 2 
0.0868185 0.0979119 2 
0.0868053 0.0950038 2 
0.0866532 0.0875244 2 
0.0865442 0.0966158 2 
0.0863505 0.0886709 2 
0.0862053 0.0966924 2 
0.086181 0.0940848 2 
0.0860348 0.0982733 2 
0.08597 0.0878708 2 
0.0499141 0.0509319 3 
0.0494605 0.0498498 3 
0.048516 0.0498383 3 
0.0483093 0.0492987 3 
0.0480374 0.0486072 3 
0.0473574 0.047884 3 
0.0473271 0.0476155 3 
0.0470595 0.0473235 3 
0.0468945 0.0470537 3 
0.0466116 0.0486229 3 
0.0460522 0.0470537 3 
0.0458757 0.0477505 3 
0.0458237 0.0462013 3 
0.0457299 0.0461366 3 
0.0457064 0.0460469 3 
0.045555 0.0477834 3 
0.0454639 0.0463945 3 
0.0454289 0.0458175 3 
0.0454274 0.0460359 3 
0.0453395 0.0459791 3 
0.0452229 0.045286 3 
0.0451368 0.0461747 3 
0.0450468 0.0455611 3 
0.0449938 0.0471938 3 
0.0447966 0.0456986 3 
0.0447615 0.0460986 3 
0.0447087 0.0475813 3 
0.0446812 0.0451733 3 
0.0446689 0.0449153 3 
0.0446154 0.0469391 3 
0.0445967 0.0447159 3 
0.0445904 0.0449136 3 
0.0445877 0.0453239 3 
0.0445478 0.0454187 3 
0.04453 0.0460785 3 
0.0445143 0.0474201 3 
0.0445105 0.0456897 3 
0.0444438 0.0461594 3 
0.044416 0.0461781 3 
0.0443448 0.0449467 3 
0.0443433 0.0479175 3 
0.0442919 0.0452021 3 
0.0442517 0.0460598 3 
0.0442484 0.0443041 3 
0.044167 0.0448918 3 
0.0441537 0.0450763 3 
0.044096 0.0441192 3 
0.0440605 0.0444105 3 
0.043959 0.045142 3 
0.0439501 0.0454139 3 
0.0439309 0.0460357 3 
0.0439307 0.0455684 3 
0.0439266 0.0449822 3 
0.0438924 0.0461781 3 
0.0438911 0.0442193 3 
0.0438814 0.0439032 3 
0.0438527 0.0446407 3 
0.0437664 0.0440636 3 
0.043707 0.0448889 3 
0.0436843 0.044257 3 
0.0436661 0.0439763 3 
0.0436596 0.0444776 3 
0.0436035 0.0456193 3 
0.0434973 0.045244 3 
0.0434598 0.0445639 3 
0.0433858 0.0445395 3 
0.0432949 0.0455578 3 
0.0432775 0.0435862 3 
0.0432751 0.0437101 3 
0.0432405 0.0446697 3 
0.0432057 0.043233 3 
0.0431936 0.0458475 3 
0.0430793 0.0450176 3 
0.043076 0.0453191 3 
0.043038 0.0432627 3 
0.0428344 0.0452021 3 
0.0428012 0.0439141 3 
0.0427935 0.0440129 3 
0.0427749 0.0460497 3 
0.0426855 0.0469242 3 
0.0426751 0.0433208 3 
0.0426706 0.0451492 3 
0.0425819 0.0441154 3 
0.0425587 0.0429886 3 
0.0425426 0.0438127 3 
0.0425337 0.0434854 3 
0.0425291 0.0435455 3 
0.0425226 0.0436324 3 
0.0425213 0.0447607 3 
0.0424775 0.0445639 3 
0.0424523 0.0427218 3 
0.0423919 0.0429028 3 
0.0423871 0.0427086 3 
0.0423817 0.0452931 3 
0.042381 0.0432184 3 
0.0423788 0.0452392 3 
0.0423394 0.0439343 3 
0.0423189 0.0445761 3 
0.0422977 0.0467493 3 
0.0422863 0.0438879 3 
0.0422646 0.0440794 3 
0.0422567 0.0433558 3 
0.0422558 0.0454953 3 
0.0422467 0.0435105 3 
0.0421596 0.0422678 3 
0.0421148 0.0437337 3 
0.0420624 0.0464613 3 
0.0420609 0.046453 3 
0.0420464 0.0432889 3 
0.0420378 0.0429906 3 
0.0420359 0.0424125 3 
0.0420348 0.0426962 3 
0.0419809 0.0436828 3 
0.0419676 0.0422458 3 
0.0419332 0.0440972 3 
0.0419308 0.0436617 3 
0.0419283 0.0421059 3 
0.0419108 0.0432939 3 
0.0419104 0.0437187 3 
0.0418706 0.0453664 3 
0.0418441 0.0460497 3 
0.0418231 0.0421149 3 
0.0417694 0.0422678 3 
0.041769 0.0427337 3 
0.0417105 0.0429057 3 
0.0416794 0.0421324 3 
0.0416761 0.043233 3 
0.0416669 0.0424125 3 
0.041614 0.0432965 3 
0.0416096 0.0457494 3 
0.0415777 0.0428234 3 
0.0415343 0.0432571 3 
0.0415282 0.0449404 3 
0.0414915 0.0424092 3 
0.0414913 0.0425174 3 
0.0414663 0.0420676 3 
0.0414625 0.0419419 3 
0.0414442 0.0431609 3 
0.0414417 0.0445141 3 
0.0414367 0.0439879 3 
0.0414261 0.0458322 3 
0.0413946 0.0428937 3 
0.0413392 0.0436443 3 
0.041316 0.0432889 3 
0.0413028 0.0435568 3 
0.0413019 0.0414067 3 
0.0413018 0.0433584 3 
0.0412943 0.0460907 3 
0.041288 0.0434342 3 
0.0412856 0.0418253 3 
0.0412757 0.0448643 3 
0.0412554 0.0432189 3 
0.0412527 0.0454452 3 
0.0412524 0.0419868 3 
0.041243 0.0423136 3 
0.0412387 0.0429469 3 
0.0412084 0.0445078 3 
0.0411963 0.0432252 3 
0.0411174 0.0438401 3 
0.0411097 0.0417489 3 
0.0410687 0.0428343 3 
0.0410651 0.0434826 3 
0.0410618 0.0455436 3 
0.0410515 0.0414233 3 
0.0410128 0.043831 3 
0.0409546 0.0452572 3 
0.0409457 0.0409469 3 
0.0408728 0.0423382 3 
0.0408695 0.0434854 3 
0.0408245 0.0424391 3 
0.0407935 0.0432967 3 
0.0407865 0.0423395 3 
0.0407798 0.0424433 3 
0.0407529 0.0418166 3 
0.0407364 0.0431602 3 
0.0407116 0.0448643 3 
0.0407048 0.0434599 3 
0.0406964 0.0407228 3 
0.0406903 0.0431492 3 
0.0406807 0.0443041 3 
0.0406571 0.0416773 3 
0.0406513 0.0432967 3 
0.0406494 0.0432921 3 
0.0406404 0.0408975 3 
0.0406208 0.0435862 3 
0.0405776 0.0432332 3 
0.0405418 0.0420417 3 
0.0405124 0.0410814 3 
0.0404589 0.0411662 3 
0.0404429 0.0412976 3 
0.0404346 0.042879 3 
0.0404309 0.0426934 3 
0.0404277 0.0414233 3 
0.0404209 0.0457927 3 
0.040403 0.0429087 3 
0.040383 0.0428937 3 
0.0403807 0.0446259 3 
0.0403357 0.0423871 3 
0.0403234 0.0430801 3 
0.0402933 0.0431602 3 
0.0402656 0.0445395 3 
0.0402203 0.0425584 3 
0.0402195 0.0422306 3 
0.0402102 0.0426045 3 
0.0401832 0.0442371 3 
0.0401313 0.0432921 3 
0.0401276 0.0429906 3 
0.0401158 0.045215 3 
0.0401136 0.04055 3 
0.0400714 0.0433558 3 
0.0400704 0.0446169 3 
0.0400611 0.0436443 3 
0.0400418 0.0424092 3 
0.040039 0.0431602 3 
0.0400389 0.0418258 3 
0.0400367 0.0424195 3 
0.0400153 0.04525 3 
0.039911 0.0433325 3 
0.0399069 0.0408661 3 
0.0398923 0.0418233 3 
0.0398795 0.0432332 3 
0.0398757 0.0429906 3 
0.0398374 0.0428099 3 
0.0398145 0.0400387 3 
0.0398142 0.0400356 3 
0.0397699 0.0445333 3 
0.0397074 0.0431773 3 
0.0397036 0.0428464 3 
0.0396963 0.0430744 3 
0.0396835 0.0403734 3 
0.0396691 0.0424878 3 
0.0396236 0.0431916 3 
0.0396129 0.0398434 3 
0.0395838 0.0456518 3 
0.0395671 0.0437042 3 
0.0395006 0.0398434 3 
0.0394924 0.0436617 3 
0.0394684 0.0440129 3 
0.0393992 0.042289 3 
0.0393908 0.0444623 3 
0.0393694 0.0429351 3 
0.0393557 0.0431492 3 
0.039192 0.0402088 3 
0.0391583 0.0421324 3 
0.0390922 0.039941 3 
0.0390869 0.0429489 3 
0.0390586 0.0396346 3 
0.0390458 0.0430634 3 
0.0384681 0.039742 3 
0.038444 0.0455443 3 
0.0231725 0.0236541 4 
0.0228619 0.0228789 4 
0.0228525 0.0229018 4 
0.022749 0.0234111 4 
0.0226855 0.0230617 4 
0.0226833 0.0229622 4 
0.0226242 0.0227696 4 
0.0223908 0.0230511 4 
0.0223862 0.0235726 4 
0.0222358 0.0233887 4 
0.0221856 0.0228608 4 
0.0221534 0.0225462 4 
0.022097 0.0222766 4 
0.0219384 0.0220285 4 
0.0218553 0.0220995 4 
0.0217851 0.0219031 4 
0.0217285 0.0226312 4 
0.0216682 0.0218209 4 
0.0216031 0.0223606 4 
0.0215978 0.0216927 4 
0.021591 0.0220118 4 
0.021544 0.0224485 4 
0.0215269 0.0221685 4 
0.0214169 0.0221685 4 
0.0214064 0.0220972 4 
0.0214042 0.0215546 4 
0.0213779 0.0215844 4 
0.0213698 0.0221908 4 
0.0213536 0.0229863 4 
0.0213502 0.0219255 4 
0.0212972 0.0214488 4 
0.0212876 0.021513 4 
0.02121 0.0214643 4 
0.021202 0.0214849 4 
0.0211551 0.0212074 4 
0.0211485 0.0211563 4 
0.0211411 0.0221667 4 
0.0210963 0.0215215 4 
0.0210793 0.0214081 4 
0.021057 0.0219255 4 
0.0210212 0.022008 4 
0.0210179 0.0212094 4 
0.0210165 0.0218365 4 
0.0209725 0.0210512 4 
0.0209332 0.0226708 4 
0.0208549 0.0213126 4 
0.0208115 0.0209372 4 
0.0208086 0.0213297 4 
0.0207611 0.0208356 4 
0.020654 0.021598 4 
0.0206394 0.0213565 4 
0.0205991 0.0214729 4 
0.0205721 0.0221969 4 
0.0205514 0.0221969 4 
0.0205142 0.0213708 4 
0.0205121 0.0226039 4 
0.0205098 0.0215649 4 
0.020505 0.0209054 4 
0.0204997 0.0207026 4 
0.0204928 0.0210242 4 
0.0204847 0.020798 4 
0.0204791 0.021119 4 
0.0204358 0.021088 4 
0.0204255 0.0209766 4 
0.0204195 0.0212104 4 
0.0204176 0.0205064 4 
0.0204153 0.0204313 4 
0.0203974 0.0216497 4 
0.0203853 0.0212775 4 
0.0203346 0.0208432 4 
0.0203231 0.0213373 4 
0.0203102 0.0218815 4 
0.0202949 0.0213986 4 
0.0202945 0.0216778 4 
0.0202908 0.0216232 4 
0.0202851 0.0211854 4 
0.020275 0.020449 4 
0.0202477 0.0220491 4 
0.0202442 0.0205315 4 
0.0202363 0.0203427 4 
0.0202308 0.0214271 4 
0.0202297 0.0206598 4 
0.0202263 0.0209955 4 
0.0201993 0.0207452 4 
0.0201949 0.0206914 4 
0.0201592 0.0220708 4 
0.0201581 0.0203658 4 
0.0201526 0.0203848 4 
0.0201403 0.0204069 4 
0.0200986 0.0216712 4 
0.0200893 0.0203766 4 
0.0200726 0.0210404 4 
0.0200325 0.0226273 4 
0.020012 0.0203738 4 
0.0200038 0.0205315 4 
0.0199934 0.021915 4 
0.0199903 0.0204698 4 
0.0199433 0.0207026 4 
0.0199379 0.0207327 4 
0.0199342 0.0201165 4 
0.0199326 0.0214633 4 
0.0199258 0.0199969 4 
0.019918 0.0200809 4 
0.0199154 0.0211175 4 
0.0199041 0.0213506 4 
0.0198969 0.0206743 4 
0.0198666 0.0220708 4 
0.0198658 0.0213635 4 
0.0198571 0.0227496 4 
0.0198562 0.0207854 4 
0.0198544 0.0214307 4 
0.0198494 0.0200153 4 
0.0198385 0.021618 4 
0.0198173 0.0214834 4 
0.0198116 0.0202879 4 
0.019797 0.0204069 4 
0.0197947 0.0200899 4 
0.019794 0.0199547 4 
0.0197922 0.0203973 4 
0.0197917 0.0203724 4 
0.0197814 0.0202003 4 
0.0197584 0.021416 4 
0.0197511 0.0200711 4 
0.019737 0.0205942 4 
0.0197084 0.020283 4 
0.0196891 0.0209766 4 
0.0196629 0.0216425 4 
0.0196411 0.0206135 4 
0.0196409 0.020167 4 
0.0196266 0.019755 4 
0.0196145 0.0213297 4 
0.0196083 0.0196762 4 
0.0195991 0.0196874 4 
0.0195627 0.0196888 4 
0.0195476 0.0210081 4 
0.0194534 0.0207597 4 
0.019424 0.0204682 4 
0.019422 0.0203789 4 
0.0193852 0.0212533 4 
0.0193801 0.0203669 4 
0.0193568 0.0205904 4 
0.0193544 0.020311 4 
0.0193514 0.0217886 4 
0.0193502 0.0197905 4 
0.0193361 0.020319 4 
0.0193255 0.020449 4 
0.0193029 0.0202003 4 
0.0192964 0.0204695 4 
0.0192923 0.0203427 4 
0.0192883 0.0214834 4 
0.0192865 0.0216784 4 
0.019281 0.0196653 4 
0.0192583 0.0204304 4 
0.0192547 0.0201814 4 
0.0192515 0.0207066 4 
0.0192338 0.0203789 4 
0.0192243 0.0197296 4 
0.0192184 0.0197234 4 
0.0192055 0.0203973 4 
0.0192045 0.0204517 4 
0.0191508 0.0212027 4 
0.0191485 0.0207151 4 
0.0191365 0.0213003 4 
0.0191293 0.0197016 4 
0.0191035 0.0205736 4 
0.0190998 0.0209007 4 
0.0190767 0.0214292 4 
0.0190765 0.0193696 4 
0.019071 0.0200224 4 
0.0190624 0.0192718 4 
0.0190616 0.0204698 4 
0.0190593 0.0200806 4 
0.0190263 0.0197161 4 
0.0190245 0.0202008 4 
0.0190136 0.0215148 4 
0.0189942 0.0204395 4 
0.0189704 0.020098 4 
0.0189554 0.0207844 4 
0.0189344 0.0205736 4 
0.0189342 0.0203789 4 
0.0189317 0.0214465 4 
0.0189239 0.0199328 4 
0.0189089 0.0208188 4 
0.0188954 0.0202233 4 
0.0188814 0.0211286 4 
0.0188483 0.0221587 4 
0.0188431 0.0210081 4 
0.0188028 0.0194118 4 
0.0187866 0.020319 4 
0.0187426 0.0209766 4 
0.0187119 0.0190188 4 
0.0187046 0.0207295 4 
0.0186877 0.0204517 4 
0.018674 0.0199547 4 
0.018625 0.0206967 4 
0.0186212 0.0205736 4 
0.018535 0.0196878 4 
0.0185246 0.0189282 4 
0.0185245 0.0190359 4 
0.0184601 0.0203089 4 
0.0183423 0.0207167 4 
0.0182779 0.0187951 4 
0.0180563 0.021544 4 
0.0180076 0.0188213 4 
0.0118081 0.0118651 5 
0.0117179 0.0117777 5 
0.0114773 0.0117266 5 
0.0113904 0.0117922 5 
0.011083 0.0114085 5 
0.0110063 0.0111882 5 
0.0109501 0.0113472 5 
0.0108655 0.0108819 5 
0.0108539 0.0109929 5 
0.0107968 0.0111963 5 
0.0107481 0.0111587 5 
0.0107439 0.0113501 5 
0.0107067 0.0108196 5 
0.0106908 0.0107867 5 
0.0106614 0.0109025 5 
0.0106244 0.0107499 5 
0.0105885 0.0115213 5 
0.0105647 0.010832 5 
0.0105277 0.0108714 5 
0.0105148 0.0107831 5 
0.0105077 0.0105389 5 
0.0104659 0.0105651 5 
0.0104615 0.0107893 5 
0.0104562 0.0112702 5 
0.0103843 0.0108913 5 
0.0103214 0.0104816 5 
0.010315 0.0103782 5 
0.010281 0.0111883 5 
0.0102772 0.0107067 5 
0.0102576 0.0103871 5 
0.0102318 0.0103762 5 
0.0102264 0.0111254 5 
0.0102198 0.010526 5 
0.0102195 0.0106853 5 
0.0102178 0.0105762 5 
0.0101921 0.0103982 5 
0.0101793 0.0103782 5 
0.0101599 0.0105385 5 
0.0101528 0.010667 5 
0.0101488 0.0109021 5 
0.0101392 0.0110442 5 
0.0101355 0.0105794 5 
0.0101351 0.0103955 5 
0.0101249 0.010409 5 
0.0101101 0.0101856 5 
0.0101097 0.0101257 5 
0.0100923 0.0102738 5 
0.0100829 0.0109842 5 
0.0100711 0.0105948 5 
0.0100475 0.0102674 5 
0.0100323 0.0107343 5 
0.0100283 0.0104208 5 
0.0100091 0.0100789 5 
0.010009 0.0102098 5 
0.0100011 0.0111552 5 
0.00999646 0.0100539 5 
0.00999369 0.0102674 5 
0.0099834 0.0104395 5 
0.00997578 0.0101054 5 
0.00996199 0.0102043 5 
0.00995052 0.0101428 5 
0.00994264 0.0105689 5 
0.00993064 0.0101054 5 
0.00992875 0.0104722 5 
0.0099281 0.0104307 5 
0.00991771 0.00997399 5 
0.00991569 0.0101095 5 
0.0099058 0.0109842 5 
0.00990543 0.0101644 5 
0.00990252 0.0108803 5 
0.00989238 0.0105445 5 
0.00988732 0.0103866 5 
0.00986482 0.0113174 5 
0.00986172 0.0104584 5 
0.00985038 0.0107499 5 
0.00984693 0.0104293 5 
0.00982576 0.0103556 5 
0.00980586 0.00989272 5 
0.00979927 0.0099213 5 
0.00978908 0.0105658 5 
0.00978358 0.00991797 5 
0.00976905 0.0109362 5 
0.00976826 0.0103231 5 
0.00974917 0.00989689 5 
0.00974661 0.00991655 5 
0.00974221 0.0105749 5 
0.00974173 0.0105602 5 
0.00974159 0.0104895 5 
0.00973254 0.0109872 5 
0.00969578 0.00997399 5 
0.00968972 0.00974963 5 
0.00968174 0.00995515 5 
0.00967408 0.00978067 5 
0.00966944 0.0101165 5 
0.00965984 0.0104164 5 
0.00965798 0.010633 5 
0.00963422 0.00967607 5 
0.00962592 0.0103866 5 
0.00960731 0.0097986 5 
0.00959812 0.00987695 5 
0.00959345 0.00978098 5 
0.00959274 0.0108207 5 
0.00958543 0.0103985 5 
0.00958504 0.00963138 5 
0.00957348 0.0106361 5 
0.00957311 0.010087 5 
0.00956452 0.0100808 5 
0.00954408 0.010058 5 
0.00953906 0.00968261 5 
0.00952101 0.00975512 5 
0.00951979 0.00994051 5 
0.0095167 0.0101832 5 
0.00951363 0.0100037 5 
0.00951257 0.0102785 5 
0.00950651 0.0105484 5 
0.00949231 0.0104226 5 
0.00949065 0.0100435 5 
0.00947412 0.00947843 5 
0.00946893 0.00976432 5 
0.00946337 0.010818 5 
0.00946128 0.00998688 5 
0.00945989 0.0100037 5 
0.00945681 0.0101615 5 
0.00945485 0.00971979 5 
0.00943921 0.0110317 5 
0.00943712 0.0097904 5 
0.00938679 0.00957397 5 
0.00938648 0.00998693 5 
0.00937494 0.00967164 5 
0.00936939 0.0095356 5 
0.00935508 0.0101095 5 
0.00935279 0.0101534 5 
0.00935142 0.0102196 5 
0.00935093 0.009896 5 
0.00933427 0.0106209 5 
0.00932724 0.00976432 5 
0.00932003 0.00947367 5 
0.00931915 0.00976004 5 
0.00930703 0.0102474 5 
0.00929852 0.0103825 5 
0.00929113 0.0101632 5 
0.00928362 0.0102377 5 
0.00928345 0.00990291 5 
0.00928333 0.00933528 5 
0.00927367 0.00963572 5 
0.00925199 0.00933528 5 
0.00924276 0.00945162 5 
0.00922128 0.0105496 5 
0.00921984 0.0103886 5 
0.00921665 0.0104164 5 
0.0091932 0.00968261 5 
0.00917261 0.00994677 5 
0.00916745 0.0093365 5 
0.00915797 0.00997399 5 
0.00913553 0.00945162 5 
0.00913271 0.00976004 5 
0.00913215 0.00935342 5 
0.00909361 0.00995134 5 
0.00907007 0.00989086 5 
0.00906599 0.00983209 5 
0.00906385 0.0100037 5 
0.00903723 0.00943079 5 
0.00899801 0.0101067 5 
0.00898615 0.0100603 5 
0.00888147 0.00923292 5 
0.00883335 0.0106674 5 
0.008791 0.00922479 5 
0.00873996 0.00933528 5 
0.00599112 0.00612342 6 
0.0059307 0.00593156 6 
0.00569353 0.00575736 6 
0.00566722 0.00576779 6 
0.00557032 0.00576215 6 
0.00556516 0.00572952 6 
0.00555251 0.00556907 6 
0.0055455 0.00560829 6 
0.00549677 0.00553701 6 
0.00547887 0.005775 6 
0.00540112 0.00544728 6 
0.00539881 0.0054482 6 
0.00539712 0.00541768 6 
0.00537801 0.00559011 6 
0.00536558 0.00537446 6 
0.00535239 0.00544592 6 
0.00535194 0.00557217 6 
0.00534979 0.00537665 6 
0.00534885 0.0057218 6 
0.00534172 0.00543498 6 
0.00528807 0.00539943 6 
0.00528751 0.00536077 6 
0.00523719 0.00554348 6 
0.00521267 0.00525014 6 
0.00520946 0.00533912 6 
0.00520188 0.00557968 6 
0.00520028 0.00537068 6 
0.00519216 0.00522086 6 
0.00517725 0.00562195 6 
0.00516625 0.00556677 6 
0.00516331 0.0054947 6 
0.00516067 0.00554348 6 
0.00514875 0.00526748 6 
0.00514624 0.00522884 6 
0.00512556 0.00531759 6 
0.00512292 0.00520707 6 
0.00511616 0.00523205 6 
0.00511329 0.00559041 6 
0.00511102 0.00514725 6 
0.00510351 0.00552886 6 
0.00508703 0.00523205 6 
0.00508638 0.00534476 6 
0.00508505 0.0052797 6 
0.00507406 0.00509358 6 
0.0050538 0.00575424 6 
0.00505238 0.00549596 6 
0.0050508 0.00517805 6 
0.00504826 0.00537251 6 
0.00504449 0.00513317 6 
0.00504317 0.00560134 6 
0.00503837 0.00510182 6 
0.00502844 0.00566284 6 
0.00502358 0.00532329 6 
0.0050197 0.0053395 6 
0.00500018 0.00515589 6 
0.00499951 0.00517915 6 
0.00499949 0.00532984 6 
0.00498695 0.00529097 6 
0.00497663 0.00529058 6 
0.00496631 0.00527522 6 
0.00496043 0.00539157 6 
0.0049516 0.00533401 6 
0.00493973 0.00503445 6 
0.00493264 0.00538486 6 
0.00492762 0.00502647 6 
0.00492099 0.00528501 6 
0.00491842 0.005321 6 
0.00491511 0.00513243 6 
0.00491276 0.00554243 6 
0.00491267 0.00513971 6 
0.00490463 0.00534471 6 
0.004902 0.0049228 6 
0.00488434 0.00525194 6 
0.00488339 0.00516631 6 
0.00488199 0.00494443 6 
0.00488054 0.00568397 6 
0.00487618 0.00492596 6 
0.0048716 0.00539431 6 
0.00487015 0.005307 6 
0.00486915 0.00544564 6 
0.00486097 0.00492708 6 
0.00485794 0.00509186 6 
0.00485212 0.00490183 6 
0.00483891 0.00507485 6 
0.00483738 0.00497161 6 
0.00483024 0.00501166 6 
0.00482123 0.00519604 6 
0.00480838 0.00516878 6 
0.00480666 0.00497648 6 
0.00479932 0.00495225 6 
0.00479877 0.0050739 6 
0.00479701 0.00542863 6 
0.00479409 0.00497842 6 
0.00479071 0.00523205 6 
0.00478892 0.00517921 6 
0.00478645 0.00494015 6 
0.00478265 0.00480192 6 
0.00477928 0.00519046 6 
0.00477031 0.00498805 6 
0.00476033 0.00500367 6 
0.00475377 0.00491832 6 
0.00475142 0.00507474 6 
0.00473785 0.00474379 6 
0.00473467 0.00516881 6 
0.0047277 0.00501967 6 
0.00472661 0.00534184 6 
0.00472368 0.00529726 6 
0.00471527 0.00479304 6 
0.00471275 0.00477358 6 
0.00471122 0.00475396 6 
0.00470308 0.00501621 6 
0.00470176 0.00513965 6 
0.00470051 0.00532161 6 
0.00468978 0.0047132 6 
0.00468805 0.00484204 6 
0.00468497 0.00511791 6 
0.0046811 0.00510313 6 
0.00467294 0.00497842 6 
0.00467159 0.00483115 6 
0.00465122 0.00534471 6 
0.00465 0.00490608 6 
0.00464788 0.00496773 6 
0.00464528 0.00466299 6 
0.00464411 0.00471219 6 
0.00462434 0.00473447 6 
0.00460921 0.00508668 6 
0.00460843 0.00471891 6 
0.0046083 0.0047037 6 
0.00459623 0.00461065 6 
0.00459574 0.00507629 6 
0.00459393 0.00460509 6 
0.00457608 0.00505998 6 
0.00456445 0.00485949 6 
0.00455865 0.00474762 6 
0.00454501 0.00477358 6 
0.0045441 0.00523638 6 
0.00453699 0.00463343 6 
0.00453274 0.00513436 6 
0.0045181 0.00500754 6 
0.00450947 0.00474762 6 
0.00449204 0.00475396 6 
0.00447846 0.00497161 6 
0.0044763 0.00499547 6 
0.00447486 0.00504016 6 
0.00447408 0.00448009 6 
0.00445852 0.00456334 6 
0.00445552 0.00465352 6 
0.00444894 0.00541996 6 
0.00441008 0.00479523 6 
0.00436858 0.00460897 6 
0.00317043 0.00319581 7 
0.00292944 0.00294506 7 
0.00291231 0.0029883 7 
0.00288476 0.00293848 7 
0.00286885 0.00288053 7 
0.00284202 0.00285581 7 
0.00283791 0.00297737 7 
0.00282765 0.00288898 7 
0.00281038 0.00286004 7 
0.00279916 0.00290893 7 
0.00277241 0.00281217 7 
0.00276586 0.00280475 7 
0.00275908 0.00279912 7 
0.00274231 0.00277868 7 
0.00272776 0.0027377 7 
0.00271711 0.00287301 7 
0.00271475 0.00276791 7 
0.00270783 0.00271659 7 
0.00270318 0.00275552 7 
0.00269345 0.00298535 7 
0.00269318 0.00272975 7 
0.00269035 0.00275214 7 
0.00268658 0.00284186 7 
0.00268343 0.00291163 7 
0.00267433 0.00277357 7 
0.00266741 0.00287015 7 
0.00266699 0.00278503 7 
0.00266214 0.0028441 7 
0.00265784 0.00270072 7 
0.00262806 0.00271636 7 
0.00262685 0.00267913 7 
0.00262345 0.00276886 7 
0.00262285 0.00279367 7 
0.00261765 0.00262824 7 
0.00261286 0.00270004 7 
0.00260651 0.00296054 7 
0.00260619 0.00273106 7 
0.00259063 0.00273112 7 
0.00258821 0.00273212 7 
0.00258426 0.00284415 7 
0.00258041 0.00261365 7 
0.00257324 0.00272014 7 
0.00257244 0.00274353 7 
0.00256837 0.00288533 7 
0.00256335 0.00289999 7 
0.00255144 0.0027351 7 
0.0025501 0.00271244 7 
0.00254955 0.00259911 7 
0.00254615 0.00278984 7 
0.00254558 0.00259174 7 
0.00254414 0.00262563 7 
0.0025428 0.00262339 7 
0.00254063 0.00278733 7 
0.00253697 0.00272414 7 
0.00253654 0.00261354 7 
0.00253419 0.00276974 7 
0.00253377 0.0027356 7 
0.00253226 0.00282534 7 
0.00253136 0.0025423 7 
0.00252697 0.00280233 7 
0.00252202 0.00254326 7 
0.00251164 0.00280024 7 
0.00251096 0.00281258 7 
0.00250793 0.00257854 7 
0.00249756 0.00274835 7 
0.00249204 0.00263312 7 
0.00249114 0.00275021 7 
0.00249003 0.00259988 7 
0.00248523 0.00250964 7 
0.00247514 0.00257588 7 
0.00246901 0.00265714 7 
0.00246862 0.00277429 7 
0.00246527 0.00269957 7 
0.00246319 0.00253813 7 
0.00246001 0.00258598 7 
0.00245881 0.00248669 7 
0.0024567 0.00248299 7 
0.00245612 0.00252257 7 
0.00245452 0.00263588 7 
0.00245116 0.00251906 7 
0.00244871 0.00265563 7 
0.0024468 0.00254134 7 
0.00244597 0.00270291 7 
0.0024458 0.00252115 7 
0.00243114 0.00260195 7 
0.00242937 0.00269078 7 
0.00242871 0.00251669 7 
0.00241705 0.00244468 7 
0.00241674 0.00260532 7 
0.00241285 0.00241899 7 
0.00240858 0.00259698 7 
0.0023995 0.00241899 7 
0.00239861 0.00255479 7 
0.00239692 0.00269719 7 
0.00239302 0.00257282 7 
0.00239077 0.00252546 7 
0.0023905 0.00269719 7 
0.00238778 0.00241559 7 
0.00238438 0.00260585 7 
0.00238145 0.00257837 7 
0.00237837 0.00268054 7 
0.00237525 0.00256876 7 
0.00237339 0.00247245 7 
0.00236675 0.00250589 7 
0.00236339 0.00240701 7 
0.00235659 0.0025117 7 
0.00234572 0.00272242 7 
0.00234037 0.00246773 7 
0.00233929 0.00260892 7 
0.00233394 0.00261452 7 
0.00232854 0.00236597 7 
0.00232736 0.0023846 7 
0.00231348 0.00252257 7 
0.00230038 0.00262563 7 
0.00229801 0.00255479 7 
0.00229363 0.00254554 7 
0.00229071 0.00232392 7 
0.00228394 0.0027961 7 
0.00228203 0.00232392 7 
0.00227452 0.0023614 7 
0.00227295 0.00240663 7 
0.00226554 0.0023614 7 
0.00226413 0.00248227 7 
0.00225912 0.00227529 7 
0.00224561 0.0026451 7 
0.00224375 0.0024123 7 
0.00222916 0.00252485 7 
0.00222851 0.00234152 7 
0.00222017 0.00252115 7 
0.00220407 0.00229988 7 
0.0015425 0.00158235 8 
0.00152796 0.00157337 8 
0.00148102 0.00153254 8 
0.00147489 0.00153723 8 
0.00146357 0.00155876 8 
0.00145326 0.00145887 8 
0.00144149 0.0014446 8 
0.00143831 0.00146472 8 
0.00143614 0.00147357 8 
0.00143356 0.00145887 8 
0.00143084 0.00147351 8 
0.00142135 0.00145387 8 
0.00141072 0.00143401 8 
0.00140822 0.00153671 8 
0.00140753 0.00144505 8 
0.00140703 0.0014156 8 
0.00140567 0.00149621 8 
0.00140409 0.0014665 8 
0.00139929 0.00141743 8 
0.00139617 0.0014217 8 
0.00139607 0.00143125 8 
0.00139428 0.00143635 8 
0.00139303 0.00148585 8 
0.00138472 0.00145104 8 
0.00138059 0.0014373 8 
0.00137936 0.00140653 8 
0.00137932 0.00144108 8 
0.00136863 0.00148088 8 
0.0013644 0.00143178 8 
0.00136276 0.00158235 8 
0.00135794 0.00143529 8 
0.00135655 0.00140568 8 
0.00135597 0.00140813 8 
0.00135442 0.00142399 8 
0.00135299 0.0014053 8 
0.00134863 0.00144871 8 
0.00134839 0.00135855 8 
0.00134072 0.00148494 8 
0.00133789 0.00147141 8 
0.00133537 0.00135469 8 
0.00132885 0.00145616 8 
0.00132811 0.0014386 8 
0.00132485 0.00137872 8 
0.00131155 0.00133762 8 
0.00130773 0.00152593 8 
0.00130628 0.00135021 8 
0.00130565 0.00138131 8 
0.00130196 0.00143179 8 
0.00130148 0.00144227 8 
0.00130042 0.00148107 8 
0.00130015 0.00132342 8 
0.00129998 0.00131183 8 
0.0012987 0.00135091 8 
0.00129819 0.00146017 8 
0.0012967 0.00131243 8 
0.00129663 0.0013727 8 
0.00129427 0.0014154 8 
0.00129034 0.00143966 8 
0.00128846 0.00144609 8 
0.00128805 0.00136961 8 
0.00128517 0.00150312 8 
0.00128319 0.00138646 8 
0.00127835 0.00128886 8 
0.00127482 0.00129611 8 
0.00127459 0.00134542 8 
0.00127366 0.00128014 8 
0.00127304 0.00141352 8 
0.00127135 0.00136259 8 
0.00126725 0.00134052 8 
0.00126137 0.00142188 8 
0.00126021 0.00139564 8 
0.00125938 0.00130953 8 
0.00125626 0.00126015 8 
0.00125487 0.00131938 8 
0.00125449 0.00137222 8 
0.00125139 0.00127256 8 
0.00125085 0.00128318 8 
0.00125038 0.00132194 8 
0.00124934 0.00127571 8 
0.00124921 0.00129552 8 
0.00124582 0.00135835 8 
0.00124231 0.00128801 8 
0.00124181 0.00135021 8 
0.00123863 0.00138732 8 
0.00123196 0.00134427 8 
0.00123072 0.0012324 8 
0.00122915 0.0012625 8 
0.00122606 0.00130013 8 
0.00122075 0.00132542 8 
0.00121994 0.00130802 8 
0.00121827 0.00139151 8 
0.00121516 0.00128862 8 
0.00121234 0.00137621 8 
0.00121132 0.001339 8 
0.00121094 0.00130722 8 
0.00119157 0.00121144 8 
0.00118961 0.00151314 8 
0.00118459 0.00127374 8 
0.00118356 0.00121316 8 
0.00118348 0.00133583 8 
0.00118273 0.00134508 8 
0.00118125 0.00129611 8 
0.00118045 0.00123554 8 
0.00117524 0.0012475 8 
0.00117516 0.00128801 8 
0.00116627 0.00117376 8 
0.00115972 0.00138042 8 
0.00115935 0.00120615 8 
0.00115774 0.00118207 8 
0.00114259 0.00132047 8 
0.00113736 0.00125584 8 
0.00113691 0.00129457 8 
0.00113505 0.00126813 8 
0.00113459 0.00129552 8 
0.00112902 0.00117432 8 
0.00112071 0.00113079 8 
0.000825108 0.000829184 9 
0.000806538 0.000827586 9 
0.000791067 0.000816308 9 
0.000790916 0.000795327 9 
0.000772081 0.000821369 9 
0.000757085 0.000764259 9 
0.000755704 0.000768951 9 
0.000753427 0.000772882 9 
0.000750583 0.000781237 9 
0.000748347 0.000781194 9 
0.000748115 0.000763393 9 
0.0007464 0.000768685 9 
0.000746024 0.000821053 9 
0.000742233 0.000763546 9 
0.00074082 0.000765418 9 
0.000738444 0.000748288 9 
0.000737818 0.000743383 9 
0.000736205 0.000767254 9 
0.000735099 0.000745359 9 
0.000733453 0.000740567 9 
0.000731993 0.000750595 9 
0.000731411 0.000760601 9 
0.00073139 0.000777865 9 
0.000730704 0.000761129 9 
0.00072698 0.000737517 9 
0.000726909 0.000741171 9 
0.000724803 0.000727874 9 
0.000724276 0.000741244 9 
0.000723273 0.000761775 9 
0.000720139 0.000788883 9 
0.000719164 0.000838329 9 
0.00071838 0.000743346 9 
0.000714673 0.000753661 9 
0.000711528 0.000736285 9 
0.000711526 0.000784077 9 
0.000711413 0.000739737 9 
0.00071018 0.000728545 9 
0.000707431 0.000753435 9 
0.000698914 0.000765676 9 
0.000697034 0.000720453 9 
0.000696668 0.000709029 9 
0.000695361 0.000715465 9 
0.000691485 0.000729742 9 
0.000687899 0.000692664 9 
0.000687866 0.000699539 9 
0.000685702 0.000707396 9 
0.000685203 0.000756848 9 
0.000683046 0.00068446 9 
0.000682107 0.000746979 9 
0.000681128 0.000795327 9 
0.000680855 0.000725071 9 
0.000675318 0.000699813 9 
0.000673885 0.000754595 9 
0.000673118 0.00071708 9 
0.000672677 0.000760436 9 
0.000672559 0.000782558 9 
0.000670196 0.000726882 9 
0.000669341 0.000705694 9 
0.000669058 0.000682153 9 
0.000668715 0.000677951 9 
0.000668694 0.000673381 9 
0.00066591 0.000729357 9 
0.000664786 0.000703544 9 
0.000664674 0.000687493 9 
0.000664206 0.000805947 9 
0.000662228 0.000760574 9 
0.000660338 0.000710095 9 
0.000659885 0.000690185 9 
0.000656892 0.000696211 9 
0.000655634 0.000765204 9 
0.000654768 0.000741244 9 
0.000650247 0.000686512 9 
0.00064943 0.000717547 9 
0.000649378 0.000754561 9 
0.000648987 0.000654632 9 
0.000646398 0.000684607 9 
0.000645193 0.000676318 9 
0.000644782 0.000645415 9 
0.000644661 0.000715901 9 
0.000644476 0.000702751 9 
0.000644268 0.000693779 9 
0.00064386 0.000651308 9 
0.000643194 0.000672697 9 
0.00064097 0.000662847 9 
0.000639025 0.000689538 9 
0.000638158 0.000660706 9 
0.000636632 0.000640204 9 
0.000631823 0.000689746 9 
0.000630875 0.000663923 9 
0.00062747 0.000636571 9 
0.000627438 0.000715573 9 
0.000626595 0.000829032 9 
0.000620409 0.000682007 9 
0.000617059 0.000700715 9 
0.000616398 0.00063148 9 
0.000615291 0.000681034 9 
0.000614461 0.000655885 9 
0.000612881 0.000715918 9 
0.000612062 0.00062835 9 
0.000611537 0.000673177 9 
0.000605048 0.000646786 9 
0.000604886 0.000653524 9 
0.000603016 0.000654632 9 
0.000597006 0.000638078 9 
0.000590851 0.000672697 9 
0.000588143 0.000686432 9 
0.000586246 0.00060613 9 
0.000580446 0.000651614 9 
0.000577127 0.0006717 9 
