0.536328 0.554741 0 
0.535576 0.554951 0 
0.535516 0.558529 0 
0.535011 0.539645 0 
0.53485 0.557986 0 
0.534072 0.555049 0 
0.533243 0.537823 0 
0.533121 0.553019 0 
0.533093 0.557155 0 
0.53305 0.555153 0 
0.532955 0.558155 0 
0.532936 0.555661 0 
0.532766 0.555784 0 
0.532497 0.557781 0 
0.532463 0.556837 0 
0.532362 0.557639 0 
0.532278 0.556771 0 
0.532218 0.559279 0 
0.53209 0.558376 0 
0.531908 0.554732 0 
0.531822 0.559113 0 
0.531791 0.535264 0 
0.531756 0.555143 0 
0.531436 0.538415 0 
0.530933 0.558529 0 
0.530783 0.540251 0 
0.53049 0.558416 0 
0.530078 0.556701 0 
0.530039 0.554042 0 
0.529926 0.554732 0 
0.529901 0.556603 0 
0.529895 0.533231 0 
0.529776 0.531257 0 
0.52973 0.559459 0 
0.529637 0.55673 0 
0.529572 0.555512 0 
0.529383 0.553931 0 
0.529007 0.556087 0 
0.528918 0.553422 0 
0.528502 0.534962 0 
0.528465 0.557266 0 
0.528441 0.554909 0 
0.528409 0.5356 0 
0.528395 0.534656 0 
0.528308 0.556701 0 
0.528026 0.557444 0 
0.52756 0.558173 0 
0.527523 0.537151 0 
0.527482 0.552502 0 
0.52747 0.550294 0 
0.527449 0.55747 0 
0.527349 0.552515 0 
0.527341 0.555886 0 
0.526711 0.554608 0 
0.526647 0.555393 0 
0.526574 0.555656 0 
0.526146 0.541515 0 
0.525844 0.556688 0 
0.522468 0.556977 0 
0.521264 0.555886 0 
0.508144 0.509876 0 
0.508141 0.509755 0 
0.507576 0.509222 0 
0.507351 0.530142 0 
0.507282 0.509641 0 
0.506797 0.508349 0 
0.506 0.506379 0 
0.505846 0.506581 0 
0.505675 0.507021 0 
0.505466 0.506024 0 
0.505251 0.50551 0 
0.50525 0.505683 0 
0.505105 0.507587 0 
0.504904 0.505844 0 
0.504797 0.506042 0 
0.504635 0.505476 0 
0.504617 0.506645 0 
0.504603 0.505889 0 
0.504593 0.506547 0 
0.504551 0.50548 0 
0.504544 0.505463 0 
0.504537 0.504614 0 
0.50451 0.506726 0 
0.504508 0.505057 0 
0.504402 0.506042 0 
0.504263 0.504569 0 
0.504243 0.505221 0 
0.50424 0.505079 0 
0.504228 0.505079 0 
0.504136 0.505603 0 
0.504073 0.504639 0 
0.504051 0.504345 0 
0.503989 0.506802 0 
0.503873 0.505295 0 
0.503853 0.504062 0 
0.503784 0.505814 0 
0.503777 0.505075 0 
0.50377 0.505173 0 
0.503608 0.504262 0 
0.503553 0.504362 0 
0.503552 0.506917 0 
0.503519 0.505791 0 
0.503515 0.504531 0 
0.503496 0.506279 0 
0.503412 0.504342 0 
0.503406 0.5039 0 
0.503396 0.505075 0 
0.503324 0.504442 0 
0.503295 0.50598 0 
0.503283 0.505358 0 
0.503279 0.506104 0 
0.503263 0.503606 0 
0.503221 0.504362 0 
0.503194 0.504983 0 
0.503157 0.505397 0 
0.503157 0.504355 0 
0.503136 0.505463 0 
0.5031 0.505233 0 
0.502966 0.50515 0 
0.502934 0.505476 0 
0.502893 0.503358 0 
0.502884 0.506077 0 
0.502881 0.503148 0 
0.502859 0.505251 0 
0.502839 0.503902 0 
0.502834 0.504496 0 
0.502808 0.504741 0 
0.50279 0.505278 0 
0.502787 0.506127 0 
0.502751 0.506891 0 
0.502726 0.505581 0 
0.502706 0.504442 0 
0.502668 0.503851 0 
0.502617 0.506179 0 
0.502575 0.503876 0 
0.502571 0.504313 0 
0.50255 0.502695 0 
0.502541 0.505591 0 
0.502538 0.50588 0 
0.502517 0.506736 0 
0.502489 0.504692 0 
0.502445 0.503694 0 
0.502425 0.502699 0 
0.502421 0.503798 0 
0.502402 0.507077 0 
0.502393 0.506145 0 
0.502391 0.506134 0 
0.502357 0.503148 0 
0.502305 0.503415 0 
0.502298 0.504121 0 
0.502278 0.504203 0 
0.502272 0.504362 0 
0.50226 0.505263 0 
0.502259 0.503137 0 
0.502185 0.504887 0 
0.502137 0.503554 0 
0.501994 0.50516 0 
0.501986 0.504522 0 
0.501949 0.503093 0 
0.501934 0.502531 0 
0.501896 0.505235 0 
0.501836 0.506375 0 
0.501774 0.506706 0 
0.501721 0.505173 0 
0.501651 0.502818 0 
0.501531 0.505979 0 
0.50146 0.502759 0 
0.50122 0.502112 0 
0.501018 0.504023 0 
0.499477 0.501734 0 
0.275302 0.281336 1 
0.273262 0.278419 1 
0.272841 0.285049 1 
0.272662 0.282741 1 
0.272506 0.282718 1 
0.272416 0.281448 1 
0.27235 0.279418 1 
0.272118 0.275838 1 
0.272051 0.278465 1 
0.271467 0.272482 1 
0.271367 0.284209 1 
0.271241 0.277843 1 
0.27122 0.283802 1 
0.270667 0.27456 1 
0.270636 0.279996 1 
0.269991 0.282984 1 
0.269817 0.277416 1 
0.2698 0.271352 1 
0.269156 0.277742 1 
0.268432 0.281693 1 
0.267474 0.276624 1 
0.266849 0.27703 1 
0.266309 0.269436 1 
0.266253 0.269525 1 
0.266154 0.275951 1 
0.266044 0.275057 1 
0.265563 0.277409 1 
0.265491 0.269174 1 
0.2651 0.266906 1 
0.26501 0.276668 1 
0.264457 0.274092 1 
0.263458 0.273875 1 
0.262686 0.274347 1 
0.261839 0.270076 1 
0.261303 0.277489 1 
0.261013 0.268896 1 
0.259405 0.272691 1 
0.258593 0.269174 1 
0.258377 0.272344 1 
0.257859 0.268811 1 
0.257366 0.258147 1 
0.257003 0.263286 1 
0.25501 0.264639 1 
0.254546 0.265079 1 
0.25357 0.268985 1 
0.204795 0.205337 1 
0.196999 0.19725 1 
0.194473 0.198871 1 
0.194072 0.197524 1 
0.193532 0.193724 1 
0.193224 0.194031 1 
0.193156 0.193226 1 
0.192465 0.1927 1 
0.192452 0.192562 1 
0.192433 0.193193 1 
0.192423 0.192955 1 
0.192325 0.192447 1 
0.191896 0.192783 1 
0.191844 0.192454 1 
0.191826 0.19293 1 
0.191732 0.192562 1 
0.191727 0.193388 1 
0.191643 0.193183 1 
0.191631 0.192846 1 
0.191618 0.196053 1 
0.191562 0.19238 1 
0.191335 0.193493 1 
0.191316 0.192612 1 
0.191268 0.193946 1 
0.191241 0.192668 1 
0.191192 0.191261 1 
0.191177 0.191399 1 
0.191129 0.193183 1 
0.191108 0.192936 1 
0.191028 0.192779 1 
0.191023 0.194325 1 
0.190867 0.192668 1 
0.190818 0.192714 1 
0.190764 0.194256 1 
0.190762 0.191716 1 
0.190729 0.193212 1 
0.190726 0.193394 1 
0.190718 0.191073 1 
0.190622 0.192589 1 
0.190591 0.191017 1 
0.19048 0.195016 1 
0.190465 0.192361 1 
0.19046 0.192904 1 
0.190424 0.191283 1 
0.190296 0.193322 1 
0.190238 0.191722 1 
0.190227 0.190671 1 
0.190188 0.192449 1 
0.190158 0.190294 1 
0.189975 0.190795 1 
0.189957 0.191551 1 
0.189936 0.191344 1 
0.189892 0.190042 1 
0.189875 0.191596 1 
0.189721 0.193015 1 
0.189685 0.192589 1 
0.189623 0.191374 1 
0.189618 0.193424 1 
0.189554 0.189855 1 
0.189489 0.190003 1 
0.189482 0.189969 1 
0.189472 0.194317 1 
0.189466 0.190705 1 
0.189381 0.190983 1 
0.189344 0.189958 1 
0.189301 0.19063 1 
0.189272 0.192019 1 
0.189161 0.192281 1 
0.189141 0.189723 1 
0.189128 0.191054 1 
0.189126 0.189335 1 
0.189111 0.190678 1 
0.189103 0.190605 1 
0.188945 0.190463 1 
0.188928 0.190917 1 
0.188852 0.189883 1 
0.188825 0.190169 1 
0.188812 0.190273 1 
0.188806 0.190236 1 
0.188663 0.19049 1 
0.1886 0.188821 1 
0.188566 0.188821 1 
0.188507 0.189668 1 
0.188453 0.189257 1 
0.188442 0.191157 1 
0.188435 0.189335 1 
0.188277 0.191432 1 
0.188178 0.18835 1 
0.188165 0.190668 1 
0.188071 0.189753 1 
0.188069 0.189342 1 
0.188024 0.191153 1 
0.187969 0.193302 1 
0.187834 0.191026 1 
0.187832 0.190581 1 
0.18766 0.190393 1 
0.187194 0.18933 1 
0.187147 0.18837 1 
0.187118 0.189602 1 
0.186775 0.187847 1 
0.186474 0.188717 1 
0.186254 0.18768 1 
0.192298 0.192336 2 
0.18907 0.193212 2 
0.183839 0.184975 2 
0.172271 0.174244 2 
0.16973 0.171359 2 
0.0841124 0.0842272 2 
0.0834999 0.0845697 2 
0.0808981 0.0810673 2 
0.0805248 0.0818532 2 
0.0803651 0.081528 2 
0.0802463 0.0835771 2 
0.0793837 0.0796408 2 
0.0792476 0.0795901 2 
0.0786737 0.0786984 2 
0.0785177 0.0785479 2 
0.0785085 0.079501 2 
0.0784958 0.0790451 2 
0.0783009 0.0800076 2 
0.078299 0.0801405 2 
0.0781937 0.08082 2 
0.078127 0.0785479 2 
0.0781068 0.07952 2 
0.0779161 0.0782015 2 
0.0778367 0.079045 2 
0.0776755 0.0791025 2 
0.0776556 0.0777839 2 
0.077579 0.0778731 2 
0.0774906 0.0795608 2 
0.0774406 0.0775808 2 
0.0773991 0.0778686 2 
0.0772274 0.0773741 2 
0.0771978 0.0790876 2 
0.0771456 0.077964 2 
0.0771312 0.0793029 2 
0.0771282 0.077463 2 
0.0771162 0.0783036 2 
0.0770474 0.077868 2 
0.0768867 0.0778731 2 
0.0768802 0.0782423 2 
0.0768202 0.078017 2 
0.0767328 0.0779056 2 
0.0767247 0.0768489 2 
0.0766164 0.0792188 2 
0.0765922 0.0768662 2 
0.0765569 0.0782557 2 
0.0763447 0.0782615 2 
0.0763287 0.0765505 2 
0.0762969 0.0765234 2 
0.0762553 0.0779643 2 
0.0761469 0.0765505 2 
0.0761307 0.0765222 2 
0.0761193 0.0772458 2 
0.0761033 0.0779369 2 
0.0760932 0.0771954 2 
0.076049 0.0767926 2 
0.0760357 0.0762864 2 
0.0759796 0.0778265 2 
0.0759425 0.0783473 2 
0.0759222 0.0763991 2 
0.0758989 0.0763223 2 
0.0757754 0.0776587 2 
0.0757662 0.0778003 2 
0.075715 0.0785132 2 
0.075481 0.0776587 2 
0.0754248 0.0773523 2 
0.0754248 0.0759638 2 
0.0753975 0.0755043 2 
0.0752879 0.0784169 2 
0.0752784 0.0768749 2 
0.0752217 0.0757322 2 
0.0750175 0.0770072 2 
0.0749347 0.0757364 2 
0.0748839 0.0750379 2 
0.0748549 0.0762805 2 
0.0748287 0.0756199 2 
0.0747988 0.0748018 2 
0.074643 0.0761873 2 
0.0746292 0.0779911 2 
0.0746028 0.0755043 2 
0.0745838 0.075032 2 
0.0745837 0.0753725 2 
0.0745055 0.0761859 2 
0.0744913 0.0752119 2 
0.07433 0.0746302 2 
0.0742456 0.0758813 2 
0.074005 0.0752119 2 
0.0739404 0.0749286 2 
0.0738527 0.0759626 2 
0.0737805 0.0762773 2 
0.0735918 0.0741965 2 
0.0735709 0.0776776 2 
0.0734948 0.0741025 2 
0.0734813 0.0757573 2 
0.073237 0.0745884 2 
0.0731747 0.0753857 2 
0.0731356 0.0737227 2 
0.073019 0.0742763 2 
0.0722934 0.0740234 2 
0.0412214 0.0421703 3 
0.0387059 0.0388286 3 
0.0382711 0.0392215 3 
0.0377964 0.0387957 3 
0.037465 0.0382956 3 
0.0372008 0.0372345 3 
0.0363033 0.0369809 3 
0.0359321 0.0374251 3 
0.0359225 0.0372424 3 
0.0358137 0.0370695 3 
0.0357579 0.0370158 3 
0.0357151 0.0363601 3 
0.0355846 0.0361527 3 
0.0355639 0.0361795 3 
0.0352634 0.0352878 3 
0.0349098 0.0361263 3 
0.0347671 0.0369809 3 
0.0346442 0.0356997 3 
0.0343366 0.0356617 3 
0.0342387 0.0344976 3 
0.0341364 0.0342707 3 
0.0340861 0.0351071 3 
0.0340789 0.0348532 3 
0.0340489 0.0343732 3 
0.0339203 0.0340815 3 
0.0336948 0.0345612 3 
0.0336895 0.0342707 3 
0.0336334 0.0336654 3 
0.0335733 0.033995 3 
0.0335569 0.0339797 3 
0.0335325 0.0348573 3 
0.0334916 0.0354375 3 
0.033424 0.0341478 3 
0.0334054 0.0338399 3 
0.0333876 0.0344238 3 
0.0333209 0.036306 3 
0.0332414 0.0342391 3 
0.0331794 0.0336655 3 
0.0330815 0.0331434 3 
0.0330737 0.0338399 3 
0.0329992 0.0333925 3 
0.0329917 0.0337749 3 
0.0329295 0.0362888 3 
0.0329262 0.0329263 3 
0.0328918 0.0330116 3 
0.0328861 0.0331693 3 
0.0327737 0.0332777 3 
0.0327717 0.0338248 3 
0.0326669 0.0331869 3 
0.0326616 0.0327452 3 
0.0326147 0.0329936 3 
0.0326065 0.0335628 3 
0.0325448 0.0340361 3 
0.0324523 0.0342778 3 
0.0322452 0.0341023 3 
0.0322408 0.0323831 3 
0.0322374 0.0332913 3 
0.0321503 0.0348813 3 
0.032099 0.0321238 3 
0.0320333 0.0334554 3 
0.0320151 0.0329259 3 
0.0319877 0.0341513 3 
0.0319469 0.0342622 3 
0.0317387 0.0333453 3 
0.0316533 0.0321963 3 
0.0315867 0.0336269 3 
0.0314282 0.0334713 3 
0.0314277 0.0321443 3 
0.031298 0.0326976 3 
0.0312373 0.0316137 3 
0.0311549 0.0334938 3 
0.0311269 0.0325181 3 
0.0310705 0.0318988 3 
0.0310178 0.0321443 3 
0.0309546 0.0315914 3 
0.0307981 0.0309961 3 
0.0306919 0.0318683 3 
0.0306837 0.0311855 3 
0.0306574 0.0323661 3 
0.0305384 0.030803 3 
0.0303334 0.0315914 3 
0.0300231 0.0318179 3 
0.0300053 0.0312638 3 
0.0299821 0.0317263 3 
0.0297515 0.0307687 3 
0.0297025 0.030803 3 
0.128473 0.129018 4 
0.0216772 0.0217392 4 
0.0214349 0.0218518 4 
0.0204651 0.0219651 4 
0.0200926 0.0201083 4 
0.019595 0.0200269 4 
0.0185229 0.0187759 4 
0.018378 0.0191216 4 
0.0178838 0.0182334 4 
0.0176048 0.0187286 4 
0.0175752 0.0187286 4 
0.0174053 0.0194899 4 
0.0171748 0.0173871 4 
0.0170477 0.0188254 4 
0.0168379 0.0180107 4 
0.0166837 0.0167625 4 
0.0166116 0.0172787 4 
0.0165144 0.0166633 4 
0.0164646 0.0165137 4 
0.0163409 0.0168239 4 
0.0162334 0.0170559 4 
0.0160523 0.0162027 4 
0.0160231 0.0165745 4 
0.015989 0.0168699 4 
0.0159522 0.0166053 4 
0.0159084 0.0162027 4 
0.0158918 0.0172992 4 
0.015765 0.0168857 4 
0.0157332 0.0161784 4 
0.0156754 0.0159206 4 
0.0156448 0.0172543 4 
0.0154451 0.0159588 4 
0.0153681 0.0153995 4 
0.0153354 0.0166509 4 
0.0152398 0.0172953 4 
0.0151879 0.0156396 4 
0.0150687 0.0165385 4 
0.0150644 0.0171447 4 
0.0150604 0.0150791 4 
0.0149152 0.0156396 4 
0.0148788 0.0153461 4 
0.0147967 0.0153719 4 
0.0147415 0.0148873 4 
0.0147231 0.0152427 4 
0.0145652 0.0150791 4 
0.0145536 0.0153062 4 
0.0145342 0.0150278 4 
0.0145314 0.015382 4 
0.0143382 0.0152162 4 
0.0140998 0.0152231 4 
0.01376 0.0153555 4 
0.0137128 0.0152231 4 
0.0137116 0.0143582 4 
0.0136233 0.0144325 4 
0.0135034 0.0142024 4 
0.0131917 0.0134157 4 
0.0125758 0.0134157 4 
0.117316 0.118249 5 
0.0150218 0.0157433 5 
0.0137794 0.0161324 5 
0.0126783 0.0127569 5 
0.0119847 0.0120917 5 
0.0108268 0.0115349 5 
0.0107458 0.011513 5 
0.0105984 0.0109568 5 
0.0105699 0.010746 5 
0.0105615 0.0107025 5 
0.0105364 0.0109146 5 
0.0102768 0.0104704 5 
0.0100892 0.0102759 5 
0.00989837 0.0106044 5 
0.00988886 0.0106775 5 
0.00943015 0.010479 5 
0.00931886 0.00970581 5 
0.0092224 0.010661 5 
0.00914882 0.0102813 5 
0.00899761 0.00900888 5 
0.00891985 0.00956365 5 
0.00890944 0.00898329 5 
0.00799838 0.00833442 5 
0.00786588 0.00798903 5 
0.00757693 0.00817753 5 
0.00750678 0.00825357 5 
0.00720143 0.00720992 5 
0.00719962 0.00821213 5 
0.00704195 0.0077094 5 
0.00696396 0.00720992 5 
0.00671856 0.00730089 5 
0.00669115 0.00777582 5 
0.0062404 0.00626938 5 
0.00621112 0.00652839 5 
0.00614257 0.00622148 5 
0.00606859 0.00623995 5 
0.107726 0.108745 6 
0.0129433 0.0132596 6 
0.0114703 0.0138747 6 
0.00994009 0.01005 6 
0.00975153 0.010214 6 
0.0094033 0.00954653 6 
0.00872059 0.00897112 6 
0.00813262 0.00825188 6 
0.00788899 0.00830168 6 
0.00785417 0.00848577 6 
0.00784226 0.00858172 6 
0.00777316 0.00896019 6 
0.00775656 0.00876611 6 
0.0077312 0.0085474 6 
0.00761846 0.00785758 6 
0.00716324 0.00849087 6 
0.00711464 0.00767003 6 
0.00700618 0.00754771 6 
0.00682132 0.00686847 6 
0.00653515 0.00740473 6 
0.0060685 0.00636622 6 
0.00581016 0.00583832 6 
0.00411046 0.00440877 6 
0.00379986 0.00384191 6 
0.00361925 0.0037684 6 
0.00354348 0.00415208 6 
0.00338073 0.00359967 6 
0.00335142 0.00379944 6 
0.00318584 0.00326317 6 
0.00310159 0.00316324 6 
0.0990426 0.100083 7 
0.011792 0.0118526 7 
0.0101834 0.0125855 7 
0.00868528 0.00881489 7 
0.0086651 0.00908199 7 
0.00800742 0.00833043 7 
0.00774077 0.00789747 7 
0.00717115 0.00756852 7 
0.00686325 0.00706917 7 
0.00679804 0.00747856 7 
0.00668057 0.00779036 7 
0.00656771 0.00727626 7 
0.00649705 0.00765579 7 
0.00648854 0.00701668 7 
0.00630525 0.00732314 7 
0.00630209 0.00665376 7 
0.00571757 0.00627207 7 
0.00535725 0.00638568 7 
0.00262252 0.00293393 7 
0.00242895 0.0024405 7 
0.0022565 0.00248158 7 
0.0020711 0.00271591 7 
0.00167766 0.00181678 7 
0.0910792 0.0921301 8 
0.0131975 0.0132226 8 
0.0106739 0.0107149 8 
0.00922193 0.0115797 8 
0.00790619 0.00831614 8 
0.00786128 0.0079929 8 
0.00723365 0.0074563 8 
0.00706669 0.00724627 8 
0.00666448 0.00696754 8 
0.00634425 0.00654372 8 
0.00615471 0.00670655 8 
0.0060334 0.00708855 8 
0.00590368 0.00663863 8 
0.00584375 0.00692217 8 
0.00583257 0.0062261 8 
0.00575149 0.00660807 8 
0.005745 0.00602492 8 
0.00505271 0.00551362 8 
0.00486975 0.00573687 8 
0.00200352 0.00202927 8 
0.00196041 0.00224427 8 
0.00170227 0.00202074 8 
0.0012314 0.00133037 8 
0.0837571 0.0848162 9 
0.0120644 0.0122247 9 
0.00973894 0.00985141 9 
0.00845743 0.0106939 9 
0.00726464 0.00769113 9 
0.00718533 0.00731129 9 
0.0066579 0.00681137 9 
0.00649802 0.00670204 9 
0.00621535 0.00646342 9 
0.00607352 0.00612578 9 
0.00590055 0.00609856 9 
0.00564604 0.00611855 9 
0.00553453 0.00648096 9 
0.00544329 0.00612198 9 
0.00536542 0.00633594 9 
0.00533419 0.0056849 9 
0.00529405 0.00604111 9 
0.0052729 0.00552592 9 
0.00458003 0.0050288 9 
0.00446764 0.00524048 9 
0.00167828 0.00192953 9 
0.00154152 0.00173604 9 
0.00106166 0.00113973 9 
