0 0.497645 0 
0 0.500121 0 
0 0.501463 0 
0 0.501647 0 
0 0.501791 0 
0 0.501796 0 
0 0.502395 0 
0 0.502987 0 
0 0.503188 0 
0 0.50327 0 
0 0.504236 0 
0 0.504413 0 
0 0.504796 0 
0 0.504816 0 
0 0.505198 0 
0 0.505296 0 
0 0.505641 0 
0 0.505645 0 
0 0.505791 0 
0 0.505877 0 
0 0.506114 0 
0 0.506211 0 
0 0.50624 0 
0 0.506253 0 
0 0.506259 0 
0 0.506288 0 
0 0.506506 0 
0 0.50651 0 
0 0.506701 0 
0 0.506752 0 
0 0.50676 0 
0 0.506784 0 
0 0.507142 0 
0 0.507175 0 
0 0.507218 0 
0 0.507232 0 
0 0.507484 0 
0 0.507534 0 
0 0.507566 0 
0 0.507574 0 
0 0.507575 0 
0 0.507594 0 
0 0.50778 0 
0 0.507912 0 
0 0.507926 0 
0 0.507996 0 
0 0.508011 0 
0 0.508206 0 
0 0.508223 0 
0 0.50825 0 
0 0.508263 0 
0 0.508264 0 
0 0.508299 0 
0 0.508317 0 
0 0.508342 0 
0 0.508363 0 
0 0.508407 0 
0 0.508414 0 
0 0.508452 0 
0 0.508505 0 
0 0.508596 0 
0 0.508664 0 
0 0.508707 0 
0 0.508735 0 
0 0.508745 0 
0 0.508757 0 
0 0.50882 0 
0 0.508866 0 
0 0.508886 0 
0 0.508944 0 
0 0.508994 0 
0 0.509037 0 
0 0.509056 0 
0 0.509057 0 
0 0.509089 0 
0 0.509089 0 
0 0.509108 0 
0 0.509122 0 
0 0.509137 0 
0 0.509297 0 
0 0.509328 0 
0 0.509351 0 
0 0.509453 0 
0 0.509644 0 
0 0.509682 0 
0 0.509683 0 
0 0.50973 0 
0 0.509744 0 
0 0.509798 0 
0 0.509807 0 
0 0.509812 0 
0 0.509836 0 
0 0.509872 0 
0 0.509936 0 
0 0.510001 0 
0 0.510149 0 
0 0.510158 0 
0 0.510246 0 
0 0.510334 0 
0 0.510394 0 
0 0.510409 0 
0 0.510488 0 
0 0.510615 0 
0 0.510729 0 
0 0.510759 0 
0 0.510788 0 
0 0.510801 0 
0 0.510802 0 
0 0.510808 0 
0 0.510927 0 
0 0.510936 0 
0 0.510947 0 
0 0.511063 0 
0 0.511263 0 
0 0.511278 0 
0 0.511436 0 
0 0.511504 0 
0 0.511663 0 
0 0.511966 0 
0 0.512144 0 
0 0.512357 0 
0 0.512617 0 
0 0.512983 0 
0 0.512993 0 
0 0.513237 0 
0 0.513514 0 
0 0.513813 0 
0 inf 0 
0 0.189124 1 
0 0.191502 1 
0 0.192007 1 
0 0.194354 1 
0 0.194459 1 
0 0.194753 1 
0 0.194868 1 
0 0.194884 1 
0 0.195086 1 
0 0.19519 1 
0 0.195313 1 
0 0.195396 1 
0 0.195671 1 
0 0.195881 1 
0 0.195974 1 
0 0.196036 1 
0 0.196642 1 
0 0.196693 1 
0 0.196776 1 
0 0.196789 1 
0 0.196822 1 
0 0.196824 1 
0 0.196992 1 
0 0.197033 1 
0 0.197108 1 
0 0.197312 1 
0 0.197386 1 
0 0.197389 1 
0 0.1977 1 
0 0.197783 1 
0 0.198091 1 
0 0.198157 1 
0 0.198165 1 
0 0.198283 1 
0 0.198319 1 
0 0.198327 1 
0 0.198417 1 
0 0.198484 1 
0 0.198567 1 
0 0.198585 1 
0 0.19874 1 
0 0.198777 1 
0 0.198857 1 
0 0.198862 1 
0 0.198872 1 
0 0.198881 1 
0 0.198893 1 
0 0.198908 1 
0 0.198944 1 
0 0.199048 1 
0 0.199189 1 
0 0.1993 1 
0 0.199306 1 
0 0.199357 1 
0 0.199515 1 
0 0.199653 1 
0 0.199739 1 
0 0.199756 1 
0 0.199893 1 
0 0.199926 1 
0 0.200012 1 
0 0.200096 1 
0 0.200142 1 
0 0.200177 1 
0 0.200227 1 
0 0.200268 1 
0 0.200293 1 
0 0.200328 1 
0 0.200388 1 
0 0.200413 1 
0 0.200519 1 
0 0.200525 1 
0 0.200537 1 
0 0.200582 1 
0 0.200641 1 
0 0.20069 1 
0 0.200735 1 
0 0.200755 1 
0 0.200822 1 
0 0.200944 1 
0 0.200972 1 
0 0.201003 1 
0 0.201024 1 
0 0.201061 1 
0 0.201136 1 
0 0.201138 1 
0 0.201157 1 
0 0.201158 1 
0 0.201194 1 
0 0.201232 1 
0 0.201479 1 
0 0.201488 1 
0 0.201493 1 
0 0.201657 1 
0 0.201669 1 
0 0.201709 1 
0 0.201763 1 
0 0.201767 1 
0 0.201848 1 
0 0.201905 1 
0 0.201958 1 
0 0.202002 1 
0 0.20211 1 
0 0.202439 1 
0 0.202471 1 
0 0.2026 1 
0 0.202665 1 
0 0.202856 1 
0 0.202866 1 
0 0.20289 1 
0 0.202894 1 
0 0.203074 1 
0 0.203277 1 
0 0.203302 1 
0 0.203366 1 
0 0.203398 1 
0 0.203588 1 
0 0.203839 1 
0 0.203894 1 
0 0.203976 1 
0 0.204208 1 
0 0.204868 1 
0 0.205072 1 
0 0.20514 1 
0 0.205363 1 
0 0.205417 1 
0 0.206678 1 
0 inf 1 
0 0.0762067 2 
0 0.0772753 2 
0 0.0778279 2 
0 0.079192 2 
0 0.0804829 2 
0 0.0805087 2 
0 0.080659 2 
0 0.0807926 2 
0 0.0809825 2 
0 0.0810972 2 
0 0.0813277 2 
0 0.0813532 2 
0 0.0813868 2 
0 0.081525 2 
0 0.0815561 2 
0 0.0816018 2 
0 0.081611 2 
0 0.0817137 2 
0 0.0817837 2 
0 0.0819321 2 
0 0.0819408 2 
0 0.0819885 2 
0 0.0819947 2 
0 0.0821384 2 
0 0.0822399 2 
0 0.0822684 2 
0 0.0823278 2 
0 0.0823577 2 
0 0.0823595 2 
0 0.0824808 2 
0 0.082523 2 
0 0.0825321 2 
0 0.0827083 2 
0 0.0827442 2 
0 0.082861 2 
0 0.082998 2 
0 0.0830151 2 
0 0.0830354 2 
0 0.0830751 2 
0 0.0832201 2 
0 0.0832331 2 
0 0.0832817 2 
0 0.0834892 2 
0 0.08362 2 
0 0.0836632 2 
0 0.0836637 2 
0 0.0836837 2 
0 0.0836943 2 
0 0.0836955 2 
0 0.0838419 2 
0 0.0838708 2 
0 0.0839303 2 
0 0.0840396 2 
0 0.0840693 2 
0 0.0841432 2 
0 0.0842497 2 
0 0.0842759 2 
0 0.0843864 2 
0 0.0844536 2 
0 0.0844664 2 
0 0.0844752 2 
0 0.0845121 2 
0 0.0845702 2 
0 0.0847337 2 
0 0.0847384 2 
0 0.0847685 2 
0 0.0848815 2 
0 0.0849726 2 
0 0.0850596 2 
0 0.0850658 2 
0 0.0850985 2 
0 0.0851673 2 
0 0.0853165 2 
0 0.0853506 2 
0 0.0853734 2 
0 0.0853821 2 
0 0.0856461 2 
0 0.0856596 2 
0 0.0856964 2 
0 0.0857044 2 
0 0.0857683 2 
0 0.0857819 2 
0 0.085803 2 
0 0.0858071 2 
0 0.0858447 2 
0 0.0858737 2 
0 0.0858762 2 
0 0.0858938 2 
0 0.0859089 2 
0 0.0859203 2 
0 0.0859335 2 
0 0.0859642 2 
0 0.0860118 2 
0 0.0861274 2 
0 0.0862166 2 
0 0.0862204 2 
0 0.086261 2 
0 0.0864266 2 
0 0.0864768 2 
0 0.0865287 2 
0 0.0865733 2 
0 0.0866402 2 
0 0.0866466 2 
0 0.0866913 2 
0 0.0867676 2 
0 0.0868692 2 
0 0.087019 2 
0 0.0873263 2 
0 0.0873346 2 
0 0.0874995 2 
0 0.0875323 2 
0 0.0875897 2 
0 0.0876405 2 
0 0.0878708 2 
0 0.0881081 2 
0 0.0882241 2 
0 0.0882484 2 
0 0.0883654 2 
0 0.0883881 2 
0 0.0883892 2 
0 0.08846 2 
0 0.0887233 2 
0 0.0891767 2 
0 0.0892078 2 
0 0.0893994 2 
0 0.089863 2 
0 0.0898956 2 
0 inf 2 
0 0.0325139 3 
0 0.0330033 3 
0 0.0334278 3 
0 0.0341473 3 
0 0.0347937 3 
0 0.0353958 3 
0 0.0354801 3 
0 0.035498 3 
0 0.0355038 3 
0 0.0355594 3 
0 0.0355984 3 
0 0.0356404 3 
0 0.0357598 3 
0 0.0358665 3 
0 0.0358801 3 
0 0.0359398 3 
0 0.0360046 3 
0 0.0360993 3 
0 0.0361156 3 
0 0.0361167 3 
0 0.0361963 3 
0 0.0361966 3 
0 0.0362568 3 
0 0.036365 3 
0 0.0365022 3 
0 0.0365188 3 
0 0.036521 3 
0 0.0365523 3 
0 0.0365979 3 
0 0.0366183 3 
0 0.0366278 3 
0 0.0367077 3 
0 0.0367217 3 
0 0.0367402 3 
0 0.0367486 3 
0 0.0368994 3 
0 0.0369606 3 
0 0.0370287 3 
0 0.037084 3 
0 0.0371273 3 
0 0.0371424 3 
0 0.0372429 3 
0 0.0372535 3 
0 0.0372613 3 
0 0.0372637 3 
0 0.0373118 3 
0 0.0373133 3 
0 0.0373472 3 
0 0.0373703 3 
0 0.0374436 3 
0 0.037499 3 
0 0.0375092 3 
0 0.0375433 3 
0 0.0375646 3 
0 0.0375793 3 
0 0.0375809 3 
0 0.0376249 3 
0 0.0377386 3 
0 0.037804 3 
0 0.0378119 3 
0 0.0378726 3 
0 0.0379253 3 
0 0.0379454 3 
0 0.0379638 3 
0 0.0379648 3 
0 0.0380105 3 
0 0.0380919 3 
0 0.0381381 3 
0 0.0381517 3 
0 0.0383467 3 
0 0.0383528 3 
0 0.0383717 3 
0 0.0384589 3 
0 0.0384671 3 
0 0.0384932 3 
0 0.0385227 3 
0 0.038699 3 
0 0.0387127 3 
0 0.0387319 3 
0 0.0387683 3 
0 0.038807 3 
0 0.0389368 3 
0 0.0389518 3 
0 0.0389781 3 
0 0.0390028 3 
0 0.0390032 3 
0 0.0390228 3 
0 0.0390913 3 
0 0.0391122 3 
0 0.0391729 3 
0 0.0392383 3 
0 0.0392619 3 
0 0.0392639 3 
0 0.0393058 3 
0 0.0393124 3 
0 0.0393621 3 
0 0.0394119 3 
0 0.0395057 3 
0 0.0395106 3 
0 0.0395343 3 
0 0.0395967 3 
0 0.0396663 3 
0 0.0396978 3 
0 0.0397028 3 
0 0.0397796 3 
0 0.0398992 3 
0 0.0399802 3 
0 0.0399919 3 
0 0.0400281 3 
0 0.0400561 3 
0 0.0400602 3 
0 0.040143 3 
0 0.0401804 3 
0 0.0402049 3 
0 0.0402278 3 
0 0.0402647 3 
0 0.04048 3 
0 0.0405936 3 
0 0.0407179 3 
0 0.0407578 3 
0 0.0408166 3 
0 0.0409639 3 
0 0.0412689 3 
0 0.0413073 3 
0 0.0419037 3 
0 0.0419978 3 
0 0.0422185 3 
0 inf 3 
0 0.0145938 4 
0 0.0148419 4 
0 0.0151128 4 
0 0.0156666 4 
0 0.0156857 4 
0 0.0160199 4 
0 0.0161316 4 
0 0.0162484 4 
0 0.0162756 4 
0 0.0163586 4 
0 0.0163614 4 
0 0.0163906 4 
0 0.0164137 4 
0 0.0164211 4 
0 0.0164337 4 
0 0.0164848 4 
0 0.016595 4 
0 0.0166653 4 
0 0.0168713 4 
0 0.0168916 4 
0 0.0169022 4 
0 0.0169421 4 
0 0.0169458 4 
0 0.0169614 4 
0 0.0169639 4 
0 0.0169661 4 
0 0.0169715 4 
0 0.0169735 4 
0 0.017062 4 
0 0.0170778 4 
0 0.0171175 4 
0 0.0171389 4 
0 0.0171453 4 
0 0.0172235 4 
0 0.0172733 4 
0 0.0172866 4 
0 0.0173189 4 
0 0.0173586 4 
0 0.0173696 4 
0 0.0173885 4 
0 0.017389 4 
0 0.0174244 4 
0 0.017476 4 
0 0.0175174 4 
0 0.0175182 4 
0 0.017549 4 
0 0.0175524 4 
0 0.0175601 4 
0 0.017565 4 
0 0.017568 4 
0 0.0176093 4 
0 0.0176362 4 
0 0.0176559 4 
0 0.0176616 4 
0 0.0177021 4 
0 0.0177048 4 
0 0.0177319 4 
0 0.0177338 4 
0 0.0177353 4 
0 0.0177754 4 
0 0.0177983 4 
0 0.0178166 4 
0 0.0178167 4 
0 0.0178707 4 
0 0.0179143 4 
0 0.0179326 4 
0 0.0179349 4 
0 0.0179538 4 
0 0.0179551 4 
0 0.0179562 4 
0 0.0179591 4 
0 0.0180708 4 
0 0.0181073 4 
0 0.0181469 4 
0 0.0182015 4 
0 0.0182094 4 
0 0.0182178 4 
0 0.0182428 4 
0 0.0182651 4 
0 0.0182758 4 
0 0.0183062 4 
0 0.0184057 4 
0 0.0184116 4 
0 0.0185137 4 
0 0.0185213 4 
0 0.0185521 4 
0 0.0186028 4 
0 0.0186555 4 
0 0.0186569 4 
0 0.0186638 4 
0 0.0186673 4 
0 0.0186839 4 
0 0.0186952 4 
0 0.0187816 4 
0 0.0187833 4 
0 0.01881 4 
0 0.0188356 4 
0 0.0188857 4 
0 0.0188881 4 
0 0.0189699 4 
0 0.0190558 4 
0 0.0190608 4 
0 0.0190743 4 
0 0.019101 4 
0 0.0191685 4 
0 0.0191755 4 
0 0.0191763 4 
0 0.019186 4 
0 0.0192358 4 
0 0.0192409 4 
0 0.0192565 4 
0 0.0192663 4 
0 0.0193205 4 
0 0.0193256 4 
0 0.0193307 4 
0 0.0193308 4 
0 0.0194581 4 
0 0.0194874 4 
0 0.0195807 4 
0 0.0197017 4 
0 0.019814 4 
0 0.0198989 4 
0 0.0200484 4 
0 0.0200906 4 
0 0.0204548 4 
0 0.0205468 4 
0 0.0212772 4 
0 inf 4 
0 0.00685232 5 
0 0.00699046 5 
0 0.00713903 5 
0 0.0073175 5 
0 0.00749143 5 
0 0.00765077 5 
0 0.00765925 5 
0 0.00766102 5 
0 0.0076804 5 
0 0.00768537 5 
0 0.00777319 5 
0 0.00780251 5 
0 0.00782435 5 
0 0.00785064 5 
0 0.00791676 5 
0 0.00792308 5 
0 0.00794033 5 
0 0.00794637 5 
0 0.00797313 5 
0 0.00799948 5 
0 0.00803646 5 
0 0.00812669 5 
0 0.00817807 5 
0 0.00824309 5 
0 0.00825785 5 
0 0.0082612 5 
0 0.00831076 5 
0 0.00832046 5 
0 0.0083285 5 
0 0.00833223 5 
0 0.00835124 5 
0 0.00835868 5 
0 0.00836649 5 
0 0.00836659 5 
0 0.00836805 5 
0 0.00837214 5 
0 0.00838366 5 
0 0.00839945 5 
0 0.00840422 5 
0 0.00843034 5 
0 0.00843536 5 
0 0.00844377 5 
0 0.00844832 5 
0 0.00847567 5 
0 0.00850712 5 
0 0.00850929 5 
0 0.00854257 5 
0 0.00855721 5 
0 0.00857382 5 
0 0.00858764 5 
0 0.00859714 5 
0 0.00861411 5 
0 0.0086345 5 
0 0.00864735 5 
0 0.00867342 5 
0 0.00867603 5 
0 0.00868234 5 
0 0.00868961 5 
0 0.00868995 5 
0 0.00869363 5 
0 0.00872763 5 
0 0.00873688 5 
0 0.00874732 5 
0 0.00875127 5 
0 0.00875523 5 
0 0.00878366 5 
0 0.00878767 5 
0 0.00878977 5 
0 0.00880905 5 
0 0.00882463 5 
0 0.00882524 5 
0 0.00882984 5 
0 0.00885155 5 
0 0.00887843 5 
0 0.00891726 5 
0 0.00891964 5 
0 0.00891979 5 
0 0.00896739 5 
0 0.00897819 5 
0 0.00903054 5 
0 0.0090452 5 
0 0.00906195 5 
0 0.00907794 5 
0 0.00913406 5 
0 0.00914787 5 
0 0.00914899 5 
0 0.00915832 5 
0 0.00918003 5 
0 0.0091835 5 
0 0.00919742 5 
0 0.00921028 5 
0 0.00921847 5 
0 0.00924972 5 
0 0.00927608 5 
0 0.0092926 5 
0 0.00930881 5 
0 0.00931923 5 
0 0.00931965 5 
0 0.00932912 5 
0 0.00934207 5 
0 0.00935109 5 
0 0.0093824 5 
0 0.00940918 5 
0 0.00941908 5 
0 0.00942454 5 
0 0.00944392 5 
0 0.00946623 5 
0 0.00948291 5 
0 0.00948692 5 
0 0.00949194 5 
0 0.00953675 5 
0 0.00954019 5 
0 0.0095651 5 
0 0.00957443 5 
0 0.00964431 5 
0 0.00964761 5 
0 0.00982525 5 
0 0.00988926 5 
0 0.0099259 5 
0 0.00995804 5 
0 0.0099661 5 
0 0.0100428 5 
0 0.0100783 5 
0 0.0100985 5 
0 0.0101509 5 
0 0.010386 5 
0 0.0112198 5 
0 inf 5 
0 0.0033487 6 
0 0.00343048 6 
0 0.00349801 6 
0 0.00352969 6 
0 0.00361014 6 
0 0.00368517 6 
0 0.00371251 6 
0 0.0037128 6 
0 0.00373352 6 
0 0.00378066 6 
0 0.00381232 6 
0 0.0038393 6 
0 0.00385966 6 
0 0.00386487 6 
0 0.00387513 6 
0 0.00387711 6 
0 0.00394214 6 
0 0.00398052 6 
0 0.00398886 6 
0 0.00400802 6 
0 0.00401796 6 
0 0.00406206 6 
0 0.00406964 6 
0 0.00409909 6 
0 0.00410205 6 
0 0.00410479 6 
0 0.00411368 6 
0 0.00411686 6 
0 0.0041296 6 
0 0.00413564 6 
0 0.00414324 6 
0 0.00414457 6 
0 0.00416436 6 
0 0.00417188 6 
0 0.00417861 6 
0 0.00418541 6 
0 0.00418824 6 
0 0.00420562 6 
0 0.00420897 6 
0 0.00420982 6 
0 0.00421301 6 
0 0.00421361 6 
0 0.00421761 6 
0 0.00422461 6 
0 0.00423191 6 
0 0.004237 6 
0 0.00424038 6 
0 0.00424045 6 
0 0.00424996 6 
0 0.00425287 6 
0 0.00427002 6 
0 0.00427982 6 
0 0.00430476 6 
0 0.00430779 6 
0 0.00432469 6 
0 0.004343 6 
0 0.00435243 6 
0 0.00436306 6 
0 0.00437734 6 
0 0.00437893 6 
0 0.00438426 6 
0 0.00439515 6 
0 0.00439633 6 
0 0.00440929 6 
0 0.0044299 6 
0 0.00443573 6 
0 0.00445685 6 
0 0.00445889 6 
0 0.00447653 6 
0 0.00448608 6 
0 0.00449561 6 
0 0.00450524 6 
0 0.00451137 6 
0 0.00453874 6 
0 0.00455567 6 
0 0.00455815 6 
0 0.00456315 6 
0 0.0045677 6 
0 0.00456782 6 
0 0.0045693 6 
0 0.00458528 6 
0 0.00458725 6 
0 0.0046049 6 
0 0.00460524 6 
0 0.00461857 6 
0 0.00463917 6 
0 0.00464213 6 
0 0.00464541 6 
0 0.00464963 6 
0 0.00466097 6 
0 0.00466851 6 
0 0.00467625 6 
0 0.00469789 6 
0 0.00471156 6 
0 0.00471297 6 
0 0.00471444 6 
0 0.00472378 6 
0 0.00472813 6 
0 0.00472985 6 
0 0.00474801 6 
0 0.0047572 6 
0 0.00476887 6 
0 0.00477177 6 
0 0.00477762 6 
0 0.0047791 6 
0 0.0048061 6 
0 0.00485457 6 
0 0.00487049 6 
0 0.00488785 6 
0 0.00490395 6 
0 0.0049093 6 
0 0.00493268 6 
0 0.00493284 6 
0 0.00494362 6 
0 0.0049971 6 
0 0.00500744 6 
0 0.00504919 6 
0 0.00509506 6 
0 0.00514414 6 
0 0.00514874 6 
0 0.005174 6 
0 0.00525204 6 
0 0.00527753 6 
0 0.00529892 6 
0 0.00530995 6 
0 0.00538054 6 
0 0.0058549 6 
0 inf 6 
0 0.00169483 7 
0 0.00174542 7 
0 0.00175301 7 
0 0.00176619 7 
0 0.00178629 7 
0 0.00181278 7 
0 0.00181727 7 
0 0.00183598 7 
0 0.00184511 7 
0 0.00188272 7 
0 0.001898 7 
0 0.00193401 7 
0 0.00194147 7 
0 0.0019494 7 
0 0.00194963 7 
0 0.00196155 7 
0 0.00201648 7 
0 0.00203353 7 
0 0.00204731 7 
0 0.00205061 7 
0 0.00206332 7 
0 0.00206839 7 
0 0.0020726 7 
0 0.00207463 7 
0 0.00207742 7 
0 0.00207928 7 
0 0.00208438 7 
0 0.00209309 7 
0 0.00209355 7 
0 0.00209463 7 
0 0.00209599 7 
0 0.00209964 7 
0 0.00211051 7 
0 0.00211225 7 
0 0.00211488 7 
0 0.00211527 7 
0 0.00211635 7 
0 0.00212645 7 
0 0.00213281 7 
0 0.00213829 7 
0 0.00214134 7 
0 0.00214223 7 
0 0.00215067 7 
0 0.00215843 7 
0 0.00217018 7 
0 0.00217196 7 
0 0.00217895 7 
0 0.00218156 7 
0 0.0021843 7 
0 0.00219115 7 
0 0.00219178 7 
0 0.00219909 7 
0 0.00220228 7 
0 0.00221454 7 
0 0.00221547 7 
0 0.00222219 7 
0 0.00223174 7 
0 0.00223776 7 
0 0.00224431 7 
0 0.00225 7 
0 0.00225633 7 
0 0.00226321 7 
0 0.00227555 7 
0 0.00227973 7 
0 0.00228026 7 
0 0.00228134 7 
0 0.00228628 7 
0 0.00229518 7 
0 0.002308 7 
0 0.00231178 7 
0 0.00231375 7 
0 0.00232252 7 
0 0.00233053 7 
0 0.00233463 7 
0 0.00234376 7 
0 0.00236903 7 
0 0.00237284 7 
0 0.00237563 7 
0 0.00237729 7 
0 0.00238316 7 
0 0.00238454 7 
0 0.00238655 7 
0 0.00239165 7 
0 0.00239232 7 
0 0.0023941 7 
0 0.00239787 7 
0 0.00239963 7 
0 0.00240135 7 
0 0.00240135 7 
0 0.00240325 7 
0 0.00241211 7 
0 0.00241833 7 
0 0.00241845 7 
0 0.00242942 7 
0 0.0024299 7 
0 0.00243241 7 
0 0.00244089 7 
0 0.00244841 7 
0 0.00246127 7 
0 0.00246178 7 
0 0.00246422 7 
0 0.00246484 7 
0 0.00247231 7 
0 0.00248985 7 
0 0.00249347 7 
0 0.00250325 7 
0 0.00251569 7 
0 0.00252048 7 
0 0.0025275 7 
0 0.00253594 7 
0 0.00253682 7 
0 0.00254445 7 
0 0.00257219 7 
0 0.00259203 7 
0 0.00259226 7 
0 0.00261501 7 
0 0.00261933 7 
0 0.00266333 7 
0 0.00270021 7 
0 0.00273081 7 
0 0.00273289 7 
0 0.00275337 7 
0 0.00275706 7 
0 0.0028002 7 
0 0.0028135 7 
0 0.00287637 7 
0 0.00299617 7 
0 inf 7 
0 0.000883975 8 
0 0.000894491 8 
0 0.000896926 8 
0 0.000905076 8 
0 0.000908991 8 
0 0.000913906 8 
0 0.000916398 8 
0 0.000925826 8 
0 0.000939301 8 
0 0.000940672 8 
0 0.000952409 8 
0 0.000988589 8 
0 0.0010052 8 
0 0.0010132 8 
0 0.00102247 8 
0 0.00102731 8 
0 0.00103182 8 
0 0.0010358 8 
0 0.00104391 8 
0 0.00104816 8 
0 0.00105402 8 
0 0.00105673 8 
0 0.00105697 8 
0 0.00105929 8 
0 0.00106091 8 
0 0.00106143 8 
0 0.00106251 8 
0 0.00106809 8 
0 0.00107139 8 
0 0.00107766 8 
0 0.00107846 8 
0 0.00107919 8 
0 0.00108194 8 
0 0.00109044 8 
0 0.00109355 8 
0 0.00109746 8 
0 0.0011049 8 
0 0.00111265 8 
0 0.00111481 8 
0 0.00112223 8 
0 0.00112304 8 
0 0.00112401 8 
0 0.00112634 8 
0 0.00112707 8 
0 0.00112714 8 
0 0.00112892 8 
0 0.00113308 8 
0 0.00113899 8 
0 0.00114399 8 
0 0.00114507 8 
0 0.00114646 8 
0 0.00114766 8 
0 0.00115074 8 
0 0.00115425 8 
0 0.00115659 8 
0 0.0011582 8 
0 0.00115861 8 
0 0.00116764 8 
0 0.00116915 8 
0 0.00117166 8 
0 0.0011793 8 
0 0.00118037 8 
0 0.00118514 8 
0 0.00118578 8 
0 0.00118604 8 
0 0.00119083 8 
0 0.00119107 8 
0 0.00120021 8 
0 0.00120093 8 
0 0.00121107 8 
0 0.00123376 8 
0 0.00123404 8 
0 0.00123468 8 
0 0.00123687 8 
0 0.00123732 8 
0 0.00124051 8 
0 0.0012407 8 
0 0.00124073 8 
0 0.00124118 8 
0 0.00124429 8 
0 0.00124569 8 
0 0.00124656 8 
0 0.00124831 8 
0 0.00125008 8 
0 0.00125052 8 
0 0.00125858 8 
0 0.00126063 8 
0 0.00126126 8 
0 0.00126557 8 
0 0.00126564 8 
0 0.00126839 8 
0 0.00127012 8 
0 0.00127569 8 
0 0.00128072 8 
0 0.00128721 8 
0 0.00128992 8 
0 0.00129325 8 
0 0.00129468 8 
0 0.00129642 8 
0 0.00129942 8 
0 0.00130091 8 
0 0.00131312 8 
0 0.00131359 8 
0 0.00131441 8 
0 0.00131768 8 
0 0.00131998 8 
0 0.00132043 8 
0 0.00132235 8 
0 0.00132239 8 
0 0.00132275 8 
0 0.00132676 8 
0 0.00132728 8 
0 0.00135358 8 
0 0.00137731 8 
0 0.00139439 8 
0 0.00140434 8 
0 0.00140455 8 
0 0.00142125 8 
0 0.00142716 8 
0 0.00143356 8 
0 0.00143725 8 
0 0.00144149 8 
0 0.00147586 8 
0 0.00148456 8 
0 0.00148495 8 
0 0.00155711 8 
0 0.00159272 8 
0 inf 8 
0 0.000447955 9 
0 0.000463689 9 
0 0.000468113 9 
0 0.000468594 9 
0 0.000471332 9 
0 0.000472901 9 
0 0.00047469 9 
0 0.000482571 9 
0 0.000489742 9 
0 0.000493044 9 
0 0.000494227 9 
0 0.000516438 9 
0 0.000520117 9 
0 0.000525581 9 
0 0.000529485 9 
0 0.000532388 9 
0 0.000534221 9 
0 0.000536934 9 
0 0.000542678 9 
0 0.000543387 9 
0 0.0005445 9 
0 0.00055001 9 
0 0.000550672 9 
0 0.000555064 9 
0 0.000555851 9 
0 0.000558456 9 
0 0.000558533 9 
0 0.000560353 9 
0 0.000563223 9 
0 0.000564498 9 
0 0.000565401 9 
0 0.000569405 9 
0 0.000569514 9 
0 0.000569916 9 
0 0.000570202 9 
0 0.000572106 9 
0 0.000572262 9 
0 0.000580331 9 
0 0.000583546 9 
0 0.000586172 9 
0 0.000586207 9 
0 0.000586478 9 
0 0.000589904 9 
0 0.000591519 9 
0 0.000593902 9 
0 0.000599857 9 
0 0.000600573 9 
0 0.000600749 9 
0 0.000602357 9 
0 0.000606363 9 
0 0.000607118 9 
0 0.000608481 9 
0 0.00060975 9 
0 0.000611144 9 
0 0.000612605 9 
0 0.000614146 9 
0 0.000621756 9 
0 0.000622017 9 
0 0.000623814 9 
0 0.000624869 9 
0 0.000628253 9 
0 0.000629607 9 
0 0.000632032 9 
0 0.000632848 9 
0 0.000634849 9 
0 0.000636021 9 
0 0.000639499 9 
0 0.000642889 9 
0 0.000645129 9 
0 0.000647155 9 
0 0.000650585 9 
0 0.000652143 9 
0 0.000653023 9 
0 0.000653589 9 
0 0.000654157 9 
0 0.00065512 9 
0 0.000658568 9 
0 0.000659073 9 
0 0.000660268 9 
0 0.000663504 9 
0 0.000664198 9 
0 0.000665829 9 
0 0.00066628 9 
0 0.000666362 9 
0 0.000669587 9 
0 0.000670808 9 
0 0.000671618 9 
0 0.000675706 9 
0 0.000676069 9 
0 0.000676457 9 
0 0.000678882 9 
0 0.000681192 9 
0 0.000682699 9 
0 0.000682879 9 
0 0.000683724 9 
0 0.000686248 9 
0 0.000686559 9 
0 0.000687995 9 
0 0.000689415 9 
0 0.000690188 9 
0 0.000693182 9 
0 0.000693203 9 
0 0.000693236 9 
0 0.000693989 9 
0 0.000702132 9 
0 0.000702348 9 
0 0.00070376 9 
0 0.00071179 9 
0 0.000717473 9 
0 0.000728482 9 
0 0.000733257 9 
0 0.00073771 9 
0 0.000738086 9 
0 0.000738237 9 
0 0.00073945 9 
0 0.000747221 9 
0 0.000751283 9 
0 0.00075176 9 
0 0.000753453 9 
0 0.000759993 9 
0 0.00076594 9 
0 0.000784406 9 
0 0.00079225 9 
0 0.000795198 9 
0 0.000804018 9 
0 0.000827057 9 
0 0.000885645 9 
0 inf 9 
