0.523691 0.540821 0 
0.523032 0.543031 0 
0.522413 0.542841 0 
0.522303 0.543434 0 
0.522005 0.543498 0 
0.521713 0.543086 0 
0.521471 0.541444 0 
0.521402 0.543065 0 
0.521319 0.546272 0 
0.521258 0.543031 0 
0.521158 0.540342 0 
0.521096 0.545289 0 
0.52101 0.543509 0 
0.520895 0.543061 0 
0.520832 0.542208 0 
0.520819 0.542345 0 
0.520808 0.541259 0 
0.520629 0.543065 0 
0.520626 0.543105 0 
0.520605 0.539675 0 
0.520528 0.540571 0 
0.520525 0.542766 0 
0.520183 0.54232 0 
0.52012 0.5409 0 
0.520076 0.541222 0 
0.519881 0.522244 0 
0.519843 0.542217 0 
0.519805 0.543911 0 
0.519756 0.541598 0 
0.519722 0.545417 0 
0.519712 0.544111 0 
0.519707 0.544671 0 
0.519598 0.542933 0 
0.519558 0.545219 0 
0.519522 0.543311 0 
0.51951 0.543065 0 
0.51945 0.541425 0 
0.519431 0.521199 0 
0.519402 0.544592 0 
0.519325 0.541762 0 
0.5193 0.54243 0 
0.519285 0.543141 0 
0.519188 0.542828 0 
0.519168 0.542507 0 
0.519162 0.537074 0 
0.519158 0.520338 0 
0.519141 0.543348 0 
0.519046 0.543522 0 
0.518964 0.545803 0 
0.518861 0.544078 0 
0.518811 0.543061 0 
0.518764 0.518788 0 
0.518752 0.520234 0 
0.518705 0.542089 0 
0.518669 0.519454 0 
0.518632 0.54571 0 
0.518612 0.542828 0 
0.51856 0.542334 0 
0.518506 0.545431 0 
0.518456 0.541426 0 
0.518403 0.540186 0 
0.518369 0.541437 0 
0.518287 0.519109 0 
0.518259 0.541456 0 
0.518228 0.540861 0 
0.5182 0.543085 0 
0.518188 0.519932 0 
0.518151 0.542934 0 
0.518143 0.52019 0 
0.51809 0.518256 0 
0.518079 0.541762 0 
0.518061 0.519003 0 
0.518059 0.518232 0 
0.518047 0.543141 0 
0.517962 0.540342 0 
0.517962 0.541734 0 
0.51796 0.540099 0 
0.51794 0.545239 0 
0.517937 0.519389 0 
0.517913 0.543788 0 
0.517908 0.54232 0 
0.517885 0.540395 0 
0.5178 0.518788 0 
0.517772 0.541543 0 
0.517763 0.543249 0 
0.517696 0.543124 0 
0.517677 0.517925 0 
0.51767 0.520256 0 
0.517604 0.543216 0 
0.5176 0.541734 0 
0.517552 0.54088 0 
0.517502 0.544254 0 
0.517477 0.54526 0 
0.517428 0.541149 0 
0.517421 0.54245 0 
0.517419 0.542334 0 
0.517329 0.54245 0 
0.517328 0.540571 0 
0.517322 0.518162 0 
0.517235 0.541944 0 
0.517228 0.545554 0 
0.517215 0.542334 0 
0.517213 0.545152 0 
0.517157 0.517265 0 
0.517151 0.545453 0 
0.517127 0.539267 0 
0.517127 0.517137 0 
0.517032 0.543593 0 
0.517016 0.520207 0 
0.516963 0.543323 0 
0.516962 0.545259 0 
0.516956 0.517137 0 
0.516932 0.518569 0 
0.516923 0.543434 0 
0.516884 0.519014 0 
0.516881 0.545797 0 
0.516874 0.547123 0 
0.516848 0.544383 0 
0.51684 0.540958 0 
0.516794 0.543304 0 
0.516792 0.544558 0 
0.516772 0.540652 0 
0.516764 0.517044 0 
0.516702 0.516943 0 
0.516689 0.544411 0 
0.516669 0.541437 0 
0.516667 0.516945 0 
0.516648 0.542657 0 
0.516609 0.518417 0 
0.516603 0.51748 0 
0.516597 0.544315 0 
0.516548 0.517266 0 
0.51654 0.517148 0 
0.516522 0.543506 0 
0.516508 0.542235 0 
0.516468 0.542841 0 
0.516409 0.540342 0 
0.516371 0.543449 0 
0.516351 0.545011 0 
0.516344 0.546834 0 
0.516317 0.518357 0 
0.516287 0.540186 0 
0.516234 0.516901 0 
0.516185 0.517834 0 
0.516126 0.516623 0 
0.516125 0.543545 0 
0.51611 0.517165 0 
0.516083 0.519742 0 
0.516063 0.516272 0 
0.516055 0.543091 0 
0.51605 0.541306 0 
0.516045 0.545622 0 
0.516035 0.517116 0 
0.516017 0.542334 0 
0.515974 0.542012 0 
0.515968 0.537074 0 
0.515929 0.545925 0 
0.515924 0.516901 0 
0.515888 0.545554 0 
0.515867 0.545239 0 
0.515813 0.519979 0 
0.515797 0.545804 0 
0.515795 0.542089 0 
0.515793 0.519389 0 
0.515786 0.541149 0 
0.515751 0.543584 0 
0.515724 0.517275 0 
0.515718 0.516736 0 
0.515688 0.546528 0 
0.515661 0.518544 0 
0.515658 0.516011 0 
0.515613 0.540821 0 
0.51561 0.542841 0 
0.515603 0.544448 0 
0.515602 0.540982 0 
0.515564 0.543529 0 
0.515557 0.543091 0 
0.515536 0.516272 0 
0.515506 0.546689 0 
0.515497 0.520052 0 
0.51549 0.545917 0 
0.515484 0.516008 0 
0.515479 0.542089 0 
0.51547 0.517059 0 
0.515429 0.51727 0 
0.515424 0.516901 0 
0.51539 0.547062 0 
0.515379 0.517275 0 
0.515374 0.518232 0 
0.515352 0.518755 0 
0.515309 0.544395 0 
0.515306 0.546111 0 
0.515305 0.542507 0 
0.515228 0.517874 0 
0.515185 0.543668 0 
0.51517 0.543141 0 
0.515167 0.520284 0 
0.515152 0.515396 0 
0.515113 0.542828 0 
0.515101 0.544553 0 
0.515079 0.516373 0 
0.515053 0.546218 0 
0.515027 0.517548 0 
0.515004 0.541543 0 
0.514957 0.544736 0 
0.514891 0.545522 0 
0.51483 0.516756 0 
0.514815 0.540726 0 
0.514812 0.516238 0 
0.514812 0.516074 0 
0.5148 0.514981 0 
0.514796 0.543924 0 
0.514783 0.540821 0 
0.514777 0.541762 0 
0.514768 0.518544 0 
0.514728 0.516113 0 
0.514718 0.546211 0 
0.514715 0.515787 0 
0.514703 0.517891 0 
0.514701 0.542208 0 
0.514696 0.543506 0 
0.514674 0.545299 0 
0.514612 0.516078 0 
0.514612 0.541837 0 
0.514589 0.543517 0 
0.514579 0.540955 0 
0.514557 0.5409 0 
0.514555 0.544411 0 
0.514553 0.516521 0 
0.514538 0.519391 0 
0.514535 0.543091 0 
0.514518 0.541149 0 
0.514477 0.539713 0 
0.51447 0.540821 0 
0.51444 0.541259 0 
0.514436 0.541837 0 
0.514427 0.51878 0 
0.51439 0.518341 0 
0.514354 0.515761 0 
0.514346 0.540861 0 
0.514344 0.540099 0 
0.514313 0.547263 0 
0.514302 0.541437 0 
0.514298 0.516138 0 
0.514297 0.518884 0 
0.514291 0.517375 0 
0.514287 0.542089 0 
0.514275 0.543167 0 
0.51427 0.520364 0 
0.514258 0.516803 0 
0.51424 0.516246 0 
0.514237 0.518033 0 
0.514222 0.541734 0 
0.514164 0.541458 0 
0.514154 0.545178 0 
0.514119 0.544315 0 
0.514111 0.514189 0 
0.514094 0.546102 0 
0.514089 0.5409 0 
0.514078 0.5409 0 
0.514064 0.516346 0 
0.514048 0.540099 0 
0.514037 0.54706 0 
0.514023 0.517805 0 
0.513998 0.540571 0 
0.513991 0.545259 0 
0.51399 0.542913 0 
0.513946 0.539267 0 
0.513919 0.51878 0 
0.513898 0.542909 0 
0.513856 0.515737 0 
0.513776 0.542089 0 
0.513766 0.546404 0 
0.513758 0.546793 0 
0.513757 0.540395 0 
0.513741 0.539713 0 
0.513651 0.540099 0 
0.513637 0.542766 0 
0.5136 0.545055 0 
0.513589 0.516574 0 
0.513565 0.546834 0 
0.513559 0.51764 0 
0.513558 0.543681 0 
0.513555 0.546208 0 
0.513529 0.540342 0 
0.513529 0.543508 0 
0.513527 0.544181 0 
0.513493 0.516981 0 
0.513469 0.52019 0 
0.513459 0.520447 0 
0.513441 0.516164 0 
0.513418 0.541437 0 
0.513402 0.540982 0 
0.5134 0.543065 0 
0.513311 0.514501 0 
0.513291 0.540982 0 
0.513264 0.541598 0 
0.513237 0.514738 0 
0.513221 0.541306 0 
0.513218 0.543105 0 
0.513217 0.542909 0 
0.513202 0.547324 0 
0.513188 0.544851 0 
0.513183 0.541944 0 
0.51318 0.543061 0 
0.513175 0.543742 0 
0.513172 0.518256 0 
0.513087 0.513231 0 
0.513065 0.514719 0 
0.513065 0.541762 0 
0.51305 0.545979 0 
0.513047 0.548172 0 
0.513034 0.545168 0 
0.513027 0.540342 0 
0.513024 0.514738 0 
0.513006 0.539713 0 
0.512922 0.537074 0 
0.512911 0.518437 0 
0.512909 0.541306 0 
0.512902 0.540123 0 
0.512895 0.540861 0 
0.512878 0.544016 0 
0.512821 0.543742 0 
0.512801 0.541444 0 
0.512795 0.541944 0 
0.512792 0.543304 0 
0.512784 0.543091 0 
0.51274 0.543311 0 
0.512721 0.542012 0 
0.512704 0.512794 0 
0.512695 0.541543 0 
0.512662 0.54139 0 
0.512612 0.541426 0 
0.512596 0.54243 0 
0.512565 0.544441 0 
0.512552 0.544315 0 
0.512489 0.515808 0 
0.512449 0.542004 0 
0.512439 0.540982 0 
0.512415 0.543085 0 
0.512379 0.545949 0 
0.512371 0.546764 0 
0.51237 0.541837 0 
0.512363 0.546305 0 
0.512356 0.520578 0 
0.512326 0.541669 0 
0.512275 0.513842 0 
0.512231 0.540123 0 
0.512214 0.545039 0 
0.512172 0.541944 0 
0.512164 0.543167 0 
0.51216 0.512794 0 
0.512129 0.550064 0 
0.512128 0.541426 0 
0.512124 0.542909 0 
0.512118 0.542208 0 
0.512102 0.543404 0 
0.51208 0.548959 0 
0.512061 0.545134 0 
0.512032 0.541425 0 
0.512025 0.547263 0 
0.512016 0.54526 0 
0.512007 0.542012 0 
0.511998 0.543185 0 
0.511974 0.54328 0 
0.511967 0.545451 0 
0.511957 0.543545 0 
0.51192 0.547146 0 
0.511914 0.543925 0 
0.511909 0.544205 0 
0.511887 0.548213 0 
0.511879 0.547483 0 
0.511841 0.54243 0 
0.511826 0.542507 0 
0.511819 0.542913 0 
0.511721 0.542966 0 
0.511691 0.543304 0 
0.511674 0.542507 0 
0.511641 0.548353 0 
0.511615 0.544522 0 
0.511599 0.54232 0 
0.511592 0.543317 0 
0.511588 0.545388 0 
0.511407 0.544205 0 
0.511361 0.545805 0 
0.511353 0.54644 0 
0.511348 0.54384 0 
0.511307 0.544407 0 
0.511293 0.544411 0 
0.511218 0.545487 0 
0.511217 0.545455 0 
0.511208 0.542947 0 
0.511133 0.544395 0 
0.511067 0.542933 0 
0.511066 0.544671 0 
0.511033 0.544687 0 
0.510972 0.545554 0 
0.510629 0.547977 0 
0.510362 0.550095 0 
0.510075 0.54817 0 
0.509938 0.546694 0 
0.509852 0.510488 0 
0.50977 0.554501 0 
0.509664 0.551347 0 
0.221064 0.227232 1 
0.21899 0.229448 1 
0.218659 0.226996 1 
0.21816 0.230057 1 
0.218024 0.229558 1 
0.217998 0.230427 1 
0.217935 0.225466 1 
0.21792 0.22914 1 
0.217525 0.231049 1 
0.217415 0.227993 1 
0.217317 0.226064 1 
0.217268 0.223675 1 
0.217209 0.227671 1 
0.217031 0.228985 1 
0.216763 0.224327 1 
0.216692 0.23333 1 
0.216559 0.226493 1 
0.216526 0.228134 1 
0.216522 0.228587 1 
0.216453 0.225466 1 
0.216442 0.227195 1 
0.216418 0.22133 1 
0.216395 0.225889 1 
0.216363 0.22563 1 
0.216314 0.226574 1 
0.216288 0.2312 1 
0.216287 0.230202 1 
0.216232 0.228641 1 
0.216232 0.225098 1 
0.216229 0.226763 1 
0.216096 0.23608 1 
0.216094 0.222538 1 
0.21604 0.230343 1 
0.216015 0.225155 1 
0.21599 0.225921 1 
0.215969 0.226677 1 
0.21589 0.226996 1 
0.215889 0.227993 1 
0.215796 0.225098 1 
0.215665 0.221948 1 
0.215643 0.222942 1 
0.215623 0.22427 1 
0.215607 0.229575 1 
0.215578 0.228665 1 
0.215528 0.23145 1 
0.215522 0.226461 1 
0.215476 0.222178 1 
0.215459 0.228425 1 
0.215378 0.229661 1 
0.215348 0.228815 1 
0.215257 0.224183 1 
0.215151 0.224327 1 
0.215094 0.229312 1 
0.214993 0.224756 1 
0.214847 0.217112 1 
0.214831 0.23003 1 
0.214793 0.228562 1 
0.214753 0.224756 1 
0.214634 0.230862 1 
0.214596 0.224477 1 
0.214575 0.232147 1 
0.214551 0.221578 1 
0.214509 0.228253 1 
0.214489 0.231351 1 
0.214483 0.224477 1 
0.214476 0.228975 1 
0.214471 0.231292 1 
0.214465 0.233297 1 
0.214458 0.223371 1 
0.21442 0.225817 1 
0.21442 0.229339 1 
0.214374 0.233628 1 
0.214371 0.237654 1 
0.214301 0.227456 1 
0.21426 0.22388 1 
0.214257 0.223992 1 
0.214251 0.228506 1 
0.214242 0.22794 1 
0.214212 0.224564 1 
0.214117 0.227805 1 
0.214091 0.228284 1 
0.214018 0.231075 1 
0.213985 0.226027 1 
0.213958 0.225817 1 
0.213952 0.223631 1 
0.213901 0.229751 1 
0.213886 0.225466 1 
0.213854 0.22388 1 
0.213818 0.228562 1 
0.213814 0.224764 1 
0.213787 0.225466 1 
0.213779 0.227487 1 
0.21375 0.226766 1 
0.213713 0.226178 1 
0.213674 0.229512 1 
0.21366 0.221578 1 
0.213651 0.227039 1 
0.213545 0.225362 1 
0.213534 0.225205 1 
0.213529 0.225838 1 
0.213481 0.233975 1 
0.213461 0.226255 1 
0.213452 0.22651 1 
0.21342 0.231852 1 
0.213384 0.224564 1 
0.213376 0.226702 1 
0.213368 0.229453 1 
0.213354 0.230107 1 
0.213343 0.225751 1 
0.213313 0.229481 1 
0.213198 0.231475 1 
0.213166 0.221726 1 
0.213102 0.226735 1 
0.213091 0.221649 1 
0.213054 0.22465 1 
0.213041 0.226255 1 
0.213024 0.23115 1 
0.213012 0.226992 1 
0.212886 0.224457 1 
0.212869 0.221726 1 
0.212854 0.225362 1 
0.212852 0.223161 1 
0.212831 0.231264 1 
0.212777 0.226745 1 
0.21266 0.228878 1 
0.212646 0.230084 1 
0.212621 0.229678 1 
0.21262 0.229927 1 
0.212617 0.222544 1 
0.212605 0.231717 1 
0.212596 0.226336 1 
0.212468 0.223489 1 
0.212463 0.226813 1 
0.212429 0.233833 1 
0.212409 0.228235 1 
0.212308 0.232405 1 
0.212301 0.223631 1 
0.212285 0.22502 1 
0.212229 0.213006 1 
0.212217 0.223502 1 
0.212188 0.221023 1 
0.212149 0.23008 1 
0.212094 0.224457 1 
0.212035 0.231049 1 
0.211895 0.224003 1 
0.211862 0.226508 1 
0.211799 0.224003 1 
0.211728 0.212485 1 
0.211704 0.226255 1 
0.211626 0.23145 1 
0.211605 0.212101 1 
0.211595 0.222403 1 
0.211516 0.224003 1 
0.211486 0.225491 1 
0.211486 0.229371 1 
0.211426 0.223928 1 
0.211416 0.221523 1 
0.211333 0.225229 1 
0.211332 0.22563 1 
0.211316 0.225419 1 
0.211248 0.223522 1 
0.211245 0.227872 1 
0.211237 0.227869 1 
0.211228 0.235579 1 
0.211227 0.217112 1 
0.211215 0.22388 1 
0.211198 0.227869 1 
0.211197 0.2322 1 
0.211176 0.223631 1 
0.211149 0.222258 1 
0.211137 0.224477 1 
0.211004 0.223907 1 
0.210963 0.223631 1 
0.210951 0.212669 1 
0.210889 0.228452 1 
0.210858 0.227066 1 
0.210803 0.22819 1 
0.210787 0.225725 1 
0.210777 0.221578 1 
0.210768 0.22651 1 
0.21071 0.211344 1 
0.210697 0.225155 1 
0.210656 0.221649 1 
0.210627 0.227195 1 
0.210576 0.220874 1 
0.210556 0.222755 1 
0.210507 0.212499 1 
0.210494 0.225362 1 
0.210397 0.220874 1 
0.210374 0.225205 1 
0.210353 0.220874 1 
0.210314 0.210735 1 
0.210311 0.221186 1 
0.210303 0.228002 1 
0.210292 0.211669 1 
0.210259 0.211013 1 
0.210196 0.210233 1 
0.210184 0.212057 1 
0.210176 0.232576 1 
0.210166 0.235563 1 
0.210154 0.225838 1 
0.210109 0.210851 1 
0.210095 0.228415 1 
0.209974 0.22794 1 
0.209914 0.211214 1 
0.20984 0.211452 1 
0.209722 0.22427 1 
0.209709 0.222942 1 
0.209666 0.228347 1 
0.209665 0.241942 1 
0.209652 0.225362 1 
0.209643 0.221948 1 
0.209592 0.217112 1 
0.20958 0.22794 1 
0.209553 0.228356 1 
0.209537 0.229987 1 
0.209491 0.213089 1 
0.209482 0.227555 1 
0.209463 0.209787 1 
0.20941 0.21078 1 
0.209343 0.225838 1 
0.209328 0.22427 1 
0.209283 0.22361 1 
0.209248 0.224756 1 
0.209244 0.224813 1 
0.209155 0.221491 1 
0.209124 0.225627 1 
0.209117 0.221948 1 
0.209079 0.224327 1 
0.209047 0.224385 1 
0.208973 0.212754 1 
0.208954 0.23007 1 
0.208891 0.221578 1 
0.208873 0.212651 1 
0.208856 0.20963 1 
0.208833 0.220418 1 
0.208832 0.222544 1 
0.208825 0.225491 1 
0.208748 0.222919 1 
0.208742 0.211554 1 
0.208728 0.221948 1 
0.208655 0.223344 1 
0.208621 0.209651 1 
0.208603 0.209923 1 
0.208559 0.226064 1 
0.208472 0.222544 1 
0.208446 0.225889 1 
0.208434 0.225333 1 
0.208414 0.208876 1 
0.208389 0.220874 1 
0.208346 0.222178 1 
0.208317 0.220418 1 
0.208289 0.233297 1 
0.208274 0.224813 1 
0.208242 0.22813 1 
0.208233 0.226996 1 
0.208034 0.21112 1 
0.208006 0.224493 1 
0.208004 0.222178 1 
0.20794 0.20864 1 
0.20794 0.222942 1 
0.20788 0.225333 1 
0.207822 0.226992 1 
0.20771 0.227775 1 
0.207699 0.228506 1 
0.207688 0.209998 1 
0.207655 0.211048 1 
0.207615 0.228003 1 
0.207497 0.209697 1 
0.207489 0.221023 1 
0.207485 0.225362 1 
0.207466 0.225889 1 
0.207452 0.22361 1 
0.207398 0.209853 1 
0.207396 0.208123 1 
0.207386 0.207677 1 
0.207376 0.209749 1 
0.207352 0.229558 1 
0.207329 0.225725 1 
0.207312 0.209056 1 
0.207232 0.226745 1 
0.207213 0.221186 1 
0.207198 0.223502 1 
0.207183 0.222178 1 
0.207094 0.22782 1 
0.207072 0.210885 1 
0.207036 0.225736 1 
0.207032 0.211583 1 
0.207004 0.229734 1 
0.206969 0.2101 1 
0.206957 0.22361 1 
0.206829 0.225817 1 
0.206729 0.231852 1 
0.20671 0.207158 1 
0.206685 0.228641 1 
0.206647 0.223675 1 
0.206628 0.210532 1 
0.206575 0.210394 1 
0.206485 0.225921 1 
0.206464 0.222919 1 
0.20643 0.223992 1 
0.206403 0.229653 1 
0.206377 0.22428 1 
0.206359 0.207773 1 
0.206336 0.211608 1 
0.206327 0.221186 1 
0.2063 0.211142 1 
0.206242 0.221578 1 
0.206236 0.213198 1 
0.206222 0.225205 1 
0.20618 0.221726 1 
0.206178 0.20759 1 
0.206128 0.211877 1 
0.206059 0.222755 1 
0.206056 0.225137 1 
0.206028 0.225736 1 
0.206021 0.223371 1 
0.206015 0.224999 1 
0.206012 0.225205 1 
0.205987 0.223928 1 
0.205919 0.224564 1 
0.205917 0.228288 1 
0.205842 0.222043 1 
0.205835 0.22502 1 
0.205834 0.211424 1 
0.205789 0.206739 1 
0.205788 0.228425 1 
0.205787 0.225857 1 
0.205781 0.22563 1 
0.205747 0.209487 1 
0.205709 0.223928 1 
0.205655 0.222919 1 
0.205623 0.207241 1 
0.20559 0.222043 1 
0.20556 0.209693 1 
0.205507 0.223502 1 
0.205472 0.207121 1 
0.205396 0.205557 1 
0.205371 0.208944 1 
0.205341 0.224327 1 
0.205232 0.209686 1 
0.205199 0.228273 1 
0.20515 0.222538 1 
0.205133 0.228665 1 
0.205089 0.224019 1 
0.205028 0.225137 1 
0.205013 0.223992 1 
0.204922 0.223675 1 
0.204877 0.22388 1 
0.204876 0.22502 1 
0.204776 0.223992 1 
0.204749 0.223502 1 
0.204727 0.226178 1 
0.204695 0.20558 1 
0.20453 0.226336 1 
0.204263 0.206739 1 
0.204032 0.227113 1 
0.203712 0.21003 1 
0.203032 0.203394 1 
0.103943 0.104884 2 
0.103016 0.104042 2 
0.102895 0.103635 2 
0.102303 0.110152 2 
0.101804 0.104452 2 
0.10171 0.109246 2 
0.101463 0.107968 2 
0.101424 0.103718 2 
0.101346 0.102153 2 
0.100903 0.103848 2 
0.100862 0.103404 2 
0.100857 0.104104 2 
0.100761 0.101807 2 
0.100613 0.101344 2 
0.100598 0.103211 2 
0.10059 0.104476 2 
0.10057 0.100732 2 
0.100486 0.101862 2 
0.100458 0.105768 2 
0.100263 0.102581 2 
0.100219 0.108437 2 
0.100149 0.101375 2 
0.100062 0.101962 2 
0.0998898 0.113252 2 
0.0998655 0.100419 2 
0.0997557 0.107995 2 
0.0997448 0.102191 2 
0.0997226 0.102757 2 
0.09964 0.105203 2 
0.0996283 0.100704 2 
0.0995721 0.101815 2 
0.0995307 0.101971 2 
0.0994741 0.0999989 2 
0.0994545 0.0998581 2 
0.0994267 0.106643 2 
0.0993842 0.107437 2 
0.0992206 0.101008 2 
0.0991877 0.106756 2 
0.0991868 0.10238 2 
0.0991611 0.102153 2 
0.0991143 0.102458 2 
0.0990992 0.105524 2 
0.0990538 0.104326 2 
0.0990128 0.102001 2 
0.0990052 0.103362 2 
0.099005 0.107332 2 
0.0989312 0.100094 2 
0.0989293 0.103545 2 
0.0988463 0.104466 2 
0.0986724 0.102508 2 
0.0986582 0.102891 2 
0.0986392 0.0994777 2 
0.0986253 0.0998056 2 
0.0985421 0.105335 2 
0.0985269 0.105244 2 
0.0985105 0.0993026 2 
0.0984525 0.101036 2 
0.0983457 0.0985979 2 
0.0983212 0.103552 2 
0.098261 0.104835 2 
0.0982095 0.105135 2 
0.0982054 0.102393 2 
0.0981924 0.100889 2 
0.0981428 0.101894 2 
0.0980339 0.103148 2 
0.0980155 0.102333 2 
0.098004 0.0984525 2 
0.0979935 0.0989377 2 
0.0979106 0.1052 2 
0.0978872 0.105942 2 
0.0978421 0.101572 2 
0.0978163 0.100926 2 
0.0978118 0.102408 2 
0.0978017 0.0992858 2 
0.097794 0.102364 2 
0.0977542 0.0989377 2 
0.0977168 0.105388 2 
0.0977033 0.101177 2 
0.0976877 0.0987168 2 
0.0976455 0.102191 2 
0.097593 0.103357 2 
0.0975752 0.10299 2 
0.0975631 0.103627 2 
0.0975549 0.101453 2 
0.0975519 0.103723 2 
0.0975504 0.0986308 2 
0.0975406 0.102408 2 
0.0974461 0.103928 2 
0.0973946 0.100468 2 
0.0973897 0.1008 2 
0.0971672 0.0999008 2 
0.0971379 0.0985979 2 
0.0971117 0.0993026 2 
0.0970963 0.10263 2 
0.0969491 0.101494 2 
0.0968798 0.0986955 2 
0.0968613 0.0984865 2 
0.096752 0.0999715 2 
0.096664 0.0979327 2 
0.0966425 0.0987604 2 
0.0966107 0.0979182 2 
0.0964664 0.0997297 2 
0.0964659 0.103524 2 
0.096463 0.100802 2 
0.0964591 0.0990648 2 
0.0964136 0.101037 2 
0.0963773 0.10394 2 
0.0963349 0.100598 2 
0.0963318 0.104939 2 
0.0962988 0.0967943 2 
0.0962902 0.0987604 2 
0.0962547 0.0994859 2 
0.0962062 0.0999715 2 
0.096162 0.100468 2 
0.0961569 0.0967125 2 
0.0961564 0.102117 2 
0.0961487 0.0979182 2 
0.0961098 0.0984525 2 
0.0960953 0.0989215 2 
0.0960865 0.104042 2 
0.0960408 0.0976746 2 
0.095952 0.0968936 2 
0.0959169 0.0989 2 
0.0958972 0.100827 2 
0.0957548 0.0987604 2 
0.0957511 0.101711 2 
0.0957393 0.096227 2 
0.0957188 0.105388 2 
0.095693 0.103421 2 
0.095686 0.0957403 2 
0.0956647 0.098531 2 
0.0956507 0.100621 2 
0.0956271 0.101546 2 
0.0956077 0.0994777 2 
0.0956005 0.101302 2 
0.0955582 0.103932 2 
0.0955342 0.102967 2 
0.0955156 0.101119 2 
0.0953976 0.0983655 2 
0.0953186 0.105213 2 
0.0952907 0.0957332 2 
0.0952774 0.105203 2 
0.0952698 0.0967125 2 
0.0951955 0.101872 2 
0.0951859 0.0955027 2 
0.0951407 0.100926 2 
0.0951253 0.102186 2 
0.0950933 0.104493 2 
0.0950733 0.0965649 2 
0.095073 0.0990183 2 
0.095063 0.10599 2 
0.0950136 0.1008 2 
0.0950117 0.0972544 2 
0.0948468 0.104442 2 
0.0948135 0.0953422 2 
0.0947921 0.0991614 2 
0.0947733 0.0972537 2 
0.094701 0.101119 2 
0.0946383 0.0989215 2 
0.0946245 0.0987604 2 
0.0945619 0.103933 2 
0.0945357 0.101912 2 
0.094513 0.0990183 2 
0.0945093 0.101572 2 
0.0944788 0.0994344 2 
0.0944482 0.0984121 2 
0.0944212 0.100995 2 
0.0944115 0.0955027 2 
0.0942841 0.095721 2 
0.0942707 0.102306 2 
0.0942686 0.0949807 2 
0.0941935 0.0965478 2 
0.0941237 0.0946367 2 
0.0940808 0.100759 2 
0.0940277 0.095795 2 
0.0940152 0.0984525 2 
0.0939551 0.0990648 2 
0.0938874 0.0989477 2 
0.0938798 0.100528 2 
0.0938458 0.0954098 2 
0.0938174 0.102364 2 
0.0938014 0.0940734 2 
0.0937885 0.0990183 2 
0.0937474 0.0996389 2 
0.0937412 0.0962365 2 
0.0937195 0.0984325 2 
0.0936926 0.0998581 2 
0.0936588 0.0962383 2 
0.0936479 0.0946367 2 
0.0936071 0.102816 2 
0.0935852 0.0958787 2 
0.0935726 0.0942548 2 
0.0934995 0.100506 2 
0.0934948 0.103531 2 
0.0934862 0.0951956 2 
0.0934634 0.0999715 2 
0.0933809 0.100031 2 
0.0933779 0.0989377 2 
0.0933754 0.101769 2 
0.0933747 0.0981896 2 
0.0933392 0.100031 2 
0.0933072 0.094059 2 
0.0932909 0.0955027 2 
0.0932436 0.0936746 2 
0.0932309 0.100926 2 
0.0931999 0.0968936 2 
0.0931837 0.0937953 2 
0.0931178 0.0965649 2 
0.0931154 0.097887 2 
0.093099 0.0992858 2 
0.093094 0.101825 2 
0.0930851 0.100239 2 
0.093079 0.0955425 2 
0.0930549 0.0966507 2 
0.0929769 0.0998842 2 
0.0929517 0.0943676 2 
0.0929252 0.106643 2 
0.0929189 0.0966507 2 
0.0928813 0.0959014 2 
0.0928282 0.0941278 2 
0.0928241 0.0997297 2 
0.0927738 0.0930895 2 
0.0927151 0.0930859 2 
0.092599 0.0972897 2 
0.0925968 0.0981463 2 
0.0925813 0.1008 2 
0.0924863 0.105118 2 
0.0924665 0.0993933 2 
0.0924607 0.0926996 2 
0.0924155 0.101453 2 
0.0924048 0.0943676 2 
0.0923513 0.101605 2 
0.0922775 0.0994344 2 
0.0922599 0.0925115 2 
0.0922063 0.100732 2 
0.0921986 0.0977129 2 
0.0921697 0.1008 2 
0.0921568 0.100869 2 
0.0921317 0.0949163 2 
0.091998 0.0930227 2 
0.0919952 0.102467 2 
0.0919713 0.0984799 2 
0.0919671 0.0931845 2 
0.0919261 0.10327 2 
0.0919244 0.101546 2 
0.091906 0.0955027 2 
0.0918864 0.0921242 2 
0.091885 0.100468 2 
0.091883 0.0932867 2 
0.0918537 0.0987233 2 
0.0917814 0.100419 2 
0.0917685 0.0935906 2 
0.0917567 0.0976746 2 
0.0917462 0.0981896 2 
0.0917286 0.097887 2 
0.0917042 0.094055 2 
0.0917014 0.0955887 2 
0.0916718 0.0925604 2 
0.0916468 0.0952443 2 
0.0916345 0.100031 2 
0.0916211 0.1022 2 
0.0916074 0.0958826 2 
0.0915999 0.100419 2 
0.0915763 0.0952074 2 
0.0915511 0.102001 2 
0.0915478 0.101807 2 
0.0915473 0.0998842 2 
0.0915404 0.0965649 2 
0.091432 0.0914628 2 
0.0914068 0.0985979 2 
0.0913716 0.0968793 2 
0.0913713 0.0977129 2 
0.0913378 0.092871 2 
0.0913302 0.0921193 2 
0.0913182 0.101302 2 
0.0913126 0.0976746 2 
0.0912945 0.0974814 2 
0.0912264 0.0991742 2 
0.0911975 0.0987233 2 
0.0911566 0.101889 2 
0.0911415 0.0983655 2 
0.0911327 0.0966507 2 
0.0910794 0.0986308 2 
0.091058 0.0936908 2 
0.0910473 0.0914929 2 
0.0910383 0.0919913 2 
0.0910282 0.0990191 2 
0.0909652 0.0927061 2 
0.0909023 0.091232 2 
0.0908982 0.0948544 2 
0.0908895 0.100704 2 
0.0908894 0.0936667 2 
0.0908682 0.0958787 2 
0.090848 0.0952458 2 
0.0908464 0.0961209 2 
0.0908338 0.102295 2 
0.0908307 0.0992607 2 
0.0907739 0.100256 2 
0.0907623 0.100212 2 
0.0907527 0.0916208 2 
0.0907012 0.0972897 2 
0.0906985 0.0968793 2 
0.090698 0.0916111 2 
0.0906908 0.0998842 2 
0.0906864 0.0946228 2 
0.0906857 0.0918463 2 
0.0906756 0.0984121 2 
0.0906296 0.10291 2 
0.0905643 0.0983655 2 
0.0905372 0.0927322 2 
0.0903361 0.0973025 2 
0.0903221 0.0924869 2 
0.0902923 0.0981896 2 
0.0902671 0.0911813 2 
0.0902661 0.0914606 2 
0.0902463 0.0979182 2 
0.0902288 0.0968793 2 
0.0902221 0.0992607 2 
0.0902121 0.100189 2 
0.090181 0.0967125 2 
0.0901226 0.0992858 2 
0.0901173 0.096773 2 
0.0900938 0.0929763 2 
0.0900415 0.0984325 2 
0.0900253 0.0972317 2 
0.0899533 0.0902826 2 
0.0899472 0.100256 2 
0.0898192 0.102464 2 
0.089817 0.0900116 2 
0.0897994 0.0999364 2 
0.0897882 0.0979327 2 
0.0897516 0.0998733 2 
0.0896312 0.0923604 2 
0.0893975 0.0919913 2 
0.0892595 0.0986308 2 
0.0892559 0.0977129 2 
0.0892385 0.0974814 2 
0.0892205 0.0895016 2 
0.0891958 0.0999364 2 
0.089107 0.0986308 2 
0.0890759 0.0987051 2 
0.0890493 0.10126 2 
0.0890331 0.0971455 2 
0.0890291 0.0984325 2 
0.088811 0.0990648 2 
0.0887577 0.0992607 2 
0.0887542 0.100802 2 
0.0887512 0.0987051 2 
0.0887316 0.0891539 2 
0.0886085 0.0895016 2 
0.0884982 0.100598 2 
0.0882733 0.0912034 2 
0.0882073 0.0983655 2 
0.0881579 0.0938303 2 
0.0881469 0.0912358 2 
0.0873121 0.0912034 2 
0.0520566 0.0536047 3 
0.0509343 0.0528498 3 
0.0507907 0.0551781 3 
0.0504822 0.0531106 3 
0.0504191 0.0524061 3 
0.0502367 0.0503645 3 
0.0499878 0.0518087 3 
0.0496978 0.0521484 3 
0.0491463 0.050362 3 
0.048974 0.0498157 3 
0.0488583 0.0513139 3 
0.0488046 0.0510718 3 
0.0487996 0.0510709 3 
0.0486554 0.0510173 3 
0.0486034 0.0507661 3 
0.0485862 0.0488739 3 
0.0483443 0.0506712 3 
0.0481738 0.0481862 3 
0.0481053 0.0489224 3 
0.048087 0.0511429 3 
0.048073 0.049176 3 
0.0480218 0.0484346 3 
0.0480023 0.048943 3 
0.0479969 0.0499339 3 
0.0478843 0.0491662 3 
0.0478662 0.0479706 3 
0.0478644 0.0486602 3 
0.0477928 0.0495539 3 
0.0476717 0.0496495 3 
0.0476423 0.0486109 3 
0.0476318 0.0500546 3 
0.0474994 0.0484941 3 
0.0474486 0.0495359 3 
0.0474481 0.0492303 3 
0.0474356 0.0474823 3 
0.047435 0.0500546 3 
0.0473667 0.0479126 3 
0.0473578 0.0484434 3 
0.0473563 0.0482793 3 
0.0473183 0.0477703 3 
0.0473036 0.0490994 3 
0.047233 0.0482793 3 
0.0471719 0.0472014 3 
0.0471644 0.0478298 3 
0.0469167 0.0481141 3 
0.0468952 0.0486177 3 
0.0468436 0.0488007 3 
0.0467656 0.0472428 3 
0.046739 0.0479558 3 
0.046673 0.0476815 3 
0.0466254 0.0503523 3 
0.0464818 0.046527 3 
0.0464774 0.047404 3 
0.0463959 0.049239 3 
0.0463039 0.0499412 3 
0.0462871 0.0495288 3 
0.0462696 0.0472924 3 
0.046204 0.0472014 3 
0.0461859 0.0490994 3 
0.0461793 0.0500546 3 
0.046165 0.0469799 3 
0.0461569 0.0494437 3 
0.0461341 0.0495539 3 
0.0461088 0.046827 3 
0.0460772 0.0465194 3 
0.0460217 0.0472448 3 
0.0459489 0.0486302 3 
0.0459385 0.0467576 3 
0.0458422 0.0460979 3 
0.0458415 0.0471491 3 
0.0458035 0.046142 3 
0.0457892 0.0477575 3 
0.0457836 0.0478311 3 
0.0455827 0.0457392 3 
0.0455661 0.0463598 3 
0.0455269 0.0476184 3 
0.0455195 0.0456959 3 
0.0455042 0.050046 3 
0.0454899 0.0475929 3 
0.0454696 0.0511471 3 
0.0454485 0.0483164 3 
0.0453563 0.0480176 3 
0.0453085 0.0467481 3 
0.0452734 0.050446 3 
0.0452682 0.0501555 3 
0.0451945 0.045405 3 
0.0451581 0.0472214 3 
0.0451486 0.0462465 3 
0.0451352 0.0452614 3 
0.0450635 0.0472641 3 
0.0450486 0.0451474 3 
0.0450358 0.0475444 3 
0.0450216 0.0472449 3 
0.0449988 0.045727 3 
0.044991 0.0470967 3 
0.044941 0.0467576 3 
0.044928 0.0451834 3 
0.044914 0.0471337 3 
0.0447887 0.0462465 3 
0.0447786 0.0465056 3 
0.0447681 0.0458848 3 
0.0447626 0.0458775 3 
0.0447592 0.0454018 3 
0.0447131 0.0486922 3 
0.0447015 0.0460914 3 
0.0446934 0.0479335 3 
0.0446555 0.0457154 3 
0.0446202 0.0452885 3 
0.0446039 0.0448275 3 
0.0445746 0.0483164 3 
0.0445667 0.049773 3 
0.044518 0.0453295 3 
0.0444607 0.0445587 3 
0.0444369 0.0462778 3 
0.0444306 0.0454624 3 
0.0444188 0.0462778 3 
0.044391 0.0479756 3 
0.0443743 0.0490088 3 
0.0443497 0.0456588 3 
0.0443388 0.0453184 3 
0.0443355 0.0461852 3 
0.0443163 0.0471897 3 
0.0442917 0.0461641 3 
0.0442489 0.0462673 3 
0.0442469 0.0442612 3 
0.0442292 0.0455847 3 
0.0442157 0.0465194 3 
0.0441743 0.0475603 3 
0.0441491 0.0469333 3 
0.0441299 0.0454018 3 
0.0441128 0.0468821 3 
0.0441029 0.0464744 3 
0.0441004 0.0456588 3 
0.0440862 0.0512264 3 
0.0439841 0.046391 3 
0.0439514 0.045441 3 
0.0439477 0.0440955 3 
0.0438916 0.0478517 3 
0.0438902 0.0449678 3 
0.0438458 0.0487993 3 
0.0438306 0.0453865 3 
0.0437976 0.0477703 3 
0.0437959 0.0462465 3 
0.0437732 0.0475603 3 
0.0437589 0.0442433 3 
0.0437555 0.0442417 3 
0.043722 0.0440736 3 
0.0437093 0.0483425 3 
0.0436904 0.0464205 3 
0.0436608 0.0457659 3 
0.0436572 0.0453254 3 
0.0436428 0.0472014 3 
0.0436264 0.0453254 3 
0.0435756 0.0451039 3 
0.043512 0.0442612 3 
0.0435023 0.0435652 3 
0.0435002 0.0458504 3 
0.0434882 0.0458775 3 
0.0434672 0.0446463 3 
0.0434467 0.0445912 3 
0.0434273 0.0478298 3 
0.0434263 0.0471897 3 
0.0434261 0.0459345 3 
0.0434261 0.04353 3 
0.0434083 0.0450102 3 
0.0434046 0.0465501 3 
0.0433874 0.0443362 3 
0.0433744 0.0437819 3 
0.0433661 0.0433884 3 
0.0433556 0.0455489 3 
0.0433542 0.0477281 3 
0.0433451 0.0462461 3 
0.0433314 0.0472449 3 
0.0433305 0.0464435 3 
0.0432364 0.0455411 3 
0.0432348 0.0473996 3 
0.0432347 0.0460997 3 
0.0431979 0.0472448 3 
0.0431443 0.0460576 3 
0.0431419 0.0453184 3 
0.0431394 0.0461495 3 
0.0431277 0.0453995 3 
0.0431274 0.0436484 3 
0.0431226 0.0452902 3 
0.0431025 0.0435661 3 
0.0430927 0.047036 3 
0.0430695 0.0431068 3 
0.0430639 0.0448067 3 
0.0430564 0.0430727 3 
0.043056 0.0466607 3 
0.0430424 0.0450102 3 
0.0429769 0.0459131 3 
0.0429729 0.0477021 3 
0.0429595 0.0477306 3 
0.0429425 0.0472214 3 
0.0429239 0.047873 3 
0.0429107 0.047782 3 
0.042836 0.0455411 3 
0.0428351 0.0454711 3 
0.0428306 0.0473991 3 
0.0428262 0.0471811 3 
0.0428226 0.0455489 3 
0.0428221 0.0453266 3 
0.0428216 0.0442422 3 
0.042819 0.0466502 3 
0.0428122 0.0432979 3 
0.0428088 0.044231 3 
0.0427961 0.0441764 3 
0.0427959 0.0452885 3 
0.0427677 0.0477575 3 
0.042748 0.046633 3 
0.042739 0.0433029 3 
0.0427046 0.0431148 3 
0.0426974 0.0482171 3 
0.0426209 0.0465573 3 
0.0426087 0.0459023 3 
0.0425441 0.0433884 3 
0.0425439 0.0456172 3 
0.0425197 0.0458504 3 
0.0425042 0.0445548 3 
0.0424653 0.0437169 3 
0.0424572 0.0459684 3 
0.0424478 0.0454018 3 
0.0424204 0.0467576 3 
0.0424167 0.0427382 3 
0.0424008 0.0458504 3 
0.0423989 0.0490645 3 
0.0423969 0.0467667 3 
0.0423884 0.0437718 3 
0.0423409 0.0435022 3 
0.0423377 0.0477575 3 
0.0423099 0.0451474 3 
0.0422966 0.0459684 3 
0.0422725 0.0448959 3 
0.0422249 0.0453184 3 
0.042192 0.0432866 3 
0.0421372 0.046794 3 
0.042068 0.0451356 3 
0.0420638 0.0441888 3 
0.04206 0.0425254 3 
0.042049 0.0443336 3 
0.0420445 0.0429126 3 
0.0420437 0.0464639 3 
0.042034 0.0467914 3 
0.0420308 0.0438541 3 
0.0420276 0.046764 3 
0.0420233 0.0443716 3 
0.0420123 0.0443336 3 
0.0419911 0.0486309 3 
0.0419598 0.0425173 3 
0.0419435 0.0437718 3 
0.0419147 0.0445912 3 
0.0418898 0.0448238 3 
0.0418775 0.046794 3 
0.0418484 0.0439242 3 
0.0418456 0.0466607 3 
0.0418255 0.0450047 3 
0.0418134 0.0458601 3 
0.0417854 0.0431813 3 
0.0417824 0.0458942 3 
0.0417064 0.0458601 3 
0.0417012 0.047036 3 
0.0416522 0.044713 3 
0.0416492 0.0460945 3 
0.0416414 0.0467914 3 
0.0416292 0.041657 3 
0.0415938 0.045279 3 
0.0415097 0.046826 3 
0.0414558 0.0458775 3 
0.0413894 0.0462627 3 
0.0413266 0.0454018 3 
0.041304 0.0432358 3 
0.0412984 0.0458942 3 
0.0412802 0.0463941 3 
0.0409837 0.0469799 3 
0.0409657 0.045016 3 
0.0409263 0.0417775 3 
0.0409014 0.0460522 3 
0.0408956 0.0463598 3 
0.0408496 0.046391 3 
0.0406813 0.0432347 3 
0.0399801 0.0432347 3 
0.0398795 0.0422726 3 
0.0266323 0.0280721 4 
0.0263732 0.0263836 4 
0.0261147 0.0262273 4 
0.0259642 0.0263668 4 
0.0258348 0.0262656 4 
0.0250035 0.0255591 4 
0.0248667 0.0251901 4 
0.0248197 0.0256072 4 
0.0246694 0.0250797 4 
0.024653 0.0252396 4 
0.02465 0.0254801 4 
0.0246465 0.0250814 4 
0.0243136 0.024657 4 
0.0243059 0.0243426 4 
0.0241709 0.0245651 4 
0.0241374 0.0246432 4 
0.0241328 0.0242288 4 
0.0241259 0.024342 4 
0.0240848 0.0240958 4 
0.023999 0.0245414 4 
0.0239396 0.0241912 4 
0.023926 0.0241868 4 
0.0239131 0.0242096 4 
0.0238239 0.0245414 4 
0.0238044 0.0252257 4 
0.0237436 0.0239822 4 
0.023678 0.0244709 4 
0.0236686 0.0237144 4 
0.0236575 0.0237957 4 
0.0236267 0.023651 4 
0.0235791 0.0243427 4 
0.0235269 0.0239027 4 
0.023526 0.0252515 4 
0.023512 0.0243022 4 
0.0233499 0.023439 4 
0.0232417 0.024606 4 
0.0232007 0.0241433 4 
0.0231804 0.0232604 4 
0.0230677 0.0233081 4 
0.0230622 0.0245414 4 
0.0230205 0.0239822 4 
0.0229494 0.0235472 4 
0.0229152 0.0229752 4 
0.0229001 0.0241729 4 
0.0228945 0.0229204 4 
0.0228894 0.0234597 4 
0.0228671 0.0232676 4 
0.0228599 0.0237061 4 
0.0227909 0.0232372 4 
0.0227857 0.023213 4 
0.0226298 0.0229885 4 
0.0226223 0.0252988 4 
0.0226108 0.0249012 4 
0.0226027 0.0228496 4 
0.0225574 0.0245415 4 
0.0225382 0.0228689 4 
0.0225378 0.0230389 4 
0.022443 0.0231718 4 
0.0224176 0.0228811 4 
0.0223583 0.0239414 4 
0.0223491 0.0230845 4 
0.0223113 0.0232305 4 
0.022284 0.0246689 4 
0.0222583 0.0245651 4 
0.0222563 0.023407 4 
0.0222513 0.0224575 4 
0.0222218 0.0228049 4 
0.0221914 0.0230468 4 
0.0221857 0.0225565 4 
0.022149 0.0225565 4 
0.0221264 0.0223209 4 
0.0221262 0.0235889 4 
0.0221235 0.0225184 4 
0.0220893 0.0227119 4 
0.0220826 0.0230262 4 
0.0220406 0.0233327 4 
0.0220322 0.0231538 4 
0.0220301 0.0225868 4 
0.0220227 0.0221725 4 
0.0220201 0.022247 4 
0.0220023 0.022512 4 
0.0219873 0.022307 4 
0.0219835 0.022148 4 
0.0219321 0.0230389 4 
0.0219091 0.0238365 4 
0.0219043 0.023098 4 
0.0218627 0.0221602 4 
0.0218622 0.0239224 4 
0.0218431 0.0233701 4 
0.0218304 0.0221105 4 
0.0218159 0.0224676 4 
0.0218071 0.0219658 4 
0.0217946 0.0225074 4 
0.0217902 0.0229802 4 
0.0217783 0.0230022 4 
0.0217764 0.0221265 4 
0.0217452 0.0254348 4 
0.0217368 0.0230072 4 
0.0217354 0.0221301 4 
0.0217253 0.0231039 4 
0.0217199 0.0232745 4 
0.0217195 0.0223932 4 
0.0217175 0.0225565 4 
0.0217067 0.0225868 4 
0.0217032 0.0223832 4 
0.0216783 0.0232033 4 
0.0216678 0.0217075 4 
0.0216484 0.0231298 4 
0.0216386 0.0223816 4 
0.0215622 0.0232033 4 
0.0215561 0.0239692 4 
0.0215535 0.0223773 4 
0.0215418 0.0231639 4 
0.0215078 0.0219658 4 
0.0214967 0.0217771 4 
0.0214915 0.0223766 4 
0.0214845 0.0216464 4 
0.0214628 0.0232484 4 
0.0214558 0.0220625 4 
0.0214455 0.0219333 4 
0.0214441 0.0221792 4 
0.0213526 0.0232277 4 
0.0213519 0.0226739 4 
0.0213458 0.0222694 4 
0.0213345 0.0214976 4 
0.0213283 0.0219095 4 
0.0213108 0.0213114 4 
0.021308 0.0222505 4 
0.0212759 0.023083 4 
0.0212519 0.0216396 4 
0.0212445 0.0217176 4 
0.0212431 0.0235051 4 
0.0212324 0.0234363 4 
0.0212318 0.0232191 4 
0.0212306 0.0231848 4 
0.0212219 0.0218905 4 
0.0212114 0.0223144 4 
0.0212017 0.0230113 4 
0.0211606 0.0219377 4 
0.0211585 0.021266 4 
0.0211552 0.0230362 4 
0.0211536 0.0227217 4 
0.0211442 0.0237428 4 
0.0211393 0.021917 4 
0.0211391 0.0217495 4 
0.0211324 0.0222437 4 
0.0211162 0.0211654 4 
0.0211151 0.0219333 4 
0.0211144 0.021244 4 
0.0211098 0.0225441 4 
0.0210928 0.0211394 4 
0.0210758 0.0226263 4 
0.0210721 0.0222218 4 
0.0210666 0.021244 4 
0.0210394 0.0232815 4 
0.0210197 0.0229516 4 
0.0210172 0.0230362 4 
0.0209836 0.0217075 4 
0.0209816 0.0233162 4 
0.0209787 0.0214258 4 
0.0209753 0.0229394 4 
0.0209699 0.0221301 4 
0.0209682 0.0213321 4 
0.0209648 0.0228177 4 
0.0209553 0.0225441 4 
0.0209288 0.0214613 4 
0.0209196 0.0222437 4 
0.0209079 0.0222505 4 
0.0209063 0.0234597 4 
0.0209011 0.0212761 4 
0.0208958 0.0213487 4 
0.0208727 0.0209181 4 
0.0208626 0.0215374 4 
0.0208529 0.0210838 4 
0.0208525 0.0234597 4 
0.0208493 0.0216186 4 
0.0208333 0.0222356 4 
0.0208238 0.0219664 4 
0.0208188 0.0226633 4 
0.0206989 0.0231955 4 
0.0206908 0.0223779 4 
0.0206806 0.0219858 4 
0.0206801 0.0219377 4 
0.0206732 0.0233142 4 
0.0206592 0.0225449 4 
0.0206535 0.0213462 4 
0.0206418 0.0225398 4 
0.0206134 0.0207464 4 
0.0206026 0.0215404 4 
0.0205961 0.0218724 4 
0.0205919 0.0222831 4 
0.0205892 0.0241433 4 
0.0205607 0.0216083 4 
0.0205507 0.0226773 4 
0.0205483 0.0227879 4 
0.020548 0.0225449 4 
0.0205436 0.0214528 4 
0.02052 0.0224673 4 
0.0205176 0.0217898 4 
0.0204949 0.0220331 4 
0.0204846 0.0227603 4 
0.0204845 0.0226021 4 
0.020476 0.0216913 4 
0.0204677 0.0220045 4 
0.0204518 0.0204963 4 
0.0204514 0.0227879 4 
0.0204441 0.0225142 4 
0.0204355 0.0240101 4 
0.0204212 0.0227128 4 
0.0204206 0.0222831 4 
0.0204119 0.0226361 4 
0.0204065 0.0218349 4 
0.0203881 0.0226739 4 
0.0203736 0.0227603 4 
0.0203686 0.0218349 4 
0.0203683 0.021244 4 
0.0203034 0.0229885 4 
0.0202999 0.0209661 4 
0.0202988 0.0212918 4 
0.0202979 0.0226361 4 
0.0202955 0.0206874 4 
0.020272 0.0215404 4 
0.0202619 0.0230639 4 
0.020201 0.0218905 4 
0.0201097 0.0231709 4 
0.0200963 0.0226637 4 
0.0200923 0.0227235 4 
0.0200759 0.0226622 4 
0.0200676 0.021244 4 
0.0200489 0.0222259 4 
0.0200484 0.0231342 4 
0.0199973 0.022216 4 
0.0199784 0.0210411 4 
0.0199769 0.0214201 4 
0.0199316 0.0223816 4 
0.0198682 0.0223766 4 
0.019854 0.0211175 4 
0.0198332 0.0226238 4 
0.0198024 0.0233838 4 
0.0197942 0.0219969 4 
0.0197379 0.0205353 4 
0.0197161 0.0214071 4 
0.0193278 0.0214446 4 
0.0189176 0.020161 4 
0.0142231 0.0144484 5 
0.0131143 0.0134524 5 
0.0128697 0.0130274 5 
0.0127374 0.0128632 5 
0.0125844 0.0129901 5 
0.0124774 0.0129901 5 
0.0123298 0.0129375 5 
0.0123107 0.0125309 5 
0.0122668 0.0123093 5 
0.0122656 0.0125453 5 
0.0122287 0.0125683 5 
0.0120113 0.0125724 5 
0.0119575 0.0120471 5 
0.0118969 0.0120028 5 
0.0118066 0.0118441 5 
0.0118049 0.0118601 5 
0.0117957 0.0129785 5 
0.011784 0.0118543 5 
0.0117804 0.0118155 5 
0.0117784 0.0123047 5 
0.0117403 0.0120173 5 
0.011686 0.011801 5 
0.0116777 0.0118155 5 
0.0116378 0.0120942 5 
0.011613 0.0117803 5 
0.0115604 0.0127704 5 
0.0115252 0.0125129 5 
0.0115219 0.0119516 5 
0.0114468 0.0114719 5 
0.0114271 0.011688 5 
0.0114137 0.0115243 5 
0.0113603 0.0113651 5 
0.0112933 0.0113717 5 
0.0112866 0.0114321 5 
0.0112738 0.0114046 5 
0.0112443 0.0117578 5 
0.0112402 0.0119385 5 
0.0112308 0.0122705 5 
0.0112267 0.0112531 5 
0.0112198 0.01161 5 
0.0112134 0.0120567 5 
0.0112107 0.0123026 5 
0.0112079 0.0118558 5 
0.011207 0.0114125 5 
0.0112039 0.0114935 5 
0.0112022 0.011417 5 
0.0111901 0.0114953 5 
0.0111874 0.0114204 5 
0.0111848 0.0117939 5 
0.0111845 0.0112663 5 
0.0111799 0.011226 5 
0.0111581 0.0116162 5 
0.0111575 0.0113717 5 
0.0111443 0.0114678 5 
0.011127 0.0113114 5 
0.011124 0.0117296 5 
0.0111236 0.0115527 5 
0.0111162 0.0114187 5 
0.0110993 0.0114513 5 
0.0110963 0.0118766 5 
0.0110952 0.0113649 5 
0.0110882 0.0110925 5 
0.0110581 0.0113171 5 
0.0110545 0.0113717 5 
0.0110453 0.0112999 5 
0.0110441 0.0116974 5 
0.0110423 0.0112526 5 
0.0110283 0.0114037 5 
0.0110021 0.0129587 5 
0.0109647 0.0115551 5 
0.0109538 0.0116844 5 
0.0109537 0.0123093 5 
0.0109532 0.0113968 5 
0.0109527 0.0115762 5 
0.0109484 0.0115349 5 
0.0109195 0.0113982 5 
0.0109129 0.0110311 5 
0.0109062 0.0118666 5 
0.0108944 0.0115287 5 
0.0108897 0.0115349 5 
0.010886 0.0113728 5 
0.0108743 0.0108953 5 
0.0108525 0.0111023 5 
0.0108467 0.0110065 5 
0.0108391 0.0113649 5 
0.0108355 0.0119368 5 
0.0108256 0.0120462 5 
0.0108243 0.0109371 5 
0.010817 0.0118526 5 
0.0107966 0.0113796 5 
0.0107952 0.0120224 5 
0.0107931 0.0111648 5 
0.0107898 0.0109908 5 
0.0107796 0.010873 5 
0.010779 0.0120283 5 
0.0107723 0.0109829 5 
0.0107689 0.0113559 5 
0.0107537 0.0108833 5 
0.0107374 0.0115626 5 
0.0107227 0.0111969 5 
0.010703 0.0113938 5 
0.0106903 0.0116289 5 
0.0106876 0.0112137 5 
0.0106862 0.0107694 5 
0.0106775 0.0112158 5 
0.0106743 0.0108446 5 
0.0106559 0.0106978 5 
0.0106499 0.0108511 5 
0.0106105 0.0118155 5 
0.0106057 0.0107147 5 
0.0105874 0.0108511 5 
0.010587 0.0108216 5 
0.0105859 0.0114352 5 
0.0105812 0.0107849 5 
0.0105796 0.0114953 5 
0.0105509 0.0110611 5 
0.0105439 0.0113252 5 
0.0105397 0.0118912 5 
0.0105328 0.0113738 5 
0.0105262 0.0108511 5 
0.0105221 0.0115566 5 
0.010508 0.0110918 5 
0.0105077 0.0110677 5 
0.0104932 0.0114879 5 
0.0104903 0.0110415 5 
0.0104852 0.0116209 5 
0.010482 0.011446 5 
0.0104734 0.0105322 5 
0.0104688 0.0106153 5 
0.0104586 0.0117017 5 
0.0104552 0.0110684 5 
0.0104472 0.0108056 5 
0.010443 0.0105218 5 
0.0104324 0.0108239 5 
0.0104301 0.0107404 5 
0.0104293 0.0114279 5 
0.0104283 0.011486 5 
0.0104154 0.0111945 5 
0.0104079 0.0115697 5 
0.0103996 0.0113329 5 
0.0103868 0.010605 5 
0.0103846 0.0110164 5 
0.0103845 0.0111058 5 
0.0103825 0.0111486 5 
0.0103812 0.0111117 5 
0.0103736 0.0121384 5 
0.0103668 0.0116084 5 
0.0103653 0.0106315 5 
0.0103648 0.0108293 5 
0.010338 0.0112922 5 
0.0103333 0.011463 5 
0.0103311 0.0107849 5 
0.0103251 0.0110164 5 
0.0103247 0.0106153 5 
0.0103237 0.0110529 5 
0.0103113 0.0117633 5 
0.0102734 0.0112137 5 
0.0102712 0.0112349 5 
0.0102586 0.0111524 5 
0.0102547 0.0111991 5 
0.0102539 0.0116481 5 
0.0102538 0.0111117 5 
0.0102336 0.0115664 5 
0.0102204 0.0116779 5 
0.0102125 0.0107033 5 
0.0102083 0.0110931 5 
0.0102082 0.0116533 5 
0.010205 0.0103629 5 
0.0101987 0.0104666 5 
0.0101937 0.0107147 5 
0.0101912 0.0113824 5 
0.0101763 0.0121129 5 
0.0101681 0.0111524 5 
0.0101571 0.0103327 5 
0.0101535 0.0111698 5 
0.0101468 0.0108659 5 
0.0101452 0.0117695 5 
0.0101345 0.0116814 5 
0.0101026 0.0112764 5 
0.0100998 0.0115133 5 
0.0100858 0.0116776 5 
0.0100617 0.0101241 5 
0.0100481 0.0111171 5 
0.0100277 0.0113327 5 
0.0100117 0.0105322 5 
0.0100024 0.0107534 5 
0.00997831 0.0113252 5 
0.00996461 0.0111369 5 
0.00991224 0.010478 5 
0.0099025 0.0121218 5 
0.00989641 0.0106283 5 
0.00988762 0.0107721 5 
0.00985578 0.0108489 5 
0.00984416 0.0116269 5 
0.00982504 0.010643 5 
0.00978163 0.0111171 5 
0.00970288 0.0106389 5 
0.00969497 0.0104718 5 
0.0092914 0.00969432 5 
0.00902217 0.00919401 5 
0.00698307 0.00721629 6 
0.00666147 0.00671997 6 
0.00665581 0.00674874 6 
0.00659947 0.00695523 6 
0.00659344 0.0067583 6 
0.00653481 0.00663119 6 
0.00637228 0.00665573 6 
0.00631726 0.00643154 6 
0.00631663 0.006367 6 
0.00630526 0.00677152 6 
0.00628122 0.00634076 6 
0.00612939 0.00624497 6 
0.00611221 0.00627163 6 
0.00607906 0.00613815 6 
0.00605801 0.00606529 6 
0.00604926 0.00612803 6 
0.00602315 0.00654583 6 
0.00601236 0.00617206 6 
0.00599387 0.0063894 6 
0.00595398 0.00598719 6 
0.00593851 0.00613688 6 
0.00592105 0.00596478 6 
0.00591504 0.00604077 6 
0.00591063 0.00599092 6 
0.00587586 0.0059485 6 
0.00587145 0.00596694 6 
0.00586707 0.00596528 6 
0.00586508 0.00592514 6 
0.00586059 0.00620829 6 
0.00585744 0.00606776 6 
0.00584759 0.00595694 6 
0.00582704 0.00598719 6 
0.00582626 0.00630098 6 
0.00580513 0.00583184 6 
0.00579082 0.00599639 6 
0.00577311 0.006058 6 
0.00575696 0.00575958 6 
0.0057562 0.00618967 6 
0.00575111 0.00626637 6 
0.00574992 0.00575023 6 
0.00574207 0.00609046 6 
0.00573977 0.00611189 6 
0.00573846 0.00579433 6 
0.00572382 0.00587894 6 
0.0057212 0.00605885 6 
0.00571786 0.00603406 6 
0.00571563 0.0057693 6 
0.00570894 0.0058881 6 
0.00570254 0.00584644 6 
0.00569823 0.00572329 6 
0.00569526 0.00596694 6 
0.00569499 0.006367 6 
0.00567768 0.00570004 6 
0.00566697 0.00671577 6 
0.00566678 0.00637189 6 
0.00565742 0.00590257 6 
0.00565421 0.0059606 6 
0.00564967 0.00608206 6 
0.00564341 0.00582132 6 
0.0056386 0.00600266 6 
0.00563652 0.00578646 6 
0.00562964 0.00588584 6 
0.00561759 0.00613904 6 
0.0056076 0.00584644 6 
0.00560586 0.00579448 6 
0.00560013 0.00627406 6 
0.00559629 0.00568868 6 
0.00559239 0.00574579 6 
0.00559202 0.0057957 6 
0.00559073 0.00595168 6 
0.00556871 0.00578464 6 
0.00556568 0.00593445 6 
0.00555838 0.00635163 6 
0.00555726 0.00565192 6 
0.00554281 0.00591966 6 
0.00554251 0.00562064 6 
0.00553289 0.0060186 6 
0.00553251 0.00590257 6 
0.0055324 0.00558084 6 
0.00552183 0.00553956 6 
0.00551832 0.00565662 6 
0.00550793 0.00572894 6 
0.00550232 0.0059876 6 
0.00548565 0.00570415 6 
0.00547348 0.00564026 6 
0.00547021 0.00551625 6 
0.00546949 0.00553888 6 
0.00546183 0.00582132 6 
0.0054595 0.00566756 6 
0.00545076 0.00598443 6 
0.00544962 0.00606875 6 
0.005447 0.00586016 6 
0.00544676 0.00598153 6 
0.00544467 0.00598443 6 
0.00543584 0.00617449 6 
0.0054349 0.00583184 6 
0.00541724 0.00547423 6 
0.00541533 0.00574145 6 
0.00540651 0.00595694 6 
0.00540507 0.0054056 6 
0.00540293 0.00541724 6 
0.00539884 0.00553481 6 
0.00539123 0.00592962 6 
0.00538108 0.00589703 6 
0.00537747 0.00567242 6 
0.00537739 0.005568 6 
0.00537565 0.00591575 6 
0.00537184 0.00598971 6 
0.00536984 0.00553185 6 
0.00536567 0.00586984 6 
0.00536163 0.00548304 6 
0.00535555 0.00540801 6 
0.00534742 0.00561168 6 
0.00534327 0.00579267 6 
0.00534225 0.00550278 6 
0.0053399 0.00550278 6 
0.00533584 0.00539061 6 
0.00533291 0.00550141 6 
0.00532832 0.00536665 6 
0.00532758 0.00600374 6 
0.00531791 0.00570004 6 
0.00531725 0.00587675 6 
0.00531669 0.00575838 6 
0.00531552 0.00575578 6 
0.00531438 0.00556717 6 
0.00531375 0.00594262 6 
0.00531367 0.00582132 6 
0.00531237 0.0061422 6 
0.00531081 0.00580568 6 
0.00530636 0.00622007 6 
0.0053039 0.00568565 6 
0.00529838 0.00590226 6 
0.00529755 0.00529765 6 
0.00527975 0.00535045 6 
0.00527705 0.00533551 6 
0.0052758 0.00551016 6 
0.0052745 0.00591762 6 
0.00526549 0.00572894 6 
0.00526453 0.0062625 6 
0.00526346 0.00575643 6 
0.00525608 0.00541724 6 
0.00522972 0.00621847 6 
0.0052141 0.00567242 6 
0.00521261 0.00566143 6 
0.00519638 0.00583373 6 
0.00519637 0.00557742 6 
0.0051955 0.00564792 6 
0.00519249 0.00522163 6 
0.00518962 0.00565615 6 
0.0051882 0.00598018 6 
0.00518725 0.00568331 6 
0.00518356 0.00572204 6 
0.00517774 0.00591604 6 
0.00517443 0.00534367 6 
0.00517309 0.00564308 6 
0.00516648 0.00614753 6 
0.00515785 0.00613217 6 
0.00515602 0.00545071 6 
0.00514896 0.00539688 6 
0.00512947 0.00565413 6 
0.00511858 0.00547148 6 
0.00510526 0.00519697 6 
0.00510055 0.00577131 6 
0.00509998 0.00546784 6 
0.00506794 0.00565615 6 
0.00505921 0.00525877 6 
0.00504829 0.00583684 6 
0.00504759 0.00546658 6 
0.00504213 0.00628917 6 
0.0050348 0.00584644 6 
0.00500516 0.00540886 6 
0.00500477 0.00571231 6 
0.0050004 0.00560416 6 
0.00497951 0.00570316 6 
0.00497596 0.00553185 6 
0.0048489 0.00531551 6 
0.0046821 0.00477971 6 
0.00452538 0.00466209 6 
0.00375671 0.00382678 7 
0.00351137 0.00355614 7 
0.00350858 0.00356869 7 
0.00349599 0.00376574 7 
0.00342254 0.00356688 7 
0.00335749 0.00339938 7 
0.00334347 0.00337492 7 
0.00327866 0.00335392 7 
0.00321211 0.00326654 7 
0.0032111 0.00323732 7 
0.0031862 0.00320866 7 
0.00318484 0.00339525 7 
0.00316823 0.00331659 7 
0.00316443 0.0031995 7 
0.00315651 0.00316695 7 
0.00314399 0.00319932 7 
0.00313054 0.00318281 7 
0.00311416 0.00314021 7 
0.0031063 0.00318924 7 
0.00310436 0.0032517 7 
0.00309071 0.00315347 7 
0.00307745 0.00316695 7 
0.00307563 0.00309793 7 
0.00305953 0.00336596 7 
0.00305717 0.00311727 7 
0.00305482 0.00318127 7 
0.0030513 0.00308111 7 
0.00303457 0.00310807 7 
0.00302607 0.00314718 7 
0.00302515 0.00341751 7 
0.00301835 0.00303279 7 
0.00301599 0.00335392 7 
0.00301078 0.00301976 7 
0.00300937 0.00311625 7 
0.00300806 0.00316784 7 
0.00299828 0.00310385 7 
0.00299466 0.00323495 7 
0.00298847 0.00316073 7 
0.00298458 0.00321899 7 
0.00298389 0.00300891 7 
0.0029834 0.00311661 7 
0.00296299 0.00308085 7 
0.00296141 0.00298617 7 
0.00296118 0.0031218 7 
0.00296097 0.0032215 7 
0.00296061 0.00300972 7 
0.00296017 0.00322986 7 
0.00295845 0.00352972 7 
0.00295408 0.00298796 7 
0.00294967 0.00313968 7 
0.00294664 0.00314389 7 
0.00294646 0.00308163 7 
0.00293833 0.00303267 7 
0.00293776 0.00310371 7 
0.00292909 0.00302987 7 
0.00292837 0.00298796 7 
0.0029266 0.00295498 7 
0.00292563 0.00297778 7 
0.00292075 0.00297022 7 
0.00291676 0.00292081 7 
0.00291095 0.00331759 7 
0.00291034 0.00303554 7 
0.0029097 0.00308046 7 
0.00290957 0.00308239 7 
0.00290835 0.00317973 7 
0.00290243 0.00294999 7 
0.00290155 0.00300809 7 
0.00289991 0.00299178 7 
0.00289416 0.00305788 7 
0.00288398 0.00295498 7 
0.00288168 0.00311589 7 
0.00287388 0.00301679 7 
0.00287323 0.00295389 7 
0.00287317 0.00312362 7 
0.00287176 0.00294791 7 
0.00286648 0.00289564 7 
0.00286388 0.00289 7 
0.0028617 0.00291992 7 
0.0028547 0.00311362 7 
0.00285197 0.00318443 7 
0.00284902 0.00309346 7 
0.00284758 0.00289006 7 
0.00284706 0.00313056 7 
0.0028429 0.00298152 7 
0.00283783 0.00287032 7 
0.00283783 0.00303246 7 
0.00283178 0.00306606 7 
0.00282545 0.00312569 7 
0.00282331 0.00296157 7 
0.00282229 0.00304041 7 
0.00282223 0.00312569 7 
0.00281803 0.00284604 7 
0.00281734 0.00297394 7 
0.00281171 0.00293698 7 
0.00280681 0.00311727 7 
0.00280505 0.00306606 7 
0.00280373 0.00318281 7 
0.00280137 0.00308272 7 
0.00279767 0.0029073 7 
0.00279383 0.00282704 7 
0.0027893 0.00309354 7 
0.00278368 0.00280792 7 
0.0027818 0.00290267 7 
0.00278137 0.00304572 7 
0.00277179 0.0029171 7 
0.00276818 0.00298152 7 
0.00275799 0.0027733 7 
0.00274669 0.0030297 7 
0.00274552 0.00297613 7 
0.00274394 0.00301873 7 
0.00274378 0.00280189 7 
0.0027408 0.00290559 7 
0.00273969 0.00328452 7 
0.00273727 0.00292034 7 
0.00273167 0.00294791 7 
0.00272739 0.00322662 7 
0.00272669 0.00297891 7 
0.00272449 0.00272874 7 
0.00272206 0.00293937 7 
0.00272016 0.00330051 7 
0.00271994 0.00281296 7 
0.00271585 0.00300993 7 
0.00271289 0.00308518 7 
0.00271139 0.00294128 7 
0.00270934 0.00276913 7 
0.00270907 0.00303246 7 
0.00270751 0.00287165 7 
0.00270654 0.00316252 7 
0.00270512 0.00282693 7 
0.00270196 0.00303801 7 
0.00269924 0.0029171 7 
0.00269867 0.00323006 7 
0.00269667 0.00287852 7 
0.00269358 0.00296157 7 
0.00268919 0.00291203 7 
0.00268861 0.00296546 7 
0.00267886 0.00279264 7 
0.0026719 0.00293436 7 
0.00267135 0.0032228 7 
0.00266319 0.0028603 7 
0.00265892 0.00283449 7 
0.00265769 0.00287311 7 
0.00263691 0.00280102 7 
0.00263687 0.00265606 7 
0.00263425 0.00305984 7 
0.00262592 0.0032593 7 
0.00262491 0.00264507 7 
0.00261746 0.00297479 7 
0.00261535 0.00298563 7 
0.00260739 0.00297621 7 
0.00260461 0.00266992 7 
0.00259296 0.00278495 7 
0.00258662 0.00293747 7 
0.00258048 0.00300581 7 
0.00257778 0.00297504 7 
0.00257551 0.00298152 7 
0.00256894 0.00280399 7 
0.00254502 0.00281296 7 
0.00246543 0.00264941 7 
0.00240601 0.00240775 7 
0.00234079 0.00241276 7 
0.00203577 0.00204793 8 
0.00190505 0.0019276 8 
0.00187863 0.00190061 8 
0.00186709 0.00204796 8 
0.00179782 0.00181128 8 
0.00176681 0.00177541 8 
0.00171271 0.00178394 8 
0.00170379 0.00177803 8 
0.00169664 0.00174623 8 
0.00167574 0.00168265 8 
0.00166823 0.00169166 8 
0.00166688 0.00169446 8 
0.00166139 0.00172681 8 
0.00165935 0.00166519 8 
0.00164801 0.00167782 8 
0.00164415 0.00165523 8 
0.00164411 0.00168233 8 
0.00163906 0.00185228 8 
0.00162239 0.00181364 8 
0.00162183 0.00178394 8 
0.00161098 0.00164365 8 
0.0016084 0.0016161 8 
0.00160755 0.00167237 8 
0.00160644 0.00161385 8 
0.00160552 0.00165818 8 
0.00160514 0.00163941 8 
0.00160045 0.00165273 8 
0.00159793 0.00164331 8 
0.00159679 0.00172911 8 
0.00158701 0.00168661 8 
0.00158424 0.00162031 8 
0.00158278 0.00161646 8 
0.00158252 0.00163418 8 
0.00157915 0.00168852 8 
0.00157832 0.00168661 8 
0.0015779 0.00164401 8 
0.00157576 0.00158052 8 
0.00157559 0.00162076 8 
0.00157519 0.00164672 8 
0.0015748 0.00168017 8 
0.00157158 0.00161398 8 
0.00156781 0.0016773 8 
0.00156105 0.00185847 8 
0.00155954 0.00157682 8 
0.00155821 0.00162356 8 
0.00155783 0.001618 8 
0.00155714 0.00161193 8 
0.00155005 0.00161073 8 
0.00154971 0.00175971 8 
0.00154909 0.00160579 8 
0.00154841 0.00158338 8 
0.00154669 0.00160496 8 
0.00154619 0.00155944 8 
0.00154348 0.00155079 8 
0.00153727 0.00161161 8 
0.00153397 0.00161398 8 
0.00153077 0.00164645 8 
0.00152871 0.00167945 8 
0.0015254 0.00153065 8 
0.00152411 0.00159117 8 
0.00152038 0.00152552 8 
0.00151958 0.00156033 8 
0.0015195 0.00164284 8 
0.00151758 0.00154758 8 
0.00151601 0.00165523 8 
0.00151555 0.0015724 8 
0.00151504 0.00161161 8 
0.00151398 0.00157442 8 
0.00151364 0.00157458 8 
0.00150914 0.00156542 8 
0.00150909 0.00156392 8 
0.0015047 0.0015317 8 
0.00150017 0.00157458 8 
0.00150011 0.00163941 8 
0.00149898 0.00163393 8 
0.0014987 0.00158633 8 
0.0014982 0.00166335 8 
0.00149815 0.00158458 8 
0.00149746 0.0015237 8 
0.00149317 0.00150505 8 
0.00149058 0.00155615 8 
0.00149014 0.00166017 8 
0.00148848 0.00157434 8 
0.00148807 0.00153258 8 
0.00148669 0.00161524 8 
0.00148647 0.00161363 8 
0.00148627 0.00158676 8 
0.00148491 0.00156948 8 
0.00148319 0.00165082 8 
0.00147616 0.00161385 8 
0.00147306 0.00162885 8 
0.00146611 0.00148921 8 
0.00145877 0.0014932 8 
0.00144971 0.00158891 8 
0.00144749 0.0016944 8 
0.00144635 0.0014788 8 
0.00144631 0.00175574 8 
0.00144504 0.00144735 8 
0.00144322 0.00157162 8 
0.00144286 0.00155821 8 
0.00144111 0.00157434 8 
0.0014395 0.00156792 8 
0.00143882 0.00149475 8 
0.00143792 0.00167769 8 
0.00143663 0.00149366 8 
0.00143013 0.00153178 8 
0.00142914 0.00157803 8 
0.00142781 0.0017262 8 
0.00142756 0.00157939 8 
0.00142677 0.00158338 8 
0.00142327 0.00151313 8 
0.00141953 0.00159705 8 
0.00141799 0.00175331 8 
0.00141785 0.00147506 8 
0.00141754 0.0015338 8 
0.00141434 0.00151774 8 
0.00141052 0.00143624 8 
0.00140927 0.00151606 8 
0.0014091 0.00151774 8 
0.00140818 0.00150504 8 
0.00140447 0.00156036 8 
0.00140398 0.00150504 8 
0.0014037 0.0016142 8 
0.00140342 0.00163276 8 
0.00139973 0.00141056 8 
0.00139948 0.00145451 8 
0.00139712 0.0014485 8 
0.00139686 0.00168671 8 
0.00139609 0.00154708 8 
0.00138963 0.00149 8 
0.00138931 0.00170993 8 
0.00138403 0.00150524 8 
0.00138268 0.00144367 8 
0.00137843 0.00149994 8 
0.00136837 0.00156303 8 
0.00136185 0.00137418 8 
0.00135737 0.00153828 8 
0.00135478 0.00153416 8 
0.00135285 0.00155001 8 
0.00135111 0.00157434 8 
0.00134622 0.00136871 8 
0.00134462 0.00158379 8 
0.0013291 0.00147515 8 
0.00132737 0.00159621 8 
0.0013254 0.00145914 8 
0.00131847 0.0014485 8 
0.00126915 0.0013598 8 
0.00123685 0.00126855 8 
0.00104189 0.00105418 9 
0.00100384 0.00109954 9 
0.000974481 0.000978382 9 
0.000920109 0.000938587 9 
0.000918053 0.000923859 9 
0.000904623 0.000925945 9 
0.000903307 0.000905452 9 
0.000899615 0.000945884 9 
0.000898185 0.000983847 9 
0.000896592 0.000927515 9 
0.000884718 0.000907415 9 
0.000883365 0.000945884 9 
0.000882304 0.000890024 9 
0.000881112 0.000895458 9 
0.000881092 0.000902102 9 
0.000869714 0.000931708 9 
0.000866932 0.000887082 9 
0.000866895 0.000983509 9 
0.00086603 0.000871649 9 
0.000864422 0.000865641 9 
0.00086213 0.000884241 9 
0.000859744 0.000883127 9 
0.000858823 0.000871251 9 
0.000849188 0.000870231 9 
0.00084897 0.000870279 9 
0.000848423 0.000871076 9 
0.000847303 0.000870279 9 
0.000847188 0.000865868 9 
0.000846348 0.000848949 9 
0.00084511 0.000892059 9 
0.000843935 0.000857138 9 
0.000842814 0.00085135 9 
0.000841909 0.000889525 9 
0.000838824 0.000880179 9 
0.000838285 0.000844934 9 
0.00083728 0.000954186 9 
0.000835371 0.000871076 9 
0.000833849 0.000900361 9 
0.00083101 0.00098059 9 
0.000830379 0.000890024 9 
0.000829814 0.000900349 9 
0.000829346 0.000854435 9 
0.000828943 0.000843866 9 
0.000828327 0.00085602 9 
0.000827043 0.000832729 9 
0.000825378 0.000846268 9 
0.0008244 0.000857137 9 
0.000824111 0.000829692 9 
0.000823659 0.000857109 9 
0.000823249 0.000834548 9 
0.000823123 0.000851413 9 
0.000822838 0.000877289 9 
0.000819412 0.000847393 9 
0.000817092 0.000830449 9 
0.000814054 0.000868684 9 
0.000813654 0.00083455 9 
0.000812472 0.000847393 9 
0.000810913 0.000872285 9 
0.000809012 0.000840928 9 
0.000807128 0.000843099 9 
0.000804959 0.000850564 9 
0.000803642 0.000835789 9 
0.000802695 0.000888451 9 
0.000801905 0.000894931 9 
0.00079967 0.000848214 9 
0.000799623 0.000803616 9 
0.000799606 0.000830808 9 
0.000799175 0.000876635 9 
0.000797037 0.000807131 9 
0.000794035 0.000837108 9 
0.00079349 0.00080397 9 
0.000790642 0.00079456 9 
0.000790026 0.000836797 9 
0.000788506 0.000840928 9 
0.000787935 0.000878322 9 
0.000786733 0.000877346 9 
0.00078645 0.000828912 9 
0.000785551 0.000871649 9 
0.000784766 0.000914497 9 
0.000784761 0.000848627 9 
0.000779591 0.000827276 9 
0.000777078 0.000834956 9 
0.000776057 0.000929139 9 
0.000775042 0.00083255 9 
0.000773762 0.000803107 9 
0.000773526 0.000786857 9 
0.000769994 0.000848718 9 
0.000768961 0.000786888 9 
0.000768813 0.000842005 9 
0.00076754 0.000772229 9 
0.000764514 0.000878481 9 
0.000762773 0.000851657 9 
0.000762576 0.000851413 9 
0.000761752 0.000791184 9 
0.000761573 0.000830181 9 
0.00076097 0.000836975 9 
0.000759576 0.000931612 9 
0.000758957 0.00085135 9 
0.000758851 0.000814163 9 
0.000757479 0.000786891 9 
0.000754844 0.000812188 9 
0.00075391 0.000837488 9 
0.000752419 0.000763534 9 
0.000751229 0.000841518 9 
0.000749356 0.000749787 9 
0.000744752 0.000754111 9 
0.000744508 0.000912194 9 
0.000744332 0.000939848 9 
0.000744229 0.000845418 9 
0.000741916 0.000814826 9 
0.000740158 0.000796888 9 
0.000739991 0.000788127 9 
0.000739718 0.000755859 9 
0.000737338 0.00088445 9 
0.000734909 0.000826703 9 
0.000734064 0.000778139 9 
0.000732008 0.000864257 9 
0.000729527 0.000796888 9 
0.000728798 0.000831158 9 
0.000726712 0.000753719 9 
0.000726221 0.000755354 9 
0.000724896 0.000813977 9 
0.000723678 0.000791108 9 
0.000719272 0.000777361 9 
0.000716772 0.000816857 9 
0.000716653 0.000804148 9 
0.000715838 0.000793162 9 
0.000714947 0.000845522 9 
0.000712936 0.00079456 9 
0.000710401 0.000850607 9 
0.000710187 0.00084664 9 
0.000698435 0.000714284 9 
0.000694324 0.000794355 9 
0.000691718 0.000753719 9 
0.000686724 0.000770036 9 
0.00066499 0.000675356 9 
0.000660167 0.000707218 9 
