0.523421 0.541782 0 
0.522779 0.540432 0 
0.522158 0.535087 0 
0.521964 0.541156 0 
0.521879 0.541044 0 
0.521699 0.539048 0 
0.52167 0.541387 0 
0.521616 0.541024 0 
0.521604 0.541754 0 
0.52154 0.536862 0 
0.521381 0.540986 0 
0.52107 0.522169 0 
0.520814 0.521795 0 
0.520756 0.542062 0 
0.520484 0.523927 0 
0.520146 0.540633 0 
0.520131 0.520343 0 
0.520122 0.540154 0 
0.520038 0.543943 0 
0.519962 0.541705 0 
0.519937 0.541893 0 
0.519921 0.540333 0 
0.519897 0.521818 0 
0.519874 0.542345 0 
0.51984 0.542093 0 
0.519832 0.541387 0 
0.519812 0.541706 0 
0.519732 0.541706 0 
0.519669 0.522511 0 
0.519665 0.543127 0 
0.519457 0.539973 0 
0.519445 0.542365 0 
0.519411 0.519461 0 
0.519394 0.539112 0 
0.519201 0.542414 0 
0.519147 0.519372 0 
0.519129 0.521178 0 
0.51903 0.539888 0 
0.519014 0.542131 0 
0.518981 0.541084 0 
0.518905 0.539406 0 
0.518857 0.539048 0 
0.518669 0.541419 0 
0.518659 0.540982 0 
0.518653 0.540899 0 
0.518538 0.519926 0 
0.518533 0.519252 0 
0.518503 0.54214 0 
0.518501 0.519406 0 
0.518423 0.519081 0 
0.518401 0.518408 0 
0.518365 0.541001 0 
0.518357 0.539762 0 
0.51835 0.519977 0 
0.518334 0.542164 0 
0.51829 0.519549 0 
0.518252 0.54058 0 
0.518194 0.5407 0 
0.518186 0.540408 0 
0.518184 0.541785 0 
0.518178 0.54183 0 
0.518169 0.543007 0 
0.518123 0.540159 0 
0.518109 0.518227 0 
0.518109 0.540154 0 
0.518048 0.542168 0 
0.518014 0.519153 0 
0.518013 0.518968 0 
0.517969 0.522907 0 
0.517966 0.540265 0 
0.517958 0.5421 0 
0.517939 0.538782 0 
0.517936 0.518408 0 
0.517917 0.539942 0 
0.517896 0.542881 0 
0.517859 0.518152 0 
0.517856 0.518637 0 
0.51784 0.540333 0 
0.517818 0.520528 0 
0.517814 0.518829 0 
0.5178 0.519089 0 
0.517784 0.542615 0 
0.517753 0.544204 0 
0.517752 0.518663 0 
0.517692 0.539048 0 
0.517669 0.542085 0 
0.517626 0.541706 0 
0.51762 0.543132 0 
0.517606 0.54058 0 
0.517536 0.54183 0 
0.517532 0.54397 0 
0.517504 0.540899 0 
0.517503 0.519549 0 
0.517485 0.521795 0 
0.517411 0.520722 0 
0.517299 0.517871 0 
0.517298 0.519371 0 
0.517269 0.51769 0 
0.517213 0.539029 0 
0.517205 0.517871 0 
0.517196 0.539048 0 
0.517175 0.517249 0 
0.517163 0.537716 0 
0.517087 0.540009 0 
0.517063 0.538333 0 
0.517062 0.520584 0 
0.517057 0.541129 0 
0.517034 0.540159 0 
0.517028 0.543493 0 
0.517016 0.540333 0 
0.517016 0.517058 0 
0.516947 0.545042 0 
0.516943 0.516999 0 
0.516879 0.538333 0 
0.516828 0.540246 0 
0.516795 0.539112 0 
0.516749 0.540899 0 
0.516741 0.517249 0 
0.516723 0.518724 0 
0.5167 0.517864 0 
0.516686 0.539973 0 
0.516628 0.518741 0 
0.516613 0.542829 0 
0.516597 0.520343 0 
0.516588 0.518419 0 
0.516562 0.541817 0 
0.516553 0.518637 0 
0.516525 0.543206 0 
0.51651 0.542168 0 
0.516446 0.519696 0 
0.516442 0.517801 0 
0.516416 0.519102 0 
0.516402 0.541129 0 
0.516393 0.516863 0 
0.516392 0.518187 0 
0.516391 0.516482 0 
0.516377 0.516593 0 
0.516374 0.537098 0 
0.516363 0.541024 0 
0.51636 0.517249 0 
0.516357 0.537716 0 
0.516347 0.539952 0 
0.516319 0.518783 0 
0.516316 0.54366 0 
0.516298 0.51906 0 
0.516296 0.539549 0 
0.516284 0.518968 0 
0.516282 0.517244 0 
0.516227 0.541526 0 
0.516118 0.540265 0 
0.516075 0.517235 0 
0.516012 0.54184 0 
0.515971 0.517642 0 
0.515963 0.51906 0 
0.515958 0.516847 0 
0.515955 0.541868 0 
0.515911 0.538723 0 
0.515901 0.518907 0 
0.515899 0.518187 0 
0.515886 0.51992 0 
0.515843 0.543678 0 
0.515843 0.518896 0 
0.515711 0.517524 0 
0.515706 0.521885 0 
0.515691 0.51784 0 
0.515672 0.539493 0 
0.515598 0.539847 0 
0.515572 0.542945 0 
0.515559 0.541505 0 
0.51554 0.5171 0 
0.515517 0.516854 0 
0.515488 0.515649 0 
0.515482 0.542197 0 
0.515466 0.519126 0 
0.515455 0.518637 0 
0.515443 0.518637 0 
0.515436 0.520343 0 
0.515431 0.517379 0 
0.515387 0.517801 0 
0.51537 0.517231 0 
0.515352 0.516756 0 
0.515335 0.519596 0 
0.515331 0.543193 0 
0.515323 0.516189 0 
0.515319 0.539942 0 
0.515317 0.537098 0 
0.51529 0.517252 0 
0.515287 0.517149 0 
0.515236 0.542168 0 
0.515224 0.538723 0 
0.515221 0.539186 0 
0.515193 0.540358 0 
0.515124 0.519202 0 
0.515119 0.518985 0 
0.515052 0.539186 0 
0.515041 0.54382 0 
0.515036 0.51657 0 
0.51502 0.519911 0 
0.515019 0.51545 0 
0.515003 0.540154 0 
0.51498 0.516772 0 
0.514967 0.517575 0 
0.514952 0.520678 0 
0.514924 0.540596 0 
0.514922 0.540333 0 
0.51491 0.516869 0 
0.514909 0.541782 0 
0.514903 0.518724 0 
0.514885 0.535087 0 
0.51488 0.515004 0 
0.514858 0.517278 0 
0.514854 0.520637 0 
0.514816 0.537259 0 
0.514804 0.542461 0 
0.514777 0.542168 0 
0.514723 0.542721 0 
0.514709 0.517049 0 
0.514702 0.537716 0 
0.514693 0.519642 0 
0.51469 0.517235 0 
0.514677 0.53832 0 
0.514668 0.540333 0 
0.514642 0.517801 0 
0.514611 0.515282 0 
0.51456 0.514781 0 
0.514556 0.519713 0 
0.514536 0.541665 0 
0.514528 0.543351 0 
0.514518 0.518896 0 
0.514515 0.519027 0 
0.514502 0.515405 0 
0.514477 0.518836 0 
0.514461 0.514767 0 
0.514453 0.543042 0 
0.514385 0.521124 0 
0.514379 0.541763 0 
0.514375 0.51825 0 
0.514317 0.518622 0 
0.514296 0.540596 0 
0.51429 0.541106 0 
0.514279 0.521913 0 
0.51425 0.518411 0 
0.514242 0.541691 0 
0.514226 0.54262 0 
0.514213 0.51784 0 
0.514213 0.514711 0 
0.514213 0.539048 0 
0.514203 0.519027 0 
0.514183 0.518041 0 
0.514181 0.537743 0 
0.514159 0.540596 0 
0.514156 0.515132 0 
0.514155 0.540333 0 
0.514141 0.544465 0 
0.514138 0.519596 0 
0.514107 0.518377 0 
0.514063 0.515387 0 
0.514027 0.51543 0 
0.513999 0.515484 0 
0.513984 0.519371 0 
0.513977 0.519202 0 
0.513966 0.537098 0 
0.513952 0.518566 0 
0.513949 0.541826 0 
0.513914 0.51992 0 
0.513905 0.51897 0 
0.513892 0.51722 0 
0.513883 0.518566 0 
0.513875 0.519313 0 
0.513868 0.540995 0 
0.513846 0.518544 0 
0.513825 0.516049 0 
0.513799 0.539888 0 
0.513795 0.543983 0 
0.513794 0.515211 0 
0.513766 0.541893 0 
0.513754 0.539973 0 
0.513744 0.519252 0 
0.513714 0.540633 0 
0.513714 0.540408 0 
0.513707 0.519642 0 
0.513681 0.515692 0 
0.51368 0.5407 0 
0.513666 0.537743 0 
0.513654 0.52179 0 
0.513618 0.52179 0 
0.513599 0.517587 0 
0.513566 0.541752 0 
0.513563 0.542397 0 
0.513562 0.515422 0 
0.513545 0.542243 0 
0.513536 0.542459 0 
0.513511 0.514194 0 
0.513483 0.519102 0 
0.51348 0.519713 0 
0.513421 0.516482 0 
0.513382 0.520722 0 
0.513376 0.520637 0 
0.51335 0.519372 0 
0.513326 0.521156 0 
0.513314 0.537363 0 
0.513314 0.520574 0 
0.513311 0.542341 0 
0.513296 0.519406 0 
0.513262 0.541173 0 
0.513243 0.520854 0 
0.513189 0.52226 0 
0.513186 0.51825 0 
0.513163 0.521108 0 
0.513154 0.521127 0 
0.513145 0.520528 0 
0.513115 0.545848 0 
0.513087 0.537259 0 
0.51308 0.540432 0 
0.513054 0.537716 0 
0.513044 0.519252 0 
0.513007 0.543589 0 
0.512993 0.519081 0 
0.512988 0.539112 0 
0.512984 0.539048 0 
0.512974 0.519872 0 
0.512947 0.539942 0 
0.512946 0.521133 0 
0.512931 0.54058 0 
0.512914 0.541505 0 
0.512891 0.544343 0 
0.512871 0.513998 0 
0.51286 0.540633 0 
0.512847 0.52028 0 
0.512829 0.515223 0 
0.512812 0.541912 0 
0.512797 0.521127 0 
0.512791 0.520854 0 
0.512779 0.539973 0 
0.512754 0.540395 0 
0.512748 0.540454 0 
0.512743 0.542461 0 
0.512734 0.540899 0 
0.51273 0.540357 0 
0.512729 0.540522 0 
0.512715 0.543337 0 
0.512706 0.539112 0 
0.512705 0.514767 0 
0.512672 0.54088 0 
0.51264 0.542741 0 
0.512636 0.516183 0 
0.512615 0.515811 0 
0.512516 0.539847 0 
0.512486 0.541798 0 
0.512455 0.542093 0 
0.512436 0.539112 0 
0.512431 0.536862 0 
0.512428 0.537716 0 
0.512408 0.541387 0 
0.512402 0.512403 0 
0.512387 0.535087 0 
0.512306 0.54099 0 
0.512248 0.521133 0 
0.512236 0.543707 0 
0.512207 0.540333 0 
0.512184 0.541068 0 
0.512174 0.54324 0 
0.512158 0.522189 0 
0.512149 0.543858 0 
0.512146 0.540246 0 
0.512114 0.542683 0 
0.512112 0.537098 0 
0.512091 0.540161 0 
0.512082 0.541084 0 
0.512039 0.540871 0 
0.511995 0.522072 0 
0.511988 0.53832 0 
0.511976 0.516873 0 
0.511966 0.54099 0 
0.511931 0.520574 0 
0.511884 0.512471 0 
0.511853 0.541826 0 
0.511765 0.54058 0 
0.511706 0.537363 0 
0.511687 0.542536 0 
0.511681 0.513018 0 
0.511661 0.540265 0 
0.511654 0.541129 0 
0.511653 0.522434 0 
0.511573 0.543042 0 
0.511558 0.545018 0 
0.511534 0.519895 0 
0.511489 0.542829 0 
0.511475 0.537098 0 
0.51132 0.539755 0 
0.511275 0.543053 0 
0.511266 0.516983 0 
0.5112 0.52171 0 
0.511174 0.537743 0 
0.511168 0.522907 0 
0.511119 0.54137 0 
0.511108 0.539762 0 
0.511093 0.53832 0 
0.511068 0.542875 0 
0.511059 0.542842 0 
0.511056 0.544399 0 
0.510943 0.53832 0 
0.510931 0.544405 0 
0.510919 0.539762 0 
0.510861 0.545196 0 
0.510811 0.520893 0 
0.510669 0.514005 0 
0.510487 0.539952 0 
0.510419 0.542121 0 
0.510375 0.539888 0 
0.51032 0.540949 0 
0.510276 0.544472 0 
0.510259 0.544177 0 
0.510229 0.54099 0 
0.510049 0.541297 0 
0.509999 0.53832 0 
0.509908 0.541002 0 
0.509872 0.542502 0 
0.509618 0.544127 0 
0.509417 0.544859 0 
0.509392 0.544915 0 
0.509288 0.545221 0 
0.509196 0.542054 0 
0.508579 0.544455 0 
0.507378 0.545653 0 
0.217973 0.225723 1 
0.217135 0.226863 1 
0.216896 0.223897 1 
0.216627 0.219445 1 
0.216407 0.227545 1 
0.216013 0.228574 1 
0.215358 0.223316 1 
0.215295 0.22317 1 
0.215091 0.222137 1 
0.215066 0.224547 1 
0.215051 0.224069 1 
0.214998 0.224008 1 
0.214982 0.222216 1 
0.214848 0.223249 1 
0.214777 0.222369 1 
0.21467 0.23093 1 
0.214565 0.22437 1 
0.214551 0.223917 1 
0.214481 0.224741 1 
0.21443 0.226496 1 
0.214396 0.221887 1 
0.21431 0.227211 1 
0.214234 0.223155 1 
0.214224 0.224319 1 
0.214177 0.225524 1 
0.214118 0.221864 1 
0.214105 0.225635 1 
0.214011 0.223268 1 
0.214003 0.225526 1 
0.213792 0.227183 1 
0.213714 0.223155 1 
0.213702 0.225572 1 
0.213614 0.225024 1 
0.213565 0.220719 1 
0.213414 0.225801 1 
0.213324 0.225603 1 
0.213296 0.222255 1 
0.213272 0.224506 1 
0.213271 0.222288 1 
0.213268 0.22326 1 
0.213251 0.224913 1 
0.213247 0.223669 1 
0.213209 0.225024 1 
0.21318 0.224427 1 
0.21317 0.221864 1 
0.213165 0.223217 1 
0.213112 0.223249 1 
0.213033 0.223987 1 
0.212971 0.225636 1 
0.212969 0.223375 1 
0.212949 0.221211 1 
0.212911 0.216575 1 
0.212884 0.225333 1 
0.212876 0.222158 1 
0.212766 0.224283 1 
0.212728 0.223917 1 
0.212695 0.224656 1 
0.212623 0.222255 1 
0.212585 0.219445 1 
0.212498 0.224913 1 
0.212435 0.223396 1 
0.212388 0.218886 1 
0.212378 0.222686 1 
0.212375 0.227178 1 
0.212307 0.222288 1 
0.212231 0.227097 1 
0.212202 0.219852 1 
0.212201 0.220851 1 
0.212193 0.225086 1 
0.212137 0.221123 1 
0.212036 0.221831 1 
0.212025 0.223798 1 
0.211992 0.226243 1 
0.211962 0.218785 1 
0.211955 0.225885 1 
0.211955 0.221878 1 
0.211931 0.222286 1 
0.211924 0.226916 1 
0.21192 0.223885 1 
0.211912 0.221656 1 
0.211884 0.222686 1 
0.211851 0.222764 1 
0.211804 0.222137 1 
0.211568 0.221831 1 
0.211532 0.228312 1 
0.211451 0.220851 1 
0.211385 0.221276 1 
0.211309 0.219467 1 
0.211304 0.224552 1 
0.211239 0.223681 1 
0.211229 0.221831 1 
0.211225 0.213787 1 
0.211124 0.224656 1 
0.211116 0.22591 1 
0.211054 0.217433 1 
0.210997 0.220367 1 
0.210975 0.219467 1 
0.210967 0.226834 1 
0.210961 0.225572 1 
0.210929 0.224036 1 
0.210834 0.227343 1 
0.2108 0.219445 1 
0.210793 0.22718 1 
0.210584 0.22369 1 
0.210518 0.223803 1 
0.210508 0.214035 1 
0.210489 0.220851 1 
0.210465 0.222664 1 
0.210448 0.220288 1 
0.210438 0.220531 1 
0.21042 0.218886 1 
0.210336 0.221955 1 
0.210242 0.225683 1 
0.210221 0.222286 1 
0.210204 0.225377 1 
0.210146 0.220288 1 
0.210084 0.223798 1 
0.210008 0.224984 1 
0.209964 0.226807 1 
0.209963 0.219396 1 
0.209958 0.224154 1 
0.209954 0.226109 1 
0.209952 0.227087 1 
0.20993 0.216911 1 
0.209927 0.22421 1 
0.209858 0.219445 1 
0.209712 0.224036 1 
0.209644 0.21129 1 
0.209626 0.221276 1 
0.209588 0.224118 1 
0.209562 0.209662 1 
0.209561 0.220288 1 
0.209549 0.217009 1 
0.2095 0.217009 1 
0.20943 0.210027 1 
0.209366 0.221568 1 
0.209295 0.228012 1 
0.209256 0.222664 1 
0.209249 0.223897 1 
0.209201 0.228321 1 
0.2091 0.22367 1 
0.209091 0.219445 1 
0.209031 0.224096 1 
0.209022 0.227024 1 
0.208984 0.220851 1 
0.208952 0.219852 1 
0.208947 0.223681 1 
0.208887 0.209263 1 
0.208845 0.22492 1 
0.208769 0.210289 1 
0.208728 0.213851 1 
0.208724 0.210533 1 
0.208709 0.224545 1 
0.208661 0.221955 1 
0.208622 0.210429 1 
0.208551 0.209826 1 
0.208463 0.219467 1 
0.208448 0.216911 1 
0.208393 0.208517 1 
0.208385 0.212307 1 
0.208372 0.210575 1 
0.208183 0.210816 1 
0.208174 0.227287 1 
0.208143 0.208923 1 
0.208095 0.221277 1 
0.208091 0.208585 1 
0.208045 0.228131 1 
0.208044 0.223723 1 
0.208043 0.219351 1 
0.208041 0.208064 1 
0.208033 0.208887 1 
0.208025 0.22102 1 
0.208003 0.208438 1 
0.207966 0.214035 1 
0.207909 0.220478 1 
0.207888 0.217009 1 
0.207876 0.220851 1 
0.207855 0.217009 1 
0.207803 0.22353 1 
0.20775 0.217433 1 
0.207742 0.223356 1 
0.207741 0.208356 1 
0.207641 0.227468 1 
0.207641 0.22425 1 
0.207621 0.208157 1 
0.207563 0.219467 1 
0.207539 0.219353 1 
0.207526 0.207773 1 
0.207465 0.222834 1 
0.207438 0.221873 1 
0.207438 0.223927 1 
0.20735 0.220367 1 
0.20735 0.209523 1 
0.207336 0.222255 1 
0.207293 0.221656 1 
0.20728 0.219822 1 
0.207262 0.208141 1 
0.20721 0.208578 1 
0.207201 0.224157 1 
0.207179 0.211705 1 
0.207175 0.225185 1 
0.207172 0.207646 1 
0.207151 0.225042 1 
0.207144 0.217839 1 
0.207134 0.222715 1 
0.207097 0.221887 1 
0.207097 0.207582 1 
0.207081 0.207858 1 
0.207049 0.211099 1 
0.207041 0.209645 1 
0.206983 0.208449 1 
0.206941 0.207471 1 
0.206929 0.223107 1 
0.20692 0.208456 1 
0.206846 0.224713 1 
0.206817 0.221955 1 
0.206791 0.210058 1 
0.206776 0.207773 1 
0.206766 0.221614 1 
0.206746 0.208064 1 
0.206667 0.209695 1 
0.206649 0.208996 1 
0.206638 0.221211 1 
0.206637 0.209255 1 
0.206627 0.208859 1 
0.206614 0.207691 1 
0.206604 0.222137 1 
0.206593 0.208282 1 
0.206536 0.221213 1 
0.206507 0.224706 1 
0.206477 0.222482 1 
0.206458 0.208183 1 
0.206415 0.210666 1 
0.206414 0.2218 1 
0.20641 0.223672 1 
0.206398 0.210002 1 
0.206392 0.206661 1 
0.206359 0.221277 1 
0.206353 0.224706 1 
0.206338 0.209233 1 
0.206335 0.206369 1 
0.206334 0.2068 1 
0.206321 0.208414 1 
0.206313 0.224946 1 
0.206296 0.219822 1 
0.206295 0.222082 1 
0.20629 0.216911 1 
0.206288 0.210516 1 
0.206287 0.210423 1 
0.206264 0.219351 1 
0.206194 0.222216 1 
0.206139 0.207724 1 
0.206131 0.207177 1 
0.206095 0.222216 1 
0.206069 0.206402 1 
0.206054 0.20626 1 
0.206051 0.208449 1 
0.206049 0.217009 1 
0.206018 0.221864 1 
0.205964 0.207681 1 
0.205935 0.210758 1 
0.205935 0.206142 1 
0.205922 0.223718 1 
0.205905 0.211078 1 
0.205878 0.206402 1 
0.205874 0.209255 1 
0.205868 0.211499 1 
0.205866 0.221657 1 
0.205854 0.219353 1 
0.205833 0.217433 1 
0.205825 0.207775 1 
0.205787 0.208181 1 
0.205777 0.207724 1 
0.20576 0.206836 1 
0.205715 0.209724 1 
0.205699 0.208509 1 
0.205688 0.223098 1 
0.205676 0.225856 1 
0.205642 0.20739 1 
0.205596 0.209256 1 
0.205578 0.20941 1 
0.2055 0.211672 1 
0.205461 0.208989 1 
0.205439 0.219445 1 
0.20539 0.205465 1 
0.20539 0.206468 1 
0.20527 0.216575 1 
0.205259 0.221864 1 
0.205232 0.20714 1 
0.205203 0.205588 1 
0.205198 0.207419 1 
0.205188 0.22102 1 
0.205184 0.209753 1 
0.205128 0.228696 1 
0.205124 0.205859 1 
0.205105 0.208164 1 
0.205068 0.210584 1 
0.205042 0.207714 1 
0.205026 0.207313 1 
0.204992 0.208578 1 
0.204967 0.208989 1 
0.204954 0.210835 1 
0.204934 0.206181 1 
0.204861 0.220367 1 
0.20486 0.223126 1 
0.204855 0.217111 1 
0.204851 0.206247 1 
0.204816 0.220531 1 
0.204783 0.20535 1 
0.204762 0.221213 1 
0.20472 0.220861 1 
0.204683 0.208973 1 
0.204659 0.221123 1 
0.204657 0.223249 1 
0.20465 0.210278 1 
0.204616 0.209256 1 
0.204603 0.208965 1 
0.204581 0.207893 1 
0.204524 0.207338 1 
0.204498 0.220531 1 
0.204474 0.206247 1 
0.204469 0.222216 1 
0.20444 0.209524 1 
0.204427 0.207893 1 
0.204382 0.221878 1 
0.204372 0.209485 1 
0.204306 0.209255 1 
0.204301 0.208565 1 
0.204241 0.20949 1 
0.204237 0.210302 1 
0.204202 0.209661 1 
0.204162 0.212484 1 
0.204096 0.209679 1 
0.204094 0.217111 1 
0.204001 0.204602 1 
0.203971 0.205033 1 
0.203967 0.219353 1 
0.203957 0.207831 1 
0.203939 0.205808 1 
0.203919 0.21121 1 
0.203871 0.225476 1 
0.203845 0.224706 1 
0.203822 0.210302 1 
0.203785 0.210302 1 
0.20378 0.216911 1 
0.203721 0.221831 1 
0.203716 0.223669 1 
0.203646 0.207928 1 
0.203623 0.207773 1 
0.203604 0.210316 1 
0.203579 0.204566 1 
0.203524 0.212359 1 
0.203516 0.205946 1 
0.203509 0.204283 1 
0.203481 0.223256 1 
0.203377 0.217839 1 
0.203368 0.210561 1 
0.203297 0.208163 1 
0.203294 0.210929 1 
0.203205 0.203548 1 
0.203135 0.203864 1 
0.203111 0.212307 1 
0.203 0.211334 1 
0.202975 0.228084 1 
0.202937 0.219353 1 
0.202929 0.20739 1 
0.202903 0.207582 1 
0.202849 0.221809 1 
0.20276 0.20461 1 
0.202726 0.216911 1 
0.202686 0.202864 1 
0.202675 0.222366 1 
0.202555 0.219353 1 
0.202185 0.222686 1 
0.200309 0.220127 1 
0.100568 0.10079 2 
0.100185 0.100912 2 
0.100106 0.101926 2 
0.100019 0.105184 2 
0.0985868 0.0986263 2 
0.0983132 0.0989353 2 
0.0978986 0.100285 2 
0.097853 0.0992995 2 
0.0975855 0.101246 2 
0.0975811 0.100992 2 
0.0974622 0.0989058 2 
0.0974425 0.0977495 2 
0.0973975 0.100041 2 
0.0973959 0.100059 2 
0.0973115 0.0995177 2 
0.0972573 0.0985811 2 
0.0971898 0.101349 2 
0.0971309 0.0989265 2 
0.0969286 0.0987052 2 
0.0969194 0.0999668 2 
0.0969143 0.0981797 2 
0.0968178 0.0995585 2 
0.0967648 0.101958 2 
0.0967318 0.0980017 2 
0.0967154 0.0995135 2 
0.0966311 0.0971837 2 
0.0966298 0.0997305 2 
0.0965665 0.0985147 2 
0.096544 0.100458 2 
0.0965429 0.0990518 2 
0.0965398 0.0978463 2 
0.0965388 0.0987049 2 
0.0964307 0.100748 2 
0.0963974 0.097475 2 
0.0963895 0.0970061 2 
0.0963525 0.0975133 2 
0.096279 0.097475 2 
0.0962586 0.0980102 2 
0.0962541 0.0986909 2 
0.0962225 0.101949 2 
0.0960913 0.100775 2 
0.0960723 0.0981757 2 
0.0960262 0.0988179 2 
0.0960015 0.097361 2 
0.0959621 0.0989789 2 
0.0959594 0.0978463 2 
0.0959382 0.0980469 2 
0.0959299 0.097475 2 
0.0959171 0.101095 2 
0.0959072 0.0995735 2 
0.0958365 0.0978744 2 
0.0958024 0.101475 2 
0.0957043 0.0988179 2 
0.095673 0.0998577 2 
0.0956603 0.101963 2 
0.0956514 0.0999611 2 
0.0956259 0.0982028 2 
0.095425 0.0984081 2 
0.0953248 0.0977495 2 
0.0953233 0.0968927 2 
0.0952742 0.099363 2 
0.0952266 0.0961776 2 
0.0952183 0.0970278 2 
0.0952082 0.100992 2 
0.0951239 0.0998059 2 
0.0950492 0.0987748 2 
0.0949878 0.101166 2 
0.0948606 0.0952823 2 
0.0948533 0.0980017 2 
0.0946978 0.100871 2 
0.0946539 0.0972525 2 
0.0946465 0.0978818 2 
0.0946004 0.0948799 2 
0.0945978 0.0971114 2 
0.0945624 0.0995585 2 
0.0945622 0.097361 2 
0.094439 0.0965166 2 
0.0943548 0.0971836 2 
0.0941884 0.0960882 2 
0.0941857 0.100693 2 
0.0941809 0.0963543 2 
0.094101 0.0947613 2 
0.0940785 0.0965558 2 
0.0940004 0.0995576 2 
0.0939371 0.0992706 2 
0.0939352 0.0940804 2 
0.0939234 0.0972317 2 
0.093852 0.0990109 2 
0.0937543 0.0983032 2 
0.093727 0.0939306 2 
0.093699 0.100773 2 
0.0936564 0.0963543 2 
0.0936323 0.0945513 2 
0.0936297 0.0968785 2 
0.0936036 0.100481 2 
0.0935804 0.0984359 2 
0.0935537 0.100773 2 
0.0935371 0.0980879 2 
0.0935289 0.0968257 2 
0.0935075 0.0979019 2 
0.0934618 0.0963543 2 
0.0933338 0.0993854 2 
0.0932477 0.0980491 2 
0.093245 0.0989634 2 
0.0931848 0.097995 2 
0.0931638 0.0943806 2 
0.093056 0.0993811 2 
0.0930507 0.0952823 2 
0.0930041 0.0945566 2 
0.0930036 0.0932824 2 
0.0929119 0.0981757 2 
0.0928924 0.0945513 2 
0.0928822 0.0965474 2 
0.0928778 0.097995 2 
0.0928748 0.0944032 2 
0.0928649 0.0951286 2 
0.0927832 0.0949856 2 
0.0927496 0.0952823 2 
0.0927467 0.0986263 2 
0.09274 0.0945566 2 
0.0926194 0.0994252 2 
0.0926014 0.0999337 2 
0.0923278 0.0954408 2 
0.0923084 0.0948799 2 
0.0922347 0.0938577 2 
0.0921779 0.0927464 2 
0.0921777 0.102393 2 
0.0921619 0.0948799 2 
0.0921013 0.0945566 2 
0.0920945 0.0952823 2 
0.0920853 0.0921307 2 
0.0920136 0.095323 2 
0.0919882 0.0929827 2 
0.0919879 0.0920837 2 
0.0919644 0.0960882 2 
0.0919036 0.0968257 2 
0.091877 0.094364 2 
0.0918684 0.0945513 2 
0.0918225 0.0981869 2 
0.0917858 0.0972317 2 
0.0917781 0.0968927 2 
0.0917651 0.0922484 2 
0.0917554 0.0979788 2 
0.0917392 0.0975133 2 
0.0917231 0.0984359 2 
0.0917177 0.0920555 2 
0.0916788 0.0992578 2 
0.0916419 0.0988183 2 
0.0916344 0.0924019 2 
0.0915929 0.0929273 2 
0.0915559 0.094026 2 
0.0915018 0.0915297 2 
0.0914294 0.0920555 2 
0.0913928 0.0973871 2 
0.0913859 0.0952823 2 
0.0913619 0.091459 2 
0.0913355 0.0929376 2 
0.0913121 0.0937039 2 
0.0912803 0.0938444 2 
0.0912531 0.0979104 2 
0.0912461 0.0945513 2 
0.0911943 0.0979565 2 
0.091181 0.0913688 2 
0.0911749 0.0986244 2 
0.0911583 0.0911723 2 
0.0911544 0.0929109 2 
0.0911419 0.0989231 2 
0.0911053 0.0969331 2 
0.0910733 0.0941113 2 
0.0910665 0.0954198 2 
0.0910323 0.0920555 2 
0.0910206 0.0910787 2 
0.0910131 0.0915175 2 
0.0910118 0.0983641 2 
0.0910083 0.0919349 2 
0.0909923 0.0978141 2 
0.0909482 0.0913549 2 
0.0909191 0.0923849 2 
0.0909144 0.0989833 2 
0.090886 0.092962 2 
0.0908748 0.0948506 2 
0.0908682 0.0948506 2 
0.0908312 0.0937652 2 
0.09078 0.0914887 2 
0.0906783 0.0929669 2 
0.0906525 0.0961776 2 
0.090649 0.0977495 2 
0.0906411 0.0915084 2 
0.0906367 0.0951286 2 
0.0906087 0.0906452 2 
0.0905967 0.0915091 2 
0.0905665 0.101871 2 
0.0905623 0.0912272 2 
0.0905265 0.0907647 2 
0.0905237 0.0956097 2 
0.0905081 0.096381 2 
0.0905015 0.0992995 2 
0.0904656 0.0905819 2 
0.0904557 0.098319 2 
0.0904458 0.0927169 2 
0.0903621 0.097728 2 
0.0903357 0.0942719 2 
0.0903107 0.0976059 2 
0.0903037 0.0903091 2 
0.0902982 0.0927237 2 
0.0902475 0.0966598 2 
0.0902311 0.0965166 2 
0.0902277 0.0931435 2 
0.0901587 0.0902737 2 
0.090143 0.0922482 2 
0.0901313 0.0906334 2 
0.0901116 0.0968257 2 
0.090091 0.0907798 2 
0.0900874 0.0911776 2 
0.0900755 0.0958201 2 
0.0900639 0.0959078 2 
0.0900546 0.0912006 2 
0.0900488 0.0945566 2 
0.0900408 0.0961794 2 
0.0900322 0.0915611 2 
0.0900174 0.0902001 2 
0.0899893 0.0951286 2 
0.089979 0.096787 2 
0.0899433 0.0939804 2 
0.0899342 0.0912626 2 
0.0899199 0.0920888 2 
0.0898876 0.0950889 2 
0.0898624 0.100755 2 
0.0898562 0.0927169 2 
0.0898179 0.0979788 2 
0.0897269 0.0920597 2 
0.0897009 0.0954408 2 
0.0896977 0.0926314 2 
0.0896968 0.0950803 2 
0.0896303 0.0992578 2 
0.0896218 0.0899076 2 
0.0896179 0.0975133 2 
0.0896128 0.101587 2 
0.0895898 0.096787 2 
0.0895385 0.0901545 2 
0.0895215 0.091212 2 
0.089509 0.0908559 2 
0.0894372 0.096787 2 
0.0894165 0.0910544 2 
0.0893938 0.0903678 2 
0.089376 0.0971836 2 
0.0893652 0.100357 2 
0.0893563 0.0920745 2 
0.0893555 0.0923234 2 
0.0893464 0.0917118 2 
0.0893395 0.089555 2 
0.0892676 0.0902176 2 
0.0892385 0.0894596 2 
0.0892115 0.0908559 2 
0.0892079 0.0941614 2 
0.0891869 0.0900792 2 
0.0891374 0.0981502 2 
0.0891141 0.0899546 2 
0.0890207 0.0920748 2 
0.0890134 0.0937652 2 
0.0890094 0.0894339 2 
0.0889959 0.0902056 2 
0.0889844 0.095818 2 
0.0889547 0.0975133 2 
0.0889435 0.0902373 2 
0.0889007 0.0909174 2 
0.0888984 0.0902737 2 
0.0888836 0.0928163 2 
0.0888226 0.0979788 2 
0.0887975 0.0965558 2 
0.0887541 0.091212 2 
0.0887527 0.089056 2 
0.088724 0.0890447 2 
0.088705 0.0902415 2 
0.0886878 0.0902001 2 
0.0886632 0.0937014 2 
0.0886134 0.0897762 2 
0.0886081 0.0980017 2 
0.0885939 0.0981053 2 
0.0885916 0.092826 2 
0.0885817 0.0902737 2 
0.0885679 0.0904842 2 
0.0885117 0.0900851 2 
0.0884983 0.0903678 2 
0.0884912 0.0901168 2 
0.088484 0.0977998 2 
0.0884535 0.0897526 2 
0.0884336 0.095323 2 
0.0884077 0.0896967 2 
0.0884057 0.0956097 2 
0.088365 0.0978744 2 
0.0883568 0.0954408 2 
0.0883527 0.0903104 2 
0.0882848 0.090033 2 
0.0882811 0.0903104 2 
0.0882675 0.0917083 2 
0.0882441 0.0896329 2 
0.0882304 0.0888842 2 
0.088224 0.0958201 2 
0.0882106 0.0923976 2 
0.0882013 0.089239 2 
0.0881956 0.0939804 2 
0.0881511 0.0950889 2 
0.0881437 0.0941207 2 
0.0880969 0.0919214 2 
0.0880867 0.097035 2 
0.0880504 0.0950889 2 
0.088023 0.0929742 2 
0.0880073 0.0880979 2 
0.0879924 0.0922294 2 
0.0879591 0.0883809 2 
0.0879552 0.0919136 2 
0.0879542 0.0944031 2 
0.0879491 0.089168 2 
0.0879126 0.0911613 2 
0.0878972 0.0924321 2 
0.0878767 0.0968785 2 
0.0878702 0.0897197 2 
0.0878532 0.0886454 2 
0.0878452 0.089168 2 
0.0878375 0.095323 2 
0.0877696 0.0883809 2 
0.0877315 0.092022 2 
0.0876996 0.0920745 2 
0.0876733 0.0919292 2 
0.0876459 0.0897932 2 
0.0876182 0.095323 2 
0.0875741 0.0934895 2 
0.0875381 0.0884781 2 
0.0874767 0.0962145 2 
0.0874587 0.0938908 2 
0.0874417 0.0876354 2 
0.0874139 0.0897415 2 
0.0874041 0.0879544 2 
0.0873691 0.0932222 2 
0.0873658 0.0922294 2 
0.0873536 0.0943015 2 
0.0873535 0.0966194 2 
0.0873248 0.0920888 2 
0.087247 0.0963543 2 
0.0872053 0.0925345 2 
0.087166 0.0906533 2 
0.087143 0.0905897 2 
0.087119 0.0938444 2 
0.0870382 0.0940221 2 
0.0870024 0.0927169 2 
0.0869364 0.0906301 2 
0.0868896 0.0932935 2 
0.0867804 0.0906128 2 
0.0866626 0.0922294 2 
0.0866285 0.0973564 2 
0.0866002 0.0927169 2 
0.086591 0.0945513 2 
0.0865145 0.0924979 2 
0.0864219 0.094685 2 
0.0860785 0.0884781 2 
0.0860086 0.0933102 2 
0.0857252 0.0860792 2 
0.0856084 0.0875541 2 
0.0496455 0.0501595 3 
0.0475987 0.0477672 3 
0.0474557 0.0474866 3 
0.0471124 0.0478492 3 
0.046917 0.0470748 3 
0.0466386 0.0467874 3 
0.0466335 0.0473686 3 
0.0463224 0.0476345 3 
0.0463201 0.0470218 3 
0.0463188 0.0475963 3 
0.0461465 0.0461811 3 
0.0459498 0.0476186 3 
0.045877 0.0461792 3 
0.0455984 0.0466205 3 
0.0455249 0.0467691 3 
0.0455071 0.0457739 3 
0.0454246 0.0478492 3 
0.0452431 0.0461523 3 
0.0452422 0.0462383 3 
0.0452228 0.0462148 3 
0.045175 0.0463945 3 
0.0449888 0.0468723 3 
0.0447991 0.0466051 3 
0.0447419 0.0460615 3 
0.0447117 0.0458978 3 
0.0446964 0.0465577 3 
0.0446309 0.0449787 3 
0.0445866 0.0465577 3 
0.0445534 0.044628 3 
0.044526 0.0451632 3 
0.0445009 0.0463515 3 
0.0444924 0.0452147 3 
0.0444389 0.0462944 3 
0.0444115 0.045015 3 
0.0443832 0.044901 3 
0.0443495 0.046459 3 
0.0442911 0.0451562 3 
0.0441757 0.0445963 3 
0.0441088 0.0456932 3 
0.0440394 0.0462485 3 
0.0440329 0.0450066 3 
0.0439228 0.0445942 3 
0.0439176 0.0443417 3 
0.043703 0.0441922 3 
0.0436991 0.0444838 3 
0.0436714 0.0465634 3 
0.0436498 0.0457027 3 
0.0436423 0.0447594 3 
0.0436209 0.043871 3 
0.0436095 0.0458047 3 
0.0435058 0.0451879 3 
0.0434958 0.0435154 3 
0.0434513 0.0457886 3 
0.0434166 0.0446106 3 
0.0433461 0.043509 3 
0.0433381 0.0442202 3 
0.0433336 0.0481831 3 
0.0432311 0.0448048 3 
0.0431932 0.0443149 3 
0.043193 0.0447594 3 
0.0431762 0.044397 3 
0.0431736 0.0448422 3 
0.0431613 0.0437944 3 
0.0431137 0.0446024 3 
0.0430871 0.0460448 3 
0.0430724 0.0433921 3 
0.0430511 0.043162 3 
0.0430189 0.0444432 3 
0.0429999 0.0447694 3 
0.0429488 0.0462901 3 
0.0429118 0.0439056 3 
0.0428726 0.0438938 3 
0.0428687 0.0429018 3 
0.042843 0.0429018 3 
0.0428362 0.0435475 3 
0.0427791 0.0435245 3 
0.0427608 0.0432754 3 
0.0427365 0.0446958 3 
0.042724 0.0450354 3 
0.0427195 0.0427808 3 
0.0427004 0.0445732 3 
0.0426477 0.044401 3 
0.0426457 0.0453924 3 
0.0425916 0.0427022 3 
0.0425533 0.0436629 3 
0.042527 0.0450144 3 
0.0425204 0.0452177 3 
0.0424958 0.0433528 3 
0.0424467 0.0445942 3 
0.0424456 0.0426874 3 
0.0423945 0.0443808 3 
0.0423527 0.0456932 3 
0.0423496 0.0436247 3 
0.0422719 0.0453924 3 
0.0422563 0.0471423 3 
0.0422388 0.0424156 3 
0.0422271 0.0424522 3 
0.0422233 0.0430676 3 
0.0422125 0.0473578 3 
0.0421541 0.0447482 3 
0.042149 0.0457448 3 
0.0421424 0.0448697 3 
0.0421258 0.0435417 3 
0.0421074 0.0422618 3 
0.0420669 0.0426932 3 
0.0420109 0.0454236 3 
0.0419998 0.0434061 3 
0.0419814 0.0443808 3 
0.0419637 0.0447483 3 
0.0419533 0.0434775 3 
0.0419455 0.042278 3 
0.0419261 0.0420853 3 
0.0418993 0.0419725 3 
0.0418884 0.0438938 3 
0.0418879 0.0467373 3 
0.041887 0.0437231 3 
0.0418801 0.0423508 3 
0.0418405 0.0441479 3 
0.0418387 0.0424298 3 
0.0418305 0.0447482 3 
0.0418283 0.0454111 3 
0.0418118 0.0442245 3 
0.0417742 0.0432629 3 
0.0417729 0.0461747 3 
0.0417516 0.041856 3 
0.0417378 0.0466065 3 
0.04172 0.0426661 3 
0.041718 0.0432629 3 
0.0417039 0.0425626 3 
0.0416984 0.0425759 3 
0.0416658 0.043809 3 
0.041637 0.0444287 3 
0.0416237 0.0422296 3 
0.0415756 0.0444287 3 
0.0415502 0.0446791 3 
0.041537 0.0416987 3 
0.0415026 0.0441479 3 
0.0415026 0.0434126 3 
0.0414985 0.0444181 3 
0.0414702 0.0425759 3 
0.0414595 0.0431077 3 
0.0414498 0.043429 3 
0.041446 0.0441493 3 
0.0414286 0.0430205 3 
0.0413777 0.0413929 3 
0.0413712 0.0417551 3 
0.0413483 0.0453518 3 
0.0413474 0.0416776 3 
0.0413435 0.0416987 3 
0.0413323 0.0441004 3 
0.0413176 0.0434775 3 
0.0413171 0.0443417 3 
0.0413025 0.0431562 3 
0.0412823 0.0453295 3 
0.0412708 0.045267 3 
0.0412682 0.044401 3 
0.0412519 0.041697 3 
0.0412278 0.0433957 3 
0.0412248 0.0443726 3 
0.0412245 0.044901 3 
0.041215 0.0429526 3 
0.0411995 0.0432754 3 
0.0411909 0.0450258 3 
0.0411604 0.0413161 3 
0.0411393 0.0415969 3 
0.0411241 0.0413833 3 
0.0410899 0.044401 3 
0.0410893 0.0421765 3 
0.0410804 0.0445135 3 
0.0410374 0.0454295 3 
0.0410247 0.0410451 3 
0.041004 0.0434128 3 
0.0409943 0.0416946 3 
0.0409931 0.0441479 3 
0.0409596 0.0432658 3 
0.0409059 0.041759 3 
0.0409023 0.0432325 3 
0.0408701 0.0411419 3 
0.0408013 0.041407 3 
0.0407188 0.0428611 3 
0.0407038 0.0418223 3 
0.0407009 0.0407803 3 
0.0406691 0.0418016 3 
0.0406658 0.0434132 3 
0.0406572 0.042206 3 
0.0406556 0.0421324 3 
0.0406508 0.0414396 3 
0.0406499 0.0415985 3 
0.0406328 0.0434259 3 
0.0406282 0.0412919 3 
0.0406113 0.0419168 3 
0.0405934 0.0417427 3 
0.040573 0.0410035 3 
0.0405359 0.0413683 3 
0.0405313 0.0438663 3 
0.0405006 0.0432844 3 
0.0404941 0.0410738 3 
0.0404926 0.0415283 3 
0.0404843 0.0410289 3 
0.0404554 0.0417427 3 
0.0404431 0.0414587 3 
0.0404189 0.0452573 3 
0.0403953 0.0422708 3 
0.0403767 0.0446039 3 
0.0403579 0.0441168 3 
0.0403528 0.0412249 3 
0.0403456 0.0415283 3 
0.0403288 0.043803 3 
0.040319 0.0434132 3 
0.0403145 0.0444091 3 
0.0402805 0.042428 3 
0.0402652 0.0432325 3 
0.0402625 0.0407346 3 
0.0402459 0.0444859 3 
0.0402347 0.0403895 3 
0.0402315 0.0428151 3 
0.0402211 0.040915 3 
0.040217 0.0421765 3 
0.0401959 0.0431077 3 
0.0401949 0.0422725 3 
0.0401906 0.0404887 3 
0.0401828 0.0414181 3 
0.0401419 0.0415545 3 
0.0401371 0.043803 3 
0.0401168 0.0405446 3 
0.0400942 0.0434775 3 
0.040074 0.0437636 3 
0.0400719 0.041509 3 
0.0400572 0.043803 3 
0.0400559 0.041343 3 
0.0400532 0.0423725 3 
0.0400248 0.0403719 3 
0.0400132 0.0444432 3 
0.0400106 0.0405162 3 
0.0399876 0.0428549 3 
0.0399739 0.0426709 3 
0.039965 0.0419087 3 
0.0399474 0.0426553 3 
0.0399371 0.0432844 3 
0.0399117 0.0431077 3 
0.0398992 0.0420824 3 
0.0398925 0.0403321 3 
0.0398819 0.0434132 3 
0.0398727 0.0438706 3 
0.0398704 0.0436629 3 
0.0398516 0.0405479 3 
0.0398005 0.044628 3 
0.0397271 0.0416987 3 
0.0397048 0.0427329 3 
0.0396986 0.0418795 3 
0.0396966 0.042427 3 
0.0396422 0.0438496 3 
0.0396059 0.0425677 3 
0.0395129 0.0425168 3 
0.039482 0.043497 3 
0.0394531 0.0443726 3 
0.039452 0.0435328 3 
0.039438 0.0438997 3 
0.0394273 0.0415985 3 
0.0394083 0.0431863 3 
0.0394016 0.0430947 3 
0.0393903 0.042571 3 
0.0393641 0.0431599 3 
0.0393299 0.0428961 3 
0.0393182 0.0397292 3 
0.039214 0.0431948 3 
0.0391849 0.0441473 3 
0.0390343 0.0431863 3 
0.0389968 0.0422891 3 
0.0386495 0.0397745 3 
0.0383614 0.0439726 3 
0.0238599 0.0241146 4 
0.0234081 0.0234399 4 
0.022778 0.0229581 4 
0.0224919 0.0225951 4 
0.0223882 0.0235133 4 
0.0222192 0.0222852 4 
0.0220801 0.0227619 4 
0.0220462 0.0221712 4 
0.0220276 0.0228063 4 
0.0219865 0.0223987 4 
0.021905 0.0224641 4 
0.0218908 0.0221195 4 
0.0217295 0.0223241 4 
0.0217071 0.0218572 4 
0.0216901 0.0224147 4 
0.0215762 0.0220996 4 
0.0214029 0.0222741 4 
0.0213869 0.0214685 4 
0.0213811 0.0213937 4 
0.0213557 0.0216118 4 
0.0212771 0.0218211 4 
0.0212444 0.0216285 4 
0.0212101 0.0218804 4 
0.021187 0.021187 4 
0.0211596 0.0230314 4 
0.0211266 0.0214804 4 
0.0211142 0.0211368 4 
0.0211094 0.021623 4 
0.021092 0.0211425 4 
0.0210849 0.0221965 4 
0.0210843 0.0213127 4 
0.0210755 0.021434 4 
0.0210249 0.0212994 4 
0.0210117 0.0218804 4 
0.0209104 0.0216828 4 
0.0209092 0.0214958 4 
0.0209013 0.0212257 4 
0.020852 0.0211368 4 
0.0208354 0.0230192 4 
0.0207803 0.0212111 4 
0.0207684 0.0226043 4 
0.0207485 0.0214673 4 
0.0207475 0.0219309 4 
0.0207438 0.0210874 4 
0.0207336 0.0213813 4 
0.0207325 0.0214915 4 
0.0207087 0.0208374 4 
0.020702 0.0213492 4 
0.0206765 0.0220933 4 
0.0206761 0.0207409 4 
0.0206464 0.0207033 4 
0.0206358 0.0216118 4 
0.0206006 0.020608 4 
0.020594 0.0214227 4 
0.0205886 0.0216551 4 
0.0205791 0.0217876 4 
0.0205494 0.0208414 4 
0.0205439 0.021186 4 
0.0204468 0.0211928 4 
0.0204036 0.0212212 4 
0.0203996 0.0204605 4 
0.0203898 0.0205416 4 
0.0203658 0.0205314 4 
0.020356 0.0223293 4 
0.0203454 0.0208696 4 
0.0203265 0.0226965 4 
0.020321 0.02238 4 
0.0203121 0.02213 4 
0.020269 0.0210807 4 
0.0202675 0.0216551 4 
0.0202499 0.0212775 4 
0.0202413 0.0220964 4 
0.0202405 0.0222318 4 
0.020231 0.0207507 4 
0.0202262 0.0206771 4 
0.0202203 0.0218804 4 
0.0202089 0.0215343 4 
0.0201992 0.0220964 4 
0.0201847 0.0207676 4 
0.0201843 0.0213891 4 
0.0201786 0.0203399 4 
0.0201663 0.0214942 4 
0.0201469 0.020528 4 
0.0201387 0.0206915 4 
0.0201332 0.0211346 4 
0.0201262 0.0216014 4 
0.020124 0.021214 4 
0.0201115 0.0207103 4 
0.0201113 0.021608 4 
0.0200933 0.0203957 4 
0.0200822 0.0201519 4 
0.0200805 0.0203976 4 
0.0200783 0.0208924 4 
0.0200705 0.0207103 4 
0.0200589 0.0207409 4 
0.0200576 0.0205658 4 
0.020005 0.020221 4 
0.0200028 0.0214673 4 
0.0200024 0.0215999 4 
0.019979 0.0208009 4 
0.0199689 0.0203976 4 
0.0199604 0.0213098 4 
0.0199554 0.0208696 4 
0.0199483 0.020397 4 
0.0198154 0.0209125 4 
0.019776 0.0207943 4 
0.0197729 0.0220696 4 
0.0197686 0.0202352 4 
0.019761 0.0208401 4 
0.0197395 0.0197645 4 
0.0197195 0.0209843 4 
0.0197124 0.0207857 4 
0.019709 0.0210815 4 
0.0197064 0.0211184 4 
0.0197032 0.0197628 4 
0.0196859 0.0202453 4 
0.0196846 0.0201201 4 
0.0196813 0.0202681 4 
0.0196742 0.0214227 4 
0.0196692 0.0198215 4 
0.0196622 0.0200253 4 
0.019658 0.0212794 4 
0.0196566 0.021187 4 
0.019656 0.0202473 4 
0.0196515 0.0212018 4 
0.0196285 0.0206976 4 
0.019626 0.0201743 4 
0.0196185 0.0203297 4 
0.0196056 0.0207857 4 
0.0196009 0.0197629 4 
0.0195814 0.0208347 4 
0.0195689 0.019833 4 
0.0195565 0.0199378 4 
0.0195528 0.0207409 4 
0.0195527 0.0202553 4 
0.0195373 0.0208907 4 
0.01952 0.0214667 4 
0.0195026 0.0197965 4 
0.0195014 0.019756 4 
0.0194916 0.0208907 4 
0.0194849 0.0197789 4 
0.0194743 0.0210692 4 
0.0194723 0.0207421 4 
0.0194412 0.0201564 4 
0.0194121 0.0205407 4 
0.0194101 0.0195624 4 
0.0194056 0.0194826 4 
0.0194051 0.0208696 4 
0.019399 0.0196159 4 
0.0193977 0.0213219 4 
0.0193765 0.0201564 4 
0.0193758 0.0200976 4 
0.0193572 0.0198563 4 
0.0193468 0.0197628 4 
0.019332 0.021157 4 
0.0193308 0.0209595 4 
0.0193288 0.019933 4 
0.0193243 0.0201743 4 
0.0193192 0.0203834 4 
0.0192949 0.0202514 4 
0.0192918 0.0208919 4 
0.0192726 0.0201724 4 
0.0192717 0.02022 4 
0.019247 0.0214917 4 
0.0192463 0.0199079 4 
0.0192426 0.0202484 4 
0.0192382 0.021604 4 
0.0192377 0.0193072 4 
0.0192269 0.0206264 4 
0.0192255 0.0209936 4 
0.0192203 0.0192712 4 
0.0191987 0.0205992 4 
0.0191766 0.0198634 4 
0.019173 0.0204598 4 
0.0191719 0.0207103 4 
0.0191495 0.0203834 4 
0.0191474 0.0204833 4 
0.0191292 0.0193326 4 
0.0191274 0.0197646 4 
0.0191131 0.0193615 4 
0.0190959 0.019886 4 
0.0190682 0.0209186 4 
0.0190522 0.0203834 4 
0.0190454 0.0190477 4 
0.0190442 0.0204767 4 
0.0190403 0.0208705 4 
0.0190302 0.0199349 4 
0.0190239 0.0197964 4 
0.0190216 0.0193295 4 
0.0190006 0.0205353 4 
0.0189985 0.019233 4 
0.0189945 0.0210332 4 
0.0189914 0.0199349 4 
0.0189802 0.0203297 4 
0.0189663 0.0195968 4 
0.018961 0.0204767 4 
0.0189387 0.0207506 4 
0.0189329 0.0193072 4 
0.0189244 0.0205098 4 
0.0189196 0.0202207 4 
0.0189182 0.0212703 4 
0.0189128 0.0205867 4 
0.0188631 0.0193159 4 
0.0188449 0.0202808 4 
0.0188448 0.0198563 4 
0.0188238 0.0201074 4 
0.0188189 0.020235 4 
0.0188153 0.0201983 4 
0.0187805 0.0208278 4 
0.0187666 0.0200253 4 
0.018722 0.0197646 4 
0.018684 0.0204774 4 
0.0186695 0.0208512 4 
0.0186665 0.0204762 4 
0.0186483 0.0207378 4 
0.0186329 0.0196028 4 
0.0186292 0.0209974 4 
0.0186052 0.021157 4 
0.0185936 0.0205605 4 
0.0185632 0.0202207 4 
0.0185517 0.0209936 4 
0.0185268 0.0204762 4 
0.0184838 0.0213098 4 
0.0184751 0.0205612 4 
0.0184617 0.0187047 4 
0.0184534 0.02022 4 
0.0184319 0.0206258 4 
0.0184158 0.018586 4 
0.0183529 0.0208036 4 
0.0181017 0.018586 4 
0.0180603 0.0181355 4 
0.0180297 0.0180605 4 
0.0180096 0.0211106 4 
0.0112571 0.0117579 5 
0.0111373 0.0116111 5 
0.0111368 0.0111849 5 
0.0110499 0.0114381 5 
0.0110287 0.0112269 5 
0.0109808 0.0110405 5 
0.0108702 0.011032 5 
0.010821 0.0108843 5 
0.0107091 0.0109446 5 
0.0106451 0.0109955 5 
0.0106384 0.0111007 5 
0.0106002 0.010763 5 
0.0105936 0.0111958 5 
0.010585 0.0111247 5 
0.0105603 0.0108597 5 
0.0104791 0.0110736 5 
0.010461 0.0104979 5 
0.0104431 0.0105477 5 
0.0104419 0.0105301 5 
0.0104144 0.0106094 5 
0.010411 0.0104695 5 
0.0103993 0.010744 5 
0.01036 0.0112469 5 
0.0103465 0.0112426 5 
0.0103458 0.0108149 5 
0.01034 0.0104154 5 
0.010328 0.0108253 5 
0.0103271 0.0105907 5 
0.0103253 0.0111007 5 
0.0103021 0.0106998 5 
0.0102896 0.0107436 5 
0.0102525 0.0103202 5 
0.0102501 0.0103433 5 
0.010247 0.0102876 5 
0.0102387 0.0105723 5 
0.0102322 0.0109913 5 
0.0102236 0.0111007 5 
0.0102176 0.010514 5 
0.0102169 0.0102226 5 
0.0102044 0.0105934 5 
0.0102026 0.010582 5 
0.0101501 0.011001 5 
0.0101391 0.0105894 5 
0.0101198 0.0102897 5 
0.0101002 0.0102304 5 
0.0100911 0.0104196 5 
0.0100669 0.0108541 5 
0.0100562 0.0105729 5 
0.0100489 0.0102457 5 
0.0100177 0.0100354 5 
0.0100128 0.0109307 5 
0.0100112 0.0101243 5 
0.00999661 0.0111258 5 
0.00999099 0.0109615 5 
0.00998816 0.0106435 5 
0.00998089 0.0105849 5 
0.00997779 0.010582 5 
0.00996297 0.0101178 5 
0.00992939 0.0101967 5 
0.00992447 0.00995847 5 
0.00992438 0.0100642 5 
0.00991875 0.0104084 5 
0.00990551 0.0104625 5 
0.00990503 0.010001 5 
0.00989185 0.0106196 5 
0.00988959 0.0100354 5 
0.00988046 0.0100627 5 
0.00987748 0.0101289 5 
0.00987181 0.0107206 5 
0.00986559 0.0101007 5 
0.00986457 0.0103236 5 
0.0098568 0.0101408 5 
0.00982851 0.0100946 5 
0.00977903 0.0102013 5 
0.00975254 0.0102856 5 
0.00974117 0.0101766 5 
0.00973337 0.00973529 5 
0.00973047 0.00984673 5 
0.00972278 0.0099435 5 
0.00972208 0.00985179 5 
0.00971163 0.0101313 5 
0.00970324 0.0103479 5 
0.00970291 0.0101913 5 
0.00970282 0.0097677 5 
0.00970096 0.0110821 5 
0.00969428 0.0101267 5 
0.00969164 0.00983559 5 
0.00969121 0.0103099 5 
0.00968064 0.0104695 5 
0.00967265 0.0096912 5 
0.00967049 0.0101637 5 
0.00966955 0.0100316 5 
0.00966575 0.00970468 5 
0.00964946 0.0104596 5 
0.00963206 0.0103896 5 
0.009632 0.0102138 5 
0.00963181 0.00966352 5 
0.00962066 0.0100865 5 
0.00962047 0.0103466 5 
0.00961847 0.0100509 5 
0.00960098 0.00971888 5 
0.00959684 0.00993729 5 
0.00958834 0.00978985 5 
0.00958644 0.00966377 5 
0.00958411 0.00974147 5 
0.00957869 0.00979777 5 
0.00957162 0.010087 5 
0.00957119 0.00996478 5 
0.00956874 0.0102187 5 
0.00956862 0.0101576 5 
0.00956468 0.0100831 5 
0.00956402 0.00993729 5 
0.00956365 0.00991419 5 
0.00956362 0.0102304 5 
0.00956047 0.00960618 5 
0.00956044 0.00999933 5 
0.00953509 0.0104625 5 
0.00953459 0.0102252 5 
0.00953283 0.00985291 5 
0.00951918 0.00984673 5 
0.00951514 0.00981124 5 
0.00951223 0.0104889 5 
0.00949216 0.0101766 5 
0.00948977 0.0102862 5 
0.00948687 0.00956548 5 
0.00947872 0.0105838 5 
0.0094749 0.0100527 5 
0.00947372 0.0101261 5 
0.00946392 0.0097088 5 
0.00946309 0.0101408 5 
0.00945981 0.00984844 5 
0.00945768 0.0107131 5 
0.00945146 0.00971888 5 
0.00944903 0.00997457 5 
0.00944892 0.00994779 5 
0.00944817 0.00947083 5 
0.00944816 0.010357 5 
0.00944429 0.0100642 5 
0.00943773 0.0101637 5 
0.00943362 0.0102226 5 
0.00942337 0.0100422 5 
0.00941177 0.0096253 5 
0.00937973 0.00947359 5 
0.00936626 0.00973529 5 
0.00936595 0.0100688 5 
0.0093637 0.00995172 5 
0.00934222 0.00955176 5 
0.00933888 0.0104824 5 
0.00933715 0.00991212 5 
0.0093262 0.0101632 5 
0.00932245 0.00954623 5 
0.00931162 0.0094085 5 
0.00931155 0.00993807 5 
0.00930248 0.0096912 5 
0.00929976 0.00987272 5 
0.00928648 0.0104084 5 
0.00927049 0.00956548 5 
0.0092656 0.00947748 5 
0.00925703 0.00985883 5 
0.00923882 0.0100058 5 
0.00923597 0.0103331 5 
0.0092328 0.0100865 5 
0.00923162 0.00985547 5 
0.0092166 0.00980046 5 
0.00921195 0.00993864 5 
0.00919583 0.0101393 5 
0.00917441 0.00989975 5 
0.00917244 0.0098499 5 
0.0091562 0.00984486 5 
0.00915489 0.00996841 5 
0.00915402 0.0103493 5 
0.00913702 0.00920399 5 
0.00913592 0.00947755 5 
0.00913217 0.00951583 5 
0.00910334 0.0101081 5 
0.00907351 0.00985547 5 
0.00906721 0.0106577 5 
0.00906345 0.0102056 5 
0.00906223 0.0102509 5 
0.00905929 0.0101775 5 
0.00903197 0.0098805 5 
0.00902794 0.0102482 5 
0.00902679 0.0102187 5 
0.00901848 0.0099235 5 
0.00900426 0.00947748 5 
0.00899536 0.00992444 5 
0.00895847 0.00908091 5 
0.00894037 0.0100627 5 
0.00893576 0.0103213 5 
0.00892065 0.00980046 5 
0.00891493 0.00974813 5 
0.00885183 0.0101393 5 
0.00884979 0.00970468 5 
0.00880047 0.0102326 5 
0.00879242 0.00893236 5 
0.00878049 0.00893236 5 
0.00863719 0.00872173 5 
0.00574539 0.00580135 6 
0.00573586 0.00591317 6 
0.00572152 0.00583604 6 
0.00565055 0.00583922 6 
0.00559728 0.00562242 6 
0.00553152 0.00560227 6 
0.00542427 0.00562793 6 
0.00541377 0.00581813 6 
0.00541163 0.0057276 6 
0.0054094 0.00564309 6 
0.0053971 0.0055297 6 
0.00538119 0.00551634 6 
0.00537967 0.00559526 6 
0.00537636 0.00541556 6 
0.00537036 0.00537731 6 
0.00532849 0.00543007 6 
0.0052741 0.00573163 6 
0.00525822 0.00540019 6 
0.00525804 0.00545166 6 
0.00525604 0.00547545 6 
0.00522205 0.00560845 6 
0.00521295 0.0052314 6 
0.00521157 0.00523556 6 
0.00520653 0.00531032 6 
0.00520122 0.00525363 6 
0.00519392 0.00525477 6 
0.00519282 0.00526264 6 
0.00518734 0.00528476 6 
0.00518566 0.00552146 6 
0.00518024 0.0051804 6 
0.00517467 0.0051944 6 
0.00517109 0.00523552 6 
0.00515333 0.00518128 6 
0.00515167 0.00519444 6 
0.0051444 0.0057204 6 
0.00513992 0.00518383 6 
0.00513368 0.00544021 6 
0.0051015 0.00518374 6 
0.00507943 0.00537731 6 
0.00505303 0.00518688 6 
0.00504349 0.00529419 6 
0.00504271 0.00518963 6 
0.00503898 0.00552268 6 
0.00503472 0.00549914 6 
0.00502989 0.00528314 6 
0.00501855 0.00512254 6 
0.00500332 0.00526515 6 
0.00500103 0.00504002 6 
0.00499079 0.00554923 6 
0.00498036 0.00502131 6 
0.00497698 0.00508068 6 
0.00497694 0.00500928 6 
0.00497689 0.00515729 6 
0.00497651 0.00518374 6 
0.00497334 0.0052946 6 
0.00495556 0.00525099 6 
0.00495353 0.00498751 6 
0.0049466 0.00511133 6 
0.0049287 0.00524299 6 
0.00492715 0.00509873 6 
0.00492545 0.00499128 6 
0.00491303 0.00542389 6 
0.00490585 0.00515547 6 
0.00490456 0.00492666 6 
0.00489405 0.00494745 6 
0.0048891 0.00499983 6 
0.0048801 0.00529975 6 
0.00486827 0.00500249 6 
0.00486462 0.00503942 6 
0.00486424 0.00513781 6 
0.00486087 0.00501618 6 
0.00485748 0.0049931 6 
0.00485618 0.00495873 6 
0.00484781 0.00546339 6 
0.00484257 0.00510675 6 
0.00484187 0.0050402 6 
0.00484162 0.00495634 6 
0.00483742 0.00496477 6 
0.00482489 0.00503692 6 
0.00482471 0.00495344 6 
0.0048184 0.00507521 6 
0.00481531 0.00487322 6 
0.00481465 0.00498222 6 
0.00481381 0.00503692 6 
0.0048127 0.00507004 6 
0.0048086 0.00512022 6 
0.00480653 0.00504866 6 
0.00480144 0.00505684 6 
0.00480104 0.00488458 6 
0.0047914 0.00518963 6 
0.00478604 0.00503309 6 
0.00478529 0.00520839 6 
0.00478243 0.00485497 6 
0.00478006 0.00506989 6 
0.00477819 0.00499033 6 
0.00477454 0.00490718 6 
0.00477426 0.00507513 6 
0.00476952 0.0051804 6 
0.00476886 0.00507365 6 
0.00476869 0.00514956 6 
0.00476502 0.00485624 6 
0.00476293 0.00487973 6 
0.00475785 0.00503336 6 
0.00475326 0.00532678 6 
0.00475131 0.00495993 6 
0.0047509 0.00518674 6 
0.00474513 0.00508068 6 
0.00474294 0.00484235 6 
0.00474115 0.00506114 6 
0.00472498 0.0051773 6 
0.00472397 0.00473281 6 
0.0047222 0.00476097 6 
0.00471562 0.00493742 6 
0.00470588 0.0053465 6 
0.00470501 0.00479263 6 
0.00470132 0.00513343 6 
0.00469769 0.00491585 6 
0.00469492 0.00493551 6 
0.00468646 0.00502379 6 
0.00467775 0.00501862 6 
0.00467728 0.00502791 6 
0.00467561 0.00538039 6 
0.00467206 0.00482043 6 
0.00466796 0.00470831 6 
0.00466412 0.00490123 6 
0.00466151 0.00496071 6 
0.00465551 0.00502379 6 
0.00464639 0.0051519 6 
0.00464547 0.00510827 6 
0.00464437 0.00485497 6 
0.00464361 0.00484707 6 
0.00463366 0.00487069 6 
0.00463313 0.00488203 6 
0.00463249 0.00493518 6 
0.0046321 0.00541096 6 
0.00461747 0.00495694 6 
0.00461186 0.00522171 6 
0.00461097 0.00494938 6 
0.00459661 0.00510827 6 
0.00457166 0.00465525 6 
0.00457095 0.00493742 6 
0.00456709 0.00491425 6 
0.00456481 0.00514709 6 
0.00456442 0.00536544 6 
0.00456039 0.00462871 6 
0.00455861 0.00515823 6 
0.00455548 0.00504889 6 
0.00454135 0.00487038 6 
0.00452437 0.0049165 6 
0.00452015 0.00461168 6 
0.00451931 0.00512041 6 
0.00451898 0.00480439 6 
0.0045013 0.0051398 6 
0.00449636 0.00473775 6 
0.00449503 0.00494326 6 
0.00449023 0.00498538 6 
0.00448124 0.00486506 6 
0.00446729 0.00457268 6 
0.00446571 0.00505665 6 
0.00446407 0.00497587 6 
0.00445851 0.00451072 6 
0.00445442 0.00503942 6 
0.00443427 0.00495344 6 
0.00442088 0.00508944 6 
0.0044202 0.00514806 6 
0.00440666 0.00509873 6 
0.00440282 0.0049919 6 
0.00439767 0.00494614 6 
0.00437954 0.00438322 6 
0.00436144 0.00465525 6 
0.00435268 0.00477476 6 
0.0042996 0.00438322 6 
0.00425085 0.00431264 6 
0.00303473 0.00303532 7 
0.00295044 0.00309478 7 
0.00294496 0.00295079 7 
0.00292876 0.0029925 7 
0.00287519 0.00301815 7 
0.00280003 0.00286374 7 
0.00279807 0.00286149 7 
0.00279802 0.00290468 7 
0.00278708 0.00296579 7 
0.00277483 0.00291699 7 
0.00275899 0.00296355 7 
0.00271566 0.00273213 7 
0.00271022 0.00279621 7 
0.00269759 0.00279412 7 
0.00268235 0.00272398 7 
0.00266706 0.00280249 7 
0.00266534 0.00276948 7 
0.00262883 0.0026953 7 
0.00262664 0.00270045 7 
0.00262082 0.00277803 7 
0.00261434 0.00269324 7 
0.00260725 0.00262935 7 
0.00260335 0.00263492 7 
0.00260278 0.00267383 7 
0.00259009 0.00297734 7 
0.00257857 0.00279337 7 
0.00257347 0.0025872 7 
0.0025726 0.0027219 7 
0.00256983 0.00267836 7 
0.00256793 0.00257898 7 
0.00256557 0.00283566 7 
0.00255825 0.00258072 7 
0.00255513 0.00260387 7 
0.00255338 0.00256894 7 
0.00255322 0.00263064 7 
0.00254914 0.00273916 7 
0.0025477 0.00260493 7 
0.00254555 0.0025715 7 
0.00254232 0.00264306 7 
0.00254222 0.00257776 7 
0.00253481 0.00260412 7 
0.00253173 0.00255605 7 
0.00252874 0.00260987 7 
0.0025277 0.00257445 7 
0.00252047 0.00280605 7 
0.00252 0.00263571 7 
0.00251925 0.00253106 7 
0.00251811 0.00256906 7 
0.00250785 0.00253868 7 
0.00250703 0.00251163 7 
0.00250382 0.002716 7 
0.00249258 0.00256704 7 
0.00249094 0.00251639 7 
0.00248818 0.00258683 7 
0.00248777 0.0026671 7 
0.00248488 0.00251711 7 
0.0024842 0.0026507 7 
0.00248253 0.002506 7 
0.00247957 0.00254094 7 
0.00247656 0.00276519 7 
0.00247609 0.00248027 7 
0.00246696 0.00247195 7 
0.00246606 0.00258408 7 
0.00246109 0.00251455 7 
0.00245834 0.00260889 7 
0.00245674 0.0027301 7 
0.00245296 0.00262935 7 
0.00245181 0.00270026 7 
0.00245114 0.00255461 7 
0.00245094 0.00257214 7 
0.00245033 0.0024957 7 
0.00244065 0.00260301 7 
0.00244029 0.00244276 7 
0.00243807 0.00255608 7 
0.00243754 0.00257299 7 
0.00243428 0.00255569 7 
0.00243372 0.00251077 7 
0.00243269 0.00266299 7 
0.00243248 0.00251873 7 
0.00243243 0.00259996 7 
0.00243201 0.00253969 7 
0.00242916 0.00255608 7 
0.00242742 0.00261151 7 
0.00242554 0.00256274 7 
0.00242399 0.00259863 7 
0.00242179 0.00249104 7 
0.00242018 0.00258314 7 
0.00241944 0.00262657 7 
0.00241857 0.00245945 7 
0.00241855 0.00254774 7 
0.002418 0.00242518 7 
0.00241789 0.00260412 7 
0.00241728 0.00263774 7 
0.00241525 0.00252856 7 
0.00241398 0.00258477 7 
0.00241173 0.00251208 7 
0.00240826 0.00245903 7 
0.00240583 0.00247791 7 
0.00240546 0.00257445 7 
0.00240116 0.0024957 7 
0.00240032 0.00242636 7 
0.00239707 0.00251639 7 
0.00239098 0.00240107 7 
0.00238749 0.00248641 7 
0.00238057 0.00239752 7 
0.00238024 0.00247416 7 
0.00237736 0.00261653 7 
0.00237558 0.00269964 7 
0.00237504 0.00248952 7 
0.00237176 0.00251172 7 
0.00236703 0.00250658 7 
0.00236599 0.00238174 7 
0.00236261 0.00261719 7 
0.0023619 0.00247551 7 
0.00236144 0.00245558 7 
0.00235402 0.00270045 7 
0.00234945 0.00249344 7 
0.00234943 0.00263788 7 
0.00234153 0.00275782 7 
0.00234124 0.00242518 7 
0.00234094 0.00243069 7 
0.00233931 0.00243304 7 
0.0023391 0.00273789 7 
0.00233243 0.00254727 7 
0.00233189 0.00245852 7 
0.00233072 0.00262657 7 
0.0023207 0.00252856 7 
0.00231864 0.00268713 7 
0.00229831 0.00248641 7 
0.00229752 0.00260612 7 
0.00229307 0.0024436 7 
0.00229122 0.00262307 7 
0.00228945 0.00262767 7 
0.00228803 0.00233331 7 
0.00227841 0.00233331 7 
0.00227409 0.00247011 7 
0.00227236 0.0022784 7 
0.00227027 0.00259031 7 
0.00226693 0.00242554 7 
0.002263 0.00227949 7 
0.00225411 0.00263092 7 
0.00224417 0.00249331 7 
0.00223915 0.00246432 7 
0.00223689 0.00235631 7 
0.00223387 0.00231555 7 
0.00223327 0.00252572 7 
0.0022318 0.00262172 7 
0.00223082 0.00251658 7 
0.0022278 0.00254164 7 
0.00222632 0.00263064 7 
0.00222156 0.00239253 7 
0.00221957 0.00257175 7 
0.00221399 0.0025466 7 
0.00220994 0.00235292 7 
0.00220882 0.00250748 7 
0.00215902 0.00217108 7 
0.00214977 0.00218571 7 
0.0015436 0.00157655 8 
0.00153482 0.00154974 8 
0.00152858 0.00163369 8 
0.00146851 0.00153383 8 
0.00146353 0.00146992 8 
0.00146079 0.0014658 8 
0.0014581 0.00155321 8 
0.00145596 0.00147395 8 
0.00145123 0.00155587 8 
0.00144543 0.00149294 8 
0.00141219 0.00145431 8 
0.0014036 0.00142698 8 
0.00140138 0.00141981 8 
0.00138452 0.00139886 8 
0.00137442 0.00141544 8 
0.00137198 0.00137451 8 
0.0013664 0.00136943 8 
0.00136582 0.00144896 8 
0.00134584 0.00135949 8 
0.00133982 0.00138833 8 
0.00133883 0.0013662 8 
0.00133789 0.0014318 8 
0.00133737 0.00144689 8 
0.00133283 0.00133959 8 
0.00133162 0.0014171 8 
0.00132699 0.00137709 8 
0.00132495 0.001372 8 
0.00132434 0.00133801 8 
0.00132155 0.00133654 8 
0.00131988 0.00133854 8 
0.00131842 0.00147468 8 
0.00131513 0.00152214 8 
0.0013076 0.00135071 8 
0.00130094 0.00130185 8 
0.00129944 0.00130497 8 
0.00129821 0.00140343 8 
0.00129798 0.00134515 8 
0.00129729 0.00134051 8 
0.00129302 0.0013155 8 
0.00129272 0.00136749 8 
0.00129071 0.00130265 8 
0.00128654 0.00135346 8 
0.00128592 0.00131354 8 
0.00128471 0.00143487 8 
0.00128351 0.0013708 8 
0.00128281 0.00132909 8 
0.00128228 0.00140683 8 
0.00128133 0.00132897 8 
0.00127994 0.00130926 8 
0.00127954 0.0013489 8 
0.0012784 0.00135833 8 
0.00127616 0.00131951 8 
0.00127308 0.00129453 8 
0.00127247 0.00136633 8 
0.00127231 0.0013193 8 
0.00127113 0.00129075 8 
0.00126877 0.0012946 8 
0.00126351 0.0013838 8 
0.00126187 0.00129414 8 
0.00126148 0.0014353 8 
0.00125899 0.00141191 8 
0.00125881 0.0012939 8 
0.00125837 0.00136304 8 
0.00125629 0.00134941 8 
0.00125257 0.00131632 8 
0.00125233 0.00130982 8 
0.00125231 0.00129444 8 
0.00125215 0.00134051 8 
0.00125212 0.00132691 8 
0.00124921 0.00126479 8 
0.00124919 0.00125029 8 
0.00124768 0.00128317 8 
0.00124763 0.00127778 8 
0.0012464 0.00132816 8 
0.00124586 0.00125119 8 
0.00124583 0.00131058 8 
0.00124502 0.00135071 8 
0.00124163 0.00130581 8 
0.00124052 0.00131117 8 
0.00123928 0.00130993 8 
0.00123888 0.00136989 8 
0.00123472 0.00128409 8 
0.00123333 0.00130524 8 
0.0012324 0.00134898 8 
0.0012314 0.00128002 8 
0.00123077 0.00123733 8 
0.00122992 0.00128116 8 
0.00122936 0.00133986 8 
0.00122765 0.00128571 8 
0.00122667 0.00124259 8 
0.00122629 0.00129075 8 
0.00122465 0.00129486 8 
0.00122299 0.0012326 8 
0.00122232 0.00127019 8 
0.0012222 0.00122327 8 
0.00122117 0.00128134 8 
0.00122077 0.00125829 8 
0.00122055 0.00130185 8 
0.00122032 0.00140852 8 
0.00121821 0.00140412 8 
0.00121132 0.00126967 8 
0.00121129 0.00132999 8 
0.00120365 0.0013662 8 
0.00120308 0.00121148 8 
0.00120268 0.00126479 8 
0.00120261 0.00136192 8 
0.00120193 0.00121148 8 
0.00120082 0.00135594 8 
0.00119939 0.00133854 8 
0.00119446 0.00139643 8 
0.00118892 0.00122974 8 
0.00118785 0.0013917 8 
0.00118266 0.00134987 8 
0.0011817 0.00126779 8 
0.00118141 0.00121912 8 
0.00117939 0.00122488 8 
0.0011756 0.00136625 8 
0.00117302 0.00118233 8 
0.00117296 0.00133937 8 
0.00117176 0.00133434 8 
0.00116946 0.00127097 8 
0.0011665 0.00116712 8 
0.00116519 0.00122643 8 
0.00115966 0.00128751 8 
0.00115853 0.00116927 8 
0.00115285 0.00118953 8 
0.00115232 0.00135599 8 
0.00115053 0.00119126 8 
0.00115051 0.00126743 8 
0.00114995 0.00120113 8 
0.00114921 0.00131927 8 
0.00114855 0.00126833 8 
0.00114838 0.00132256 8 
0.00114237 0.00130524 8 
0.0011389 0.00121271 8 
0.00113706 0.00137228 8 
0.00113412 0.00128341 8 
0.00113226 0.00123355 8 
0.00113188 0.00119702 8 
0.00112888 0.00129238 8 
0.00112589 0.00129505 8 
0.00111703 0.00113436 8 
0.00110845 0.00133174 8 
0.0010925 0.00110409 8 
0.000796448 0.000868124 9 
0.000780655 0.000784233 9 
0.000776653 0.000799776 9 
0.000776383 0.000793114 9 
0.000762804 0.000767722 9 
0.000762777 0.000825975 9 
0.000759022 0.000770868 9 
0.000742211 0.000765014 9 
0.000740126 0.00074134 9 
0.000731534 0.000742247 9 
0.000715288 0.000754397 9 
0.000713238 0.000721781 9 
0.000711948 0.000716748 9 
0.000709739 0.000754221 9 
0.000701515 0.00073883 9 
0.000699882 0.00070112 9 
0.000696822 0.000712514 9 
0.000695693 0.000743737 9 
0.000693166 0.000718278 9 
0.000686959 0.000697048 9 
0.000686142 0.000707646 9 
0.00068282 0.000773246 9 
0.000681862 0.000697048 9 
0.000680093 0.000703155 9 
0.000679313 0.000717368 9 
0.000678505 0.000729746 9 
0.000677974 0.000741068 9 
0.000677776 0.000705171 9 
0.000675809 0.000687136 9 
0.000674808 0.000689882 9 
0.000672559 0.000784791 9 
0.000669763 0.000702752 9 
0.000667443 0.000692669 9 
0.000667277 0.000669094 9 
0.00066691 0.000701951 9 
0.000665059 0.000678737 9 
0.000664768 0.00068587 9 
0.000664016 0.000709868 9 
0.000663728 0.00072283 9 
0.000662671 0.000689389 9 
0.000661043 0.000699752 9 
0.000660648 0.000701849 9 
0.000660115 0.000687545 9 
0.000659861 0.000740644 9 
0.000658996 0.000661104 9 
0.000658116 0.000707149 9 
0.000653843 0.000697431 9 
0.000652398 0.000678137 9 
0.00065196 0.000682838 9 
0.000651132 0.000723389 9 
0.000650868 0.00066971 9 
0.000650439 0.000691848 9 
0.000649852 0.000674878 9 
0.000649333 0.00067482 9 
0.000648876 0.000719383 9 
0.000648666 0.000697014 9 
0.00064864 0.000652566 9 
0.000648357 0.000692454 9 
0.000648267 0.000741624 9 
0.000647904 0.000661784 9 
0.000646336 0.000707301 9 
0.000645582 0.000704025 9 
0.000644717 0.000680441 9 
0.000644597 0.000673271 9 
0.000644273 0.000658499 9 
0.000643586 0.000645278 9 
0.000643006 0.00067908 9 
0.000640636 0.000718869 9 
0.000639143 0.00067463 9 
0.000638379 0.000645278 9 
0.000637959 0.000676789 9 
0.000637929 0.000667527 9 
0.000637679 0.000668817 9 
0.000636969 0.000666901 9 
0.000636163 0.000680254 9 
0.000635816 0.000704521 9 
0.000634778 0.000666305 9 
0.000634188 0.000666799 9 
0.000633774 0.000702482 9 
0.000633039 0.000673394 9 
0.000632308 0.000661784 9 
0.000632307 0.000736397 9 
0.000632244 0.000672663 9 
0.000631294 0.000649799 9 
0.000631181 0.000689389 9 
0.000630713 0.000638738 9 
0.000629876 0.000678126 9 
0.000626336 0.000707301 9 
0.000624739 0.000628024 9 
0.000624512 0.000730976 9 
0.000623458 0.000636546 9 
0.000621785 0.000685625 9 
0.000621758 0.000700469 9 
0.00061989 0.000643064 9 
0.000618297 0.000693474 9 
0.000617499 0.000644993 9 
0.000615855 0.000708973 9 
0.000612884 0.000714371 9 
0.000612175 0.000701251 9 
0.00060856 0.000709658 9 
0.000606905 0.00062748 9 
0.000604493 0.000646153 9 
0.00060354 0.000656886 9 
0.000603066 0.000619572 9 
0.00060272 0.000640503 9 
0.000601853 0.000633735 9 
0.0006018 0.000609075 9 
0.000601384 0.000666901 9 
0.000600768 0.000657624 9 
0.000599723 0.000620969 9 
0.000598928 0.000676063 9 
0.000597733 0.000667429 9 
0.000596755 0.000691022 9 
0.000595643 0.000649628 9 
0.000595029 0.000615067 9 
0.000595004 0.000702556 9 
0.000590681 0.000677324 9 
0.000589585 0.000617008 9 
0.000588553 0.0006108 9 
0.000585627 0.000710897 9 
0.000582114 0.000659917 9 
0.000580609 0.000619698 9 
0.000580559 0.000674751 9 
0.000579301 0.000624313 9 
0.0005772 0.000663093 9 
0.00057667 0.000599477 9 
0.000573823 0.000697405 9 
0.000562345 0.000563798 9 
