0 0.502101 0 
0 0.502341 0 
0 0.502726 0 
0 0.503506 0 
0 0.50354 0 
0 0.503644 0 
0 0.50426 0 
0 0.504386 0 
0 0.504419 0 
0 0.505383 0 
0 0.505392 0 
0 0.505415 0 
0 0.505566 0 
0 0.50565 0 
0 0.505784 0 
0 0.505802 0 
0 0.505833 0 
0 0.505853 0 
0 0.506406 0 
0 0.506751 0 
0 0.506828 0 
0 0.506828 0 
0 0.506968 0 
0 0.507012 0 
0 0.507053 0 
0 0.507188 0 
0 0.507242 0 
0 0.507266 0 
0 0.507405 0 
0 0.507445 0 
0 0.507492 0 
0 0.507581 0 
0 0.50768 0 
0 0.5077 0 
0 0.507717 0 
0 0.508092 0 
0 0.508251 0 
0 0.508263 0 
0 0.508272 0 
0 0.508291 0 
0 0.508422 0 
0 0.508487 0 
0 0.508492 0 
0 0.508519 0 
0 0.508529 0 
0 0.508638 0 
0 0.508644 0 
0 0.508649 0 
0 0.508684 0 
0 0.508707 0 
0 0.508738 0 
0 0.508765 0 
0 0.508875 0 
0 0.508913 0 
0 0.508924 0 
0 0.508977 0 
0 0.50898 0 
0 0.508995 0 
0 0.509083 0 
0 0.50918 0 
0 0.509191 0 
0 0.509212 0 
0 0.50923 0 
0 0.509265 0 
0 0.509283 0 
0 0.50932 0 
0 0.509323 0 
0 0.509379 0 
0 0.509502 0 
0 0.509559 0 
0 0.509571 0 
0 0.509572 0 
0 0.509582 0 
0 0.509591 0 
0 0.50965 0 
0 0.509807 0 
0 0.509812 0 
0 0.509824 0 
0 0.509836 0 
0 0.509929 0 
0 0.510017 0 
0 0.51002 0 
0 0.510066 0 
0 0.510069 0 
0 0.510096 0 
0 0.510196 0 
0 0.510277 0 
0 0.510307 0 
0 0.510329 0 
0 0.510352 0 
0 0.510392 0 
0 0.510394 0 
0 0.510493 0 
0 0.510548 0 
0 0.510548 0 
0 0.510617 0 
0 0.510629 0 
0 0.510647 0 
0 0.510724 0 
0 0.510741 0 
0 0.510766 0 
0 0.510776 0 
0 0.510788 0 
0 0.510805 0 
0 0.510871 0 
0 0.510912 0 
0 0.511031 0 
0 0.511136 0 
0 0.511291 0 
0 0.511295 0 
0 0.511301 0 
0 0.511351 0 
0 0.511477 0 
0 0.511816 0 
0 0.511865 0 
0 0.511926 0 
0 0.512053 0 
0 0.512092 0 
0 0.512201 0 
0 0.512307 0 
0 0.512368 0 
0 0.512403 0 
0 0.512609 0 
0 0.512757 0 
0 0.512859 0 
0 0.51332 0 
0 0.51357 0 
0 inf 0 
0 0.19529 1 
0 0.195493 1 
0 0.195714 1 
0 0.19641 1 
0 0.19649 1 
0 0.196672 1 
0 0.196918 1 
0 0.196974 1 
0 0.197479 1 
0 0.197533 1 
0 0.19773 1 
0 0.198574 1 
0 0.198814 1 
0 0.198826 1 
0 0.198886 1 
0 0.199042 1 
0 0.199247 1 
0 0.199311 1 
0 0.199397 1 
0 0.199437 1 
0 0.199518 1 
0 0.199805 1 
0 0.199845 1 
0 0.200035 1 
0 0.200071 1 
0 0.200163 1 
0 0.200237 1 
0 0.200246 1 
0 0.200255 1 
0 0.200286 1 
0 0.200318 1 
0 0.200424 1 
0 0.200513 1 
0 0.200536 1 
0 0.200559 1 
0 0.200573 1 
0 0.200586 1 
0 0.200629 1 
0 0.200641 1 
0 0.200662 1 
0 0.200681 1 
0 0.200727 1 
0 0.200778 1 
0 0.200841 1 
0 0.200863 1 
0 0.200864 1 
0 0.200898 1 
0 0.200937 1 
0 0.200973 1 
0 0.201041 1 
0 0.201121 1 
0 0.201202 1 
0 0.201211 1 
0 0.201291 1 
0 0.201359 1 
0 0.201359 1 
0 0.201387 1 
0 0.201413 1 
0 0.201443 1 
0 0.201454 1 
0 0.201492 1 
0 0.201523 1 
0 0.201553 1 
0 0.201577 1 
0 0.201627 1 
0 0.20169 1 
0 0.20169 1 
0 0.201699 1 
0 0.20172 1 
0 0.201752 1 
0 0.201809 1 
0 0.201879 1 
0 0.201943 1 
0 0.201968 1 
0 0.201975 1 
0 0.201997 1 
0 0.202006 1 
0 0.20207 1 
0 0.202083 1 
0 0.202133 1 
0 0.202136 1 
0 0.202167 1 
0 0.202175 1 
0 0.202227 1 
0 0.202237 1 
0 0.202266 1 
0 0.202291 1 
0 0.202317 1 
0 0.202378 1 
0 0.202391 1 
0 0.202406 1 
0 0.202571 1 
0 0.202586 1 
0 0.202627 1 
0 0.202641 1 
0 0.202701 1 
0 0.202732 1 
0 0.202743 1 
0 0.202782 1 
0 0.202959 1 
0 0.203092 1 
0 0.203161 1 
0 0.203215 1 
0 0.203222 1 
0 0.203287 1 
0 0.203403 1 
0 0.203555 1 
0 0.2036 1 
0 0.203624 1 
0 0.203651 1 
0 0.203691 1 
0 0.203697 1 
0 0.203774 1 
0 0.203853 1 
0 0.203885 1 
0 0.203913 1 
0 0.203917 1 
0 0.203936 1 
0 0.203968 1 
0 0.20399 1 
0 0.204161 1 
0 0.204236 1 
0 0.204264 1 
0 0.204481 1 
0 0.204702 1 
0 0.205487 1 
0 0.205755 1 
0 inf 1 
0 0.0801678 2 
0 0.080984 2 
0 0.0815328 2 
0 0.0817444 2 
0 0.0819965 2 
0 0.0824025 2 
0 0.0825811 2 
0 0.0827093 2 
0 0.0832277 2 
0 0.0832421 2 
0 0.0835446 2 
0 0.0836967 2 
0 0.0837076 2 
0 0.0837484 2 
0 0.0837641 2 
0 0.0837931 2 
0 0.0838683 2 
0 0.0840199 2 
0 0.0841511 2 
0 0.0842137 2 
0 0.0843256 2 
0 0.0843337 2 
0 0.0843865 2 
0 0.0843922 2 
0 0.0844282 2 
0 0.0844439 2 
0 0.0845276 2 
0 0.0845327 2 
0 0.0846464 2 
0 0.0846697 2 
0 0.0847045 2 
0 0.0848104 2 
0 0.0848358 2 
0 0.0848436 2 
0 0.0848495 2 
0 0.0848621 2 
0 0.0848886 2 
0 0.0849337 2 
0 0.0849833 2 
0 0.0850905 2 
0 0.0851443 2 
0 0.0852382 2 
0 0.0852593 2 
0 0.0852624 2 
0 0.0854226 2 
0 0.0854805 2 
0 0.0855131 2 
0 0.0855851 2 
0 0.0856717 2 
0 0.0857513 2 
0 0.0857861 2 
0 0.0858095 2 
0 0.0858201 2 
0 0.0858226 2 
0 0.0858524 2 
0 0.0858984 2 
0 0.0859044 2 
0 0.0859282 2 
0 0.0859308 2 
0 0.0859884 2 
0 0.0859955 2 
0 0.0859959 2 
0 0.0860027 2 
0 0.0860064 2 
0 0.086047 2 
0 0.0860936 2 
0 0.0861295 2 
0 0.0861389 2 
0 0.0861492 2 
0 0.0861518 2 
0 0.0861544 2 
0 0.0861786 2 
0 0.0861991 2 
0 0.0862018 2 
0 0.0862592 2 
0 0.0862728 2 
0 0.086291 2 
0 0.0862978 2 
0 0.0863313 2 
0 0.0863995 2 
0 0.0864351 2 
0 0.0864375 2 
0 0.0865368 2 
0 0.0865461 2 
0 0.0865493 2 
0 0.0865574 2 
0 0.0865657 2 
0 0.0865792 2 
0 0.086641 2 
0 0.0866849 2 
0 0.0866855 2 
0 0.086771 2 
0 0.0868407 2 
0 0.0869898 2 
0 0.0870039 2 
0 0.0870297 2 
0 0.08706 2 
0 0.0870795 2 
0 0.0871676 2 
0 0.0872343 2 
0 0.0873037 2 
0 0.0873087 2 
0 0.0873602 2 
0 0.0873718 2 
0 0.0873756 2 
0 0.0874335 2 
0 0.0874671 2 
0 0.0874937 2 
0 0.0875411 2 
0 0.087586 2 
0 0.0875985 2 
0 0.0876979 2 
0 0.0877048 2 
0 0.0877488 2 
0 0.0877508 2 
0 0.0878469 2 
0 0.0878731 2 
0 0.0881587 2 
0 0.0881657 2 
0 0.0883313 2 
0 0.0883372 2 
0 0.0884091 2 
0 0.0884727 2 
0 0.0889481 2 
0 0.0889653 2 
0 0.0899498 2 
0 0.0902862 2 
0 inf 2 
0 0.0348239 3 
0 0.0355433 3 
0 0.0358719 3 
0 0.0361526 3 
0 0.0361647 3 
0 0.0363547 3 
0 0.0364086 3 
0 0.0364247 3 
0 0.0369472 3 
0 0.0370426 3 
0 0.0370723 3 
0 0.0371038 3 
0 0.0371168 3 
0 0.0371768 3 
0 0.0371918 3 
0 0.0371991 3 
0 0.0372272 3 
0 0.037321 3 
0 0.0374064 3 
0 0.0374633 3 
0 0.0374737 3 
0 0.0374856 3 
0 0.0375575 3 
0 0.0375634 3 
0 0.0376417 3 
0 0.0376446 3 
0 0.03767 3 
0 0.0377031 3 
0 0.0377415 3 
0 0.03779 3 
0 0.038052 3 
0 0.0380804 3 
0 0.0381013 3 
0 0.0381084 3 
0 0.0381285 3 
0 0.0381298 3 
0 0.0381325 3 
0 0.0381451 3 
0 0.038192 3 
0 0.0382041 3 
0 0.0382628 3 
0 0.0382707 3 
0 0.0383087 3 
0 0.0384018 3 
0 0.0384228 3 
0 0.0384872 3 
0 0.0385083 3 
0 0.0385496 3 
0 0.0385999 3 
0 0.0386412 3 
0 0.0386765 3 
0 0.038688 3 
0 0.0386884 3 
0 0.038715 3 
0 0.0387194 3 
0 0.0387245 3 
0 0.0387259 3 
0 0.0387456 3 
0 0.0387748 3 
0 0.0387916 3 
0 0.0388172 3 
0 0.0388241 3 
0 0.0388322 3 
0 0.0388577 3 
0 0.0388836 3 
0 0.0388889 3 
0 0.0389152 3 
0 0.0389903 3 
0 0.0390169 3 
0 0.0390753 3 
0 0.0391219 3 
0 0.0391259 3 
0 0.0391274 3 
0 0.0391746 3 
0 0.0392413 3 
0 0.0392578 3 
0 0.0392716 3 
0 0.0392819 3 
0 0.0392889 3 
0 0.0392939 3 
0 0.0393109 3 
0 0.0393492 3 
0 0.0393684 3 
0 0.0394103 3 
0 0.039428 3 
0 0.0394694 3 
0 0.0394986 3 
0 0.0395201 3 
0 0.0395266 3 
0 0.0395364 3 
0 0.0395381 3 
0 0.0395923 3 
0 0.0395941 3 
0 0.0396041 3 
0 0.0396853 3 
0 0.0396874 3 
0 0.0397673 3 
0 0.0397878 3 
0 0.0398131 3 
0 0.0398763 3 
0 0.0399505 3 
0 0.0399627 3 
0 0.0400025 3 
0 0.0400068 3 
0 0.0400093 3 
0 0.0400111 3 
0 0.0400547 3 
0 0.0401097 3 
0 0.0401197 3 
0 0.0401525 3 
0 0.040157 3 
0 0.0401607 3 
0 0.0401916 3 
0 0.0402538 3 
0 0.0402547 3 
0 0.0403323 3 
0 0.0403332 3 
0 0.0403416 3 
0 0.0404209 3 
0 0.0406087 3 
0 0.0407061 3 
0 0.0407729 3 
0 0.0407934 3 
0 0.0410685 3 
0 0.0413863 3 
0 0.0421757 3 
0 0.0423057 3 
0 inf 3 
0 0.0158856 4 
0 0.0163355 4 
0 0.0165801 4 
0 0.0166046 4 
0 0.0166366 4 
0 0.0167305 4 
0 0.0167632 4 
0 0.0168069 4 
0 0.0168844 4 
0 0.0169437 4 
0 0.0170408 4 
0 0.0170701 4 
0 0.0171782 4 
0 0.0172077 4 
0 0.017219 4 
0 0.0173077 4 
0 0.0173412 4 
0 0.0174419 4 
0 0.0174584 4 
0 0.0174818 4 
0 0.0174888 4 
0 0.017493 4 
0 0.0175083 4 
0 0.0175119 4 
0 0.0175157 4 
0 0.0175182 4 
0 0.0175435 4 
0 0.0176002 4 
0 0.017735 4 
0 0.0177444 4 
0 0.0177568 4 
0 0.0177884 4 
0 0.0177971 4 
0 0.0178006 4 
0 0.0178047 4 
0 0.0178084 4 
0 0.0178262 4 
0 0.0178414 4 
0 0.0178626 4 
0 0.0179115 4 
0 0.0179253 4 
0 0.0179698 4 
0 0.0179882 4 
0 0.0180618 4 
0 0.0180667 4 
0 0.0180702 4 
0 0.0181034 4 
0 0.0181093 4 
0 0.018136 4 
0 0.0181479 4 
0 0.0181495 4 
0 0.0181724 4 
0 0.0182115 4 
0 0.0182116 4 
0 0.0182479 4 
0 0.0182778 4 
0 0.0182926 4 
0 0.0182965 4 
0 0.0183044 4 
0 0.0183143 4 
0 0.0183174 4 
0 0.0183508 4 
0 0.0183663 4 
0 0.0184014 4 
0 0.0184091 4 
0 0.0184197 4 
0 0.0184333 4 
0 0.0184666 4 
0 0.0184713 4 
0 0.0184872 4 
0 0.0184882 4 
0 0.0184902 4 
0 0.0185527 4 
0 0.0185878 4 
0 0.0186043 4 
0 0.0186302 4 
0 0.0186626 4 
0 0.0186826 4 
0 0.0186857 4 
0 0.0187346 4 
0 0.0187479 4 
0 0.0187669 4 
0 0.0187675 4 
0 0.0187695 4 
0 0.0187711 4 
0 0.0187989 4 
0 0.0188195 4 
0 0.0188258 4 
0 0.0188338 4 
0 0.0188926 4 
0 0.0189165 4 
0 0.0189209 4 
0 0.0189315 4 
0 0.0189322 4 
0 0.0189354 4 
0 0.0189699 4 
0 0.0190003 4 
0 0.0190165 4 
0 0.0190252 4 
0 0.0190357 4 
0 0.0190501 4 
0 0.0190518 4 
0 0.0190876 4 
0 0.0191147 4 
0 0.0191317 4 
0 0.0191541 4 
0 0.0191646 4 
0 0.0191726 4 
0 0.0192033 4 
0 0.0192061 4 
0 0.0192412 4 
0 0.0192453 4 
0 0.0192592 4 
0 0.0193085 4 
0 0.0193108 4 
0 0.0193348 4 
0 0.0193475 4 
0 0.0194934 4 
0 0.0195164 4 
0 0.0195505 4 
0 0.0195791 4 
0 0.0196165 4 
0 0.019617 4 
0 0.0198373 4 
0 0.0201556 4 
0 0.0203992 4 
0 0.0204373 4 
0 inf 4 
0 0.00754931 5 
0 0.0077708 5 
0 0.00778111 5 
0 0.00787368 5 
0 0.00793053 5 
0 0.00798547 5 
0 0.0079948 5 
0 0.0080166 5 
0 0.00803501 5 
0 0.00811775 5 
0 0.00815019 5 
0 0.00815113 5 
0 0.00821236 5 
0 0.00822439 5 
0 0.00828933 5 
0 0.00830668 5 
0 0.00831963 5 
0 0.00832436 5 
0 0.00832911 5 
0 0.00839179 5 
0 0.0084175 5 
0 0.00842673 5 
0 0.00845428 5 
0 0.008456 5 
0 0.0084666 5 
0 0.00847324 5 
0 0.00849484 5 
0 0.00849755 5 
0 0.008524 5 
0 0.00853073 5 
0 0.00854493 5 
0 0.00854555 5 
0 0.00857973 5 
0 0.00858436 5 
0 0.0086094 5 
0 0.00861201 5 
0 0.0086236 5 
0 0.00864938 5 
0 0.00867656 5 
0 0.00871135 5 
0 0.00874248 5 
0 0.00874857 5 
0 0.00874906 5 
0 0.00875274 5 
0 0.00876079 5 
0 0.00878286 5 
0 0.00878863 5 
0 0.00881789 5 
0 0.00881955 5 
0 0.00883469 5 
0 0.00883931 5 
0 0.00884541 5 
0 0.00884906 5 
0 0.00884957 5 
0 0.00885584 5 
0 0.00886953 5 
0 0.00887054 5 
0 0.00887237 5 
0 0.00889214 5 
0 0.00889513 5 
0 0.00889713 5 
0 0.008899 5 
0 0.00890134 5 
0 0.00892826 5 
0 0.00896505 5 
0 0.0089864 5 
0 0.00899443 5 
0 0.00899525 5 
0 0.00900778 5 
0 0.00902307 5 
0 0.0090402 5 
0 0.00905806 5 
0 0.00908671 5 
0 0.00911147 5 
0 0.00911335 5 
0 0.00911823 5 
0 0.00912882 5 
0 0.00914251 5 
0 0.00914585 5 
0 0.00917457 5 
0 0.00919324 5 
0 0.00919624 5 
0 0.00920873 5 
0 0.00921259 5 
0 0.00922213 5 
0 0.00925806 5 
0 0.00926387 5 
0 0.0092913 5 
0 0.00929463 5 
0 0.00929793 5 
0 0.00930241 5 
0 0.00930572 5 
0 0.00933181 5 
0 0.00933403 5 
0 0.00933533 5 
0 0.00934234 5 
0 0.00936593 5 
0 0.00936619 5 
0 0.0093702 5 
0 0.00937607 5 
0 0.00939665 5 
0 0.00942128 5 
0 0.00943285 5 
0 0.00943597 5 
0 0.00943703 5 
0 0.00944291 5 
0 0.00944584 5 
0 0.00945593 5 
0 0.0094612 5 
0 0.0094808 5 
0 0.00948205 5 
0 0.00948782 5 
0 0.00949391 5 
0 0.00954289 5 
0 0.00956384 5 
0 0.00960913 5 
0 0.00968537 5 
0 0.00970723 5 
0 0.00971587 5 
0 0.00974511 5 
0 0.00976276 5 
0 0.00980738 5 
0 0.0098206 5 
0 0.00987637 5 
0 0.0101083 5 
0 0.0101378 5 
0 0.0101635 5 
0 inf 5 
0 0.0037078 6 
0 0.00373999 6 
0 0.00379182 6 
0 0.00381596 6 
0 0.00383367 6 
0 0.00386505 6 
0 0.0039434 6 
0 0.00396226 6 
0 0.00396795 6 
0 0.0040045 6 
0 0.00401845 6 
0 0.00402364 6 
0 0.00403403 6 
0 0.0040405 6 
0 0.00404499 6 
0 0.00404858 6 
0 0.00407018 6 
0 0.00409233 6 
0 0.00409718 6 
0 0.00412674 6 
0 0.00413766 6 
0 0.00416634 6 
0 0.00417773 6 
0 0.00417965 6 
0 0.00420074 6 
0 0.00421273 6 
0 0.00421614 6 
0 0.00422294 6 
0 0.00422308 6 
0 0.00422981 6 
0 0.0042311 6 
0 0.00423471 6 
0 0.00425983 6 
0 0.00426468 6 
0 0.00426545 6 
0 0.00427541 6 
0 0.00428664 6 
0 0.00429522 6 
0 0.00431576 6 
0 0.00431615 6 
0 0.00431953 6 
0 0.00432772 6 
0 0.00432811 6 
0 0.0043431 6 
0 0.00434566 6 
0 0.00435493 6 
0 0.00435774 6 
0 0.00436255 6 
0 0.00437334 6 
0 0.00437356 6 
0 0.00437495 6 
0 0.00439229 6 
0 0.00439855 6 
0 0.00440676 6 
0 0.00440845 6 
0 0.00441023 6 
0 0.00441083 6 
0 0.00441486 6 
0 0.00442171 6 
0 0.00443813 6 
0 0.00444015 6 
0 0.00444132 6 
0 0.00444155 6 
0 0.0044627 6 
0 0.00446817 6 
0 0.00447383 6 
0 0.00448041 6 
0 0.00449089 6 
0 0.00449466 6 
0 0.00450115 6 
0 0.00451455 6 
0 0.0045352 6 
0 0.00453766 6 
0 0.00454147 6 
0 0.0045446 6 
0 0.00455048 6 
0 0.00456083 6 
0 0.00456541 6 
0 0.00457198 6 
0 0.00459057 6 
0 0.00459147 6 
0 0.00461479 6 
0 0.00461703 6 
0 0.00462069 6 
0 0.00463041 6 
0 0.00463051 6 
0 0.00463591 6 
0 0.00465059 6 
0 0.00466052 6 
0 0.00466339 6 
0 0.00466684 6 
0 0.00467522 6 
0 0.0046762 6 
0 0.00468324 6 
0 0.00468898 6 
0 0.00471133 6 
0 0.00471955 6 
0 0.00472242 6 
0 0.00472374 6 
0 0.00473927 6 
0 0.00474914 6 
0 0.00475123 6 
0 0.00475705 6 
0 0.00476021 6 
0 0.00476963 6 
0 0.00477565 6 
0 0.00478553 6 
0 0.0047865 6 
0 0.0047941 6 
0 0.00480012 6 
0 0.00480471 6 
0 0.00483167 6 
0 0.00483504 6 
0 0.00484506 6 
0 0.00484929 6 
0 0.00487395 6 
0 0.00489394 6 
0 0.00489721 6 
0 0.004903 6 
0 0.00492342 6 
0 0.00500556 6 
0 0.00501245 6 
0 0.00503883 6 
0 0.00505258 6 
0 0.00508111 6 
0 0.00518414 6 
0 0.00519124 6 
0 inf 6 
0 0.00183201 7 
0 0.00186839 7 
0 0.00187329 7 
0 0.00188589 7 
0 0.00191059 7 
0 0.00191299 7 
0 0.00197687 7 
0 0.00198246 7 
0 0.00200135 7 
0 0.00200446 7 
0 0.0020061 7 
0 0.00200988 7 
0 0.00201212 7 
0 0.00202422 7 
0 0.00202567 7 
0 0.00203137 7 
0 0.00203222 7 
0 0.0020535 7 
0 0.00206296 7 
0 0.00208224 7 
0 0.00208496 7 
0 0.00208568 7 
0 0.00210864 7 
0 0.00211964 7 
0 0.00212356 7 
0 0.00212369 7 
0 0.00212947 7 
0 0.00212954 7 
0 0.00213261 7 
0 0.00214062 7 
0 0.00214661 7 
0 0.00214861 7 
0 0.00214934 7 
0 0.00215035 7 
0 0.00215443 7 
0 0.00216153 7 
0 0.00216189 7 
0 0.00216384 7 
0 0.0021652 7 
0 0.0021665 7 
0 0.00216712 7 
0 0.00217175 7 
0 0.0021732 7 
0 0.00217974 7 
0 0.00219046 7 
0 0.00219177 7 
0 0.00219615 7 
0 0.00219965 7 
0 0.00219978 7 
0 0.0022007 7 
0 0.00220688 7 
0 0.0022099 7 
0 0.00221816 7 
0 0.00222816 7 
0 0.0022288 7 
0 0.00223192 7 
0 0.00223823 7 
0 0.00224123 7 
0 0.00224292 7 
0 0.00224855 7 
0 0.00225021 7 
0 0.00225983 7 
0 0.0022615 7 
0 0.00226505 7 
0 0.00226661 7 
0 0.00226727 7 
0 0.00226788 7 
0 0.00226794 7 
0 0.00227153 7 
0 0.00227201 7 
0 0.00227359 7 
0 0.00228889 7 
0 0.00229343 7 
0 0.00229525 7 
0 0.00230143 7 
0 0.00231026 7 
0 0.0023108 7 
0 0.00232958 7 
0 0.00233401 7 
0 0.00234086 7 
0 0.00234145 7 
0 0.00234401 7 
0 0.00234581 7 
0 0.00234634 7 
0 0.00236095 7 
0 0.0023713 7 
0 0.00237789 7 
0 0.00238097 7 
0 0.00238243 7 
0 0.002384 7 
0 0.00238737 7 
0 0.00239969 7 
0 0.00240489 7 
0 0.00240594 7 
0 0.00241867 7 
0 0.00241872 7 
0 0.00242321 7 
0 0.00242408 7 
0 0.00242448 7 
0 0.0024305 7 
0 0.00243101 7 
0 0.00243145 7 
0 0.00244608 7 
0 0.00244654 7 
0 0.00244974 7 
0 0.00245289 7 
0 0.00245854 7 
0 0.00246847 7 
0 0.00246945 7 
0 0.00248388 7 
0 0.0024853 7 
0 0.00248699 7 
0 0.00248886 7 
0 0.00248906 7 
0 0.00249701 7 
0 0.00250496 7 
0 0.0025166 7 
0 0.00251685 7 
0 0.00252244 7 
0 0.00255632 7 
0 0.00256063 7 
0 0.00258421 7 
0 0.00261352 7 
0 0.00262442 7 
0 0.00265285 7 
0 0.00266588 7 
0 0.00268896 7 
0 inf 7 
0 0.00091117 8 
0 0.000935472 8 
0 0.000951935 8 
0 0.000960143 8 
0 0.000964752 8 
0 0.000970964 8 
0 0.000980565 8 
0 0.0010137 8 
0 0.00101511 8 
0 0.00101578 8 
0 0.00102064 8 
0 0.00102298 8 
0 0.00102618 8 
0 0.00102878 8 
0 0.0010288 8 
0 0.00103584 8 
0 0.00104256 8 
0 0.00104831 8 
0 0.00105653 8 
0 0.00105879 8 
0 0.00105975 8 
0 0.00106891 8 
0 0.00107057 8 
0 0.00107609 8 
0 0.00108067 8 
0 0.0010807 8 
0 0.00108407 8 
0 0.00108806 8 
0 0.00108845 8 
0 0.00109477 8 
0 0.00109557 8 
0 0.00109678 8 
0 0.00109937 8 
0 0.00110039 8 
0 0.00110106 8 
0 0.00110137 8 
0 0.00110783 8 
0 0.00110786 8 
0 0.00110869 8 
0 0.00110937 8 
0 0.0011116 8 
0 0.00111185 8 
0 0.00111199 8 
0 0.00111305 8 
0 0.00111469 8 
0 0.00111479 8 
0 0.00111636 8 
0 0.00111769 8 
0 0.00111928 8 
0 0.00112895 8 
0 0.001133 8 
0 0.00113316 8 
0 0.00113574 8 
0 0.00114025 8 
0 0.00114046 8 
0 0.00114127 8 
0 0.00114293 8 
0 0.00114906 8 
0 0.00114958 8 
0 0.00115049 8 
0 0.00115205 8 
0 0.00115296 8 
0 0.00115305 8 
0 0.00115797 8 
0 0.0011585 8 
0 0.00116045 8 
0 0.00116143 8 
0 0.00116577 8 
0 0.00117019 8 
0 0.00117682 8 
0 0.00117796 8 
0 0.00117864 8 
0 0.00118698 8 
0 0.00118732 8 
0 0.00118943 8 
0 0.00119325 8 
0 0.00119577 8 
0 0.00119652 8 
0 0.00119866 8 
0 0.00121186 8 
0 0.00121231 8 
0 0.00121304 8 
0 0.00121531 8 
0 0.00122269 8 
0 0.00122295 8 
0 0.00122441 8 
0 0.00122659 8 
0 0.00123339 8 
0 0.00123831 8 
0 0.00123949 8 
0 0.00124044 8 
0 0.0012452 8 
0 0.00124595 8 
0 0.00124936 8 
0 0.0012503 8 
0 0.00125318 8 
0 0.00125751 8 
0 0.00125792 8 
0 0.00125819 8 
0 0.00125859 8 
0 0.00126225 8 
0 0.00126477 8 
0 0.00126583 8 
0 0.00126985 8 
0 0.00127445 8 
0 0.00128296 8 
0 0.00128784 8 
0 0.00128905 8 
0 0.00129201 8 
0 0.00129678 8 
0 0.00129879 8 
0 0.00130182 8 
0 0.00130451 8 
0 0.00130606 8 
0 0.00130668 8 
0 0.00130918 8 
0 0.0013098 8 
0 0.00131005 8 
0 0.00131043 8 
0 0.00132606 8 
0 0.00133029 8 
0 0.0013578 8 
0 0.00135897 8 
0 0.0013808 8 
0 0.0013978 8 
0 0.00139837 8 
0 0.00141343 8 
0 inf 8 
0 0.000458824 9 
0 0.000474162 9 
0 0.00048626 9 
0 0.000492762 9 
0 0.000494257 9 
0 0.00050084 9 
0 0.000501774 9 
0 0.000520158 9 
0 0.000520357 9 
0 0.000521103 9 
0 0.000522535 9 
0 0.000525373 9 
0 0.000533185 9 
0 0.00053321 9 
0 0.000533497 9 
0 0.000534417 9 
0 0.00053783 9 
0 0.00053888 9 
0 0.000542544 9 
0 0.000545677 9 
0 0.000550151 9 
0 0.00055279 9 
0 0.000552946 9 
0 0.000553365 9 
0 0.000554477 9 
0 0.000555425 9 
0 0.000556027 9 
0 0.000557843 9 
0 0.000558 9 
0 0.000558635 9 
0 0.000558899 9 
0 0.000559634 9 
0 0.000560137 9 
0 0.00056197 9 
0 0.00056617 9 
0 0.000567137 9 
0 0.000571432 9 
0 0.000571857 9 
0 0.000571997 9 
0 0.000573964 9 
0 0.000574711 9 
0 0.000574803 9 
0 0.000574929 9 
0 0.000575188 9 
0 0.000577053 9 
0 0.00057959 9 
0 0.000580338 9 
0 0.000581414 9 
0 0.000583877 9 
0 0.000584646 9 
0 0.000586856 9 
0 0.000588568 9 
0 0.000588576 9 
0 0.000589813 9 
0 0.000590581 9 
0 0.000591436 9 
0 0.00059162 9 
0 0.000593331 9 
0 0.00059741 9 
0 0.000597706 9 
0 0.000598252 9 
0 0.00059916 9 
0 0.000599504 9 
0 0.000599691 9 
0 0.000600628 9 
0 0.000602635 9 
0 0.000610849 9 
0 0.000611631 9 
0 0.000612041 9 
0 0.000612262 9 
0 0.000612641 9 
0 0.000613679 9 
0 0.000614121 9 
0 0.000617939 9 
0 0.000618744 9 
0 0.000618896 9 
0 0.000620478 9 
0 0.000622571 9 
0 0.000627832 9 
0 0.000628532 9 
0 0.000630629 9 
0 0.00063231 9 
0 0.000632883 9 
0 0.000637474 9 
0 0.000637583 9 
0 0.000643015 9 
0 0.000643098 9 
0 0.000643131 9 
0 0.000643879 9 
0 0.000643982 9 
0 0.000644846 9 
0 0.000650654 9 
0 0.000650843 9 
0 0.000651403 9 
0 0.000651866 9 
0 0.00065293 9 
0 0.000655195 9 
0 0.000655708 9 
0 0.000659495 9 
0 0.000661014 9 
0 0.000662319 9 
0 0.000664893 9 
0 0.000665873 9 
0 0.000666625 9 
0 0.000668072 9 
0 0.000669663 9 
0 0.000671527 9 
0 0.000676053 9 
0 0.000678566 9 
0 0.000683588 9 
0 0.000685265 9 
0 0.000687199 9 
0 0.00068755 9 
0 0.000688429 9 
0 0.000688696 9 
0 0.000689086 9 
0 0.000689939 9 
0 0.000690352 9 
0 0.000690497 9 
0 0.000693309 9 
0 0.000710856 9 
0 0.000715785 9 
0 0.000719947 9 
0 0.000724466 9 
0 0.000728509 9 
0 0.000742311 9 
0 0.000749902 9 
0 inf 9 
