0 0.495434 0 
0 0.499785 0 
0 0.500786 0 
0 0.501077 0 
0 0.501523 0 
0 0.502565 0 
0 0.503057 0 
0 0.503101 0 
0 0.503716 0 
0 0.504035 0 
0 0.504051 0 
0 0.504322 0 
0 0.504599 0 
0 0.504709 0 
0 0.504766 0 
0 0.504768 0 
0 0.504785 0 
0 0.504803 0 
0 0.504867 0 
0 0.504936 0 
0 0.505125 0 
0 0.505282 0 
0 0.505591 0 
0 0.505672 0 
0 0.505768 0 
0 0.505897 0 
0 0.505947 0 
0 0.506548 0 
0 0.506551 0 
0 0.506563 0 
0 0.506599 0 
0 0.50681 0 
0 0.506933 0 
0 0.506976 0 
0 0.506978 0 
0 0.506985 0 
0 0.50701 0 
0 0.50705 0 
0 0.507092 0 
0 0.50722 0 
0 0.50722 0 
0 0.507429 0 
0 0.507467 0 
0 0.507638 0 
0 0.507666 0 
0 0.507722 0 
0 0.507761 0 
0 0.50779 0 
0 0.507894 0 
0 0.507918 0 
0 0.507977 0 
0 0.508024 0 
0 0.508052 0 
0 0.508068 0 
0 0.5083 0 
0 0.508309 0 
0 0.508313 0 
0 0.508339 0 
0 0.508394 0 
0 0.508449 0 
0 0.508454 0 
0 0.508479 0 
0 0.50849 0 
0 0.508539 0 
0 0.508555 0 
0 0.508645 0 
0 0.508702 0 
0 0.508743 0 
0 0.508764 0 
0 0.508798 0 
0 0.508915 0 
0 0.508999 0 
0 0.509039 0 
0 0.509059 0 
0 0.509092 0 
0 0.509113 0 
0 0.509174 0 
0 0.509222 0 
0 0.509385 0 
0 0.509407 0 
0 0.50942 0 
0 0.50948 0 
0 0.509557 0 
0 0.509567 0 
0 0.50968 0 
0 0.509754 0 
0 0.509798 0 
0 0.5098 0 
0 0.509803 0 
0 0.510041 0 
0 0.510092 0 
0 0.510103 0 
0 0.510139 0 
0 0.510164 0 
0 0.510274 0 
0 0.510341 0 
0 0.510365 0 
0 0.510423 0 
0 0.510462 0 
0 0.510462 0 
0 0.510467 0 
0 0.51047 0 
0 0.510506 0 
0 0.510565 0 
0 0.510566 0 
0 0.510621 0 
0 0.510677 0 
0 0.510702 0 
0 0.510744 0 
0 0.510858 0 
0 0.510899 0 
0 0.510948 0 
0 0.51099 0 
0 0.51108 0 
0 0.511237 0 
0 0.511396 0 
0 0.511596 0 
0 0.511715 0 
0 0.511824 0 
0 0.511841 0 
0 0.512447 0 
0 0.512505 0 
0 0.512711 0 
0 0.51278 0 
0 0.513866 0 
0 0.513899 0 
0 0.514106 0 
0 inf 0 
0 0.194029 1 
0 0.194711 1 
0 0.19527 1 
0 0.195494 1 
0 0.195851 1 
0 0.196845 1 
0 0.198213 1 
0 0.198315 1 
0 0.198476 1 
0 0.198542 1 
0 0.198552 1 
0 0.198592 1 
0 0.19867 1 
0 0.198761 1 
0 0.19889 1 
0 0.198911 1 
0 0.198978 1 
0 0.199104 1 
0 0.199115 1 
0 0.199171 1 
0 0.199179 1 
0 0.199249 1 
0 0.199298 1 
0 0.199396 1 
0 0.199486 1 
0 0.199733 1 
0 0.199772 1 
0 0.199872 1 
0 0.199886 1 
0 0.199891 1 
0 0.200073 1 
0 0.200119 1 
0 0.200132 1 
0 0.200179 1 
0 0.200272 1 
0 0.200281 1 
0 0.200343 1 
0 0.200347 1 
0 0.200474 1 
0 0.200504 1 
0 0.200506 1 
0 0.200511 1 
0 0.20053 1 
0 0.200566 1 
0 0.200607 1 
0 0.200714 1 
0 0.200797 1 
0 0.200952 1 
0 0.200989 1 
0 0.201004 1 
0 0.201063 1 
0 0.201069 1 
0 0.201096 1 
0 0.201102 1 
0 0.201123 1 
0 0.201188 1 
0 0.201219 1 
0 0.201222 1 
0 0.201316 1 
0 0.201415 1 
0 0.201546 1 
0 0.201555 1 
0 0.201558 1 
0 0.201588 1 
0 0.201602 1 
0 0.201609 1 
0 0.201617 1 
0 0.201769 1 
0 0.20182 1 
0 0.201832 1 
0 0.201886 1 
0 0.201901 1 
0 0.201918 1 
0 0.202019 1 
0 0.202063 1 
0 0.202065 1 
0 0.202075 1 
0 0.202108 1 
0 0.20211 1 
0 0.202121 1 
0 0.202217 1 
0 0.202231 1 
0 0.202263 1 
0 0.202454 1 
0 0.202454 1 
0 0.202468 1 
0 0.202475 1 
0 0.202527 1 
0 0.202547 1 
0 0.202591 1 
0 0.202595 1 
0 0.202604 1 
0 0.202799 1 
0 0.202808 1 
0 0.20281 1 
0 0.202825 1 
0 0.202835 1 
0 0.202847 1 
0 0.203006 1 
0 0.203023 1 
0 0.203043 1 
0 0.20306 1 
0 0.203079 1 
0 0.20318 1 
0 0.203243 1 
0 0.203297 1 
0 0.203319 1 
0 0.203335 1 
0 0.203415 1 
0 0.203473 1 
0 0.203475 1 
0 0.203491 1 
0 0.20353 1 
0 0.203674 1 
0 0.203745 1 
0 0.2038 1 
0 0.204058 1 
0 0.204095 1 
0 0.204203 1 
0 0.204476 1 
0 0.204697 1 
0 0.204738 1 
0 0.204799 1 
0 0.205106 1 
0 0.205154 1 
0 0.205489 1 
0 0.205492 1 
0 inf 1 
0 0.0810269 2 
0 0.0811126 2 
0 0.0813152 2 
0 0.0819642 2 
0 0.0821539 2 
0 0.0825847 2 
0 0.0827209 2 
0 0.0827582 2 
0 0.0828641 2 
0 0.0832274 2 
0 0.0833456 2 
0 0.0833666 2 
0 0.0833924 2 
0 0.0833955 2 
0 0.0835043 2 
0 0.0837025 2 
0 0.0837358 2 
0 0.0837428 2 
0 0.0840096 2 
0 0.0840104 2 
0 0.0840107 2 
0 0.0840594 2 
0 0.0840925 2 
0 0.0841505 2 
0 0.0842104 2 
0 0.0842715 2 
0 0.0842888 2 
0 0.084404 2 
0 0.0844216 2 
0 0.0844478 2 
0 0.0844652 2 
0 0.0845093 2 
0 0.0845898 2 
0 0.0845982 2 
0 0.0846102 2 
0 0.084847 2 
0 0.084891 2 
0 0.0848999 2 
0 0.084904 2 
0 0.0849298 2 
0 0.0850992 2 
0 0.0851485 2 
0 0.0853499 2 
0 0.0854113 2 
0 0.0854443 2 
0 0.0854569 2 
0 0.0855558 2 
0 0.0855814 2 
0 0.0856218 2 
0 0.0856588 2 
0 0.0857461 2 
0 0.0857614 2 
0 0.0857783 2 
0 0.0857978 2 
0 0.0859 2 
0 0.085901 2 
0 0.0859194 2 
0 0.0860234 2 
0 0.0860515 2 
0 0.0861069 2 
0 0.086204 2 
0 0.0862362 2 
0 0.0862625 2 
0 0.0862626 2 
0 0.0862689 2 
0 0.0862898 2 
0 0.0863466 2 
0 0.0863717 2 
0 0.0864566 2 
0 0.0864667 2 
0 0.0864924 2 
0 0.0865291 2 
0 0.0865568 2 
0 0.0865709 2 
0 0.0866079 2 
0 0.0866182 2 
0 0.0866831 2 
0 0.0867323 2 
0 0.0867756 2 
0 0.0867879 2 
0 0.0868074 2 
0 0.0868484 2 
0 0.0868569 2 
0 0.0868604 2 
0 0.0869038 2 
0 0.0869163 2 
0 0.0869255 2 
0 0.0869862 2 
0 0.0869962 2 
0 0.0870702 2 
0 0.0871477 2 
0 0.0871623 2 
0 0.0872009 2 
0 0.0872059 2 
0 0.0872092 2 
0 0.0872128 2 
0 0.0872594 2 
0 0.0872677 2 
0 0.0873355 2 
0 0.0874969 2 
0 0.0875154 2 
0 0.0875522 2 
0 0.0876002 2 
0 0.087701 2 
0 0.0877387 2 
0 0.0877559 2 
0 0.0877872 2 
0 0.0878557 2 
0 0.0878907 2 
0 0.0878978 2 
0 0.0879185 2 
0 0.0879838 2 
0 0.0880281 2 
0 0.0880499 2 
0 0.0880797 2 
0 0.0882 2 
0 0.0882583 2 
0 0.0882658 2 
0 0.0883404 2 
0 0.0885589 2 
0 0.0888202 2 
0 0.0888297 2 
0 0.0889356 2 
0 0.0897252 2 
0 0.0897546 2 
0 0.0902109 2 
0 0.091697 2 
0 inf 2 
0 0.0356403 3 
0 0.0357581 3 
0 0.0360052 3 
0 0.0362003 3 
0 0.0362508 3 
0 0.0362637 3 
0 0.0367049 3 
0 0.036712 3 
0 0.0367166 3 
0 0.0368527 3 
0 0.0369051 3 
0 0.0370015 3 
0 0.0370071 3 
0 0.0370831 3 
0 0.037158 3 
0 0.0372601 3 
0 0.0373027 3 
0 0.0373312 3 
0 0.0373697 3 
0 0.0374035 3 
0 0.0375086 3 
0 0.0375231 3 
0 0.0375266 3 
0 0.0375942 3 
0 0.0376022 3 
0 0.037624 3 
0 0.0377336 3 
0 0.037756 3 
0 0.0377595 3 
0 0.0377721 3 
0 0.0377927 3 
0 0.0378745 3 
0 0.0379018 3 
0 0.0379687 3 
0 0.0379693 3 
0 0.0380239 3 
0 0.0380899 3 
0 0.0381273 3 
0 0.0381949 3 
0 0.0383425 3 
0 0.0383482 3 
0 0.0383698 3 
0 0.0383764 3 
0 0.0383902 3 
0 0.0383936 3 
0 0.0384717 3 
0 0.0385233 3 
0 0.0385272 3 
0 0.0385681 3 
0 0.0385727 3 
0 0.0386299 3 
0 0.0386609 3 
0 0.0386932 3 
0 0.0386987 3 
0 0.0387077 3 
0 0.0387123 3 
0 0.0387379 3 
0 0.0387878 3 
0 0.038789 3 
0 0.0387901 3 
0 0.0388911 3 
0 0.0389487 3 
0 0.0390089 3 
0 0.0390398 3 
0 0.0390663 3 
0 0.0390952 3 
0 0.0391267 3 
0 0.0391451 3 
0 0.0391952 3 
0 0.0392204 3 
0 0.0392263 3 
0 0.0392415 3 
0 0.039249 3 
0 0.039255 3 
0 0.0392805 3 
0 0.0392948 3 
0 0.0393251 3 
0 0.0393879 3 
0 0.0394071 3 
0 0.0394244 3 
0 0.0394343 3 
0 0.0394784 3 
0 0.0394913 3 
0 0.0395059 3 
0 0.0395094 3 
0 0.0395305 3 
0 0.0395477 3 
0 0.0395843 3 
0 0.0395888 3 
0 0.0395961 3 
0 0.0396466 3 
0 0.0396538 3 
0 0.0396577 3 
0 0.0396873 3 
0 0.0396895 3 
0 0.0397223 3 
0 0.0397551 3 
0 0.0398157 3 
0 0.0398239 3 
0 0.0398993 3 
0 0.0399122 3 
0 0.0400121 3 
0 0.0400595 3 
0 0.0401406 3 
0 0.0401497 3 
0 0.0401676 3 
0 0.0402178 3 
0 0.0402249 3 
0 0.0403358 3 
0 0.0404276 3 
0 0.0404892 3 
0 0.0404951 3 
0 0.0405038 3 
0 0.0405252 3 
0 0.0405329 3 
0 0.0406364 3 
0 0.0407071 3 
0 0.0407208 3 
0 0.0407272 3 
0 0.0408902 3 
0 0.0408995 3 
0 0.041177 3 
0 0.0415976 3 
0 0.041655 3 
0 0.0421378 3 
0 0.0421607 3 
0 0.0442138 3 
0 inf 3 
0 0.0163272 4 
0 0.0164284 4 
0 0.016457 4 
0 0.0165677 4 
0 0.0165765 4 
0 0.0168116 4 
0 0.016815 4 
0 0.0170624 4 
0 0.0171129 4 
0 0.0171228 4 
0 0.0171539 4 
0 0.0171782 4 
0 0.0172449 4 
0 0.0172533 4 
0 0.0172947 4 
0 0.0173192 4 
0 0.0173273 4 
0 0.0173355 4 
0 0.017347 4 
0 0.0173946 4 
0 0.0174749 4 
0 0.0175196 4 
0 0.0175355 4 
0 0.0175517 4 
0 0.0175551 4 
0 0.0176357 4 
0 0.0176435 4 
0 0.0176552 4 
0 0.0176743 4 
0 0.0176804 4 
0 0.0177294 4 
0 0.0177698 4 
0 0.0177764 4 
0 0.0177879 4 
0 0.0177945 4 
0 0.0178042 4 
0 0.0178218 4 
0 0.017829 4 
0 0.0178479 4 
0 0.0178509 4 
0 0.0178521 4 
0 0.0179054 4 
0 0.0179372 4 
0 0.0179506 4 
0 0.0179933 4 
0 0.0179937 4 
0 0.0179988 4 
0 0.0180432 4 
0 0.018072 4 
0 0.0181012 4 
0 0.0181385 4 
0 0.0181509 4 
0 0.0182191 4 
0 0.0182839 4 
0 0.0183406 4 
0 0.0183475 4 
0 0.0183737 4 
0 0.0183788 4 
0 0.0183822 4 
0 0.0183972 4 
0 0.0184016 4 
0 0.0184077 4 
0 0.0184099 4 
0 0.0184153 4 
0 0.0184295 4 
0 0.0184541 4 
0 0.0184574 4 
0 0.0184624 4 
0 0.0184941 4 
0 0.0185003 4 
0 0.0185007 4 
0 0.018534 4 
0 0.0185928 4 
0 0.0186011 4 
0 0.0186312 4 
0 0.0186398 4 
0 0.0186502 4 
0 0.0186844 4 
0 0.0187037 4 
0 0.0187185 4 
0 0.0187224 4 
0 0.0187257 4 
0 0.0187399 4 
0 0.0187702 4 
0 0.018779 4 
0 0.0187863 4 
0 0.0188052 4 
0 0.0188089 4 
0 0.0188128 4 
0 0.0188147 4 
0 0.0188343 4 
0 0.0188407 4 
0 0.0188527 4 
0 0.0188634 4 
0 0.0188893 4 
0 0.0189227 4 
0 0.0189277 4 
0 0.0189492 4 
0 0.0189525 4 
0 0.0189619 4 
0 0.0189851 4 
0 0.018994 4 
0 0.0190252 4 
0 0.0190297 4 
0 0.0191205 4 
0 0.0191206 4 
0 0.01918 4 
0 0.0192574 4 
0 0.0192909 4 
0 0.0193206 4 
0 0.0193485 4 
0 0.0193872 4 
0 0.0193996 4 
0 0.0194126 4 
0 0.0194174 4 
0 0.0194283 4 
0 0.0194676 4 
0 0.0195477 4 
0 0.0196237 4 
0 0.0197873 4 
0 0.0199915 4 
0 0.0200189 4 
0 0.0200712 4 
0 0.0202898 4 
0 0.0204687 4 
0 0.0206363 4 
0 0.0222794 4 
0 inf 4 
0 0.00769746 5 
0 0.00770446 5 
0 0.00770858 5 
0 0.00785894 5 
0 0.00793669 5 
0 0.0080014 5 
0 0.00808543 5 
0 0.00809467 5 
0 0.00813164 5 
0 0.00820899 5 
0 0.00824632 5 
0 0.00826123 5 
0 0.00827591 5 
0 0.00828948 5 
0 0.00830638 5 
0 0.00830709 5 
0 0.00834016 5 
0 0.00834183 5 
0 0.00834277 5 
0 0.0084017 5 
0 0.00840202 5 
0 0.00840904 5 
0 0.00843981 5 
0 0.00845709 5 
0 0.00846324 5 
0 0.00846936 5 
0 0.00848672 5 
0 0.00849996 5 
0 0.00850013 5 
0 0.00852176 5 
0 0.00852525 5 
0 0.00853579 5 
0 0.00853713 5 
0 0.00857406 5 
0 0.00857432 5 
0 0.00859538 5 
0 0.0086225 5 
0 0.0086383 5 
0 0.0086436 5 
0 0.00865694 5 
0 0.00866273 5 
0 0.00866488 5 
0 0.00867838 5 
0 0.00868557 5 
0 0.00870741 5 
0 0.00871398 5 
0 0.0087144 5 
0 0.00878408 5 
0 0.00881107 5 
0 0.00883684 5 
0 0.00884592 5 
0 0.00884712 5 
0 0.00884888 5 
0 0.00885316 5 
0 0.00885823 5 
0 0.0088805 5 
0 0.00888408 5 
0 0.00890451 5 
0 0.00891572 5 
0 0.00893252 5 
0 0.00894621 5 
0 0.00895078 5 
0 0.00895521 5 
0 0.00896178 5 
0 0.00897216 5 
0 0.00897657 5 
0 0.00898241 5 
0 0.00901621 5 
0 0.00905444 5 
0 0.00906219 5 
0 0.00906688 5 
0 0.00907134 5 
0 0.00910239 5 
0 0.00911138 5 
0 0.00911613 5 
0 0.00912099 5 
0 0.00912125 5 
0 0.00912987 5 
0 0.00916038 5 
0 0.0091657 5 
0 0.00916977 5 
0 0.00917135 5 
0 0.00917598 5 
0 0.00918426 5 
0 0.00918831 5 
0 0.00919031 5 
0 0.0091952 5 
0 0.00919943 5 
0 0.0092039 5 
0 0.00921446 5 
0 0.00921572 5 
0 0.00924135 5 
0 0.00924657 5 
0 0.00926408 5 
0 0.00926783 5 
0 0.00926916 5 
0 0.009275 5 
0 0.0092871 5 
0 0.00929267 5 
0 0.00930639 5 
0 0.00930748 5 
0 0.00932971 5 
0 0.00934974 5 
0 0.00935194 5 
0 0.00938743 5 
0 0.0094377 5 
0 0.00944732 5 
0 0.00947101 5 
0 0.0094779 5 
0 0.00949419 5 
0 0.00956038 5 
0 0.00956274 5 
0 0.00959361 5 
0 0.00960785 5 
0 0.00962507 5 
0 0.00962923 5 
0 0.00968502 5 
0 0.00969495 5 
0 0.00974683 5 
0 0.00988936 5 
0 0.00991959 5 
0 0.00995643 5 
0 0.0100191 5 
0 0.0101334 5 
0 0.0101765 5 
0 0.0105627 5 
0 0.0113505 5 
0 inf 5 
0 0.00367996 6 
0 0.00372223 6 
0 0.00372416 6 
0 0.00381586 6 
0 0.00383835 6 
0 0.00392061 6 
0 0.00396079 6 
0 0.00399335 6 
0 0.00399807 6 
0 0.00401795 6 
0 0.00402033 6 
0 0.00403359 6 
0 0.00403931 6 
0 0.00404651 6 
0 0.00406496 6 
0 0.00408342 6 
0 0.00408871 6 
0 0.00409786 6 
0 0.00411133 6 
0 0.004114 6 
0 0.00411601 6 
0 0.00413697 6 
0 0.00414795 6 
0 0.00414978 6 
0 0.00415366 6 
0 0.00417353 6 
0 0.00417771 6 
0 0.00418011 6 
0 0.00418267 6 
0 0.0042022 6 
0 0.00421379 6 
0 0.00421944 6 
0 0.00421984 6 
0 0.00425768 6 
0 0.00426022 6 
0 0.00426451 6 
0 0.00427392 6 
0 0.00427502 6 
0 0.00427948 6 
0 0.00430386 6 
0 0.00431069 6 
0 0.00431836 6 
0 0.00432058 6 
0 0.00433255 6 
0 0.00433308 6 
0 0.00433599 6 
0 0.00433641 6 
0 0.00434792 6 
0 0.00436052 6 
0 0.004366 6 
0 0.00436825 6 
0 0.00437021 6 
0 0.00439868 6 
0 0.00440549 6 
0 0.0044206 6 
0 0.00442146 6 
0 0.00443327 6 
0 0.00444571 6 
0 0.00445069 6 
0 0.0044525 6 
0 0.00445535 6 
0 0.00445757 6 
0 0.00445899 6 
0 0.00445974 6 
0 0.00446312 6 
0 0.00446902 6 
0 0.0044774 6 
0 0.00448781 6 
0 0.00448879 6 
0 0.00449975 6 
0 0.00450357 6 
0 0.00451055 6 
0 0.00451537 6 
0 0.00453332 6 
0 0.00453598 6 
0 0.00453836 6 
0 0.00456333 6 
0 0.00456607 6 
0 0.00456982 6 
0 0.00457006 6 
0 0.00458467 6 
0 0.00458831 6 
0 0.00458853 6 
0 0.00459007 6 
0 0.00459485 6 
0 0.00459667 6 
0 0.00459805 6 
0 0.00460078 6 
0 0.00460448 6 
0 0.00460581 6 
0 0.00460745 6 
0 0.00461696 6 
0 0.00462298 6 
0 0.00463034 6 
0 0.00463201 6 
0 0.00463461 6 
0 0.00463828 6 
0 0.00464703 6 
0 0.00464858 6 
0 0.00464879 6 
0 0.00467735 6 
0 0.00468687 6 
0 0.00469567 6 
0 0.00469886 6 
0 0.00470808 6 
0 0.00473631 6 
0 0.00474808 6 
0 0.00477153 6 
0 0.00477371 6 
0 0.00479698 6 
0 0.00481065 6 
0 0.00481068 6 
0 0.00481117 6 
0 0.00482064 6 
0 0.00482291 6 
0 0.00486139 6 
0 0.00486361 6 
0 0.0049094 6 
0 0.004952 6 
0 0.00496852 6 
0 0.00497757 6 
0 0.00498233 6 
0 0.00508843 6 
0 0.00515177 6 
0 0.00521041 6 
0 0.00552236 6 
0 0.00585174 6 
0 inf 6 
0 0.00179039 7 
0 0.00183196 7 
0 0.00184486 7 
0 0.00189117 7 
0 0.00189301 7 
0 0.00192914 7 
0 0.0019681 7 
0 0.00197693 7 
0 0.00198782 7 
0 0.00198787 7 
0 0.0019977 7 
0 0.00200718 7 
0 0.00201241 7 
0 0.00201578 7 
0 0.00201811 7 
0 0.00203122 7 
0 0.0020365 7 
0 0.00204432 7 
0 0.00204891 7 
0 0.00205273 7 
0 0.00206105 7 
0 0.00206946 7 
0 0.00208134 7 
0 0.00208161 7 
0 0.00208634 7 
0 0.00210214 7 
0 0.00210225 7 
0 0.00210556 7 
0 0.00211117 7 
0 0.00211529 7 
0 0.0021159 7 
0 0.00212547 7 
0 0.00212783 7 
0 0.00212977 7 
0 0.00214452 7 
0 0.00215871 7 
0 0.00215891 7 
0 0.00216016 7 
0 0.00216157 7 
0 0.0021634 7 
0 0.00216721 7 
0 0.00217184 7 
0 0.00217429 7 
0 0.00217862 7 
0 0.00218161 7 
0 0.00218761 7 
0 0.0021898 7 
0 0.00219703 7 
0 0.00221011 7 
0 0.0022117 7 
0 0.00221382 7 
0 0.00221409 7 
0 0.00221441 7 
0 0.00221709 7 
0 0.00222527 7 
0 0.00222621 7 
0 0.00222831 7 
0 0.0022291 7 
0 0.00223267 7 
0 0.00223908 7 
0 0.00223956 7 
0 0.00225165 7 
0 0.0022564 7 
0 0.00226192 7 
0 0.0022708 7 
0 0.00227239 7 
0 0.00227357 7 
0 0.00227382 7 
0 0.00227677 7 
0 0.00227804 7 
0 0.00228415 7 
0 0.00228622 7 
0 0.00228941 7 
0 0.00229421 7 
0 0.00230086 7 
0 0.00230424 7 
0 0.00230779 7 
0 0.00231225 7 
0 0.00231314 7 
0 0.00231417 7 
0 0.00231515 7 
0 0.00231517 7 
0 0.0023173 7 
0 0.00231911 7 
0 0.00232586 7 
0 0.00232642 7 
0 0.00233037 7 
0 0.00233741 7 
0 0.00233956 7 
0 0.00234154 7 
0 0.00234328 7 
0 0.00234616 7 
0 0.00234852 7 
0 0.00235552 7 
0 0.00236732 7 
0 0.00236897 7 
0 0.00237388 7 
0 0.00237723 7 
0 0.00237984 7 
0 0.00238241 7 
0 0.00238279 7 
0 0.0023847 7 
0 0.00239013 7 
0 0.00239013 7 
0 0.00239377 7 
0 0.00239884 7 
0 0.00241228 7 
0 0.0024168 7 
0 0.00243784 7 
0 0.00244782 7 
0 0.00244786 7 
0 0.00245612 7 
0 0.00245865 7 
0 0.00247493 7 
0 0.00247855 7 
0 0.00248226 7 
0 0.00248942 7 
0 0.0024914 7 
0 0.00252346 7 
0 0.00253174 7 
0 0.00254129 7 
0 0.00254192 7 
0 0.00262552 7 
0 0.0026448 7 
0 0.00271313 7 
0 0.00293156 7 
0 0.00304925 7 
0 inf 7 
0 0.000883906 8 
0 0.000914253 8 
0 0.000934565 8 
0 0.00094887 8 
0 0.000954459 8 
0 0.000961332 8 
0 0.000977099 8 
0 0.000979109 8 
0 0.000993933 8 
0 0.00099574 8 
0 0.00100282 8 
0 0.00101002 8 
0 0.00101857 8 
0 0.00101991 8 
0 0.00102248 8 
0 0.0010269 8 
0 0.00103003 8 
0 0.00103205 8 
0 0.00104279 8 
0 0.00104804 8 
0 0.00105103 8 
0 0.0010546 8 
0 0.00105515 8 
0 0.00105583 8 
0 0.00106279 8 
0 0.00106584 8 
0 0.0010698 8 
0 0.00107635 8 
0 0.00107637 8 
0 0.00107871 8 
0 0.00107922 8 
0 0.00107994 8 
0 0.00109167 8 
0 0.00109172 8 
0 0.0010921 8 
0 0.00109411 8 
0 0.00109491 8 
0 0.00110193 8 
0 0.001103 8 
0 0.00110476 8 
0 0.00110514 8 
0 0.00110674 8 
0 0.00110902 8 
0 0.00111 8 
0 0.00111783 8 
0 0.00112105 8 
0 0.00112345 8 
0 0.0011248 8 
0 0.00112546 8 
0 0.0011259 8 
0 0.00112625 8 
0 0.00112771 8 
0 0.00112816 8 
0 0.00112982 8 
0 0.00113583 8 
0 0.00114076 8 
0 0.00114221 8 
0 0.00114347 8 
0 0.00114357 8 
0 0.00114431 8 
0 0.001145 8 
0 0.00114839 8 
0 0.00114945 8 
0 0.00115366 8 
0 0.00115605 8 
0 0.0011592 8 
0 0.00116047 8 
0 0.00116194 8 
0 0.00116387 8 
0 0.00116984 8 
0 0.00117133 8 
0 0.0011733 8 
0 0.00117473 8 
0 0.00118062 8 
0 0.00118176 8 
0 0.00118271 8 
0 0.00118796 8 
0 0.00118818 8 
0 0.00118858 8 
0 0.00119253 8 
0 0.001193 8 
0 0.00119533 8 
0 0.00119751 8 
0 0.00119815 8 
0 0.00119849 8 
0 0.00120169 8 
0 0.00120205 8 
0 0.00120321 8 
0 0.0012036 8 
0 0.00120691 8 
0 0.00120712 8 
0 0.00120736 8 
0 0.0012101 8 
0 0.00121049 8 
0 0.00121638 8 
0 0.00121816 8 
0 0.00122062 8 
0 0.0012215 8 
0 0.00122305 8 
0 0.00122456 8 
0 0.00122469 8 
0 0.00123021 8 
0 0.00123847 8 
0 0.00123889 8 
0 0.00124305 8 
0 0.00124567 8 
0 0.00124687 8 
0 0.00125017 8 
0 0.00125432 8 
0 0.00126135 8 
0 0.00126175 8 
0 0.00126186 8 
0 0.00126284 8 
0 0.0012665 8 
0 0.0012714 8 
0 0.00127182 8 
0 0.0012812 8 
0 0.00129611 8 
0 0.00130074 8 
0 0.00131095 8 
0 0.00131958 8 
0 0.00131958 8 
0 0.0013724 8 
0 0.00137341 8 
0 0.00142602 8 
0 0.00157429 8 
0 0.001602 8 
0 inf 8 
0 0.000441918 9 
0 0.000461643 9 
0 0.000482173 9 
0 0.000482261 9 
0 0.000484178 9 
0 0.000487965 9 
0 0.000489583 9 
0 0.00049059 9 
0 0.000503657 9 
0 0.000505919 9 
0 0.000508668 9 
0 0.000517815 9 
0 0.00051965 9 
0 0.000522872 9 
0 0.000524111 9 
0 0.000524623 9 
0 0.00052789 9 
0 0.000530712 9 
0 0.000533804 9 
0 0.000535987 9 
0 0.00053674 9 
0 0.000540493 9 
0 0.00054231 9 
0 0.000543507 9 
0 0.00054378 9 
0 0.000544795 9 
0 0.000552396 9 
0 0.000553779 9 
0 0.000553826 9 
0 0.000553882 9 
0 0.000555859 9 
0 0.000557547 9 
0 0.000559755 9 
0 0.000560107 9 
0 0.00056127 9 
0 0.000563451 9 
0 0.000565885 9 
0 0.000568087 9 
0 0.000568229 9 
0 0.000570593 9 
0 0.000572174 9 
0 0.000572622 9 
0 0.000573505 9 
0 0.000574567 9 
0 0.000575337 9 
0 0.000577794 9 
0 0.000577933 9 
0 0.000578765 9 
0 0.000579055 9 
0 0.00057941 9 
0 0.000583965 9 
0 0.000584747 9 
0 0.000585272 9 
0 0.000585513 9 
0 0.000587991 9 
0 0.000588738 9 
0 0.000590794 9 
0 0.000591392 9 
0 0.000592116 9 
0 0.000592517 9 
0 0.000592785 9 
0 0.000593115 9 
0 0.000594397 9 
0 0.00059558 9 
0 0.000596385 9 
0 0.000596978 9 
0 0.000599102 9 
0 0.000600253 9 
0 0.000600603 9 
0 0.00060177 9 
0 0.00060546 9 
0 0.000608222 9 
0 0.000608342 9 
0 0.00061062 9 
0 0.000611852 9 
0 0.000611953 9 
0 0.000616259 9 
0 0.000616499 9 
0 0.000618462 9 
0 0.000618517 9 
0 0.000620846 9 
0 0.000621156 9 
0 0.000622882 9 
0 0.000622962 9 
0 0.000624737 9 
0 0.000625185 9 
0 0.000625633 9 
0 0.000627384 9 
0 0.00062822 9 
0 0.000630333 9 
0 0.000630628 9 
0 0.000631384 9 
0 0.000631632 9 
0 0.000632711 9 
0 0.000633083 9 
0 0.000634582 9 
0 0.000635049 9 
0 0.000635333 9 
0 0.00063662 9 
0 0.000636828 9 
0 0.000640222 9 
0 0.000640851 9 
0 0.000644458 9 
0 0.000644784 9 
0 0.000645749 9 
0 0.000647084 9 
0 0.000648587 9 
0 0.000649101 9 
0 0.00064941 9 
0 0.000654163 9 
0 0.000654173 9 
0 0.000655351 9 
0 0.000659444 9 
0 0.000664262 9 
0 0.000664295 9 
0 0.000664611 9 
0 0.000668992 9 
0 0.000670098 9 
0 0.00067237 9 
0 0.000681968 9 
0 0.000683284 9 
0 0.000695071 9 
0 0.000720154 9 
0 0.000725195 9 
0 0.000755023 9 
0 0.000847126 9 
0 0.000849402 9 
0 inf 9 
