0.525259 0.539297 0 
0.523041 0.542324 0 
0.522936 0.535945 0 
0.522419 0.539851 0 
0.522172 0.54156 0 
0.521805 0.540303 0 
0.521764 0.538566 0 
0.521521 0.542612 0 
0.521216 0.539472 0 
0.521192 0.542079 0 
0.521095 0.538925 0 
0.520987 0.53907 0 
0.520613 0.539472 0 
0.520498 0.521081 0 
0.520443 0.53746 0 
0.52043 0.540889 0 
0.520369 0.541833 0 
0.520153 0.541571 0 
0.520069 0.542297 0 
0.520061 0.539774 0 
0.519946 0.520881 0 
0.519854 0.540662 0 
0.519848 0.538925 0 
0.519721 0.541218 0 
0.519716 0.542087 0 
0.519699 0.523179 0 
0.519688 0.542122 0 
0.519548 0.53746 0 
0.519541 0.540262 0 
0.519536 0.54147 0 
0.519468 0.539985 0 
0.519407 0.520121 0 
0.519376 0.538956 0 
0.519334 0.541218 0 
0.51924 0.54139 0 
0.519233 0.53764 0 
0.519206 0.520064 0 
0.519169 0.538325 0 
0.519053 0.5393 0 
0.518897 0.541622 0 
0.518888 0.540419 0 
0.518827 0.541708 0 
0.518819 0.540011 0 
0.518799 0.520064 0 
0.518779 0.53809 0 
0.518769 0.53907 0 
0.518747 0.540652 0 
0.518719 0.540492 0 
0.518716 0.540814 0 
0.518643 0.518856 0 
0.518615 0.538374 0 
0.518613 0.540814 0 
0.518537 0.541677 0 
0.51851 0.540793 0 
0.518473 0.54069 0 
0.518437 0.54069 0 
0.518335 0.542393 0 
0.518157 0.520834 0 
0.518148 0.541872 0 
0.518131 0.538566 0 
0.518116 0.541046 0 
0.518114 0.541612 0 
0.518088 0.538374 0 
0.518084 0.540909 0 
0.517953 0.542211 0 
0.517938 0.51814 0 
0.517894 0.539837 0 
0.517869 0.520086 0 
0.517832 0.540399 0 
0.51775 0.54147 0 
0.517735 0.518782 0 
0.517725 0.519068 0 
0.51768 0.542357 0 
0.51767 0.542369 0 
0.517657 0.538963 0 
0.517656 0.539884 0 
0.517656 0.540167 0 
0.517655 0.518393 0 
0.517641 0.539297 0 
0.517599 0.540168 0 
0.517587 0.54144 0 
0.517472 0.519069 0 
0.517466 0.517809 0 
0.517456 0.539512 0 
0.517447 0.540706 0 
0.517446 0.537482 0 
0.517426 0.542268 0 
0.517422 0.540896 0 
0.517401 0.540725 0 
0.517376 0.544779 0 
0.517293 0.543951 0 
0.517231 0.540792 0 
0.517193 0.518397 0 
0.517158 0.540738 0 
0.517154 0.539512 0 
0.517088 0.541936 0 
0.517058 0.517366 0 
0.517029 0.519097 0 
0.517005 0.540814 0 
0.516994 0.518069 0 
0.516979 0.518721 0 
0.516964 0.541373 0 
0.516956 0.540454 0 
0.516926 0.540168 0 
0.516895 0.54147 0 
0.516887 0.543631 0 
0.516882 0.537482 0 
0.516866 0.541824 0 
0.516837 0.539264 0 
0.516826 0.543321 0 
0.516814 0.516872 0 
0.516787 0.517809 0 
0.516765 0.517496 0 
0.516758 0.542306 0 
0.516714 0.518069 0 
0.516708 0.516876 0 
0.516698 0.543499 0 
0.516638 0.53764 0 
0.516574 0.517196 0 
0.51655 0.518687 0 
0.516515 0.544315 0 
0.516408 0.519787 0 
0.516354 0.540332 0 
0.516343 0.543028 0 
0.516332 0.51683 0 
0.516324 0.517166 0 
0.516287 0.540652 0 
0.516273 0.516872 0 
0.516266 0.542544 0 
0.516262 0.542568 0 
0.516254 0.54226 0 
0.516249 0.51626 0 
0.516202 0.518145 0 
0.51619 0.540235 0 
0.516167 0.540662 0 
0.516109 0.53764 0 
0.516106 0.516435 0 
0.516075 0.516909 0 
0.516061 0.543562 0 
0.516057 0.540011 0 
0.516035 0.516876 0 
0.516025 0.538566 0 
0.515963 0.519135 0 
0.515957 0.540332 0 
0.515931 0.519067 0 
0.515871 0.541262 0 
0.515837 0.520258 0 
0.515795 0.516407 0 
0.515705 0.517788 0 
0.515688 0.518741 0 
0.515565 0.515932 0 
0.515558 0.516455 0 
0.515545 0.539116 0 
0.515508 0.517648 0 
0.515502 0.518563 0 
0.515494 0.517776 0 
0.515491 0.539472 0 
0.515482 0.518873 0 
0.515449 0.517417 0 
0.515447 0.53746 0 
0.51541 0.516103 0 
0.515333 0.538963 0 
0.515297 0.516083 0 
0.515274 0.540235 0 
0.5152 0.516441 0 
0.515164 0.517438 0 
0.515114 0.517077 0 
0.515109 0.542994 0 
0.515093 0.543766 0 
0.515079 0.517874 0 
0.515078 0.515804 0 
0.515055 0.541271 0 
0.515031 0.54397 0 
0.515026 0.515356 0 
0.515019 0.517962 0 
0.514982 0.540262 0 
0.514981 0.539297 0 
0.514963 0.5393 0 
0.51496 0.539623 0 
0.514952 0.540894 0 
0.51494 0.520121 0 
0.514925 0.519038 0 
0.514911 0.542526 0 
0.51489 0.53746 0 
0.514879 0.515724 0 
0.514871 0.517036 0 
0.514866 0.51791 0 
0.514864 0.515503 0 
0.514863 0.53764 0 
0.514863 0.539116 0 
0.514861 0.540454 0 
0.514853 0.520381 0 
0.514848 0.518786 0 
0.514831 0.518902 0 
0.51481 0.5193 0 
0.514794 0.542199 0 
0.514769 0.538566 0 
0.514704 0.540926 0 
0.514699 0.519582 0 
0.514677 0.539786 0 
0.514673 0.542813 0 
0.514667 0.544269 0 
0.514651 0.535945 0 
0.514636 0.542079 0 
0.514626 0.540454 0 
0.514617 0.53746 0 
0.51453 0.543766 0 
0.514477 0.54077 0 
0.514473 0.53996 0 
0.514459 0.514692 0 
0.514452 0.518646 0 
0.514438 0.515595 0 
0.514432 0.538214 0 
0.514413 0.521769 0 
0.514406 0.545228 0 
0.514401 0.519577 0 
0.514365 0.517417 0 
0.514362 0.514876 0 
0.514355 0.539884 0 
0.514352 0.519726 0 
0.5143 0.540652 0 
0.514285 0.517036 0 
0.514285 0.515546 0 
0.51427 0.518902 0 
0.514268 0.515546 0 
0.514246 0.514912 0 
0.514242 0.515753 0 
0.514235 0.520422 0 
0.514232 0.518218 0 
0.514229 0.515701 0 
0.514226 0.542482 0 
0.514223 0.540896 0 
0.514213 0.540896 0 
0.514197 0.539623 0 
0.514184 0.542796 0 
0.514184 0.516735 0 
0.514163 0.519038 0 
0.514152 0.519555 0 
0.514143 0.538214 0 
0.51413 0.542244 0 
0.514129 0.539116 0 
0.51412 0.539472 0 
0.514109 0.521548 0 
0.5141 0.518775 0 
0.514077 0.544589 0 
0.514075 0.518739 0 
0.514054 0.541016 0 
0.514014 0.514876 0 
0.513969 0.517275 0 
0.513968 0.515753 0 
0.513946 0.540167 0 
0.513945 0.539851 0 
0.513942 0.537482 0 
0.513931 0.516272 0 
0.513931 0.540079 0 
0.513921 0.539851 0 
0.513895 0.515167 0 
0.513859 0.542006 0 
0.513849 0.514649 0 
0.513845 0.520121 0 
0.513817 0.51982 0 
0.513815 0.545514 0 
0.513797 0.543766 0 
0.513779 0.518404 0 
0.513748 0.540793 0 
0.513737 0.538566 0 
0.513723 0.521065 0 
0.513689 0.543525 0 
0.513676 0.539623 0 
0.513673 0.539884 0 
0.513648 0.53809 0 
0.513631 0.53809 0 
0.513601 0.542938 0 
0.513578 0.54147 0 
0.513575 0.544237 0 
0.51356 0.538925 0 
0.51355 0.538925 0 
0.513533 0.540574 0 
0.513526 0.53809 0 
0.513511 0.540332 0 
0.513511 0.540167 0 
0.513488 0.54128 0 
0.513471 0.539137 0 
0.513443 0.539512 0 
0.513393 0.519067 0 
0.51339 0.51712 0 
0.513371 0.543949 0 
0.513354 0.54252 0 
0.513336 0.540934 0 
0.513281 0.542938 0 
0.513263 0.514619 0 
0.513252 0.545105 0 
0.513218 0.519527 0 
0.513181 0.521735 0 
0.51318 0.518833 0 
0.513161 0.519927 0 
0.513127 0.517874 0 
0.513117 0.519911 0 
0.513115 0.54461 0 
0.513111 0.540541 0 
0.513083 0.535945 0 
0.513079 0.535945 0 
0.513047 0.543452 0 
0.513035 0.513041 0 
0.513004 0.540896 0 
0.512998 0.538925 0 
0.512995 0.538214 0 
0.512988 0.538325 0 
0.512987 0.53809 0 
0.512934 0.518857 0 
0.512886 0.539837 0 
0.512886 0.540706 0 
0.512838 0.519726 0 
0.512834 0.521479 0 
0.512816 0.538925 0 
0.512775 0.541608 0 
0.512738 0.540235 0 
0.51272 0.535945 0 
0.512717 0.53824 0 
0.512705 0.542735 0 
0.512663 0.54148 0 
0.512643 0.521735 0 
0.512637 0.54181 0 
0.51263 0.543559 0 
0.512629 0.540026 0 
0.512611 0.539116 0 
0.5126 0.540909 0 
0.512578 0.540126 0 
0.512577 0.54327 0 
0.512561 0.518687 0 
0.512541 0.540303 0 
0.512511 0.538214 0 
0.512422 0.539116 0 
0.512409 0.543661 0 
0.512408 0.542489 0 
0.512391 0.540793 0 
0.512387 0.539968 0 
0.512371 0.540552 0 
0.512298 0.519824 0 
0.512286 0.543019 0 
0.512272 0.542612 0 
0.512252 0.513603 0 
0.512245 0.518739 0 
0.512199 0.539264 0 
0.512188 0.53996 0 
0.512176 0.540541 0 
0.512124 0.54148 0 
0.512089 0.541856 0 
0.512089 0.512986 0 
0.512069 0.538374 0 
0.512069 0.547396 0 
0.512069 0.54226 0 
0.51205 0.540552 0 
0.511995 0.53996 0 
0.511982 0.540079 0 
0.511967 0.517492 0 
0.511933 0.542646 0 
0.51191 0.542612 0 
0.511894 0.538956 0 
0.51185 0.539137 0 
0.511841 0.543161 0 
0.511832 0.540093 0 
0.511808 0.540814 0 
0.511793 0.541691 0 
0.511785 0.541571 0 
0.51177 0.542328 0 
0.511758 0.539837 0 
0.511686 0.540934 0 
0.511668 0.540026 0 
0.511649 0.541856 0 
0.511566 0.541016 0 
0.511551 0.539884 0 
0.511524 0.54069 0 
0.511477 0.541113 0 
0.511469 0.54128 0 
0.511465 0.540399 0 
0.511461 0.549031 0 
0.511406 0.54252 0 
0.511402 0.544237 0 
0.51136 0.541615 0 
0.511351 0.519213 0 
0.511293 0.53764 0 
0.511247 0.541734 0 
0.511136 0.540303 0 
0.51112 0.541856 0 
0.511089 0.544111 0 
0.511067 0.540492 0 
0.511001 0.542612 0 
0.510933 0.540574 0 
0.510926 0.538566 0 
0.510828 0.54354 0 
0.510603 0.547478 0 
0.510586 0.540793 0 
0.510482 0.543019 0 
0.510293 0.539597 0 
0.510224 0.542927 0 
0.510223 0.540774 0 
0.51014 0.542938 0 
0.510102 0.546234 0 
0.509911 0.543442 0 
0.509742 0.542075 0 
0.509527 0.545105 0 
0.5091 0.540909 0 
0.216445 0.22132 1 
0.216016 0.225001 1 
0.215933 0.220815 1 
0.21586 0.224955 1 
0.215163 0.223874 1 
0.214924 0.220147 1 
0.214874 0.22476 1 
0.214561 0.224888 1 
0.214526 0.222329 1 
0.21444 0.21722 1 
0.214382 0.227511 1 
0.214354 0.228373 1 
0.214342 0.221041 1 
0.21422 0.222731 1 
0.214058 0.228224 1 
0.214006 0.220147 1 
0.213989 0.223382 1 
0.213902 0.224483 1 
0.213889 0.222908 1 
0.213782 0.223198 1 
0.213766 0.223851 1 
0.213753 0.223431 1 
0.213714 0.224143 1 
0.213689 0.223167 1 
0.213608 0.22455 1 
0.213586 0.21917 1 
0.213557 0.221717 1 
0.213453 0.223586 1 
0.213444 0.227896 1 
0.213417 0.224655 1 
0.213315 0.226526 1 
0.213308 0.226138 1 
0.213296 0.219933 1 
0.213253 0.225286 1 
0.213249 0.221891 1 
0.213201 0.221285 1 
0.213116 0.227335 1 
0.21307 0.215128 1 
0.213063 0.226255 1 
0.213029 0.223161 1 
0.213007 0.222285 1 
0.212935 0.22828 1 
0.212854 0.219254 1 
0.212797 0.219933 1 
0.212763 0.219823 1 
0.212758 0.225998 1 
0.212625 0.222425 1 
0.212531 0.226347 1 
0.212486 0.222523 1 
0.212472 0.226866 1 
0.212387 0.224951 1 
0.21236 0.216852 1 
0.212342 0.21722 1 
0.21231 0.227564 1 
0.21226 0.21722 1 
0.212238 0.224058 1 
0.212228 0.222329 1 
0.212228 0.221069 1 
0.212156 0.227097 1 
0.212153 0.222731 1 
0.21215 0.224878 1 
0.212138 0.225253 1 
0.212082 0.219254 1 
0.212071 0.221913 1 
0.212033 0.2231 1 
0.211981 0.223844 1 
0.211842 0.220641 1 
0.211828 0.222002 1 
0.211758 0.222172 1 
0.211711 0.221166 1 
0.211622 0.220844 1 
0.211547 0.224073 1 
0.211544 0.230283 1 
0.211523 0.227335 1 
0.21152 0.220675 1 
0.211489 0.215128 1 
0.211458 0.231382 1 
0.2114 0.220144 1 
0.211388 0.224232 1 
0.211373 0.222523 1 
0.21137 0.2255 1 
0.211333 0.22055 1 
0.211321 0.225438 1 
0.211305 0.223898 1 
0.211302 0.220641 1 
0.2113 0.218105 1 
0.211265 0.220815 1 
0.211257 0.227169 1 
0.211195 0.221806 1 
0.211166 0.221833 1 
0.21113 0.220844 1 
0.211111 0.219709 1 
0.211091 0.227335 1 
0.211085 0.221605 1 
0.211085 0.225954 1 
0.21108 0.223278 1 
0.211056 0.221849 1 
0.211028 0.219159 1 
0.210994 0.226174 1 
0.210978 0.223797 1 
0.210976 0.223382 1 
0.210975 0.226139 1 
0.210948 0.218001 1 
0.210925 0.222329 1 
0.210886 0.22842 1 
0.210882 0.217883 1 
0.210807 0.21917 1 
0.210803 0.221343 1 
0.210788 0.222203 1 
0.21072 0.221806 1 
0.210666 0.220677 1 
0.210609 0.223505 1 
0.21054 0.220283 1 
0.210521 0.221717 1 
0.210506 0.221833 1 
0.210439 0.221806 1 
0.210399 0.220144 1 
0.210395 0.232322 1 
0.210351 0.218001 1 
0.210275 0.220981 1 
0.210253 0.22181 1 
0.210197 0.219214 1 
0.21018 0.218105 1 
0.210174 0.225145 1 
0.210138 0.224656 1 
0.21011 0.21722 1 
0.210106 0.222291 1 
0.210098 0.217996 1 
0.210053 0.226776 1 
0.210047 0.221891 1 
0.210013 0.218001 1 
0.20999 0.219023 1 
0.209931 0.226283 1 
0.20992 0.21217 1 
0.209866 0.223271 1 
0.209866 0.210865 1 
0.209835 0.219823 1 
0.20981 0.22464 1 
0.20976 0.220981 1 
0.209547 0.224143 1 
0.209502 0.222294 1 
0.209499 0.222929 1 
0.209454 0.223975 1 
0.209445 0.209977 1 
0.209378 0.221833 1 
0.209322 0.224655 1 
0.209307 0.209507 1 
0.209202 0.21917 1 
0.209193 0.219254 1 
0.209112 0.220215 1 
0.209097 0.222021 1 
0.209082 0.216852 1 
0.209064 0.217996 1 
0.209012 0.224654 1 
0.208987 0.225274 1 
0.208937 0.22202 1 
0.208932 0.227896 1 
0.208866 0.225267 1 
0.208864 0.221166 1 
0.208846 0.221913 1 
0.208821 0.210305 1 
0.208759 0.22464 1 
0.208757 0.221849 1 
0.208755 0.209462 1 
0.208707 0.221103 1 
0.208653 0.210378 1 
0.20863 0.222045 1 
0.208624 0.220859 1 
0.208574 0.21994 1 
0.208572 0.225144 1 
0.208528 0.223775 1 
0.208434 0.232968 1 
0.20842 0.219214 1 
0.208415 0.226442 1 
0.208397 0.226689 1 
0.208365 0.208464 1 
0.208353 0.223431 1 
0.208327 0.21722 1 
0.2083 0.208576 1 
0.208237 0.209132 1 
0.208191 0.22407 1 
0.208166 0.220193 1 
0.208117 0.22132 1 
0.208115 0.208331 1 
0.2081 0.221933 1 
0.208078 0.208643 1 
0.208057 0.220675 1 
0.208039 0.20851 1 
0.208018 0.219023 1 
0.207985 0.208573 1 
0.207958 0.223586 1 
0.207949 0.224888 1 
0.207949 0.210058 1 
0.207932 0.223208 1 
0.207929 0.221343 1 
0.207927 0.222405 1 
0.207893 0.221103 1 
0.207884 0.209833 1 
0.207859 0.222045 1 
0.207841 0.207871 1 
0.207836 0.223213 1 
0.207831 0.2255 1 
0.207819 0.221475 1 
0.207806 0.224955 1 
0.207777 0.222209 1 
0.207777 0.210242 1 
0.20777 0.224726 1 
0.207768 0.211165 1 
0.207705 0.224257 1 
0.207693 0.21917 1 
0.207682 0.220815 1 
0.207645 0.222109 1 
0.207585 0.223271 1 
0.207568 0.222971 1 
0.207562 0.208527 1 
0.207444 0.208414 1 
0.207405 0.208054 1 
0.207378 0.207975 1 
0.20737 0.211737 1 
0.207311 0.209154 1 
0.207251 0.220193 1 
0.20724 0.208196 1 
0.207237 0.224058 1 
0.207225 0.20757 1 
0.207222 0.207292 1 
0.207205 0.219933 1 
0.207163 0.207481 1 
0.207158 0.221806 1 
0.207118 0.207824 1 
0.207074 0.222917 1 
0.207047 0.222405 1 
0.207022 0.222266 1 
0.207009 0.226945 1 
0.206943 0.208427 1 
0.206879 0.20721 1 
0.206864 0.208414 1 
0.206846 0.215128 1 
0.206768 0.209606 1 
0.206756 0.2255 1 
0.206733 0.20712 1 
0.20672 0.221849 1 
0.206718 0.221738 1 
0.206687 0.222731 1 
0.206657 0.207844 1 
0.206652 0.220193 1 
0.206625 0.210275 1 
0.206624 0.209717 1 
0.206559 0.215128 1 
0.206547 0.22388 1 
0.206508 0.221833 1 
0.206502 0.207405 1 
0.206475 0.210143 1 
0.206466 0.222002 1 
0.206449 0.220641 1 
0.206391 0.207188 1 
0.206391 0.207535 1 
0.206351 0.208409 1 
0.206317 0.224878 1 
0.20629 0.206868 1 
0.206276 0.219823 1 
0.206246 0.219254 1 
0.206227 0.220859 1 
0.206218 0.227083 1 
0.206171 0.206583 1 
0.206128 0.206545 1 
0.206128 0.219254 1 
0.206105 0.210279 1 
0.206093 0.208233 1 
0.206064 0.221103 1 
0.206056 0.208643 1 
0.206027 0.206318 1 
0.20602 0.221985 1 
0.206011 0.217996 1 
0.205994 0.218001 1 
0.205984 0.224433 1 
0.205977 0.222903 1 
0.205958 0.207141 1 
0.205948 0.220215 1 
0.205933 0.206954 1 
0.205921 0.2127 1 
0.205867 0.221343 1 
0.205844 0.224777 1 
0.205833 0.2231 1 
0.20582 0.207264 1 
0.205782 0.205806 1 
0.205769 0.206352 1 
0.20573 0.221717 1 
0.205726 0.216852 1 
0.205701 0.220283 1 
0.2057 0.220283 1 
0.205689 0.206375 1 
0.205681 0.223271 1 
0.205624 0.207065 1 
0.205526 0.207326 1 
0.205507 0.20651 1 
0.205503 0.219254 1 
0.205487 0.220491 1 
0.20548 0.221933 1 
0.205476 0.220491 1 
0.205473 0.206291 1 
0.205473 0.208812 1 
0.205449 0.217996 1 
0.205438 0.219023 1 
0.205394 0.220675 1 
0.205337 0.222002 1 
0.205336 0.219236 1 
0.20533 0.206891 1 
0.205329 0.223844 1 
0.20532 0.222045 1 
0.205226 0.209332 1 
0.205216 0.219709 1 
0.205211 0.217996 1 
0.205195 0.209685 1 
0.205172 0.21917 1 
0.205128 0.222766 1 
0.205126 0.208812 1 
0.205099 0.207326 1 
0.205094 0.224955 1 
0.205058 0.209003 1 
0.205055 0.205127 1 
0.204998 0.206545 1 
0.204951 0.219236 1 
0.204944 0.209474 1 
0.204877 0.207943 1 
0.204871 0.206809 1 
0.204859 0.221849 1 
0.204854 0.219933 1 
0.204795 0.209606 1 
0.204769 0.205356 1 
0.204721 0.210122 1 
0.204667 0.208409 1 
0.204651 0.206318 1 
0.204615 0.207046 1 
0.204586 0.205435 1 
0.204479 0.223898 1 
0.204443 0.205684 1 
0.204413 0.207037 1 
0.204408 0.220215 1 
0.204342 0.220283 1 
0.204332 0.209232 1 
0.204314 0.206415 1 
0.204312 0.221041 1 
0.204304 0.204717 1 
0.204278 0.220077 1 
0.204242 0.220592 1 
0.204189 0.210314 1 
0.204169 0.209265 1 
0.204159 0.20862 1 
0.204134 0.21917 1 
0.204128 0.219159 1 
0.204128 0.221166 1 
0.204127 0.208944 1 
0.204063 0.222291 1 
0.204063 0.210773 1 
0.20406 0.211105 1 
0.204051 0.206925 1 
0.204013 0.221985 1 
0.203948 0.215128 1 
0.203931 0.205641 1 
0.203923 0.208168 1 
0.20387 0.209685 1 
0.203811 0.206607 1 
0.203794 0.218256 1 
0.20379 0.218105 1 
0.203771 0.219023 1 
0.203754 0.208972 1 
0.203747 0.218001 1 
0.203684 0.205323 1 
0.203615 0.222803 1 
0.203613 0.217883 1 
0.203608 0.222209 1 
0.203588 0.207147 1 
0.203588 0.205355 1 
0.203552 0.208576 1 
0.203478 0.221285 1 
0.203413 0.220215 1 
0.203311 0.205059 1 
0.203197 0.221285 1 
0.203184 0.222028 1 
0.203166 0.203232 1 
0.20283 0.222172 1 
0.202819 0.222002 1 
0.202731 0.220215 1 
0.202125 0.208689 1 
0.200534 0.203027 1 
0.0996087 0.101895 2 
0.098944 0.102551 2 
0.0983764 0.101201 2 
0.0982586 0.0995224 2 
0.0979874 0.0995025 2 
0.0978322 0.0992955 2 
0.097743 0.0996446 2 
0.0976527 0.101627 2 
0.0974825 0.101752 2 
0.097454 0.103354 2 
0.0974387 0.101564 2 
0.0974218 0.101938 2 
0.0973634 0.0989458 2 
0.0972924 0.0978538 2 
0.0971859 0.0990875 2 
0.0971801 0.0996959 2 
0.0971269 0.0983206 2 
0.0969912 0.0983206 2 
0.0969279 0.101302 2 
0.0968924 0.100006 2 
0.0967893 0.0974463 2 
0.0966157 0.100302 2 
0.0964292 0.105664 2 
0.0964228 0.0994575 2 
0.0963695 0.100686 2 
0.0963538 0.099305 2 
0.096347 0.0994931 2 
0.0962853 0.0966544 2 
0.0962323 0.0975713 2 
0.0961765 0.0990109 2 
0.0960565 0.0981726 2 
0.0960103 0.097546 2 
0.095924 0.0977803 2 
0.095862 0.0968159 2 
0.0957577 0.104118 2 
0.0956785 0.0975649 2 
0.095577 0.0970527 2 
0.0955676 0.101752 2 
0.0955615 0.0973864 2 
0.0955294 0.0984232 2 
0.0954779 0.101201 2 
0.0954545 0.0997055 2 
0.0953833 0.0965702 2 
0.0953653 0.0978363 2 
0.0953096 0.099977 2 
0.0952986 0.0998735 2 
0.0952779 0.100125 2 
0.0952558 0.0990515 2 
0.0952152 0.0958431 2 
0.0951664 0.0956507 2 
0.0950578 0.097643 2 
0.094996 0.0974667 2 
0.0949653 0.100812 2 
0.0949285 0.0968312 2 
0.0949271 0.0977395 2 
0.0949262 0.0953243 2 
0.0949102 0.100333 2 
0.0948696 0.0960269 2 
0.0948372 0.0960269 2 
0.0947955 0.104255 2 
0.0947489 0.097643 2 
0.0946814 0.0985058 2 
0.0946746 0.0975649 2 
0.094643 0.0964084 2 
0.0944935 0.0978538 2 
0.0944513 0.0954665 2 
0.0944083 0.0997621 2 
0.0943634 0.094684 2 
0.0943576 0.0948405 2 
0.0942362 0.0943162 2 
0.094234 0.0979508 2 
0.0942097 0.0950071 2 
0.0941543 0.0966093 2 
0.094118 0.0981463 2 
0.0941061 0.0973137 2 
0.0940805 0.0967756 2 
0.0940725 0.100908 2 
0.09406 0.101782 2 
0.0940599 0.0985043 2 
0.0940204 0.0987701 2 
0.0939787 0.0968379 2 
0.0938653 0.100062 2 
0.0938216 0.101201 2 
0.0938121 0.0983682 2 
0.0937798 0.0967831 2 
0.0937655 0.0942945 2 
0.0937453 0.0963429 2 
0.0937139 0.0962238 2 
0.0936969 0.0937938 2 
0.0936417 0.0956248 2 
0.0936076 0.0972558 2 
0.0936027 0.0995162 2 
0.0935513 0.09604 2 
0.0935459 0.0948151 2 
0.0935096 0.0944208 2 
0.0935093 0.0949277 2 
0.0934863 0.0968312 2 
0.0934545 0.0990985 2 
0.0934455 0.100054 2 
0.0934213 0.0984232 2 
0.0934054 0.0963117 2 
0.0934026 0.0976992 2 
0.0933929 0.0977803 2 
0.09339 0.0937938 2 
0.0933757 0.0963429 2 
0.0933105 0.0983107 2 
0.0933064 0.0955654 2 
0.0932883 0.0935738 2 
0.0932875 0.0967756 2 
0.0932756 0.0937938 2 
0.0932328 0.0946307 2 
0.0932136 0.0957977 2 
0.0932126 0.0986072 2 
0.093157 0.099308 2 
0.0931346 0.100812 2 
0.0930879 0.0966069 2 
0.0930876 0.0942945 2 
0.0930392 0.0989458 2 
0.0930206 0.0996959 2 
0.0930111 0.100375 2 
0.093008 0.0968604 2 
0.0930057 0.0941041 2 
0.0929849 0.0968302 2 
0.0929379 0.0956507 2 
0.0928876 0.0998735 2 
0.0928762 0.0997198 2 
0.0928748 0.0975635 2 
0.0928468 0.0956364 2 
0.0927959 0.0930848 2 
0.0927513 0.0953916 2 
0.0927272 0.0957694 2 
0.0926887 0.0963117 2 
0.092684 0.0955821 2 
0.092678 0.0942721 2 
0.0926582 0.0972605 2 
0.0926404 0.100918 2 
0.0925977 0.0955821 2 
0.0925944 0.0931593 2 
0.0925648 0.0979175 2 
0.0925366 0.0952324 2 
0.0925332 0.0963429 2 
0.0925329 0.0956364 2 
0.0925174 0.09604 2 
0.0925032 0.0988697 2 
0.0924001 0.0926966 2 
0.0923594 0.0990109 2 
0.0923354 0.0965702 2 
0.0922217 0.0971967 2 
0.0921731 0.0923624 2 
0.092118 0.0969505 2 
0.0920736 0.093566 2 
0.0919443 0.0968796 2 
0.0919385 0.0967831 2 
0.0918978 0.0931593 2 
0.0918554 0.0947999 2 
0.091817 0.0995244 2 
0.0918102 0.0960855 2 
0.0917681 0.0930811 2 
0.0917453 0.0953243 2 
0.0917405 0.0958431 2 
0.0917253 0.097943 2 
0.0917098 0.0974667 2 
0.0916977 0.100266 2 
0.0916119 0.0984957 2 
0.0916021 0.0943686 2 
0.091583 0.092737 2 
0.0915403 0.0920692 2 
0.0915268 0.0975129 2 
0.0915069 0.0946307 2 
0.0914941 0.0942721 2 
0.0914652 0.0978538 2 
0.0913511 0.0956248 2 
0.0912452 0.0944899 2 
0.0912299 0.0914734 2 
0.0912253 0.0960837 2 
0.09119 0.0926343 2 
0.0911809 0.092516 2 
0.0911618 0.0928674 2 
0.091154 0.0964429 2 
0.0911181 0.0969505 2 
0.09111 0.0921607 2 
0.0910907 0.0985371 2 
0.0910531 0.0955833 2 
0.0909034 0.0955821 2 
0.0908685 0.098768 2 
0.0908628 0.0969794 2 
0.0908312 0.0947999 2 
0.0908105 0.0908659 2 
0.0908057 0.0988113 2 
0.0907957 0.0966069 2 
0.0907743 0.0990875 2 
0.0907743 0.0913382 2 
0.0907576 0.0977594 2 
0.0907323 0.0912261 2 
0.0906894 0.0915391 2 
0.0906848 0.0922699 2 
0.09068 0.0987426 2 
0.0906695 0.0968947 2 
0.0906611 0.0960837 2 
0.0905598 0.0964429 2 
0.0905312 0.0977288 2 
0.0905019 0.0931593 2 
0.0904824 0.0960269 2 
0.090473 0.0974667 2 
0.0904472 0.0906224 2 
0.0904414 0.0984269 2 
0.0904344 0.0911069 2 
0.0904331 0.0950071 2 
0.0904244 0.0998735 2 
0.0903968 0.0947999 2 
0.0903704 0.0942945 2 
0.0902779 0.0940503 2 
0.090259 0.0955833 2 
0.0902572 0.0917768 2 
0.0902397 0.0950028 2 
0.0901819 0.0976409 2 
0.0901555 0.0901899 2 
0.0901541 0.0957977 2 
0.090149 0.0908892 2 
0.0901443 0.0912549 2 
0.0901266 0.0942945 2 
0.0901255 0.0977803 2 
0.090117 0.094684 2 
0.0901155 0.0916482 2 
0.0900947 0.0907688 2 
0.0900626 0.0989274 2 
0.0900605 0.0916933 2 
0.0900538 0.0914068 2 
0.0900304 0.0903061 2 
0.0900247 0.0963429 2 
0.0899976 0.0966069 2 
0.0899969 0.0917254 2 
0.089973 0.0928986 2 
0.0899531 0.0907168 2 
0.0898598 0.0944208 2 
0.0898384 0.090208 2 
0.0898146 0.089908 2 
0.0897661 0.0899369 2 
0.0897166 0.0955833 2 
0.0897145 0.0955227 2 
0.0896778 0.0944899 2 
0.0895951 0.0901774 2 
0.0895784 0.0915936 2 
0.089568 0.0963117 2 
0.0895253 0.0948151 2 
0.0895023 0.0909617 2 
0.089499 0.0901214 2 
0.0894968 0.0909496 2 
0.0894782 0.0955821 2 
0.0894714 0.0913382 2 
0.0894649 0.0946307 2 
0.0894493 0.0968379 2 
0.0894206 0.0956364 2 
0.0893397 0.091023 2 
0.0893375 0.0948405 2 
0.0893058 0.0900978 2 
0.0892996 0.0992955 2 
0.0892882 0.0966093 2 
0.0892876 0.0942945 2 
0.0892805 0.0933536 2 
0.0892294 0.0968947 2 
0.0891807 0.0940839 2 
0.0891384 0.0894566 2 
0.0891183 0.0927886 2 
0.0891141 0.0903024 2 
0.0890991 0.091759 2 
0.0890949 0.0892953 2 
0.0890425 0.0977531 2 
0.0890163 0.0963117 2 
0.0890077 0.0940839 2 
0.0889357 0.0912553 2 
0.0888797 0.0979316 2 
0.0888651 0.0950028 2 
0.0888632 0.0899132 2 
0.0888558 0.0949277 2 
0.0888258 0.0969032 2 
0.0888256 0.0890916 2 
0.0888097 0.0890956 2 
0.0887961 0.0975404 2 
0.0887724 0.08988 2 
0.0887691 0.0919782 2 
0.0887293 0.0928337 2 
0.0887009 0.0931593 2 
0.0886973 0.0966093 2 
0.0886635 0.0890359 2 
0.0886604 0.0904877 2 
0.0885305 0.08886 2 
0.0885146 0.0915794 2 
0.0884843 0.0887527 2 
0.0884699 0.0949277 2 
0.0884333 0.0966544 2 
0.0884215 0.09145 2 
0.0884099 0.0915794 2 
0.0883203 0.0899631 2 
0.0882696 0.0902864 2 
0.0882363 0.0924173 2 
0.0882102 0.0894467 2 
0.0882062 0.0889717 2 
0.0882033 0.0911917 2 
0.0881947 0.0977395 2 
0.0881911 0.088646 2 
0.0881855 0.0916482 2 
0.0881287 0.0882463 2 
0.0881222 0.0899631 2 
0.0881174 0.0920492 2 
0.0880741 0.0931849 2 
0.0880335 0.0950071 2 
0.0879986 0.0937938 2 
0.0879895 0.0885153 2 
0.0879658 0.0890916 2 
0.0879072 0.0931593 2 
0.0879046 0.0947524 2 
0.0878946 0.0921554 2 
0.0878696 0.0946307 2 
0.0878565 0.0940839 2 
0.0878164 0.0907073 2 
0.0878145 0.0979508 2 
0.0877648 0.0949277 2 
0.0877607 0.0891251 2 
0.087714 0.0893383 2 
0.0876859 0.0948405 2 
0.0876739 0.0954665 2 
0.0876544 0.0957694 2 
0.0876285 0.0951161 2 
0.0876282 0.088868 2 
0.0876006 0.0918269 2 
0.0875752 0.0968159 2 
0.0875433 0.0908213 2 
0.0875235 0.090549 2 
0.0875126 0.0921554 2 
0.0875109 0.0894459 2 
0.0874863 0.0910696 2 
0.0874637 0.0891254 2 
0.0874192 0.0956248 2 
0.0873884 0.0893544 2 
0.0873693 0.0969032 2 
0.0873309 0.0904808 2 
0.0873293 0.0967507 2 
0.0873265 0.088868 2 
0.0873066 0.0899951 2 
0.0872973 0.0930848 2 
0.0872484 0.0935588 2 
0.0871643 0.095984 2 
0.0870551 0.0926966 2 
0.0870195 0.0966544 2 
0.0869711 0.0934431 2 
0.0868403 0.0877824 2 
0.0868271 0.0941041 2 
0.0868088 0.0968372 2 
0.086712 0.0942721 2 
0.0866913 0.0902394 2 
0.0866089 0.0966093 2 
0.086593 0.0932126 2 
0.0865506 0.0937938 2 
0.0864971 0.0911428 2 
0.0864875 0.0912482 2 
0.0864805 0.0880309 2 
0.0860715 0.0914393 2 
0.0853647 0.0950071 2 
0.0847308 0.08638 2 
0.047873 0.048171 3 
0.0473701 0.0478572 3 
0.0473668 0.0484654 3 
0.0468603 0.0476527 3 
0.0467585 0.0503807 3 
0.0464543 0.0465183 3 
0.0460997 0.0468707 3 
0.0459359 0.0462679 3 
0.0458209 0.0458579 3 
0.0457825 0.0488238 3 
0.0456776 0.0478572 3 
0.0455845 0.0466228 3 
0.0455533 0.046181 3 
0.0454786 0.0483129 3 
0.0454461 0.0465077 3 
0.0453572 0.0464697 3 
0.0453327 0.045543 3 
0.0452673 0.0467301 3 
0.0452368 0.0473729 3 
0.0448757 0.0451601 3 
0.044793 0.0461208 3 
0.0446728 0.0453644 3 
0.0446166 0.0448381 3 
0.0445787 0.0458113 3 
0.0445548 0.0451885 3 
0.0445274 0.0446868 3 
0.0444909 0.0468862 3 
0.0444728 0.0456671 3 
0.0444125 0.0476439 3 
0.0444115 0.0451994 3 
0.0444075 0.0447108 3 
0.0443988 0.0449015 3 
0.04438 0.0463693 3 
0.0443747 0.0452699 3 
0.0442991 0.0459113 3 
0.0442327 0.044678 3 
0.0442286 0.0444273 3 
0.0442256 0.0454526 3 
0.0441737 0.0450097 3 
0.0441363 0.0462294 3 
0.0441342 0.0472845 3 
0.044105 0.0461175 3 
0.0440988 0.0446051 3 
0.0440674 0.0466493 3 
0.0440633 0.0441212 3 
0.0440594 0.0467965 3 
0.0439882 0.0440449 3 
0.0438929 0.0454881 3 
0.0438922 0.0443726 3 
0.0438707 0.0441647 3 
0.0438458 0.0459388 3 
0.0438286 0.0441195 3 
0.0438231 0.0441341 3 
0.0438114 0.0451794 3 
0.0437971 0.0442184 3 
0.0437815 0.0445369 3 
0.0437736 0.0443936 3 
0.0437535 0.0461985 3 
0.0437419 0.0437742 3 
0.0436627 0.043937 3 
0.043632 0.0437244 3 
0.043624 0.0449605 3 
0.0435916 0.0455629 3 
0.0435844 0.0448823 3 
0.0435477 0.0448951 3 
0.0434886 0.0441212 3 
0.0434781 0.0460242 3 
0.0434374 0.0444771 3 
0.0431638 0.0433726 3 
0.0431206 0.0438593 3 
0.0431066 0.0432402 3 
0.0431019 0.0447898 3 
0.0430969 0.045656 3 
0.0430863 0.046402 3 
0.043073 0.0442184 3 
0.0430682 0.044498 3 
0.0430659 0.0443726 3 
0.0430548 0.0448033 3 
0.043037 0.044237 3 
0.0430228 0.0437847 3 
0.042923 0.0445487 3 
0.0429051 0.0444298 3 
0.042883 0.0462679 3 
0.0428711 0.0431533 3 
0.0428335 0.0450097 3 
0.0427917 0.0460242 3 
0.0427628 0.0427695 3 
0.0427442 0.0449361 3 
0.042671 0.0445434 3 
0.0426503 0.0448912 3 
0.0426194 0.0443764 3 
0.0425994 0.0449523 3 
0.0425289 0.0431116 3 
0.0424935 0.043937 3 
0.0424746 0.042594 3 
0.042456 0.0429481 3 
0.0424325 0.0452288 3 
0.0424258 0.0431805 3 
0.0424135 0.043549 3 
0.0423931 0.0456849 3 
0.0423921 0.0461746 3 
0.0423886 0.0443825 3 
0.0423751 0.0434238 3 
0.0423729 0.0449994 3 
0.0423437 0.0424937 3 
0.0423029 0.0445884 3 
0.042261 0.0431805 3 
0.0422409 0.0440554 3 
0.0422324 0.0437011 3 
0.0422192 0.0422233 3 
0.0421978 0.0424409 3 
0.0421927 0.0436592 3 
0.0421907 0.0425924 3 
0.0421429 0.0434757 3 
0.0421102 0.0440449 3 
0.0421077 0.0424553 3 
0.0420783 0.043303 3 
0.0420779 0.0434074 3 
0.0420615 0.0433301 3 
0.0420407 0.0440449 3 
0.0420405 0.0447064 3 
0.04203 0.0429456 3 
0.0420205 0.0425689 3 
0.041988 0.0434074 3 
0.0419532 0.0423672 3 
0.0419364 0.0444298 3 
0.0419221 0.0424409 3 
0.0419122 0.0443376 3 
0.041906 0.0426514 3 
0.0418915 0.0420956 3 
0.0418908 0.0427166 3 
0.0418782 0.0464697 3 
0.0418063 0.0434372 3 
0.0418042 0.0418805 3 
0.0417881 0.0429002 3 
0.0417797 0.0421566 3 
0.0417743 0.0453166 3 
0.0417623 0.0430686 3 
0.0417601 0.042798 3 
0.0417485 0.043251 3 
0.0417445 0.043549 3 
0.0417391 0.0418618 3 
0.0417147 0.0439941 3 
0.0416518 0.0425293 3 
0.0416341 0.044528 3 
0.0416298 0.043857 3 
0.0416214 0.0425253 3 
0.0416076 0.0427388 3 
0.041581 0.042435 3 
0.0415648 0.0427749 3 
0.0415517 0.0419813 3 
0.0415498 0.0442344 3 
0.0415427 0.0456583 3 
0.0415365 0.0425138 3 
0.0414967 0.0432078 3 
0.0414939 0.0421112 3 
0.0414862 0.0419436 3 
0.0414813 0.041618 3 
0.0414712 0.0417474 3 
0.0414618 0.0431895 3 
0.0414435 0.0419876 3 
0.0414426 0.0427695 3 
0.0414419 0.0444771 3 
0.0414082 0.0417099 3 
0.0413943 0.0452732 3 
0.0413873 0.0429807 3 
0.0413538 0.0425171 3 
0.0413519 0.0432402 3 
0.0413375 0.0437847 3 
0.0413302 0.0419519 3 
0.0413115 0.0448194 3 
0.0413061 0.0421617 3 
0.0413038 0.0416612 3 
0.0413032 0.0456745 3 
0.0412886 0.0459422 3 
0.0412808 0.0450618 3 
0.0412677 0.0424248 3 
0.0412568 0.0435165 3 
0.041233 0.0427388 3 
0.0412322 0.0430686 3 
0.0412296 0.0441935 3 
0.0412058 0.0415104 3 
0.0411767 0.0421719 3 
0.0411587 0.043857 3 
0.041152 0.0413552 3 
0.0411397 0.0424808 3 
0.0411232 0.0411834 3 
0.0410702 0.0417474 3 
0.041061 0.0421995 3 
0.0410576 0.0430686 3 
0.0410263 0.045112 3 
0.0410255 0.0447064 3 
0.040976 0.0411363 3 
0.0409645 0.0428162 3 
0.0409642 0.0410114 3 
0.040949 0.0437002 3 
0.0409412 0.0427695 3 
0.0409102 0.0444771 3 
0.0409025 0.0426112 3 
0.0408849 0.0437244 3 
0.0408239 0.0437244 3 
0.0407902 0.0423489 3 
0.0407686 0.0424519 3 
0.0407539 0.0410482 3 
0.0407417 0.0425689 3 
0.0407324 0.0423672 3 
0.040728 0.0429481 3 
0.0407217 0.0421867 3 
0.0407173 0.0427388 3 
0.0407143 0.0430644 3 
0.0406884 0.0420566 3 
0.0406618 0.0424943 3 
0.0405798 0.0422216 3 
0.040524 0.0428544 3 
0.0404935 0.0424409 3 
0.0404875 0.0427276 3 
0.0404635 0.0407765 3 
0.040456 0.041618 3 
0.0404319 0.0411363 3 
0.040356 0.0430446 3 
0.0403172 0.0439983 3 
0.0402993 0.0403433 3 
0.0402874 0.041889 3 
0.0402111 0.0406965 3 
0.0402001 0.0428311 3 
0.0401959 0.0433301 3 
0.0401954 0.0425901 3 
0.0401938 0.0414817 3 
0.0401912 0.0411297 3 
0.0401117 0.0431805 3 
0.0400943 0.0420566 3 
0.040087 0.0411356 3 
0.0400032 0.0427196 3 
0.0399701 0.0414817 3 
0.0399581 0.0436948 3 
0.0399519 0.0426514 3 
0.0399418 0.0430835 3 
0.0399325 0.0406963 3 
0.0399247 0.0419436 3 
0.0399192 0.0421566 3 
0.039917 0.041273 3 
0.0399111 0.0429594 3 
0.0398978 0.0439491 3 
0.0398964 0.0425138 3 
0.0398764 0.0428162 3 
0.0398683 0.0415024 3 
0.0398461 0.0405366 3 
0.0398425 0.0436592 3 
0.0398014 0.0447108 3 
0.0397548 0.0430732 3 
0.0397475 0.0434736 3 
0.0397439 0.043251 3 
0.0397365 0.0447851 3 
0.0397157 0.0422493 3 
0.0397131 0.0426792 3 
0.0397113 0.0407615 3 
0.0397093 0.0399652 3 
0.0397051 0.0410169 3 
0.039691 0.043857 3 
0.0396648 0.0440377 3 
0.0396543 0.0436512 3 
0.0396188 0.0423357 3 
0.0396108 0.043251 3 
0.0396033 0.0436512 3 
0.0395991 0.0406663 3 
0.0395641 0.0436393 3 
0.0395431 0.0436733 3 
0.0395347 0.044237 3 
0.0395318 0.0442759 3 
0.0395105 0.0403919 3 
0.0395021 0.0421995 3 
0.039496 0.0420566 3 
0.0394704 0.0411145 3 
0.0394077 0.0394551 3 
0.0393803 0.042358 3 
0.0393104 0.0439983 3 
0.0391978 0.0401504 3 
0.0391817 0.0397555 3 
0.0390816 0.0424675 3 
0.0390727 0.0434372 3 
0.0390452 0.0436948 3 
0.0390237 0.0410671 3 
0.0389347 0.0406663 3 
0.0389337 0.0434238 3 
0.038907 0.0424675 3 
0.0388738 0.0425476 3 
0.0388632 0.0422091 3 
0.0388444 0.0421984 3 
0.0388167 0.0399347 3 
0.0381279 0.0389205 3 
0.0380775 0.0439983 3 
0.0233835 0.0243413 4 
0.02295 0.0231611 4 
0.0225989 0.0235373 4 
0.022589 0.0233026 4 
0.0224581 0.0229613 4 
0.0224156 0.0225205 4 
0.0222834 0.0224391 4 
0.0221805 0.0228685 4 
0.0221214 0.0221418 4 
0.0221083 0.0227968 4 
0.0220291 0.0220664 4 
0.0218456 0.0220711 4 
0.0218025 0.0223846 4 
0.0217248 0.0220798 4 
0.0216932 0.0226076 4 
0.0216348 0.0217832 4 
0.0216261 0.0216533 4 
0.021609 0.0224522 4 
0.0215805 0.0220042 4 
0.0214852 0.022028 4 
0.0214848 0.02236 4 
0.0213877 0.022239 4 
0.02136 0.0217748 4 
0.0213325 0.022587 4 
0.021283 0.0227516 4 
0.0212586 0.0219291 4 
0.0212569 0.0213967 4 
0.0211299 0.0221073 4 
0.0210524 0.0215696 4 
0.020987 0.0211611 4 
0.0209605 0.0210409 4 
0.0209407 0.0213393 4 
0.0209066 0.0212015 4 
0.0208866 0.0219019 4 
0.0208701 0.0210975 4 
0.0208193 0.0209015 4 
0.0208095 0.021218 4 
0.0207973 0.0212481 4 
0.0207447 0.0211717 4 
0.0207392 0.021308 4 
0.0206997 0.020924 4 
0.0206507 0.0209648 4 
0.0206278 0.020775 4 
0.0206234 0.0217688 4 
0.0206218 0.0215461 4 
0.0206141 0.0209694 4 
0.0206129 0.0217748 4 
0.0206127 0.0213337 4 
0.0206064 0.0210789 4 
0.020598 0.0210494 4 
0.020593 0.0210908 4 
0.0205814 0.0206228 4 
0.0205765 0.0222428 4 
0.0205626 0.0224809 4 
0.0205597 0.0214649 4 
0.0205358 0.0205913 4 
0.0205198 0.0213983 4 
0.0204865 0.0208513 4 
0.0204847 0.0206189 4 
0.0204638 0.0205108 4 
0.0204458 0.0209195 4 
0.020432 0.0210789 4 
0.0204181 0.0206096 4 
0.0204044 0.0207548 4 
0.0203894 0.020745 4 
0.0203801 0.0204728 4 
0.0203673 0.0208513 4 
0.020345 0.0207011 4 
0.0203396 0.0209755 4 
0.0203303 0.02098 4 
0.020322 0.0206751 4 
0.0203169 0.0210553 4 
0.0202912 0.0210899 4 
0.0202524 0.0213805 4 
0.0202298 0.0205551 4 
0.0201928 0.0203716 4 
0.0201824 0.0208587 4 
0.0201646 0.0205164 4 
0.0201596 0.0206372 4 
0.0201542 0.0222034 4 
0.0201495 0.0203166 4 
0.0201276 0.0211209 4 
0.0201236 0.0208683 4 
0.0200746 0.0202708 4 
0.0200646 0.0209773 4 
0.0200641 0.0224277 4 
0.0200523 0.0202854 4 
0.0200459 0.0209723 4 
0.0200433 0.0214792 4 
0.0200252 0.0201504 4 
0.0200169 0.0215133 4 
0.0200111 0.0219166 4 
0.0199979 0.0209773 4 
0.019997 0.0204554 4 
0.0199733 0.0216785 4 
0.0199671 0.0207007 4 
0.019964 0.0200839 4 
0.0199634 0.0209123 4 
0.0199546 0.0213238 4 
0.019947 0.020274 4 
0.0199325 0.0210409 4 
0.0198955 0.022003 4 
0.0198936 0.0202121 4 
0.0198893 0.021494 4 
0.0198891 0.0204283 4 
0.019887 0.0209733 4 
0.0198811 0.0200111 4 
0.019877 0.02027 4 
0.0198753 0.02083 4 
0.0198739 0.0199211 4 
0.0198386 0.0205635 4 
0.0197968 0.019925 4 
0.019763 0.0208342 4 
0.019748 0.0203075 4 
0.0197259 0.0202146 4 
0.0197094 0.0215133 4 
0.019708 0.0200504 4 
0.0196972 0.0209734 4 
0.0196745 0.0198726 4 
0.0196424 0.0197672 4 
0.0196339 0.0202146 4 
0.0196294 0.0197225 4 
0.0196272 0.0209358 4 
0.0196262 0.0200364 4 
0.0196138 0.01982 4 
0.0196122 0.0199172 4 
0.0196001 0.0215923 4 
0.0195987 0.0215608 4 
0.0195963 0.0205199 4 
0.0195955 0.0202429 4 
0.019595 0.0216667 4 
0.0195865 0.0202125 4 
0.0195828 0.0210448 4 
0.019581 0.0196759 4 
0.0195783 0.0216667 4 
0.0195606 0.0197139 4 
0.0195442 0.0195749 4 
0.0195329 0.0207763 4 
0.0195289 0.0207763 4 
0.0195271 0.0200693 4 
0.01951 0.0200111 4 
0.0195043 0.0205572 4 
0.0195029 0.0207979 4 
0.0195017 0.019925 4 
0.0194955 0.0200504 4 
0.0194881 0.0199211 4 
0.0194582 0.0210773 4 
0.0194578 0.0200087 4 
0.0194128 0.0197916 4 
0.0193962 0.0209654 4 
0.0193953 0.0208108 4 
0.0193686 0.0200111 4 
0.019349 0.0197122 4 
0.0193461 0.0206824 4 
0.0193038 0.0199442 4 
0.0192831 0.0196704 4 
0.0192669 0.0202953 4 
0.0192482 0.0207255 4 
0.0192224 0.0199043 4 
0.0192006 0.0204978 4 
0.0191969 0.0208206 4 
0.0191914 0.0198726 4 
0.0191766 0.0196014 4 
0.0191661 0.0204139 4 
0.0191522 0.0198225 4 
0.0191321 0.0193965 4 
0.019108 0.020487 4 
0.0191068 0.0192721 4 
0.0190879 0.0198936 4 
0.0190773 0.0196759 4 
0.0190755 0.0206751 4 
0.0190754 0.0200015 4 
0.0190728 0.019945 4 
0.0190548 0.0196036 4 
0.0190327 0.0199161 4 
0.018977 0.0199984 4 
0.0189597 0.0209984 4 
0.0189309 0.0202776 4 
0.0189205 0.0193983 4 
0.0189028 0.0209634 4 
0.0188973 0.0206552 4 
0.0188929 0.0205249 4 
0.0188868 0.0194115 4 
0.0188811 0.0210334 4 
0.0188794 0.0191693 4 
0.0188725 0.0190925 4 
0.0188694 0.0205553 4 
0.0188499 0.019997 4 
0.0188467 0.0196979 4 
0.0188448 0.0207741 4 
0.0188329 0.0206235 4 
0.0188173 0.0211955 4 
0.0188167 0.0207494 4 
0.0188154 0.0203716 4 
0.0187977 0.0209648 4 
0.0187969 0.020856 4 
0.0187824 0.0195206 4 
0.0187721 0.0207741 4 
0.0187636 0.0189066 4 
0.0187597 0.0206342 4 
0.0187529 0.0206762 4 
0.0187493 0.0212546 4 
0.0187406 0.0207453 4 
0.0187384 0.0212685 4 
0.0187371 0.0196952 4 
0.0186894 0.0196897 4 
0.0186864 0.0207524 4 
0.0186852 0.0208385 4 
0.018668 0.0207481 4 
0.0186631 0.0204648 4 
0.0186619 0.0211938 4 
0.0186511 0.0207494 4 
0.0186428 0.0187221 4 
0.0186345 0.0199324 4 
0.0185894 0.0187221 4 
0.0185445 0.0202776 4 
0.0185322 0.0186573 4 
0.0184522 0.0199723 4 
0.0184399 0.0193954 4 
0.0184388 0.0207453 4 
0.0184359 0.0204978 4 
0.0184238 0.0189475 4 
0.0183434 0.0202316 4 
0.0183117 0.0205126 4 
0.0182914 0.0187639 4 
0.0182583 0.0194691 4 
0.0182453 0.0203055 4 
0.0182211 0.0195914 4 
0.0181472 0.0188659 4 
0.0180997 0.0195206 4 
0.0180547 0.0206235 4 
0.0180212 0.0206372 4 
0.0180133 0.0182979 4 
0.0179833 0.0208385 4 
0.0119116 0.0120289 5 
0.0117281 0.0120117 5 
0.0114217 0.0116311 5 
0.0113885 0.0115742 5 
0.0110136 0.0111892 5 
0.011013 0.0112739 5 
0.0110072 0.0110806 5 
0.0109356 0.0112097 5 
0.0109177 0.0109253 5 
0.0108561 0.0109894 5 
0.0108127 0.0109545 5 
0.0106384 0.0111739 5 
0.0106195 0.0108497 5 
0.0105915 0.0110808 5 
0.0105545 0.0106643 5 
0.0105369 0.0110917 5 
0.0105123 0.0105177 5 
0.0105021 0.0110017 5 
0.0104928 0.0111892 5 
0.0104584 0.0104686 5 
0.0104229 0.0107667 5 
0.0103528 0.0103875 5 
0.0103409 0.0105 5 
0.01034 0.0104359 5 
0.0103377 0.0104138 5 
0.0103271 0.0106314 5 
0.0102961 0.0103023 5 
0.0102527 0.0104188 5 
0.0102481 0.0105502 5 
0.0102436 0.0105075 5 
0.0102277 0.0102346 5 
0.0102263 0.0102829 5 
0.0102081 0.0104596 5 
0.0101779 0.0101951 5 
0.0101663 0.0102212 5 
0.0101624 0.0103248 5 
0.0101552 0.0103633 5 
0.0101452 0.0101761 5 
0.0101406 0.0103404 5 
0.0101401 0.0105537 5 
0.0101266 0.0103934 5 
0.0101246 0.0103876 5 
0.0101245 0.0102728 5 
0.0101182 0.0102084 5 
0.0101164 0.0105077 5 
0.0101022 0.0103841 5 
0.0100947 0.0104136 5 
0.0100893 0.0103188 5 
0.0100835 0.011275 5 
0.0100794 0.0108034 5 
0.0100666 0.0102727 5 
0.0100509 0.0102091 5 
0.0100235 0.0100303 5 
0.0100148 0.0107872 5 
0.010011 0.0100528 5 
0.00999739 0.0103706 5 
0.00997163 0.0100466 5 
0.00997079 0.0108929 5 
0.00995917 0.00999434 5 
0.00992805 0.0106643 5 
0.00992305 0.0102044 5 
0.00990415 0.010056 5 
0.00989075 0.010454 5 
0.00988506 0.0100877 5 
0.00987547 0.0101596 5 
0.00987407 0.0101384 5 
0.00986429 0.0103195 5 
0.00985811 0.0107083 5 
0.00982093 0.0102371 5 
0.00981577 0.0111347 5 
0.00979379 0.0100528 5 
0.0097745 0.0109648 5 
0.00977193 0.010153 5 
0.00976586 0.0102199 5 
0.00975722 0.01051 5 
0.00974752 0.0101654 5 
0.00974411 0.00993935 5 
0.00974157 0.0105511 5 
0.00973746 0.0101585 5 
0.00973577 0.0100594 5 
0.00973544 0.0106548 5 
0.00973299 0.0105024 5 
0.00972921 0.0101743 5 
0.00971294 0.0106954 5 
0.00969823 0.0103423 5 
0.00968677 0.0101245 5 
0.00968151 0.00997698 5 
0.00967171 0.0101032 5 
0.00966557 0.00970288 5 
0.00965162 0.00999434 5 
0.00964849 0.0103424 5 
0.00963766 0.00968467 5 
0.00962668 0.0103542 5 
0.00962585 0.0102842 5 
0.00961017 0.00961292 5 
0.00960785 0.00964103 5 
0.00960077 0.0102695 5 
0.00959866 0.0101032 5 
0.00958799 0.00990819 5 
0.00958413 0.00987679 5 
0.00957625 0.0104596 5 
0.00957104 0.00969512 5 
0.0095674 0.00970522 5 
0.00956629 0.0103802 5 
0.00956037 0.00993642 5 
0.00955158 0.00960978 5 
0.00954701 0.00991393 5 
0.00953459 0.0098309 5 
0.00952949 0.00991298 5 
0.00952322 0.00969147 5 
0.00951231 0.0104556 5 
0.0095119 0.010487 5 
0.00951164 0.0105958 5 
0.00949818 0.0105361 5 
0.00948376 0.0100268 5 
0.00948271 0.00972571 5 
0.00948163 0.0101304 5 
0.00947537 0.0095138 5 
0.00947049 0.00993903 5 
0.00943511 0.00995641 5 
0.00942182 0.00948921 5 
0.00941851 0.00983127 5 
0.00940595 0.00940905 5 
0.00940085 0.0095138 5 
0.00939684 0.00986191 5 
0.00938822 0.0103192 5 
0.00938 0.0102053 5 
0.00937996 0.0102523 5 
0.00937694 0.00972 5 
0.00936968 0.00964248 5 
0.00936812 0.0101839 5 
0.00935202 0.00954241 5 
0.00934825 0.0098687 5 
0.00934617 0.00972274 5 
0.00933449 0.0102289 5 
0.00932501 0.00961292 5 
0.00931922 0.00965211 5 
0.00931478 0.0101585 5 
0.00931424 0.00961642 5 
0.00931373 0.00959785 5 
0.00931294 0.00968924 5 
0.00931198 0.00966395 5 
0.00929572 0.0100501 5 
0.00929342 0.00987766 5 
0.0092848 0.00948521 5 
0.00928323 0.00951667 5 
0.00926718 0.00940905 5 
0.00926665 0.00952913 5 
0.0092621 0.00965211 5 
0.00925788 0.0100224 5 
0.00925325 0.00969698 5 
0.00925087 0.0100601 5 
0.00923811 0.010473 5 
0.00922916 0.0103876 5 
0.00922517 0.0101925 5 
0.00922341 0.0104907 5 
0.00921858 0.0102521 5 
0.00920085 0.0101654 5 
0.00918041 0.0100708 5 
0.00917267 0.0105372 5 
0.00916897 0.0102946 5 
0.00916423 0.0100466 5 
0.00916248 0.0102053 5 
0.00914576 0.0102998 5 
0.00914216 0.00969744 5 
0.00913999 0.00970153 5 
0.00913746 0.00931951 5 
0.00913083 0.0100526 5 
0.00910909 0.00911054 5 
0.00909736 0.0102393 5 
0.00909008 0.0101346 5 
0.0090833 0.00996214 5 
0.00908096 0.00937772 5 
0.00907978 0.0100739 5 
0.00907162 0.00951549 5 
0.00906924 0.0102052 5 
0.00905972 0.00966563 5 
0.00905018 0.0104098 5 
0.0090276 0.0100303 5 
0.0090148 0.00994934 5 
0.00901252 0.00984969 5 
0.0090071 0.00941486 5 
0.00900117 0.0102728 5 
0.00899382 0.0101033 5 
0.00894796 0.0100842 5 
0.0089363 0.00910571 5 
0.00890893 0.00969698 5 
0.00889956 0.0102091 5 
0.00888947 0.00966563 5 
0.00886576 0.0101033 5 
0.0088286 0.0100461 5 
0.00882352 0.00998659 5 
0.00882235 0.00887566 5 
0.00882172 0.00934118 5 
0.00880306 0.00889682 5 
0.00879617 0.00968549 5 
0.00877783 0.00906322 5 
0.00873352 0.00917455 5 
0.00864293 0.0101741 5 
0.00858631 0.0100303 5 
0.00607309 0.00619266 6 
0.00586763 0.00587691 6 
0.00561623 0.005661 6 
0.00560088 0.00560155 6 
0.00545413 0.00557845 6 
0.00544183 0.00551273 6 
0.00542787 0.00571574 6 
0.0053613 0.00538951 6 
0.00534754 0.00536805 6 
0.00533446 0.00553442 6 
0.00532616 0.00538276 6 
0.00531696 0.00532024 6 
0.00528677 0.00551843 6 
0.00528231 0.00528989 6 
0.00526396 0.00534579 6 
0.00525348 0.00553611 6 
0.00523693 0.00524141 6 
0.0052339 0.00543794 6 
0.00522707 0.00536723 6 
0.00521834 0.00531305 6 
0.00520669 0.00521985 6 
0.00520108 0.00524241 6 
0.00519023 0.00545903 6 
0.00514808 0.00521985 6 
0.00514645 0.00519375 6 
0.00514231 0.00523008 6 
0.00510076 0.00524651 6 
0.00509903 0.00534589 6 
0.00509035 0.0052184 6 
0.00507178 0.00512168 6 
0.00506527 0.00521818 6 
0.00506242 0.00553772 6 
0.00503185 0.00562042 6 
0.00502841 0.00513366 6 
0.00502793 0.00524691 6 
0.00501747 0.00506596 6 
0.00499789 0.00512168 6 
0.00497907 0.00501648 6 
0.00497738 0.00516306 6 
0.00496205 0.00512649 6 
0.00495859 0.00527959 6 
0.00495637 0.00528871 6 
0.00495588 0.00506215 6 
0.00494217 0.00531556 6 
0.00494056 0.00533732 6 
0.00493729 0.00501578 6 
0.00493717 0.00512137 6 
0.00493546 0.0050759 6 
0.0049275 0.00504259 6 
0.00491872 0.00503628 6 
0.00491702 0.00544604 6 
0.00491225 0.00503352 6 
0.00490073 0.00533395 6 
0.00489694 0.00498003 6 
0.00488858 0.005061 6 
0.00488122 0.00516728 6 
0.00487869 0.00562315 6 
0.00487408 0.00512447 6 
0.00485926 0.00521529 6 
0.00485519 0.00503352 6 
0.00484225 0.00486152 6 
0.00484092 0.00541572 6 
0.00483884 0.00487679 6 
0.00483243 0.00504796 6 
0.00481777 0.00515151 6 
0.00481649 0.00518247 6 
0.00481629 0.00504259 6 
0.00481356 0.00506268 6 
0.00481286 0.00552593 6 
0.00481278 0.00489372 6 
0.00481 0.00497887 6 
0.00480044 0.0051843 6 
0.00479716 0.00495301 6 
0.00478959 0.00511822 6 
0.00478604 0.00513564 6 
0.0047831 0.00491148 6 
0.00477789 0.00516379 6 
0.00477587 0.00505644 6 
0.00477414 0.00520175 6 
0.00476934 0.00495916 6 
0.00475832 0.0050347 6 
0.00474769 0.00487254 6 
0.00474147 0.00501121 6 
0.00473367 0.00500681 6 
0.00472675 0.0047389 6 
0.00471773 0.00525062 6 
0.00470733 0.00483612 6 
0.00470526 0.00474093 6 
0.00470435 0.00516608 6 
0.00469875 0.00516004 6 
0.00469745 0.00494158 6 
0.0046932 0.00501642 6 
0.00469276 0.00524008 6 
0.00469265 0.00488012 6 
0.00469004 0.00534945 6 
0.00468553 0.00516004 6 
0.00468275 0.00479525 6 
0.00467996 0.00470868 6 
0.00467821 0.00482225 6 
0.00467788 0.00487904 6 
0.00467485 0.00491456 6 
0.00467295 0.0047233 6 
0.00466994 0.00497094 6 
0.00466918 0.00476396 6 
0.00466886 0.0046899 6 
0.00466728 0.00520959 6 
0.00466407 0.00484389 6 
0.00466335 0.00476693 6 
0.00465939 0.00489885 6 
0.00465555 0.00510066 6 
0.00464541 0.00509208 6 
0.00463715 0.00501745 6 
0.00462837 0.00473509 6 
0.0046243 0.00518257 6 
0.0046213 0.00465762 6 
0.00461932 0.00486614 6 
0.00461842 0.00476858 6 
0.00461822 0.00473638 6 
0.00460853 0.00502529 6 
0.00460333 0.00515283 6 
0.00460219 0.00472471 6 
0.00460038 0.00476428 6 
0.00459991 0.00474038 6 
0.00459743 0.00501009 6 
0.00459715 0.00502662 6 
0.0045964 0.00521076 6 
0.00459452 0.00505192 6 
0.00459169 0.00530465 6 
0.00457499 0.00487771 6 
0.00457304 0.00531402 6 
0.00457256 0.00487789 6 
0.00457119 0.00501328 6 
0.00456997 0.00513912 6 
0.00456911 0.00502825 6 
0.00456248 0.0050405 6 
0.00455901 0.00496796 6 
0.00455273 0.00489495 6 
0.00454855 0.00489728 6 
0.00452683 0.00486682 6 
0.00451749 0.00505192 6 
0.00451551 0.00496988 6 
0.00451526 0.00505159 6 
0.0045093 0.00481927 6 
0.00450191 0.00506134 6 
0.0044915 0.00504152 6 
0.00448899 0.00471572 6 
0.00448765 0.0046465 6 
0.00448099 0.00504626 6 
0.00448057 0.00476396 6 
0.00446204 0.00498578 6 
0.00446124 0.00507128 6 
0.00445743 0.00496518 6 
0.00445413 0.00484846 6 
0.00443096 0.00507284 6 
0.00442735 0.00501012 6 
0.0044256 0.0051913 6 
0.00442044 0.00515576 6 
0.00440103 0.00472845 6 
0.00439968 0.00484846 6 
0.00438116 0.00501012 6 
0.00437476 0.004551 6 
0.00436459 0.00482999 6 
0.00435744 0.00499132 6 
0.0043225 0.00472075 6 
0.00429062 0.00455758 6 
0.00427291 0.00506206 6 
0.00426926 0.00498578 6 
0.00317499 0.00319039 7 
0.00283941 0.00296071 7 
0.00283062 0.00289447 7 
0.00281636 0.00284915 7 
0.0027647 0.00287812 7 
0.00274901 0.00277099 7 
0.00274287 0.00282075 7 
0.00271801 0.00280365 7 
0.00271598 0.00274998 7 
0.00269298 0.00271312 7 
0.00267422 0.00274274 7 
0.00266502 0.00269224 7 
0.00266379 0.00277778 7 
0.00266333 0.00276963 7 
0.00264618 0.00266213 7 
0.00263581 0.00270713 7 
0.00263142 0.00271994 7 
0.00261375 0.00273792 7 
0.00261364 0.00270328 7 
0.00260562 0.00282085 7 
0.00259634 0.00261619 7 
0.00257222 0.00260617 7 
0.00256868 0.00259627 7 
0.00256629 0.00269418 7 
0.00256102 0.00262377 7 
0.00255941 0.00264626 7 
0.00254799 0.00283955 7 
0.00254117 0.00255239 7 
0.00254029 0.00257376 7 
0.00253206 0.00264043 7 
0.0025257 0.00255222 7 
0.00252486 0.00263136 7 
0.00252012 0.00258029 7 
0.00251643 0.0026056 7 
0.00251106 0.00266759 7 
0.0025089 0.00254859 7 
0.00250041 0.00256862 7 
0.00250037 0.00269674 7 
0.00249491 0.00264971 7 
0.00249052 0.00259723 7 
0.00248617 0.00270082 7 
0.00248218 0.00250925 7 
0.00248164 0.00257248 7 
0.00247616 0.00256673 7 
0.0024757 0.00278659 7 
0.00247354 0.00275443 7 
0.00246662 0.00251249 7 
0.00246587 0.00265424 7 
0.0024633 0.0025834 7 
0.00246295 0.002591 7 
0.00246249 0.00254754 7 
0.00246112 0.00257248 7 
0.0024541 0.0027719 7 
0.00245386 0.00262595 7 
0.00244746 0.00256913 7 
0.00244725 0.00268206 7 
0.00244114 0.00266051 7 
0.00243196 0.00247298 7 
0.0024252 0.0025423 7 
0.00242256 0.00251836 7 
0.00241178 0.00245521 7 
0.00241176 0.00254754 7 
0.00241163 0.00245441 7 
0.0024069 0.00262568 7 
0.00240686 0.00256304 7 
0.00240561 0.00259235 7 
0.00240539 0.0024726 7 
0.00240434 0.00259205 7 
0.00240302 0.00244734 7 
0.0023997 0.00277458 7 
0.00239905 0.00246027 7 
0.00239672 0.00259543 7 
0.00239288 0.00240784 7 
0.00238309 0.00264085 7 
0.0023795 0.00265932 7 
0.00237515 0.002603 7 
0.00237432 0.00248839 7 
0.00237314 0.00244084 7 
0.00237279 0.00251862 7 
0.00236814 0.00243715 7 
0.00236774 0.00242426 7 
0.00236603 0.00245521 7 
0.00236467 0.00240455 7 
0.00236224 0.00258959 7 
0.00236 0.00261222 7 
0.00235807 0.00254363 7 
0.00235448 0.00256172 7 
0.0023537 0.00255592 7 
0.0023482 0.00239655 7 
0.00234737 0.00239092 7 
0.00234626 0.00245147 7 
0.0023444 0.00256304 7 
0.00234312 0.002516 7 
0.00234268 0.00266065 7 
0.00234221 0.00241481 7 
0.00234138 0.00269929 7 
0.00234006 0.00247141 7 
0.00233807 0.00236604 7 
0.00233778 0.0024209 7 
0.00233639 0.00240234 7 
0.00233035 0.00248381 7 
0.00232914 0.00248893 7 
0.00232777 0.00249914 7 
0.00232637 0.00252346 7 
0.00232311 0.00244696 7 
0.00231973 0.00248988 7 
0.00231912 0.00271634 7 
0.00231807 0.00234247 7 
0.00231744 0.00237326 7 
0.00231717 0.00256545 7 
0.00231471 0.0026259 7 
0.00231358 0.00247572 7 
0.00231357 0.00241461 7 
0.0023124 0.0025192 7 
0.00230914 0.00250504 7 
0.00230874 0.00255852 7 
0.00230308 0.00257335 7 
0.00230277 0.00259839 7 
0.00229979 0.00251523 7 
0.00229711 0.00259723 7 
0.00229353 0.0025777 7 
0.00228489 0.00255006 7 
0.00228351 0.00239763 7 
0.00228192 0.00252279 7 
0.00228159 0.00235408 7 
0.0022762 0.00251324 7 
0.00226561 0.00252337 7 
0.0022655 0.00254874 7 
0.00226367 0.00275551 7 
0.0022553 0.00231403 7 
0.00225176 0.0025303 7 
0.00224699 0.00257335 7 
0.00224129 0.00253045 7 
0.00223638 0.00252537 7 
0.00223378 0.00253045 7 
0.00222862 0.00248839 7 
0.00222521 0.0023328 7 
0.00221932 0.00259638 7 
0.00221888 0.00245521 7 
0.00221431 0.00261583 7 
0.00221074 0.00247367 7 
0.00220869 0.00229157 7 
0.00220732 0.00240184 7 
0.00220605 0.00256673 7 
0.00220269 0.00253975 7 
0.00219549 0.00239166 7 
0.00218432 0.0025777 7 
0.00218013 0.0025636 7 
0.00213964 0.00230116 7 
0.00209745 0.00252279 7 
0.0015025 0.00154407 8 
0.00148888 0.00149107 8 
0.0014497 0.00147918 8 
0.00144588 0.00149334 8 
0.00144088 0.00145743 8 
0.00143773 0.00145862 8 
0.00142394 0.00148167 8 
0.00140043 0.00141244 8 
0.00139967 0.0014189 8 
0.00138248 0.00141514 8 
0.00138103 0.00139512 8 
0.00136461 0.00142004 8 
0.00135973 0.00136314 8 
0.00135635 0.00141671 8 
0.0013552 0.00143036 8 
0.00135346 0.00138927 8 
0.00135246 0.00140496 8 
0.00134647 0.00137786 8 
0.0013407 0.0013502 8 
0.00133188 0.00137427 8 
0.0013305 0.00135148 8 
0.00132515 0.00138171 8 
0.0013191 0.00132809 8 
0.00131419 0.00132236 8 
0.00130925 0.00143504 8 
0.00130864 0.001369 8 
0.00130802 0.00133786 8 
0.00130791 0.00133814 8 
0.00130606 0.00133846 8 
0.00130093 0.00130378 8 
0.00129849 0.00131116 8 
0.00129696 0.00136648 8 
0.00129491 0.00130162 8 
0.00129114 0.00129613 8 
0.00128848 0.00137845 8 
0.0012884 0.00143165 8 
0.00128456 0.00132953 8 
0.001284 0.00132176 8 
0.00128357 0.00129783 8 
0.00128347 0.00130691 8 
0.00127646 0.00130163 8 
0.0012756 0.00133349 8 
0.00127454 0.00129292 8 
0.00126898 0.00136808 8 
0.00126597 0.00131923 8 
0.00126514 0.001369 8 
0.00126385 0.00136527 8 
0.00126228 0.00136066 8 
0.00125957 0.00133413 8 
0.00125951 0.00129864 8 
0.00125921 0.00139621 8 
0.00125767 0.00128165 8 
0.00125731 0.00132117 8 
0.00125282 0.00126466 8 
0.00125281 0.00133791 8 
0.00124826 0.00132953 8 
0.00124644 0.0013895 8 
0.00124427 0.00129407 8 
0.00124176 0.00135713 8 
0.00124168 0.00140488 8 
0.00123773 0.00130582 8 
0.00123482 0.00123872 8 
0.00123312 0.00123362 8 
0.00123304 0.00127062 8 
0.00123071 0.00139386 8 
0.00123027 0.0012374 8 
0.00122767 0.001257 8 
0.00122739 0.00122891 8 
0.00122738 0.00123824 8 
0.00122619 0.00124424 8 
0.00122565 0.00124596 8 
0.00122415 0.00129613 8 
0.00122178 0.0012309 8 
0.00122153 0.0013083 8 
0.00122115 0.00133786 8 
0.00122095 0.0013243 8 
0.00121901 0.00132245 8 
0.00121755 0.00130006 8 
0.00121676 0.00133188 8 
0.00121341 0.00122976 8 
0.00121266 0.00138797 8 
0.00121183 0.00128759 8 
0.00121123 0.00125346 8 
0.00121106 0.00124964 8 
0.00121053 0.00124971 8 
0.00120978 0.00125601 8 
0.00120883 0.00130582 8 
0.00120866 0.00131441 8 
0.00120799 0.00127558 8 
0.00120735 0.00132307 8 
0.00120506 0.0013037 8 
0.00120381 0.00125103 8 
0.00120321 0.00123778 8 
0.00120309 0.00121702 8 
0.00120233 0.00125577 8 
0.0012011 0.00131403 8 
0.00120091 0.00128423 8 
0.00119981 0.00130393 8 
0.00119875 0.00127873 8 
0.00119495 0.00125412 8 
0.0011916 0.00127627 8 
0.00119076 0.00119463 8 
0.00118976 0.00128751 8 
0.00118937 0.00125655 8 
0.001187 0.00140218 8 
0.00118689 0.00123824 8 
0.00118635 0.0012541 8 
0.00118474 0.00130805 8 
0.0011846 0.00123488 8 
0.0011832 0.00125753 8 
0.00118299 0.00119342 8 
0.00118106 0.00134962 8 
0.00118027 0.0013534 8 
0.00117868 0.00118128 8 
0.00117855 0.00127311 8 
0.00117799 0.00121905 8 
0.00117641 0.00132961 8 
0.00117632 0.00130756 8 
0.00117573 0.00126291 8 
0.00117526 0.00124753 8 
0.00117394 0.00127279 8 
0.00117348 0.0013056 8 
0.00116912 0.00134413 8 
0.00116849 0.00133759 8 
0.00116794 0.00140158 8 
0.00116719 0.0012948 8 
0.00116114 0.00129358 8 
0.00116044 0.00116538 8 
0.00115815 0.00130348 8 
0.00115569 0.00131971 8 
0.00115539 0.00121499 8 
0.00115412 0.00131579 8 
0.00114715 0.00115106 8 
0.00114699 0.00129726 8 
0.00114346 0.00129398 8 
0.00114106 0.00129726 8 
0.00113858 0.00117218 8 
0.0011365 0.00115106 8 
0.00113553 0.00132314 8 
0.00113254 0.00131372 8 
0.00113114 0.0013153 8 
0.00113021 0.00126489 8 
0.0011299 0.00133928 8 
0.00112944 0.00124165 8 
0.00112917 0.0012805 8 
0.00112845 0.001257 8 
0.00112413 0.0012712 8 
0.00111988 0.00125346 8 
0.00111784 0.00131971 8 
0.00111465 0.00121304 8 
0.0011068 0.00132961 8 
0.00106239 0.00117696 8 
0.00106238 0.00129407 8 
0.00080196 0.000813098 9 
0.000761295 0.000766095 9 
0.000758657 0.000768583 9 
0.000750726 0.000761966 9 
0.00074374 0.000780774 9 
0.000713716 0.000719062 9 
0.000711835 0.000728952 9 
0.000710919 0.000732744 9 
0.000710764 0.000730497 9 
0.000710343 0.000711924 9 
0.000705681 0.00073688 9 
0.000691855 0.000705114 9 
0.00069119 0.000712866 9 
0.000689134 0.000720825 9 
0.000684256 0.000688526 9 
0.000684226 0.000704005 9 
0.000682402 0.000701376 9 
0.000681381 0.000750698 9 
0.000681284 0.000742053 9 
0.00067776 0.000700561 9 
0.00067442 0.000677309 9 
0.000673688 0.000690722 9 
0.000671837 0.00069232 9 
0.000671346 0.000707807 9 
0.000670392 0.000677925 9 
0.000669153 0.000701828 9 
0.000666948 0.000668766 9 
0.000664443 0.000701844 9 
0.000663538 0.000666536 9 
0.000662551 0.000697439 9 
0.000662228 0.000666912 9 
0.000659716 0.000749684 9 
0.00065874 0.000685397 9 
0.000652401 0.000655314 9 
0.00065199 0.00068062 9 
0.000651226 0.000674998 9 
0.000650181 0.000702919 9 
0.000649723 0.000701455 9 
0.000647985 0.000710313 9 
0.00064584 0.000703886 9 
0.000645715 0.000690507 9 
0.000645323 0.000688358 9 
0.00064446 0.000662697 9 
0.000642238 0.000642385 9 
0.000642233 0.000727213 9 
0.000641738 0.000677419 9 
0.000640629 0.000652346 9 
0.000640385 0.00068062 9 
0.000639344 0.000672484 9 
0.000638736 0.000691085 9 
0.000638273 0.000645702 9 
0.000638204 0.00070259 9 
0.000636608 0.000657095 9 
0.000635888 0.000655643 9 
0.000633731 0.000641077 9 
0.000633479 0.000649136 9 
0.00063339 0.000679418 9 
0.000632948 0.000638127 9 
0.000632163 0.00065288 9 
0.000632041 0.000668415 9 
0.000630358 0.000708803 9 
0.000630107 0.00066994 9 
0.000629359 0.000653525 9 
0.000628382 0.000634788 9 
0.000628208 0.000652271 9 
0.000627268 0.000677419 9 
0.000626829 0.000641037 9 
0.000626348 0.000676908 9 
0.000625899 0.000654131 9 
0.000625281 0.000660642 9 
0.000625215 0.000678989 9 
0.000625085 0.000645071 9 
0.000624397 0.000648311 9 
0.000623815 0.000631148 9 
0.000623706 0.000654462 9 
0.000622457 0.000657095 9 
0.000622188 0.000631482 9 
0.000621325 0.000626663 9 
0.000619965 0.00069232 9 
0.000619679 0.000662092 9 
0.000617424 0.000620239 9 
0.000617158 0.000673543 9 
0.00061705 0.000674607 9 
0.000616053 0.000668351 9 
0.00061595 0.000634967 9 
0.00061565 0.000650048 9 
0.000615628 0.000641766 9 
0.000615082 0.00071277 9 
0.000614743 0.000672484 9 
0.000614633 0.000647164 9 
0.000614588 0.000649225 9 
0.000614358 0.000728227 9 
0.000613974 0.000680802 9 
0.000612426 0.000614597 9 
0.000611692 0.000696461 9 
0.000610841 0.000645071 9 
0.000610468 0.000677821 9 
0.000609435 0.000721279 9 
0.00060938 0.000690992 9 
0.000608063 0.000651421 9 
0.000607983 0.000649962 9 
0.000607761 0.000639264 9 
0.000606339 0.000662444 9 
0.000605414 0.000659146 9 
0.000602672 0.000672183 9 
0.000602281 0.000659791 9 
0.000601775 0.000664 9 
0.000600987 0.000628487 9 
0.000600418 0.000695148 9 
0.000599887 0.000679693 9 
0.00059916 0.000680514 9 
0.000599088 0.000698658 9 
0.000598202 0.000606652 9 
0.000598091 0.000648526 9 
0.000597937 0.000664903 9 
0.000597717 0.000673175 9 
0.000596523 0.000622979 9 
0.00059482 0.000677788 9 
0.000593676 0.000689294 9 
0.000593675 0.000630964 9 
0.000593366 0.000678694 9 
0.000589625 0.000599095 9 
0.000587945 0.000676699 9 
0.00058651 0.000672995 9 
0.000584453 0.00065088 9 
0.000584299 0.000599095 9 
0.000584181 0.000680514 9 
0.000583623 0.000679078 9 
0.000582793 0.000676699 9 
0.000579829 0.000665236 9 
0.000578033 0.000642385 9 
0.000575678 0.000656634 9 
0.000574104 0.000638882 9 
0.000571285 0.000622343 9 
0.000563235 0.000647588 9 
0.000561614 0.00068346 9 
0.000547445 0.000656634 9 
0.000536432 0.000608331 9 
