0.525871 0.540931 0 
0.524152 0.543104 0 
0.523544 0.542222 0 
0.523495 0.540931 0 
0.522824 0.539642 0 
0.522475 0.541387 0 
0.522209 0.541387 0 
0.521887 0.542046 0 
0.521885 0.539847 0 
0.521874 0.541734 0 
0.521733 0.536949 0 
0.521688 0.542634 0 
0.52165 0.541548 0 
0.521466 0.543827 0 
0.521412 0.540032 0 
0.521281 0.541177 0 
0.521262 0.541223 0 
0.521069 0.541511 0 
0.521067 0.541223 0 
0.521066 0.542433 0 
0.521055 0.543488 0 
0.52085 0.543092 0 
0.520751 0.543375 0 
0.520708 0.536949 0 
0.520675 0.540859 0 
0.520486 0.538696 0 
0.520468 0.539642 0 
0.520458 0.540032 0 
0.520349 0.539847 0 
0.520173 0.541389 0 
0.519987 0.539406 0 
0.519782 0.543076 0 
0.519728 0.541078 0 
0.519677 0.543061 0 
0.519659 0.543199 0 
0.519633 0.543944 0 
0.519613 0.538413 0 
0.519601 0.542072 0 
0.519596 0.543827 0 
0.519594 0.53859 0 
0.519572 0.542535 0 
0.519544 0.541468 0 
0.519515 0.54133 0 
0.519391 0.541468 0 
0.519388 0.541705 0 
0.519331 0.540185 0 
0.519189 0.541773 0 
0.519148 0.540254 0 
0.519124 0.541431 0 
0.519121 0.543653 0 
0.519111 0.541453 0 
0.519079 0.542218 0 
0.519016 0.539642 0 
0.51899 0.541773 0 
0.518849 0.539597 0 
0.518822 0.539642 0 
0.518706 0.519437 0 
0.518706 0.519095 0 
0.518691 0.543182 0 
0.518672 0.540884 0 
0.518655 0.543178 0 
0.518648 0.542693 0 
0.518616 0.541288 0 
0.518543 0.542718 0 
0.51853 0.543076 0 
0.518525 0.536916 0 
0.518492 0.520097 0 
0.51847 0.541468 0 
0.518434 0.541223 0 
0.518431 0.518797 0 
0.518431 0.543121 0 
0.518421 0.542336 0 
0.518418 0.545222 0 
0.518412 0.541548 0 
0.51841 0.521339 0 
0.518403 0.519038 0 
0.518346 0.518926 0 
0.51827 0.542791 0 
0.51827 0.544177 0 
0.518253 0.542143 0 
0.518252 0.540126 0 
0.518249 0.540884 0 
0.518205 0.519222 0 
0.518149 0.542559 0 
0.518092 0.521912 0 
0.518086 0.519934 0 
0.518001 0.538696 0 
0.51796 0.542555 0 
0.51791 0.540185 0 
0.517874 0.518921 0 
0.517864 0.542718 0 
0.517864 0.540771 0 
0.517859 0.540604 0 
0.517846 0.542461 0 
0.517839 0.538413 0 
0.517838 0.542461 0 
0.517836 0.536949 0 
0.517792 0.541082 0 
0.517776 0.539418 0 
0.517772 0.541962 0 
0.517748 0.542193 0 
0.517687 0.543882 0 
0.517651 0.54088 0 
0.517604 0.518031 0 
0.517535 0.541906 0 
0.517525 0.541078 0 
0.517506 0.518202 0 
0.51747 0.519437 0 
0.517453 0.51808 0 
0.517415 0.540771 0 
0.517409 0.541734 0 
0.517395 0.541679 0 
0.517389 0.537934 0 
0.517381 0.540859 0 
0.517343 0.518017 0 
0.517319 0.539406 0 
0.517281 0.517835 0 
0.517278 0.536916 0 
0.517257 0.540533 0 
0.517244 0.520735 0 
0.517205 0.540126 0 
0.51716 0.518398 0 
0.517132 0.542072 0 
0.517084 0.543897 0 
0.517049 0.543266 0 
0.517039 0.539406 0 
0.517015 0.536916 0 
0.517004 0.519829 0 
0.516997 0.517775 0 
0.516987 0.54569 0 
0.516945 0.518559 0 
0.516907 0.516928 0 
0.516865 0.518442 0 
0.51686 0.542967 0 
0.516822 0.517615 0 
0.516812 0.543949 0 
0.516804 0.51759 0 
0.516786 0.540884 0 
0.516721 0.541177 0 
0.516702 0.537934 0 
0.516682 0.54161 0 
0.516669 0.522862 0 
0.516663 0.544821 0 
0.516655 0.516678 0 
0.516638 0.543882 0 
0.516623 0.540492 0 
0.51659 0.540185 0 
0.516572 0.541288 0 
0.516544 0.541288 0 
0.516475 0.518031 0 
0.516473 0.541906 0 
0.516448 0.539847 0 
0.516391 0.543794 0 
0.51638 0.542457 0 
0.516372 0.544896 0 
0.516361 0.51729 0 
0.516345 0.541082 0 
0.516266 0.516418 0 
0.516219 0.517439 0 
0.516216 0.541177 0 
0.516174 0.545083 0 
0.51614 0.520774 0 
0.516116 0.518214 0 
0.516106 0.543541 0 
0.516099 0.518844 0 
0.516047 0.51663 0 
0.516022 0.542489 0 
0.516018 0.51958 0 
0.515999 0.541734 0 
0.515997 0.543012 0 
0.515994 0.541734 0 
0.515981 0.542486 0 
0.515971 0.53859 0 
0.515966 0.541701 0 
0.515904 0.540492 0 
0.515849 0.518624 0 
0.515827 0.542489 0 
0.51579 0.54288 0 
0.515786 0.517964 0 
0.515784 0.543342 0 
0.515747 0.541168 0 
0.515739 0.518458 0 
0.515736 0.541679 0 
0.515721 0.516359 0 
0.51572 0.54036 0 
0.515692 0.541365 0 
0.515655 0.542215 0 
0.515653 0.520529 0 
0.51564 0.520306 0 
0.515623 0.543653 0 
0.515615 0.540331 0 
0.515611 0.522001 0 
0.515591 0.518191 0 
0.515563 0.53859 0 
0.515544 0.542213 0 
0.515518 0.5457 0 
0.515501 0.543653 0 
0.515498 0.539155 0 
0.515494 0.516418 0 
0.515435 0.516634 0 
0.515421 0.545258 0 
0.51539 0.543718 0 
0.515381 0.543104 0 
0.515326 0.516359 0 
0.51532 0.518002 0 
0.515299 0.543015 0 
0.515297 0.546114 0 
0.515271 0.540492 0 
0.515268 0.517834 0 
0.515261 0.541082 0 
0.515238 0.538696 0 
0.515145 0.546393 0 
0.515135 0.541431 0 
0.515126 0.518244 0 
0.515118 0.51955 0 
0.515116 0.517624 0 
0.515051 0.538413 0 
0.515039 0.537934 0 
0.515021 0.539418 0 
0.514994 0.515334 0 
0.514966 0.51978 0 
0.514965 0.541413 0 
0.514963 0.542767 0 
0.514945 0.51786 0 
0.514938 0.542967 0 
0.514911 0.517021 0 
0.514904 0.516401 0 
0.514843 0.542193 0 
0.514838 0.539597 0 
0.514827 0.544719 0 
0.514821 0.515379 0 
0.514812 0.519044 0 
0.514792 0.543252 0 
0.514789 0.515541 0 
0.514758 0.516205 0 
0.514756 0.52157 0 
0.51475 0.516875 0 
0.514742 0.516312 0 
0.514742 0.520735 0 
0.514735 0.541906 0 
0.514734 0.539155 0 
0.514711 0.521351 0 
0.514692 0.54036 0 
0.514684 0.515392 0 
0.514676 0.522435 0 
0.514629 0.539847 0 
0.514569 0.540331 0 
0.514568 0.515839 0 
0.514561 0.541431 0 
0.514557 0.54162 0 
0.514542 0.540771 0 
0.514526 0.514738 0 
0.514506 0.539642 0 
0.514494 0.544166 0 
0.514491 0.519829 0 
0.51447 0.515415 0 
0.51447 0.517496 0 
0.514432 0.518 0 
0.514402 0.540318 0 
0.514395 0.545984 0 
0.514384 0.516715 0 
0.514378 0.517397 0 
0.514377 0.517117 0 
0.514377 0.547295 0 
0.514369 0.54161 0 
0.51436 0.515541 0 
0.514346 0.518252 0 
0.514338 0.542489 0 
0.514332 0.514837 0 
0.514318 0.514414 0 
0.514306 0.51978 0 
0.514303 0.541711 0 
0.514296 0.515734 0 
0.514242 0.542444 0 
0.514229 0.520097 0 
0.514222 0.517653 0 
0.514206 0.543045 0 
0.514199 0.543182 0 
0.514179 0.542535 0 
0.514173 0.516158 0 
0.514151 0.54161 0 
0.514146 0.51884 0 
0.514146 0.540331 0 
0.514134 0.518339 0 
0.514134 0.540604 0 
0.514091 0.543182 0 
0.514066 0.521351 0 
0.514066 0.542597 0 
0.514066 0.541078 0 
0.51406 0.540331 0 
0.514059 0.547262 0 
0.514043 0.542218 0 
0.514033 0.541447 0 
0.514032 0.541705 0 
0.514031 0.515392 0 
0.514009 0.54036 0 
0.513961 0.543452 0 
0.513948 0.541413 0 
0.513886 0.515413 0 
0.513884 0.54212 0 
0.513841 0.537934 0 
0.513838 0.520801 0 
0.513788 0.541548 0 
0.513771 0.545843 0 
0.513765 0.542143 0 
0.513757 0.53859 0 
0.51375 0.538413 0 
0.513747 0.54088 0 
0.513712 0.54036 0 
0.513707 0.543015 0 
0.513702 0.542791 0 
0.513672 0.515535 0 
0.513672 0.541906 0 
0.513656 0.540632 0 
0.513628 0.514769 0 
0.51362 0.517346 0 
0.513604 0.541223 0 
0.513552 0.541354 0 
0.513544 0.541453 0 
0.513522 0.517177 0 
0.513518 0.541773 0 
0.513509 0.540318 0 
0.513472 0.541177 0 
0.513458 0.541773 0 
0.513454 0.541431 0 
0.513409 0.540126 0 
0.513409 0.516052 0 
0.513401 0.542385 0 
0.513399 0.541906 0 
0.513386 0.539155 0 
0.513336 0.54133 0 
0.513327 0.54162 0 
0.513271 0.514768 0 
0.513259 0.542742 0 
0.513246 0.5432 0 
0.513195 0.538696 0 
0.513195 0.516401 0 
0.513178 0.541365 0 
0.513163 0.542678 0 
0.513158 0.545866 0 
0.513138 0.54288 0 
0.51313 0.540632 0 
0.513106 0.540331 0 
0.513098 0.540931 0 
0.513087 0.546933 0 
0.513072 0.544969 0 
0.513024 0.541447 0 
0.513007 0.540533 0 
0.513 0.541223 0 
0.512978 0.543386 0 
0.512957 0.536916 0 
0.512939 0.514269 0 
0.512924 0.514237 0 
0.512914 0.539406 0 
0.512906 0.517703 0 
0.512881 0.536916 0 
0.512868 0.520542 0 
0.512867 0.54088 0 
0.512847 0.540254 0 
0.512845 0.540032 0 
0.512825 0.54388 0 
0.512792 0.544405 0 
0.512771 0.541456 0 
0.512745 0.541679 0 
0.512723 0.541354 0 
0.512708 0.538413 0 
0.512657 0.543249 0 
0.512618 0.544164 0 
0.512612 0.54162 0 
0.512599 0.543302 0 
0.512557 0.5432 0 
0.512517 0.543061 0 
0.512485 0.543844 0 
0.512477 0.541511 0 
0.512437 0.542967 0 
0.512416 0.541962 0 
0.512397 0.517026 0 
0.512388 0.54133 0 
0.512377 0.513098 0 
0.512376 0.541701 0 
0.512368 0.542138 0 
0.512366 0.540859 0 
0.51234 0.51951 0 
0.512306 0.543653 0 
0.512295 0.544373 0 
0.512246 0.543342 0 
0.512219 0.541447 0 
0.512188 0.540575 0 
0.512186 0.541456 0 
0.512171 0.542205 0 
0.512167 0.542967 0 
0.512158 0.54288 0 
0.512157 0.543249 0 
0.512124 0.540185 0 
0.512115 0.543375 0 
0.512104 0.544242 0 
0.512075 0.5432 0 
0.512057 0.541705 0 
0.512045 0.541456 0 
0.512036 0.541548 0 
0.512022 0.545232 0 
0.511987 0.540771 0 
0.511918 0.542193 0 
0.511892 0.545839 0 
0.511737 0.543833 0 
0.511731 0.542535 0 
0.511645 0.542559 0 
0.511632 0.543182 0 
0.511615 0.536916 0 
0.511573 0.542193 0 
0.511556 0.542272 0 
0.511528 0.54133 0 
0.511501 0.543249 0 
0.511496 0.54288 0 
0.511451 0.545284 0 
0.511431 0.543036 0 
0.511427 0.541511 0 
0.511423 0.543036 0 
0.511377 0.5437 0 
0.511345 0.543342 0 
0.511335 0.544164 0 
0.511329 0.543806 0 
0.511306 0.54088 0 
0.51128 0.542562 0 
0.511214 0.543362 0 
0.511181 0.545547 0 
0.511154 0.544137 0 
0.511092 0.542213 0 
0.511022 0.542983 0 
0.511015 0.547599 0 
0.510916 0.546728 0 
0.510885 0.544612 0 
0.510817 0.545456 0 
0.510709 0.54162 0 
0.510492 0.544484 0 
0.509682 0.549521 0 
0.509153 0.545396 0 
0.21853 0.22839 1 
0.218425 0.222332 1 
0.217449 0.225011 1 
0.217177 0.22235 1 
0.216968 0.224747 1 
0.216838 0.231999 1 
0.216746 0.22235 1 
0.216645 0.225026 1 
0.216525 0.222828 1 
0.216513 0.227688 1 
0.216325 0.226213 1 
0.216323 0.228744 1 
0.216182 0.22372 1 
0.216125 0.226785 1 
0.216105 0.226372 1 
0.215978 0.228331 1 
0.215945 0.231882 1 
0.215847 0.226194 1 
0.21584 0.223868 1 
0.21582 0.228147 1 
0.215667 0.223373 1 
0.215291 0.225249 1 
0.215252 0.225899 1 
0.215144 0.225205 1 
0.215109 0.225316 1 
0.215103 0.226044 1 
0.215 0.228143 1 
0.214999 0.220582 1 
0.214995 0.224561 1 
0.214907 0.226813 1 
0.2149 0.226091 1 
0.214857 0.224495 1 
0.214837 0.225424 1 
0.214825 0.224495 1 
0.214819 0.224809 1 
0.214707 0.223868 1 
0.214669 0.221439 1 
0.214623 0.229324 1 
0.214574 0.224222 1 
0.214573 0.221704 1 
0.214526 0.223857 1 
0.214511 0.223167 1 
0.214454 0.222107 1 
0.214369 0.222107 1 
0.214325 0.2226 1 
0.214122 0.223947 1 
0.21411 0.226362 1 
0.21404 0.225205 1 
0.214024 0.220582 1 
0.21402 0.225264 1 
0.213976 0.224691 1 
0.213951 0.216537 1 
0.213943 0.223857 1 
0.213821 0.224376 1 
0.21379 0.22807 1 
0.213752 0.222107 1 
0.213694 0.224521 1 
0.213693 0.226328 1 
0.213683 0.223167 1 
0.213677 0.221439 1 
0.213657 0.226999 1 
0.21362 0.2226 1 
0.213605 0.228195 1 
0.213599 0.229247 1 
0.213596 0.222562 1 
0.213595 0.221433 1 
0.213588 0.231114 1 
0.213563 0.224011 1 
0.21352 0.226785 1 
0.213516 0.221428 1 
0.21349 0.220582 1 
0.213358 0.225142 1 
0.213344 0.225385 1 
0.21329 0.2226 1 
0.213283 0.222228 1 
0.213283 0.224026 1 
0.213274 0.215698 1 
0.213242 0.222228 1 
0.213216 0.224319 1 
0.213202 0.229587 1 
0.213142 0.229958 1 
0.213137 0.224011 1 
0.213135 0.23493 1 
0.213117 0.227683 1 
0.213111 0.22271 1 
0.213092 0.227795 1 
0.213037 0.22667 1 
0.213027 0.222785 1 
0.213026 0.226579 1 
0.213022 0.228858 1 
0.213021 0.221704 1 
0.213019 0.223256 1 
0.212978 0.222769 1 
0.212964 0.219015 1 
0.21295 0.223142 1 
0.212845 0.221567 1 
0.212778 0.225011 1 
0.212721 0.222992 1 
0.212675 0.221726 1 
0.212626 0.226269 1 
0.212601 0.223434 1 
0.21259 0.218408 1 
0.21258 0.216537 1 
0.212568 0.224039 1 
0.212563 0.22519 1 
0.212556 0.223434 1 
0.212553 0.224625 1 
0.212534 0.22638 1 
0.212528 0.230127 1 
0.212503 0.222543 1 
0.212499 0.221753 1 
0.212464 0.224919 1 
0.212462 0.222769 1 
0.212393 0.224691 1 
0.212369 0.220582 1 
0.212362 0.224367 1 
0.21233 0.22372 1 
0.212244 0.216537 1 
0.212241 0.223857 1 
0.212123 0.212355 1 
0.212108 0.225623 1 
0.21204 0.231001 1 
0.212035 0.223785 1 
0.212031 0.220626 1 
0.212019 0.223658 1 
0.211966 0.215698 1 
0.211953 0.224779 1 
0.211944 0.224625 1 
0.211927 0.22988 1 
0.211855 0.226787 1 
0.211849 0.221753 1 
0.211839 0.223246 1 
0.21183 0.223434 1 
0.211792 0.222992 1 
0.21176 0.221 1 
0.211681 0.219058 1 
0.211658 0.222552 1 
0.211655 0.226785 1 
0.211639 0.219782 1 
0.211634 0.224691 1 
0.211629 0.226999 1 
0.211605 0.217543 1 
0.211594 0.227011 1 
0.211524 0.226039 1 
0.2115 0.22556 1 
0.211465 0.222038 1 
0.211433 0.22421 1 
0.211428 0.226427 1 
0.211427 0.222552 1 
0.211417 0.224858 1 
0.211412 0.2214 1 
0.211395 0.226785 1 
0.211307 0.223876 1 
0.211305 0.226738 1 
0.2112 0.225663 1 
0.211198 0.211346 1 
0.211173 0.223175 1 
0.211093 0.22667 1 
0.211084 0.222645 1 
0.211042 0.222543 1 
0.21104 0.22271 1 
0.21103 0.22988 1 
0.211017 0.212108 1 
0.210986 0.218408 1 
0.210972 0.229673 1 
0.210934 0.222332 1 
0.210926 0.224367 1 
0.210904 0.223947 1 
0.210895 0.211174 1 
0.210845 0.225142 1 
0.21082 0.221224 1 
0.210818 0.222038 1 
0.210808 0.224237 1 
0.210781 0.223181 1 
0.210725 0.215698 1 
0.210705 0.22519 1 
0.210654 0.222887 1 
0.210627 0.219058 1 
0.210611 0.217543 1 
0.210608 0.220626 1 
0.210514 0.219015 1 
0.210421 0.210444 1 
0.210402 0.220626 1 
0.210396 0.219015 1 
0.210391 0.221 1 
0.210384 0.22638 1 
0.210337 0.221439 1 
0.210326 0.221428 1 
0.210282 0.215698 1 
0.210229 0.224367 1 
0.210081 0.225011 1 
0.210078 0.222562 1 
0.210011 0.226343 1 
0.209991 0.223658 1 
0.20999 0.223256 1 
0.209985 0.225623 1 
0.209925 0.223947 1 
0.209903 0.221753 1 
0.209851 0.223195 1 
0.209811 0.224026 1 
0.209806 0.223857 1 
0.209756 0.224691 1 
0.20975 0.22372 1 
0.209746 0.221179 1 
0.209696 0.219782 1 
0.209681 0.231766 1 
0.209676 0.222887 1 
0.209622 0.210804 1 
0.209458 0.224495 1 
0.209383 0.225623 1 
0.209376 0.227611 1 
0.209341 0.223868 1 
0.209306 0.225316 1 
0.209296 0.222645 1 
0.209295 0.221428 1 
0.209285 0.225214 1 
0.209281 0.222562 1 
0.20925 0.210654 1 
0.209244 0.219153 1 
0.209206 0.2266 1 
0.20915 0.209315 1 
0.209089 0.210673 1 
0.209088 0.223769 1 
0.209077 0.211004 1 
0.209068 0.209362 1 
0.20906 0.222038 1 
0.208996 0.223175 1 
0.20897 0.217543 1 
0.208887 0.227071 1 
0.208811 0.224319 1 
0.208676 0.22271 1 
0.208674 0.211323 1 
0.208593 0.218408 1 
0.208495 0.223142 1 
0.208481 0.208581 1 
0.208345 0.223167 1 
0.208333 0.225214 1 
0.208309 0.221439 1 
0.208291 0.222828 1 
0.208263 0.222332 1 
0.208253 0.223373 1 
0.208224 0.2292 1 
0.208168 0.208687 1 
0.208161 0.228649 1 
0.208149 0.224039 1 
0.208134 0.22566 1 
0.208117 0.225647 1 
0.208106 0.223195 1 
0.208061 0.209768 1 
0.208023 0.223876 1 
0.207988 0.222038 1 
0.20795 0.225663 1 
0.207906 0.213584 1 
0.207906 0.222769 1 
0.207867 0.208927 1 
0.207746 0.219058 1 
0.207745 0.208078 1 
0.207738 0.223181 1 
0.207693 0.208926 1 
0.207678 0.225012 1 
0.20765 0.225142 1 
0.207633 0.207838 1 
0.207632 0.222828 1 
0.20762 0.224975 1 
0.207597 0.209369 1 
0.207566 0.208381 1 
0.207559 0.225804 1 
0.207548 0.208002 1 
0.207542 0.208418 1 
0.207525 0.221433 1 
0.207517 0.210002 1 
0.207515 0.219153 1 
0.207497 0.223321 1 
0.207478 0.219058 1 
0.207418 0.229778 1 
0.207397 0.223195 1 
0.207371 0.22519 1 
0.207369 0.225899 1 
0.207368 0.221224 1 
0.20734 0.220582 1 
0.207333 0.209304 1 
0.207305 0.224495 1 
0.207293 0.208141 1 
0.207289 0.208889 1 
0.207285 0.209266 1 
0.207268 0.222992 1 
0.207227 0.208286 1 
0.20721 0.2226 1 
0.20713 0.225154 1 
0.207101 0.223395 1 
0.207069 0.207892 1 
0.207016 0.2226 1 
0.207011 0.226269 1 
0.206966 0.208381 1 
0.206934 0.209154 1 
0.206914 0.207218 1 
0.206906 0.209199 1 
0.206864 0.225142 1 
0.206814 0.207075 1 
0.206787 0.222038 1 
0.206779 0.207295 1 
0.206771 0.208388 1 
0.206768 0.221179 1 
0.206717 0.222887 1 
0.2067 0.214605 1 
0.206669 0.225249 1 
0.206639 0.208414 1 
0.206635 0.225487 1 
0.206622 0.208414 1 
0.206563 0.222828 1 
0.206554 0.210041 1 
0.206505 0.209896 1 
0.206489 0.207277 1 
0.206472 0.215698 1 
0.206471 0.222107 1 
0.206471 0.225303 1 
0.206468 0.210111 1 
0.206449 0.222221 1 
0.206432 0.226252 1 
0.206431 0.221179 1 
0.206386 0.212629 1 
0.206382 0.22897 1 
0.206366 0.224106 1 
0.20636 0.223658 1 
0.206327 0.219153 1 
0.206325 0.209731 1 
0.206312 0.223246 1 
0.206226 0.224328 1 
0.206211 0.220626 1 
0.206191 0.206258 1 
0.206131 0.225214 1 
0.206119 0.209302 1 
0.206099 0.20839 1 
0.206094 0.226418 1 
0.20608 0.2214 1 
0.206036 0.223658 1 
0.206027 0.224328 1 
0.206018 0.210401 1 
0.205986 0.219015 1 
0.205984 0.22519 1 
0.205964 0.222221 1 
0.205928 0.222769 1 
0.205869 0.223373 1 
0.205751 0.218408 1 
0.205738 0.227365 1 
0.205727 0.223395 1 
0.205722 0.208581 1 
0.205684 0.2098 1 
0.205673 0.225507 1 
0.20563 0.230155 1 
0.205572 0.227683 1 
0.205568 0.209049 1 
0.205565 0.224809 1 
0.20555 0.205633 1 
0.20553 0.223256 1 
0.205528 0.222562 1 
0.205468 0.208933 1 
0.205452 0.206754 1 
0.205451 0.217543 1 
0.205418 0.221179 1 
0.205417 0.222512 1 
0.205317 0.221 1 
0.205301 0.223373 1 
0.205296 0.228121 1 
0.205285 0.223142 1 
0.205206 0.223321 1 
0.205177 0.209302 1 
0.205159 0.223395 1 
0.205147 0.2214 1 
0.20513 0.225693 1 
0.205103 0.215698 1 
0.205068 0.209182 1 
0.205058 0.221726 1 
0.20499 0.221567 1 
0.204931 0.224734 1 
0.204912 0.223769 1 
0.204911 0.225384 1 
0.204865 0.206402 1 
0.204861 0.219058 1 
0.204812 0.224734 1 
0.204758 0.222543 1 
0.204743 0.208057 1 
0.204726 0.226832 1 
0.204651 0.221428 1 
0.204577 0.224026 1 
0.204549 0.209697 1 
0.204506 0.222543 1 
0.204502 0.223934 1 
0.204488 0.222228 1 
0.204286 0.223027 1 
0.204186 0.223142 1 
0.203672 0.205581 1 
0.203654 0.22235 1 
0.202874 0.204389 1 
0.102646 0.105502 2 
0.100994 0.1013 2 
0.100667 0.103252 2 
0.100539 0.105409 2 
0.10028 0.102196 2 
0.0999377 0.100746 2 
0.0999101 0.102604 2 
0.0998197 0.100493 2 
0.0995581 0.107593 2 
0.0995293 0.0997093 2 
0.0994502 0.100904 2 
0.0992633 0.100161 2 
0.0992077 0.102299 2 
0.0991671 0.101373 2 
0.0990087 0.101818 2 
0.0989224 0.0996251 2 
0.0989178 0.104712 2 
0.0988892 0.100989 2 
0.0986749 0.0988971 2 
0.0985637 0.100596 2 
0.0985511 0.100056 2 
0.098442 0.0986823 2 
0.0983608 0.0994331 2 
0.098319 0.0997245 2 
0.0982122 0.100198 2 
0.0981799 0.0986823 2 
0.0981747 0.102864 2 
0.0981037 0.104208 2 
0.0980209 0.0996981 2 
0.0979755 0.0984272 2 
0.0979739 0.099325 2 
0.0979244 0.101231 2 
0.0978128 0.0994331 2 
0.09773 0.101412 2 
0.0977257 0.0988257 2 
0.0977154 0.0995756 2 
0.097643 0.10089 2 
0.097635 0.10242 2 
0.0975945 0.0996981 2 
0.0975666 0.0988331 2 
0.0975596 0.0988257 2 
0.0973973 0.0986151 2 
0.0973314 0.0986151 2 
0.0973089 0.101147 2 
0.0972571 0.0988509 2 
0.0972438 0.100018 2 
0.0971954 0.10057 2 
0.0971239 0.0984383 2 
0.0970155 0.0984109 2 
0.0970064 0.101503 2 
0.0969794 0.0989809 2 
0.0969003 0.0978084 2 
0.0968872 0.0970142 2 
0.0968476 0.102922 2 
0.0968065 0.102935 2 
0.0966776 0.097167 2 
0.0966674 0.100213 2 
0.096621 0.0984783 2 
0.0965953 0.0984109 2 
0.0965923 0.102864 2 
0.0965654 0.101021 2 
0.0964919 0.102638 2 
0.096481 0.0974662 2 
0.0964267 0.0967813 2 
0.0963929 0.0982442 2 
0.0963781 0.0970262 2 
0.0963551 0.0988971 2 
0.0963401 0.0972762 2 
0.0962634 0.10089 2 
0.0962267 0.0985073 2 
0.0962191 0.100184 2 
0.0962117 0.103831 2 
0.0961502 0.104764 2 
0.0961453 0.0987811 2 
0.0961414 0.0976859 2 
0.0961113 0.0970621 2 
0.0961083 0.0992829 2 
0.0960378 0.0986183 2 
0.0960114 0.101169 2 
0.0959883 0.0970621 2 
0.0959854 0.102734 2 
0.0959668 0.0972574 2 
0.0959522 0.0978903 2 
0.0959145 0.100875 2 
0.0959116 0.100318 2 
0.0958157 0.102734 2 
0.0958136 0.100597 2 
0.09575 0.0969405 2 
0.0957023 0.0973159 2 
0.0957018 0.101169 2 
0.0956969 0.099109 2 
0.0956726 0.0978084 2 
0.0955941 0.0986183 2 
0.0955002 0.100865 2 
0.0954902 0.0984783 2 
0.0954227 0.0982554 2 
0.095384 0.0970262 2 
0.0953494 0.0983009 2 
0.0952785 0.099287 2 
0.0952674 0.0967655 2 
0.0952642 0.0974662 2 
0.0952355 0.0993599 2 
0.0951971 0.0966966 2 
0.0951673 0.0975012 2 
0.0951648 0.0970621 2 
0.0951606 0.0968603 2 
0.0950951 0.0958124 2 
0.09508 0.096055 2 
0.095057 0.0982932 2 
0.0949803 0.095262 2 
0.094935 0.0981832 2 
0.0949272 0.0955545 2 
0.0949083 0.0982284 2 
0.0948757 0.0971553 2 
0.0948581 0.0979449 2 
0.0947107 0.102905 2 
0.0947063 0.0972199 2 
0.0947028 0.0995472 2 
0.0946612 0.101373 2 
0.0946482 0.0994332 2 
0.0946334 0.0989513 2 
0.0946153 0.096055 2 
0.0945248 0.0994699 2 
0.094521 0.0999473 2 
0.0945135 0.0977015 2 
0.0944881 0.0987776 2 
0.0944789 0.0984029 2 
0.0944467 0.0976022 2 
0.094423 0.0978798 2 
0.094398 0.0987776 2 
0.094379 0.097167 2 
0.094316 0.100861 2 
0.0942615 0.0947611 2 
0.0942254 0.0992829 2 
0.0942253 0.0984109 2 
0.0941894 0.0982284 2 
0.094189 0.0958669 2 
0.094144 0.0986151 2 
0.0941151 0.0972574 2 
0.0941081 0.0984109 2 
0.0941056 0.0996487 2 
0.0940756 0.0972199 2 
0.0940503 0.101939 2 
0.0940419 0.0978798 2 
0.0940371 0.0975902 2 
0.0940368 0.099109 2 
0.0940035 0.0980228 2 
0.0939546 0.0994852 2 
0.0939176 0.0973943 2 
0.093908 0.0943323 2 
0.0939052 0.099109 2 
0.0938298 0.0975012 2 
0.0938081 0.0978875 2 
0.0938044 0.0976859 2 
0.0937975 0.094213 2 
0.0937594 0.101576 2 
0.0937239 0.0959781 2 
0.0937099 0.0992829 2 
0.0936812 0.099393 2 
0.0936405 0.0973768 2 
0.0936035 0.0944175 2 
0.0936026 0.0949934 2 
0.0936006 0.0958015 2 
0.093555 0.0996321 2 
0.0935296 0.0944994 2 
0.0935034 0.0973768 2 
0.0934853 0.0986823 2 
0.0934734 0.0938836 2 
0.0934729 0.0959781 2 
0.0934553 0.0965853 2 
0.0934502 0.0965853 2 
0.0933586 0.0982554 2 
0.0933334 0.0959781 2 
0.0933292 0.0944994 2 
0.093267 0.0947611 2 
0.0932428 0.100374 2 
0.0932093 0.0957869 2 
0.0932045 0.0978875 2 
0.0931432 0.0977015 2 
0.0930733 0.102413 2 
0.0930505 0.0978084 2 
0.0930373 0.0973943 2 
0.0930148 0.0944994 2 
0.093 0.0979449 2 
0.0929941 0.0934742 2 
0.0929896 0.0944175 2 
0.0929478 0.0995756 2 
0.0929449 0.0968603 2 
0.0929427 0.103999 2 
0.0929331 0.0988257 2 
0.0929136 0.0986151 2 
0.0928493 0.0973159 2 
0.0927926 0.0990209 2 
0.0927755 0.0983009 2 
0.0926944 0.102934 2 
0.0926838 0.09797 2 
0.0926699 0.100236 2 
0.0926486 0.0957686 2 
0.0926456 0.0996981 2 
0.0925186 0.0930571 2 
0.092417 0.0984327 2 
0.0924026 0.102261 2 
0.0923992 0.0992829 2 
0.0922817 0.0958669 2 
0.0922792 0.0939181 2 
0.0922703 0.0986183 2 
0.0921805 0.0994839 2 
0.0921702 0.0976022 2 
0.0921445 0.0964933 2 
0.0920068 0.0939181 2 
0.0920006 0.099287 2 
0.0919705 0.0995472 2 
0.091958 0.0976022 2 
0.0919566 0.101503 2 
0.0919267 0.0919281 2 
0.0919243 0.0972574 2 
0.0918869 0.096055 2 
0.0918468 0.09797 2 
0.0918232 0.0976189 2 
0.0917814 0.0980892 2 
0.0917275 0.0998124 2 
0.0917203 0.0975012 2 
0.0917174 0.0998583 2 
0.0917147 0.0964933 2 
0.0917046 0.0965853 2 
0.0916844 0.0938172 2 
0.0916664 0.0977015 2 
0.0916358 0.100597 2 
0.0916143 0.0917252 2 
0.0915868 0.0944994 2 
0.0915553 0.0970621 2 
0.0914963 0.0984272 2 
0.0914882 0.0966966 2 
0.091468 0.0916911 2 
0.0914503 0.098208 2 
0.0914345 0.0932089 2 
0.0914334 0.0997269 2 
0.0914291 0.0989513 2 
0.0913803 0.0922288 2 
0.0913708 0.0934742 2 
0.0913631 0.0995472 2 
0.091353 0.0927668 2 
0.091327 0.0943456 2 
0.0912255 0.099393 2 
0.0911603 0.0970142 2 
0.0911544 0.0991273 2 
0.0911299 0.100493 2 
0.0911003 0.0915163 2 
0.0910843 0.0972762 2 
0.0910655 0.0920172 2 
0.0910374 0.0957686 2 
0.0909794 0.0925204 2 
0.0909794 0.0917431 2 
0.0909786 0.0919186 2 
0.0909744 0.0978353 2 
0.0909615 0.0973732 2 
0.0909554 0.0952605 2 
0.0909532 0.0972574 2 
0.090887 0.0975902 2 
0.0908807 0.0997585 2 
0.09082 0.0976022 2 
0.0907989 0.0978903 2 
0.0907958 0.0984272 2 
0.0907489 0.0972574 2 
0.0906996 0.092148 2 
0.0906987 0.0957869 2 
0.0906979 0.100056 2 
0.0906577 0.0973732 2 
0.0906498 0.100925 2 
0.0906324 0.0968603 2 
0.0906007 0.0958015 2 
0.0905986 0.0987221 2 
0.0905556 0.0932014 2 
0.0905359 0.0911599 2 
0.0904529 0.102069 2 
0.0904204 0.0988331 2 
0.0903903 0.0906629 2 
0.0903594 0.0976859 2 
0.0903311 0.0973768 2 
0.0903236 0.100342 2 
0.0902863 0.0909401 2 
0.0901969 0.102935 2 
0.09016 0.0967055 2 
0.090159 0.0936778 2 
0.0901398 0.0924459 2 
0.0901241 0.0903563 2 
0.0901082 0.0977015 2 
0.0900749 0.0979449 2 
0.0900345 0.0966966 2 
0.0900345 0.09321 2 
0.0900126 0.0913934 2 
0.0899962 0.0973732 2 
0.0899798 0.0903865 2 
0.089918 0.100213 2 
0.0899035 0.0922168 2 
0.0898596 0.0914792 2 
0.0898592 0.0982862 2 
0.0897932 0.0957686 2 
0.0897845 0.0994895 2 
0.0897434 0.0908782 2 
0.0897242 0.0984385 2 
0.0897205 0.0907558 2 
0.089719 0.0958124 2 
0.0896627 0.0897815 2 
0.0896508 0.0900425 2 
0.0896462 0.0919186 2 
0.089637 0.099325 2 
0.0896309 0.0909767 2 
0.0896047 0.0905658 2 
0.0895323 0.094698 2 
0.0895193 0.0982862 2 
0.0895046 0.0980228 2 
0.0894973 0.0970621 2 
0.0894921 0.0895543 2 
0.0894422 0.0993104 2 
0.0894149 0.0911599 2 
0.0894055 0.0994331 2 
0.0893428 0.0992003 2 
0.0892887 0.0995339 2 
0.0892764 0.0984385 2 
0.0892565 0.0917812 2 
0.0892202 0.0980892 2 
0.0892066 0.0980892 2 
0.0891756 0.0908495 2 
0.0891488 0.091753 2 
0.0891435 0.0939181 2 
0.0891135 0.092264 2 
0.0890851 0.0983009 2 
0.0890517 0.0919843 2 
0.0890369 0.0923148 2 
0.0890251 0.0927486 2 
0.0890093 0.0904773 2 
0.0889975 0.0930138 2 
0.0889911 0.0982554 2 
0.0889611 0.0946414 2 
0.0888787 0.0958015 2 
0.0888031 0.0957686 2 
0.088768 0.0959781 2 
0.0887157 0.0907558 2 
0.0886964 0.0900375 2 
0.0886774 0.0958669 2 
0.0886631 0.0984272 2 
0.0886552 0.0909271 2 
0.0886267 0.0908035 2 
0.0886053 0.100524 2 
0.0885931 0.0978353 2 
0.0885878 0.0970262 2 
0.0885515 0.0973142 2 
0.0885487 0.0973943 2 
0.0885027 0.0885701 2 
0.0884767 0.0963906 2 
0.0884732 0.0973159 2 
0.0884265 0.0899164 2 
0.0883587 0.0974662 2 
0.0882976 0.0883136 2 
0.0881096 0.0912387 2 
0.0881028 0.0964933 2 
0.0880242 0.0973142 2 
0.0879388 0.0967655 2 
0.0878679 0.0979449 2 
0.0878263 0.0904088 2 
0.0877559 0.0944994 2 
0.0877292 0.0976859 2 
0.0877268 0.0971895 2 
0.0875233 0.0921641 2 
0.0874899 0.0916363 2 
0.0868757 0.0886275 2 
0.0863083 0.0881384 2 
0.0496594 0.0504054 3 
0.0493738 0.0515087 3 
0.0489315 0.0504443 3 
0.0482565 0.0487383 3 
0.0478107 0.0483819 3 
0.0474395 0.0477784 3 
0.0471464 0.0473276 3 
0.0470363 0.0472041 3 
0.0469549 0.0496197 3 
0.0469321 0.0474401 3 
0.0468698 0.0475568 3 
0.0466629 0.0468243 3 
0.0465974 0.0484583 3 
0.0465678 0.047835 3 
0.046558 0.047835 3 
0.0463529 0.0469985 3 
0.0462788 0.0471733 3 
0.0462552 0.0462864 3 
0.0461739 0.047345 3 
0.0461663 0.0486429 3 
0.0460975 0.0465774 3 
0.0460583 0.0479389 3 
0.0460092 0.0481542 3 
0.0459632 0.0479389 3 
0.0459274 0.0459563 3 
0.0458361 0.0470059 3 
0.0458142 0.04694 3 
0.0457258 0.0457786 3 
0.0456657 0.0457787 3 
0.0456169 0.0456531 3 
0.0455687 0.0456531 3 
0.0455138 0.0455265 3 
0.0454994 0.047345 3 
0.0452978 0.0457786 3 
0.0452811 0.0462361 3 
0.0451915 0.0457655 3 
0.0451829 0.0452436 3 
0.0451329 0.0462189 3 
0.0451126 0.0452153 3 
0.0451022 0.0477784 3 
0.0450999 0.0454012 3 
0.0450634 0.0462421 3 
0.0450432 0.0477394 3 
0.0450295 0.0454966 3 
0.0449643 0.047835 3 
0.0448465 0.04498 3 
0.0448061 0.0473227 3 
0.044804 0.0472356 3 
0.0447902 0.0454427 3 
0.0447815 0.0450818 3 
0.044684 0.0465577 3 
0.0446812 0.0452119 3 
0.0446237 0.0456753 3 
0.0445813 0.0452856 3 
0.0445662 0.045459 3 
0.0445375 0.0456753 3 
0.0445217 0.0452988 3 
0.0445135 0.0455642 3 
0.0444996 0.0454427 3 
0.0444948 0.0450818 3 
0.0443995 0.0451802 3 
0.0443739 0.0448857 3 
0.0443223 0.0453075 3 
0.0443212 0.0452988 3 
0.0443196 0.0446018 3 
0.0442849 0.0460131 3 
0.0442634 0.0452119 3 
0.0442597 0.0448857 3 
0.0442591 0.0450961 3 
0.0442457 0.0450504 3 
0.0442386 0.0478763 3 
0.0442292 0.0455155 3 
0.0442285 0.0458617 3 
0.0442155 0.04473 3 
0.0442153 0.0466197 3 
0.0442038 0.0466093 3 
0.0442 0.0462864 3 
0.0441927 0.0453975 3 
0.0441788 0.0461774 3 
0.0441585 0.0457786 3 
0.0441298 0.0477485 3 
0.0441124 0.0455265 3 
0.0440954 0.0449972 3 
0.0440826 0.0445837 3 
0.0440291 0.0447069 3 
0.0439766 0.0462023 3 
0.0439499 0.0458963 3 
0.0439468 0.0449054 3 
0.0439177 0.0492647 3 
0.043892 0.0457116 3 
0.0438864 0.04616 3 
0.043854 0.0439027 3 
0.0438484 0.0462201 3 
0.0438382 0.0441877 3 
0.0438114 0.0444461 3 
0.0438029 0.0459395 3 
0.043787 0.0445878 3 
0.0437842 0.0439109 3 
0.0437533 0.043806 3 
0.0435274 0.0450022 3 
0.0435228 0.0445937 3 
0.0435131 0.0484583 3 
0.0434945 0.0447132 3 
0.0434832 0.04616 3 
0.0434781 0.0445791 3 
0.0434174 0.0462474 3 
0.0434041 0.045459 3 
0.0434021 0.0435691 3 
0.0433675 0.0478768 3 
0.043336 0.0462023 3 
0.0433339 0.0446596 3 
0.0433338 0.04473 3 
0.043314 0.0433354 3 
0.04328 0.0439658 3 
0.0432756 0.0433546 3 
0.0432637 0.043419 3 
0.0432555 0.0451708 3 
0.0432152 0.0462421 3 
0.0432128 0.0452264 3 
0.0431871 0.043666 3 
0.0431793 0.0469985 3 
0.0431667 0.0466469 3 
0.0431542 0.0454966 3 
0.0431444 0.0446114 3 
0.0431264 0.0449147 3 
0.0431132 0.0442311 3 
0.0430814 0.0456898 3 
0.0430771 0.0468294 3 
0.0430102 0.0462421 3 
0.0429757 0.0436325 3 
0.0429668 0.0442554 3 
0.0429472 0.0445878 3 
0.042911 0.0437774 3 
0.0429012 0.0438323 3 
0.0428732 0.0456898 3 
0.0428496 0.0447069 3 
0.042849 0.0471753 3 
0.0427868 0.0433354 3 
0.0427793 0.0456531 3 
0.0427567 0.0428611 3 
0.0427257 0.0432991 3 
0.0427102 0.0436256 3 
0.0427027 0.0432158 3 
0.0426982 0.0450189 3 
0.0426858 0.0457034 3 
0.0426824 0.0442963 3 
0.0426515 0.0447132 3 
0.0426413 0.04694 3 
0.0426293 0.0428952 3 
0.042629 0.0461774 3 
0.0425675 0.0433914 3 
0.0425668 0.046184 3 
0.042545 0.0450961 3 
0.0425103 0.0465823 3 
0.0424731 0.0438642 3 
0.0424554 0.0469757 3 
0.0424481 0.0442963 3 
0.0424222 0.0451825 3 
0.0424196 0.0446018 3 
0.0424131 0.0470353 3 
0.0423698 0.0427965 3 
0.0423243 0.0450022 3 
0.0423161 0.0449147 3 
0.0423012 0.0430333 3 
0.0422885 0.0449212 3 
0.0422846 0.0435183 3 
0.0422749 0.0435604 3 
0.0422608 0.047835 3 
0.0422465 0.0467973 3 
0.0422215 0.0462201 3 
0.0421644 0.0442311 3 
0.0421071 0.0446596 3 
0.0421039 0.0432545 3 
0.0421013 0.0474007 3 
0.0420957 0.0452119 3 
0.0420724 0.0446736 3 
0.0420675 0.0456691 3 
0.0420659 0.0446448 3 
0.0420356 0.042177 3 
0.0419958 0.0449077 3 
0.0419632 0.0448857 3 
0.0419602 0.0431329 3 
0.0419271 0.0422274 3 
0.04192 0.0457977 3 
0.0419087 0.044416 3 
0.0418729 0.0432545 3 
0.0418588 0.0449989 3 
0.0418423 0.0449077 3 
0.0418376 0.0447069 3 
0.0418058 0.0451372 3 
0.0417585 0.04473 3 
0.0417152 0.0439582 3 
0.0416911 0.0420351 3 
0.0416782 0.0433354 3 
0.0416443 0.0444449 3 
0.0416281 0.0460381 3 
0.0416272 0.0449054 3 
0.041578 0.0461955 3 
0.0415604 0.0432569 3 
0.0415119 0.0451708 3 
0.0414792 0.0425696 3 
0.041469 0.0451374 3 
0.0414255 0.0422457 3 
0.0413878 0.0435183 3 
0.0413736 0.0455916 3 
0.0413639 0.046097 3 
0.0413347 0.0419022 3 
0.0412971 0.0451009 3 
0.0412956 0.0445878 3 
0.0412346 0.0415457 3 
0.0412345 0.045476 3 
0.0412177 0.0441127 3 
0.0412116 0.0430503 3 
0.0412056 0.0446448 3 
0.0412036 0.0417723 3 
0.0411851 0.0422858 3 
0.0411851 0.0451063 3 
0.0411549 0.0452906 3 
0.0411259 0.0429412 3 
0.041115 0.0412221 3 
0.0411135 0.0446355 3 
0.0410901 0.0442554 3 
0.0410807 0.0413715 3 
0.0410641 0.043552 3 
0.041053 0.0453075 3 
0.0410133 0.0452966 3 
0.041013 0.0423074 3 
0.0409963 0.0430779 3 
0.0409794 0.0431398 3 
0.0409158 0.0431329 3 
0.0409046 0.0427827 3 
0.04087 0.0425127 3 
0.0408597 0.0432545 3 
0.040842 0.0451374 3 
0.0408395 0.041704 3 
0.0408291 0.0421568 3 
0.0408042 0.0417265 3 
0.0407412 0.0447187 3 
0.0407362 0.0467387 3 
0.0407297 0.0455829 3 
0.0407208 0.0420393 3 
0.0406947 0.0455997 3 
0.0406861 0.0447821 3 
0.0406712 0.0444781 3 
0.0406687 0.0451802 3 
0.0406654 0.044614 3 
0.0406309 0.0446824 3 
0.0406168 0.0420573 3 
0.0406112 0.043806 3 
0.0405541 0.0449212 3 
0.0405424 0.0425266 3 
0.0405246 0.0417265 3 
0.0405081 0.0448929 3 
0.0405001 0.0405895 3 
0.0404835 0.0423215 3 
0.0404834 0.0438755 3 
0.040412 0.0420428 3 
0.0403555 0.0448642 3 
0.0402862 0.0404985 3 
0.0402821 0.045476 3 
0.0402788 0.0439027 3 
0.0402531 0.0454577 3 
0.0402287 0.0444781 3 
0.0402102 0.0420184 3 
0.0401796 0.045528 3 
0.0401675 0.0442311 3 
0.0401387 0.0429129 3 
0.0400861 0.0415623 3 
0.0400475 0.0446176 3 
0.0399885 0.0430777 3 
0.0399587 0.0402779 3 
0.0399232 0.0417042 3 
0.0398891 0.0445092 3 
0.0397757 0.0449054 3 
0.0395321 0.0427401 3 
0.0392914 0.0405039 3 
0.0252964 0.0253983 4 
0.0250121 0.0253144 4 
0.0239102 0.0241843 4 
0.0238019 0.0243031 4 
0.0233835 0.0235612 4 
0.023117 0.0232017 4 
0.0229297 0.0236522 4 
0.0228842 0.0235454 4 
0.0227458 0.0230798 4 
0.022687 0.0231174 4 
0.0226666 0.0229696 4 
0.0226433 0.0233319 4 
0.0225555 0.0226289 4 
0.0225385 0.0226155 4 
0.0224616 0.0230443 4 
0.0222467 0.0231552 4 
0.0222098 0.0226864 4 
0.0222085 0.0223025 4 
0.0221471 0.0230291 4 
0.0221455 0.0230435 4 
0.0221061 0.0228651 4 
0.0220431 0.0227377 4 
0.0220028 0.0225003 4 
0.0219809 0.022159 4 
0.0219572 0.0223229 4 
0.0219317 0.0221613 4 
0.0219017 0.0219155 4 
0.0218867 0.0223929 4 
0.0218775 0.0225394 4 
0.0217995 0.0222871 4 
0.0217837 0.0219321 4 
0.0217691 0.0220999 4 
0.021769 0.0225975 4 
0.0217061 0.0233249 4 
0.0216939 0.0228651 4 
0.0216655 0.022463 4 
0.0216628 0.0220251 4 
0.0216625 0.0218117 4 
0.0216096 0.0222644 4 
0.021604 0.0221271 4 
0.0216006 0.0224066 4 
0.0215346 0.0221962 4 
0.0215279 0.02159 4 
0.0215096 0.0219055 4 
0.0215094 0.0237751 4 
0.021498 0.0215434 4 
0.0214734 0.0215129 4 
0.0214279 0.0214943 4 
0.0214119 0.0215995 4 
0.0214029 0.0218612 4 
0.0213905 0.0217298 4 
0.021363 0.0215819 4 
0.0213303 0.0220035 4 
0.0213243 0.0219055 4 
0.0212782 0.0223025 4 
0.0212685 0.0216393 4 
0.021257 0.0212843 4 
0.0212127 0.0214441 4 
0.0212009 0.0220773 4 
0.0211812 0.0226105 4 
0.0211738 0.0213749 4 
0.021173 0.0222143 4 
0.0211633 0.0232508 4 
0.0211477 0.0235612 4 
0.02113 0.0220251 4 
0.0211105 0.0214639 4 
0.021104 0.0232508 4 
0.0210666 0.021754 4 
0.0210599 0.0211132 4 
0.0210585 0.0231561 4 
0.0210518 0.021491 4 
0.0210347 0.0219509 4 
0.021023 0.0215509 4 
0.0209918 0.0210552 4 
0.0209617 0.022623 4 
0.0209486 0.0214913 4 
0.0209331 0.0214864 4 
0.0209311 0.021885 4 
0.0209037 0.0219662 4 
0.0208987 0.0223314 4 
0.0208749 0.0213323 4 
0.0208254 0.0223025 4 
0.0207987 0.0226609 4 
0.0207759 0.0210603 4 
0.020769 0.0209089 4 
0.0207669 0.0211363 4 
0.0207635 0.0215129 4 
0.0207514 0.0209699 4 
0.0207487 0.0219647 4 
0.0207394 0.021402 4 
0.0207215 0.0215066 4 
0.0206921 0.0232074 4 
0.0206867 0.0221886 4 
0.020676 0.021264 4 
0.020676 0.0227408 4 
0.0206596 0.0210436 4 
0.0206573 0.02125 4 
0.0206263 0.020924 4 
0.0206202 0.0228651 4 
0.0206125 0.0220174 4 
0.0205759 0.0212606 4 
0.0205731 0.0226539 4 
0.0205629 0.0219082 4 
0.0205534 0.0221271 4 
0.0205225 0.0212606 4 
0.0205157 0.021508 4 
0.0205111 0.022367 4 
0.020495 0.0214529 4 
0.0204909 0.0214145 4 
0.0204773 0.0213636 4 
0.020476 0.021081 4 
0.0204729 0.0213749 4 
0.0204703 0.0207046 4 
0.020464 0.0226192 4 
0.0204558 0.0221704 4 
0.0204357 0.0229531 4 
0.0204078 0.0214908 4 
0.0203831 0.0226425 4 
0.0203588 0.0219923 4 
0.0203584 0.0217313 4 
0.0203541 0.0207879 4 
0.0203535 0.0215309 4 
0.0203459 0.0216009 4 
0.0203015 0.0203866 4 
0.0202732 0.0205404 4 
0.0202545 0.0215669 4 
0.0202213 0.0214441 4 
0.0201838 0.0222657 4 
0.0201762 0.0214187 4 
0.0201623 0.0219576 4 
0.0201579 0.0210178 4 
0.0201373 0.0211132 4 
0.0201328 0.0214194 4 
0.0201129 0.0204567 4 
0.0201071 0.0203168 4 
0.0200872 0.02159 4 
0.0200865 0.0205244 4 
0.0200604 0.0219387 4 
0.0200595 0.0212052 4 
0.0200448 0.0217647 4 
0.0200436 0.0221494 4 
0.0200122 0.0201934 4 
0.020001 0.0213784 4 
0.0199943 0.021241 4 
0.0199862 0.0212191 4 
0.0199834 0.0219938 4 
0.0199588 0.0214224 4 
0.0199533 0.0215936 4 
0.0199475 0.021885 4 
0.0199395 0.0202956 4 
0.0199046 0.0212176 4 
0.0198823 0.0202947 4 
0.019879 0.0214194 4 
0.0198733 0.0206948 4 
0.0198501 0.0212705 4 
0.019844 0.0223461 4 
0.019831 0.0212218 4 
0.0198204 0.0213597 4 
0.0197941 0.0214913 4 
0.0197932 0.0213931 4 
0.0197753 0.019827 4 
0.0197649 0.022445 4 
0.019727 0.0210603 4 
0.0196973 0.0207839 4 
0.0196785 0.0199186 4 
0.0196647 0.0217138 4 
0.0196522 0.0199693 4 
0.0196312 0.0203107 4 
0.0196297 0.0208354 4 
0.0196048 0.0210219 4 
0.019601 0.020734 4 
0.0195968 0.0203462 4 
0.0195708 0.0197372 4 
0.0195595 0.021718 4 
0.0195506 0.0214581 4 
0.0195265 0.0225798 4 
0.0195214 0.0215162 4 
0.0194973 0.0212176 4 
0.0194849 0.0217417 4 
0.0194847 0.0215162 4 
0.0194777 0.0205317 4 
0.0194682 0.021081 4 
0.0194135 0.0201934 4 
0.0193989 0.0217417 4 
0.019385 0.0209593 4 
0.0193806 0.0218808 4 
0.019379 0.020837 4 
0.0193747 0.0215078 4 
0.0193671 0.0194473 4 
0.0193583 0.0194168 4 
0.0193563 0.0200297 4 
0.0193553 0.0214145 4 
0.0193531 0.0214908 4 
0.0193296 0.0203401 4 
0.0193279 0.0203632 4 
0.0193196 0.0206948 4 
0.0192964 0.021508 4 
0.019278 0.0193354 4 
0.0192757 0.0216549 4 
0.0192745 0.0215642 4 
0.0192739 0.0225445 4 
0.0192588 0.0201016 4 
0.0192418 0.0211132 4 
0.0191641 0.0204286 4 
0.0191586 0.0206407 4 
0.0191543 0.0209597 4 
0.0191109 0.021081 4 
0.0190989 0.0217005 4 
0.0190834 0.020952 4 
0.0190727 0.020924 4 
0.0190687 0.0210123 4 
0.0190619 0.0201786 4 
0.0190422 0.021663 4 
0.0190073 0.0215348 4 
0.0190049 0.0211165 4 
0.0189782 0.021884 4 
0.0189779 0.0200948 4 
0.0189489 0.0211568 4 
0.0189287 0.0199083 4 
0.0189122 0.0200437 4 
0.0186766 0.0190023 4 
0.0116112 0.0116749 5 
0.0115746 0.0116614 5 
0.0115096 0.0118652 5 
0.0114987 0.0118627 5 
0.0113609 0.0115664 5 
0.0113068 0.0114388 5 
0.0112375 0.0113345 5 
0.0111536 0.0112095 5 
0.0111244 0.0111691 5 
0.0110881 0.0111831 5 
0.0110277 0.0110976 5 
0.0110058 0.0111116 5 
0.0109966 0.0111611 5 
0.0109849 0.0110737 5 
0.0109759 0.0110301 5 
0.0109723 0.011019 5 
0.0109542 0.0110265 5 
0.0109386 0.0116293 5 
0.0109377 0.0113531 5 
0.0109322 0.0111691 5 
0.0108837 0.0110931 5 
0.0108667 0.0115547 5 
0.0108387 0.0108723 5 
0.0108101 0.0110334 5 
0.010802 0.0110737 5 
0.0107976 0.0109483 5 
0.0107935 0.0114353 5 
0.0107805 0.0116743 5 
0.0107409 0.0109966 5 
0.0107365 0.0112204 5 
0.0107355 0.0111266 5 
0.0107269 0.0107757 5 
0.010693 0.0115193 5 
0.0106894 0.0117139 5 
0.0106809 0.0114646 5 
0.0106769 0.0112899 5 
0.0106749 0.0112354 5 
0.0106632 0.0106691 5 
0.010656 0.0111008 5 
0.0106559 0.0110904 5 
0.0106527 0.0112445 5 
0.0106503 0.0111266 5 
0.0106401 0.0107221 5 
0.0106113 0.0110026 5 
0.0105943 0.0108279 5 
0.0105771 0.0106544 5 
0.0105602 0.0112092 5 
0.0105575 0.0107488 5 
0.0105119 0.010724 5 
0.0105058 0.0108763 5 
0.0105006 0.0109334 5 
0.010462 0.0108375 5 
0.0104553 0.0114727 5 
0.0104274 0.0108254 5 
0.010415 0.010434 5 
0.0104063 0.0116619 5 
0.0104025 0.0105026 5 
0.0103939 0.0106316 5 
0.0103923 0.0107055 5 
0.0103897 0.0106322 5 
0.0103551 0.011014 5 
0.0103395 0.0110646 5 
0.0103391 0.0107616 5 
0.0103358 0.0106358 5 
0.010331 0.0110288 5 
0.010327 0.0104041 5 
0.0103231 0.0105068 5 
0.0103157 0.0104728 5 
0.01031 0.0107252 5 
0.0103027 0.0103258 5 
0.0103008 0.0111629 5 
0.0102971 0.0109884 5 
0.0102959 0.0106141 5 
0.0102905 0.0109161 5 
0.0102862 0.0102881 5 
0.0102805 0.0107272 5 
0.0102692 0.0111691 5 
0.0102637 0.0110737 5 
0.0102421 0.0103526 5 
0.0102398 0.0102965 5 
0.0102278 0.0113622 5 
0.0102173 0.0116054 5 
0.0102084 0.0104529 5 
0.010206 0.010275 5 
0.0102016 0.0103477 5 
0.0101896 0.0105763 5 
0.0101872 0.0109637 5 
0.0101828 0.0106452 5 
0.0101711 0.0103052 5 
0.0101632 0.0104225 5 
0.010155 0.0103985 5 
0.010148 0.0116526 5 
0.0101427 0.0107824 5 
0.0101377 0.0109959 5 
0.0101035 0.0106112 5 
0.0100965 0.0110101 5 
0.0100942 0.0108314 5 
0.0100913 0.0102913 5 
0.0100868 0.0112961 5 
0.0100605 0.0105415 5 
0.0100542 0.0105712 5 
0.0100342 0.0112226 5 
0.0100326 0.0100865 5 
0.0100218 0.0102764 5 
0.010017 0.0106396 5 
0.0100068 0.0108135 5 
0.0100064 0.0108248 5 
0.00999836 0.0109966 5 
0.00999368 0.0105123 5 
0.00996679 0.0108202 5 
0.00996399 0.0107963 5 
0.00993292 0.0106183 5 
0.00992685 0.010708 5 
0.00992567 0.0106033 5 
0.0099211 0.0100348 5 
0.00991555 0.0109464 5 
0.00991485 0.0102998 5 
0.00990453 0.010357 5 
0.00989387 0.010708 5 
0.0098925 0.0104033 5 
0.00988914 0.0101449 5 
0.0098842 0.0106315 5 
0.00988003 0.0107221 5 
0.00986531 0.0105779 5 
0.00985369 0.0106081 5 
0.00985353 0.0105006 5 
0.00983716 0.0102832 5 
0.00982892 0.010721 5 
0.00981483 0.0101134 5 
0.00979969 0.011104 5 
0.00979315 0.0104202 5 
0.00979304 0.0105955 5 
0.00979153 0.0103483 5 
0.00977695 0.0104125 5 
0.00976993 0.0101861 5 
0.00976864 0.0106909 5 
0.00975522 0.0104112 5 
0.00974291 0.011089 5 
0.00973895 0.0111116 5 
0.0097101 0.0104441 5 
0.00968837 0.00999159 5 
0.00968054 0.00992497 5 
0.00966068 0.0108426 5 
0.0096593 0.0106577 5 
0.00965198 0.0107272 5 
0.00965091 0.00988445 5 
0.00964074 0.0104756 5 
0.00963221 0.0106129 5 
0.00962964 0.0103966 5 
0.00962897 0.0112534 5 
0.00962628 0.0105393 5 
0.00962411 0.00984647 5 
0.00962111 0.0107028 5 
0.00961847 0.00970416 5 
0.00959703 0.0105612 5 
0.00958398 0.010275 5 
0.00957376 0.010601 5 
0.0095655 0.0106358 5 
0.0095487 0.0103144 5 
0.00954777 0.0103966 5 
0.00952061 0.0106909 5 
0.00951749 0.0108279 5 
0.00949809 0.0100348 5 
0.00949446 0.00958468 5 
0.00949007 0.00965762 5 
0.00947567 0.00991911 5 
0.0094713 0.00968811 5 
0.00946423 0.0106822 5 
0.00945513 0.0109064 5 
0.00943644 0.0100789 5 
0.00942574 0.0104225 5 
0.0094202 0.0101275 5 
0.00941551 0.00976622 5 
0.00941192 0.0102858 5 
0.00940781 0.0101115 5 
0.00940514 0.0102814 5 
0.00940413 0.0104125 5 
0.00940155 0.00948656 5 
0.00939687 0.0112128 5 
0.00938274 0.0105709 5 
0.0093725 0.00975641 5 
0.00936958 0.0106917 5 
0.00935552 0.0102971 5 
0.00932431 0.0104989 5 
0.00931864 0.0102534 5 
0.00929654 0.0107881 5 
0.00928556 0.0105686 5 
0.00928154 0.0099892 5 
0.00928079 0.0107854 5 
0.00927677 0.0102174 5 
0.00927273 0.010028 5 
0.00924641 0.0102544 5 
0.00924107 0.0106537 5 
0.00915744 0.0101306 5 
0.00612718 0.006389 6 
0.00591834 0.00605811 6 
0.00585122 0.0058844 6 
0.00577232 0.00583071 6 
0.00566845 0.00573021 6 
0.00565798 0.00580699 6 
0.00565524 0.00573098 6 
0.00563993 0.00571993 6 
0.00562582 0.00581926 6 
0.00562256 0.00569081 6 
0.00562254 0.00570141 6 
0.00562022 0.00580359 6 
0.00557611 0.00568405 6 
0.00557271 0.00588719 6 
0.00555413 0.00590703 6 
0.00555413 0.00577603 6 
0.00554987 0.0057205 6 
0.00552825 0.00577379 6 
0.00551037 0.0056084 6 
0.00550964 0.00581543 6 
0.00550828 0.00593885 6 
0.00550108 0.0057268 6 
0.00549033 0.00580744 6 
0.00548997 0.00551443 6 
0.00548254 0.00561236 6 
0.00548215 0.00576643 6 
0.00547943 0.00577542 6 
0.00547356 0.00560006 6 
0.0054732 0.00566463 6 
0.00546675 0.00548482 6 
0.00546372 0.00565968 6 
0.00545765 0.00546553 6 
0.00545482 0.00563179 6 
0.00545385 0.00552205 6 
0.0054353 0.00564429 6 
0.00541726 0.00553704 6 
0.00541506 0.00588912 6 
0.00539099 0.00557325 6 
0.00537105 0.00539261 6 
0.00535595 0.00541388 6 
0.00535442 0.00583982 6 
0.00535395 0.00544903 6 
0.00535235 0.00550859 6 
0.00534747 0.00540853 6 
0.00534665 0.00535714 6 
0.00532026 0.00560068 6 
0.00531698 0.00532942 6 
0.00531118 0.00567322 6 
0.00530196 0.00561728 6 
0.00529981 0.00563136 6 
0.00529725 0.00530085 6 
0.00529605 0.00532688 6 
0.00529555 0.00539346 6 
0.00528602 0.00564591 6 
0.00527474 0.00579141 6 
0.00527167 0.00550531 6 
0.00525071 0.00542202 6 
0.00524629 0.00583829 6 
0.00524591 0.00530306 6 
0.00524474 0.00560968 6 
0.00524101 0.0053203 6 
0.00523596 0.00532623 6 
0.00523309 0.0056084 6 
0.00523257 0.00555699 6 
0.00522764 0.00524504 6 
0.00522564 0.00549159 6 
0.00522446 0.00567502 6 
0.00521869 0.00584681 6 
0.00521798 0.00577007 6 
0.00521795 0.00533295 6 
0.00520653 0.00522247 6 
0.00520249 0.00527802 6 
0.00519928 0.00525781 6 
0.00518281 0.00521686 6 
0.00517573 0.00566874 6 
0.00515984 0.00556572 6 
0.00515679 0.00515717 6 
0.00515411 0.00546721 6 
0.00514436 0.00529037 6 
0.00512954 0.00526294 6 
0.00512476 0.00530118 6 
0.00512349 0.00543805 6 
0.00512022 0.00530351 6 
0.00511399 0.00514121 6 
0.00510699 0.00538262 6 
0.00510006 0.0054015 6 
0.0050988 0.00542259 6 
0.00509514 0.00518367 6 
0.00509278 0.00552139 6 
0.0050906 0.0052613 6 
0.00509028 0.00562878 6 
0.00508583 0.00559046 6 
0.00508238 0.00584681 6 
0.00508231 0.00573098 6 
0.00507108 0.00517297 6 
0.00505572 0.00505676 6 
0.00505256 0.0053194 6 
0.00504877 0.00552342 6 
0.00504681 0.00535068 6 
0.0050411 0.00522223 6 
0.00503504 0.00534063 6 
0.00503389 0.00541084 6 
0.00503178 0.00549496 6 
0.00503168 0.00514313 6 
0.00502635 0.00512147 6 
0.00502352 0.00512274 6 
0.00502237 0.00541792 6 
0.00501806 0.00512769 6 
0.00500918 0.00529037 6 
0.00500299 0.00565968 6 
0.00499704 0.00536517 6 
0.00499554 0.00536072 6 
0.00497919 0.00532942 6 
0.00497604 0.00534686 6 
0.00497294 0.00544943 6 
0.00497249 0.00573573 6 
0.00497079 0.00533684 6 
0.0049653 0.0053194 6 
0.00496476 0.00523557 6 
0.00495975 0.00549499 6 
0.00495731 0.00502286 6 
0.00495539 0.00542202 6 
0.00495309 0.00507691 6 
0.00495283 0.00551675 6 
0.00494539 0.00560341 6 
0.0049354 0.00540658 6 
0.00493532 0.00537368 6 
0.00491256 0.00560068 6 
0.00490383 0.00548496 6 
0.00489331 0.00533195 6 
0.00488926 0.00492627 6 
0.00488853 0.00508084 6 
0.00488669 0.00515282 6 
0.00487807 0.005426 6 
0.00487102 0.00538761 6 
0.00485958 0.00499543 6 
0.00484995 0.00532427 6 
0.00484849 0.00509357 6 
0.0048481 0.00573338 6 
0.00484638 0.00512274 6 
0.00484443 0.00526007 6 
0.00484124 0.00501159 6 
0.00482721 0.00538601 6 
0.00482415 0.00519044 6 
0.00482322 0.00562517 6 
0.00481138 0.00514098 6 
0.00481075 0.00495605 6 
0.0048078 0.0052885 6 
0.00480737 0.00489329 6 
0.00480075 0.00521333 6 
0.0047905 0.00535595 6 
0.00479004 0.00497341 6 
0.00477515 0.00545879 6 
0.00477439 0.00531822 6 
0.00477369 0.00537141 6 
0.00477302 0.0053451 6 
0.00477256 0.00501466 6 
0.00476844 0.00489893 6 
0.00474952 0.00493417 6 
0.00474869 0.00532899 6 
0.00474435 0.00541937 6 
0.00474387 0.0048442 6 
0.00474231 0.00483098 6 
0.00474066 0.00548258 6 
0.0047264 0.0047564 6 
0.00472502 0.00493295 6 
0.00471796 0.00515717 6 
0.00471422 0.00538601 6 
0.00471137 0.00480555 6 
0.00470498 0.00517067 6 
0.00469673 0.00545296 6 
0.00469412 0.00588912 6 
0.0046911 0.00519285 6 
0.00468395 0.00514114 6 
0.00468241 0.00521546 6 
0.00467905 0.00523635 6 
0.00465548 0.00528984 6 
0.00464737 0.00525647 6 
0.00463711 0.00507922 6 
0.0046353 0.00511807 6 
0.00462339 0.00549496 6 
0.00461167 0.00513494 6 
0.0046106 0.00502433 6 
0.00460115 0.00534063 6 
0.00457773 0.00502163 6 
0.00453686 0.00456841 6 
0.00451155 0.00497381 6 
0.00326565 0.00338212 7 
0.00307205 0.00308911 7 
0.0029711 0.00300455 7 
0.00295911 0.00299549 7 
0.0029587 0.00296024 7 
0.00295341 0.00299581 7 
0.00295323 0.00298957 7 
0.00294232 0.00299795 7 
0.00293533 0.00311567 7 
0.0029344 0.00299391 7 
0.00293271 0.00296085 7 
0.00290682 0.00307688 7 
0.00290129 0.00293507 7 
0.0028871 0.00312425 7 
0.00288039 0.00299066 7 
0.00286741 0.00291244 7 
0.00286715 0.00293148 7 
0.00286641 0.00287727 7 
0.00286522 0.00295929 7 
0.00286103 0.00289378 7 
0.00285916 0.00289042 7 
0.00285903 0.00290051 7 
0.00285721 0.00300327 7 
0.00285177 0.00285188 7 
0.00284784 0.00301486 7 
0.00284024 0.00289623 7 
0.00282982 0.00292011 7 
0.00282806 0.00286818 7 
0.00282649 0.00295295 7 
0.00280463 0.00288739 7 
0.00280407 0.00296024 7 
0.00278965 0.0028031 7 
0.00278879 0.00292316 7 
0.00278852 0.00304345 7 
0.00278158 0.00298769 7 
0.00277333 0.0027858 7 
0.00277049 0.00292624 7 
0.00274495 0.00289386 7 
0.00274138 0.00286113 7 
0.00273562 0.0028069 7 
0.00272541 0.00288221 7 
0.00271862 0.00278684 7 
0.00271668 0.00296024 7 
0.00270809 0.00297292 7 
0.00270527 0.0027595 7 
0.00270455 0.00273141 7 
0.00270399 0.00286357 7 
0.00270321 0.0027415 7 
0.00270172 0.00279096 7 
0.00269941 0.00277889 7 
0.00269885 0.00273184 7 
0.00269545 0.00283029 7 
0.00269471 0.00296783 7 
0.00269407 0.00291862 7 
0.0026891 0.00286987 7 
0.0026849 0.00281969 7 
0.00267739 0.00294739 7 
0.00267098 0.00287549 7 
0.00266622 0.00282385 7 
0.00266337 0.00268616 7 
0.00265874 0.00288727 7 
0.00265444 0.00267144 7 
0.00265291 0.00274704 7 
0.00264988 0.00280327 7 
0.00264965 0.00268558 7 
0.00264898 0.00276067 7 
0.00264814 0.00278741 7 
0.00264811 0.0026676 7 
0.00264021 0.00290056 7 
0.00263647 0.00278041 7 
0.00263388 0.00267733 7 
0.00263127 0.00295577 7 
0.00263043 0.00264291 7 
0.00262363 0.00267896 7 
0.0026223 0.00286113 7 
0.00261463 0.0026286 7 
0.00261455 0.00268558 7 
0.0026132 0.0026636 7 
0.00261263 0.00299795 7 
0.00261023 0.00299093 7 
0.00260894 0.00269831 7 
0.00260273 0.00274062 7 
0.00260196 0.00278815 7 
0.00260098 0.00284536 7 
0.00259911 0.00261092 7 
0.00259666 0.00269072 7 
0.00259191 0.00300731 7 
0.00259119 0.00271208 7 
0.00258983 0.00273939 7 
0.00258834 0.00260212 7 
0.00258374 0.00286099 7 
0.00258112 0.00263998 7 
0.00257898 0.00266719 7 
0.0025782 0.00278741 7 
0.00257103 0.0027623 7 
0.00256921 0.00289623 7 
0.00256882 0.00267228 7 
0.00256703 0.00272219 7 
0.0025667 0.00278151 7 
0.00256619 0.00281274 7 
0.00256125 0.00270616 7 
0.00254277 0.00282729 7 
0.00253847 0.00286954 7 
0.00253327 0.00267733 7 
0.00253319 0.00268447 7 
0.00252743 0.0025426 7 
0.00252572 0.00280387 7 
0.00252556 0.00282015 7 
0.00252454 0.00269717 7 
0.00252394 0.00265431 7 
0.00252376 0.00270435 7 
0.00252366 0.00291443 7 
0.00252012 0.00271208 7 
0.00251502 0.00277422 7 
0.00250923 0.00281586 7 
0.00250884 0.00288967 7 
0.00250563 0.00272042 7 
0.00250544 0.00256041 7 
0.00250293 0.00274391 7 
0.00249921 0.002502 7 
0.00248737 0.00293148 7 
0.00248695 0.00284977 7 
0.00248353 0.00266231 7 
0.00248271 0.00259795 7 
0.00248142 0.00268085 7 
0.0024814 0.00264807 7 
0.00247931 0.00279906 7 
0.00247628 0.00256617 7 
0.00247459 0.00249525 7 
0.00247402 0.00260738 7 
0.00246624 0.00279457 7 
0.0024655 0.00279557 7 
0.0024643 0.00250901 7 
0.00245016 0.00264495 7 
0.00244868 0.00277648 7 
0.00244798 0.00248933 7 
0.00243684 0.00283266 7 
0.00243372 0.00278868 7 
0.00242614 0.0026523 7 
0.00242571 0.0026791 7 
0.00242366 0.00245649 7 
0.00242319 0.0027979 7 
0.00241847 0.00270764 7 
0.00241326 0.00285971 7 
0.00241058 0.00276447 7 
0.00240685 0.00266231 7 
0.0024041 0.00249305 7 
0.00240154 0.00247493 7 
0.00240047 0.00260212 7 
0.00239973 0.00259507 7 
0.00239939 0.00244902 7 
0.00239312 0.00304499 7 
0.00239221 0.00259507 7 
0.00238695 0.00275866 7 
0.002382 0.00240232 7 
0.00237177 0.00265469 7 
0.00236846 0.00269107 7 
0.0023683 0.00263098 7 
0.00236157 0.00246011 7 
0.00235721 0.00267713 7 
0.00235701 0.00265543 7 
0.00235342 0.00265498 7 
0.00234958 0.00255603 7 
0.00234111 0.00257883 7 
0.0023304 0.00269506 7 
0.00232402 0.0025875 7 
0.00229356 0.0024785 7 
0.00229134 0.002502 7 
0.00227248 0.00231372 7 
0.00171398 0.00172352 8 
0.00171326 0.00177752 8 
0.00156993 0.00164196 8 
0.00156871 0.00158711 8 
0.00154557 0.00157454 8 
0.00154506 0.00158245 8 
0.00154485 0.00165957 8 
0.00153731 0.00157409 8 
0.00153188 0.00166038 8 
0.0015052 0.00151582 8 
0.00149623 0.0015094 8 
0.00149464 0.00158273 8 
0.00149412 0.00156001 8 
0.0014932 0.00151732 8 
0.00149238 0.00151732 8 
0.00149223 0.00150007 8 
0.00149073 0.00153206 8 
0.00148954 0.00149325 8 
0.00148906 0.00153619 8 
0.00147254 0.00148226 8 
0.00147041 0.00155025 8 
0.00146892 0.00147621 8 
0.00146468 0.00154447 8 
0.00146354 0.0015293 8 
0.0014632 0.00146946 8 
0.00146262 0.00151229 8 
0.00145437 0.00145558 8 
0.0014504 0.00157717 8 
0.00144907 0.00150676 8 
0.00144315 0.00145558 8 
0.00143965 0.00144773 8 
0.00142231 0.0015282 8 
0.00142197 0.00145092 8 
0.00142009 0.00156011 8 
0.00141802 0.00142932 8 
0.00141584 0.00148507 8 
0.00141552 0.00149798 8 
0.00141378 0.00141731 8 
0.00141287 0.00146189 8 
0.0014122 0.00142544 8 
0.00140924 0.00149295 8 
0.00140797 0.00141652 8 
0.00140601 0.00141652 8 
0.00140201 0.00145523 8 
0.00139866 0.00146253 8 
0.00139672 0.00146337 8 
0.00139655 0.00147083 8 
0.00139615 0.00145043 8 
0.00139206 0.00147114 8 
0.001391 0.00153983 8 
0.00139074 0.00147802 8 
0.00138871 0.00147671 8 
0.00138781 0.00140379 8 
0.00138562 0.00148509 8 
0.00138556 0.00149488 8 
0.001385 0.00144721 8 
0.00138474 0.00138868 8 
0.00138332 0.00139146 8 
0.00138234 0.00143412 8 
0.0013767 0.0015352 8 
0.00137599 0.00147013 8 
0.00137423 0.00155724 8 
0.00137251 0.00148182 8 
0.00137136 0.00139639 8 
0.00137048 0.00158245 8 
0.00136925 0.00153202 8 
0.00136825 0.00140898 8 
0.00136662 0.00148469 8 
0.00136472 0.00141749 8 
0.00136323 0.00150499 8 
0.00136292 0.00137092 8 
0.0013619 0.00142562 8 
0.00136178 0.00150009 8 
0.00135899 0.0014511 8 
0.00135638 0.00154459 8 
0.00135463 0.00136721 8 
0.00135096 0.00144987 8 
0.00134392 0.00140395 8 
0.00134248 0.00139426 8 
0.00134085 0.00147841 8 
0.00133924 0.00151048 8 
0.00133829 0.00141804 8 
0.00133689 0.00140438 8 
0.00133651 0.00135424 8 
0.001336 0.00150007 8 
0.00133572 0.00138989 8 
0.00133543 0.00136415 8 
0.00133299 0.00141748 8 
0.00133025 0.00141605 8 
0.00132696 0.00140203 8 
0.00132598 0.00143249 8 
0.00132568 0.00135744 8 
0.00132564 0.0014627 8 
0.00132409 0.00142547 8 
0.00132125 0.00148743 8 
0.00131706 0.00134107 8 
0.0013154 0.00150563 8 
0.00131503 0.00140859 8 
0.00131235 0.00139426 8 
0.00131018 0.00144287 8 
0.0013095 0.00153388 8 
0.00130941 0.00139146 8 
0.0013077 0.0014323 8 
0.0013065 0.0013623 8 
0.00130643 0.00136422 8 
0.00130281 0.00138017 8 
0.00130188 0.00144539 8 
0.00129804 0.0013471 8 
0.00129711 0.00144773 8 
0.00129698 0.00145188 8 
0.00129552 0.0015522 8 
0.00128568 0.0014349 8 
0.00128379 0.00145302 8 
0.00128271 0.00145982 8 
0.00128048 0.00131359 8 
0.001279 0.00146871 8 
0.00127762 0.00147684 8 
0.00126708 0.00134915 8 
0.00126523 0.00148524 8 
0.00126136 0.00136932 8 
0.00125889 0.00148454 8 
0.00125668 0.00146253 8 
0.00125615 0.00132909 8 
0.00124798 0.00158128 8 
0.00124784 0.00134545 8 
0.00124433 0.00129901 8 
0.0012412 0.00134951 8 
0.00124103 0.00128997 8 
0.00124049 0.00138862 8 
0.00123586 0.00138263 8 
0.00123565 0.00134659 8 
0.00123561 0.00144105 8 
0.00123222 0.00130126 8 
0.0012262 0.00138762 8 
0.00122485 0.00143359 8 
0.00122403 0.00141157 8 
0.00122358 0.00134188 8 
0.00122231 0.00124886 8 
0.00122069 0.00136512 8 
0.00121795 0.00136932 8 
0.00121365 0.00123526 8 
0.00120774 0.00130314 8 
0.00120341 0.00131097 8 
0.00120318 0.0013716 8 
0.00120021 0.00137405 8 
0.00119976 0.0013716 8 
0.00119902 0.00126694 8 
0.00118547 0.00125091 8 
0.00118487 0.00134915 8 
0.00115958 0.00126039 8 
0.00114996 0.00118339 8 
0.000907761 0.000932794 9 
0.000847639 0.000875479 9 
0.000845664 0.000850508 9 
0.00083137 0.000896043 9 
0.000828951 0.00083594 9 
0.000820405 0.000889866 9 
0.000817213 0.000840914 9 
0.000815538 0.000835976 9 
0.000810949 0.000846372 9 
0.000789713 0.000810725 9 
0.000788364 0.000796675 9 
0.000786157 0.000791139 9 
0.000783356 0.000800472 9 
0.000782029 0.000785763 9 
0.000780926 0.000787545 9 
0.000777385 0.000819859 9 
0.000772231 0.000774776 9 
0.000771264 0.000776046 9 
0.000766997 0.000779907 9 
0.000766538 0.00080246 9 
0.000764643 0.000777079 9 
0.000763607 0.000804575 9 
0.000763087 0.000776394 9 
0.00076054 0.000817773 9 
0.000760061 0.00078865 9 
0.000754045 0.000796125 9 
0.000753472 0.000786342 9 
0.000752293 0.000821265 9 
0.000752211 0.000753988 9 
0.000751074 0.000754057 9 
0.000749584 0.000763052 9 
0.000748514 0.000769927 9 
0.000746861 0.000783851 9 
0.000746256 0.000776524 9 
0.000746147 0.000752864 9 
0.000745606 0.000786426 9 
0.000745163 0.000779907 9 
0.000744974 0.000772472 9 
0.000744879 0.000746959 9 
0.000740923 0.000764021 9 
0.000740157 0.000755317 9 
0.000739256 0.00075501 9 
0.000738738 0.000814779 9 
0.00073618 0.000744755 9 
0.000735663 0.000748952 9 
0.000734583 0.000751699 9 
0.00073395 0.000771347 9 
0.000733132 0.000776218 9 
0.000732709 0.000733005 9 
0.000731364 0.000752864 9 
0.000727588 0.000798232 9 
0.000727414 0.000840914 9 
0.000727309 0.000802477 9 
0.000727161 0.000728892 9 
0.000724412 0.000794821 9 
0.000721779 0.000797055 9 
0.000720401 0.000754895 9 
0.000719635 0.000760774 9 
0.000719096 0.00078787 9 
0.000718186 0.000774955 9 
0.000718151 0.000776551 9 
0.000718019 0.000740481 9 
0.000717963 0.000730418 9 
0.000717034 0.000807148 9 
0.000716519 0.000769603 9 
0.000715162 0.000751451 9 
0.000714722 0.000738247 9 
0.000713541 0.000738247 9 
0.000713038 0.000764897 9 
0.000711704 0.000802038 9 
0.000711479 0.00072831 9 
0.000711222 0.000767458 9 
0.000710849 0.000803651 9 
0.000710308 0.000774154 9 
0.000707352 0.000788366 9 
0.000707234 0.000709622 9 
0.000706841 0.00075501 9 
0.00070664 0.00075924 9 
0.000704235 0.000728597 9 
0.000704183 0.000777079 9 
0.000703998 0.000720149 9 
0.000703756 0.000734481 9 
0.000703484 0.000747143 9 
0.000701554 0.00074701 9 
0.000700942 0.000785388 9 
0.000700597 0.000724733 9 
0.000699133 0.000736926 9 
0.000698577 0.000804626 9 
0.000698117 0.000703291 9 
0.000696327 0.000773573 9 
0.000695817 0.000778496 9 
0.000694652 0.000766935 9 
0.000693742 0.000781516 9 
0.000693609 0.000700419 9 
0.000691237 0.000758507 9 
0.000689536 0.00072553 9 
0.000687013 0.000689391 9 
0.000685483 0.00076152 9 
0.000685375 0.000701236 9 
0.000683904 0.000728892 9 
0.000682534 0.000694669 9 
0.000680556 0.000748952 9 
0.000680476 0.000681076 9 
0.000679949 0.000777241 9 
0.000679524 0.000717381 9 
0.000678979 0.000762806 9 
0.000678231 0.000792099 9 
0.000677752 0.0007459 9 
0.000675709 0.000762537 9 
0.000674223 0.000738247 9 
0.00067303 0.000703664 9 
0.000672943 0.000841248 9 
0.00066992 0.00078166 9 
0.000668646 0.00068914 9 
0.00066558 0.000678414 9 
0.00066438 0.000827821 9 
0.000655553 0.000751699 9 
0.000655261 0.000688989 9 
0.000655166 0.000702439 9 
0.000654958 0.00071016 9 
0.000654425 0.000660089 9 
0.000653341 0.000708838 9 
0.000653155 0.000689559 9 
0.000650378 0.000721173 9 
0.0006492 0.00065606 9 
0.000644665 0.000714142 9 
0.000644512 0.000758694 9 
0.000642736 0.0007197 9 
0.000641574 0.000723629 9 
0.000641177 0.000744077 9 
0.000639941 0.000720349 9 
0.000638879 0.000686772 9 
0.000638804 0.000751249 9 
0.000637497 0.000691275 9 
0.000628506 0.000702439 9 
0.000628045 0.000671672 9 
0.000627707 0.000640664 9 
0.000626143 0.000709882 9 
0.000624769 0.000673073 9 
0.000624765 0.000710577 9 
0.00062142 0.000638568 9 
0.00062137 0.000710577 9 
0.000618109 0.000658114 9 
0.000616243 0.000633171 9 
0.000609666 0.000700611 9 
0.00059776 0.000609739 9 
0.000591931 0.000640703 9 
