0.533867 0.552015 0 
0.532426 0.55454 0 
0.532421 0.540377 0 
0.531913 0.55223 0 
0.531848 0.553507 0 
0.53127 0.538798 0 
0.53119 0.553253 0 
0.531107 0.538134 0 
0.530575 0.532877 0 
0.530537 0.552616 0 
0.530447 0.553277 0 
0.530208 0.534594 0 
0.530132 0.554295 0 
0.529624 0.552392 0 
0.529326 0.551075 0 
0.529319 0.550883 0 
0.529153 0.552719 0 
0.529141 0.532756 0 
0.529137 0.549854 0 
0.529059 0.552183 0 
0.529052 0.535755 0 
0.52905 0.549855 0 
0.528725 0.552867 0 
0.528359 0.537695 0 
0.527972 0.552481 0 
0.527867 0.552722 0 
0.527844 0.553455 0 
0.527794 0.530061 0 
0.527787 0.546582 0 
0.52767 0.548935 0 
0.527503 0.540784 0 
0.527471 0.551059 0 
0.527467 0.555401 0 
0.527374 0.538296 0 
0.527315 0.537517 0 
0.527297 0.539487 0 
0.527188 0.547821 0 
0.527114 0.54047 0 
0.527111 0.530718 0 
0.527057 0.538049 0 
0.526963 0.53234 0 
0.526824 0.537468 0 
0.526736 0.55495 0 
0.526705 0.541228 0 
0.52669 0.55397 0 
0.526654 0.55147 0 
0.526388 0.551117 0 
0.526245 0.551865 0 
0.526144 0.53359 0 
0.525925 0.550472 0 
0.525915 0.535812 0 
0.525827 0.548755 0 
0.525825 0.553554 0 
0.52579 0.555199 0 
0.525768 0.537356 0 
0.52573 0.554128 0 
0.525702 0.551079 0 
0.525304 0.542629 0 
0.525285 0.550679 0 
0.525057 0.54127 0 
0.52505 0.551963 0 
0.524985 0.525183 0 
0.524972 0.526876 0 
0.524654 0.539841 0 
0.524621 0.554181 0 
0.524602 0.553724 0 
0.524549 0.549845 0 
0.524173 0.552148 0 
0.524143 0.549855 0 
0.523943 0.550406 0 
0.523932 0.550239 0 
0.523676 0.553319 0 
0.523653 0.552772 0 
0.523633 0.552363 0 
0.523333 0.52542 0 
0.522994 0.534485 0 
0.52298 0.52555 0 
0.522431 0.549463 0 
0.521867 0.550766 0 
0.521735 0.552209 0 
0.521447 0.55708 0 
0.5212 0.539753 0 
0.521179 0.554649 0 
0.521014 0.551873 0 
0.520359 0.550766 0 
0.519956 0.548717 0 
0.51141 0.511567 0 
0.510333 0.511297 0 
0.509959 0.510646 0 
0.50893 0.509151 0 
0.508732 0.509743 0 
0.50864 0.509257 0 
0.508382 0.508745 0 
0.508347 0.509016 0 
0.508324 0.510423 0 
0.50794 0.508844 0 
0.507803 0.51022 0 
0.507629 0.508553 0 
0.507593 0.510356 0 
0.507548 0.507927 0 
0.507514 0.509121 0 
0.507508 0.507708 0 
0.50748 0.508074 0 
0.507427 0.508092 0 
0.507336 0.508292 0 
0.507228 0.508367 0 
0.507009 0.509134 0 
0.506883 0.507507 0 
0.506858 0.507472 0 
0.506797 0.506905 0 
0.506758 0.511297 0 
0.506705 0.506717 0 
0.506682 0.506965 0 
0.506647 0.50857 0 
0.506591 0.50821 0 
0.506577 0.509968 0 
0.50641 0.506545 0 
0.506378 0.507661 0 
0.506373 0.50696 0 
0.506332 0.50717 0 
0.506215 0.506224 0 
0.506212 0.50717 0 
0.506133 0.508498 0 
0.506035 0.507157 0 
0.506026 0.506405 0 
0.505984 0.510456 0 
0.505964 0.50748 0 
0.505941 0.505999 0 
0.505896 0.507084 0 
0.505843 0.506236 0 
0.505719 0.505959 0 
0.505639 0.506404 0 
0.505614 0.509484 0 
0.505478 0.508932 0 
0.505402 0.507363 0 
0.505396 0.507025 0 
0.505384 0.505588 0 
0.505384 0.50579 0 
0.505324 0.50669 0 
0.505322 0.507117 0 
0.505163 0.508426 0 
0.505152 0.508659 0 
0.505141 0.506698 0 
0.504968 0.508676 0 
0.504967 0.506024 0 
0.504912 0.505423 0 
0.504851 0.507507 0 
0.5048 0.50906 0 
0.504792 0.507477 0 
0.504706 0.507301 0 
0.5047 0.505944 0 
0.504598 0.505855 0 
0.504312 0.505516 0 
0.504301 0.504332 0 
0.504221 0.507386 0 
0.504147 0.506785 0 
0.5041 0.506044 0 
0.50406 0.50484 0 
0.503921 0.505828 0 
0.503819 0.505183 0 
0.503816 0.508962 0 
0.503805 0.504737 0 
0.503717 0.506226 0 
0.503704 0.50707 0 
0.503641 0.505828 0 
0.503568 0.503997 0 
0.503469 0.508382 0 
0.503369 0.504921 0 
0.503338 0.505846 0 
0.503223 0.50379 0 
0.503213 0.507596 0 
0.503181 0.504686 0 
0.503119 0.507659 0 
0.503086 0.507597 0 
0.503075 0.508313 0 
0.503051 0.503523 0 
0.503026 0.507236 0 
0.502875 0.506219 0 
0.502865 0.507809 0 
0.502792 0.510348 0 
0.502771 0.505516 0 
0.502769 0.507602 0 
0.502768 0.505234 0 
0.502722 0.506219 0 
0.502697 0.503729 0 
0.502558 0.507349 0 
0.502505 0.507576 0 
0.502472 0.506337 0 
0.50241 0.507612 0 
0.502279 0.507454 0 
0.502119 0.507297 0 
0.502112 0.510972 0 
0.502079 0.50667 0 
0.501568 0.502421 0 
0.500825 0.50484 0 
0.26548 0.266661 1 
0.26111 0.264785 1 
0.261007 0.261468 1 
0.260152 0.260477 1 
0.259997 0.261532 1 
0.25917 0.260477 1 
0.258521 0.262899 1 
0.257509 0.26575 1 
0.25711 0.260139 1 
0.256527 0.259582 1 
0.25573 0.262576 1 
0.255684 0.261511 1 
0.255572 0.259827 1 
0.255213 0.261613 1 
0.254656 0.265198 1 
0.254233 0.265593 1 
0.253513 0.25912 1 
0.252737 0.26287 1 
0.252599 0.258981 1 
0.251545 0.258618 1 
0.251265 0.259522 1 
0.250885 0.252025 1 
0.250884 0.258642 1 
0.250537 0.25489 1 
0.24934 0.25812 1 
0.249301 0.256607 1 
0.249182 0.258642 1 
0.249037 0.258642 1 
0.248703 0.255311 1 
0.248668 0.258019 1 
0.248581 0.258608 1 
0.248395 0.260706 1 
0.24818 0.25489 1 
0.247605 0.260773 1 
0.247011 0.248173 1 
0.246761 0.2569 1 
0.246677 0.253393 1 
0.246381 0.255751 1 
0.24611 0.25575 1 
0.245992 0.252629 1 
0.245788 0.254036 1 
0.245006 0.255881 1 
0.243795 0.249709 1 
0.243299 0.250584 1 
0.243219 0.256945 1 
0.241519 0.244036 1 
0.241439 0.2558 1 
0.241377 0.258252 1 
0.240803 0.241482 1 
0.239144 0.254079 1 
0.238142 0.25098 1 
0.237935 0.237953 1 
0.231377 0.249032 1 
0.199399 0.202734 1 
0.199138 0.199528 1 
0.198345 0.198723 1 
0.197898 0.199739 1 
0.197728 0.198792 1 
0.197323 0.197394 1 
0.196981 0.19756 1 
0.196872 0.198983 1 
0.196816 0.19901 1 
0.196665 0.199658 1 
0.196511 0.19993 1 
0.196487 0.198768 1 
0.19625 0.200307 1 
0.196236 0.198642 1 
0.19598 0.197351 1 
0.195932 0.201179 1 
0.195915 0.200558 1 
0.19585 0.198793 1 
0.195794 0.196805 1 
0.195731 0.19646 1 
0.195557 0.196595 1 
0.195498 0.199624 1 
0.195462 0.1975 1 
0.195459 0.199787 1 
0.195271 0.199221 1 
0.195215 0.195575 1 
0.195181 0.197061 1 
0.195172 0.195575 1 
0.195135 0.195394 1 
0.195072 0.195116 1 
0.194946 0.195213 1 
0.194786 0.19619 1 
0.194785 0.197407 1 
0.194748 0.198167 1 
0.194646 0.197729 1 
0.194639 0.198898 1 
0.194631 0.195718 1 
0.194426 0.197156 1 
0.19428 0.199982 1 
0.193954 0.194801 1 
0.193837 0.196541 1 
0.193695 0.199982 1 
0.193502 0.195122 1 
0.193479 0.194619 1 
0.193392 0.194487 1 
0.193365 0.193632 1 
0.193199 0.196048 1 
0.193188 0.193399 1 
0.193175 0.195711 1 
0.193119 0.195304 1 
0.193051 0.200329 1 
0.193045 0.193369 1 
0.192854 0.194769 1 
0.192774 0.194289 1 
0.19271 0.194078 1 
0.192577 0.192858 1 
0.192575 0.194289 1 
0.192559 0.193088 1 
0.192433 0.193362 1 
0.19241 0.196735 1 
0.192373 0.195129 1 
0.192327 0.193847 1 
0.192292 0.193622 1 
0.192273 0.193281 1 
0.192242 0.19469 1 
0.192222 0.192451 1 
0.192121 0.192359 1 
0.191986 0.193399 1 
0.191982 0.194057 1 
0.191941 0.195188 1 
0.191921 0.19343 1 
0.191857 0.194769 1 
0.191732 0.192341 1 
0.191723 0.19356 1 
0.191698 0.192862 1 
0.191558 0.19197 1 
0.19153 0.193124 1 
0.191524 0.19441 1 
0.191385 0.191698 1 
0.191345 0.19391 1 
0.191314 0.192751 1 
0.191305 0.195807 1 
0.191207 0.191834 1 
0.191206 0.19356 1 
0.191183 0.191491 1 
0.190998 0.19265 1 
0.190979 0.191009 1 
0.190528 0.19396 1 
0.190448 0.191066 1 
0.190309 0.19354 1 
0.190131 0.191834 1 
0.190031 0.193785 1 
0.190019 0.194345 1 
0.189843 0.192695 1 
0.18961 0.194638 1 
0.18927 0.192679 1 
0.18892 0.189165 1 
0.188863 0.193298 1 
0.188598 0.193277 1 
0.15336 0.155782 2 
0.152617 0.152682 2 
0.151306 0.154954 2 
0.144924 0.150688 2 
0.143642 0.144812 2 
0.135707 0.144272 2 
0.0868729 0.0879973 2 
0.0858218 0.0858428 2 
0.0845759 0.085136 2 
0.0845224 0.0867988 2 
0.0842303 0.084979 2 
0.0838797 0.084503 2 
0.0838476 0.0861986 2 
0.0836639 0.0839429 2 
0.0832052 0.0845983 2 
0.0830697 0.0845474 2 
0.0829494 0.0840639 2 
0.0828542 0.0849567 2 
0.0827623 0.0834559 2 
0.0826874 0.0836141 2 
0.0826194 0.0850906 2 
0.0826162 0.0839976 2 
0.0823969 0.0868131 2 
0.0820979 0.0830306 2 
0.0820934 0.0874399 2 
0.0819041 0.0848941 2 
0.0818118 0.0843818 2 
0.0817876 0.0829569 2 
0.0817063 0.0854656 2 
0.0815353 0.0840222 2 
0.0815039 0.0838155 2 
0.0813938 0.0868435 2 
0.0813193 0.0868146 2 
0.0812569 0.0832643 2 
0.0811246 0.0821237 2 
0.0810967 0.081441 2 
0.0810929 0.0826231 2 
0.0810551 0.0817662 2 
0.0810393 0.0832643 2 
0.080789 0.0828305 2 
0.0805756 0.0855517 2 
0.0804573 0.0807679 2 
0.0804557 0.0842831 2 
0.08019 0.0828902 2 
0.0801006 0.0807744 2 
0.0800329 0.0803003 2 
0.0798095 0.0807407 2 
0.0797373 0.0811307 2 
0.0797043 0.0810059 2 
0.079682 0.0807799 2 
0.0795692 0.0823059 2 
0.0793927 0.0800903 2 
0.079362 0.0848867 2 
0.0792767 0.0794126 2 
0.0791045 0.0792862 2 
0.078977 0.0798473 2 
0.0789102 0.0801311 2 
0.0787635 0.0789002 2 
0.0787178 0.079176 2 
0.0787058 0.0794126 2 
0.0786897 0.0802938 2 
0.0786549 0.0811524 2 
0.0786177 0.0805353 2 
0.0783065 0.0799325 2 
0.0781312 0.079328 2 
0.0780819 0.0807765 2 
0.0780435 0.0784054 2 
0.0780297 0.0814365 2 
0.0778512 0.0783785 2 
0.0777608 0.0793563 2 
0.0777411 0.0790528 2 
0.0776531 0.0777368 2 
0.0774217 0.0776654 2 
0.0774208 0.0804979 2 
0.0773921 0.0785947 2 
0.0772985 0.0787817 2 
0.0772549 0.0785572 2 
0.0770063 0.0799216 2 
0.0770055 0.0782697 2 
0.0769846 0.0779923 2 
0.0768731 0.0779382 2 
0.0768717 0.0778346 2 
0.0768634 0.0781173 2 
0.0768543 0.0783048 2 
0.0767885 0.0779923 2 
0.0767089 0.0783785 2 
0.0766145 0.077528 2 
0.0764463 0.0787306 2 
0.0764284 0.0777028 2 
0.0764222 0.0788643 2 
0.0762822 0.0771669 2 
0.0760515 0.0768486 2 
0.0758443 0.0806871 2 
0.0756528 0.0778707 2 
0.0755072 0.0782253 2 
0.0751381 0.0781173 2 
0.118062 0.11868 3 
0.106682 0.112617 3 
0.100589 0.102251 3 
0.042763 0.0428441 3 
0.0425279 0.0433044 3 
0.040896 0.0411829 3 
0.0404814 0.0415698 3 
0.0400273 0.0406047 3 
0.0397116 0.0405021 3 
0.0395763 0.0424625 3 
0.0392079 0.0397226 3 
0.0391566 0.04086 3 
0.0387889 0.0389824 3 
0.0387314 0.038814 3 
0.0386498 0.0394196 3 
0.0385346 0.0386018 3 
0.038423 0.0390753 3 
0.0383638 0.0385681 3 
0.0382927 0.0384606 3 
0.0382626 0.0395866 3 
0.0381771 0.0386964 3 
0.0379986 0.0383299 3 
0.0378875 0.0384553 3 
0.0378229 0.0388623 3 
0.0377051 0.0398052 3 
0.037572 0.0377939 3 
0.0374936 0.0393321 3 
0.0372551 0.038481 3 
0.0372291 0.0378673 3 
0.0372001 0.0390838 3 
0.0370821 0.0373482 3 
0.037066 0.0393354 3 
0.0369217 0.0372211 3 
0.0368619 0.0376523 3 
0.0368416 0.0382544 3 
0.0367468 0.0376868 3 
0.0367228 0.0368076 3 
0.0365968 0.036643 3 
0.0364569 0.0369731 3 
0.0363492 0.0407318 3 
0.0362201 0.0394196 3 
0.0362108 0.0362696 3 
0.0358104 0.0362196 3 
0.0357106 0.0372703 3 
0.0356803 0.0374797 3 
0.0355736 0.036725 3 
0.0354744 0.0356826 3 
0.0354069 0.0374731 3 
0.0353649 0.0372021 3 
0.0353623 0.0372703 3 
0.0352124 0.0377244 3 
0.035091 0.0357449 3 
0.0350377 0.035075 3 
0.0350332 0.0358374 3 
0.0346957 0.0405203 3 
0.0346804 0.0357745 3 
0.0346031 0.0352604 3 
0.0345692 0.0372211 3 
0.0345176 0.0352552 3 
0.0344179 0.0346559 3 
0.0344086 0.0347359 3 
0.0343962 0.0345408 3 
0.0343498 0.0349563 3 
0.0341466 0.0363943 3 
0.0339658 0.0343224 3 
0.0339585 0.0349939 3 
0.0338641 0.0359436 3 
0.0338373 0.0353335 3 
0.0338083 0.0346524 3 
0.0337137 0.0340905 3 
0.0336285 0.0343552 3 
0.0335178 0.0336837 3 
0.0335138 0.0340985 3 
0.033386 0.0339489 3 
0.0332598 0.0352433 3 
0.033223 0.0349563 3 
0.0332161 0.0338421 3 
0.0331921 0.0354573 3 
0.0331545 0.0349939 3 
0.0331325 0.0342026 3 
0.0329272 0.0335703 3 
0.0328919 0.0343334 3 
0.0328154 0.0345047 3 
0.0328104 0.0332588 3 
0.0328029 0.0348461 3 
0.0326203 0.0330478 3 
0.0324934 0.0326016 3 
0.032341 0.033827 3 
0.0322469 0.0325562 3 
0.0322464 0.0331239 3 
0.0322417 0.0336395 3 
0.0320304 0.0345176 3 
0.0981068 0.0989788 4 
0.0885973 0.0946819 4 
0.0228104 0.0229271 4 
0.0212762 0.023253 4 
0.0212542 0.0218434 4 
0.0210317 0.0241631 4 
0.0209847 0.0238931 4 
0.020595 0.0206067 4 
0.0204077 0.0206127 4 
0.0201599 0.0213849 4 
0.020095 0.0214082 4 
0.0199463 0.0204289 4 
0.0199222 0.0204289 4 
0.0198846 0.0213361 4 
0.0197411 0.0206324 4 
0.0195758 0.0198832 4 
0.0192746 0.0199007 4 
0.0190823 0.0191085 4 
0.0190686 0.0200015 4 
0.0190168 0.0206284 4 
0.0189864 0.0208202 4 
0.0188768 0.0189327 4 
0.0188573 0.0195003 4 
0.0188446 0.019921 4 
0.0188253 0.0188271 4 
0.0187843 0.0189538 4 
0.0187041 0.0209222 4 
0.0185919 0.0194697 4 
0.0185513 0.0192013 4 
0.0184318 0.0190282 4 
0.0181302 0.0186486 4 
0.0177953 0.0188377 4 
0.0176667 0.0182754 4 
0.0175529 0.0178737 4 
0.0174386 0.0181503 4 
0.0174013 0.0182831 4 
0.0173905 0.0182451 4 
0.0173477 0.0179011 4 
0.0173092 0.0173205 4 
0.017163 0.0173243 4 
0.0171332 0.0176104 4 
0.0171082 0.0186229 4 
0.0170356 0.0175924 4 
0.0168479 0.0174948 4 
0.0168402 0.0174979 4 
0.016806 0.0169938 4 
0.0167725 0.0196252 4 
0.016721 0.017519 4 
0.0166601 0.0168302 4 
0.0166534 0.0169797 4 
0.0166219 0.0174424 4 
0.01662 0.0167515 4 
0.0164305 0.0174145 4 
0.0163148 0.0176647 4 
0.016233 0.0177551 4 
0.0161426 0.0162065 4 
0.015991 0.016943 4 
0.0158548 0.017824 4 
0.015683 0.0160209 4 
0.0156076 0.0156659 4 
0.0155439 0.0155682 4 
0.0154404 0.0155682 4 
0.0153996 0.0157992 4 
0.0153412 0.0156837 4 
0.0153403 0.0174145 4 
0.0151052 0.016181 4 
0.0150303 0.015806 4 
0.0150162 0.0158282 4 
0.0150017 0.0151202 4 
0.0148616 0.0153375 4 
0.0147784 0.0161234 4 
0.0143272 0.0157017 4 
0.0766367 0.0818105 5 
0.0138248 0.0150047 5 
0.0136015 0.0141605 5 
0.0133887 0.0135451 5 
0.012603 0.0127715 5 
0.0125002 0.0132737 5 
0.01219 0.013006 5 
0.0121655 0.0126392 5 
0.0119535 0.0125608 5 
0.0115927 0.012622 5 
0.0115708 0.0117169 5 
0.0114424 0.0116938 5 
0.0110753 0.0113978 5 
0.0110438 0.0119222 5 
0.0110156 0.0132842 5 
0.0103099 0.011034 5 
0.0102203 0.0103667 5 
0.0101562 0.0103364 5 
0.0100293 0.0104558 5 
0.0099047 0.00991853 5 
0.00969884 0.0116938 5 
0.00968402 0.0103958 5 
0.0095064 0.00960773 5 
0.00943348 0.0101337 5 
0.00942604 0.00986615 5 
0.00938115 0.00940978 5 
0.00937671 0.00950357 5 
0.00935317 0.00949515 5 
0.00934888 0.00970775 5 
0.00934258 0.0106328 5 
0.00929348 0.00953391 5 
0.0092749 0.00928806 5 
0.00910582 0.00922726 5 
0.00900049 0.00914761 5 
0.0089364 0.00955515 5 
0.00882568 0.00904012 5 
0.00880994 0.00903143 5 
0.00880456 0.00957611 5 
0.00877762 0.0104087 5 
0.00844511 0.00878977 5 
0.00841021 0.00859022 5 
0.00836342 0.00853506 5 
0.00835774 0.00870504 5 
0.00833753 0.00940978 5 
0.00821978 0.00882192 5 
0.00813414 0.00942036 5 
0.00784857 0.00795988 5 
0.00759333 0.00793364 5 
0.0075155 0.00818009 5 
0.00731007 0.00776689 5 
0.0671138 0.0712919 6 
0.0106986 0.011108 6 
0.010149 0.0103384 6 
0.00841156 0.00870983 6 
0.00831064 0.00849107 6 
0.00828124 0.00967265 6 
0.008185 0.00833268 6 
0.0079134 0.00889275 6 
0.00788364 0.00814173 6 
0.00752205 0.00838662 6 
0.00749895 0.00819537 6 
0.00725957 0.00726675 6 
0.00720929 0.00927992 6 
0.00681414 0.00697075 6 
0.00673209 0.00713179 6 
0.00637901 0.00713007 6 
0.00633938 0.00638732 6 
0.00618321 0.00687556 6 
0.00605867 0.00669819 6 
0.00604052 0.00653342 6 
0.00599029 0.00668608 6 
0.00597148 0.00640311 6 
0.00592445 0.00662009 6 
0.00564983 0.00637414 6 
0.00560563 0.00714337 6 
0.00557888 0.00682347 6 
0.00551559 0.00699004 6 
0.00536637 0.00566433 6 
0.00520615 0.00527365 6 
0.00508447 0.00558461 6 
0.00506839 0.00543108 6 
0.00425116 0.00431038 6 
0.00412834 0.00418884 6 
0.00388886 0.00417135 6 
0.0590134 0.0623307 7 
0.00891736 0.00907773 7 
0.00659607 0.00801913 7 
0.00655973 0.00703921 7 
0.0065367 0.00699603 7 
0.00647875 0.00714766 7 
0.00619099 0.00656876 7 
0.00603706 0.00646772 7 
0.00586401 0.00663086 7 
0.00570879 0.0073603 7 
0.00569858 0.00598289 7 
0.00553362 0.00561654 7 
0.00525585 0.00560391 7 
0.00501395 0.00544684 7 
0.00491127 0.00521944 7 
0.00474379 0.00505162 7 
0.00472232 0.0048259 7 
0.00465637 0.00477088 7 
0.00459472 0.005124 7 
0.00454842 0.00545932 7 
0.00443926 0.0046791 7 
0.00440288 0.00527392 7 
0.00439512 0.00527481 7 
0.00421635 0.00527392 7 
0.00399482 0.00560157 7 
0.00398225 0.00420032 7 
0.00365392 0.00367281 7 
0.0519784 0.0545934 8 
0.0104336 0.0104913 8 
0.00762387 0.00770738 8 
0.00621419 0.00630766 8 
0.0056359 0.0067863 8 
0.00553908 0.00586333 8 
0.00549469 0.00600316 8 
0.00536759 0.00599384 8 
0.0051612 0.00548231 8 
0.00504238 0.00540425 8 
0.00488556 0.00552168 8 
0.00484313 0.00630766 8 
0.00481049 0.00511439 8 
0.00468399 0.00471462 8 
0.00442688 0.00471989 8 
0.00433513 0.0045743 8 
0.00418573 0.00437786 8 
0.0040135 0.00419247 8 
0.00392716 0.00422529 8 
0.00380186 0.00386673 8 
0.00378965 0.00423252 8 
0.00368997 0.0047004 8 
0.00368367 0.00400947 8 
0.00366467 0.00438797 8 
0.00362189 0.00454864 8 
0.00361303 0.00441787 8 
0.0032045 0.00463122 8 
0.00314265 0.00322403 8 
0.00183374 0.00188845 8 
0.0458263 0.0478785 9 
0.00879243 0.00907136 9 
0.00656937 0.00662583 9 
0.00525491 0.00535033 9 
0.00491293 0.00575791 9 
0.00480214 0.00497404 9 
0.00471328 0.00499761 9 
0.00449857 0.00524587 9 
0.00439886 0.00466987 9 
0.0042604 0.00460818 9 
0.00417896 0.00468424 9 
0.00416884 0.0054904 9 
0.00415395 0.00433176 9 
0.00401393 0.00407115 9 
0.00382812 0.00405608 9 
0.00378181 0.00395846 9 
0.00346127 0.00373193 9 
0.00337834 0.00354456 9 
0.00335128 0.00349708 9 
0.00321706 0.00359665 9 
0.00317503 0.00351283 9 
0.00316816 0.00328593 9 
0.00315912 0.00394406 9 
0.00315514 0.00379804 9 
0.00310754 0.00394926 9 
0.00310391 0.00373533 9 
0.00271177 0.00389654 9 
0.00260699 0.00268478 9 
0.00137025 0.00152478 9 
