0.522911 0.543101 0 
0.522689 0.540935 0 
0.522484 0.538666 0 
0.522479 0.542289 0 
0.522285 0.542113 0 
0.522241 0.541331 0 
0.522202 0.54034 0 
0.522112 0.543655 0 
0.522066 0.540648 0 
0.521946 0.538696 0 
0.521934 0.541256 0 
0.521619 0.541349 0 
0.521426 0.537826 0 
0.521323 0.537282 0 
0.521206 0.543149 0 
0.521033 0.539702 0 
0.521013 0.540154 0 
0.52094 0.539668 0 
0.520871 0.54374 0 
0.52074 0.543288 0 
0.520676 0.537826 0 
0.520636 0.542663 0 
0.520561 0.544266 0 
0.52053 0.539162 0 
0.520484 0.541349 0 
0.52039 0.541747 0 
0.520352 0.542838 0 
0.52032 0.523445 0 
0.520204 0.541416 0 
0.520177 0.539392 0 
0.520163 0.542768 0 
0.520052 0.547041 0 
0.52002 0.542777 0 
0.520019 0.542354 0 
0.51998 0.520556 0 
0.519949 0.542354 0 
0.519925 0.541059 0 
0.519911 0.542468 0 
0.519728 0.540433 0 
0.519668 0.542813 0 
0.519589 0.542979 0 
0.519564 0.521911 0 
0.519464 0.543404 0 
0.519454 0.543584 0 
0.519121 0.542215 0 
0.519112 0.540824 0 
0.519108 0.519485 0 
0.519106 0.538213 0 
0.519083 0.538213 0 
0.518989 0.542113 0 
0.518973 0.541176 0 
0.518961 0.542386 0 
0.518873 0.539702 0 
0.51885 0.520014 0 
0.518849 0.543419 0 
0.518722 0.54422 0 
0.518701 0.519191 0 
0.518652 0.539855 0 
0.51862 0.544003 0 
0.518596 0.542865 0 
0.518589 0.519271 0 
0.518565 0.542712 0 
0.518376 0.542075 0 
0.518367 0.541337 0 
0.518356 0.544321 0 
0.518342 0.541039 0 
0.518325 0.54061 0 
0.518256 0.542626 0 
0.51824 0.539171 0 
0.518234 0.541709 0 
0.518142 0.543888 0 
0.518108 0.538215 0 
0.51808 0.543404 0 
0.518079 0.541241 0 
0.518059 0.540439 0 
0.51805 0.539702 0 
0.517929 0.543655 0 
0.517877 0.538666 0 
0.517874 0.541063 0 
0.517809 0.540949 0 
0.517801 0.518245 0 
0.517801 0.541933 0 
0.51779 0.545512 0 
0.51771 0.542125 0 
0.51768 0.544357 0 
0.517653 0.539171 0 
0.517633 0.543255 0 
0.51762 0.539162 0 
0.517597 0.542356 0 
0.517588 0.518181 0 
0.517501 0.542979 0 
0.517483 0.539795 0 
0.517467 0.541202 0 
0.517448 0.539668 0 
0.517429 0.521828 0 
0.517414 0.54061 0 
0.51737 0.542493 0 
0.517366 0.540535 0 
0.517359 0.540806 0 
0.517312 0.542217 0 
0.517309 0.518072 0 
0.517295 0.540535 0 
0.517256 0.517824 0 
0.517244 0.539791 0 
0.517178 0.518451 0 
0.517076 0.540605 0 
0.517072 0.542573 0 
0.517059 0.542089 0 
0.516984 0.538213 0 
0.51695 0.539795 0 
0.51693 0.542741 0 
0.516876 0.540949 0 
0.51685 0.518214 0 
0.516836 0.543104 0 
0.516809 0.54006 0 
0.516781 0.542733 0 
0.516705 0.539418 0 
0.516677 0.542215 0 
0.516672 0.545422 0 
0.516665 0.542594 0 
0.516662 0.541257 0 
0.51651 0.519216 0 
0.516509 0.543244 0 
0.516497 0.54061 0 
0.516496 0.542696 0 
0.516453 0.544405 0 
0.516441 0.516707 0 
0.516399 0.544052 0 
0.516393 0.537282 0 
0.516357 0.539855 0 
0.516347 0.543665 0 
0.516264 0.539418 0 
0.516257 0.541947 0 
0.516254 0.541331 0 
0.516238 0.539815 0 
0.516203 0.517842 0 
0.516172 0.518346 0 
0.516149 0.516897 0 
0.516148 0.540439 0 
0.516143 0.542243 0 
0.516119 0.518087 0 
0.516119 0.518751 0 
0.516098 0.543309 0 
0.516073 0.543687 0 
0.516039 0.517864 0 
0.516016 0.545748 0 
0.515978 0.518501 0 
0.515967 0.516702 0 
0.515855 0.516806 0 
0.515814 0.540154 0 
0.515805 0.543104 0 
0.51579 0.541592 0 
0.515785 0.542243 0 
0.515737 0.540439 0 
0.515734 0.515959 0 
0.515731 0.542741 0 
0.515717 0.540605 0 
0.515708 0.539392 0 
0.515675 0.541176 0 
0.51567 0.542217 0 
0.515664 0.516012 0 
0.515652 0.5405 0 
0.515585 0.515843 0 
0.515526 0.540656 0 
0.515518 0.516588 0 
0.515495 0.518338 0 
0.515495 0.51575 0 
0.515432 0.540653 0 
0.51543 0.542038 0 
0.515391 0.516559 0 
0.515341 0.539392 0 
0.51534 0.5164 0 
0.515333 0.515574 0 
0.515322 0.515607 0 
0.515269 0.516196 0 
0.515219 0.544639 0 
0.515196 0.517974 0 
0.515176 0.537826 0 
0.515165 0.540949 0 
0.515147 0.541337 0 
0.515087 0.515884 0 
0.515078 0.516273 0 
0.515012 0.540992 0 
0.514998 0.542066 0 
0.514996 0.516583 0 
0.514972 0.542631 0 
0.514946 0.515503 0 
0.514939 0.519495 0 
0.51493 0.540535 0 
0.514911 0.51797 0 
0.514895 0.518269 0 
0.514852 0.542353 0 
0.51474 0.54006 0 
0.51474 0.539702 0 
0.514721 0.516985 0 
0.514656 0.516013 0 
0.514637 0.541253 0 
0.514625 0.517027 0 
0.514595 0.543879 0 
0.514561 0.515594 0 
0.514553 0.517902 0 
0.514547 0.542066 0 
0.514525 0.514778 0 
0.514521 0.539791 0 
0.514493 0.518731 0 
0.514488 0.515706 0 
0.514429 0.543728 0 
0.514361 0.514775 0 
0.51436 0.538696 0 
0.514333 0.518499 0 
0.514246 0.542273 0 
0.514239 0.516521 0 
0.514237 0.517332 0 
0.51423 0.541337 0 
0.514211 0.516806 0 
0.514206 0.516284 0 
0.5142 0.541975 0 
0.514183 0.515949 0 
0.514149 0.54305 0 
0.51412 0.539996 0 
0.5141 0.541268 0 
0.514062 0.518962 0 
0.514046 0.5164 0 
0.514041 0.542511 0 
0.514039 0.514194 0 
0.514024 0.516588 0 
0.514022 0.516897 0 
0.514002 0.520342 0 
0.513988 0.515624 0 
0.513987 0.541533 0 
0.513961 0.544051 0 
0.51396 0.542217 0 
0.513942 0.519042 0 
0.513939 0.542594 0 
0.513894 0.54305 0 
0.513883 0.541267 0 
0.513864 0.541458 0 
0.51383 0.517502 0 
0.513826 0.545098 0 
0.513826 0.515796 0 
0.513753 0.541658 0 
0.513744 0.544285 0 
0.513744 0.541141 0 
0.513743 0.515061 0 
0.513742 0.542983 0 
0.513713 0.516913 0 
0.513649 0.516136 0 
0.513633 0.5405 0 
0.513613 0.514945 0 
0.513598 0.516103 0 
0.513594 0.542594 0 
0.513558 0.543427 0 
0.513556 0.543011 0 
0.513539 0.515657 0 
0.513524 0.541458 0 
0.51341 0.542239 0 
0.513381 0.537432 0 
0.513365 0.542329 0 
0.513336 0.54272 0 
0.513334 0.518527 0 
0.513312 0.515539 0 
0.513296 0.517983 0 
0.513288 0.539855 0 
0.513278 0.539795 0 
0.513273 0.513485 0 
0.513264 0.541141 0 
0.513263 0.515968 0 
0.513243 0.541914 0 
0.513234 0.542243 0 
0.51323 0.538666 0 
0.513209 0.515937 0 
0.513202 0.544398 0 
0.513179 0.540832 0 
0.513169 0.519599 0 
0.513157 0.515235 0 
0.51311 0.543105 0 
0.513098 0.5405 0 
0.513061 0.541039 0 
0.513056 0.544034 0 
0.512998 0.542356 0 
0.512992 0.539668 0 
0.512979 0.519794 0 
0.512927 0.541331 0 
0.512918 0.539996 0 
0.512887 0.514007 0 
0.512871 0.513507 0 
0.512856 0.517293 0 
0.512787 0.512839 0 
0.512785 0.515425 0 
0.512734 0.539702 0 
0.512732 0.540566 0 
0.512726 0.541336 0 
0.512713 0.538696 0 
0.512687 0.540648 0 
0.512633 0.51604 0 
0.512631 0.51739 0 
0.51262 0.520048 0 
0.512616 0.540535 0 
0.512616 0.54036 0 
0.512596 0.513561 0 
0.512573 0.539392 0 
0.512549 0.517906 0 
0.512504 0.542741 0 
0.512497 0.541499 0 
0.512418 0.542217 0 
0.512413 0.518992 0 
0.512409 0.519923 0 
0.512386 0.542089 0 
0.512385 0.539791 0 
0.512383 0.539996 0 
0.512363 0.515831 0 
0.51236 0.543149 0 
0.512301 0.541709 0 
0.512282 0.542125 0 
0.512264 0.538213 0 
0.512212 0.540566 0 
0.512211 0.540992 0 
0.512203 0.539596 0 
0.512183 0.512611 0 
0.512145 0.542616 0 
0.512093 0.541499 0 
0.51208 0.54006 0 
0.512059 0.535969 0 
0.512013 0.539855 0 
0.51197 0.542623 0 
0.511941 0.539669 0 
0.511935 0.512109 0 
0.511931 0.519276 0 
0.511916 0.51677 0 
0.511901 0.519885 0 
0.511897 0.54034 0 
0.511882 0.542128 0 
0.511864 0.518116 0 
0.511813 0.541268 0 
0.511759 0.541552 0 
0.51173 0.512437 0 
0.511721 0.515921 0 
0.511679 0.542289 0 
0.511652 0.540935 0 
0.511635 0.542867 0 
0.51163 0.538696 0 
0.511627 0.540446 0 
0.511624 0.543046 0 
0.511621 0.51247 0 
0.51161 0.542838 0 
0.511589 0.543211 0 
0.511546 0.543879 0 
0.511524 0.54189 0 
0.511484 0.546777 0 
0.51145 0.543853 0 
0.511428 0.515882 0 
0.511321 0.542141 0 
0.511278 0.541842 0 
0.511087 0.541336 0 
0.511076 0.544999 0 
0.510962 0.540439 0 
0.510959 0.541059 0 
0.51095 0.544091 0 
0.510941 0.541063 0 
0.510889 0.541309 0 
0.510806 0.542865 0 
0.510749 0.542573 0 
0.510671 0.546401 0 
0.510652 0.542691 0 
0.510616 0.513972 0 
0.51055 0.511136 0 
0.510498 0.541336 0 
0.510447 0.542764 0 
0.510288 0.542306 0 
0.510222 0.543611 0 
0.510167 0.546264 0 
0.509763 0.545833 0 
0.50959 0.514387 0 
0.508018 0.510381 0 
0.221136 0.231578 1 
0.219352 0.227868 1 
0.218271 0.224197 1 
0.217707 0.224028 1 
0.217643 0.229806 1 
0.217566 0.223895 1 
0.217423 0.225241 1 
0.217402 0.225662 1 
0.217393 0.218681 1 
0.217342 0.222017 1 
0.217256 0.219581 1 
0.217224 0.221419 1 
0.217211 0.226257 1 
0.217188 0.225034 1 
0.21698 0.226987 1 
0.216945 0.225204 1 
0.216659 0.224448 1 
0.216616 0.226987 1 
0.21659 0.226643 1 
0.216458 0.225277 1 
0.216404 0.225538 1 
0.216349 0.216398 1 
0.216262 0.227472 1 
0.216248 0.223119 1 
0.216241 0.227512 1 
0.216232 0.22525 1 
0.216178 0.22585 1 
0.216125 0.222012 1 
0.216067 0.228087 1 
0.216052 0.223223 1 
0.215968 0.22547 1 
0.215755 0.227278 1 
0.215719 0.232419 1 
0.215563 0.22541 1 
0.215426 0.225541 1 
0.215418 0.223845 1 
0.215385 0.226589 1 
0.215311 0.226787 1 
0.215247 0.224501 1 
0.215197 0.223923 1 
0.215173 0.224401 1 
0.215032 0.227446 1 
0.215011 0.218178 1 
0.214998 0.221009 1 
0.214775 0.225274 1 
0.214768 0.226873 1 
0.214731 0.227725 1 
0.214682 0.217273 1 
0.214669 0.222938 1 
0.214642 0.221101 1 
0.214587 0.224197 1 
0.214498 0.226738 1 
0.214491 0.226858 1 
0.214477 0.218178 1 
0.214477 0.223754 1 
0.214473 0.225739 1 
0.214368 0.229336 1 
0.214307 0.224822 1 
0.214264 0.226322 1 
0.214119 0.222312 1 
0.214092 0.224501 1 
0.21408 0.221794 1 
0.214006 0.227139 1 
0.213996 0.229725 1 
0.213974 0.22521 1 
0.213957 0.226206 1 
0.213928 0.222674 1 
0.213883 0.219714 1 
0.213819 0.227216 1 
0.213685 0.227443 1 
0.213606 0.222892 1 
0.213595 0.219648 1 
0.213565 0.22799 1 
0.213546 0.222367 1 
0.213519 0.227055 1 
0.21348 0.226864 1 
0.213427 0.220566 1 
0.213409 0.229839 1 
0.213387 0.220745 1 
0.213318 0.225463 1 
0.213316 0.221794 1 
0.213295 0.225295 1 
0.213287 0.222079 1 
0.213142 0.226842 1 
0.213129 0.22074 1 
0.213025 0.227055 1 
0.213021 0.225421 1 
0.21292 0.221383 1 
0.212874 0.221155 1 
0.212746 0.226322 1 
0.212699 0.22256 1 
0.212697 0.223565 1 
0.212676 0.22654 1 
0.212664 0.22326 1 
0.212647 0.221539 1 
0.212607 0.219648 1 
0.212593 0.226206 1 
0.212482 0.220461 1 
0.21244 0.223754 1 
0.212413 0.22074 1 
0.212407 0.222436 1 
0.212248 0.22326 1 
0.212112 0.225463 1 
0.212075 0.225739 1 
0.212023 0.224822 1 
0.212022 0.229698 1 
0.212001 0.213691 1 
0.211994 0.212258 1 
0.211983 0.223275 1 
0.211963 0.222938 1 
0.211896 0.224092 1 
0.211835 0.223922 1 
0.211633 0.218585 1 
0.211591 0.218681 1 
0.211512 0.224244 1 
0.211499 0.222436 1 
0.211458 0.230314 1 
0.211425 0.218585 1 
0.211335 0.221904 1 
0.211334 0.220566 1 
0.211288 0.227021 1 
0.211241 0.222161 1 
0.211231 0.222736 1 
0.211218 0.223196 1 
0.211175 0.227744 1 
0.211173 0.220461 1 
0.211091 0.223223 1 
0.211033 0.22074 1 
0.211006 0.225203 1 
0.210982 0.217273 1 
0.210901 0.221914 1 
0.21083 0.223215 1 
0.2108 0.224822 1 
0.210792 0.225253 1 
0.210783 0.222844 1 
0.210764 0.218667 1 
0.21076 0.223788 1 
0.210734 0.223215 1 
0.210573 0.221419 1 
0.210541 0.210926 1 
0.21054 0.224644 1 
0.210453 0.218585 1 
0.210435 0.211101 1 
0.210422 0.225143 1 
0.210415 0.226561 1 
0.210334 0.230246 1 
0.210309 0.221699 1 
0.21023 0.225401 1 
0.210227 0.211823 1 
0.210205 0.222612 1 
0.210201 0.224076 1 
0.21009 0.223718 1 
0.210044 0.225143 1 
0.210024 0.224272 1 
0.210006 0.224617 1 
0.209969 0.223956 1 
0.209933 0.209971 1 
0.209928 0.222436 1 
0.20979 0.224201 1 
0.209771 0.222161 1 
0.20977 0.222161 1 
0.209736 0.22339 1 
0.209507 0.223196 1 
0.209501 0.225546 1 
0.209461 0.22331 1 
0.209444 0.225241 1 
0.209385 0.220745 1 
0.209353 0.215226 1 
0.209335 0.225381 1 
0.20931 0.224272 1 
0.209297 0.222791 1 
0.209291 0.219581 1 
0.209258 0.221009 1 
0.2092 0.221405 1 
0.209179 0.227073 1 
0.209155 0.225739 1 
0.208973 0.221115 1 
0.208969 0.223923 1 
0.208955 0.221539 1 
0.208939 0.224086 1 
0.208899 0.224873 1 
0.208865 0.210206 1 
0.20884 0.223754 1 
0.208806 0.221009 1 
0.208774 0.209076 1 
0.208705 0.209496 1 
0.208703 0.225277 1 
0.208695 0.22355 1 
0.208582 0.222375 1 
0.208473 0.220698 1 
0.208429 0.222674 1 
0.208376 0.221419 1 
0.208369 0.211259 1 
0.208319 0.225292 1 
0.208302 0.209496 1 
0.208297 0.225034 1 
0.208233 0.223565 1 
0.208211 0.226613 1 
0.208205 0.220698 1 
0.208183 0.208583 1 
0.208143 0.208942 1 
0.208143 0.224711 1 
0.208105 0.225386 1 
0.208076 0.208816 1 
0.20806 0.220698 1 
0.20799 0.22567 1 
0.207979 0.225143 1 
0.207957 0.22331 1 
0.207913 0.211139 1 
0.207878 0.220745 1 
0.207867 0.223943 1 
0.207705 0.224076 1 
0.207674 0.227021 1 
0.207598 0.221794 1 
0.207564 0.221009 1 
0.207555 0.209575 1 
0.20746 0.210436 1 
0.207459 0.22339 1 
0.207385 0.221794 1 
0.207382 0.207635 1 
0.207256 0.21142 1 
0.207252 0.225514 1 
0.207236 0.208865 1 
0.207203 0.223223 1 
0.207201 0.208202 1 
0.207076 0.223554 1 
0.207069 0.207988 1 
0.206928 0.211764 1 
0.206925 0.209109 1 
0.206893 0.225401 1 
0.206832 0.220469 1 
0.206799 0.207772 1 
0.206735 0.207786 1 
0.206716 0.220461 1 
0.206639 0.223943 1 
0.206614 0.225521 1 
0.206528 0.223922 1 
0.206501 0.224934 1 
0.206325 0.225421 1 
0.206322 0.209971 1 
0.206256 0.221914 1 
0.206246 0.224201 1 
0.20624 0.221419 1 
0.206192 0.208162 1 
0.206106 0.210783 1 
0.206079 0.20747 1 
0.206049 0.2094 1 
0.206043 0.208162 1 
0.206028 0.215942 1 
0.206017 0.209473 1 
0.206003 0.208636 1 
0.206002 0.206909 1 
0.205974 0.207484 1 
0.205963 0.206821 1 
0.20595 0.225241 1 
0.205942 0.211027 1 
0.205921 0.222312 1 
0.20592 0.21285 1 
0.205906 0.225957 1 
0.20588 0.220461 1 
0.205856 0.225538 1 
0.205807 0.22297 1 
0.205784 0.228315 1 
0.205763 0.226589 1 
0.205727 0.226558 1 
0.205718 0.218178 1 
0.205713 0.207194 1 
0.205676 0.213391 1 
0.205674 0.220806 1 
0.205666 0.206694 1 
0.20565 0.207423 1 
0.205623 0.221115 1 
0.205616 0.225983 1 
0.205615 0.206584 1 
0.205614 0.206206 1 
0.205614 0.209997 1 
0.205539 0.208255 1 
0.205496 0.208055 1 
0.205471 0.221914 1 
0.205364 0.22493 1 
0.20536 0.207738 1 
0.205223 0.223473 1 
0.205113 0.208211 1 
0.20509 0.209936 1 
0.205084 0.20523 1 
0.20506 0.22074 1 
0.205043 0.218585 1 
0.205033 0.207224 1 
0.205 0.224327 1 
0.204993 0.209532 1 
0.204884 0.212305 1 
0.204838 0.20982 1 
0.204796 0.208004 1 
0.204741 0.221383 1 
0.204734 0.207767 1 
0.204702 0.207015 1 
0.204667 0.223956 1 
0.204652 0.219581 1 
0.204643 0.219581 1 
0.204621 0.221383 1 
0.204578 0.221807 1 
0.204573 0.223699 1 
0.20457 0.221539 1 
0.204539 0.221699 1 
0.204513 0.225861 1 
0.204507 0.221675 1 
0.204488 0.22199 1 
0.204447 0.221101 1 
0.204443 0.204763 1 
0.20442 0.223473 1 
0.204358 0.207767 1 
0.204304 0.217316 1 
0.204226 0.222938 1 
0.204166 0.222674 1 
0.204087 0.204748 1 
0.204046 0.211968 1 
0.203984 0.22199 1 
0.203917 0.223092 1 
0.203888 0.218681 1 
0.203825 0.211367 1 
0.203781 0.204276 1 
0.203746 0.204629 1 
0.203698 0.223275 1 
0.203659 0.225381 1 
0.203539 0.222017 1 
0.20345 0.204075 1 
0.203382 0.221699 1 
0.203335 0.223413 1 
0.203333 0.203803 1 
0.203318 0.222791 1 
0.203235 0.20461 1 
0.203234 0.209094 1 
0.203139 0.222892 1 
0.203106 0.207029 1 
0.20302 0.203427 1 
0.202957 0.207602 1 
0.202879 0.203434 1 
0.20279 0.224664 1 
0.202256 0.20276 1 
0.202026 0.20279 1 
0.20202 0.223473 1 
0.201701 0.208209 1 
0.201696 0.20279 1 
0.201413 0.202689 1 
0.201354 0.206935 1 
0.103767 0.106354 2 
0.102451 0.104012 2 
0.101477 0.101733 2 
0.101116 0.102125 2 
0.100827 0.101397 2 
0.100287 0.101349 2 
0.100201 0.101757 2 
0.100152 0.10021 2 
0.100009 0.100778 2 
0.100001 0.100214 2 
0.0998835 0.101824 2 
0.0998815 0.100205 2 
0.0998155 0.103911 2 
0.0997321 0.101882 2 
0.0995336 0.101824 2 
0.0993118 0.101269 2 
0.0992189 0.10162 2 
0.0987929 0.10008 2 
0.0987115 0.101782 2 
0.0986905 0.0989433 2 
0.098612 0.0989876 2 
0.0985814 0.099557 2 
0.0985212 0.0988192 2 
0.098502 0.100903 2 
0.0983567 0.103846 2 
0.0983451 0.101615 2 
0.0982101 0.100365 2 
0.0981861 0.102998 2 
0.0980625 0.0982225 2 
0.0980591 0.101107 2 
0.0979071 0.0989076 2 
0.0978979 0.100744 2 
0.0977743 0.102352 2 
0.0977741 0.100608 2 
0.0976289 0.101745 2 
0.0976072 0.098016 2 
0.0975918 0.100288 2 
0.0975732 0.0986965 2 
0.0975553 0.101203 2 
0.0974366 0.0986965 2 
0.0974177 0.103574 2 
0.0973422 0.0997322 2 
0.0972223 0.097752 2 
0.0970712 0.103648 2 
0.0970267 0.099557 2 
0.0970108 0.101809 2 
0.096959 0.0998244 2 
0.0969449 0.100903 2 
0.0969358 0.0997754 2 
0.0967711 0.101269 2 
0.09676 0.101975 2 
0.0966784 0.0989433 2 
0.0966666 0.100744 2 
0.0965933 0.0968902 2 
0.0964819 0.0966597 2 
0.0962537 0.0972642 2 
0.0961938 0.0987763 2 
0.0960642 0.0968113 2 
0.096035 0.0969958 2 
0.0959889 0.101051 2 
0.0959771 0.0971437 2 
0.0959487 0.10104 2 
0.0959074 0.101014 2 
0.095833 0.0973937 2 
0.0957982 0.100504 2 
0.0957184 0.0987339 2 
0.0956287 0.0984273 2 
0.0955944 0.0968902 2 
0.0955834 0.101821 2 
0.0955702 0.100793 2 
0.0955632 0.0979319 2 
0.0955123 0.095886 2 
0.095433 0.0981353 2 
0.0953697 0.0955351 2 
0.0953613 0.100317 2 
0.0953281 0.101386 2 
0.0952696 0.0981154 2 
0.0952654 0.095865 2 
0.0951684 0.098016 2 
0.095137 0.0981072 2 
0.0950985 0.0969027 2 
0.0950898 0.100864 2 
0.0950385 0.0989076 2 
0.0950081 0.095527 2 
0.0950054 0.0986769 2 
0.0949863 0.0982349 2 
0.0949603 0.0974139 2 
0.0949575 0.0986967 2 
0.0949384 0.0967076 2 
0.0947896 0.095886 2 
0.0947802 0.0981072 2 
0.0947485 0.0970681 2 
0.0947402 0.0954972 2 
0.0947152 0.0982775 2 
0.0946268 0.0965648 2 
0.0946103 0.0963198 2 
0.0945727 0.0954678 2 
0.0945084 0.0974986 2 
0.0945063 0.10325 2 
0.0944867 0.10008 2 
0.0944598 0.0987339 2 
0.0944586 0.0955351 2 
0.0944003 0.0980669 2 
0.0943152 0.0981545 2 
0.0940536 0.0972293 2 
0.0939521 0.0960375 2 
0.0939339 0.101326 2 
0.0938981 0.0991882 2 
0.0938475 0.0980161 2 
0.0938234 0.0982784 2 
0.0938158 0.0985314 2 
0.0937669 0.0986965 2 
0.0936851 0.0985314 2 
0.0936544 0.100189 2 
0.0936428 0.098785 2 
0.0936061 0.095865 2 
0.0935179 0.095865 2 
0.093511 0.0997322 2 
0.0934221 0.0950996 2 
0.0934159 0.0997763 2 
0.0934116 0.094267 2 
0.0933603 0.0981802 2 
0.0933252 0.097863 2 
0.0933083 0.0960064 2 
0.0932813 0.0998075 2 
0.0932537 0.0997467 2 
0.0932414 0.0966306 2 
0.0932264 0.0969841 2 
0.0932253 0.0972293 2 
0.0932059 0.0953181 2 
0.0932022 0.100311 2 
0.0931515 0.0941486 2 
0.093114 0.0993532 2 
0.0931088 0.094267 2 
0.093098 0.095886 2 
0.093039 0.0978078 2 
0.0930307 0.100744 2 
0.0930161 0.0982083 2 
0.0930126 0.0982784 2 
0.0930076 0.0968113 2 
0.0929893 0.0981072 2 
0.0929699 0.0955351 2 
0.0929496 0.099557 2 
0.0929357 0.0931448 2 
0.0928464 0.0930451 2 
0.0928161 0.0997226 2 
0.0927665 0.0999181 2 
0.0927391 0.0987896 2 
0.0926361 0.0984164 2 
0.0925473 0.0997796 2 
0.0924907 0.0925654 2 
0.0924828 0.092484 2 
0.0923822 0.0953852 2 
0.0923408 0.098016 2 
0.0922767 0.100699 2 
0.0922416 0.095808 2 
0.0922284 0.0957893 2 
0.0922108 0.100835 2 
0.0922003 0.0986769 2 
0.092145 0.0970681 2 
0.0921132 0.0974986 2 
0.0920951 0.097752 2 
0.0920742 0.0996332 2 
0.0920613 0.0989475 2 
0.0920458 0.0987896 2 
0.0919555 0.0922304 2 
0.0919548 0.0925992 2 
0.0919499 0.0970999 2 
0.0919263 0.0972293 2 
0.0918409 0.0984164 2 
0.0918335 0.0997467 2 
0.0918026 0.0988529 2 
0.091783 0.0977243 2 
0.0916945 0.0940081 2 
0.0915544 0.0982349 2 
0.0915464 0.0966597 2 
0.0915118 0.0980245 2 
0.0914512 0.0947898 2 
0.0914206 0.0956276 2 
0.0914155 0.0967975 2 
0.0914123 0.100177 2 
0.091402 0.0981545 2 
0.0914005 0.0952082 2 
0.0913859 0.0967076 2 
0.0913229 0.0994842 2 
0.0912918 0.0932063 2 
0.0912348 0.0916407 2 
0.0912174 0.0973937 2 
0.0912081 0.095808 2 
0.0911943 0.0966597 2 
0.0911923 0.0991612 2 
0.0911536 0.0982775 2 
0.0911352 0.0939289 2 
0.0911114 0.0980669 2 
0.0911079 0.100793 2 
0.0910529 0.0913096 2 
0.0910427 0.0993224 2 
0.0910369 0.0915066 2 
0.0910046 0.0986279 2 
0.0909369 0.10021 2 
0.0909331 0.0943329 2 
0.0908908 0.0966329 2 
0.0908787 0.0973574 2 
0.0908758 0.1004 2 
0.0908444 0.0943683 2 
0.090818 0.0952214 2 
0.0907938 0.0916837 2 
0.0907112 0.0960064 2 
0.0906665 0.0968113 2 
0.0905997 0.0942319 2 
0.0905946 0.091813 2 
0.0905403 0.093819 2 
0.0905047 0.0974986 2 
0.090493 0.0947373 2 
0.0904907 0.0997292 2 
0.0904349 0.095808 2 
0.0903597 0.101782 2 
0.0902943 0.0981154 2 
0.0902236 0.10014 2 
0.090161 0.0961911 2 
0.0901282 0.100499 2 
0.0900542 0.0920613 2 
0.0899635 0.0963579 2 
0.0899315 0.0996332 2 
0.0897648 0.0996006 2 
0.0897604 0.0903255 2 
0.0897591 0.0938846 2 
0.0896674 0.0969027 2 
0.0895567 0.0972275 2 
0.0894546 0.0920965 2 
0.0894409 0.0899867 2 
0.0894247 0.09827 2 
0.0894179 0.0915188 2 
0.0894019 0.0924009 2 
0.0893957 0.0904309 2 
0.0893334 0.0903103 2 
0.0893222 0.091992 2 
0.0892956 0.0916837 2 
0.0892798 0.0900982 2 
0.0892709 0.0971895 2 
0.0892699 0.0914373 2 
0.0892218 0.0973828 2 
0.0891743 0.0997322 2 
0.0891711 0.0918601 2 
0.0891511 0.0962237 2 
0.0889352 0.0982565 2 
0.0889219 0.0985361 2 
0.0889205 0.0967695 2 
0.0889156 0.0931236 2 
0.0887945 0.0906209 2 
0.0887934 0.0977243 2 
0.0887697 0.0952214 2 
0.0887235 0.0897485 2 
0.0886816 0.0931178 2 
0.0886678 0.0982083 2 
0.0886277 0.0999273 2 
0.0885672 0.0889944 2 
0.0885248 0.095886 2 
0.0885092 0.0974169 2 
0.0884795 0.094267 2 
0.0883892 0.0890896 2 
0.0883492 0.097752 2 
0.0883184 0.0969027 2 
0.0883003 0.089831 2 
0.0882877 0.093885 2 
0.0882735 0.0940085 2 
0.0882562 0.091494 2 
0.0882071 0.100189 2 
0.0881887 0.0889774 2 
0.088177 0.0884229 2 
0.0881699 0.0886756 2 
0.0881567 0.0961167 2 
0.0881478 0.0900253 2 
0.0881121 0.0902099 2 
0.0880508 0.0955351 2 
0.088013 0.0966382 2 
0.0880027 0.088165 2 
0.088002 0.0969731 2 
0.0879947 0.0976871 2 
0.0879748 0.0959422 2 
0.087951 0.0882276 2 
0.0877772 0.0976871 2 
0.0876851 0.0940813 2 
0.0876554 0.098016 2 
0.0876522 0.0952009 2 
0.0876335 0.0988792 2 
0.0876203 0.0894967 2 
0.087596 0.0968902 2 
0.0875704 0.087982 2 
0.0874954 0.0983188 2 
0.0874285 0.0898415 2 
0.0873622 0.0952082 2 
0.0873301 0.0900253 2 
0.0872413 0.0978078 2 
0.0870834 0.0907351 2 
0.0870724 0.0980245 2 
0.0870532 0.0877776 2 
0.0869875 0.0874725 2 
0.0868109 0.0947174 2 
0.0867959 0.0969731 2 
0.0867729 0.0910586 2 
0.0867296 0.0867475 2 
0.0866214 0.0960375 2 
0.0862503 0.087202 2 
0.0860523 0.0911882 2 
0.0852801 0.0906221 2 
0.0851357 0.0897914 2 
0.0498757 0.0499644 3 
0.0485974 0.0486951 3 
0.0484044 0.0492268 3 
0.0482871 0.048341 3 
0.0478772 0.0484653 3 
0.0476315 0.047909 3 
0.0475835 0.0480588 3 
0.04721 0.0473268 3 
0.0471774 0.0480092 3 
0.0471666 0.0491272 3 
0.0470265 0.0470711 3 
0.0469248 0.048766 3 
0.0467778 0.0469763 3 
0.0467654 0.048328 3 
0.0465756 0.0471531 3 
0.046508 0.0470546 3 
0.0464812 0.0466655 3 
0.0464417 0.0468725 3 
0.0463961 0.0466655 3 
0.0463737 0.046466 3 
0.0462054 0.0475614 3 
0.0461132 0.0470831 3 
0.0460617 0.0467954 3 
0.0458431 0.0470452 3 
0.0457522 0.0471609 3 
0.0456657 0.0472889 3 
0.0456064 0.0458161 3 
0.0455294 0.0456143 3 
0.0455259 0.0470227 3 
0.0454921 0.0461411 3 
0.0454914 0.046103 3 
0.0454634 0.045759 3 
0.0454523 0.0458772 3 
0.0454203 0.0465582 3 
0.0453906 0.047185 3 
0.0453699 0.0464124 3 
0.0453054 0.0459422 3 
0.0452993 0.04588 3 
0.0452716 0.0467603 3 
0.0452164 0.0454336 3 
0.0450281 0.0452484 3 
0.0449234 0.0450703 3 
0.0449076 0.0455968 3 
0.0448941 0.0449512 3 
0.0448477 0.0449363 3 
0.0448377 0.0460861 3 
0.0447935 0.0453986 3 
0.0447604 0.047684 3 
0.0447511 0.045696 3 
0.044732 0.044885 3 
0.0447035 0.0448363 3 
0.0446978 0.0479651 3 
0.0446481 0.0475614 3 
0.0445765 0.0448796 3 
0.0445129 0.0462726 3 
0.0444778 0.0471019 3 
0.0443862 0.0470065 3 
0.0443812 0.0462131 3 
0.0443717 0.0456391 3 
0.0443501 0.0469763 3 
0.0443045 0.0445592 3 
0.044296 0.0458161 3 
0.0442911 0.0454456 3 
0.0442654 0.0459815 3 
0.0442016 0.0456378 3 
0.0441937 0.0465817 3 
0.0441214 0.045279 3 
0.044112 0.0453814 3 
0.0440941 0.0449189 3 
0.0440358 0.0461082 3 
0.0440351 0.0453218 3 
0.043969 0.0461411 3 
0.0439116 0.0448363 3 
0.0438995 0.0455924 3 
0.0438922 0.0464355 3 
0.043847 0.0443834 3 
0.04384 0.0457743 3 
0.0438341 0.0465128 3 
0.0438085 0.0464766 3 
0.0437878 0.0469446 3 
0.0437645 0.0475141 3 
0.0437589 0.0452782 3 
0.0437357 0.0440305 3 
0.0437089 0.0452096 3 
0.0437078 0.0465361 3 
0.0436865 0.0464741 3 
0.0436761 0.0455633 3 
0.043604 0.0454886 3 
0.0435937 0.0437719 3 
0.0435486 0.0457743 3 
0.0435183 0.0439601 3 
0.043509 0.0444999 3 
0.0435085 0.0440989 3 
0.0435073 0.0438309 3 
0.0434977 0.0449633 3 
0.0434652 0.0435398 3 
0.0434227 0.045129 3 
0.0433688 0.0458161 3 
0.0433284 0.0464643 3 
0.0433264 0.0449713 3 
0.0432136 0.045222 3 
0.0431868 0.0464643 3 
0.0430756 0.0433625 3 
0.0430473 0.0456584 3 
0.0430339 0.0452782 3 
0.0430084 0.0442239 3 
0.0429886 0.0462726 3 
0.0429879 0.0435126 3 
0.042987 0.0462105 3 
0.042919 0.0453986 3 
0.0429105 0.0429596 3 
0.0428965 0.0452526 3 
0.0428877 0.0456213 3 
0.0428641 0.0470141 3 
0.0428284 0.0466588 3 
0.0428152 0.04448 3 
0.0428129 0.0442239 3 
0.0427954 0.0451198 3 
0.0427781 0.0447511 3 
0.0427705 0.0454886 3 
0.0427482 0.0462617 3 
0.042735 0.043661 3 
0.0427308 0.0452019 3 
0.0427281 0.0452236 3 
0.042715 0.0459815 3 
0.042666 0.0468962 3 
0.042651 0.0454441 3 
0.042571 0.0470452 3 
0.042564 0.045279 3 
0.0425589 0.0430077 3 
0.0425485 0.0448363 3 
0.042462 0.0454886 3 
0.0424392 0.0439849 3 
0.0424327 0.0466234 3 
0.0424014 0.0481291 3 
0.0423952 0.0451723 3 
0.0423922 0.0453814 3 
0.0423726 0.0430412 3 
0.0423548 0.0453189 3 
0.0423131 0.0429843 3 
0.0422966 0.0462868 3 
0.0421376 0.0453174 3 
0.042128 0.0435126 3 
0.0420704 0.0462003 3 
0.0420654 0.0472112 3 
0.0420397 0.046709 3 
0.0419968 0.0422249 3 
0.0419888 0.04298 3 
0.0419766 0.0430693 3 
0.0419765 0.0434274 3 
0.0419213 0.0449318 3 
0.0419113 0.0448842 3 
0.0418917 0.0470546 3 
0.0417731 0.0459776 3 
0.0417282 0.0454936 3 
0.0417219 0.0445355 3 
0.0416974 0.0422799 3 
0.0416748 0.0462201 3 
0.0416344 0.0466027 3 
0.0415969 0.044227 3 
0.0415747 0.0462868 3 
0.0415522 0.0437553 3 
0.0415509 0.0420122 3 
0.0414957 0.0465024 3 
0.0414863 0.0416839 3 
0.0414659 0.0446926 3 
0.0414605 0.0430665 3 
0.0414063 0.0434274 3 
0.0413734 0.0423358 3 
0.0413523 0.0415247 3 
0.0413374 0.0455739 3 
0.0413164 0.0442349 3 
0.0413066 0.0435953 3 
0.0412842 0.0454996 3 
0.0412554 0.042985 3 
0.0412418 0.0434387 3 
0.0411279 0.0445355 3 
0.0410597 0.0440623 3 
0.0410517 0.0413405 3 
0.0410175 0.0429094 3 
0.041015 0.0461478 3 
0.041013 0.041215 3 
0.0409954 0.0454336 3 
0.0409728 0.0445265 3 
0.0409645 0.0458345 3 
0.0408907 0.041801 3 
0.0408561 0.0431154 3 
0.0408543 0.0427753 3 
0.0408422 0.0452096 3 
0.0407789 0.045129 3 
0.0407744 0.0424495 3 
0.0407665 0.0464355 3 
0.0407568 0.0426328 3 
0.0406128 0.0412387 3 
0.0406047 0.0419372 3 
0.0405962 0.0413006 3 
0.0405467 0.0437451 3 
0.0405335 0.0455242 3 
0.0404875 0.0441617 3 
0.0404756 0.0407681 3 
0.0404695 0.0411683 3 
0.0404563 0.0412765 3 
0.0404509 0.0449697 3 
0.0404257 0.045696 3 
0.0404236 0.0454846 3 
0.0404022 0.0407582 3 
0.040389 0.0454498 3 
0.0403688 0.0449713 3 
0.0403069 0.0470227 3 
0.0402913 0.0450797 3 
0.0401736 0.0408013 3 
0.0401572 0.0455625 3 
0.0401422 0.0448767 3 
0.040127 0.0405926 3 
0.0400991 0.0451104 3 
0.0400701 0.0435571 3 
0.0400679 0.0422171 3 
0.0400447 0.0411729 3 
0.0400246 0.044486 3 
0.0399544 0.0404602 3 
0.0399493 0.0417456 3 
0.0399168 0.0456391 3 
0.0398998 0.0406617 3 
0.0398951 0.0452076 3 
0.0398877 0.0455063 3 
0.0398843 0.0452019 3 
0.039832 0.0444714 3 
0.0398013 0.0460086 3 
0.0397564 0.0404602 3 
0.0396447 0.0422801 3 
0.0396328 0.0445969 3 
0.0395637 0.0435398 3 
0.0394246 0.0399969 3 
0.0393904 0.0415235 3 
0.0393413 0.0415489 3 
0.0390483 0.0419159 3 
0.0389001 0.0439556 3 
0.0388883 0.0391313 3 
0.0387705 0.0393506 3 
0.0386888 0.0417485 3 
0.0382669 0.0414648 3 
0.024128 0.0241509 4 
0.0236982 0.024317 4 
0.0236967 0.0240868 4 
0.0236552 0.0243254 4 
0.0236192 0.0236421 4 
0.0230497 0.0231466 4 
0.0228873 0.0230113 4 
0.0228713 0.0230323 4 
0.0228052 0.0228887 4 
0.0227564 0.0231578 4 
0.0227486 0.0228178 4 
0.0226933 0.022895 4 
0.022475 0.0236569 4 
0.0224615 0.0234007 4 
0.0224545 0.0229527 4 
0.0224381 0.0226585 4 
0.022421 0.0228823 4 
0.0223588 0.0224519 4 
0.0223302 0.0228746 4 
0.0222862 0.0230113 4 
0.0222569 0.0236403 4 
0.0222404 0.0234466 4 
0.0221738 0.0231366 4 
0.0221578 0.0222807 4 
0.0221507 0.0226562 4 
0.0221155 0.0221404 4 
0.0221058 0.0231015 4 
0.0220291 0.0222784 4 
0.0219973 0.0221315 4 
0.0219514 0.0228047 4 
0.0218945 0.0220964 4 
0.0218502 0.0224933 4 
0.0218111 0.0222661 4 
0.0217875 0.0228372 4 
0.0217761 0.0223088 4 
0.0217237 0.0220877 4 
0.021716 0.0218029 4 
0.0216816 0.02211 4 
0.0216701 0.0220488 4 
0.0216104 0.0218974 4 
0.0215687 0.0219541 4 
0.0215593 0.0219219 4 
0.0215443 0.0220354 4 
0.021525 0.0222784 4 
0.0215037 0.0219405 4 
0.0214925 0.0220944 4 
0.021453 0.0222784 4 
0.0214436 0.0223956 4 
0.0214419 0.0221537 4 
0.0214413 0.0226327 4 
0.0214307 0.0223398 4 
0.021369 0.0214047 4 
0.0213599 0.0216756 4 
0.0213528 0.0214524 4 
0.0213501 0.0226327 4 
0.0213477 0.0222887 4 
0.0213345 0.0225055 4 
0.0212524 0.0222362 4 
0.0212361 0.0213982 4 
0.0212127 0.0220049 4 
0.0211999 0.0214529 4 
0.0211903 0.0213982 4 
0.0211837 0.0213675 4 
0.0211164 0.0218055 4 
0.0211136 0.022825 4 
0.0211102 0.0229356 4 
0.0211025 0.021556 4 
0.0211002 0.0223194 4 
0.0210866 0.0215104 4 
0.0210794 0.0222292 4 
0.0210695 0.0218349 4 
0.021062 0.0222527 4 
0.021024 0.0220488 4 
0.0210028 0.0220213 4 
0.0209592 0.02211 4 
0.0209183 0.0220263 4 
0.02091 0.0217861 4 
0.0209065 0.0226547 4 
0.0209037 0.0219011 4 
0.0209014 0.0218724 4 
0.0208777 0.0218306 4 
0.020864 0.0220877 4 
0.0208633 0.0212913 4 
0.0208411 0.0210169 4 
0.020806 0.0233172 4 
0.0207759 0.0219405 4 
0.0207696 0.022467 4 
0.0207576 0.0209414 4 
0.0207182 0.0210027 4 
0.0206507 0.0218639 4 
0.0206458 0.02107 4 
0.0206435 0.0222807 4 
0.0206249 0.0225279 4 
0.0205782 0.0222746 4 
0.020542 0.020693 4 
0.020518 0.0215839 4 
0.0205101 0.0215679 4 
0.0205044 0.0212501 4 
0.0204901 0.0233172 4 
0.0204843 0.0222986 4 
0.0204712 0.0226585 4 
0.0204246 0.0225358 4 
0.0203958 0.0228372 4 
0.0203949 0.022586 4 
0.0203714 0.0223398 4 
0.0203693 0.0219394 4 
0.0203459 0.0225953 4 
0.0203249 0.0225983 4 
0.020315 0.0229015 4 
0.0202994 0.0213091 4 
0.020286 0.0204971 4 
0.0202587 0.0212651 4 
0.0202561 0.0205673 4 
0.0202542 0.0202704 4 
0.0202528 0.0214533 4 
0.0202475 0.020864 4 
0.0202473 0.0215593 4 
0.020232 0.0228513 4 
0.0201979 0.0214524 4 
0.0201671 0.0210886 4 
0.0201493 0.0203091 4 
0.0201174 0.0205789 4 
0.0201158 0.0213623 4 
0.0201124 0.0205016 4 
0.0200799 0.0212365 4 
0.0200542 0.0223225 4 
0.0200169 0.0224897 4 
0.0200008 0.0216372 4 
0.0199855 0.0222615 4 
0.0199405 0.0218807 4 
0.0199116 0.0209861 4 
0.019911 0.0221783 4 
0.019889 0.0208804 4 
0.019872 0.0220581 4 
0.0198575 0.0207045 4 
0.0198498 0.019992 4 
0.0198448 0.0214515 4 
0.0198232 0.0211942 4 
0.019816 0.0212676 4 
0.0197898 0.0216756 4 
0.0197678 0.0207676 4 
0.019673 0.0222163 4 
0.0196431 0.0228699 4 
0.0196161 0.0200463 4 
0.0196013 0.022069 4 
0.0195942 0.0215259 4 
0.0195625 0.0210868 4 
0.0195599 0.0220263 4 
0.019555 0.0217345 4 
0.0195305 0.021786 4 
0.0195285 0.0197951 4 
0.0195231 0.0215593 4 
0.0194958 0.021167 4 
0.0194849 0.0201036 4 
0.0194789 0.0204256 4 
0.0194753 0.0196721 4 
0.0194577 0.0203987 4 
0.0194451 0.0196802 4 
0.0194427 0.0199046 4 
0.0194288 0.0225449 4 
0.0193876 0.0221175 4 
0.0193472 0.0217882 4 
0.019323 0.0210635 4 
0.0193043 0.0210146 4 
0.0192954 0.0218077 4 
0.0192918 0.0202892 4 
0.0192893 0.0219724 4 
0.0192882 0.019581 4 
0.0192768 0.0204564 4 
0.0192756 0.0214047 4 
0.0192473 0.0218823 4 
0.0192357 0.0221043 4 
0.0191904 0.0192861 4 
0.0191606 0.0202915 4 
0.0191263 0.0222063 4 
0.0191184 0.0206011 4 
0.019088 0.0217356 4 
0.0190706 0.0224005 4 
0.0190687 0.0212928 4 
0.0190546 0.0213138 4 
0.0189755 0.0197274 4 
0.0189512 0.019761 4 
0.0189458 0.0210715 4 
0.0189396 0.019736 4 
0.0189349 0.0193896 4 
0.0187965 0.0218807 4 
0.0187887 0.0211169 4 
0.0187545 0.0205997 4 
0.0186679 0.0190642 4 
0.0186399 0.0193379 4 
0.0185053 0.0211455 4 
0.0184669 0.0200829 4 
0.0183478 0.019905 4 
0.0182951 0.0185341 4 
0.0182481 0.0193896 4 
0.0182071 0.0184583 4 
0.0180544 0.0200909 4 
0.0121569 0.0123428 5 
0.0119316 0.0119363 5 
0.0118076 0.0120343 5 
0.0117985 0.0118252 5 
0.0117221 0.0123795 5 
0.0115817 0.0117695 5 
0.0114601 0.0114743 5 
0.0114317 0.012084 5 
0.0114013 0.0114492 5 
0.0113341 0.0116338 5 
0.0112672 0.0115637 5 
0.0112503 0.0113987 5 
0.0112095 0.0113225 5 
0.0112011 0.0112825 5 
0.0111234 0.0112985 5 
0.0110004 0.0111569 5 
0.0109846 0.0111354 5 
0.0109767 0.0112422 5 
0.0109633 0.0116351 5 
0.0109599 0.0109652 5 
0.0109377 0.0115223 5 
0.0109338 0.0109408 5 
0.0109292 0.011082 5 
0.0108728 0.0108835 5 
0.0108649 0.0109962 5 
0.0108459 0.0108498 5 
0.0108402 0.0109511 5 
0.0108367 0.0110685 5 
0.0108185 0.0109261 5 
0.01079 0.0113314 5 
0.0107851 0.011265 5 
0.0107796 0.0114539 5 
0.0107653 0.011634 5 
0.010761 0.0110334 5 
0.0107406 0.0114273 5 
0.0107354 0.0112203 5 
0.0107246 0.0111731 5 
0.0107231 0.010764 5 
0.01072 0.0115936 5 
0.0107007 0.0108367 5 
0.0106474 0.0111819 5 
0.0106424 0.0108406 5 
0.0106272 0.0109578 5 
0.0106242 0.0109357 5 
0.0106216 0.0107594 5 
0.0105791 0.0110921 5 
0.0105751 0.0110406 5 
0.0105631 0.0112203 5 
0.0105561 0.0113892 5 
0.010546 0.0111523 5 
0.0105296 0.0107594 5 
0.0104969 0.0113556 5 
0.0104819 0.0110524 5 
0.0104743 0.0115348 5 
0.0104682 0.0104935 5 
0.0104057 0.0108749 5 
0.010401 0.0106518 5 
0.0103904 0.0108668 5 
0.0103819 0.0109413 5 
0.0103264 0.0114824 5 
0.0103198 0.0105366 5 
0.0103094 0.0117555 5 
0.010276 0.0108443 5 
0.0102619 0.0104217 5 
0.0102422 0.0106029 5 
0.0102319 0.011273 5 
0.0102273 0.0107299 5 
0.0102135 0.0106093 5 
0.0102122 0.0110533 5 
0.0102077 0.0107294 5 
0.0101982 0.0110685 5 
0.010174 0.0114847 5 
0.0101738 0.0114819 5 
0.0101596 0.0107013 5 
0.0101576 0.0110275 5 
0.0101526 0.0113962 5 
0.0101405 0.0117442 5 
0.0101273 0.0110334 5 
0.0101244 0.0104911 5 
0.0101236 0.0103615 5 
0.0101121 0.0102713 5 
0.0101079 0.0115427 5 
0.0101016 0.0110787 5 
0.0100909 0.0107273 5 
0.0100633 0.0109968 5 
0.0100574 0.0106794 5 
0.010053 0.0103211 5 
0.0100372 0.0103886 5 
0.0100346 0.0101132 5 
0.0100106 0.0106058 5 
0.0100099 0.0110583 5 
0.0100078 0.0106303 5 
0.00999444 0.0105339 5 
0.0099409 0.0105339 5 
0.0099346 0.0111695 5 
0.0099314 0.0109588 5 
0.00992741 0.0111463 5 
0.0099115 0.0112034 5 
0.00989964 0.00993917 5 
0.00989015 0.0100497 5 
0.00988747 0.0108542 5 
0.00986907 0.0108825 5 
0.00986362 0.0106149 5 
0.00985835 0.0107294 5 
0.00985722 0.0101153 5 
0.0098463 0.010952 5 
0.00984482 0.0105042 5 
0.00983129 0.0103442 5 
0.00981902 0.0101604 5 
0.00978921 0.0101276 5 
0.00977433 0.01093 5 
0.0097598 0.011056 5 
0.00974126 0.0098782 5 
0.00974008 0.00988362 5 
0.00973249 0.00982449 5 
0.00968555 0.010764 5 
0.00966817 0.0097893 5 
0.00966084 0.0103579 5 
0.00965943 0.00998102 5 
0.00964515 0.0109511 5 
0.00964324 0.0104911 5 
0.00963229 0.0110642 5 
0.00962865 0.0102614 5 
0.0096246 0.01012 5 
0.00961743 0.0108749 5 
0.00960151 0.0103903 5 
0.00959126 0.0110146 5 
0.00957438 0.0109929 5 
0.00957111 0.0109929 5 
0.00956388 0.011265 5 
0.00955551 0.0103588 5 
0.00953047 0.0100743 5 
0.00952668 0.0108498 5 
0.00952175 0.0102012 5 
0.00950188 0.0102998 5 
0.00949108 0.0111248 5 
0.00947646 0.00988362 5 
0.00946456 0.00992709 5 
0.00945506 0.00952201 5 
0.00944911 0.0112567 5 
0.00944363 0.0102802 5 
0.0094092 0.0103615 5 
0.00937259 0.0102611 5 
0.00932519 0.0102355 5 
0.00932252 0.010376 5 
0.0092915 0.00965516 5 
0.00926981 0.00995261 5 
0.00925744 0.00955403 5 
0.00924338 0.0103665 5 
0.0092218 0.0103615 5 
0.00919115 0.0098442 5 
0.00915146 0.00918899 5 
0.00912058 0.0105744 5 
0.00902806 0.00961261 5 
0.00900584 0.00989852 5 
0.00898866 0.00939624 5 
0.00895025 0.0100397 5 
0.00894741 0.00901076 5 
0.00894525 0.0102998 5 
0.00884868 0.00999971 5 
0.00881714 0.00900253 5 
0.0063076 0.00640107 6 
0.00603037 0.00635275 6 
0.00594197 0.00595803 6 
0.00586919 0.00591201 6 
0.00583879 0.0058415 6 
0.00576514 0.00593058 6 
0.00575963 0.00587004 6 
0.00575681 0.00580445 6 
0.00575378 0.00590987 6 
0.0057274 0.00604495 6 
0.00568319 0.00580445 6 
0.00567097 0.00569152 6 
0.00565731 0.00597015 6 
0.00563385 0.00588412 6 
0.00561676 0.00568265 6 
0.00561094 0.00570796 6 
0.00558452 0.00589941 6 
0.00556928 0.00613217 6 
0.00555989 0.0055874 6 
0.00553943 0.00583696 6 
0.005517 0.00561035 6 
0.00551365 0.00575679 6 
0.00550891 0.0059562 6 
0.00550849 0.00594026 6 
0.00549347 0.00567658 6 
0.00548144 0.00568265 6 
0.00548079 0.00579291 6 
0.00547619 0.00568601 6 
0.00545612 0.00572406 6 
0.00545546 0.0055113 6 
0.00542996 0.0056737 6 
0.00541971 0.00551654 6 
0.0054181 0.00551654 6 
0.00541333 0.00595277 6 
0.00540282 0.00609259 6 
0.00539693 0.00544367 6 
0.00538652 0.00608782 6 
0.0053847 0.00563604 6 
0.00537427 0.0055113 6 
0.00535083 0.00548989 6 
0.00533279 0.00555599 6 
0.00531961 0.00546378 6 
0.00530713 0.00545594 6 
0.00529912 0.00554901 6 
0.00528231 0.00563655 6 
0.00526783 0.00605033 6 
0.0052518 0.00545681 6 
0.00525039 0.00545992 6 
0.00524884 0.00594042 6 
0.00523093 0.00549419 6 
0.00523049 0.00569231 6 
0.00522963 0.00544242 6 
0.00522885 0.00589321 6 
0.00521962 0.00562403 6 
0.00521387 0.00548062 6 
0.00519626 0.00539205 6 
0.00519551 0.00533338 6 
0.00517598 0.00569077 6 
0.00516898 0.00571259 6 
0.00514369 0.00523114 6 
0.0051376 0.0055329 6 
0.00513614 0.00571495 6 
0.00513009 0.00522909 6 
0.00511204 0.00548062 6 
0.00510803 0.0055819 6 
0.00510027 0.00525284 6 
0.00509965 0.00536969 6 
0.0050995 0.00600222 6 
0.00509759 0.00525898 6 
0.00508889 0.00541238 6 
0.00508692 0.00573727 6 
0.00507951 0.0051106 6 
0.00506898 0.0057538 6 
0.0050603 0.00509801 6 
0.0050423 0.00528268 6 
0.0050301 0.00507868 6 
0.00502105 0.0055819 6 
0.00501436 0.00528268 6 
0.0050117 0.005956 6 
0.00501087 0.00503041 6 
0.0050025 0.00545992 6 
0.00499614 0.00568434 6 
0.00499235 0.00530828 6 
0.00497481 0.00557402 6 
0.00497115 0.00504525 6 
0.00496699 0.00536826 6 
0.00496349 0.00592444 6 
0.00495543 0.00551253 6 
0.00495332 0.00568173 6 
0.00493971 0.00497509 6 
0.00493588 0.00509434 6 
0.00492629 0.00521296 6 
0.00491201 0.00554064 6 
0.00491053 0.00575679 6 
0.0049073 0.00507567 6 
0.00490605 0.00547297 6 
0.00489479 0.00497744 6 
0.00488338 0.00520036 6 
0.00487989 0.00578332 6 
0.00487566 0.00522313 6 
0.00487379 0.00552074 6 
0.00487215 0.00569683 6 
0.00484779 0.00510213 6 
0.0048406 0.00547124 6 
0.0048348 0.00564961 6 
0.00483179 0.00519895 6 
0.00482226 0.00529797 6 
0.00482211 0.00573954 6 
0.00480341 0.00485417 6 
0.00480322 0.00512432 6 
0.0047635 0.00491362 6 
0.00475907 0.00525607 6 
0.00475073 0.00508782 6 
0.00474082 0.0050318 6 
0.00473467 0.00506252 6 
0.00472081 0.00485417 6 
0.00471069 0.00504729 6 
0.00469354 0.00533981 6 
0.00468526 0.00514617 6 
0.00467197 0.00515936 6 
0.00465089 0.00478195 6 
0.00463364 0.00473459 6 
0.00463222 0.00510213 6 
0.00462546 0.00513781 6 
0.00461623 0.00518884 6 
0.00461262 0.00488683 6 
0.0046059 0.00504525 6 
0.00456201 0.00503881 6 
0.00452735 0.00510213 6 
0.00451359 0.00512432 6 
0.00447139 0.00508742 6 
0.00442476 0.00475115 6 
0.00438602 0.00449976 6 
0.00323848 0.00328871 7 
0.00314715 0.00322022 7 
0.00314279 0.00320449 7 
0.00310418 0.00318258 7 
0.00305717 0.0031218 7 
0.0030406 0.00309652 7 
0.00303309 0.0030794 7 
0.00302202 0.00302455 7 
0.00299272 0.00312716 7 
0.00298827 0.00305675 7 
0.00297539 0.0031599 7 
0.00296072 0.00299989 7 
0.00296021 0.00296768 7 
0.00294998 0.00300693 7 
0.0029459 0.0033293 7 
0.00291328 0.00305432 7 
0.00290912 0.00315058 7 
0.00290566 0.00293449 7 
0.00290456 0.00317845 7 
0.00289397 0.00289539 7 
0.00288917 0.0029354 7 
0.00287698 0.00297047 7 
0.00287489 0.0029964 7 
0.00287037 0.00288542 7 
0.00286536 0.00310496 7 
0.002857 0.00288957 7 
0.0028556 0.00295604 7 
0.0028273 0.0029341 7 
0.00281903 0.00286891 7 
0.00281415 0.00311227 7 
0.00280939 0.00308042 7 
0.0027993 0.0030031 7 
0.002797 0.00291797 7 
0.00277974 0.00315034 7 
0.00277698 0.00290155 7 
0.0027731 0.00289536 7 
0.00276863 0.00278697 7 
0.00276403 0.00286036 7 
0.00275724 0.00287499 7 
0.00275465 0.00276661 7 
0.00275081 0.00310803 7 
0.0027465 0.00302455 7 
0.00274484 0.00312436 7 
0.00273762 0.00277034 7 
0.00273084 0.00284388 7 
0.00272582 0.00291526 7 
0.00272398 0.00281522 7 
0.00272031 0.00282622 7 
0.00271504 0.00285829 7 
0.0027123 0.0029318 7 
0.0026959 0.0027 7 
0.00269452 0.00279742 7 
0.00269062 0.00273051 7 
0.0026872 0.00299185 7 
0.00268088 0.00272865 7 
0.00266672 0.00286614 7 
0.00266629 0.0028039 7 
0.00265633 0.00266708 7 
0.00265138 0.00305439 7 
0.00265079 0.0026735 7 
0.00264161 0.00298224 7 
0.0026407 0.00270824 7 
0.00263861 0.00308042 7 
0.00263245 0.00297203 7 
0.00262934 0.0027509 7 
0.0026258 0.00282095 7 
0.00262444 0.00289996 7 
0.00262251 0.00263157 7 
0.00262054 0.00302793 7 
0.00261408 0.00311955 7 
0.00260668 0.00287809 7 
0.00259963 0.00289156 7 
0.00259595 0.00285559 7 
0.00259487 0.00308005 7 
0.00258567 0.00299218 7 
0.00258053 0.00285311 7 
0.00257817 0.00279035 7 
0.00257301 0.00276487 7 
0.0025724 0.00272865 7 
0.00256889 0.00276006 7 
0.00256715 0.00264267 7 
0.00256466 0.00300823 7 
0.00254631 0.00257163 7 
0.00254316 0.00262107 7 
0.00254296 0.00263091 7 
0.00254081 0.00298985 7 
0.00253435 0.00291698 7 
0.00253307 0.00259692 7 
0.00253286 0.0025642 7 
0.0025276 0.00286891 7 
0.00252571 0.00276261 7 
0.00251751 0.0029354 7 
0.00251658 0.00314045 7 
0.00251523 0.00280505 7 
0.0025119 0.00279989 7 
0.00250799 0.00256247 7 
0.00249117 0.0028003 7 
0.00248457 0.00259332 7 
0.00248254 0.00257241 7 
0.00247599 0.0026742 7 
0.00245917 0.00281294 7 
0.0024464 0.00273122 7 
0.00244081 0.00250198 7 
0.00243219 0.00265238 7 
0.00243001 0.00250533 7 
0.00242097 0.00258174 7 
0.00242 0.00259245 7 
0.0024196 0.00259288 7 
0.00241218 0.00253231 7 
0.00241157 0.00243119 7 
0.00241135 0.00251047 7 
0.00241035 0.00253781 7 
0.00240808 0.00252692 7 
0.0024024 0.0026219 7 
0.00239908 0.00243119 7 
0.00237094 0.00258817 7 
0.00236848 0.0025642 7 
0.00236602 0.00241106 7 
0.00236203 0.00246164 7 
0.00235755 0.00264336 7 
0.00235276 0.00260278 7 
0.00232736 0.00259332 7 
0.00231747 0.0025642 7 
0.00224314 0.00245139 7 
0.00223016 0.00232313 7 
0.00175107 0.00176498 8 
0.00164046 0.00165882 8 
0.00163197 0.00167776 8 
0.00159676 0.00170086 8 
0.00159159 0.00170987 8 
0.00158693 0.00170875 8 
0.00158686 0.00161277 8 
0.00158153 0.00173882 8 
0.00156961 0.00160546 8 
0.00156536 0.00161545 8 
0.00156234 0.00158433 8 
0.00156186 0.00156379 8 
0.00155741 0.0015709 8 
0.00153689 0.00159347 8 
0.00152421 0.00159844 8 
0.00151094 0.00152059 8 
0.00150723 0.00162795 8 
0.00150025 0.00157225 8 
0.0014967 0.00169861 8 
0.00149608 0.00151145 8 
0.00149549 0.00150606 8 
0.00148892 0.00151766 8 
0.00148724 0.00159238 8 
0.00147838 0.00152102 8 
0.00146977 0.00161031 8 
0.00146946 0.00150117 8 
0.00146381 0.00164084 8 
0.00145993 0.0014784 8 
0.00145992 0.00152212 8 
0.00145866 0.00163643 8 
0.0014561 0.00167133 8 
0.00145367 0.00158722 8 
0.0014514 0.00158329 8 
0.00145063 0.00151285 8 
0.00144747 0.00151376 8 
0.00144416 0.00144665 8 
0.00144331 0.00144679 8 
0.00143601 0.00166189 8 
0.00143552 0.00159233 8 
0.00143519 0.00149708 8 
0.00143378 0.00146592 8 
0.00143061 0.00152449 8 
0.0014282 0.00158165 8 
0.00142651 0.00151527 8 
0.00142588 0.0015613 8 
0.00141741 0.00142366 8 
0.00141688 0.00163071 8 
0.00141602 0.00154912 8 
0.00141525 0.00142878 8 
0.0014142 0.00165649 8 
0.0014109 0.00150063 8 
0.00140963 0.00144752 8 
0.00140486 0.00152346 8 
0.00140242 0.00145659 8 
0.00139337 0.00142229 8 
0.00138742 0.00160673 8 
0.00138272 0.00148144 8 
0.00137193 0.0015831 8 
0.00136731 0.00148133 8 
0.00136694 0.00138808 8 
0.00136629 0.0013931 8 
0.0013662 0.00143115 8 
0.00136575 0.00154308 8 
0.00135934 0.00149743 8 
0.00135377 0.00138315 8 
0.00135323 0.00151155 8 
0.0013529 0.00138535 8 
0.00135164 0.00137054 8 
0.00135078 0.00155751 8 
0.00134795 0.00149943 8 
0.00134651 0.00150777 8 
0.00134459 0.00147125 8 
0.00134313 0.00141836 8 
0.00134118 0.00139111 8 
0.00133713 0.00135572 8 
0.00133395 0.00149943 8 
0.00133312 0.00158997 8 
0.0013278 0.00154117 8 
0.00132637 0.0014708 8 
0.00132575 0.00167543 8 
0.0013221 0.00132573 8 
0.00131111 0.00134843 8 
0.00130984 0.0014305 8 
0.00130813 0.00148649 8 
0.001308 0.00133205 8 
0.00130435 0.00140712 8 
0.00130187 0.00141556 8 
0.00129763 0.00134958 8 
0.00129647 0.0014296 8 
0.0012918 0.00134887 8 
0.00128767 0.00135371 8 
0.00128546 0.00132163 8 
0.0012843 0.00133215 8 
0.00128203 0.00138821 8 
0.00126946 0.00136265 8 
0.00126063 0.00146592 8 
0.00125778 0.00135708 8 
0.0012551 0.00135572 8 
0.00124842 0.00131389 8 
0.0012439 0.00125309 8 
0.00123502 0.00129446 8 
0.00123292 0.00123918 8 
0.00123002 0.00141001 8 
0.00122751 0.00129446 8 
0.00122585 0.00128543 8 
0.00122186 0.00130517 8 
0.00121962 0.00133107 8 
0.00121856 0.00124281 8 
0.0012107 0.00133205 8 
0.00117881 0.00128571 8 
0.00116108 0.00122487 8 
0.000902883 0.00091484 9 
0.000886007 0.000928351 9 
0.000882867 0.000933588 9 
0.000866123 0.000874984 9 
0.000865873 0.000884561 9 
0.000859785 0.000913713 9 
0.000856717 0.000909377 9 
0.000856416 0.000867583 9 
0.000851927 0.000862958 9 
0.000840782 0.000844371 9 
0.000834985 0.000859076 9 
0.000833049 0.000866919 9 
0.000831433 0.00084325 9 
0.000831414 0.000858465 9 
0.000824406 0.000841637 9 
0.000822622 0.00083852 9 
0.000820514 0.000907108 9 
0.000816173 0.000817847 9 
0.000815472 0.000865866 9 
0.000810221 0.000823197 9 
0.000807933 0.000843343 9 
0.000807284 0.000813825 9 
0.000800447 0.000881355 9 
0.000799283 0.000867141 9 
0.000795613 0.000868328 9 
0.000794897 0.000885185 9 
0.000794806 0.000863156 9 
0.00079144 0.000847017 9 
0.00079135 0.000803573 9 
0.000786947 0.000813825 9 
0.00078589 0.000867141 9 
0.000784874 0.000797625 9 
0.000784527 0.000814265 9 
0.000783153 0.000840495 9 
0.000775443 0.000817242 9 
0.000771905 0.000812193 9 
0.000771744 0.000878904 9 
0.000769292 0.0008072 9 
0.00076904 0.000887107 9 
0.00076901 0.000819883 9 
0.000767762 0.000805685 9 
0.000766835 0.000770857 9 
0.000764066 0.00077008 9 
0.000763114 0.000797746 9 
0.000760888 0.000796669 9 
0.00075989 0.000897773 9 
0.000758521 0.000760686 9 
0.000754957 0.000799691 9 
0.000754776 0.000811765 9 
0.000749805 0.000776362 9 
0.000746721 0.000822622 9 
0.000744482 0.000758718 9 
0.000743523 0.00086886 9 
0.000740139 0.000761402 9 
0.00073979 0.000791638 9 
0.000739257 0.000768847 9 
0.000738806 0.000751633 9 
0.000737713 0.000831755 9 
0.000736133 0.000795081 9 
0.000734834 0.000751445 9 
0.000734637 0.000738858 9 
0.000732788 0.000739377 9 
0.000723397 0.000749855 9 
0.000717355 0.000743041 9 
0.000716993 0.000754191 9 
0.000715563 0.000798531 9 
0.000714641 0.000825186 9 
0.000714048 0.000900776 9 
0.000713207 0.000750723 9 
0.000712955 0.000799691 9 
0.000712934 0.000823727 9 
0.000711251 0.000819535 9 
0.000711081 0.000736171 9 
0.000709046 0.000765443 9 
0.000705208 0.000777255 9 
0.000703809 0.00071712 9 
0.000702902 0.000801079 9 
0.000700417 0.000739377 9 
0.000700094 0.000801765 9 
0.000693652 0.000709494 9 
0.000693517 0.000706851 9 
0.000691564 0.000756831 9 
0.000691107 0.000732754 9 
0.000690735 0.000827512 9 
0.000681337 0.000736199 9 
0.00068031 0.000738645 9 
0.000678197 0.000723872 9 
0.000677485 0.000680548 9 
0.000674422 0.000726419 9 
0.000673846 0.000747358 9 
0.000673374 0.000727886 9 
0.000668997 0.000747103 9 
0.00066574 0.000717152 9 
0.000663464 0.000712827 9 
0.000656622 0.00077008 9 
0.000655131 0.000691385 9 
0.000650429 0.000703465 9 
0.000646934 0.000691389 9 
0.000643506 0.000654302 9 
0.000632614 0.00064395 9 
0.000632375 0.000683535 9 
0.000629916 0.000689385 9 
0.000629792 0.000658465 9 
0.000616387 0.000624735 9 
