0 0.497773 0 
0 0.499943 0 
0 0.500532 0 
0 0.501236 0 
0 0.501342 0 
0 0.501407 0 
0 0.501543 0 
0 0.502638 0 
0 0.502916 0 
0 0.503011 0 
0 0.503127 0 
0 0.503155 0 
0 0.503236 0 
0 0.503245 0 
0 0.503543 0 
0 0.503633 0 
0 0.503838 0 
0 0.504098 0 
0 0.504188 0 
0 0.504297 0 
0 0.504305 0 
0 0.50437 0 
0 0.504424 0 
0 0.504852 0 
0 0.505041 0 
0 0.505118 0 
0 0.505233 0 
0 0.505343 0 
0 0.505388 0 
0 0.505424 0 
0 0.505605 0 
0 0.505686 0 
0 0.505698 0 
0 0.505832 0 
0 0.506213 0 
0 0.506295 0 
0 0.506485 0 
0 0.50649 0 
0 0.506506 0 
0 0.50654 0 
0 0.506563 0 
0 0.506615 0 
0 0.506615 0 
0 0.506615 0 
0 0.506782 0 
0 0.506799 0 
0 0.506838 0 
0 0.506846 0 
0 0.506856 0 
0 0.506862 0 
0 0.50701 0 
0 0.507032 0 
0 0.507037 0 
0 0.507057 0 
0 0.507062 0 
0 0.507103 0 
0 0.507262 0 
0 0.507295 0 
0 0.5074 0 
0 0.507405 0 
0 0.507448 0 
0 0.5075 0 
0 0.507629 0 
0 0.507638 0 
0 0.507647 0 
0 0.507703 0 
0 0.507759 0 
0 0.507806 0 
0 0.507861 0 
0 0.507956 0 
0 0.507978 0 
0 0.507994 0 
0 0.508033 0 
0 0.5081 0 
0 0.508182 0 
0 0.508229 0 
0 0.508312 0 
0 0.508364 0 
0 0.508398 0 
0 0.508451 0 
0 0.508463 0 
0 0.508538 0 
0 0.508592 0 
0 0.508816 0 
0 0.508865 0 
0 0.508902 0 
0 0.508912 0 
0 0.508946 0 
0 0.509113 0 
0 0.509128 0 
0 0.50914 0 
0 0.509265 0 
0 0.509318 0 
0 0.509385 0 
0 0.509524 0 
0 0.509608 0 
0 0.509648 0 
0 0.509708 0 
0 0.509788 0 
0 0.509839 0 
0 0.509934 0 
0 0.510093 0 
0 0.510293 0 
0 0.510318 0 
0 0.510366 0 
0 0.510437 0 
0 0.51052 0 
0 0.510866 0 
0 0.510964 0 
0 0.511077 0 
0 0.511133 0 
0 0.511271 0 
0 0.51134 0 
0 0.511387 0 
0 0.511459 0 
0 0.511507 0 
0 0.511624 0 
0 0.511633 0 
0 0.511653 0 
0 0.511672 0 
0 0.511734 0 
0 0.511773 0 
0 0.511833 0 
0 0.511976 0 
0 0.512386 0 
0 0.512685 0 
0 0.513033 0 
0 inf 0 
0 0.193778 1 
0 0.195087 1 
0 0.195187 1 
0 0.195274 1 
0 0.196004 1 
0 0.196259 1 
0 0.196327 1 
0 0.196944 1 
0 0.197032 1 
0 0.197278 1 
0 0.197473 1 
0 0.197475 1 
0 0.197532 1 
0 0.197851 1 
0 0.198241 1 
0 0.198601 1 
0 0.19899 1 
0 0.199103 1 
0 0.199288 1 
0 0.199293 1 
0 0.199321 1 
0 0.199322 1 
0 0.199466 1 
0 0.199534 1 
0 0.199681 1 
0 0.199736 1 
0 0.199789 1 
0 0.200032 1 
0 0.200244 1 
0 0.200382 1 
0 0.200486 1 
0 0.200537 1 
0 0.200674 1 
0 0.20073 1 
0 0.20073 1 
0 0.200815 1 
0 0.200847 1 
0 0.200968 1 
0 0.201101 1 
0 0.201195 1 
0 0.201273 1 
0 0.201276 1 
0 0.201534 1 
0 0.20154 1 
0 0.201581 1 
0 0.201667 1 
0 0.20173 1 
0 0.201918 1 
0 0.201936 1 
0 0.201968 1 
0 0.202054 1 
0 0.202093 1 
0 0.202187 1 
0 0.202197 1 
0 0.202294 1 
0 0.202358 1 
0 0.202377 1 
0 0.202455 1 
0 0.202512 1 
0 0.202641 1 
0 0.202849 1 
0 0.202859 1 
0 0.202878 1 
0 0.202934 1 
0 0.203008 1 
0 0.20304 1 
0 0.203043 1 
0 0.203047 1 
0 0.20305 1 
0 0.203066 1 
0 0.203107 1 
0 0.203112 1 
0 0.203132 1 
0 0.203155 1 
0 0.203211 1 
0 0.203297 1 
0 0.20333 1 
0 0.203331 1 
0 0.203375 1 
0 0.203409 1 
0 0.203432 1 
0 0.203479 1 
0 0.203485 1 
0 0.203485 1 
0 0.203495 1 
0 0.203521 1 
0 0.203623 1 
0 0.203677 1 
0 0.203678 1 
0 0.20376 1 
0 0.203899 1 
0 0.203915 1 
0 0.203921 1 
0 0.203939 1 
0 0.203954 1 
0 0.203983 1 
0 0.203984 1 
0 0.20408 1 
0 0.204236 1 
0 0.204237 1 
0 0.204272 1 
0 0.204283 1 
0 0.204352 1 
0 0.204384 1 
0 0.204437 1 
0 0.20446 1 
0 0.204489 1 
0 0.204575 1 
0 0.204665 1 
0 0.20481 1 
0 0.204861 1 
0 0.204884 1 
0 0.205069 1 
0 0.205176 1 
0 0.205201 1 
0 0.205322 1 
0 0.205417 1 
0 0.205705 1 
0 0.205709 1 
0 0.205871 1 
0 0.206203 1 
0 0.206264 1 
0 0.206339 1 
0 0.206556 1 
0 0.20659 1 
0 0.206705 1 
0 0.207849 1 
0 inf 1 
0 0.0807865 2 
0 0.0813266 2 
0 0.0822162 2 
0 0.082286 2 
0 0.0823586 2 
0 0.0826621 2 
0 0.0827792 2 
0 0.0828826 2 
0 0.0828868 2 
0 0.0829789 2 
0 0.0833795 2 
0 0.0834794 2 
0 0.0835146 2 
0 0.0835995 2 
0 0.0836165 2 
0 0.0836182 2 
0 0.0837422 2 
0 0.0840098 2 
0 0.0841928 2 
0 0.0843984 2 
0 0.0844673 2 
0 0.0845676 2 
0 0.0847017 2 
0 0.0847559 2 
0 0.0847912 2 
0 0.0849392 2 
0 0.0851467 2 
0 0.0852248 2 
0 0.0852534 2 
0 0.0852949 2 
0 0.0854256 2 
0 0.0854379 2 
0 0.0854572 2 
0 0.0855566 2 
0 0.085731 2 
0 0.0857315 2 
0 0.0857419 2 
0 0.0858711 2 
0 0.0858886 2 
0 0.0859385 2 
0 0.0859656 2 
0 0.0859962 2 
0 0.0860834 2 
0 0.0860965 2 
0 0.0861361 2 
0 0.0862476 2 
0 0.086408 2 
0 0.0864093 2 
0 0.0864098 2 
0 0.0864701 2 
0 0.086531 2 
0 0.0867652 2 
0 0.0867864 2 
0 0.0868458 2 
0 0.0869004 2 
0 0.0869274 2 
0 0.0870368 2 
0 0.0871415 2 
0 0.0871584 2 
0 0.0871913 2 
0 0.0872232 2 
0 0.0872463 2 
0 0.0872843 2 
0 0.087304 2 
0 0.087355 2 
0 0.0874249 2 
0 0.087451 2 
0 0.0875215 2 
0 0.0875251 2 
0 0.087545 2 
0 0.0876176 2 
0 0.0877255 2 
0 0.0877434 2 
0 0.0877822 2 
0 0.0877977 2 
0 0.087799 2 
0 0.0878071 2 
0 0.0878178 2 
0 0.087908 2 
0 0.0879844 2 
0 0.088023 2 
0 0.0881112 2 
0 0.0881344 2 
0 0.0881351 2 
0 0.088178 2 
0 0.0881793 2 
0 0.0881991 2 
0 0.0883206 2 
0 0.0883949 2 
0 0.0885071 2 
0 0.0885115 2 
0 0.0885801 2 
0 0.0887238 2 
0 0.0889142 2 
0 0.0889272 2 
0 0.0889584 2 
0 0.0890959 2 
0 0.0891918 2 
0 0.0891927 2 
0 0.0893353 2 
0 0.0894616 2 
0 0.0895618 2 
0 0.089597 2 
0 0.0896747 2 
0 0.0896934 2 
0 0.0897654 2 
0 0.0898608 2 
0 0.0898771 2 
0 0.0898933 2 
0 0.0899466 2 
0 0.0901535 2 
0 0.0901899 2 
0 0.0903268 2 
0 0.0904916 2 
0 0.0905074 2 
0 0.090777 2 
0 0.0909988 2 
0 0.0910546 2 
0 0.0910619 2 
0 0.0910833 2 
0 0.0910909 2 
0 0.0912757 2 
0 0.0914112 2 
0 0.0915114 2 
0 0.0917239 2 
0 0.0927457 2 
0 0.0932493 2 
0 inf 2 
0 0.0360771 3 
0 0.036162 3 
0 0.0362047 3 
0 0.0362882 3 
0 0.0367491 3 
0 0.0367623 3 
0 0.0368025 3 
0 0.036851 3 
0 0.0369789 3 
0 0.0371525 3 
0 0.0373465 3 
0 0.037347 3 
0 0.0373489 3 
0 0.0375288 3 
0 0.037618 3 
0 0.037669 3 
0 0.037786 3 
0 0.0378322 3 
0 0.0379832 3 
0 0.0380026 3 
0 0.0380173 3 
0 0.0380236 3 
0 0.0381602 3 
0 0.0382224 3 
0 0.0382358 3 
0 0.0382969 3 
0 0.0383947 3 
0 0.0384183 3 
0 0.0384253 3 
0 0.0384282 3 
0 0.0385167 3 
0 0.0385548 3 
0 0.0386115 3 
0 0.0386187 3 
0 0.0386717 3 
0 0.038709 3 
0 0.0388068 3 
0 0.038828 3 
0 0.0389175 3 
0 0.0389254 3 
0 0.0389419 3 
0 0.0389862 3 
0 0.038989 3 
0 0.0389995 3 
0 0.0391368 3 
0 0.0391755 3 
0 0.039202 3 
0 0.0393184 3 
0 0.0393199 3 
0 0.0393462 3 
0 0.0394108 3 
0 0.0394414 3 
0 0.0394687 3 
0 0.0395268 3 
0 0.039702 3 
0 0.0397084 3 
0 0.0398141 3 
0 0.0398259 3 
0 0.0398343 3 
0 0.0399161 3 
0 0.0400074 3 
0 0.0400224 3 
0 0.0400698 3 
0 0.0401586 3 
0 0.0401707 3 
0 0.0401908 3 
0 0.0401995 3 
0 0.0402297 3 
0 0.0402305 3 
0 0.0402443 3 
0 0.0403177 3 
0 0.0403828 3 
0 0.0403958 3 
0 0.040405 3 
0 0.0404629 3 
0 0.0405486 3 
0 0.0405682 3 
0 0.0405787 3 
0 0.0406158 3 
0 0.0406304 3 
0 0.0407151 3 
0 0.0407297 3 
0 0.0407433 3 
0 0.0407753 3 
0 0.0407781 3 
0 0.0408036 3 
0 0.0408201 3 
0 0.0409406 3 
0 0.0409421 3 
0 0.0410289 3 
0 0.0410368 3 
0 0.0411847 3 
0 0.0412055 3 
0 0.0412331 3 
0 0.0413103 3 
0 0.0413214 3 
0 0.0413882 3 
0 0.0414183 3 
0 0.0414236 3 
0 0.0414531 3 
0 0.0415133 3 
0 0.0415461 3 
0 0.0416777 3 
0 0.0418452 3 
0 0.041857 3 
0 0.0418656 3 
0 0.0420594 3 
0 0.0420989 3 
0 0.0421767 3 
0 0.04251 3 
0 0.0425259 3 
0 0.0425579 3 
0 0.0426527 3 
0 0.0427462 3 
0 0.0428962 3 
0 0.0429097 3 
0 0.0429951 3 
0 0.0430029 3 
0 0.0430284 3 
0 0.043129 3 
0 0.0431792 3 
0 0.0432372 3 
0 0.0433105 3 
0 0.0434614 3 
0 0.0438063 3 
0 0.0439226 3 
0 0.0446469 3 
0 inf 3 
0 0.016589 4 
0 0.0166535 4 
0 0.0167988 4 
0 0.0171421 4 
0 0.0171462 4 
0 0.0171468 4 
0 0.0172209 4 
0 0.0172601 4 
0 0.0173097 4 
0 0.0173178 4 
0 0.0173443 4 
0 0.0174791 4 
0 0.0175324 4 
0 0.0175462 4 
0 0.0176676 4 
0 0.0177857 4 
0 0.0178606 4 
0 0.0178766 4 
0 0.0179073 4 
0 0.0179139 4 
0 0.0179374 4 
0 0.0179919 4 
0 0.0179953 4 
0 0.0180004 4 
0 0.0180102 4 
0 0.0180245 4 
0 0.0180259 4 
0 0.0180323 4 
0 0.018082 4 
0 0.0181636 4 
0 0.0182152 4 
0 0.0182238 4 
0 0.0183053 4 
0 0.0183125 4 
0 0.0183669 4 
0 0.0184073 4 
0 0.018412 4 
0 0.0184132 4 
0 0.0184659 4 
0 0.018488 4 
0 0.0185388 4 
0 0.0185532 4 
0 0.0186055 4 
0 0.0186173 4 
0 0.0186346 4 
0 0.0186689 4 
0 0.01867 4 
0 0.0187083 4 
0 0.018762 4 
0 0.0188347 4 
0 0.0188545 4 
0 0.0188553 4 
0 0.0188621 4 
0 0.0188661 4 
0 0.0188891 4 
0 0.0189417 4 
0 0.0189506 4 
0 0.0190798 4 
0 0.0191259 4 
0 0.0191415 4 
0 0.0191964 4 
0 0.0192115 4 
0 0.0192394 4 
0 0.0192943 4 
0 0.0192954 4 
0 0.019322 4 
0 0.0193763 4 
0 0.0194194 4 
0 0.0194246 4 
0 0.0194276 4 
0 0.0194305 4 
0 0.0194328 4 
0 0.0194375 4 
0 0.0194612 4 
0 0.0195009 4 
0 0.0195095 4 
0 0.0195182 4 
0 0.0195591 4 
0 0.0195676 4 
0 0.0196224 4 
0 0.019634 4 
0 0.0196497 4 
0 0.0196962 4 
0 0.0197259 4 
0 0.0197344 4 
0 0.0197927 4 
0 0.0198095 4 
0 0.0198477 4 
0 0.0198485 4 
0 0.0198535 4 
0 0.0198775 4 
0 0.0199529 4 
0 0.0199544 4 
0 0.0200314 4 
0 0.0200437 4 
0 0.0200652 4 
0 0.0200702 4 
0 0.0201077 4 
0 0.0201938 4 
0 0.0202565 4 
0 0.0202629 4 
0 0.0203128 4 
0 0.0203352 4 
0 0.0204186 4 
0 0.020499 4 
0 0.0205158 4 
0 0.020546 4 
0 0.0205844 4 
0 0.0206525 4 
0 0.0206603 4 
0 0.0208274 4 
0 0.0208733 4 
0 0.021013 4 
0 0.0210186 4 
0 0.0210904 4 
0 0.0211318 4 
0 0.0211445 4 
0 0.0211513 4 
0 0.0211549 4 
0 0.0214553 4 
0 0.0214682 4 
0 0.0215718 4 
0 0.0216105 4 
0 0.0216545 4 
0 0.0217922 4 
0 0.0217937 4 
0 0.022064 4 
0 inf 4 
0 0.00786753 5 
0 0.00794949 5 
0 0.00811358 5 
0 0.00825656 5 
0 0.00825739 5 
0 0.00826047 5 
0 0.00829405 5 
0 0.00830969 5 
0 0.00837093 5 
0 0.00847688 5 
0 0.00848666 5 
0 0.0084962 5 
0 0.00854216 5 
0 0.00857569 5 
0 0.00860994 5 
0 0.00861215 5 
0 0.00861395 5 
0 0.00861942 5 
0 0.00870585 5 
0 0.00874928 5 
0 0.00877765 5 
0 0.00878544 5 
0 0.00880137 5 
0 0.00880261 5 
0 0.00880404 5 
0 0.0088465 5 
0 0.00887094 5 
0 0.00887978 5 
0 0.00891176 5 
0 0.00891325 5 
0 0.00893331 5 
0 0.0089707 5 
0 0.00898095 5 
0 0.00899407 5 
0 0.00901152 5 
0 0.00901239 5 
0 0.00901436 5 
0 0.00901552 5 
0 0.0090668 5 
0 0.00906688 5 
0 0.0091252 5 
0 0.00914914 5 
0 0.00915042 5 
0 0.00915185 5 
0 0.00916736 5 
0 0.00921303 5 
0 0.00921884 5 
0 0.00922105 5 
0 0.00923797 5 
0 0.00924056 5 
0 0.00926752 5 
0 0.00929181 5 
0 0.00933252 5 
0 0.00934479 5 
0 0.0094003 5 
0 0.00942243 5 
0 0.00942267 5 
0 0.00946474 5 
0 0.00949949 5 
0 0.00951704 5 
0 0.00953027 5 
0 0.00954157 5 
0 0.00957316 5 
0 0.0095841 5 
0 0.00959005 5 
0 0.00963031 5 
0 0.00967275 5 
0 0.0096768 5 
0 0.00967984 5 
0 0.00970569 5 
0 0.00971303 5 
0 0.00971391 5 
0 0.00971474 5 
0 0.00972567 5 
0 0.00975156 5 
0 0.00975881 5 
0 0.00979753 5 
0 0.00980171 5 
0 0.00980801 5 
0 0.00980818 5 
0 0.00981592 5 
0 0.00981909 5 
0 0.00982102 5 
0 0.00983188 5 
0 0.00983533 5 
0 0.00984147 5 
0 0.00984308 5 
0 0.00984971 5 
0 0.00988826 5 
0 0.00989995 5 
0 0.0099414 5 
0 0.00995206 5 
0 0.00997162 5 
0 0.0100349 5 
0 0.0100611 5 
0 0.0100874 5 
0 0.0100899 5 
0 0.0101409 5 
0 0.0101607 5 
0 0.0101617 5 
0 0.0101849 5 
0 0.0101962 5 
0 0.0102186 5 
0 0.0102626 5 
0 0.0102686 5 
0 0.0103158 5 
0 0.0103275 5 
0 0.0103695 5 
0 0.0104678 5 
0 0.0105297 5 
0 0.010532 5 
0 0.010551 5 
0 0.0105831 5 
0 0.0106068 5 
0 0.01063 5 
0 0.010666 5 
0 0.0107023 5 
0 0.0107703 5 
0 0.0107936 5 
0 0.0109048 5 
0 0.0109593 5 
0 0.0110333 5 
0 0.0111037 5 
0 0.011122 5 
0 0.0111332 5 
0 0.0111646 5 
0 0.0114948 5 
0 inf 5 
0 0.00384496 6 
0 0.0039261 6 
0 0.00398868 6 
0 0.00402519 6 
0 0.00402738 6 
0 0.00407788 6 
0 0.0041029 6 
0 0.00415829 6 
0 0.00417355 6 
0 0.00419332 6 
0 0.00421722 6 
0 0.00426673 6 
0 0.00428181 6 
0 0.0042995 6 
0 0.00432624 6 
0 0.00433604 6 
0 0.00435131 6 
0 0.00435472 6 
0 0.00436005 6 
0 0.00436216 6 
0 0.00437241 6 
0 0.0043791 6 
0 0.00440246 6 
0 0.00442757 6 
0 0.00445121 6 
0 0.00445535 6 
0 0.00445559 6 
0 0.00447039 6 
0 0.00448081 6 
0 0.00451006 6 
0 0.00451133 6 
0 0.00451757 6 
0 0.00451836 6 
0 0.00452162 6 
0 0.00452953 6 
0 0.00453053 6 
0 0.0045427 6 
0 0.00455912 6 
0 0.00459429 6 
0 0.00459445 6 
0 0.0046005 6 
0 0.00461322 6 
0 0.0046143 6 
0 0.00462339 6 
0 0.00464275 6 
0 0.00468003 6 
0 0.00468372 6 
0 0.00468522 6 
0 0.00472493 6 
0 0.00472855 6 
0 0.00475183 6 
0 0.00476204 6 
0 0.00476616 6 
0 0.00476847 6 
0 0.004782 6 
0 0.00478415 6 
0 0.00479332 6 
0 0.00481608 6 
0 0.00483123 6 
0 0.00486089 6 
0 0.00486186 6 
0 0.00487389 6 
0 0.00487642 6 
0 0.00487761 6 
0 0.00487925 6 
0 0.00489303 6 
0 0.00490954 6 
0 0.00491554 6 
0 0.00493055 6 
0 0.00493442 6 
0 0.00494624 6 
0 0.00494987 6 
0 0.00496575 6 
0 0.00496724 6 
0 0.00496866 6 
0 0.00497138 6 
0 0.00497659 6 
0 0.0049836 6 
0 0.00498559 6 
0 0.00498801 6 
0 0.0049903 6 
0 0.00499972 6 
0 0.00500215 6 
0 0.00503544 6 
0 0.00503659 6 
0 0.00504451 6 
0 0.0050633 6 
0 0.00507705 6 
0 0.00507757 6 
0 0.00508535 6 
0 0.00510579 6 
0 0.00511648 6 
0 0.00512014 6 
0 0.00512548 6 
0 0.0051285 6 
0 0.00513354 6 
0 0.00516704 6 
0 0.00518702 6 
0 0.00518868 6 
0 0.00519058 6 
0 0.0052016 6 
0 0.00521678 6 
0 0.0052347 6 
0 0.00530673 6 
0 0.00532726 6 
0 0.00533734 6 
0 0.00534934 6 
0 0.00536611 6 
0 0.00537236 6 
0 0.00538711 6 
0 0.00540728 6 
0 0.00541905 6 
0 0.00543021 6 
0 0.00544208 6 
0 0.00548575 6 
0 0.00548765 6 
0 0.00555344 6 
0 0.00561871 6 
0 0.00562598 6 
0 0.00562931 6 
0 0.00565381 6 
0 0.00572476 6 
0 0.00576288 6 
0 0.00582507 6 
0 0.00584104 6 
0 0.00584612 6 
0 0.00619182 6 
0 inf 6 
0 0.00192993 7 
0 0.00196402 7 
0 0.00199669 7 
0 0.00200041 7 
0 0.00204065 7 
0 0.00204674 7 
0 0.00207304 7 
0 0.00208758 7 
0 0.00210448 7 
0 0.00213814 7 
0 0.00215296 7 
0 0.00217248 7 
0 0.0021823 7 
0 0.00219993 7 
0 0.00221097 7 
0 0.00221689 7 
0 0.0022197 7 
0 0.0022267 7 
0 0.00222684 7 
0 0.00223843 7 
0 0.00226122 7 
0 0.00226538 7 
0 0.00226648 7 
0 0.00226794 7 
0 0.00227406 7 
0 0.00228305 7 
0 0.00228516 7 
0 0.0022891 7 
0 0.00229243 7 
0 0.00230502 7 
0 0.00230729 7 
0 0.00231024 7 
0 0.00231432 7 
0 0.00232212 7 
0 0.00234532 7 
0 0.00234825 7 
0 0.00235528 7 
0 0.00236067 7 
0 0.00236746 7 
0 0.00237391 7 
0 0.00237931 7 
0 0.0024032 7 
0 0.002422 7 
0 0.00243252 7 
0 0.00243626 7 
0 0.00243661 7 
0 0.00244323 7 
0 0.00244616 7 
0 0.00244632 7 
0 0.0024616 7 
0 0.00246916 7 
0 0.00247136 7 
0 0.00248033 7 
0 0.00248469 7 
0 0.00248534 7 
0 0.00248627 7 
0 0.00248765 7 
0 0.00249044 7 
0 0.00249348 7 
0 0.00249461 7 
0 0.0025144 7 
0 0.00251784 7 
0 0.00252279 7 
0 0.00252528 7 
0 0.00252822 7 
0 0.00253595 7 
0 0.0025395 7 
0 0.00254058 7 
0 0.00254914 7 
0 0.00256825 7 
0 0.00256964 7 
0 0.00257033 7 
0 0.0025729 7 
0 0.00257877 7 
0 0.00258334 7 
0 0.00258467 7 
0 0.0025864 7 
0 0.00259696 7 
0 0.00259884 7 
0 0.00259945 7 
0 0.00260072 7 
0 0.00260806 7 
0 0.00261084 7 
0 0.00261422 7 
0 0.00262451 7 
0 0.0026256 7 
0 0.00263044 7 
0 0.00263529 7 
0 0.00263746 7 
0 0.00264361 7 
0 0.00264515 7 
0 0.00264965 7 
0 0.00266092 7 
0 0.00266302 7 
0 0.00266646 7 
0 0.00267058 7 
0 0.00268358 7 
0 0.00269563 7 
0 0.0027009 7 
0 0.00270675 7 
0 0.00270729 7 
0 0.00272437 7 
0 0.00272638 7 
0 0.00276749 7 
0 0.00277533 7 
0 0.00277644 7 
0 0.0027851 7 
0 0.00278989 7 
0 0.00279323 7 
0 0.00279914 7 
0 0.00280638 7 
0 0.00280744 7 
0 0.00282205 7 
0 0.00283632 7 
0 0.00285458 7 
0 0.00286399 7 
0 0.00287248 7 
0 0.00292258 7 
0 0.00297122 7 
0 0.0029938 7 
0 0.00300679 7 
0 0.00301662 7 
0 0.00302662 7 
0 0.00310774 7 
0 0.00311253 7 
0 0.00313935 7 
0 0.00329172 7 
0 inf 7 
0 0.000983729 8 
0 0.000991966 8 
0 0.00101165 8 
0 0.00104099 8 
0 0.0010433 8 
0 0.00104506 8 
0 0.00105038 8 
0 0.00106844 8 
0 0.00108254 8 
0 0.00111989 8 
0 0.00112071 8 
0 0.00112097 8 
0 0.00112561 8 
0 0.00112776 8 
0 0.00114086 8 
0 0.00115044 8 
0 0.00115352 8 
0 0.00115782 8 
0 0.00115813 8 
0 0.00115864 8 
0 0.0011702 8 
0 0.00117295 8 
0 0.00117799 8 
0 0.00118091 8 
0 0.00118163 8 
0 0.0011843 8 
0 0.001198 8 
0 0.00120276 8 
0 0.00120781 8 
0 0.00120967 8 
0 0.00121046 8 
0 0.00121336 8 
0 0.00121368 8 
0 0.00122167 8 
0 0.00122253 8 
0 0.00122373 8 
0 0.00123016 8 
0 0.00124929 8 
0 0.00126493 8 
0 0.00126558 8 
0 0.00126571 8 
0 0.00127031 8 
0 0.00127055 8 
0 0.00127423 8 
0 0.00127813 8 
0 0.00127841 8 
0 0.00128169 8 
0 0.0012828 8 
0 0.00128662 8 
0 0.00128732 8 
0 0.00128739 8 
0 0.00128942 8 
0 0.00129964 8 
0 0.00130217 8 
0 0.00131073 8 
0 0.00131408 8 
0 0.00131461 8 
0 0.00131539 8 
0 0.00131963 8 
0 0.00132013 8 
0 0.00132089 8 
0 0.00132115 8 
0 0.00132544 8 
0 0.00133152 8 
0 0.00133702 8 
0 0.00133736 8 
0 0.00134741 8 
0 0.00134904 8 
0 0.00134967 8 
0 0.00135065 8 
0 0.0013507 8 
0 0.00135309 8 
0 0.00135811 8 
0 0.00135856 8 
0 0.001359 8 
0 0.00136046 8 
0 0.00136169 8 
0 0.00136214 8 
0 0.00136296 8 
0 0.0013662 8 
0 0.00136726 8 
0 0.00137151 8 
0 0.00137369 8 
0 0.00137571 8 
0 0.00137697 8 
0 0.00137821 8 
0 0.00138091 8 
0 0.00138167 8 
0 0.00138293 8 
0 0.00138454 8 
0 0.00138578 8 
0 0.00139717 8 
0 0.00140139 8 
0 0.00140344 8 
0 0.00140901 8 
0 0.00141192 8 
0 0.00141609 8 
0 0.00141754 8 
0 0.00142415 8 
0 0.00143876 8 
0 0.00144226 8 
0 0.00144911 8 
0 0.00144974 8 
0 0.00144994 8 
0 0.00145112 8 
0 0.00145196 8 
0 0.00145228 8 
0 0.00145674 8 
0 0.00145968 8 
0 0.00146925 8 
0 0.00147116 8 
0 0.00147464 8 
0 0.00147904 8 
0 0.00149243 8 
0 0.00149465 8 
0 0.00151091 8 
0 0.00154322 8 
0 0.00155587 8 
0 0.00158414 8 
0 0.00161359 8 
0 0.00161434 8 
0 0.00163218 8 
0 0.00163517 8 
0 0.00166546 8 
0 0.00166969 8 
0 0.00167709 8 
0 0.00176716 8 
0 inf 8 
0 0.000500363 9 
0 0.000520003 9 
0 0.000520565 9 
0 0.00053071 9 
0 0.000541499 9 
0 0.000547353 9 
0 0.000550808 9 
0 0.000554054 9 
0 0.000569893 9 
0 0.000574513 9 
0 0.000581049 9 
0 0.000586148 9 
0 0.000594423 9 
0 0.000600367 9 
0 0.000602091 9 
0 0.000604821 9 
0 0.000605426 9 
0 0.000606037 9 
0 0.000607183 9 
0 0.000611274 9 
0 0.000613999 9 
0 0.000616583 9 
0 0.000619885 9 
0 0.000620413 9 
0 0.000622136 9 
0 0.000630462 9 
0 0.000633628 9 
0 0.000635419 9 
0 0.000638553 9 
0 0.000639632 9 
0 0.000642099 9 
0 0.000643261 9 
0 0.000645081 9 
0 0.000647892 9 
0 0.000649967 9 
0 0.000657911 9 
0 0.000659832 9 
0 0.000665404 9 
0 0.000665575 9 
0 0.000665705 9 
0 0.000665816 9 
0 0.000666065 9 
0 0.000668638 9 
0 0.000668946 9 
0 0.000677251 9 
0 0.000677273 9 
0 0.000679929 9 
0 0.000684114 9 
0 0.000687466 9 
0 0.000689078 9 
0 0.000689931 9 
0 0.000690474 9 
0 0.000690996 9 
0 0.000691049 9 
0 0.000693 9 
0 0.000693165 9 
0 0.000693847 9 
0 0.000700958 9 
0 0.000704304 9 
0 0.000705276 9 
0 0.000705662 9 
0 0.00070579 9 
0 0.000706357 9 
0 0.000709345 9 
0 0.000710216 9 
0 0.000710417 9 
0 0.000710501 9 
0 0.000716133 9 
0 0.000717941 9 
0 0.000718203 9 
0 0.000720202 9 
0 0.000720516 9 
0 0.000721952 9 
0 0.00072224 9 
0 0.000723971 9 
0 0.000725089 9 
0 0.000725601 9 
0 0.000725606 9 
0 0.000726921 9 
0 0.000729332 9 
0 0.000730316 9 
0 0.000731948 9 
0 0.000732058 9 
0 0.000732606 9 
0 0.000734264 9 
0 0.000737179 9 
0 0.000737633 9 
0 0.00073833 9 
0 0.000739695 9 
0 0.000744374 9 
0 0.000744958 9 
0 0.000748283 9 
0 0.000750568 9 
0 0.000754756 9 
0 0.000755061 9 
0 0.000756173 9 
0 0.000757332 9 
0 0.000757594 9 
0 0.000758662 9 
0 0.000758817 9 
0 0.000762786 9 
0 0.00076353 9 
0 0.000765221 9 
0 0.000770357 9 
0 0.00077348 9 
0 0.000774634 9 
0 0.000778053 9 
0 0.00078001 9 
0 0.00078361 9 
0 0.000785674 9 
0 0.000786277 9 
0 0.00078676 9 
0 0.000790614 9 
0 0.000802724 9 
0 0.000803867 9 
0 0.000804122 9 
0 0.000841604 9 
0 0.000846539 9 
0 0.000859618 9 
0 0.000871348 9 
0 0.00087856 9 
0 0.000882415 9 
0 0.000888213 9 
0 0.000892941 9 
0 0.00090248 9 
0 0.000904035 9 
0 0.000956737 9 
0 inf 9 
