0.522781 0.541628 0 
0.52219 0.538565 0 
0.522148 0.538766 0 
0.522083 0.540888 0 
0.521944 0.541179 0 
0.52146 0.539802 0 
0.521195 0.539982 0 
0.521149 0.540725 0 
0.521126 0.541202 0 
0.520866 0.540095 0 
0.52046 0.538766 0 
0.520428 0.539318 0 
0.520415 0.539231 0 
0.520399 0.521064 0 
0.520337 0.537518 0 
0.520332 0.543334 0 
0.520279 0.542293 0 
0.520265 0.542433 0 
0.520222 0.537518 0 
0.52013 0.53975 0 
0.520063 0.54046 0 
0.52001 0.540061 0 
0.520005 0.541952 0 
0.519949 0.539318 0 
0.519907 0.54371 0 
0.519889 0.537518 0 
0.519785 0.538628 0 
0.519731 0.540588 0 
0.519703 0.53985 0 
0.519697 0.5213 0 
0.519575 0.541795 0 
0.519559 0.541952 0 
0.519547 0.53985 0 
0.519487 0.540129 0 
0.519475 0.539318 0 
0.519406 0.521024 0 
0.519341 0.539518 0 
0.519288 0.538766 0 
0.519247 0.520653 0 
0.519084 0.520733 0 
0.519068 0.540252 0 
0.518993 0.521041 0 
0.518981 0.541211 0 
0.518966 0.538133 0 
0.518938 0.539541 0 
0.518896 0.540875 0 
0.518824 0.540374 0 
0.518776 0.541556 0 
0.518774 0.53985 0 
0.518739 0.519879 0 
0.518717 0.521095 0 
0.518706 0.541824 0 
0.518661 0.542081 0 
0.518656 0.518728 0 
0.518644 0.518739 0 
0.518627 0.540496 0 
0.518626 0.518881 0 
0.518617 0.540222 0 
0.5186 0.539713 0 
0.51858 0.540588 0 
0.518518 0.538788 0 
0.518485 0.539106 0 
0.518472 0.540607 0 
0.51843 0.541824 0 
0.518421 0.541339 0 
0.518381 0.540705 0 
0.518337 0.540489 0 
0.518298 0.540774 0 
0.518282 0.538788 0 
0.518278 0.538628 0 
0.518222 0.53975 0 
0.518217 0.519907 0 
0.518171 0.543946 0 
0.51817 0.518633 0 
0.518158 0.539518 0 
0.51814 0.539106 0 
0.518073 0.538639 0 
0.518044 0.540325 0 
0.518014 0.542077 0 
0.517995 0.540106 0 
0.517958 0.541838 0 
0.517934 0.51843 0 
0.517792 0.542057 0 
0.517784 0.541287 0 
0.517687 0.539476 0 
0.517664 0.51775 0 
0.517583 0.540588 0 
0.517554 0.517664 0 
0.517546 0.517894 0 
0.517451 0.5395 0 
0.517388 0.538611 0 
0.517337 0.518049 0 
0.517292 0.541274 0 
0.517269 0.53922 0 
0.517268 0.539476 0 
0.517208 0.544001 0 
0.517132 0.541287 0 
0.5171 0.540875 0 
0.517092 0.517705 0 
0.517091 0.518634 0 
0.517085 0.517896 0 
0.517051 0.539028 0 
0.517008 0.540901 0 
0.516976 0.53966 0 
0.51694 0.540588 0 
0.516939 0.539541 0 
0.51693 0.540496 0 
0.516916 0.543693 0 
0.51686 0.540435 0 
0.516839 0.517826 0 
0.516831 0.518373 0 
0.516725 0.542998 0 
0.51672 0.518881 0 
0.516714 0.541509 0 
0.516693 0.516708 0 
0.516679 0.516786 0 
0.516647 0.540607 0 
0.516576 0.517176 0 
0.51655 0.543464 0 
0.516481 0.541838 0 
0.516439 0.540485 0 
0.516426 0.539153 0 
0.516404 0.516645 0 
0.516369 0.543057 0 
0.516365 0.517289 0 
0.516356 0.51911 0 
0.516325 0.540061 0 
0.516303 0.540376 0 
0.516268 0.518739 0 
0.516258 0.517399 0 
0.516252 0.54256 0 
0.516245 0.519793 0 
0.516244 0.519186 0 
0.516239 0.54053 0 
0.516233 0.517164 0 
0.516228 0.51817 0 
0.516185 0.516527 0 
0.516167 0.539231 0 
0.516161 0.51667 0 
0.51616 0.541184 0 
0.516148 0.540749 0 
0.516144 0.517416 0 
0.516139 0.519721 0 
0.516122 0.517357 0 
0.5161 0.51775 0 
0.51609 0.541795 0 
0.516034 0.542445 0 
0.516032 0.519141 0 
0.516024 0.541139 0 
0.516021 0.542363 0 
0.515991 0.539262 0 
0.515987 0.516457 0 
0.515972 0.51804 0 
0.515957 0.53975 0 
0.515936 0.540061 0 
0.515922 0.5395 0 
0.515899 0.516047 0 
0.515886 0.542081 0 
0.51587 0.518182 0 
0.515857 0.538215 0 
0.515854 0.516995 0 
0.515835 0.539344 0 
0.515813 0.53857 0 
0.515782 0.544252 0 
0.515773 0.540749 0 
0.515772 0.543546 0 
0.515769 0.544055 0 
0.515757 0.539769 0 
0.515747 0.519529 0 
0.515731 0.520642 0 
0.51573 0.544418 0 
0.51569 0.517164 0 
0.515669 0.541824 0 
0.515654 0.517798 0 
0.515651 0.520807 0 
0.515626 0.54053 0 
0.515605 0.518842 0 
0.515581 0.517176 0 
0.515571 0.543876 0 
0.515568 0.520214 0 
0.515504 0.516146 0 
0.515428 0.537518 0 
0.515424 0.516583 0 
0.515419 0.51607 0 
0.515382 0.540562 0 
0.51537 0.516801 0 
0.515338 0.519907 0 
0.515312 0.533459 0 
0.515301 0.541139 0 
0.515293 0.541213 0 
0.51529 0.519314 0 
0.515276 0.541211 0 
0.515234 0.517376 0 
0.515222 0.517309 0 
0.515221 0.517894 0 
0.515204 0.517547 0 
0.51517 0.54214 0 
0.515168 0.546444 0 
0.515166 0.515619 0 
0.515155 0.516094 0 
0.51515 0.542457 0 
0.515143 0.519795 0 
0.515139 0.518615 0 
0.515116 0.516093 0 
0.515114 0.540545 0 
0.515068 0.518912 0 
0.515056 0.539344 0 
0.515018 0.518865 0 
0.515008 0.519159 0 
0.515007 0.521236 0 
0.514986 0.537663 0 
0.514981 0.539141 0 
0.514966 0.54117 0 
0.514963 0.515782 0 
0.514939 0.51836 0 
0.514934 0.542161 0 
0.514919 0.515186 0 
0.514901 0.518944 0 
0.514883 0.542758 0 
0.514862 0.541283 0 
0.514862 0.540155 0 
0.514857 0.540705 0 
0.514845 0.517694 0 
0.514799 0.516562 0 
0.514765 0.541317 0 
0.51472 0.517684 0 
0.514714 0.517895 0 
0.514713 0.51756 0 
0.514659 0.517275 0 
0.514638 0.51836 0 
0.514632 0.538639 0 
0.514625 0.538511 0 
0.514597 0.54199 0 
0.514588 0.538628 0 
0.514582 0.54061 0 
0.514582 0.516687 0 
0.514552 0.518406 0 
0.514549 0.517203 0 
0.514538 0.539821 0 
0.514509 0.539708 0 
0.514507 0.54189 0 
0.514504 0.538628 0 
0.514497 0.538215 0 
0.514472 0.515306 0 
0.514469 0.539153 0 
0.514453 0.51854 0 
0.514446 0.517361 0 
0.514446 0.518824 0 
0.514425 0.542576 0 
0.5144 0.518373 0 
0.514379 0.516258 0 
0.514372 0.517519 0 
0.51437 0.539821 0 
0.51436 0.541803 0 
0.514344 0.518818 0 
0.514328 0.538511 0 
0.514328 0.517705 0 
0.514304 0.51911 0 
0.514286 0.519114 0 
0.514286 0.542836 0 
0.514273 0.543946 0 
0.514267 0.514803 0 
0.514265 0.517185 0 
0.514241 0.519424 0 
0.514231 0.543876 0 
0.514229 0.517684 0 
0.514227 0.51843 0 
0.514225 0.543338 0 
0.514223 0.542445 0 
0.514217 0.539541 0 
0.514205 0.538049 0 
0.514195 0.516166 0 
0.514176 0.51667 0 
0.514159 0.54053 0 
0.514135 0.516146 0 
0.514132 0.518526 0 
0.514099 0.538766 0 
0.514092 0.539141 0 
0.514006 0.519311 0 
0.51399 0.538565 0 
0.513982 0.516145 0 
0.513978 0.520305 0 
0.513972 0.516295 0 
0.513969 0.538049 0 
0.513944 0.541179 0 
0.513939 0.516891 0 
0.513927 0.541188 0 
0.513927 0.541389 0 
0.513925 0.537663 0 
0.513924 0.540806 0 
0.513919 0.539231 0 
0.513891 0.542676 0 
0.513841 0.540705 0 
0.513835 0.53922 0 
0.51382 0.540106 0 
0.513817 0.514122 0 
0.513782 0.539476 0 
0.513761 0.520679 0 
0.513754 0.520733 0 
0.513703 0.539141 0 
0.51366 0.519479 0 
0.513647 0.537739 0 
0.513642 0.520902 0 
0.513603 0.542635 0 
0.513592 0.519125 0 
0.51358 0.540497 0 
0.513573 0.539518 0 
0.513556 0.537663 0 
0.51355 0.53932 0 
0.513527 0.54131 0 
0.513506 0.542001 0 
0.51348 0.542148 0 
0.513457 0.54117 0 
0.513447 0.540374 0 
0.513424 0.514803 0 
0.51338 0.539713 0 
0.513354 0.544273 0 
0.513345 0.53932 0 
0.513343 0.539344 0 
0.513323 0.516388 0 
0.513286 0.538049 0 
0.513281 0.539344 0 
0.513263 0.540485 0 
0.513221 0.542441 0 
0.513191 0.539028 0 
0.513184 0.513857 0 
0.513176 0.541317 0 
0.51314 0.538639 0 
0.51313 0.518014 0 
0.513108 0.54061 0 
0.513098 0.517223 0 
0.513097 0.539541 0 
0.513081 0.540932 0 
0.512998 0.537518 0 
0.512963 0.514186 0 
0.512957 0.537739 0 
0.512938 0.542441 0 
0.512936 0.542955 0 
0.512922 0.53975 0 
0.512906 0.539153 0 
0.512899 0.539982 0 
0.512897 0.53857 0 
0.512897 0.518366 0 
0.512896 0.537739 0 
0.512792 0.540875 0 
0.512775 0.539846 0 
0.51276 0.538788 0 
0.512754 0.540607 0 
0.512752 0.518152 0 
0.51273 0.539713 0 
0.51267 0.518014 0 
0.512639 0.517463 0 
0.512535 0.543102 0 
0.512495 0.539318 0 
0.512467 0.538049 0 
0.512466 0.542433 0 
0.51245 0.53975 0 
0.512417 0.540588 0 
0.512403 0.538049 0 
0.512345 0.539518 0 
0.512295 0.541022 0 
0.512281 0.543469 0 
0.512274 0.540279 0 
0.512249 0.540376 0 
0.512244 0.543201 0 
0.512232 0.542394 0 
0.512216 0.537518 0 
0.51221 0.542657 0 
0.512203 0.539106 0 
0.512199 0.540458 0 
0.512143 0.543876 0 
0.512143 0.54648 0 
0.512121 0.540106 0 
0.512117 0.53975 0 
0.512047 0.51734 0 
0.512001 0.540061 0 
0.511989 0.540155 0 
0.51191 0.541414 0 
0.511906 0.540489 0 
0.511896 0.539262 0 
0.511831 0.540725 0 
0.511806 0.542627 0 
0.511803 0.540129 0 
0.511717 0.540774 0 
0.511647 0.543508 0 
0.511631 0.54011 0 
0.511555 0.539231 0 
0.511486 0.522283 0 
0.511456 0.541339 0 
0.511445 0.540485 0 
0.511429 0.514978 0 
0.511407 0.539846 0 
0.511385 0.519793 0 
0.511352 0.538788 0 
0.511302 0.539802 0 
0.511275 0.539262 0 
0.511249 0.542151 0 
0.511228 0.541589 0 
0.511179 0.541439 0 
0.511149 0.542955 0 
0.511118 0.54219 0 
0.511037 0.541429 0 
0.510974 0.541803 0 
0.510942 0.544252 0 
0.510829 0.540496 0 
0.510648 0.543098 0 
0.510627 0.545475 0 
0.510551 0.513514 0 
0.510248 0.539141 0 
0.507325 0.513253 0 
0.217082 0.227454 1 
0.216547 0.224815 1 
0.21594 0.226658 1 
0.215578 0.222328 1 
0.215548 0.22295 1 
0.215159 0.220503 1 
0.214592 0.226721 1 
0.214565 0.22124 1 
0.214544 0.2227 1 
0.214438 0.223067 1 
0.214378 0.223999 1 
0.214372 0.224467 1 
0.214366 0.227868 1 
0.214359 0.218716 1 
0.214312 0.222058 1 
0.214296 0.224551 1 
0.21425 0.220392 1 
0.214093 0.224221 1 
0.2138 0.226913 1 
0.213769 0.222443 1 
0.213749 0.224221 1 
0.213671 0.225957 1 
0.213573 0.221213 1 
0.213548 0.22676 1 
0.21347 0.223425 1 
0.213464 0.23009 1 
0.213461 0.220787 1 
0.213435 0.226465 1 
0.213413 0.222061 1 
0.213396 0.224248 1 
0.213345 0.222173 1 
0.213308 0.223314 1 
0.213253 0.221954 1 
0.213231 0.224157 1 
0.213223 0.222466 1 
0.213174 0.226465 1 
0.213099 0.220563 1 
0.213072 0.219879 1 
0.213063 0.224343 1 
0.213 0.222225 1 
0.212994 0.223048 1 
0.212992 0.219879 1 
0.212985 0.225952 1 
0.212856 0.221712 1 
0.2128 0.221185 1 
0.212775 0.218702 1 
0.212761 0.221954 1 
0.212757 0.219203 1 
0.212745 0.225978 1 
0.212734 0.223467 1 
0.212666 0.21998 1 
0.21264 0.21651 1 
0.212536 0.224285 1 
0.212523 0.222958 1 
0.212504 0.227028 1 
0.2125 0.221756 1 
0.212493 0.223904 1 
0.212484 0.219879 1 
0.212476 0.219203 1 
0.212459 0.227586 1 
0.21236 0.220325 1 
0.21236 0.222618 1 
0.212356 0.226188 1 
0.212217 0.224914 1 
0.212194 0.220962 1 
0.21218 0.222302 1 
0.212162 0.21651 1 
0.212153 0.223241 1 
0.212151 0.21994 1 
0.212115 0.21957 1 
0.212115 0.221701 1 
0.212105 0.223015 1 
0.212095 0.221954 1 
0.212001 0.227468 1 
0.211987 0.218505 1 
0.211843 0.221213 1 
0.21183 0.225371 1 
0.211786 0.219855 1 
0.211738 0.212525 1 
0.211733 0.221536 1 
0.211725 0.223355 1 
0.211705 0.220624 1 
0.211691 0.222608 1 
0.211654 0.225842 1 
0.211653 0.220392 1 
0.211628 0.220392 1 
0.21159 0.22323 1 
0.211511 0.222958 1 
0.211496 0.21998 1 
0.211463 0.223613 1 
0.211405 0.222474 1 
0.211373 0.219203 1 
0.211345 0.223628 1 
0.21134 0.220563 1 
0.211314 0.222474 1 
0.211297 0.224458 1 
0.211274 0.222061 1 
0.211248 0.221854 1 
0.211245 0.211647 1 
0.211226 0.226 1 
0.211216 0.219692 1 
0.211179 0.225912 1 
0.21117 0.220325 1 
0.211157 0.220017 1 
0.211125 0.224907 1 
0.211106 0.22505 1 
0.211094 0.224867 1 
0.211072 0.21651 1 
0.211068 0.223471 1 
0.21103 0.221305 1 
0.211007 0.220754 1 
0.210928 0.220269 1 
0.210914 0.226452 1 
0.210913 0.22124 1 
0.210869 0.223018 1 
0.210857 0.227586 1 
0.210818 0.222608 1 
0.210729 0.218626 1 
0.210673 0.224082 1 
0.210631 0.220698 1 
0.210628 0.224119 1 
0.210615 0.218626 1 
0.210542 0.225302 1 
0.210435 0.219855 1 
0.210359 0.221185 1 
0.210346 0.22189 1 
0.210299 0.210516 1 
0.210244 0.222061 1 
0.21021 0.21061 1 
0.210157 0.222503 1 
0.210133 0.222503 1 
0.210108 0.221712 1 
0.210071 0.222246 1 
0.210016 0.219012 1 
0.210004 0.211846 1 
0.209991 0.221954 1 
0.209966 0.218606 1 
0.209961 0.224839 1 
0.209908 0.222887 1 
0.209892 0.226445 1 
0.209852 0.221854 1 
0.209847 0.210056 1 
0.209817 0.22146 1 
0.209797 0.22189 1 
0.209792 0.221396 1 
0.20978 0.225164 1 
0.209774 0.225083 1 
0.209732 0.223919 1 
0.209721 0.225164 1 
0.209716 0.224157 1 
0.209676 0.221004 1 
0.209582 0.219719 1 
0.209565 0.22146 1 
0.20954 0.219692 1 
0.209518 0.224091 1 
0.209497 0.222877 1 
0.209391 0.217728 1 
0.209303 0.211298 1 
0.209254 0.222076 1 
0.209227 0.221916 1 
0.209222 0.22133 1 
0.209214 0.219692 1 
0.209186 0.219855 1 
0.209162 0.210022 1 
0.209086 0.223322 1 
0.209084 0.209842 1 
0.209061 0.219468 1 
0.209024 0.218606 1 
0.209007 0.209493 1 
0.209 0.224091 1 
0.209 0.221213 1 
0.208932 0.212103 1 
0.208882 0.224082 1 
0.208871 0.223551 1 
0.20873 0.222503 1 
0.208713 0.219205 1 
0.20867 0.222343 1 
0.208663 0.222845 1 
0.208615 0.209216 1 
0.208588 0.21957 1 
0.20847 0.220563 1 
0.208465 0.226008 1 
0.208464 0.209234 1 
0.208419 0.219855 1 
0.208407 0.208618 1 
0.208356 0.209868 1 
0.208329 0.209037 1 
0.208307 0.219468 1 
0.208256 0.218397 1 
0.20823 0.20933 1 
0.20822 0.208732 1 
0.20821 0.21957 1 
0.208204 0.218702 1 
0.208158 0.219538 1 
0.208127 0.222246 1 
0.208108 0.209763 1 
0.208078 0.209088 1 
0.207946 0.223731 1 
0.2079 0.208178 1 
0.207893 0.226177 1 
0.207889 0.224091 1 
0.207815 0.219205 1 
0.207804 0.222608 1 
0.207804 0.221701 1 
0.207777 0.219538 1 
0.207753 0.219538 1 
0.207726 0.207885 1 
0.20768 0.231034 1 
0.207661 0.208685 1 
0.207574 0.218626 1 
0.207463 0.220325 1 
0.207438 0.208413 1 
0.207438 0.207635 1 
0.207402 0.208326 1 
0.207374 0.222555 1 
0.207342 0.208694 1 
0.207296 0.220538 1 
0.207259 0.219538 1 
0.207248 0.207681 1 
0.207231 0.22038 1 
0.20718 0.207663 1 
0.207179 0.219879 1 
0.207125 0.218009 1 
0.207047 0.220503 1 
0.207019 0.21994 1 
0.207016 0.209312 1 
0.206987 0.210389 1 
0.206982 0.222264 1 
0.20697 0.208516 1 
0.206965 0.21957 1 
0.206945 0.207309 1 
0.206933 0.218626 1 
0.206894 0.208273 1 
0.206848 0.207951 1 
0.206844 0.211647 1 
0.206828 0.221396 1 
0.206818 0.221757 1 
0.206816 0.222121 1 
0.206809 0.208511 1 
0.206746 0.224467 1 
0.206745 0.21651 1 
0.206732 0.227702 1 
0.206703 0.207814 1 
0.206685 0.20983 1 
0.206555 0.207087 1 
0.206546 0.210082 1 
0.206519 0.210408 1 
0.206488 0.224443 1 
0.206465 0.207751 1 
0.206461 0.219492 1 
0.20644 0.210098 1 
0.206426 0.222269 1 
0.20641 0.209153 1 
0.206388 0.206928 1 
0.20638 0.220563 1 
0.206373 0.206419 1 
0.206352 0.219012 1 
0.206315 0.209134 1 
0.206287 0.223241 1 
0.206281 0.209294 1 
0.20628 0.22295 1 
0.206254 0.224164 1 
0.206199 0.207301 1 
0.206187 0.209604 1 
0.206137 0.207768 1 
0.206133 0.20851 1 
0.206122 0.207628 1 
0.206122 0.206308 1 
0.20609 0.207624 1 
0.206067 0.219492 1 
0.206062 0.219468 1 
0.206043 0.217728 1 
0.206037 0.207805 1 
0.205982 0.220624 1 
0.205874 0.207681 1 
0.205868 0.208323 1 
0.205672 0.217149 1 
0.20566 0.206707 1 
0.205637 0.21998 1 
0.205612 0.220269 1 
0.205604 0.207321 1 
0.205604 0.220436 1 
0.20557 0.221954 1 
0.205555 0.21084 1 
0.205507 0.222474 1 
0.205492 0.219492 1 
0.205469 0.21651 1 
0.205454 0.22146 1 
0.205449 0.206394 1 
0.205442 0.227468 1 
0.205413 0.220325 1 
0.205411 0.22327 1 
0.205333 0.218397 1 
0.205317 0.218606 1 
0.205274 0.224815 1 
0.205271 0.205456 1 
0.205268 0.217573 1 
0.205243 0.206091 1 
0.205242 0.208439 1 
0.205222 0.205845 1 
0.205182 0.207634 1 
0.205181 0.219012 1 
0.20518 0.208889 1 
0.205179 0.209507 1 
0.205176 0.22038 1 
0.205175 0.205256 1 
0.205152 0.22189 1 
0.205125 0.221185 1 
0.205115 0.220962 1 
0.205106 0.224285 1 
0.204993 0.221213 1 
0.204969 0.217728 1 
0.204899 0.208446 1 
0.204845 0.207188 1 
0.204821 0.210385 1 
0.204816 0.206169 1 
0.204743 0.217573 1 
0.204727 0.210683 1 
0.204699 0.210699 1 
0.204693 0.210852 1 
0.204653 0.208116 1 
0.204629 0.207968 1 
0.204621 0.220787 1 
0.204609 0.218009 1 
0.204606 0.221468 1 
0.204573 0.208365 1 
0.20457 0.221305 1 
0.20455 0.22482 1 
0.204539 0.22312 1 
0.204517 0.217149 1 
0.204419 0.218606 1 
0.204382 0.221377 1 
0.204357 0.211389 1 
0.204353 0.207802 1 
0.204319 0.206108 1 
0.204314 0.224517 1 
0.204309 0.207091 1 
0.204299 0.207479 1 
0.204268 0.220503 1 
0.204261 0.220563 1 
0.204226 0.217149 1 
0.204176 0.207222 1 
0.204169 0.206007 1 
0.204142 0.204176 1 
0.204135 0.22146 1 
0.204124 0.208771 1 
0.204092 0.220787 1 
0.204071 0.208141 1 
0.20403 0.217573 1 
0.204021 0.22146 1 
0.203998 0.222328 1 
0.203993 0.207236 1 
0.203888 0.220754 1 
0.203876 0.223458 1 
0.203863 0.224003 1 
0.203847 0.221468 1 
0.203821 0.220503 1 
0.203765 0.211032 1 
0.203622 0.207609 1 
0.203573 0.222618 1 
0.203357 0.203842 1 
0.203327 0.208282 1 
0.20331 0.204637 1 
0.203193 0.204007 1 
0.203063 0.217728 1 
0.202967 0.209234 1 
0.202869 0.221468 1 
0.202793 0.217728 1 
0.202791 0.208385 1 
0.202749 0.220538 1 
0.202731 0.207788 1 
0.202628 0.220503 1 
0.202551 0.21651 1 
0.202511 0.207825 1 
0.202509 0.205742 1 
0.202476 0.219203 1 
0.202071 0.203834 1 
0.201775 0.206384 1 
0.201771 0.206863 1 
0.100214 0.101489 2 
0.0996676 0.100376 2 
0.0991495 0.100628 2 
0.0986657 0.100844 2 
0.0982122 0.0985595 2 
0.0980975 0.101291 2 
0.0979634 0.0991592 2 
0.0972776 0.103281 2 
0.0972399 0.0984954 2 
0.0971446 0.0990885 2 
0.0970619 0.0991592 2 
0.0970045 0.100901 2 
0.0969673 0.0992823 2 
0.0966273 0.0974553 2 
0.0966132 0.101078 2 
0.0966076 0.100167 2 
0.0965909 0.102142 2 
0.0965263 0.0988488 2 
0.0964822 0.0975759 2 
0.0964774 0.101321 2 
0.0964444 0.0970943 2 
0.0963857 0.0986653 2 
0.0963321 0.101692 2 
0.0961291 0.0987026 2 
0.0960651 0.0977309 2 
0.0960544 0.100003 2 
0.096005 0.0982774 2 
0.0959276 0.0967136 2 
0.0959268 0.100167 2 
0.0959011 0.0987723 2 
0.0958896 0.0967356 2 
0.0958423 0.0963812 2 
0.0958312 0.0996977 2 
0.0957912 0.10025 2 
0.0956829 0.0989814 2 
0.0956679 0.0971036 2 
0.0955415 0.09745 2 
0.0954098 0.101234 2 
0.0953585 0.0974 2 
0.0953574 0.0987854 2 
0.0952807 0.0969156 2 
0.0952628 0.0956367 2 
0.0952456 0.100597 2 
0.0952401 0.097869 2 
0.0952235 0.0970609 2 
0.0951717 0.0953045 2 
0.0950802 0.102142 2 
0.0950125 0.0979867 2 
0.0949271 0.0966441 2 
0.0949149 0.100174 2 
0.0949089 0.0980477 2 
0.0949017 0.0955717 2 
0.0948996 0.0989747 2 
0.0948982 0.0985422 2 
0.0948904 0.100186 2 
0.0948338 0.095505 2 
0.0947733 0.0967136 2 
0.0947547 0.0995876 2 
0.0947329 0.0989032 2 
0.094683 0.0967136 2 
0.0946235 0.0953371 2 
0.0946195 0.0982774 2 
0.0945669 0.0989619 2 
0.0945142 0.0950413 2 
0.0944842 0.0991211 2 
0.0944462 0.0990858 2 
0.0944442 0.09983 2 
0.0944173 0.0979581 2 
0.0943681 0.097527 2 
0.0943675 0.0991211 2 
0.0943415 0.0944793 2 
0.0942992 0.0989619 2 
0.0942741 0.0995392 2 
0.0942697 0.0980301 2 
0.0942685 0.0970722 2 
0.0942138 0.0971716 2 
0.0941758 0.0966113 2 
0.0941619 0.0944793 2 
0.094154 0.0954191 2 
0.0941149 0.104122 2 
0.0940989 0.0980477 2 
0.0940799 0.0958259 2 
0.0940464 0.0964674 2 
0.0940155 0.0949965 2 
0.0939787 0.0945593 2 
0.0939286 0.0979551 2 
0.0938447 0.0949965 2 
0.0938414 0.0959214 2 
0.093835 0.0965161 2 
0.0938345 0.0965752 2 
0.0938074 0.0944657 2 
0.0937456 0.0944793 2 
0.0936635 0.0947654 2 
0.0936598 0.095609 2 
0.0936526 0.0963121 2 
0.0935816 0.0965161 2 
0.0935752 0.0968797 2 
0.093563 0.097527 2 
0.093557 0.0976884 2 
0.0935482 0.0968157 2 
0.0935349 0.0950846 2 
0.0935294 0.101472 2 
0.0935227 0.0966414 2 
0.0934892 0.0961884 2 
0.0934596 0.0953371 2 
0.0933889 0.093715 2 
0.0933884 0.0964031 2 
0.0932871 0.0979867 2 
0.0931526 0.0977164 2 
0.0931313 0.0971716 2 
0.093121 0.0971126 2 
0.093081 0.0987854 2 
0.0930776 0.0978145 2 
0.0930622 0.0948805 2 
0.0930593 0.097192 2 
0.092972 0.0948805 2 
0.0929441 0.0936831 2 
0.092785 0.0930869 2 
0.092779 0.0981437 2 
0.0927767 0.092953 2 
0.0927669 0.0986883 2 
0.0927066 0.0948538 2 
0.0926788 0.0982555 2 
0.0926697 0.0944657 2 
0.0926598 0.0946971 2 
0.0926471 0.0954972 2 
0.0925654 0.0951591 2 
0.0924378 0.0956367 2 
0.0924195 0.0941235 2 
0.0923735 0.100743 2 
0.0923576 0.0964449 2 
0.0923277 0.096141 2 
0.0923247 0.0973261 2 
0.092262 0.0971126 2 
0.0922439 0.0942566 2 
0.0922362 0.0975966 2 
0.0922128 0.0987995 2 
0.0921799 0.0946977 2 
0.092173 0.0957862 2 
0.0921699 0.0938181 2 
0.0921573 0.0936831 2 
0.0921313 0.0967136 2 
0.09208 0.0929101 2 
0.0920451 0.0973415 2 
0.0920445 0.0981437 2 
0.092041 0.0965752 2 
0.0920343 0.0964031 2 
0.0919658 0.100413 2 
0.0919558 0.0976842 2 
0.0919008 0.0936831 2 
0.0918943 0.094341 2 
0.09187 0.0996317 2 
0.0918484 0.0967169 2 
0.0918442 0.0966773 2 
0.0918376 0.0944657 2 
0.0917997 0.0923726 2 
0.0917496 0.0963923 2 
0.0917218 0.092568 2 
0.0917155 0.0928405 2 
0.0917026 0.0922803 2 
0.0916659 0.093715 2 
0.0916593 0.0934106 2 
0.0916078 0.0983837 2 
0.0914895 0.0964674 2 
0.0914444 0.0932577 2 
0.0914329 0.0919693 2 
0.091396 0.0969839 2 
0.0913928 0.0944887 2 
0.0913471 0.0940574 2 
0.0913344 0.0915822 2 
0.0912594 0.0921111 2 
0.0911178 0.0946168 2 
0.0910503 0.0919412 2 
0.0910459 0.09382 2 
0.091003 0.0980584 2 
0.0909798 0.0932572 2 
0.0909782 0.0966441 2 
0.0909556 0.0933837 2 
0.0909502 0.0946168 2 
0.0909384 0.096141 2 
0.090927 0.0967856 2 
0.0909268 0.094341 2 
0.090925 0.0964973 2 
0.0909099 0.0923236 2 
0.0908647 0.0980477 2 
0.0908226 0.0909202 2 
0.0908049 0.094341 2 
0.0907958 0.095255 2 
0.0907887 0.0967142 2 
0.0907396 0.0909232 2 
0.0907182 0.0916043 2 
0.090614 0.0936831 2 
0.0905937 0.0954972 2 
0.0905565 0.0964449 2 
0.0905415 0.090727 2 
0.090489 0.0987995 2 
0.0904719 0.0948805 2 
0.0904649 0.0905136 2 
0.0904301 0.0986653 2 
0.0904242 0.0934106 2 
0.0904005 0.0917314 2 
0.0903441 0.100094 2 
0.090332 0.0953371 2 
0.090295 0.09057 2 
0.0902741 0.0944154 2 
0.0902566 0.0943847 2 
0.0902536 0.0953045 2 
0.0902504 0.0947879 2 
0.0902353 0.0912703 2 
0.0902338 0.0911306 2 
0.0902307 0.0909657 2 
0.0902237 0.0912552 2 
0.0901916 0.0911239 2 
0.0901694 0.0963812 2 
0.0901623 0.0910904 2 
0.0901348 0.0946971 2 
0.0900743 0.0973274 2 
0.0900451 0.0906796 2 
0.0900241 0.0928405 2 
0.0900112 0.0921613 2 
0.0900085 0.0943847 2 
0.0900065 0.0931075 2 
0.0899324 0.0912427 2 
0.0899126 0.0909556 2 
0.0898901 0.0954191 2 
0.0898849 0.0963923 2 
0.0898822 0.0938586 2 
0.0898782 0.093642 2 
0.0898425 0.0912987 2 
0.0898159 0.0934106 2 
0.0898136 0.0954695 2 
0.0897976 0.0990791 2 
0.0897846 0.095609 2 
0.0897784 0.0905291 2 
0.0897736 0.096141 2 
0.0897642 0.0950413 2 
0.0896989 0.0915602 2 
0.0896843 0.09382 2 
0.0895494 0.0919964 2 
0.0895465 0.0981405 2 
0.0895232 0.0911891 2 
0.0895225 0.093715 2 
0.0894999 0.0953371 2 
0.0894724 0.0987026 2 
0.089462 0.0907316 2 
0.0894619 0.092953 2 
0.0894374 0.0942566 2 
0.0893108 0.0964031 2 
0.0892941 0.0900408 2 
0.0892917 0.0911304 2 
0.0892702 0.0913135 2 
0.0892338 0.0947112 2 
0.0892068 0.0928405 2 
0.0891955 0.0983837 2 
0.08918 0.0906291 2 
0.0891626 0.0954972 2 
0.089159 0.0903864 2 
0.0891413 0.0919797 2 
0.0891233 0.0904698 2 
0.0890725 0.0951591 2 
0.0890706 0.096141 2 
0.0890705 0.0967136 2 
0.089012 0.0986642 2 
0.0889681 0.0971716 2 
0.0888466 0.0902063 2 
0.0888381 0.0900372 2 
0.0888207 0.0932484 2 
0.0888014 0.0909202 2 
0.0887878 0.0926041 2 
0.0887811 0.0948481 2 
0.0887452 0.0922803 2 
0.0887002 0.0890827 2 
0.0886551 0.0928405 2 
0.0886039 0.0901001 2 
0.0885758 0.0893151 2 
0.088564 0.0885889 2 
0.0885529 0.096141 2 
0.0885368 0.0922803 2 
0.0884693 0.0917261 2 
0.0884657 0.0960149 2 
0.0884511 0.0986275 2 
0.0884448 0.0920455 2 
0.0884237 0.0974635 2 
0.0883752 0.0950413 2 
0.0883686 0.0889148 2 
0.0883562 0.0922803 2 
0.0882839 0.0919033 2 
0.0882705 0.097193 2 
0.088261 0.0934881 2 
0.0882117 0.0943847 2 
0.0881507 0.095837 2 
0.0881246 0.0931075 2 
0.0881219 0.0914644 2 
0.0881073 0.0965161 2 
0.0880959 0.0925543 2 
0.0880132 0.0965922 2 
0.0879979 0.0965922 2 
0.0879974 0.0955717 2 
0.087927 0.0925367 2 
0.0879062 0.0919227 2 
0.0878958 0.0907424 2 
0.0878953 0.0880776 2 
0.0878937 0.0895686 2 
0.0878774 0.0934106 2 
0.087872 0.0899721 2 
0.0878716 0.0885994 2 
0.0877733 0.0973193 2 
0.087763 0.092727 2 
0.0877245 0.0915602 2 
0.087721 0.0906443 2 
0.0877128 0.0981932 2 
0.0877019 0.0900914 2 
0.0876994 0.0961884 2 
0.0876696 0.0898608 2 
0.0876583 0.094644 2 
0.0876192 0.0907228 2 
0.0875737 0.0894901 2 
0.0875446 0.0891199 2 
0.0874818 0.0925251 2 
0.0874165 0.0887013 2 
0.0874069 0.0954972 2 
0.0873939 0.0923236 2 
0.0873366 0.092953 2 
0.0872997 0.0935295 2 
0.0872657 0.090967 2 
0.0872452 0.0950846 2 
0.087232 0.0917194 2 
0.0872269 0.0899344 2 
0.0871588 0.0908223 2 
0.0870946 0.0900253 2 
0.0870808 0.0950767 2 
0.0870077 0.0895628 2 
0.0869862 0.0879003 2 
0.0869812 0.0970609 2 
0.0869686 0.0936003 2 
0.0869675 0.0902336 2 
0.0869438 0.095255 2 
0.0868686 0.0914103 2 
0.0868604 0.0965752 2 
0.0866835 0.0955717 2 
0.0865775 0.0901776 2 
0.0865369 0.0944793 2 
0.086518 0.0915602 2 
0.0865021 0.0904659 2 
0.086487 0.0866587 2 
0.0864572 0.0868798 2 
0.086418 0.0954695 2 
0.0863962 0.0896007 2 
0.0863734 0.095255 2 
0.0862727 0.0863821 2 
0.0862498 0.0934977 2 
0.0857108 0.0937857 2 
0.0851577 0.0877109 2 
0.0850337 0.0874099 2 
0.0470902 0.0484897 3 
0.0470336 0.0478706 3 
0.0468406 0.0470732 3 
0.0466973 0.0480664 3 
0.0466451 0.047632 3 
0.046202 0.0474575 3 
0.0460021 0.0460405 3 
0.0459539 0.0462756 3 
0.0459327 0.0469786 3 
0.0457668 0.0462471 3 
0.0456295 0.0470103 3 
0.045618 0.0459622 3 
0.0456024 0.0466006 3 
0.0455508 0.045567 3 
0.0454751 0.0470789 3 
0.0454561 0.0482845 3 
0.0453329 0.0461791 3 
0.0453302 0.0489906 3 
0.04532 0.0474189 3 
0.0452491 0.0456382 3 
0.0451397 0.0456477 3 
0.0451135 0.0454761 3 
0.0449798 0.046713 3 
0.044972 0.0456078 3 
0.0449473 0.046019 3 
0.0449196 0.0449695 3 
0.0449092 0.0449194 3 
0.0448927 0.0454857 3 
0.0448757 0.0464508 3 
0.0448216 0.0457186 3 
0.0448124 0.0453663 3 
0.0446825 0.0463785 3 
0.044637 0.0457179 3 
0.0445256 0.0454857 3 
0.0444885 0.0456477 3 
0.044369 0.0459322 3 
0.0443571 0.0449901 3 
0.0443546 0.0455931 3 
0.044319 0.0443327 3 
0.0442297 0.0444164 3 
0.0441148 0.0446216 3 
0.0441082 0.0445849 3 
0.0440611 0.0458083 3 
0.0439065 0.044451 3 
0.0438723 0.0446906 3 
0.0438629 0.0450105 3 
0.0437985 0.046553 3 
0.0437383 0.0451151 3 
0.0437199 0.0440949 3 
0.0437146 0.0445367 3 
0.0436964 0.0450654 3 
0.0436704 0.0441645 3 
0.0436478 0.0455072 3 
0.0436294 0.0444567 3 
0.0435292 0.0445451 3 
0.0435079 0.044451 3 
0.0434975 0.044719 3 
0.043417 0.044688 3 
0.0434162 0.0443729 3 
0.0433952 0.043734 3 
0.0433562 0.0453286 3 
0.0432688 0.0436784 3 
0.0432585 0.0436365 3 
0.0432448 0.0443929 3 
0.0432425 0.0441715 3 
0.0431684 0.0448704 3 
0.0431496 0.0442992 3 
0.0430844 0.0441638 3 
0.0430514 0.0438782 3 
0.0430083 0.0437391 3 
0.0429999 0.0468426 3 
0.042999 0.0449025 3 
0.0429124 0.0435924 3 
0.0428945 0.0441335 3 
0.042878 0.0457435 3 
0.0428712 0.0445848 3 
0.0428641 0.0448084 3 
0.0428483 0.0431299 3 
0.0428365 0.044006 3 
0.0428247 0.0453102 3 
0.042807 0.0430854 3 
0.0426851 0.043736 3 
0.0426654 0.0437173 3 
0.0426581 0.0447122 3 
0.0425946 0.0444567 3 
0.0425779 0.0433708 3 
0.0425611 0.0458713 3 
0.0425351 0.0436567 3 
0.0425313 0.0448784 3 
0.0425121 0.0440315 3 
0.0424652 0.044111 3 
0.0424279 0.042906 3 
0.04242 0.0449025 3 
0.0424049 0.0438608 3 
0.0423818 0.0445798 3 
0.0423533 0.0431375 3 
0.0423451 0.0425177 3 
0.0423101 0.0443403 3 
0.0422777 0.0428805 3 
0.0422673 0.042708 3 
0.0422634 0.0435258 3 
0.0422624 0.0429759 3 
0.0422213 0.0423754 3 
0.0421993 0.0423601 3 
0.0421941 0.0439462 3 
0.0421809 0.043525 3 
0.0421792 0.0443106 3 
0.042135 0.0453351 3 
0.0421219 0.0471207 3 
0.0420984 0.0446834 3 
0.0420538 0.0423152 3 
0.0420422 0.0423652 3 
0.0420349 0.0442379 3 
0.0420207 0.0447429 3 
0.042019 0.0421846 3 
0.0420187 0.0438608 3 
0.0419205 0.0456477 3 
0.0419134 0.0444164 3 
0.0419038 0.0427146 3 
0.0418908 0.044488 3 
0.0418889 0.0434779 3 
0.0418715 0.0423652 3 
0.0418628 0.0452638 3 
0.0418578 0.04298 3 
0.0418433 0.0424798 3 
0.0418237 0.0425492 3 
0.0418145 0.0419143 3 
0.0418065 0.0426018 3 
0.0418023 0.0420324 3 
0.041797 0.0437391 3 
0.0417912 0.041844 3 
0.0417645 0.0451683 3 
0.0417607 0.0419187 3 
0.0417286 0.0452167 3 
0.0417138 0.04334 3 
0.0417056 0.0423159 3 
0.0416939 0.0441715 3 
0.041665 0.0424264 3 
0.0416514 0.0420054 3 
0.0416513 0.0444164 3 
0.0416206 0.0436259 3 
0.0415825 0.0431991 3 
0.0415365 0.0415819 3 
0.0415307 0.0421547 3 
0.0415248 0.0437391 3 
0.0415002 0.0454895 3 
0.0414888 0.0427018 3 
0.041475 0.043032 3 
0.041465 0.0426418 3 
0.0414488 0.0436169 3 
0.0414439 0.0426122 3 
0.0414249 0.0431991 3 
0.0414174 0.0423254 3 
0.0414039 0.0433039 3 
0.0413517 0.0420011 3 
0.0413357 0.04334 3 
0.041322 0.04334 3 
0.0412932 0.0435924 3 
0.0412874 0.0421415 3 
0.0412837 0.041556 3 
0.0412813 0.0422442 3 
0.0412795 0.0414144 3 
0.0412195 0.0429719 3 
0.041213 0.0437391 3 
0.0412072 0.041312 3 
0.0412008 0.0432509 3 
0.0411869 0.0412108 3 
0.0411241 0.0416233 3 
0.0411198 0.0425383 3 
0.0411184 0.0446047 3 
0.0411149 0.0438912 3 
0.0410377 0.0413506 3 
0.0410304 0.0442992 3 
0.041007 0.0444828 3 
0.041005 0.0413267 3 
0.0409556 0.042525 3 
0.0409442 0.042877 3 
0.0409114 0.0437345 3 
0.040884 0.044669 3 
0.0408723 0.0448704 3 
0.0408448 0.041724 3 
0.0408424 0.0416248 3 
0.0408311 0.0445548 3 
0.0408271 0.0441697 3 
0.0408216 0.0433147 3 
0.0408024 0.0420823 3 
0.040791 0.0425492 3 
0.0407803 0.0411096 3 
0.0407754 0.0455186 3 
0.040761 0.0431703 3 
0.0407101 0.0424157 3 
0.0407027 0.0408641 3 
0.0406829 0.0418812 3 
0.040673 0.0437439 3 
0.0406644 0.0408634 3 
0.040633 0.044111 3 
0.0406245 0.0423754 3 
0.0406057 0.0426484 3 
0.04059 0.0407236 3 
0.0405884 0.0447321 3 
0.0405739 0.0407943 3 
0.0405619 0.0442324 3 
0.0405463 0.0430619 3 
0.0405263 0.0435706 3 
0.0405081 0.0414208 3 
0.0405061 0.0451863 3 
0.0404991 0.0424807 3 
0.0404533 0.0406125 3 
0.0404323 0.0418166 3 
0.0403908 0.0418167 3 
0.0403661 0.0408765 3 
0.0403572 0.0410895 3 
0.0403544 0.0437391 3 
0.0403473 0.041394 3 
0.0403378 0.0445548 3 
0.0403163 0.0423745 3 
0.0402981 0.0424157 3 
0.0402718 0.0410817 3 
0.0402252 0.0408306 3 
0.0402158 0.04298 3 
0.040207 0.0413267 3 
0.0401776 0.04024 3 
0.0401724 0.0408765 3 
0.0401557 0.0449682 3 
0.0401435 0.0433797 3 
0.0401402 0.0413267 3 
0.0401363 0.0421545 3 
0.0401281 0.0429868 3 
0.0400992 0.0415108 3 
0.0400854 0.0435258 3 
0.0399546 0.0411883 3 
0.0399529 0.0414284 3 
0.0399476 0.0420609 3 
0.0399251 0.0414926 3 
0.0399192 0.0442324 3 
0.039916 0.0441697 3 
0.0399091 0.0412301 3 
0.0399049 0.0430847 3 
0.0398989 0.0431299 3 
0.0398634 0.0438884 3 
0.0398593 0.0399849 3 
0.0398199 0.0417799 3 
0.0397829 0.0420194 3 
0.0397635 0.043494 3 
0.0397579 0.04434 3 
0.0397562 0.0420378 3 
0.0397417 0.0438582 3 
0.0397348 0.0427498 3 
0.0396731 0.0397211 3 
0.0396602 0.0425493 3 
0.0396558 0.0438178 3 
0.0396028 0.0415114 3 
0.0395935 0.0438815 3 
0.0395821 0.0435924 3 
0.039569 0.04334 3 
0.0395676 0.0451137 3 
0.0395436 0.0422526 3 
0.0395375 0.0411344 3 
0.0394105 0.0430601 3 
0.0393793 0.0416186 3 
0.0393756 0.0408345 3 
0.0393692 0.0434053 3 
0.039364 0.0422409 3 
0.0393107 0.0427933 3 
0.0393048 0.041314 3 
0.0393011 0.0432509 3 
0.0392444 0.0433039 3 
0.0392394 0.0432875 3 
0.0392336 0.0435093 3 
0.0392205 0.0437922 3 
0.0391694 0.0396295 3 
0.0391633 0.0432875 3 
0.039132 0.0427102 3 
0.0391263 0.0419696 3 
0.0390722 0.0439462 3 
0.0390596 0.0438085 3 
0.039052 0.0396555 3 
0.0389732 0.0438393 3 
0.0385586 0.0420823 3 
0.037754 0.0395798 3 
0.0227778 0.0228474 4 
0.022632 0.0237737 4 
0.0226027 0.0236663 4 
0.0225249 0.0228283 4 
0.0223392 0.0225749 4 
0.0221131 0.0226091 4 
0.0220309 0.0224407 4 
0.02197 0.0226259 4 
0.0218598 0.0218728 4 
0.0218229 0.0218311 4 
0.0218078 0.0219132 4 
0.0215203 0.0222503 4 
0.0214234 0.0217051 4 
0.021395 0.0220881 4 
0.0213901 0.0218909 4 
0.0213267 0.0216929 4 
0.0212866 0.0213006 4 
0.0212846 0.0214458 4 
0.0212735 0.0214427 4 
0.0212421 0.0221073 4 
0.0212131 0.0220466 4 
0.0211711 0.0212098 4 
0.0211021 0.0221345 4 
0.0210309 0.0212546 4 
0.0209956 0.0215009 4 
0.0209542 0.0211356 4 
0.020909 0.0226861 4 
0.0209066 0.0210514 4 
0.0208984 0.0216711 4 
0.020894 0.02122 4 
0.0208907 0.0210865 4 
0.0208816 0.0208996 4 
0.0208796 0.022007 4 
0.0208254 0.0213129 4 
0.0208208 0.020862 4 
0.0208044 0.0210367 4 
0.0207626 0.0208122 4 
0.0207236 0.0213006 4 
0.0207181 0.0218771 4 
0.0207133 0.0215376 4 
0.020682 0.0207267 4 
0.0206685 0.0207267 4 
0.0206534 0.021044 4 
0.0206511 0.0207524 4 
0.02062 0.0212908 4 
0.0206064 0.021085 4 
0.0205702 0.0211986 4 
0.0205369 0.0214589 4 
0.0205264 0.0217725 4 
0.020484 0.0210273 4 
0.0204531 0.0229573 4 
0.0204291 0.0204786 4 
0.0204105 0.0213596 4 
0.020403 0.0204047 4 
0.0203952 0.0205071 4 
0.0203876 0.0213056 4 
0.0203832 0.0212059 4 
0.0203781 0.0210865 4 
0.0203689 0.0205101 4 
0.020358 0.0218106 4 
0.0203327 0.0207998 4 
0.020319 0.0206426 4 
0.0203167 0.0203728 4 
0.0203046 0.0211361 4 
0.0202862 0.0218311 4 
0.020283 0.0203647 4 
0.0202811 0.0207001 4 
0.0202788 0.0207155 4 
0.0202645 0.0204523 4 
0.0202518 0.0205107 4 
0.0202168 0.0208064 4 
0.0202132 0.0202674 4 
0.0202015 0.0210704 4 
0.0201884 0.0207267 4 
0.0201779 0.0203035 4 
0.0201744 0.0204663 4 
0.0201719 0.0202761 4 
0.0201546 0.0208647 4 
0.0201201 0.0213624 4 
0.0200965 0.0202145 4 
0.0200739 0.0201018 4 
0.0200702 0.0215152 4 
0.0200629 0.0216784 4 
0.0200518 0.0218025 4 
0.0200345 0.0206734 4 
0.020028 0.0203707 4 
0.0199995 0.0213685 4 
0.0199911 0.0200876 4 
0.0199866 0.0204076 4 
0.0199864 0.0210381 4 
0.019986 0.0209917 4 
0.0199652 0.0215595 4 
0.019934 0.0212923 4 
0.019931 0.02106 4 
0.0199304 0.0205071 4 
0.0199235 0.0200483 4 
0.0199109 0.0216646 4 
0.0198516 0.0204612 4 
0.0198504 0.0206896 4 
0.0198497 0.0209917 4 
0.0198213 0.0208276 4 
0.0198206 0.0209348 4 
0.0198014 0.0208604 4 
0.0197905 0.0197925 4 
0.0197746 0.0206633 4 
0.0197611 0.0208476 4 
0.0197584 0.0200178 4 
0.0197438 0.0206734 4 
0.0197369 0.0200737 4 
0.0197162 0.019883 4 
0.0197153 0.0202761 4 
0.0197113 0.0203501 4 
0.0196981 0.0199715 4 
0.0196967 0.020688 4 
0.0196907 0.0204839 4 
0.0196899 0.0197417 4 
0.0196878 0.020162 4 
0.0196814 0.0212726 4 
0.0196582 0.0212499 4 
0.019625 0.020972 4 
0.0196157 0.0212701 4 
0.0196133 0.0202669 4 
0.0196007 0.020985 4 
0.0195843 0.0202786 4 
0.019566 0.0204312 4 
0.019564 0.0203778 4 
0.019555 0.0208525 4 
0.0195506 0.0210367 4 
0.0195386 0.0200858 4 
0.0195177 0.0197261 4 
0.0195053 0.020064 4 
0.0194823 0.0209036 4 
0.0194791 0.0215392 4 
0.0194726 0.0205146 4 
0.019447 0.0204076 4 
0.0194196 0.0210514 4 
0.0194147 0.0199377 4 
0.0194108 0.0214619 4 
0.0193995 0.0210386 4 
0.0193859 0.0203815 4 
0.019377 0.0196181 4 
0.0193427 0.0195142 4 
0.0193413 0.021467 4 
0.0193311 0.0208859 4 
0.0193156 0.0197565 4 
0.0192371 0.0192939 4 
0.0192209 0.0208382 4 
0.0191945 0.0206293 4 
0.0191877 0.0195558 4 
0.0191798 0.0202193 4 
0.0191616 0.020027 4 
0.0191337 0.0211439 4 
0.0191197 0.0195805 4 
0.0191127 0.0213145 4 
0.0191095 0.0205146 4 
0.019106 0.0197371 4 
0.0191043 0.0197565 4 
0.0191036 0.0201397 4 
0.019098 0.0213145 4 
0.0190726 0.0204561 4 
0.0190724 0.019408 4 
0.0190707 0.0200483 4 
0.0190686 0.01955 4 
0.0190542 0.0212726 4 
0.0190339 0.0198145 4 
0.0190305 0.0202915 4 
0.0190136 0.0210999 4 
0.019009 0.0204318 4 
0.0189876 0.0198395 4 
0.0189776 0.0210315 4 
0.0189727 0.0190086 4 
0.0189657 0.020684 4 
0.0189614 0.0199649 4 
0.0189296 0.0208276 4 
0.0189257 0.0202349 4 
0.0189133 0.0199206 4 
0.01891 0.019501 4 
0.0188874 0.019834 4 
0.0188559 0.0212485 4 
0.018841 0.0206336 4 
0.0188373 0.0190419 4 
0.0188301 0.0202349 4 
0.018819 0.01957 4 
0.0188131 0.0214209 4 
0.0188067 0.020684 4 
0.0187877 0.0208859 4 
0.0187876 0.020091 4 
0.0187708 0.01939 4 
0.0187498 0.0199961 4 
0.0187109 0.0203288 4 
0.0186966 0.0208382 4 
0.0186781 0.0199216 4 
0.0186661 0.0188849 4 
0.0186527 0.0207054 4 
0.0186521 0.0206426 4 
0.0186487 0.0197925 4 
0.0186296 0.0201652 4 
0.0186145 0.0204049 4 
0.0185996 0.0196348 4 
0.0185866 0.020247 4 
0.0185777 0.0185893 4 
0.0185407 0.0208184 4 
0.018507 0.0199503 4 
0.0184846 0.0204312 4 
0.0184619 0.0214425 4 
0.0184604 0.020829 4 
0.01846 0.0212923 4 
0.0184587 0.0185886 4 
0.0184277 0.0209348 4 
0.0183814 0.019194 4 
0.0183744 0.0208382 4 
0.0183713 0.0199503 4 
0.0183705 0.0211439 4 
0.0183272 0.0210044 4 
0.0183202 0.0213129 4 
0.018029 0.01882 4 
0.0179016 0.0195473 4 
0.0175479 0.0187084 4 
0.0115953 0.0118297 5 
0.0115649 0.0118297 5 
0.011171 0.0111874 5 
0.0109247 0.0111151 5 
0.0109096 0.0114132 5 
0.0108149 0.0109241 5 
0.0107763 0.0108107 5 
0.0107527 0.0110447 5 
0.0106939 0.0110431 5 
0.0106646 0.0107394 5 
0.0106616 0.0107872 5 
0.0106315 0.0109173 5 
0.010631 0.0108061 5 
0.0104517 0.0113056 5 
0.0104453 0.0106053 5 
0.0104168 0.0106284 5 
0.0104004 0.010653 5 
0.0103373 0.0104355 5 
0.0103368 0.0109369 5 
0.0102985 0.0103823 5 
0.0102941 0.0106015 5 
0.0102913 0.0105741 5 
0.0102856 0.0102907 5 
0.0102753 0.0103194 5 
0.0102679 0.0103793 5 
0.0102428 0.0106882 5 
0.0102375 0.0102907 5 
0.0102347 0.011358 5 
0.0102208 0.0102325 5 
0.0102174 0.0102777 5 
0.0101904 0.0102778 5 
0.010185 0.010205 5 
0.0101848 0.0102808 5 
0.0101779 0.0102502 5 
0.0101418 0.0102077 5 
0.0101284 0.0101578 5 
0.0101072 0.0109886 5 
0.0100908 0.0101131 5 
0.0100624 0.0106973 5 
0.0100589 0.0102074 5 
0.0100545 0.0102784 5 
0.0100371 0.0100542 5 
0.0100285 0.0100845 5 
0.0100218 0.0105454 5 
0.0100161 0.0104226 5 
0.00999206 0.0102325 5 
0.00998221 0.0102655 5 
0.00998114 0.0101273 5 
0.00997176 0.0107922 5 
0.00997079 0.0100575 5 
0.00996113 0.0105859 5 
0.00995575 0.0106284 5 
0.00994787 0.0102908 5 
0.00992125 0.00999627 5 
0.00991525 0.00999925 5 
0.00991254 0.0104776 5 
0.00990205 0.0103621 5 
0.00990181 0.0100542 5 
0.00988859 0.0102876 5 
0.00988854 0.0103072 5 
0.00987475 0.0100292 5 
0.00986795 0.0101578 5 
0.00986565 0.00999627 5 
0.00984612 0.0100953 5 
0.00984426 0.0103774 5 
0.00983424 0.0104942 5 
0.00983327 0.00999078 5 
0.00982751 0.00990575 5 
0.00982665 0.0103337 5 
0.00980902 0.00991416 5 
0.00980873 0.0105274 5 
0.00978315 0.0102535 5 
0.00977906 0.0101933 5 
0.0097735 0.0102954 5 
0.00977069 0.0100844 5 
0.00976368 0.0101578 5 
0.00975267 0.0103092 5 
0.00972581 0.0103 5 
0.00972273 0.0101851 5 
0.0097015 0.00981391 5 
0.00969938 0.0101585 5 
0.00969893 0.0102312 5 
0.0096822 0.0100992 5 
0.00966832 0.00968903 5 
0.00966336 0.0099334 5 
0.00966319 0.0105797 5 
0.0096591 0.0100627 5 
0.00965027 0.00984932 5 
0.00964876 0.0099334 5 
0.00964299 0.00975281 5 
0.00964152 0.00998841 5 
0.00964083 0.0100515 5 
0.00963899 0.0103085 5 
0.00963873 0.00977154 5 
0.00963079 0.00992363 5 
0.00962786 0.00981296 5 
0.00962674 0.010123 5 
0.00962327 0.0103904 5 
0.00961932 0.00982841 5 
0.00959851 0.0105312 5 
0.00959347 0.00969524 5 
0.0095932 0.0107499 5 
0.00958791 0.0103562 5 
0.00954544 0.0101971 5 
0.00954468 0.00975442 5 
0.00953871 0.0101821 5 
0.00953074 0.0105859 5 
0.00952418 0.010401 5 
0.00950958 0.0095832 5 
0.00950727 0.0104135 5 
0.00950518 0.0101851 5 
0.00949794 0.00964502 5 
0.00949763 0.00964347 5 
0.00946075 0.0100568 5 
0.009459 0.0101594 5 
0.00945868 0.00950723 5 
0.00943874 0.00958799 5 
0.00943113 0.00968987 5 
0.00941961 0.010153 5 
0.00941733 0.0104591 5 
0.00940751 0.00970284 5 
0.00938932 0.0100852 5 
0.00938394 0.0103337 5 
0.00937841 0.00998613 5 
0.0093768 0.0100347 5 
0.00936925 0.0098481 5 
0.00936184 0.0100194 5 
0.00935627 0.0101487 5 
0.00935435 0.0101971 5 
0.00935292 0.00991225 5 
0.00933856 0.0102859 5 
0.00932693 0.00951723 5 
0.00932564 0.00987184 5 
0.00931759 0.00959362 5 
0.00931718 0.00988273 5 
0.00930775 0.00998613 5 
0.00929909 0.00986876 5 
0.00928595 0.00964166 5 
0.00928473 0.0101967 5 
0.00928231 0.0104301 5 
0.00928086 0.00999182 5 
0.0092776 0.00991214 5 
0.00927747 0.010127 5 
0.00927691 0.0095682 5 
0.00926786 0.00930794 5 
0.00925903 0.00993481 5 
0.0092584 0.00930256 5 
0.00925718 0.00958418 5 
0.00920513 0.00943323 5 
0.00919775 0.0100389 5 
0.00917311 0.0100679 5 
0.00916331 0.00946074 5 
0.00914734 0.00988661 5 
0.00914025 0.0103218 5 
0.0091402 0.010123 5 
0.00912828 0.0107324 5 
0.00911004 0.00921089 5 
0.00910599 0.010123 5 
0.00910505 0.00957715 5 
0.00910491 0.00925798 5 
0.00909826 0.00990673 5 
0.00909159 0.00989504 5 
0.0090898 0.0105859 5 
0.00908802 0.0104343 5 
0.00907501 0.00996955 5 
0.0090705 0.0105399 5 
0.00902006 0.010096 5 
0.00900227 0.00915937 5 
0.00899787 0.00948776 5 
0.00899269 0.0095832 5 
0.00899139 0.0101722 5 
0.00897925 0.00957527 5 
0.00896412 0.0107298 5 
0.00892908 0.00900539 5 
0.00891006 0.0101919 5 
0.00888061 0.0102875 5 
0.00886315 0.0095682 5 
0.008858 0.00923842 5 
0.00885326 0.0103422 5 
0.00882416 0.0102626 5 
0.00882405 0.0102905 5 
0.00882175 0.0103337 5 
0.00877057 0.00879718 5 
0.00867797 0.00925956 5 
0.00857889 0.0093273 5 
0.00844483 0.00912231 5 
0.00578654 0.00583456 6 
0.0055168 0.00554971 6 
0.00550227 0.00551458 6 
0.00549882 0.00553605 6 
0.00549752 0.0055407 6 
0.00539708 0.00546753 6 
0.00533062 0.0057603 6 
0.00530306 0.0055852 6 
0.00526177 0.00527117 6 
0.00525678 0.00525927 6 
0.00525083 0.00570924 6 
0.00524045 0.00570009 6 
0.00524023 0.00539974 6 
0.00522382 0.00526937 6 
0.00522296 0.00522542 6 
0.00521741 0.00531502 6 
0.00519924 0.00527242 6 
0.00517665 0.00537251 6 
0.00515282 0.00521949 6 
0.00512484 0.00521546 6 
0.00509936 0.00531173 6 
0.00508239 0.00531499 6 
0.0050794 0.00512188 6 
0.00507429 0.00508604 6 
0.00506509 0.00522542 6 
0.00505998 0.0051488 6 
0.00505959 0.0051149 6 
0.00505185 0.00540378 6 
0.00504454 0.00509058 6 
0.00504027 0.00514964 6 
0.00503657 0.00515509 6 
0.00503541 0.00511837 6 
0.00501571 0.00515321 6 
0.00500288 0.00518834 6 
0.00500154 0.00508748 6 
0.00499306 0.00514141 6 
0.00498584 0.00524491 6 
0.00498313 0.00501854 6 
0.00497676 0.00517772 6 
0.00497425 0.00516369 6 
0.00495729 0.00504957 6 
0.00495469 0.00504937 6 
0.00495314 0.00501854 6 
0.00494963 0.00528113 6 
0.00493685 0.00516785 6 
0.00493125 0.00516238 6 
0.00492965 0.00503233 6 
0.00492762 0.00499535 6 
0.00491577 0.00495247 6 
0.00491098 0.00513009 6 
0.00490885 0.0049904 6 
0.00490844 0.00516631 6 
0.0048989 0.00508201 6 
0.00489852 0.00522883 6 
0.00489812 0.0049262 6 
0.00489195 0.00497409 6 
0.00489036 0.00504575 6 
0.00488259 0.00533652 6 
0.00487958 0.00516974 6 
0.00487767 0.00500313 6 
0.00487746 0.00492287 6 
0.00487149 0.00529312 6 
0.00487114 0.0050639 6 
0.00486909 0.00508085 6 
0.00486654 0.00500776 6 
0.00484861 0.00523424 6 
0.00484858 0.00518038 6 
0.00484606 0.00504575 6 
0.00484478 0.00495247 6 
0.0048431 0.00533661 6 
0.00484259 0.00519868 6 
0.00484158 0.00484731 6 
0.00483431 0.00512408 6 
0.00483319 0.00488335 6 
0.00482908 0.00485722 6 
0.00482087 0.0050399 6 
0.00482083 0.00508134 6 
0.00481662 0.00505038 6 
0.00480308 0.00480394 6 
0.00479412 0.00480083 6 
0.00479081 0.00506161 6 
0.00479078 0.00516553 6 
0.00478799 0.00525927 6 
0.00478589 0.00512188 6 
0.00477487 0.00528719 6 
0.00476802 0.00478697 6 
0.00476749 0.00529502 6 
0.00476736 0.00512125 6 
0.00476576 0.00489833 6 
0.00476478 0.00488583 6 
0.00476271 0.00518919 6 
0.00474975 0.004878 6 
0.00474184 0.00480787 6 
0.00473957 0.00478396 6 
0.00472907 0.00501223 6 
0.00472508 0.00504287 6 
0.00472124 0.00497266 6 
0.00471839 0.00516326 6 
0.00471292 0.00509494 6 
0.00470617 0.00496773 6 
0.00470414 0.00496773 6 
0.00470123 0.00503661 6 
0.0046947 0.00515808 6 
0.00469356 0.00470082 6 
0.00469273 0.00474794 6 
0.00469257 0.0052086 6 
0.0046915 0.00514663 6 
0.00468603 0.0048632 6 
0.0046837 0.00506489 6 
0.00468316 0.00501064 6 
0.00468049 0.00499841 6 
0.00467676 0.00496579 6 
0.00467513 0.00514284 6 
0.00466502 0.00510873 6 
0.00465955 0.00468363 6 
0.00465913 0.00501762 6 
0.00465001 0.00504111 6 
0.00463985 0.00513269 6 
0.00463647 0.00489292 6 
0.00462846 0.00476492 6 
0.00462033 0.00506621 6 
0.00461976 0.00504383 6 
0.00459435 0.00480733 6 
0.0045869 0.00507776 6 
0.00457917 0.00473543 6 
0.00456683 0.00488285 6 
0.00456581 0.00463608 6 
0.00456496 0.00551 6 
0.00456392 0.0047581 6 
0.00455966 0.0046493 6 
0.00455715 0.00459976 6 
0.00455266 0.00508372 6 
0.00455254 0.00464603 6 
0.0045497 0.00532742 6 
0.00454715 0.00522356 6 
0.00454239 0.00504466 6 
0.0045416 0.00522444 6 
0.00453625 0.00515321 6 
0.00452175 0.00492883 6 
0.00451071 0.00508149 6 
0.00449651 0.0045436 6 
0.00449006 0.00502062 6 
0.00447584 0.00472496 6 
0.00446593 0.00455241 6 
0.00445958 0.00484161 6 
0.0044587 0.00539293 6 
0.00445291 0.00455514 6 
0.00445087 0.0051208 6 
0.0044496 0.00448892 6 
0.00444851 0.00517098 6 
0.00442871 0.00452435 6 
0.00440274 0.00512671 6 
0.00438933 0.0045223 6 
0.00438473 0.00517839 6 
0.00438041 0.00443943 6 
0.00437577 0.0045109 6 
0.00437446 0.00522444 6 
0.00436204 0.00508141 6 
0.00435948 0.00516785 6 
0.00434004 0.00444923 6 
0.00430709 0.00467724 6 
0.00430529 0.00435889 6 
0.00430311 0.00470082 6 
0.0042151 0.00452974 6 
0.00417428 0.00455089 6 
0.00284958 0.00285263 7 
0.00277895 0.00278701 7 
0.00277271 0.0029981 7 
0.00276923 0.0028265 7 
0.00276001 0.00293674 7 
0.002759 0.0028887 7 
0.00273157 0.00290719 7 
0.00272998 0.00275085 7 
0.00271469 0.00274703 7 
0.00268062 0.00275101 7 
0.00267929 0.00274081 7 
0.00267542 0.00272964 7 
0.00265196 0.00268809 7 
0.00265102 0.00271446 7 
0.00262691 0.00266955 7 
0.00262091 0.00272352 7 
0.00261435 0.0026261 7 
0.00261157 0.00261176 7 
0.00260806 0.00262318 7 
0.00260067 0.00264458 7 
0.00259505 0.00261966 7 
0.00259502 0.00277585 7 
0.0025923 0.0026185 7 
0.00258159 0.00260185 7 
0.00258154 0.00263519 7 
0.00257329 0.00266511 7 
0.00256905 0.00264617 7 
0.00256458 0.0025837 7 
0.00256455 0.00259405 7 
0.00254724 0.00261991 7 
0.00254477 0.00255701 7 
0.0025447 0.00266848 7 
0.00253762 0.00263175 7 
0.00253742 0.00263193 7 
0.00252299 0.00252714 7 
0.00251588 0.00269035 7 
0.00251124 0.00255701 7 
0.00251028 0.0025235 7 
0.00250351 0.00254142 7 
0.00250158 0.00266671 7 
0.00249716 0.00254871 7 
0.00249701 0.00256539 7 
0.00249629 0.00260546 7 
0.00249277 0.00266646 7 
0.00249187 0.00263663 7 
0.00249184 0.00270165 7 
0.00248613 0.00253976 7 
0.00248437 0.00260017 7 
0.00248428 0.00253517 7 
0.00247789 0.00261503 7 
0.00247387 0.00250157 7 
0.00246884 0.00263911 7 
0.00246821 0.00261695 7 
0.00246501 0.00253161 7 
0.00246081 0.00261196 7 
0.00246074 0.0024837 7 
0.00245915 0.00251142 7 
0.00245677 0.00246008 7 
0.00245497 0.00261832 7 
0.0024547 0.0026727 7 
0.00245267 0.00246973 7 
0.0024501 0.00258638 7 
0.00244872 0.00253018 7 
0.00244706 0.0026019 7 
0.00244386 0.00256063 7 
0.00244019 0.00260305 7 
0.00243936 0.00249062 7 
0.00243809 0.00265968 7 
0.00243728 0.00245884 7 
0.00243694 0.00244273 7 
0.00243576 0.0025202 7 
0.00243368 0.0026239 7 
0.0024318 0.00261832 7 
0.00243151 0.00268481 7 
0.00243086 0.002512 7 
0.00243072 0.0026261 7 
0.00242911 0.00244414 7 
0.00242666 0.00254221 7 
0.0024263 0.002671 7 
0.00242584 0.0026655 7 
0.00242522 0.00250966 7 
0.00241898 0.00247935 7 
0.00240903 0.00263455 7 
0.00240327 0.0025086 7 
0.0024032 0.00257616 7 
0.00240153 0.00263193 7 
0.0024013 0.002512 7 
0.00239642 0.00244686 7 
0.00239633 0.00263982 7 
0.00238686 0.00264314 7 
0.00238663 0.00256123 7 
0.00238651 0.00247829 7 
0.00238108 0.0024983 7 
0.00237926 0.00260075 7 
0.00237831 0.00245466 7 
0.00237826 0.00258581 7 
0.00237801 0.00258414 7 
0.002377 0.00266311 7 
0.00237655 0.00260262 7 
0.00237597 0.00246011 7 
0.00237497 0.00244341 7 
0.00237454 0.00255712 7 
0.00237305 0.00259288 7 
0.00236991 0.00247778 7 
0.00236686 0.00255712 7 
0.00236486 0.00256063 7 
0.00235539 0.00266016 7 
0.00235304 0.00241971 7 
0.00234456 0.00263228 7 
0.00234065 0.00238558 7 
0.002337 0.00238558 7 
0.00233389 0.00263614 7 
0.00232393 0.00262399 7 
0.00232171 0.00284732 7 
0.00231484 0.00273406 7 
0.00231394 0.00261129 7 
0.00230915 0.00239643 7 
0.00230886 0.00259559 7 
0.00230672 0.0023756 7 
0.00230372 0.00232095 7 
0.00230112 0.00261475 7 
0.00229925 0.00238344 7 
0.00229888 0.00258925 7 
0.00229611 0.00230602 7 
0.00229338 0.00248549 7 
0.00229034 0.00236658 7 
0.00228561 0.00260185 7 
0.00228103 0.00276484 7 
0.00227004 0.00264175 7 
0.00226929 0.00256101 7 
0.0022516 0.002275 7 
0.00224525 0.00226187 7 
0.00223929 0.00264445 7 
0.00223157 0.00261991 7 
0.0022269 0.00259814 7 
0.00222684 0.00228415 7 
0.00222519 0.00264805 7 
0.00221739 0.00224191 7 
0.00221467 0.00224915 7 
0.00218243 0.00218482 7 
0.00217778 0.00263307 7 
0.00217714 0.00219225 7 
0.00217084 0.00219945 7 
0.00216339 0.00226459 7 
0.00215169 0.00255179 7 
0.00214996 0.00216869 7 
0.00214775 0.00235147 7 
0.00214083 0.00235482 7 
0.00213453 0.00227243 7 
0.002113 0.00224915 7 
0.00210656 0.00230983 7 
0.0014898 0.00149344 8 
0.00148187 0.0015915 8 
0.00145148 0.00150907 8 
0.00144943 0.00146806 8 
0.00144557 0.00148413 8 
0.00144395 0.00150353 8 
0.00142365 0.00146643 8 
0.00141956 0.00143811 8 
0.00141491 0.00143458 8 
0.00139336 0.0014192 8 
0.0013809 0.00139226 8 
0.00137222 0.00138871 8 
0.0013691 0.0013859 8 
0.00135457 0.00135487 8 
0.00134723 0.00138301 8 
0.00134713 0.00143283 8 
0.00134132 0.00134444 8 
0.00134032 0.0013571 8 
0.00133939 0.00138001 8 
0.00133462 0.00135151 8 
0.00133344 0.00133756 8 
0.00133094 0.00136225 8 
0.00133032 0.00138744 8 
0.00132317 0.00135151 8 
0.00131744 0.00133311 8 
0.00131669 0.00131799 8 
0.00130916 0.00130929 8 
0.00130913 0.00141163 8 
0.00130729 0.0013128 8 
0.00130722 0.00135188 8 
0.00130418 0.00136032 8 
0.00130163 0.0013168 8 
0.00129975 0.00130668 8 
0.00129715 0.00135617 8 
0.00128841 0.00131623 8 
0.00128426 0.00140993 8 
0.00128372 0.00134257 8 
0.00128185 0.00134734 8 
0.00128166 0.00136942 8 
0.00127481 0.00128618 8 
0.00127312 0.00133148 8 
0.00127228 0.001293 8 
0.00126869 0.00136468 8 
0.00126589 0.00126943 8 
0.00126542 0.00130032 8 
0.00126508 0.00130833 8 
0.00126368 0.00132079 8 
0.00126207 0.00126624 8 
0.00126033 0.00130079 8 
0.00125862 0.00137854 8 
0.00125856 0.00133846 8 
0.00125742 0.00128682 8 
0.0012563 0.00128303 8 
0.00125511 0.00126264 8 
0.00125382 0.00130154 8 
0.00125313 0.00135485 8 
0.00125308 0.00128661 8 
0.00125127 0.00135926 8 
0.00125014 0.00127656 8 
0.00124948 0.00136025 8 
0.00124911 0.00126966 8 
0.00124638 0.00135684 8 
0.00124477 0.00128068 8 
0.00124424 0.00134436 8 
0.00124402 0.00135851 8 
0.00124357 0.00134054 8 
0.00124331 0.00131623 8 
0.00124327 0.00135508 8 
0.00124255 0.00128949 8 
0.00124206 0.00136448 8 
0.00124112 0.00128614 8 
0.00123972 0.00127154 8 
0.0012379 0.00130494 8 
0.0012368 0.00137344 8 
0.00123609 0.00131324 8 
0.00123589 0.00134257 8 
0.00123279 0.00136151 8 
0.00123226 0.00130981 8 
0.00122817 0.00128875 8 
0.00122738 0.00134232 8 
0.00122723 0.00137394 8 
0.00122694 0.00126286 8 
0.00122659 0.00124272 8 
0.00122624 0.00136181 8 
0.001225 0.00137037 8 
0.0012234 0.00133099 8 
0.00122291 0.00127083 8 
0.00122251 0.00125521 8 
0.001222 0.00128875 8 
0.00122011 0.00122916 8 
0.00122009 0.00130415 8 
0.0012199 0.00130391 8 
0.00121929 0.00132284 8 
0.00121571 0.0013585 8 
0.00121433 0.00126679 8 
0.00121235 0.00125862 8 
0.0012081 0.0012107 8 
0.00120806 0.00137447 8 
0.00120681 0.00122626 8 
0.00120648 0.00133346 8 
0.00120604 0.00127702 8 
0.00120548 0.00138412 8 
0.00119757 0.00120708 8 
0.00119752 0.00134444 8 
0.00119747 0.00146193 8 
0.00119614 0.00134982 8 
0.00119433 0.00120095 8 
0.00119265 0.00142627 8 
0.0011912 0.00135104 8 
0.00118932 0.00133191 8 
0.00118857 0.00135979 8 
0.0011852 0.00142418 8 
0.00118206 0.0012199 8 
0.00117887 0.00127439 8 
0.00117654 0.00136848 8 
0.00117545 0.00133353 8 
0.00117415 0.00118749 8 
0.00116999 0.00122395 8 
0.00116804 0.00134246 8 
0.00115234 0.00132284 8 
0.00115199 0.00120708 8 
0.00114453 0.0013508 8 
0.00114314 0.00136737 8 
0.00112654 0.0011598 8 
0.00112028 0.00137516 8 
0.00110866 0.00112525 8 
0.00110587 0.00112764 8 
0.00109988 0.00136217 8 
0.00109655 0.00110657 8 
0.00109553 0.00130138 8 
0.00109059 0.00115937 8 
0.00108799 0.00119336 8 
0.00108058 0.00118818 8 
0.00107952 0.00118037 8 
0.00107682 0.00112764 8 
0.00107608 0.0012109 8 
0.00104637 0.00109533 8 
0.000799356 0.000852438 9 
0.000771871 0.000787169 9 
0.000770567 0.000780871 9 
0.000765122 0.000787015 9 
0.000759663 0.000787759 9 
0.000753944 0.000756245 9 
0.000743413 0.000746636 9 
0.00073304 0.000736444 9 
0.000729561 0.000730043 9 
0.000716761 0.000718231 9 
0.000709272 0.000733447 9 
0.0007057 0.000727364 9 
0.000705239 0.000737448 9 
0.000702447 0.00071976 9 
0.000698286 0.000703881 9 
0.000698047 0.000705343 9 
0.000690138 0.000708432 9 
0.000689849 0.000748526 9 
0.000688667 0.000700377 9 
0.000688545 0.000701399 9 
0.000688274 0.000690595 9 
0.000682027 0.000703972 9 
0.000678102 0.000699717 9 
0.000676243 0.000677023 9 
0.000673069 0.000685751 9 
0.000672477 0.000726761 9 
0.000672261 0.000715635 9 
0.000671918 0.000675813 9 
0.000669275 0.000742643 9 
0.000662841 0.000695 9 
0.000659936 0.00067157 9 
0.000659356 0.000680457 9 
0.000659082 0.000715334 9 
0.00065844 0.000703999 9 
0.000658303 0.000660453 9 
0.000657047 0.000719457 9 
0.000657011 0.000667268 9 
0.000656944 0.000667171 9 
0.000656733 0.000657186 9 
0.000656057 0.000661577 9 
0.000655702 0.000694975 9 
0.00065275 0.000699717 9 
0.000652703 0.000707523 9 
0.000651978 0.000689553 9 
0.000651697 0.000654507 9 
0.000651384 0.000706698 9 
0.000648925 0.000692775 9 
0.000648764 0.000706927 9 
0.000648227 0.000692552 9 
0.000648087 0.000664867 9 
0.00064415 0.00071487 9 
0.000643672 0.000724118 9 
0.000643549 0.000657194 9 
0.000643443 0.00068125 9 
0.000643354 0.000661577 9 
0.000643228 0.000709527 9 
0.000643217 0.000675753 9 
0.000643055 0.000646507 9 
0.000642579 0.000674414 9 
0.000642353 0.000643971 9 
0.000642125 0.000719663 9 
0.000640693 0.000685751 9 
0.000640131 0.000641766 9 
0.000639666 0.000694759 9 
0.000639026 0.000645587 9 
0.000638594 0.000694975 9 
0.000638252 0.000646857 9 
0.00063752 0.00069465 9 
0.000636974 0.000673861 9 
0.000636808 0.000669541 9 
0.000636307 0.000662489 9 
0.000636078 0.000665015 9 
0.000635975 0.000689348 9 
0.000635648 0.000655816 9 
0.000635363 0.000692735 9 
0.000634552 0.000693658 9 
0.000633969 0.000712188 9 
0.000633836 0.000755746 9 
0.000633472 0.000716005 9 
0.000631464 0.00067157 9 
0.000629616 0.000683692 9 
0.000629068 0.00065266 9 
0.000628011 0.000704433 9 
0.000628006 0.000651972 9 
0.000626196 0.000712298 9 
0.000624412 0.000639654 9 
0.000623704 0.000715757 9 
0.000623284 0.000693861 9 
0.000622761 0.00073179 9 
0.000622747 0.000690464 9 
0.000621991 0.000709495 9 
0.000620625 0.000710701 9 
0.000619479 0.000632783 9 
0.00061942 0.00064421 9 
0.000617431 0.000706927 9 
0.000616586 0.000719635 9 
0.000614146 0.000662485 9 
0.000613991 0.000704581 9 
0.000613878 0.000754305 9 
0.000612282 0.000662489 9 
0.000610504 0.000632257 9 
0.000605922 0.000641685 9 
0.000603113 0.000611353 9 
0.000601677 0.000692735 9 
0.000595818 0.000704402 9 
0.000590538 0.000712298 9 
0.000586423 0.000693658 9 
0.000578381 0.000590063 9 
0.000577341 0.000723166 9 
0.00057717 0.000594669 9 
0.000573283 0.000616304 9 
0.000571679 0.000581817 9 
0.000569898 0.000633524 9 
0.000565323 0.000676997 9 
0.000561633 0.000617773 9 
0.00056043 0.000603166 9 
0.000560059 0.000710016 9 
0.000558405 0.000571246 9 
0.000558052 0.000596377 9 
0.000557886 0.000564303 9 
0.000556351 0.000571246 9 
0.000552785 0.000621595 9 
0.000534682 0.000560236 9 
