0.530555 0.538369 0 
0.529566 0.536353 0 
0.527602 0.540882 0 
0.527505 0.533541 0 
0.527393 0.539152 0 
0.527197 0.541171 0 
0.527174 0.536542 0 
0.527044 0.534815 0 
0.526923 0.540101 0 
0.52683 0.545741 0 
0.526799 0.537606 0 
0.526703 0.534895 0 
0.52668 0.540884 0 
0.526674 0.539399 0 
0.526441 0.550352 0 
0.526422 0.536808 0 
0.526361 0.541376 0 
0.526357 0.534815 0 
0.526128 0.538175 0 
0.525847 0.526616 0 
0.525665 0.540599 0 
0.525349 0.538566 0 
0.525215 0.540946 0 
0.525205 0.543325 0 
0.525065 0.543092 0 
0.525044 0.546091 0 
0.524926 0.54783 0 
0.524678 0.539186 0 
0.524497 0.543061 0 
0.524491 0.546417 0 
0.524414 0.54119 0 
0.524402 0.539272 0 
0.524288 0.541625 0 
0.524174 0.542287 0 
0.524128 0.549417 0 
0.524047 0.548483 0 
0.523947 0.542539 0 
0.523868 0.53866 0 
0.523738 0.547578 0 
0.523675 0.548479 0 
0.523651 0.525002 0 
0.523612 0.543667 0 
0.523595 0.548925 0 
0.523434 0.550855 0 
0.523406 0.546038 0 
0.523305 0.533697 0 
0.523276 0.533714 0 
0.523086 0.54425 0 
0.522947 0.529283 0 
0.522871 0.537092 0 
0.522824 0.544303 0 
0.522778 0.538718 0 
0.522762 0.548727 0 
0.522758 0.544303 0 
0.522737 0.549045 0 
0.522696 0.550166 0 
0.522498 0.525972 0 
0.522422 0.537792 0 
0.522418 0.532804 0 
0.522335 0.523925 0 
0.522309 0.539726 0 
0.522285 0.54876 0 
0.522216 0.540999 0 
0.522185 0.54886 0 
0.52198 0.534335 0 
0.521911 0.537135 0 
0.521907 0.545605 0 
0.52175 0.538464 0 
0.521661 0.523458 0 
0.521596 0.538903 0 
0.52147 0.549315 0 
0.521322 0.541428 0 
0.521299 0.541006 0 
0.521286 0.536883 0 
0.521045 0.523555 0 
0.520974 0.549026 0 
0.520958 0.535551 0 
0.520924 0.541661 0 
0.520891 0.548907 0 
0.52077 0.547103 0 
0.520598 0.538785 0 
0.520506 0.53928 0 
0.520179 0.5219 0 
0.520079 0.539547 0 
0.519879 0.54768 0 
0.519851 0.534462 0 
0.519827 0.543092 0 
0.519808 0.522603 0 
0.519799 0.540591 0 
0.519681 0.542798 0 
0.519667 0.537606 0 
0.519557 0.541789 0 
0.519475 0.522603 0 
0.519377 0.538388 0 
0.519363 0.551667 0 
0.519332 0.538542 0 
0.519283 0.541117 0 
0.519239 0.543962 0 
0.519199 0.550495 0 
0.518979 0.541428 0 
0.518917 0.54276 0 
0.518604 0.54299 0 
0.518307 0.547352 0 
0.518264 0.543202 0 
0.51825 0.548612 0 
0.518207 0.522529 0 
0.518165 0.543325 0 
0.518049 0.545982 0 
0.518024 0.523105 0 
0.517797 0.520711 0 
0.517785 0.546225 0 
0.517723 0.521768 0 
0.517654 0.54457 0 
0.517399 0.550699 0 
0.517132 0.550177 0 
0.516931 0.541194 0 
0.51646 0.543092 0 
0.516181 0.517412 0 
0.516166 0.540422 0 
0.516026 0.542563 0 
0.515968 0.540884 0 
0.515697 0.521733 0 
0.515659 0.543999 0 
0.51527 0.546782 0 
0.513399 0.515167 0 
0.512909 0.513257 0 
0.512759 0.513582 0 
0.511655 0.511777 0 
0.511584 0.512731 0 
0.511574 0.512479 0 
0.51136 0.512502 0 
0.511249 0.511582 0 
0.511158 0.51186 0 
0.51113 0.512629 0 
0.511097 0.512392 0 
0.511051 0.51137 0 
0.510965 0.51298 0 
0.510839 0.511658 0 
0.510828 0.512654 0 
0.510554 0.548159 0 
0.510496 0.510564 0 
0.510368 0.511186 0 
0.510271 0.512306 0 
0.510266 0.536883 0 
0.510259 0.51148 0 
0.510099 0.510754 0 
0.509962 0.541915 0 
0.509954 0.511921 0 
0.50993 0.510857 0 
0.50982 0.50992 0 
0.509794 0.509997 0 
0.509744 0.51074 0 
0.509726 0.511439 0 
0.509693 0.511281 0 
0.509662 0.511186 0 
0.509619 0.510454 0 
0.509598 0.51009 0 
0.509552 0.510632 0 
0.509472 0.511311 0 
0.509468 0.511012 0 
0.509422 0.511001 0 
0.509352 0.509558 0 
0.509233 0.513322 0 
0.509174 0.512042 0 
0.509128 0.511029 0 
0.509109 0.509512 0 
0.509084 0.510844 0 
0.509063 0.510694 0 
0.508956 0.510077 0 
0.508862 0.51148 0 
0.508772 0.5143 0 
0.508722 0.51009 0 
0.508688 0.510839 0 
0.508657 0.509388 0 
0.508474 0.510077 0 
0.508378 0.512756 0 
0.508377 0.508999 0 
0.508312 0.509537 0 
0.50826 0.51412 0 
0.508239 0.509766 0 
0.508224 0.509606 0 
0.508157 0.511704 0 
0.508151 0.508258 0 
0.508137 0.510725 0 
0.508087 0.509306 0 
0.508041 0.509388 0 
0.50797 0.508281 0 
0.507963 0.510322 0 
0.507923 0.509364 0 
0.507831 0.509746 0 
0.507742 0.510077 0 
0.507706 0.508707 0 
0.507698 0.511029 0 
0.507641 0.509548 0 
0.507542 0.508617 0 
0.507538 0.508062 0 
0.507515 0.508729 0 
0.50747 0.511993 0 
0.507426 0.511001 0 
0.507407 0.508802 0 
0.50736 0.511369 0 
0.507328 0.510997 0 
0.507268 0.508608 0 
0.507261 0.511058 0 
0.507244 0.511921 0 
0.507171 0.508381 0 
0.507163 0.508688 0 
0.507107 0.508296 0 
0.507066 0.50724 0 
0.506999 0.510468 0 
0.506914 0.507105 0 
0.506885 0.507875 0 
0.506884 0.511029 0 
0.506805 0.507076 0 
0.506793 0.507055 0 
0.506722 0.507164 0 
0.506716 0.511223 0 
0.506644 0.512508 0 
0.506621 0.509322 0 
0.506605 0.507227 0 
0.506297 0.539782 0 
0.506242 0.508546 0 
0.506083 0.508095 0 
0.506079 0.512629 0 
0.506049 0.508746 0 
0.505974 0.508268 0 
0.50592 0.508403 0 
0.505909 0.506534 0 
0.505902 0.506934 0 
0.505514 0.511375 0 
0.505204 0.506052 0 
0.504918 0.506895 0 
0.504825 0.509834 0 
0.504791 0.509262 0 
0.504723 0.51059 0 
0.50468 0.507975 0 
0.504625 0.50711 0 
0.504554 0.507504 0 
0.504312 0.507374 0 
0.50428 0.510524 0 
0.504182 0.507891 0 
0.503205 0.510923 0 
0.503116 0.506079 0 
0.501721 0.512681 0 
0.499378 0.504862 0 
0.242098 0.245495 1 
0.242021 0.245366 1 
0.241518 0.24627 1 
0.240227 0.247257 1 
0.239017 0.241639 1 
0.237479 0.244809 1 
0.237138 0.242944 1 
0.237017 0.239809 1 
0.236618 0.24946 1 
0.23659 0.244414 1 
0.236134 0.248361 1 
0.235882 0.237052 1 
0.235714 0.246512 1 
0.235244 0.24388 1 
0.23519 0.245178 1 
0.235113 0.235546 1 
0.23473 0.247124 1 
0.234638 0.24234 1 
0.233749 0.237559 1 
0.233648 0.234608 1 
0.233476 0.243416 1 
0.233429 0.233728 1 
0.233372 0.240801 1 
0.23285 0.246511 1 
0.231731 0.236837 1 
0.230368 0.243066 1 
0.229507 0.237052 1 
0.229024 0.240552 1 
0.228596 0.229458 1 
0.228302 0.229081 1 
0.228208 0.228992 1 
0.228201 0.24388 1 
0.228019 0.236117 1 
0.226057 0.22755 1 
0.225462 0.240928 1 
0.225433 0.225553 1 
0.225415 0.227487 1 
0.225048 0.22637 1 
0.224791 0.22744 1 
0.22443 0.230018 1 
0.224136 0.231763 1 
0.223938 0.233231 1 
0.223631 0.230636 1 
0.223517 0.225293 1 
0.22335 0.236298 1 
0.223042 0.235097 1 
0.22298 0.223694 1 
0.222864 0.225143 1 
0.222753 0.240983 1 
0.222499 0.236837 1 
0.222271 0.240639 1 
0.222106 0.223985 1 
0.221523 0.223193 1 
0.221206 0.226792 1 
0.221059 0.22624 1 
0.220847 0.221361 1 
0.220575 0.233507 1 
0.218053 0.224927 1 
0.217679 0.218705 1 
0.216241 0.232368 1 
0.21218 0.223713 1 
0.208959 0.216199 1 
0.208932 0.210327 1 
0.205145 0.207444 1 
0.205033 0.205635 1 
0.204296 0.204933 1 
0.202442 0.202844 1 
0.202261 0.205231 1 
0.202186 0.203145 1 
0.202094 0.203082 1 
0.202091 0.202587 1 
0.202033 0.220147 1 
0.202002 0.205194 1 
0.201699 0.203733 1 
0.201435 0.201651 1 
0.201304 0.204148 1 
0.201266 0.202587 1 
0.201217 0.201953 1 
0.200325 0.200547 1 
0.200053 0.200083 1 
0.199913 0.201236 1 
0.199559 0.200937 1 
0.199154 0.201879 1 
0.19907 0.199284 1 
0.198854 0.200547 1 
0.198739 0.199459 1 
0.198738 0.199744 1 
0.198701 0.199321 1 
0.198526 0.199276 1 
0.198479 0.202454 1 
0.198461 0.200083 1 
0.198381 0.200742 1 
0.198289 0.199895 1 
0.198265 0.198958 1 
0.198246 0.201859 1 
0.198153 0.19909 1 
0.198006 0.199884 1 
0.19781 0.198907 1 
0.197731 0.199911 1 
0.197725 0.20096 1 
0.197632 0.199059 1 
0.197603 0.200773 1 
0.197593 0.202587 1 
0.197275 0.199072 1 
0.197272 0.19963 1 
0.197143 0.199276 1 
0.197122 0.197559 1 
0.196972 0.20211 1 
0.196858 0.198752 1 
0.196572 0.199744 1 
0.196503 0.200742 1 
0.196391 0.199295 1 
0.19625 0.19729 1 
0.19623 0.20099 1 
0.196207 0.199109 1 
0.196203 0.200313 1 
0.196057 0.199489 1 
0.196017 0.196161 1 
0.195979 0.196573 1 
0.195967 0.197275 1 
0.195914 0.196086 1 
0.195646 0.196161 1 
0.195546 0.200834 1 
0.195402 0.197745 1 
0.195144 0.197442 1 
0.195071 0.196149 1 
0.194871 0.196367 1 
0.194846 0.19792 1 
0.19481 0.197753 1 
0.194783 0.197394 1 
0.194769 0.197151 1 
0.19446 0.195135 1 
0.194441 0.196693 1 
0.194398 0.194974 1 
0.194354 0.194383 1 
0.194331 0.194622 1 
0.194182 0.195665 1 
0.193911 0.195341 1 
0.193811 0.197652 1 
0.193676 0.193891 1 
0.193479 0.194572 1 
0.193373 0.195659 1 
0.193102 0.197098 1 
0.19288 0.200679 1 
0.192837 0.194444 1 
0.192624 0.195811 1 
0.192433 0.197086 1 
0.192037 0.192472 1 
0.190312 0.194139 1 
0.132913 0.13434 2 
0.129959 0.130799 2 
0.125613 0.125721 2 
0.124685 0.124962 2 
0.123502 0.127387 2 
0.123232 0.126951 2 
0.121013 0.126328 2 
0.120755 0.12304 2 
0.120217 0.128363 2 
0.118851 0.125978 2 
0.118372 0.125957 2 
0.116235 0.118833 2 
0.115855 0.119451 2 
0.114729 0.125364 2 
0.112295 0.114679 2 
0.112257 0.113569 2 
0.112248 0.115255 2 
0.109843 0.115642 2 
0.0985826 0.0993103 2 
0.090651 0.0919739 2 
0.0895534 0.0899027 2 
0.0895064 0.0915786 2 
0.0880946 0.089184 2 
0.0878462 0.0953967 2 
0.0877261 0.0915786 2 
0.0874367 0.0903506 2 
0.0865969 0.0875532 2 
0.0865177 0.087091 2 
0.0861739 0.0888246 2 
0.0861252 0.0863709 2 
0.0859823 0.0860926 2 
0.0858965 0.0870471 2 
0.0858456 0.0864039 2 
0.085832 0.0888219 2 
0.0857303 0.0876929 2 
0.0855902 0.0863089 2 
0.0853242 0.0853618 2 
0.0852287 0.0865394 2 
0.0852037 0.0869532 2 
0.084563 0.0855442 2 
0.0845531 0.085357 2 
0.0845249 0.0864557 2 
0.0843731 0.0857954 2 
0.0842349 0.0844818 2 
0.0841948 0.0878487 2 
0.0840281 0.0876929 2 
0.0839946 0.0842596 2 
0.0839429 0.0847225 2 
0.083901 0.086744 2 
0.0838302 0.0840777 2 
0.0838012 0.0852227 2 
0.0836394 0.0844801 2 
0.0835002 0.0847588 2 
0.0833626 0.0839141 2 
0.0833423 0.0835434 2 
0.0832537 0.0832979 2 
0.0832534 0.08747 2 
0.0832205 0.0857663 2 
0.0832009 0.0855386 2 
0.0831531 0.0850929 2 
0.0830501 0.0858539 2 
0.0829851 0.0842456 2 
0.0828216 0.084586 2 
0.0827643 0.0850929 2 
0.0827094 0.0853548 2 
0.0827015 0.0829524 2 
0.0825409 0.0836534 2 
0.0822767 0.0875533 2 
0.0818434 0.0863815 2 
0.0818148 0.0832935 2 
0.0817509 0.0836554 2 
0.0816645 0.0836554 2 
0.0815441 0.0822388 2 
0.0813764 0.0817851 2 
0.081333 0.0822945 2 
0.081249 0.0853548 2 
0.0812306 0.0846261 2 
0.0810357 0.0838997 2 
0.0810092 0.081589 2 
0.0809418 0.0816055 2 
0.0808756 0.0850521 2 
0.0807743 0.081727 2 
0.0807065 0.0833827 2 
0.0805806 0.083081 2 
0.0805554 0.0825365 2 
0.0805302 0.0823046 2 
0.0803901 0.0817897 2 
0.0802768 0.0822719 2 
0.0802041 0.0810189 2 
0.0801807 0.081782 2 
0.0800349 0.0811753 2 
0.0799659 0.0837325 2 
0.0794227 0.0802652 2 
0.0793391 0.0794354 2 
0.0793257 0.0805577 2 
0.0793184 0.0804785 2 
0.0790965 0.0825966 2 
0.0790374 0.079842 2 
0.0787131 0.0816935 2 
0.078529 0.0817193 2 
0.0782035 0.0790521 2 
0.0781893 0.0804791 2 
0.0792041 0.0804961 3 
0.0773899 0.0783751 3 
0.0724502 0.0752723 3 
0.0709035 0.0764441 3 
0.0660614 0.0662582 3 
0.0467431 0.047264 3 
0.0433715 0.0447698 3 
0.043242 0.0445002 3 
0.042903 0.0429283 3 
0.0415855 0.0443267 3 
0.0409184 0.0441566 3 
0.0405968 0.0407189 3 
0.0405664 0.0412454 3 
0.0404572 0.0441057 3 
0.0404541 0.0419453 3 
0.0400945 0.0422292 3 
0.0400194 0.0436177 3 
0.0398453 0.0404733 3 
0.039755 0.039839 3 
0.0397443 0.0398936 3 
0.0397055 0.0454394 3 
0.0396282 0.0398617 3 
0.0394307 0.0406771 3 
0.039423 0.0397643 3 
0.0393568 0.0394878 3 
0.0393513 0.0409334 3 
0.0392843 0.0399997 3 
0.0392552 0.0393222 3 
0.0389286 0.0410875 3 
0.0389182 0.042109 3 
0.0388522 0.042109 3 
0.038638 0.0411877 3 
0.038596 0.0397195 3 
0.0385602 0.0386488 3 
0.0382977 0.0399077 3 
0.0382951 0.0401887 3 
0.0382949 0.0399394 3 
0.0382911 0.0389701 3 
0.0381865 0.0383293 3 
0.0381784 0.0409686 3 
0.0381335 0.0402822 3 
0.03802 0.039891 3 
0.0379845 0.0391573 3 
0.0379366 0.038471 3 
0.0378872 0.0384905 3 
0.0378541 0.0381615 3 
0.0378449 0.0420647 3 
0.0376809 0.0381529 3 
0.0376703 0.0397643 3 
0.037605 0.0396837 3 
0.0372363 0.0395949 3 
0.0372234 0.0376885 3 
0.0372118 0.0399076 3 
0.0370792 0.0410688 3 
0.0370193 0.0386897 3 
0.0369918 0.0406017 3 
0.0369848 0.0375886 3 
0.036969 0.0376885 3 
0.0369379 0.038592 3 
0.0369363 0.0372056 3 
0.036816 0.0369483 3 
0.0367862 0.0404181 3 
0.0367402 0.0371031 3 
0.0367041 0.0380518 3 
0.0365981 0.0372056 3 
0.0365731 0.0369467 3 
0.0364233 0.0386897 3 
0.0364203 0.037091 3 
0.0363236 0.0366062 3 
0.036308 0.0363855 3 
0.0362072 0.0385921 3 
0.0359911 0.0364728 3 
0.0359372 0.0362051 3 
0.035773 0.0363008 3 
0.0355693 0.0362531 3 
0.0355362 0.0356461 3 
0.0355065 0.0379495 3 
0.0354932 0.0393571 3 
0.0354719 0.0370213 3 
0.0352025 0.0359117 3 
0.035088 0.036699 3 
0.0348196 0.03548 3 
0.0346547 0.0361014 3 
0.0346074 0.0353764 3 
0.0345727 0.0354791 3 
0.0344685 0.0345601 3 
0.034051 0.0347955 3 
0.03398 0.0365107 3 
0.0339709 0.0354791 3 
0.0501106 0.0525054 4 
0.0218992 0.022717 4 
0.0214912 0.0217369 4 
0.0210435 0.021374 4 
0.0209221 0.0225799 4 
0.0208289 0.021278 4 
0.020766 0.0218287 4 
0.0205615 0.0216039 4 
0.0203856 0.0218953 4 
0.0200102 0.0214689 4 
0.0199234 0.0203277 4 
0.019684 0.0210631 4 
0.0195485 0.0196114 4 
0.0193701 0.0225398 4 
0.0193285 0.0201385 4 
0.0193131 0.020417 4 
0.0192446 0.0204359 4 
0.0191131 0.0231947 4 
0.0190279 0.0193414 4 
0.0189657 0.0214206 4 
0.0189407 0.0191928 4 
0.0188519 0.0204748 4 
0.0188447 0.0189442 4 
0.0187976 0.0192409 4 
0.0187937 0.0213849 4 
0.018646 0.0204396 4 
0.0185908 0.0189253 4 
0.0185732 0.019847 4 
0.0185411 0.0198549 4 
0.0185069 0.0186326 4 
0.0182445 0.0187151 4 
0.0182397 0.0184919 4 
0.0182302 0.0197628 4 
0.0182189 0.0193414 4 
0.0182188 0.0207847 4 
0.0181934 0.0188643 4 
0.0181123 0.019398 4 
0.018028 0.0184953 4 
0.0178864 0.0180232 4 
0.0178805 0.0191511 4 
0.0177228 0.0188319 4 
0.0176185 0.0179514 4 
0.0176094 0.0179802 4 
0.0175659 0.0188942 4 
0.0174647 0.0175114 4 
0.0174333 0.0185359 4 
0.0173265 0.017976 4 
0.0172577 0.0197628 4 
0.0172037 0.0179932 4 
0.0171599 0.0172192 4 
0.0169973 0.0193605 4 
0.016912 0.0169524 4 
0.0168369 0.0169384 4 
0.016809 0.0170013 4 
0.0166871 0.0169363 4 
0.0166485 0.0170013 4 
0.01652 0.0179121 4 
0.0164619 0.0164887 4 
0.0163873 0.0167816 4 
0.0162015 0.0162505 4 
0.0161836 0.0176056 4 
0.0161699 0.0172359 4 
0.016084 0.0175143 4 
0.0160149 0.0169108 4 
0.0380351 0.038572 5 
0.0120213 0.0138557 5 
0.0118552 0.0128205 5 
0.0116573 0.0119793 5 
0.0116555 0.011841 5 
0.0115793 0.0119447 5 
0.0114904 0.0120456 5 
0.011432 0.012322 5 
0.0111003 0.0119657 5 
0.0110964 0.0119649 5 
0.0110578 0.0114334 5 
0.0108542 0.0115098 5 
0.0108527 0.0113725 5 
0.0106586 0.0112297 5 
0.010584 0.0113818 5 
0.010513 0.0127921 5 
0.010281 0.011789 5 
0.0102246 0.0110109 5 
0.0101134 0.0106204 5 
0.0100627 0.0103852 5 
0.00995636 0.0104073 5 
0.00978383 0.00991044 5 
0.00971107 0.0108727 5 
0.00956304 0.0105657 5 
0.00947903 0.00954107 5 
0.00946648 0.0102895 5 
0.00944713 0.0100271 5 
0.0094285 0.00957304 5 
0.00930359 0.00931562 5 
0.00929656 0.00999473 5 
0.00928673 0.00943034 5 
0.00903391 0.00995736 5 
0.0089664 0.00928288 5 
0.00886356 0.00928109 5 
0.00884704 0.0096425 5 
0.00879198 0.00945835 5 
0.00870113 0.0089404 5 
0.00851888 0.00902193 5 
0.00850928 0.00865724 5 
0.00845165 0.0089529 5 
0.00842365 0.00880413 5 
0.00835857 0.00936679 5 
0.00829848 0.00956513 5 
0.00822869 0.00837569 5 
0.00808223 0.00912776 5 
0.00796882 0.00809325 5 
0.0101866 0.0102093 6 
0.00828801 0.00863606 6 
0.00748701 0.00828237 6 
0.00743159 0.00802123 6 
0.00724401 0.00804105 6 
0.00675706 0.00693739 6 
0.00644491 0.00675966 6 
0.00642823 0.00794352 6 
0.0064217 0.00680345 6 
0.0064192 0.00678991 6 
0.00625507 0.00643159 6 
0.00613512 0.0063521 6 
0.00604073 0.00659542 6 
0.00580459 0.00582989 6 
0.00563785 0.00564342 6 
0.00563766 0.00628823 6 
0.00558616 0.00613282 6 
0.00552581 0.0057825 6 
0.00549762 0.00612341 6 
0.00547088 0.00583608 6 
0.00524574 0.00529284 6 
0.00515632 0.00517727 6 
0.0050805 0.00543159 6 
0.00506889 0.00539788 6 
0.00505825 0.00549767 6 
0.00503948 0.00529743 6 
0.0049513 0.00529743 6 
0.00490686 0.00536887 6 
0.00482106 0.00484615 6 
0.00481369 0.0048453 6 
0.00459567 0.00557747 6 
0.00438628 0.00517998 6 
0.0040732 0.00433273 6 
0.00691166 0.00696152 7 
0.00595839 0.00621926 7 
0.00557169 0.00593087 7 
0.00505548 0.0059427 7 
0.00497553 0.00562735 7 
0.0047538 0.0048126 7 
0.00470716 0.00502104 7 
0.00461292 0.00474138 7 
0.00426363 0.00438195 7 
0.00425026 0.00429145 7 
0.0042192 0.00424135 7 
0.00416758 0.00577557 7 
0.00405198 0.00419762 7 
0.00404482 0.00430521 7 
0.00380319 0.00413724 7 
0.00379868 0.00399962 7 
0.00349806 0.00350635 7 
0.00345606 0.00402068 7 
0.00341191 0.00378 7 
0.00339594 0.00339831 7 
0.00336981 0.00367803 7 
0.0033011 0.00353173 7 
0.00317988 0.00343106 7 
0.00313775 0.00364189 7 
0.00306806 0.00311096 7 
0.00302978 0.00330139 7 
0.00301062 0.00361261 7 
0.00286188 0.00288319 7 
0.00270484 0.0030909 7 
0.0022856 0.0024903 7 
0.00452866 0.00460309 8 
0.00430523 0.00432477 8 
0.00371088 0.00446502 8 
0.00365686 0.00411775 8 
0.00342234 0.00351286 8 
0.0033212 0.00336444 8 
0.00329839 0.00355479 8 
0.00320864 0.00361659 8 
0.00300706 0.00316307 8 
0.00280987 0.0043685 8 
0.00277862 0.00294986 8 
0.00265446 0.00280005 8 
0.00259345 0.00312633 8 
0.00250737 0.00257456 8 
0.00249111 0.00296431 8 
0.00241786 0.00275259 8 
0.00235067 0.00268733 8 
0.00232781 0.00245389 8 
0.00219106 0.00235178 8 
0.00216797 0.00223758 8 
0.00216587 0.00235666 8 
0.00211609 0.00256317 8 
0.00190001 0.00208737 8 
0.00157771 0.00164317 8 
0.00986967 0.009941 9 
0.00294247 0.00302466 9 
0.00283727 0.00340671 9 
0.00277888 0.00311068 9 
0.00263937 0.00264376 9 
0.00246578 0.00256237 9 
0.00240394 0.00268239 9 
0.00236871 0.0023774 9 
0.00231941 0.00270555 9 
0.0022261 0.00237813 9 
0.0020713 0.00218293 9 
0.00201841 0.00336024 9 
0.00192879 0.00208381 9 
0.00190755 0.00197429 9 
0.00189063 0.00225437 9 
0.0017751 0.00234133 9 
0.00175606 0.00193898 9 
0.00173768 0.00200641 9 
0.0016696 0.00178532 9 
0.00163851 0.00170858 9 
0.00160514 0.00165221 9 
0.0015991 0.00173289 9 
0.00153421 0.00188713 9 
0.00142214 0.00143357 9 
0.00139862 0.00156027 9 
0.00117404 0.00120016 9 
