0 0.495173 0 
0 0.495477 0 
0 0.495678 0 
0 0.496166 0 
0 0.496302 0 
0 0.496503 0 
0 0.496598 0 
0 0.496824 0 
0 0.496971 0 
0 0.497019 0 
0 0.497212 0 
0 0.497302 0 
0 0.497339 0 
0 0.49734 0 
0 0.497487 0 
0 0.497523 0 
0 0.498544 0 
0 0.498558 0 
0 0.498626 0 
0 0.498642 0 
0 0.49865 0 
0 0.499011 0 
0 0.499062 0 
0 0.499219 0 
0 0.4993 0 
0 0.499314 0 
0 0.499341 0 
0 0.499374 0 
0 0.499383 0 
0 0.499484 0 
0 0.499501 0 
0 0.499659 0 
0 0.499664 0 
0 0.499664 0 
0 0.499666 0 
0 0.499688 0 
0 0.499713 0 
0 0.499834 0 
0 0.499851 0 
0 0.499872 0 
0 0.499892 0 
0 0.499974 0 
0 0.499998 0 
0 0.500047 0 
0 0.500057 0 
0 0.500062 0 
0 0.500094 0 
0 0.500124 0 
0 0.500173 0 
0 0.500286 0 
0 0.500296 0 
0 0.500342 0 
0 0.500342 0 
0 0.500346 0 
0 0.500427 0 
0 0.50048 0 
0 0.500505 0 
0 0.500518 0 
0 0.500562 0 
0 0.500583 0 
0 0.500602 0 
0 0.500633 0 
0 0.500677 0 
0 0.500701 0 
0 0.500747 0 
0 0.500756 0 
0 0.500769 0 
0 0.500825 0 
0 0.500885 0 
0 0.501051 0 
0 0.501063 0 
0 0.501082 0 
0 0.501087 0 
0 0.501134 0 
0 0.501136 0 
0 0.501145 0 
0 0.501155 0 
0 0.501224 0 
0 0.501265 0 
0 0.501275 0 
0 0.501281 0 
0 0.501284 0 
0 0.501295 0 
0 0.501302 0 
0 0.50134 0 
0 0.501359 0 
0 0.501477 0 
0 0.501479 0 
0 0.501564 0 
0 0.501622 0 
0 0.501639 0 
0 0.501668 0 
0 0.50167 0 
0 0.501678 0 
0 0.501711 0 
0 0.501773 0 
0 0.501867 0 
0 0.501909 0 
0 0.501946 0 
0 0.50196 0 
0 0.501984 0 
0 0.502112 0 
0 0.502114 0 
0 0.502134 0 
0 0.50214 0 
0 0.50216 0 
0 0.502244 0 
0 0.502268 0 
0 0.502285 0 
0 0.502318 0 
0 0.502377 0 
0 0.502398 0 
0 0.502475 0 
0 0.502516 0 
0 0.502583 0 
0 0.502655 0 
0 0.503001 0 
0 0.503088 0 
0 0.503121 0 
0 0.503274 0 
0 0.503711 0 
0 0.503775 0 
0 0.504186 0 
0 0.506777 0 
0 0.516688 0 
0 0.519676 0 
0 0.525392 0 
0 inf 0 
0 0.180514 1 
0 0.1808 1 
0 0.181249 1 
0 0.181541 1 
0 0.181735 1 
0 0.18226 1 
0 0.182478 1 
0 0.182758 1 
0 0.182771 1 
0 0.183113 1 
0 0.183575 1 
0 0.183634 1 
0 0.183741 1 
0 0.183826 1 
0 0.184015 1 
0 0.184018 1 
0 0.184391 1 
0 0.184406 1 
0 0.184487 1 
0 0.184579 1 
0 0.184608 1 
0 0.184781 1 
0 0.184915 1 
0 0.185049 1 
0 0.185104 1 
0 0.185125 1 
0 0.185252 1 
0 0.185325 1 
0 0.18544 1 
0 0.185604 1 
0 0.185604 1 
0 0.185623 1 
0 0.185703 1 
0 0.185826 1 
0 0.185849 1 
0 0.186046 1 
0 0.186074 1 
0 0.186099 1 
0 0.186198 1 
0 0.186215 1 
0 0.186289 1 
0 0.186381 1 
0 0.186387 1 
0 0.186414 1 
0 0.186418 1 
0 0.186511 1 
0 0.186532 1 
0 0.186571 1 
0 0.186625 1 
0 0.186781 1 
0 0.186861 1 
0 0.18688 1 
0 0.18698 1 
0 0.187029 1 
0 0.187054 1 
0 0.187076 1 
0 0.18708 1 
0 0.187081 1 
0 0.187166 1 
0 0.187166 1 
0 0.187184 1 
0 0.187316 1 
0 0.187334 1 
0 0.187451 1 
0 0.187552 1 
0 0.187582 1 
0 0.187589 1 
0 0.187591 1 
0 0.187735 1 
0 0.187796 1 
0 0.187908 1 
0 0.18795 1 
0 0.187988 1 
0 0.188046 1 
0 0.188067 1 
0 0.18809 1 
0 0.188143 1 
0 0.188143 1 
0 0.188187 1 
0 0.188278 1 
0 0.188381 1 
0 0.188395 1 
0 0.188518 1 
0 0.188619 1 
0 0.188652 1 
0 0.188663 1 
0 0.18871 1 
0 0.188768 1 
0 0.188791 1 
0 0.188796 1 
0 0.188813 1 
0 0.18884 1 
0 0.188966 1 
0 0.188975 1 
0 0.189029 1 
0 0.189104 1 
0 0.189142 1 
0 0.189162 1 
0 0.189195 1 
0 0.189246 1 
0 0.189269 1 
0 0.189407 1 
0 0.189535 1 
0 0.189711 1 
0 0.189739 1 
0 0.189854 1 
0 0.189884 1 
0 0.189941 1 
0 0.190121 1 
0 0.190198 1 
0 0.190215 1 
0 0.190259 1 
0 0.19033 1 
0 0.190439 1 
0 0.190509 1 
0 0.19065 1 
0 0.190652 1 
0 0.190674 1 
0 0.191038 1 
0 0.191211 1 
0 0.191449 1 
0 0.193373 1 
0 0.194317 1 
0 0.194372 1 
0 0.248287 1 
0 0.249931 1 
0 0.253465 1 
0 inf 1 
0 0.0673703 2 
0 0.0677069 2 
0 0.0686467 2 
0 0.0689005 2 
0 0.0691663 2 
0 0.0694159 2 
0 0.0695641 2 
0 0.0696145 2 
0 0.0696463 2 
0 0.0698921 2 
0 0.0702958 2 
0 0.0703988 2 
0 0.0704103 2 
0 0.0705176 2 
0 0.0705433 2 
0 0.0706484 2 
0 0.0707201 2 
0 0.0708853 2 
0 0.0709468 2 
0 0.0709724 2 
0 0.0710303 2 
0 0.0711411 2 
0 0.071208 2 
0 0.0715124 2 
0 0.0716453 2 
0 0.0717567 2 
0 0.0717641 2 
0 0.0718661 2 
0 0.0719049 2 
0 0.071967 2 
0 0.0720433 2 
0 0.0720882 2 
0 0.0721179 2 
0 0.0723107 2 
0 0.0723301 2 
0 0.0723838 2 
0 0.0724226 2 
0 0.0725039 2 
0 0.0725303 2 
0 0.0725911 2 
0 0.0725929 2 
0 0.0725993 2 
0 0.0726522 2 
0 0.0726962 2 
0 0.0726995 2 
0 0.0727072 2 
0 0.0727375 2 
0 0.0728604 2 
0 0.0730848 2 
0 0.0732229 2 
0 0.0733371 2 
0 0.0733952 2 
0 0.0734625 2 
0 0.0734661 2 
0 0.0734731 2 
0 0.0735203 2 
0 0.0735261 2 
0 0.0736193 2 
0 0.07377 2 
0 0.0737864 2 
0 0.0737986 2 
0 0.0738904 2 
0 0.0739376 2 
0 0.0739377 2 
0 0.0739687 2 
0 0.073972 2 
0 0.0739825 2 
0 0.0739903 2 
0 0.0741564 2 
0 0.0741728 2 
0 0.0741903 2 
0 0.0742515 2 
0 0.0742889 2 
0 0.0743717 2 
0 0.0743831 2 
0 0.0743897 2 
0 0.0744469 2 
0 0.0744853 2 
0 0.0747088 2 
0 0.0747161 2 
0 0.0749023 2 
0 0.0749115 2 
0 0.074917 2 
0 0.0749233 2 
0 0.0749439 2 
0 0.0749633 2 
0 0.0751013 2 
0 0.0751417 2 
0 0.0752397 2 
0 0.0752432 2 
0 0.0752626 2 
0 0.0753058 2 
0 0.075326 2 
0 0.0753352 2 
0 0.0754385 2 
0 0.0754554 2 
0 0.0755164 2 
0 0.075578 2 
0 0.0756786 2 
0 0.0756811 2 
0 0.0757009 2 
0 0.075759 2 
0 0.0758788 2 
0 0.0759819 2 
0 0.0759963 2 
0 0.0766304 2 
0 0.0766793 2 
0 0.0767546 2 
0 0.0768434 2 
0 0.077011 2 
0 0.0770506 2 
0 0.0772754 2 
0 0.0776132 2 
0 0.0779137 2 
0 0.077919 2 
0 0.0779633 2 
0 0.0780115 2 
0 0.078186 2 
0 0.078439 2 
0 0.0787663 2 
0 0.0793249 2 
0 0.0806382 2 
0 0.0809573 2 
0 0.0887645 2 
0 0.165147 2 
0 0.169252 2 
0 0.174973 2 
0 inf 2 
0 0.0257941 3 
0 0.0268834 3 
0 0.0270977 3 
0 0.027215 3 
0 0.0272999 3 
0 0.0274645 3 
0 0.027852 3 
0 0.0278911 3 
0 0.0279101 3 
0 0.0279794 3 
0 0.0280834 3 
0 0.0281641 3 
0 0.0281661 3 
0 0.0284449 3 
0 0.0284742 3 
0 0.0284887 3 
0 0.0285654 3 
0 0.0285761 3 
0 0.0286475 3 
0 0.0286958 3 
0 0.0288069 3 
0 0.0288318 3 
0 0.0289845 3 
0 0.0290052 3 
0 0.0291235 3 
0 0.0292193 3 
0 0.0292369 3 
0 0.0294103 3 
0 0.0294862 3 
0 0.0294947 3 
0 0.0295232 3 
0 0.0295402 3 
0 0.029568 3 
0 0.0295802 3 
0 0.0296777 3 
0 0.0298135 3 
0 0.029951 3 
0 0.0299722 3 
0 0.0300666 3 
0 0.0302069 3 
0 0.0302785 3 
0 0.0303636 3 
0 0.030398 3 
0 0.0304536 3 
0 0.0304644 3 
0 0.0304736 3 
0 0.0304979 3 
0 0.0305176 3 
0 0.0306457 3 
0 0.0306779 3 
0 0.030686 3 
0 0.0306983 3 
0 0.0307285 3 
0 0.0307533 3 
0 0.030817 3 
0 0.0308224 3 
0 0.0308366 3 
0 0.0308605 3 
0 0.0309257 3 
0 0.0310138 3 
0 0.0310304 3 
0 0.0310413 3 
0 0.0310501 3 
0 0.0310815 3 
0 0.0311021 3 
0 0.0311216 3 
0 0.0312382 3 
0 0.031243 3 
0 0.031263 3 
0 0.031294 3 
0 0.0313746 3 
0 0.0314397 3 
0 0.0315354 3 
0 0.0315553 3 
0 0.0315788 3 
0 0.0315938 3 
0 0.0316046 3 
0 0.0316158 3 
0 0.0316682 3 
0 0.0316971 3 
0 0.0316979 3 
0 0.0317169 3 
0 0.0317884 3 
0 0.0317893 3 
0 0.0317957 3 
0 0.031847 3 
0 0.0318484 3 
0 0.0318633 3 
0 0.0318975 3 
0 0.0319301 3 
0 0.0321424 3 
0 0.0321446 3 
0 0.0321623 3 
0 0.0321846 3 
0 0.0322354 3 
0 0.0322502 3 
0 0.032251 3 
0 0.0326349 3 
0 0.032643 3 
0 0.0326661 3 
0 0.0330259 3 
0 0.0330499 3 
0 0.0331559 3 
0 0.0332296 3 
0 0.0334973 3 
0 0.0335809 3 
0 0.0337435 3 
0 0.0338645 3 
0 0.0341392 3 
0 0.0342128 3 
0 0.0342544 3 
0 0.0343139 3 
0 0.0347249 3 
0 0.0350535 3 
0 0.0350618 3 
0 0.0355487 3 
0 0.0359538 3 
0 0.0359693 3 
0 0.0361987 3 
0 0.0362432 3 
0 0.0369162 3 
0 0.0390638 3 
0 0.039156 3 
0 0.0464343 3 
0 0.134412 3 
0 0.14232 3 
0 0.149636 3 
0 inf 3 
0 0.0101441 4 
0 0.0109147 4 
0 0.0111706 4 
0 0.0112864 4 
0 0.0113016 4 
0 0.0113527 4 
0 0.0113567 4 
0 0.011563 4 
0 0.0116057 4 
0 0.0117472 4 
0 0.0118163 4 
0 0.0118995 4 
0 0.0119255 4 
0 0.011986 4 
0 0.012025 4 
0 0.0120735 4 
0 0.0120739 4 
0 0.0122498 4 
0 0.0124827 4 
0 0.0126054 4 
0 0.0126358 4 
0 0.0126916 4 
0 0.0127279 4 
0 0.0127521 4 
0 0.0128671 4 
0 0.0129859 4 
0 0.0130284 4 
0 0.0130331 4 
0 0.0130452 4 
0 0.0130626 4 
0 0.0130855 4 
0 0.0130879 4 
0 0.0131705 4 
0 0.0132085 4 
0 0.0132472 4 
0 0.013265 4 
0 0.0132697 4 
0 0.0132986 4 
0 0.013344 4 
0 0.0134096 4 
0 0.0134733 4 
0 0.0135042 4 
0 0.0135474 4 
0 0.0135789 4 
0 0.0136112 4 
0 0.0136412 4 
0 0.0136703 4 
0 0.0136755 4 
0 0.0136825 4 
0 0.0137158 4 
0 0.0137217 4 
0 0.013727 4 
0 0.0138628 4 
0 0.0139488 4 
0 0.0139751 4 
0 0.0140405 4 
0 0.0140465 4 
0 0.0140702 4 
0 0.0140706 4 
0 0.0140714 4 
0 0.0140984 4 
0 0.0141694 4 
0 0.0142524 4 
0 0.0142617 4 
0 0.0143059 4 
0 0.0143813 4 
0 0.014397 4 
0 0.0144177 4 
0 0.0144535 4 
0 0.0144538 4 
0 0.0144607 4 
0 0.0144845 4 
0 0.0145274 4 
0 0.0145383 4 
0 0.0145659 4 
0 0.0148626 4 
0 0.0148704 4 
0 0.0148769 4 
0 0.0149117 4 
0 0.0149341 4 
0 0.0149717 4 
0 0.0150148 4 
0 0.0150182 4 
0 0.0150877 4 
0 0.0150927 4 
0 0.0151321 4 
0 0.0151966 4 
0 0.0152032 4 
0 0.015323 4 
0 0.0153415 4 
0 0.0153936 4 
0 0.0153955 4 
0 0.0154148 4 
0 0.0154266 4 
0 0.015448 4 
0 0.0154636 4 
0 0.0155609 4 
0 0.0157244 4 
0 0.0157264 4 
0 0.0157847 4 
0 0.0158486 4 
0 0.0160165 4 
0 0.0160457 4 
0 0.0160786 4 
0 0.0160801 4 
0 0.0164092 4 
0 0.0164558 4 
0 0.0164606 4 
0 0.0167004 4 
0 0.0167295 4 
0 0.0168449 4 
0 0.0168595 4 
0 0.0176059 4 
0 0.0183064 4 
0 0.0183568 4 
0 0.018641 4 
0 0.018789 4 
0 0.0188139 4 
0 0.0189191 4 
0 0.0197195 4 
0 0.0197325 4 
0 0.0210113 4 
0 0.0237555 4 
0 0.0275779 4 
0 0.119485 4 
0 0.12744 4 
0 0.136275 4 
0 inf 4 
0 0.00418608 5 
0 0.00462849 5 
0 0.00481106 5 
0 0.00484359 5 
0 0.00494293 5 
0 0.0049496 5 
0 0.00512023 5 
0 0.00517779 5 
0 0.00519505 5 
0 0.0052159 5 
0 0.00524941 5 
0 0.00537907 5 
0 0.00538517 5 
0 0.0054593 5 
0 0.00548591 5 
0 0.00549364 5 
0 0.00553146 5 
0 0.00553558 5 
0 0.00565701 5 
0 0.00567151 5 
0 0.00571894 5 
0 0.00573063 5 
0 0.00583273 5 
0 0.00584566 5 
0 0.00585058 5 
0 0.00586321 5 
0 0.00588513 5 
0 0.00590901 5 
0 0.00594479 5 
0 0.00596029 5 
0 0.00596669 5 
0 0.00601112 5 
0 0.00605357 5 
0 0.00605409 5 
0 0.00613048 5 
0 0.00617282 5 
0 0.00623612 5 
0 0.00627378 5 
0 0.00627805 5 
0 0.0063109 5 
0 0.00634347 5 
0 0.00635712 5 
0 0.00637907 5 
0 0.00644573 5 
0 0.00645209 5 
0 0.0064781 5 
0 0.00651671 5 
0 0.00657799 5 
0 0.00667566 5 
0 0.00670809 5 
0 0.00675604 5 
0 0.00676134 5 
0 0.00680006 5 
0 0.00683132 5 
0 0.00686254 5 
0 0.00687532 5 
0 0.00693216 5 
0 0.00694257 5 
0 0.00694446 5 
0 0.00700345 5 
0 0.007004 5 
0 0.00711265 5 
0 0.00711539 5 
0 0.00724186 5 
0 0.0072658 5 
0 0.00736444 5 
0 0.00736848 5 
0 0.00741721 5 
0 0.00747886 5 
0 0.00751244 5 
0 0.00752265 5 
0 0.00752454 5 
0 0.00759499 5 
0 0.00764677 5 
0 0.00767583 5 
0 0.00777024 5 
0 0.00793944 5 
0 0.0079422 5 
0 0.00794474 5 
0 0.00801047 5 
0 0.00801623 5 
0 0.00802951 5 
0 0.00807808 5 
0 0.00825207 5 
0 0.00826723 5 
0 0.00827585 5 
0 0.00835887 5 
0 0.00844349 5 
0 0.00864407 5 
0 0.00866108 5 
0 0.00867063 5 
0 0.00868961 5 
0 0.00871601 5 
0 0.0088314 5 
0 0.00886664 5 
0 0.00893155 5 
0 0.00896159 5 
0 0.00896984 5 
0 0.00904798 5 
0 0.00916907 5 
0 0.00917589 5 
0 0.00917644 5 
0 0.00924657 5 
0 0.00937998 5 
0 0.00956876 5 
0 0.00960264 5 
0 0.00963586 5 
0 0.00973201 5 
0 0.0097538 5 
0 0.00997217 5 
0 0.010118 5 
0 0.0101652 5 
0 0.0102634 5 
0 0.0105285 5 
0 0.0109429 5 
0 0.0110254 5 
0 0.011921 5 
0 0.0125222 5 
0 0.0125249 5 
0 0.0128084 5 
0 0.013465 5 
0 0.0140063 5 
0 0.0166764 5 
0 0.0179334 5 
0 0.108641 5 
0 0.116396 5 
0 0.125573 5 
0 inf 5 
0 0.00198683 6 
0 0.00211859 6 
0 0.00213423 6 
0 0.00228111 6 
0 0.00231999 6 
0 0.00236537 6 
0 0.00250766 6 
0 0.00250979 6 
0 0.00253284 6 
0 0.00256724 6 
0 0.00262538 6 
0 0.00263102 6 
0 0.00264294 6 
0 0.00269427 6 
0 0.0026952 6 
0 0.00272576 6 
0 0.00274142 6 
0 0.00278662 6 
0 0.00279238 6 
0 0.00279876 6 
0 0.00284332 6 
0 0.00284768 6 
0 0.00289464 6 
0 0.00290858 6 
0 0.00291396 6 
0 0.0029176 6 
0 0.00296682 6 
0 0.00299151 6 
0 0.0030162 6 
0 0.00303943 6 
0 0.00315505 6 
0 0.00317684 6 
0 0.00318693 6 
0 0.00321141 6 
0 0.00321711 6 
0 0.00328209 6 
0 0.00331094 6 
0 0.00331452 6 
0 0.00332065 6 
0 0.0033242 6 
0 0.00333256 6 
0 0.00335002 6 
0 0.0033508 6 
0 0.0033661 6 
0 0.00337576 6 
0 0.003384 6 
0 0.00339395 6 
0 0.00342 6 
0 0.00353072 6 
0 0.00353782 6 
0 0.00356225 6 
0 0.00356368 6 
0 0.00356616 6 
0 0.00359117 6 
0 0.00359553 6 
0 0.00361441 6 
0 0.00363844 6 
0 0.00364339 6 
0 0.00367951 6 
0 0.00372546 6 
0 0.00373405 6 
0 0.00374508 6 
0 0.00376014 6 
0 0.00384601 6 
0 0.00385786 6 
0 0.00392831 6 
0 0.00399182 6 
0 0.00402883 6 
0 0.00411463 6 
0 0.0041988 6 
0 0.00431067 6 
0 0.00442498 6 
0 0.00458859 6 
0 0.00464118 6 
0 0.00470577 6 
0 0.00476157 6 
0 0.00482374 6 
0 0.00488243 6 
0 0.00488791 6 
0 0.00496042 6 
0 0.00497451 6 
0 0.00500712 6 
0 0.00501799 6 
0 0.00507696 6 
0 0.0052504 6 
0 0.0053012 6 
0 0.00550324 6 
0 0.00550434 6 
0 0.00553254 6 
0 0.00556943 6 
0 0.00556964 6 
0 0.00559091 6 
0 0.00569958 6 
0 0.0058934 6 
0 0.0060625 6 
0 0.00611578 6 
0 0.00612924 6 
0 0.00631452 6 
0 0.0063185 6 
0 0.00638595 6 
0 0.00642076 6 
0 0.00650069 6 
0 0.0065259 6 
0 0.00653455 6 
0 0.00695764 6 
0 0.00700449 6 
0 0.00703013 6 
0 0.00726012 6 
0 0.00731833 6 
0 0.00738503 6 
0 0.00749236 6 
0 0.00762889 6 
0 0.00766821 6 
0 0.0078251 6 
0 0.00834189 6 
0 0.00854398 6 
0 0.00875887 6 
0 0.00952252 6 
0 0.00962099 6 
0 0.0096392 6 
0 0.0100559 6 
0 0.0113461 6 
0 0.0139 6 
0 0.0141335 6 
0 0.0993223 6 
0 0.107003 6 
0 0.115917 6 
0 inf 6 
0 0.000986108 7 
0 0.00114711 7 
0 0.00119883 7 
0 0.00124275 7 
0 0.00125609 7 
0 0.00126565 7 
0 0.00127091 7 
0 0.00131675 7 
0 0.00136821 7 
0 0.00137386 7 
0 0.00138915 7 
0 0.00142059 7 
0 0.00144642 7 
0 0.00147073 7 
0 0.00147109 7 
0 0.00149328 7 
0 0.00153231 7 
0 0.00153378 7 
0 0.00155217 7 
0 0.00155927 7 
0 0.00157576 7 
0 0.00159297 7 
0 0.0016086 7 
0 0.0016153 7 
0 0.00161681 7 
0 0.00162171 7 
0 0.00166661 7 
0 0.00172879 7 
0 0.00175161 7 
0 0.00182274 7 
0 0.00184715 7 
0 0.00185527 7 
0 0.00189054 7 
0 0.00189893 7 
0 0.00190582 7 
0 0.00191018 7 
0 0.00191315 7 
0 0.00191365 7 
0 0.00193488 7 
0 0.00193714 7 
0 0.00194793 7 
0 0.00199364 7 
0 0.00201827 7 
0 0.00202361 7 
0 0.00215453 7 
0 0.00216021 7 
0 0.00217063 7 
0 0.00217576 7 
0 0.00217681 7 
0 0.00224204 7 
0 0.0022545 7 
0 0.00228445 7 
0 0.00229287 7 
0 0.00231023 7 
0 0.00234046 7 
0 0.00234367 7 
0 0.00235029 7 
0 0.00236947 7 
0 0.00238841 7 
0 0.00244401 7 
0 0.00246221 7 
0 0.00247452 7 
0 0.00249691 7 
0 0.00252727 7 
0 0.0025315 7 
0 0.00256266 7 
0 0.00259627 7 
0 0.00262381 7 
0 0.00269556 7 
0 0.00277283 7 
0 0.00281038 7 
0 0.00289391 7 
0 0.00291862 7 
0 0.00292409 7 
0 0.0029775 7 
0 0.00320787 7 
0 0.0032359 7 
0 0.00332077 7 
0 0.00350618 7 
0 0.00361465 7 
0 0.0036992 7 
0 0.00371836 7 
0 0.0037252 7 
0 0.00386329 7 
0 0.00402528 7 
0 0.00404895 7 
0 0.00407133 7 
0 0.00408614 7 
0 0.00443539 7 
0 0.00453067 7 
0 0.00458798 7 
0 0.00463997 7 
0 0.00480037 7 
0 0.00484401 7 
0 0.00498201 7 
0 0.00522939 7 
0 0.00528261 7 
0 0.00534893 7 
0 0.00535791 7 
0 0.00536478 7 
0 0.0055012 7 
0 0.00550823 7 
0 0.00562656 7 
0 0.00564751 7 
0 0.00582177 7 
0 0.00595126 7 
0 0.00595535 7 
0 0.00596404 7 
0 0.00606916 7 
0 0.00609419 7 
0 0.00633564 7 
0 0.00653053 7 
0 0.00680429 7 
0 0.00687807 7 
0 0.0071218 7 
0 0.00734573 7 
0 0.00738741 7 
0 0.00793314 7 
0 0.00819868 7 
0 0.00860645 7 
0 0.00868507 7 
0 0.0100841 7 
0 0.0123585 7 
0 0.0124325 7 
0 0.0909317 7 
0 0.0985282 7 
0 0.107206 7 
0 inf 7 
0 0.000544756 8 
0 0.0006349 8 
0 0.000674667 8 
0 0.000738711 8 
0 0.000740789 8 
0 0.00074317 8 
0 0.00075006 8 
0 0.00076958 8 
0 0.000801097 8 
0 0.000812277 8 
0 0.000815823 8 
0 0.000838321 8 
0 0.000890884 8 
0 0.000899716 8 
0 0.000972018 8 
0 0.00102291 8 
0 0.00104124 8 
0 0.00104556 8 
0 0.00105871 8 
0 0.00105984 8 
0 0.00106867 8 
0 0.00110174 8 
0 0.0011063 8 
0 0.00110964 8 
0 0.00111761 8 
0 0.00114263 8 
0 0.00116805 8 
0 0.00118707 8 
0 0.00122155 8 
0 0.00123761 8 
0 0.00126479 8 
0 0.00126887 8 
0 0.00128711 8 
0 0.00131177 8 
0 0.00131446 8 
0 0.00131818 8 
0 0.00134149 8 
0 0.00134846 8 
0 0.00136697 8 
0 0.00141082 8 
0 0.00144559 8 
0 0.00149211 8 
0 0.00151691 8 
0 0.00153413 8 
0 0.00155921 8 
0 0.00159629 8 
0 0.00161051 8 
0 0.00168843 8 
0 0.00169459 8 
0 0.0017044 8 
0 0.00172033 8 
0 0.00172127 8 
0 0.00172386 8 
0 0.00176267 8 
0 0.00176769 8 
0 0.0017739 8 
0 0.00179709 8 
0 0.00180981 8 
0 0.00182061 8 
0 0.00185024 8 
0 0.00191907 8 
0 0.00197295 8 
0 0.00199069 8 
0 0.0020306 8 
0 0.00204338 8 
0 0.00208839 8 
0 0.00212936 8 
0 0.00221072 8 
0 0.00221435 8 
0 0.00224951 8 
0 0.00225018 8 
0 0.00230185 8 
0 0.00232753 8 
0 0.00240139 8 
0 0.00242599 8 
0 0.00249034 8 
0 0.0025408 8 
0 0.00268156 8 
0 0.00284144 8 
0 0.00295042 8 
0 0.00295848 8 
0 0.0030242 8 
0 0.00302965 8 
0 0.00321259 8 
0 0.00358498 8 
0 0.00358649 8 
0 0.00360155 8 
0 0.00367906 8 
0 0.00394405 8 
0 0.00401354 8 
0 0.00407175 8 
0 0.00414472 8 
0 0.00415473 8 
0 0.00429497 8 
0 0.00448039 8 
0 0.00467345 8 
0 0.00467654 8 
0 0.00475476 8 
0 0.0048545 8 
0 0.00487351 8 
0 0.0049401 8 
0 0.00497107 8 
0 0.00507568 8 
0 0.00509616 8 
0 0.0051477 8 
0 0.0051555 8 
0 0.00532006 8 
0 0.00538494 8 
0 0.00539049 8 
0 0.00549223 8 
0 0.00580619 8 
0 0.00593882 8 
0 0.00626294 8 
0 0.00631264 8 
0 0.00631626 8 
0 0.0066102 8 
0 0.00661851 8 
0 0.00707668 8 
0 0.00740043 8 
0 0.00785677 8 
0 0.00791525 8 
0 0.00924218 8 
0 0.0112124 8 
0 0.0113464 8 
0 0.0832863 8 
0 0.0907184 8 
0 0.0992233 8 
0 inf 8 
0 0.00035965 9 
0 0.000379664 9 
0 0.000392335 9 
0 0.000455503 9 
0 0.000470081 9 
0 0.000477844 9 
0 0.000525449 9 
0 0.000538948 9 
0 0.000568372 9 
0 0.000586547 9 
0 0.000617811 9 
0 0.000673159 9 
0 0.000686809 9 
0 0.000715215 9 
0 0.000757494 9 
0 0.0007769 9 
0 0.000797169 9 
0 0.000811378 9 
0 0.0008324 9 
0 0.000842409 9 
0 0.000860312 9 
0 0.000922593 9 
0 0.000941169 9 
0 0.000941296 9 
0 0.000950781 9 
0 0.000950992 9 
0 0.000955878 9 
0 0.000956473 9 
0 0.000969581 9 
0 0.000985461 9 
0 0.00103237 9 
0 0.00103907 9 
0 0.00106213 9 
0 0.00107313 9 
0 0.00109291 9 
0 0.00109323 9 
0 0.00109794 9 
0 0.00113249 9 
0 0.00117009 9 
0 0.0012369 9 
0 0.00124375 9 
0 0.00125417 9 
0 0.00130332 9 
0 0.00131618 9 
0 0.00134134 9 
0 0.00137756 9 
0 0.0014109 9 
0 0.00142056 9 
0 0.00146202 9 
0 0.00146356 9 
0 0.00147386 9 
0 0.00147642 9 
0 0.0015029 9 
0 0.0015036 9 
0 0.00150778 9 
0 0.00151718 9 
0 0.00154188 9 
0 0.00154687 9 
0 0.00157666 9 
0 0.00164795 9 
0 0.0016913 9 
0 0.00173717 9 
0 0.00177003 9 
0 0.00178639 9 
0 0.00179647 9 
0 0.00181797 9 
0 0.00183314 9 
0 0.00200075 9 
0 0.00200953 9 
0 0.0020142 9 
0 0.00201463 9 
0 0.00205031 9 
0 0.00205174 9 
0 0.00213828 9 
0 0.00217809 9 
0 0.00218776 9 
0 0.00220398 9 
0 0.00231942 9 
0 0.00258459 9 
0 0.00259046 9 
0 0.00259313 9 
0 0.00262841 9 
0 0.00268517 9 
0 0.00291169 9 
0 0.00325653 9 
0 0.00327136 9 
0 0.00329218 9 
0 0.00337605 9 
0 0.00358477 9 
0 0.00365214 9 
0 0.00365367 9 
0 0.00379897 9 
0 0.00383345 9 
0 0.00390767 9 
0 0.00409757 9 
0 0.0042574 9 
0 0.00429789 9 
0 0.00432679 9 
0 0.00444925 9 
0 0.00451544 9 
0 0.00455042 9 
0 0.00455211 9 
0 0.00457785 9 
0 0.00465363 9 
0 0.00467225 9 
0 0.00475661 9 
0 0.00484035 9 
0 0.00489592 9 
0 0.00493336 9 
0 0.00503185 9 
0 0.00539418 9 
0 0.00546597 9 
0 0.00575907 9 
0 0.00580863 9 
0 0.00587074 9 
0 0.00603232 9 
0 0.00611506 9 
0 0.00648509 9 
0 0.00677029 9 
0 0.00720174 9 
0 0.00733567 9 
0 0.00854752 9 
0 0.0102843 9 
0 0.0104075 9 
0 0.0762978 9 
0 0.0835352 9 
0 0.0918725 9 
0 inf 9 
