0.524557 0.538252 0 
0.524169 0.540151 0 
0.524116 0.53952 0 
0.524004 0.540437 0 
0.52354 0.539515 0 
0.523363 0.542339 0 
0.523172 0.539808 0 
0.52271 0.541326 0 
0.522467 0.539808 0 
0.522433 0.541644 0 
0.522247 0.539957 0 
0.522128 0.540172 0 
0.521819 0.542032 0 
0.521753 0.540656 0 
0.521692 0.539962 0 
0.521536 0.540891 0 
0.52149 0.541063 0 
0.521484 0.542149 0 
0.521462 0.541463 0 
0.521453 0.542282 0 
0.521441 0.542149 0 
0.521049 0.538077 0 
0.521019 0.538955 0 
0.52091 0.539969 0 
0.520827 0.541644 0 
0.520437 0.540841 0 
0.520336 0.540151 0 
0.520327 0.521335 0 
0.520183 0.541397 0 
0.520144 0.540668 0 
0.520086 0.540823 0 
0.520032 0.540247 0 
0.519961 0.543788 0 
0.519778 0.54144 0 
0.519775 0.523389 0 
0.519669 0.542875 0 
0.51966 0.540801 0 
0.519608 0.540172 0 
0.519576 0.54484 0 
0.519563 0.540814 0 
0.519494 0.539962 0 
0.51945 0.542529 0 
0.519412 0.539134 0 
0.519341 0.541233 0 
0.519283 0.540997 0 
0.519233 0.54439 0 
0.519135 0.541617 0 
0.519095 0.540891 0 
0.519063 0.539956 0 
0.519035 0.520222 0 
0.518944 0.51946 0 
0.518927 0.540017 0 
0.518918 0.54116 0 
0.518829 0.520334 0 
0.518823 0.543791 0 
0.518818 0.541063 0 
0.518805 0.521422 0 
0.518803 0.542004 0 
0.518743 0.541432 0 
0.518717 0.542968 0 
0.518705 0.54072 0 
0.518667 0.520547 0 
0.518659 0.542966 0 
0.518633 0.520372 0 
0.518624 0.539515 0 
0.518563 0.53885 0 
0.518548 0.542952 0 
0.518542 0.540668 0 
0.51854 0.540584 0 
0.518503 0.538252 0 
0.518486 0.541232 0 
0.518481 0.541063 0 
0.518452 0.538252 0 
0.518427 0.543567 0 
0.518304 0.541581 0 
0.518273 0.542414 0 
0.518272 0.520626 0 
0.518235 0.542414 0 
0.518201 0.544228 0 
0.518172 0.539145 0 
0.518114 0.518771 0 
0.518043 0.519298 0 
0.518027 0.543769 0 
0.51798 0.518594 0 
0.517961 0.54221 0 
0.517936 0.520547 0 
0.517928 0.541788 0 
0.517725 0.520109 0 
0.517723 0.518122 0 
0.517693 0.518169 0 
0.517655 0.51999 0 
0.517624 0.540023 0 
0.517622 0.544724 0 
0.517579 0.540814 0 
0.517574 0.543415 0 
0.517568 0.517624 0 
0.517522 0.522215 0 
0.517515 0.540056 0 
0.517426 0.517645 0 
0.517348 0.517603 0 
0.517336 0.541587 0 
0.517306 0.54191 0 
0.51728 0.539145 0 
0.517273 0.543287 0 
0.517248 0.543414 0 
0.517191 0.517303 0 
0.517187 0.519566 0 
0.517167 0.519582 0 
0.517161 0.521591 0 
0.51715 0.517469 0 
0.517007 0.540172 0 
0.516999 0.520483 0 
0.516992 0.541046 0 
0.516985 0.542529 0 
0.516965 0.51761 0 
0.516909 0.541788 0 
0.516842 0.541432 0 
0.516822 0.543064 0 
0.516788 0.51999 0 
0.516784 0.518011 0 
0.516765 0.543103 0 
0.516735 0.51727 0 
0.516715 0.540527 0 
0.516705 0.544454 0 
0.516581 0.539808 0 
0.516579 0.541416 0 
0.516537 0.541233 0 
0.516537 0.541789 0 
0.516509 0.543608 0 
0.516504 0.516849 0 
0.516503 0.518687 0 
0.516498 0.544892 0 
0.516483 0.538077 0 
0.516462 0.54021 0 
0.516442 0.542632 0 
0.51644 0.542353 0 
0.516431 0.541791 0 
0.516423 0.54023 0 
0.516402 0.54144 0 
0.516377 0.539969 0 
0.516365 0.541045 0 
0.51628 0.540331 0 
0.516275 0.517637 0 
0.516271 0.541977 0 
0.516263 0.517713 0 
0.516256 0.517469 0 
0.516238 0.540098 0 
0.516236 0.541867 0 
0.516194 0.539808 0 
0.516191 0.517841 0 
0.51617 0.53885 0 
0.516158 0.516664 0 
0.516153 0.544241 0 
0.516148 0.541416 0 
0.516143 0.542861 0 
0.516112 0.520359 0 
0.516095 0.540244 0 
0.516075 0.518628 0 
0.51607 0.544624 0 
0.516057 0.541045 0 
0.516045 0.544896 0 
0.516004 0.516197 0 
0.51597 0.538689 0 
0.515945 0.543477 0 
0.515914 0.541046 0 
0.515907 0.518834 0 
0.515878 0.51712 0 
0.515858 0.539043 0 
0.515817 0.517033 0 
0.515814 0.541285 0 
0.515795 0.519161 0 
0.515771 0.516485 0 
0.515765 0.54219 0 
0.515741 0.538077 0 
0.515722 0.518167 0 
0.515701 0.517839 0 
0.515693 0.544024 0 
0.515621 0.541788 0 
0.515618 0.540244 0 
0.515602 0.541432 0 
0.515599 0.541045 0 
0.515587 0.539561 0 
0.515555 0.516618 0 
0.515529 0.519582 0 
0.515513 0.544467 0 
0.515492 0.51849 0 
0.515488 0.51846 0 
0.51548 0.52086 0 
0.515475 0.539134 0 
0.515474 0.540023 0 
0.515471 0.517303 0 
0.515462 0.542299 0 
0.515456 0.516837 0 
0.515405 0.540056 0 
0.515403 0.542282 0 
0.515399 0.540444 0 
0.515381 0.519644 0 
0.515377 0.517637 0 
0.515372 0.538077 0 
0.515364 0.517437 0 
0.515341 0.540444 0 
0.515336 0.518011 0 
0.515333 0.543463 0 
0.515333 0.518607 0 
0.515327 0.517263 0 
0.51529 0.517645 0 
0.51526 0.541046 0 
0.515254 0.517897 0 
0.515204 0.539145 0 
0.515156 0.54315 0 
0.51515 0.540665 0 
0.515137 0.539561 0 
0.515084 0.521281 0 
0.515046 0.521494 0 
0.515046 0.517447 0 
0.515045 0.54144 0 
0.515018 0.518148 0 
0.514993 0.517756 0 
0.514957 0.541019 0 
0.514946 0.518144 0 
0.514936 0.540359 0 
0.514922 0.516087 0 
0.514896 0.519005 0 
0.514884 0.519479 0 
0.514879 0.53952 0 
0.514872 0.518308 0 
0.514855 0.54597 0 
0.514837 0.51995 0 
0.514835 0.516025 0 
0.514831 0.516084 0 
0.51482 0.539043 0 
0.514818 0.546242 0 
0.51479 0.520068 0 
0.514784 0.540437 0 
0.514783 0.517756 0 
0.51478 0.542032 0 
0.514779 0.53952 0 
0.514733 0.520228 0 
0.514729 0.541019 0 
0.514688 0.540098 0 
0.514676 0.518382 0 
0.51463 0.516211 0 
0.51462 0.541233 0 
0.514605 0.51875 0 
0.514579 0.540527 0 
0.514564 0.539145 0 
0.514557 0.540656 0 
0.514515 0.519507 0 
0.514513 0.53952 0 
0.514482 0.539515 0 
0.514476 0.540814 0 
0.514472 0.539956 0 
0.514441 0.542635 0 
0.514441 0.540023 0 
0.514413 0.539956 0 
0.514392 0.540098 0 
0.514392 0.519834 0 
0.514391 0.514773 0 
0.514387 0.54323 0 
0.514366 0.543812 0 
0.514335 0.51846 0 
0.514312 0.542144 0 
0.514301 0.538252 0 
0.514282 0.519834 0 
0.514267 0.539134 0 
0.514239 0.539043 0 
0.514228 0.538955 0 
0.514217 0.542238 0 
0.514188 0.539515 0 
0.514182 0.53885 0 
0.514181 0.540437 0 
0.514165 0.520153 0 
0.514159 0.539969 0 
0.514155 0.51874 0 
0.514137 0.540334 0 
0.514135 0.539043 0 
0.514109 0.540665 0 
0.514086 0.538689 0 
0.514025 0.51926 0 
0.514024 0.53952 0 
0.513977 0.541285 0 
0.513976 0.516062 0 
0.513971 0.513988 0 
0.513962 0.5147 0 
0.513962 0.514947 0 
0.513948 0.51761 0 
0.51394 0.519291 0 
0.513926 0.53923 0 
0.513917 0.518169 0 
0.513866 0.540584 0 
0.513842 0.540665 0 
0.513824 0.521422 0 
0.513813 0.540352 0 
0.513805 0.542458 0 
0.513784 0.539145 0 
0.513764 0.51727 0 
0.513762 0.514271 0 
0.513746 0.520052 0 
0.513735 0.541233 0 
0.513706 0.514947 0 
0.513703 0.5402 0 
0.513679 0.539956 0 
0.513677 0.540331 0 
0.513653 0.520052 0 
0.513592 0.539808 0 
0.513579 0.540056 0 
0.51356 0.519428 0 
0.513539 0.542314 0 
0.51352 0.54116 0 
0.513498 0.539962 0 
0.513485 0.539969 0 
0.513478 0.539956 0 
0.513464 0.545015 0 
0.513461 0.540151 0 
0.513398 0.540172 0 
0.513379 0.540891 0 
0.513379 0.542108 0 
0.513344 0.540527 0 
0.513334 0.5402 0 
0.513321 0.541285 0 
0.513313 0.539515 0 
0.513288 0.518799 0 
0.513282 0.520372 0 
0.513282 0.540172 0 
0.513249 0.539957 0 
0.513247 0.541174 0 
0.513246 0.544224 0 
0.51321 0.540331 0 
0.513195 0.519566 0 
0.513187 0.540402 0 
0.513161 0.540665 0 
0.513144 0.543463 0 
0.513139 0.54023 0 
0.51309 0.516088 0 
0.513089 0.513411 0 
0.513061 0.545112 0 
0.51306 0.541229 0 
0.51303 0.517079 0 
0.513005 0.541019 0 
0.512999 0.541329 0 
0.512973 0.541867 0 
0.512937 0.538689 0 
0.512867 0.540017 0 
0.512847 0.540151 0 
0.512845 0.5451 0 
0.512809 0.5432 0 
0.512802 0.516088 0 
0.512796 0.541463 0 
0.512795 0.519292 0 
0.512782 0.540247 0 
0.512779 0.539561 0 
0.512771 0.517652 0 
0.512766 0.513671 0 
0.512763 0.544474 0 
0.512738 0.539134 0 
0.512692 0.541861 0 
0.512638 0.539597 0 
0.512627 0.513748 0 
0.512596 0.517118 0 
0.512592 0.539957 0 
0.512591 0.541326 0 
0.512556 0.545116 0 
0.512554 0.544064 0 
0.512532 0.540801 0 
0.512521 0.540331 0 
0.512502 0.5402 0 
0.51243 0.541187 0 
0.512424 0.515379 0 
0.51241 0.540151 0 
0.512409 0.544746 0 
0.512395 0.545521 0 
0.512394 0.540334 0 
0.512338 0.539069 0 
0.512256 0.541174 0 
0.512245 0.543103 0 
0.512211 0.543319 0 
0.512211 0.515011 0 
0.512198 0.546627 0 
0.512192 0.512221 0 
0.512072 0.54021 0 
0.512069 0.540017 0 
0.51203 0.541046 0 
0.512027 0.540359 0 
0.512013 0.54023 0 
0.512005 0.541019 0 
0.511981 0.540527 0 
0.511871 0.540984 0 
0.511858 0.544687 0 
0.511836 0.512879 0 
0.511835 0.540359 0 
0.511782 0.542862 0 
0.51178 0.54021 0 
0.51173 0.540446 0 
0.511707 0.54064 0 
0.511675 0.540387 0 
0.511648 0.540352 0 
0.511615 0.542556 0 
0.511588 0.540656 0 
0.511573 0.548793 0 
0.511538 0.54219 0 
0.511536 0.542619 0 
0.511534 0.542847 0 
0.511514 0.540841 0 
0.511476 0.542836 0 
0.511454 0.540823 0 
0.511424 0.545207 0 
0.511419 0.540244 0 
0.511418 0.541326 0 
0.511417 0.540387 0 
0.511369 0.54487 0 
0.511368 0.542282 0 
0.51119 0.542307 0 
0.511189 0.54451 0 
0.511137 0.541718 0 
0.511039 0.542314 0 
0.511019 0.543975 0 
0.511009 0.54072 0 
0.510831 0.542952 0 
0.510707 0.545049 0 
0.510652 0.542032 0 
0.510239 0.512317 0 
0.510215 0.543943 0 
0.510191 0.541861 0 
0.510028 0.545097 0 
0.509938 0.545686 0 
0.509925 0.543432 0 
0.509868 0.545668 0 
0.509654 0.513048 0 
0.509614 0.547904 0 
0.508869 0.545391 0 
0.219128 0.227028 1 
0.218405 0.220767 1 
0.217408 0.22723 1 
0.217312 0.221473 1 
0.21713 0.221014 1 
0.217049 0.225385 1 
0.216869 0.222419 1 
0.216659 0.223883 1 
0.216437 0.226967 1 
0.21642 0.223738 1 
0.216282 0.225781 1 
0.21614 0.224375 1 
0.216139 0.223531 1 
0.216091 0.22369 1 
0.215953 0.222262 1 
0.215913 0.218916 1 
0.215907 0.228839 1 
0.215669 0.228445 1 
0.215364 0.221074 1 
0.215292 0.22363 1 
0.215288 0.229196 1 
0.215288 0.227524 1 
0.215206 0.223858 1 
0.215152 0.228748 1 
0.215151 0.219717 1 
0.215095 0.222623 1 
0.215065 0.218802 1 
0.215005 0.22369 1 
0.214977 0.221306 1 
0.214959 0.226964 1 
0.214938 0.225946 1 
0.214878 0.226989 1 
0.214548 0.223312 1 
0.214496 0.224905 1 
0.214495 0.226856 1 
0.214494 0.226099 1 
0.214428 0.220673 1 
0.214395 0.218212 1 
0.214394 0.225926 1 
0.214387 0.228156 1 
0.214214 0.224225 1 
0.214188 0.225899 1 
0.214161 0.221177 1 
0.214113 0.224375 1 
0.214045 0.223519 1 
0.214026 0.221231 1 
0.213996 0.222244 1 
0.213933 0.222642 1 
0.213889 0.227182 1 
0.213878 0.226542 1 
0.213874 0.229468 1 
0.213768 0.222794 1 
0.213764 0.222419 1 
0.213639 0.226955 1 
0.213611 0.232825 1 
0.213604 0.224228 1 
0.213571 0.2279 1 
0.21356 0.226505 1 
0.213554 0.221918 1 
0.213545 0.220767 1 
0.213536 0.224687 1 
0.213497 0.228415 1 
0.213464 0.22454 1 
0.213464 0.222707 1 
0.213441 0.222809 1 
0.213413 0.224574 1 
0.21341 0.228582 1 
0.213404 0.22669 1 
0.213386 0.221002 1 
0.213383 0.222623 1 
0.213299 0.221231 1 
0.213286 0.223392 1 
0.213259 0.22313 1 
0.213233 0.222707 1 
0.213211 0.230925 1 
0.213192 0.213812 1 
0.213192 0.221074 1 
0.213167 0.222678 1 
0.21315 0.225306 1 
0.213137 0.222695 1 
0.213124 0.221548 1 
0.213044 0.222121 1 
0.213024 0.221334 1 
0.212962 0.224228 1 
0.212958 0.222394 1 
0.212765 0.221334 1 
0.212745 0.228136 1 
0.212729 0.224228 1 
0.212719 0.229617 1 
0.212654 0.226175 1 
0.212637 0.23382 1 
0.212606 0.230823 1 
0.212571 0.22203 1 
0.212565 0.220104 1 
0.212428 0.221957 1 
0.212403 0.221231 1 
0.212402 0.226365 1 
0.212359 0.224273 1 
0.212334 0.223124 1 
0.212296 0.227839 1 
0.212294 0.222959 1 
0.212215 0.22513 1 
0.212154 0.219254 1 
0.2121 0.223618 1 
0.212094 0.21933 1 
0.212091 0.224199 1 
0.211995 0.224273 1 
0.21199 0.22504 1 
0.21196 0.225746 1 
0.211929 0.222783 1 
0.21183 0.223809 1 
0.21182 0.221231 1 
0.211797 0.225039 1 
0.211785 0.225124 1 
0.211761 0.221968 1 
0.211751 0.219144 1 
0.211671 0.219717 1 
0.211664 0.223392 1 
0.211617 0.224052 1 
0.211589 0.225566 1 
0.211589 0.222419 1 
0.211545 0.222888 1 
0.211537 0.22059 1 
0.211486 0.220991 1 
0.211478 0.224199 1 
0.211467 0.21869 1 
0.211462 0.219128 1 
0.211447 0.227176 1 
0.211398 0.21869 1 
0.211386 0.211869 1 
0.211335 0.222783 1 
0.211305 0.221834 1 
0.211304 0.221742 1 
0.211285 0.223738 1 
0.211251 0.226175 1 
0.211242 0.225755 1 
0.211208 0.218916 1 
0.21113 0.227176 1 
0.21108 0.222487 1 
0.211072 0.211076 1 
0.211014 0.221754 1 
0.211009 0.225243 1 
0.210959 0.223392 1 
0.210956 0.219128 1 
0.210925 0.222048 1 
0.210876 0.220718 1 
0.210766 0.229285 1 
0.210737 0.225425 1 
0.210706 0.224409 1 
0.210692 0.229757 1 
0.210658 0.223009 1 
0.21063 0.221816 1 
0.210605 0.224606 1 
0.210576 0.210675 1 
0.210568 0.222487 1 
0.210532 0.225385 1 
0.210459 0.221334 1 
0.210457 0.221968 1 
0.21044 0.221014 1 
0.210266 0.224291 1 
0.210253 0.220888 1 
0.210211 0.223783 1 
0.210207 0.222801 1 
0.210147 0.220801 1 
0.210027 0.219144 1 
0.209982 0.211637 1 
0.209965 0.220983 1 
0.209842 0.2213 1 
0.209841 0.225243 1 
0.209805 0.22313 1 
0.209789 0.223238 1 
0.209678 0.210779 1 
0.20966 0.210985 1 
0.209621 0.221968 1 
0.209597 0.221014 1 
0.209586 0.222623 1 
0.209473 0.222678 1 
0.209451 0.222783 1 
0.209429 0.221851 1 
0.209325 0.227008 1 
0.209266 0.210591 1 
0.209242 0.220767 1 
0.209207 0.21869 1 
0.209202 0.218212 1 
0.20919 0.22059 1 
0.209143 0.222959 1 
0.20913 0.209491 1 
0.209088 0.222678 1 
0.209046 0.209844 1 
0.208919 0.222885 1 
0.208893 0.228077 1 
0.208857 0.218916 1 
0.208797 0.227176 1 
0.20878 0.221334 1 
0.208771 0.209483 1 
0.208754 0.223531 1 
0.208744 0.222048 1 
0.208706 0.211165 1 
0.2087 0.222394 1 
0.208664 0.218916 1 
0.208631 0.227106 1 
0.208548 0.222885 1 
0.208528 0.223618 1 
0.20851 0.224199 1 
0.20851 0.212415 1 
0.208439 0.221918 1 
0.208348 0.221002 1 
0.2083 0.221548 1 
0.208296 0.208424 1 
0.208265 0.221742 1 
0.208241 0.209088 1 
0.208216 0.228232 1 
0.208188 0.222551 1 
0.208183 0.220104 1 
0.208117 0.228855 1 
0.2081 0.220801 1 
0.208048 0.209404 1 
0.208045 0.222121 1 
0.208001 0.220673 1 
0.207964 0.209359 1 
0.20794 0.219717 1 
0.207936 0.221968 1 
0.20793 0.211433 1 
0.207928 0.208888 1 
0.207871 0.222527 1 
0.207865 0.223124 1 
0.207807 0.208779 1 
0.207732 0.221711 1 
0.207682 0.223009 1 
0.207654 0.209077 1 
0.207624 0.219254 1 
0.207598 0.225061 1 
0.207564 0.207732 1 
0.20755 0.21933 1 
0.207496 0.21869 1 
0.207473 0.209018 1 
0.20747 0.219717 1 
0.207457 0.222121 1 
0.2074 0.21933 1 
0.207369 0.228518 1 
0.207347 0.223009 1 
0.207288 0.207889 1 
0.207286 0.207396 1 
0.207269 0.221142 1 
0.207248 0.20774 1 
0.207248 0.219725 1 
0.207221 0.208079 1 
0.207218 0.220888 1 
0.207208 0.221074 1 
0.207192 0.22059 1 
0.207191 0.221711 1 
0.207151 0.211078 1 
0.207076 0.22513 1 
0.207074 0.220983 1 
0.207058 0.209013 1 
0.207057 0.224449 1 
0.207033 0.209491 1 
0.207003 0.212794 1 
0.206985 0.210494 1 
0.206962 0.207509 1 
0.206896 0.222885 1 
0.206879 0.226018 1 
0.206866 0.207423 1 
0.20681 0.226087 1 
0.206791 0.206906 1 
0.206791 0.219128 1 
0.206752 0.220801 1 
0.206723 0.207486 1 
0.206709 0.222048 1 
0.206688 0.209406 1 
0.206676 0.210956 1 
0.206675 0.210885 1 
0.206673 0.221968 1 
0.206673 0.221266 1 
0.206655 0.222885 1 
0.206622 0.218212 1 
0.206577 0.221311 1 
0.206575 0.224423 1 
0.206572 0.207925 1 
0.206561 0.20845 1 
0.206533 0.20916 1 
0.206515 0.206541 1 
0.206513 0.219725 1 
0.206502 0.218802 1 
0.206484 0.211431 1 
0.206474 0.210075 1 
0.206466 0.209018 1 
0.206465 0.207509 1 
0.206454 0.20712 1 
0.206428 0.221282 1 
0.206416 0.224724 1 
0.206408 0.206628 1 
0.206368 0.222232 1 
0.20633 0.227346 1 
0.206282 0.223531 1 
0.206262 0.20774 1 
0.206227 0.222487 1 
0.206214 0.223783 1 
0.206177 0.209963 1 
0.206177 0.208826 1 
0.206165 0.22059 1 
0.206164 0.222955 1 
0.206127 0.222801 1 
0.206082 0.219254 1 
0.206061 0.209588 1 
0.206058 0.209263 1 
0.206016 0.219717 1 
0.205915 0.223009 1 
0.205896 0.220136 1 
0.205886 0.220104 1 
0.205858 0.211602 1 
0.205838 0.219717 1 
0.20583 0.220767 1 
0.205817 0.224689 1 
0.205765 0.207674 1 
0.205745 0.220673 1 
0.205716 0.224905 1 
0.20561 0.221088 1 
0.20558 0.229498 1 
0.205566 0.222244 1 
0.20552 0.20845 1 
0.205501 0.220983 1 
0.2055 0.220888 1 
0.205433 0.207129 1 
0.205425 0.208218 1 
0.205379 0.220104 1 
0.205377 0.221957 1 
0.205314 0.218212 1 
0.205294 0.225385 1 
0.20529 0.221014 1 
0.205289 0.220991 1 
0.205283 0.209976 1 
0.20521 0.221212 1 
0.205209 0.221473 1 
0.205162 0.220991 1 
0.205117 0.208509 1 
0.205096 0.21869 1 
0.205089 0.219725 1 
0.204993 0.220991 1 
0.204939 0.219128 1 
0.204913 0.207672 1 
0.204881 0.220767 1 
0.204867 0.221142 1 
0.204845 0.207587 1 
0.204835 0.209185 1 
0.204791 0.220049 1 
0.204689 0.209483 1 
0.204671 0.221231 1 
0.20466 0.210289 1 
0.204631 0.221742 1 
0.204602 0.223883 1 
0.204597 0.20712 1 
0.204584 0.212003 1 
0.204521 0.221088 1 
0.204506 0.210289 1 
0.204434 0.219144 1 
0.204368 0.220718 1 
0.204355 0.204501 1 
0.204345 0.205218 1 
0.204284 0.219502 1 
0.204241 0.221014 1 
0.204226 0.221212 1 
0.204221 0.20472 1 
0.204184 0.220718 1 
0.204137 0.224852 1 
0.204116 0.221473 1 
0.204094 0.221142 1 
0.204072 0.206867 1 
0.204025 0.221142 1 
0.204007 0.222487 1 
0.203929 0.221266 1 
0.203775 0.224284 1 
0.203763 0.221306 1 
0.203736 0.20436 1 
0.203736 0.221088 1 
0.203682 0.204993 1 
0.203673 0.20436 1 
0.203603 0.221473 1 
0.203531 0.220806 1 
0.203259 0.22203 1 
0.203247 0.220883 1 
0.202862 0.223548 1 
0.20283 0.221473 1 
0.20276 0.221816 1 
0.202631 0.204994 1 
0.202084 0.202101 1 
0.10153 0.102181 2 
0.100658 0.102992 2 
0.100087 0.106077 2 
0.099961 0.100877 2 
0.0998459 0.102432 2 
0.0996608 0.10221 2 
0.0996104 0.100451 2 
0.0994253 0.101567 2 
0.0994192 0.10018 2 
0.0988698 0.102426 2 
0.0988478 0.102991 2 
0.0987093 0.102024 2 
0.0985109 0.101745 2 
0.0984858 0.101445 2 
0.0984185 0.099086 2 
0.0982946 0.099111 2 
0.0982928 0.102809 2 
0.0982511 0.0990528 2 
0.0981732 0.102378 2 
0.0981134 0.0986834 2 
0.0980034 0.101621 2 
0.0978751 0.0982192 2 
0.0978293 0.100443 2 
0.0978286 0.10243 2 
0.0978066 0.101304 2 
0.0976185 0.104144 2 
0.0974919 0.100533 2 
0.0974565 0.106487 2 
0.0973976 0.101001 2 
0.0973583 0.101716 2 
0.0972244 0.0996409 2 
0.0972152 0.0989291 2 
0.097138 0.100582 2 
0.0971189 0.10054 2 
0.0970643 0.101879 2 
0.0970398 0.0983402 2 
0.0970131 0.0976132 2 
0.0969613 0.0970843 2 
0.0969103 0.0976095 2 
0.0969093 0.100627 2 
0.0967506 0.0977532 2 
0.096738 0.101506 2 
0.0966851 0.0984713 2 
0.0966089 0.0985179 2 
0.0965063 0.10001 2 
0.0964264 0.0985349 2 
0.0964133 0.0984964 2 
0.0964037 0.100987 2 
0.0963947 0.103865 2 
0.0963821 0.104145 2 
0.096366 0.0966122 2 
0.0962417 0.0969358 2 
0.0961834 0.0997554 2 
0.0961324 0.10002 2 
0.0960934 0.0973219 2 
0.0960598 0.100442 2 
0.0960569 0.0964476 2 
0.0959137 0.0980451 2 
0.0958861 0.0980902 2 
0.0958384 0.0986649 2 
0.095823 0.0982736 2 
0.0958004 0.0976687 2 
0.0957997 0.0982736 2 
0.0957964 0.097574 2 
0.0957788 0.0982736 2 
0.0957387 0.0963205 2 
0.0957081 0.0999184 2 
0.0956909 0.0974206 2 
0.0956886 0.0971243 2 
0.095681 0.0976041 2 
0.0956439 0.0986463 2 
0.0956007 0.0965122 2 
0.0955851 0.0970302 2 
0.095505 0.0966365 2 
0.0954643 0.0995551 2 
0.0954542 0.0974206 2 
0.0954327 0.0999184 2 
0.0954294 0.0970606 2 
0.0953899 0.0986834 2 
0.0953848 0.0958711 2 
0.0953526 0.0959422 2 
0.0952766 0.10054 2 
0.0952248 0.0966365 2 
0.0951991 0.096163 2 
0.0951212 0.0963657 2 
0.0951056 0.0985601 2 
0.0950791 0.0990436 2 
0.0950281 0.0995656 2 
0.0949292 0.0957975 2 
0.0948935 0.0979272 2 
0.0948397 0.0993035 2 
0.0948124 0.0988784 2 
0.0947764 0.100038 2 
0.0946789 0.0984436 2 
0.0946724 0.0976713 2 
0.094657 0.0984948 2 
0.0946222 0.0965122 2 
0.0945955 0.095835 2 
0.0945787 0.0962396 2 
0.0945386 0.0983592 2 
0.0945176 0.0984436 2 
0.0944913 0.100162 2 
0.0944674 0.0971798 2 
0.094395 0.0955356 2 
0.0943868 0.0988264 2 
0.0943798 0.0984536 2 
0.0943636 0.0986193 2 
0.0943572 0.0971798 2 
0.0943259 0.0943591 2 
0.0943204 0.0973497 2 
0.094301 0.0966365 2 
0.0941489 0.0983592 2 
0.0941121 0.0999184 2 
0.094031 0.094567 2 
0.0940304 0.103206 2 
0.0940148 0.0977024 2 
0.0940148 0.0973497 2 
0.0940108 0.10063 2 
0.0939836 0.0965428 2 
0.0939684 0.0976095 2 
0.0939364 0.0965928 2 
0.0939135 0.0986193 2 
0.0938438 0.0971539 2 
0.0938424 0.0957777 2 
0.093802 0.0947064 2 
0.0937882 0.102303 2 
0.0936806 0.0983254 2 
0.0936785 0.101402 2 
0.0936098 0.095324 2 
0.0935796 0.0978395 2 
0.0935738 0.0970606 2 
0.093469 0.0997292 2 
0.0934587 0.0977493 2 
0.0934554 0.0948414 2 
0.0934248 0.0967213 2 
0.0934021 0.0965122 2 
0.0933152 0.097574 2 
0.0932948 0.0935052 2 
0.0932512 0.0977532 2 
0.0931289 0.0951712 2 
0.0930797 0.102473 2 
0.0930472 0.10182 2 
0.093044 0.0965122 2 
0.0930425 0.0964476 2 
0.0930272 0.0939613 2 
0.0930084 0.0976689 2 
0.0929617 0.095881 2 
0.0929389 0.0954442 2 
0.0929265 0.0975336 2 
0.0929026 0.0994213 2 
0.0928838 0.0979004 2 
0.0928508 0.102595 2 
0.0928489 0.0931309 2 
0.0928483 0.0970843 2 
0.0926607 0.0984436 2 
0.0926388 0.093146 2 
0.0924834 0.0962396 2 
0.0924774 0.0934635 2 
0.0924514 0.0962396 2 
0.0924403 0.0963205 2 
0.0924069 0.094231 2 
0.0923607 0.0930465 2 
0.0922868 0.098727 2 
0.0922685 0.0971798 2 
0.0922666 0.0972247 2 
0.0922554 0.0985762 2 
0.0922346 0.0963674 2 
0.0921515 0.0985363 2 
0.0921073 0.0960929 2 
0.0920985 0.0948414 2 
0.0920928 0.0951712 2 
0.092069 0.0948549 2 
0.0920661 0.0995224 2 
0.0920419 0.0929759 2 
0.0919864 0.0970843 2 
0.0919859 0.0926198 2 
0.0919605 0.0973848 2 
0.0918662 0.0920004 2 
0.0918433 0.0921304 2 
0.0918219 0.0971539 2 
0.09178 0.0973219 2 
0.0917389 0.0989013 2 
0.0917372 0.0918527 2 
0.0917034 0.0990436 2 
0.0916017 0.0956776 2 
0.0915915 0.0977493 2 
0.091432 0.0962396 2 
0.091383 0.0957777 2 
0.0913709 0.0919705 2 
0.0912778 0.098299 2 
0.0912616 0.0958711 2 
0.0912304 0.0914911 2 
0.0912186 0.0954577 2 
0.0911773 0.093631 2 
0.0910819 0.0914911 2 
0.0910695 0.0910744 2 
0.0910539 0.091681 2 
0.0910457 0.0912261 2 
0.0910441 0.0967213 2 
0.0909859 0.0948414 2 
0.0909409 0.0909742 2 
0.0909219 0.095324 2 
0.0908861 0.0971539 2 
0.0908753 0.0962396 2 
0.0908633 0.0949625 2 
0.0908452 0.101506 2 
0.0907773 0.0989291 2 
0.0907448 0.098299 2 
0.0907284 0.0926868 2 
0.0907207 0.0920797 2 
0.0906465 0.0986834 2 
0.090641 0.0942754 2 
0.0906302 0.098299 2 
0.0905774 0.0959304 2 
0.0905579 0.090623 2 
0.090501 0.0909944 2 
0.0904898 0.0929195 2 
0.0904742 0.0917099 2 
0.0904703 0.0965677 2 
0.0904529 0.0976687 2 
0.0904474 0.0961923 2 
0.0904311 0.0917423 2 
0.0904218 0.0947064 2 
0.0903837 0.0988784 2 
0.0903662 0.0944369 2 
0.0903627 0.0963657 2 
0.0903514 0.0936059 2 
0.0902997 0.0950184 2 
0.0902985 0.0967213 2 
0.0902942 0.0912904 2 
0.0902893 0.094567 2 
0.0902807 0.0922114 2 
0.0902594 0.0948414 2 
0.0902539 0.0944369 2 
0.090226 0.0951712 2 
0.0902244 0.097014 2 
0.0902119 0.0923229 2 
0.0901955 0.096163 2 
0.0901815 0.0986463 2 
0.0901814 0.0971243 2 
0.0901678 0.0956776 2 
0.0901606 0.0912949 2 
0.0901017 0.0923961 2 
0.0900873 0.0907898 2 
0.0900846 0.0937092 2 
0.0900843 0.0965928 2 
0.0900835 0.0966366 2 
0.0900662 0.0966365 2 
0.0900626 0.103246 2 
0.0900531 0.0957084 2 
0.0900438 0.0957331 2 
0.0900101 0.0940907 2 
0.090002 0.090568 2 
0.0899907 0.0974206 2 
0.089968 0.096163 2 
0.0899145 0.0973497 2 
0.0899055 0.0977493 2 
0.0898472 0.0901616 2 
0.0898419 0.0906103 2 
0.0898279 0.0957479 2 
0.0898198 0.0927648 2 
0.0898028 0.0912949 2 
0.0897418 0.0977114 2 
0.0897204 0.100451 2 
0.0896932 0.0956776 2 
0.0896863 0.090568 2 
0.0896686 0.0943585 2 
0.0896481 0.0901082 2 
0.0896337 0.0978395 2 
0.0896018 0.0946306 2 
0.0895914 0.0914878 2 
0.0895679 0.0927453 2 
0.0895533 0.0938469 2 
0.0895436 0.0897717 2 
0.0895436 0.0927426 2 
0.0895417 0.090828 2 
0.0895273 0.0923961 2 
0.0894966 0.0931265 2 
0.0894701 0.0950535 2 
0.0894632 0.0985698 2 
0.0894525 0.0942754 2 
0.0894388 0.0910818 2 
0.0894376 0.0937696 2 
0.0893809 0.09579 2 
0.0893696 0.0908107 2 
0.0893667 0.095324 2 
0.0893652 0.0942754 2 
0.0893327 0.0920814 2 
0.0893302 0.0954577 2 
0.0893125 0.0989942 2 
0.089185 0.0917957 2 
0.089185 0.0955094 2 
0.089184 0.091164 2 
0.0891683 0.09579 2 
0.0891163 0.0909974 2 
0.0891101 0.0977493 2 
0.0890476 0.0958711 2 
0.0890101 0.0950184 2 
0.0889966 0.091939 2 
0.0889925 0.0942754 2 
0.0889875 0.0989942 2 
0.088963 0.0957479 2 
0.0889263 0.0890997 2 
0.0888821 0.0938657 2 
0.0888498 0.0939613 2 
0.0888494 0.0966365 2 
0.0888104 0.095324 2 
0.0887705 0.0955356 2 
0.088686 0.0955356 2 
0.0886347 0.0886389 2 
0.0886072 0.0939613 2 
0.0885856 0.094567 2 
0.0885683 0.09579 2 
0.0885278 0.0902313 2 
0.0885181 0.0918678 2 
0.0884922 0.093631 2 
0.0884733 0.0937092 2 
0.088433 0.0950786 2 
0.0884274 0.0923028 2 
0.0884063 0.0954442 2 
0.0883833 0.0943591 2 
0.0882941 0.0964476 2 
0.0882903 0.0918192 2 
0.0881743 0.0922496 2 
0.0881592 0.0955094 2 
0.0881322 0.0920451 2 
0.0881024 0.0960044 2 
0.088098 0.0973497 2 
0.088045 0.0954112 2 
0.087947 0.0890845 2 
0.0878947 0.0957479 2 
0.0878944 0.0955356 2 
0.0878232 0.0923028 2 
0.0878057 0.095324 2 
0.0877508 0.0959304 2 
0.0877109 0.0966366 2 
0.0876841 0.0959304 2 
0.0876101 0.0960929 2 
0.0876047 0.0960044 2 
0.0875564 0.0960044 2 
0.0875376 0.0958883 2 
0.0875104 0.0963575 2 
0.0874865 0.0911839 2 
0.0874661 0.0906833 2 
0.0873836 0.0874976 2 
0.087345 0.0950184 2 
0.0873386 0.0975283 2 
0.0873142 0.0930465 2 
0.0872585 0.0903374 2 
0.0872462 0.0958711 2 
0.0872346 0.0883197 2 
0.0872159 0.0961923 2 
0.0871343 0.0958873 2 
0.0870658 0.0961923 2 
0.0869567 0.0879905 2 
0.0868924 0.0961923 2 
0.0858481 0.0858738 2 
0.0499277 0.0507561 3 
0.0482145 0.0489806 3 
0.0476779 0.0479597 3 
0.0473446 0.0476557 3 
0.0473274 0.0505766 3 
0.0472898 0.0473555 3 
0.0472754 0.0485024 3 
0.0472063 0.0488109 3 
0.0471551 0.047794 3 
0.0470051 0.0491778 3 
0.0467675 0.0480344 3 
0.0463741 0.0470085 3 
0.0462656 0.0491657 3 
0.0462538 0.0466964 3 
0.0462261 0.0470736 3 
0.0461752 0.0461833 3 
0.0460942 0.0467859 3 
0.0458841 0.0465628 3 
0.0456378 0.0457332 3 
0.0454372 0.0470825 3 
0.0453551 0.0458806 3 
0.0452498 0.0454056 3 
0.0451296 0.0459346 3 
0.0450917 0.0468841 3 
0.0450864 0.046023 3 
0.0450774 0.0457585 3 
0.045029 0.0450516 3 
0.0450277 0.0450516 3 
0.0450142 0.0455258 3 
0.044912 0.0457332 3 
0.0448848 0.0451175 3 
0.0448839 0.0484149 3 
0.0448248 0.0455632 3 
0.0448231 0.0450901 3 
0.0447452 0.0453951 3 
0.0447316 0.0452782 3 
0.044722 0.0456801 3 
0.0447057 0.0467289 3 
0.044632 0.0451659 3 
0.0446181 0.0474438 3 
0.0446155 0.0468347 3 
0.0445983 0.0456486 3 
0.044576 0.0464987 3 
0.0445568 0.0456801 3 
0.0445085 0.0487056 3 
0.0444992 0.0450507 3 
0.0444541 0.0446344 3 
0.044381 0.0452011 3 
0.0443762 0.0448411 3 
0.0443574 0.0448187 3 
0.0443139 0.044532 3 
0.0442874 0.0487445 3 
0.0442783 0.0455432 3 
0.0442433 0.0453333 3 
0.0441684 0.0451454 3 
0.0440622 0.0444235 3 
0.0440565 0.04823 3 
0.0439877 0.0449277 3 
0.0439723 0.0450901 3 
0.0438971 0.0475723 3 
0.0438954 0.0449525 3 
0.0438214 0.0443705 3 
0.0437964 0.0445868 3 
0.043784 0.0438706 3 
0.0437688 0.0457585 3 
0.0437183 0.0448275 3 
0.0437113 0.0451831 3 
0.0437034 0.0442233 3 
0.0437019 0.0444873 3 
0.0436984 0.0444363 3 
0.0436798 0.044095 3 
0.0436465 0.0452112 3 
0.0436256 0.0439672 3 
0.0436141 0.0455554 3 
0.0435444 0.044987 3 
0.043527 0.043738 3 
0.043481 0.0457964 3 
0.0434519 0.0444343 3 
0.0434393 0.0448716 3 
0.0433783 0.0455258 3 
0.0432976 0.0435068 3 
0.0432657 0.0441561 3 
0.0432614 0.0442714 3 
0.0431359 0.0447725 3 
0.0431054 0.0431168 3 
0.043086 0.0435244 3 
0.0430533 0.0447841 3 
0.0430516 0.0451831 3 
0.0430067 0.0444653 3 
0.0429916 0.0435244 3 
0.042934 0.0433249 3 
0.0429114 0.0448187 3 
0.0428191 0.0447712 3 
0.042819 0.0448716 3 
0.0428051 0.0446981 3 
0.0427955 0.0438576 3 
0.0427753 0.0439359 3 
0.0427336 0.0446023 3 
0.0427297 0.0432823 3 
0.0426677 0.0456935 3 
0.042662 0.0427291 3 
0.0425995 0.048754 3 
0.0425904 0.0455358 3 
0.0425317 0.0425392 3 
0.0425196 0.0470085 3 
0.0425102 0.042915 3 
0.0425033 0.0432823 3 
0.0424992 0.0452118 3 
0.0424655 0.0426011 3 
0.0424086 0.0448949 3 
0.0423995 0.0434368 3 
0.0423988 0.0452118 3 
0.0423432 0.0458043 3 
0.0423282 0.0427291 3 
0.0423276 0.0430789 3 
0.0423062 0.045113 3 
0.0422845 0.0428653 3 
0.0422584 0.0434647 3 
0.0422238 0.0429535 3 
0.0422232 0.0442514 3 
0.0422209 0.0433057 3 
0.0421565 0.0424492 3 
0.042125 0.043225 3 
0.0420981 0.0438652 3 
0.0420966 0.0423032 3 
0.0420368 0.0437334 3 
0.0420201 0.0448542 3 
0.0420179 0.0446671 3 
0.0420151 0.0435244 3 
0.0420019 0.0425073 3 
0.0419586 0.0434372 3 
0.0419294 0.0443705 3 
0.0418864 0.0425328 3 
0.0418807 0.0456785 3 
0.0418777 0.0443515 3 
0.0418671 0.0427353 3 
0.0418668 0.0431431 3 
0.0418384 0.0430784 3 
0.0418124 0.0419 3 
0.0418025 0.0427441 3 
0.0417998 0.0443876 3 
0.0417769 0.0426826 3 
0.041775 0.0439339 3 
0.0417567 0.0429734 3 
0.0417557 0.0450503 3 
0.0417037 0.043407 3 
0.0416804 0.0421485 3 
0.0416779 0.0433057 3 
0.0416747 0.0420707 3 
0.0416504 0.0437039 3 
0.0416301 0.0445702 3 
0.0416258 0.0453409 3 
0.0416092 0.041961 3 
0.041602 0.0454728 3 
0.04156 0.0438119 3 
0.04154 0.0448411 3 
0.0415307 0.0433954 3 
0.041516 0.0427458 3 
0.0414757 0.0440562 3 
0.0414656 0.0454554 3 
0.0414589 0.0425328 3 
0.0414581 0.0427274 3 
0.0414517 0.0431982 3 
0.0414395 0.0448201 3 
0.0414306 0.0429535 3 
0.0414273 0.0432844 3 
0.0414164 0.0418608 3 
0.0414008 0.0436285 3 
0.0413802 0.0420103 3 
0.0413772 0.0433841 3 
0.0413765 0.0435137 3 
0.0413648 0.0435082 3 
0.041343 0.0442714 3 
0.0413412 0.0421481 3 
0.0413258 0.0419 3 
0.0413229 0.0416734 3 
0.0413148 0.043742 3 
0.0413148 0.0446344 3 
0.0413136 0.0469581 3 
0.0412319 0.0431058 3 
0.0412286 0.0437636 3 
0.0412259 0.0440686 3 
0.0412025 0.0429535 3 
0.0411993 0.0443705 3 
0.041176 0.0424063 3 
0.0411604 0.0417353 3 
0.0411536 0.0446264 3 
0.0411491 0.0433866 3 
0.0411386 0.0433311 3 
0.0411243 0.0434695 3 
0.0411205 0.0429535 3 
0.0410897 0.0432823 3 
0.041064 0.0433057 3 
0.0410633 0.0418854 3 
0.0410545 0.0423728 3 
0.0410521 0.0424063 3 
0.0410451 0.0437039 3 
0.0410333 0.0432937 3 
0.0410026 0.0417528 3 
0.0409972 0.0447953 3 
0.0409517 0.0430696 3 
0.0409428 0.0434368 3 
0.0409117 0.0454728 3 
0.0408995 0.041715 3 
0.0408706 0.0431368 3 
0.0408587 0.0435637 3 
0.0408518 0.0430922 3 
0.0408433 0.0434704 3 
0.0408349 0.0424168 3 
0.0408312 0.0436485 3 
0.0408265 0.0434314 3 
0.0408202 0.0449525 3 
0.0408118 0.0408334 3 
0.0408054 0.0434362 3 
0.0407981 0.0434845 3 
0.0407776 0.0421481 3 
0.0407504 0.0450559 3 
0.0407444 0.0445702 3 
0.0406218 0.040683 3 
0.040588 0.0434314 3 
0.0405577 0.042713 3 
0.0405277 0.0442909 3 
0.0405059 0.0435847 3 
0.0405044 0.0438302 3 
0.0404822 0.0434845 3 
0.0404167 0.0443842 3 
0.0403925 0.0432493 3 
0.0403633 0.0421832 3 
0.04031 0.0431539 3 
0.0403089 0.0438035 3 
0.0403064 0.0434368 3 
0.0402897 0.0417528 3 
0.040265 0.0443887 3 
0.0402387 0.0402897 3 
0.0402381 0.0425551 3 
0.0402182 0.0432991 3 
0.0402114 0.0446562 3 
0.0402066 0.0443645 3 
0.0401715 0.0434695 3 
0.0401312 0.0426325 3 
0.0401237 0.0431431 3 
0.0401085 0.043183 3 
0.0401061 0.0410699 3 
0.0401048 0.0438035 3 
0.0400863 0.0437606 3 
0.0400053 0.0430897 3 
0.0399803 0.0430696 3 
0.0399198 0.0442304 3 
0.039919 0.0448946 3 
0.0399086 0.0433866 3 
0.0399036 0.0433311 3 
0.0398957 0.0433367 3 
0.0398698 0.0443374 3 
0.0397781 0.0436485 3 
0.0396473 0.0434372 3 
0.0396317 0.0439339 3 
0.0395627 0.0402121 3 
0.0395583 0.0416056 3 
0.0395398 0.0439339 3 
0.0394282 0.0439339 3 
0.0392365 0.0427905 3 
0.0391578 0.0431982 3 
0.0390368 0.0420356 3 
0.0389901 0.0446726 3 
0.0238004 0.024061 4 
0.0237983 0.0247847 4 
0.0236713 0.0239151 4 
0.0231996 0.0236019 4 
0.0229691 0.0237428 4 
0.0224315 0.0226362 4 
0.0223408 0.0238041 4 
0.0223089 0.0226074 4 
0.0222878 0.0224578 4 
0.0221561 0.0230705 4 
0.0220251 0.0229222 4 
0.0220083 0.0229954 4 
0.0219415 0.0221174 4 
0.0219338 0.0221005 4 
0.0219031 0.0239419 4 
0.0219018 0.0238115 4 
0.0218612 0.0220364 4 
0.0218162 0.0225534 4 
0.0217587 0.0234494 4 
0.0216092 0.0218383 4 
0.0215507 0.021801 4 
0.0215113 0.021524 4 
0.0214928 0.0217459 4 
0.0214927 0.0229931 4 
0.0214753 0.0218133 4 
0.0214291 0.0220487 4 
0.0214047 0.0214268 4 
0.0214005 0.0214789 4 
0.0213108 0.0217944 4 
0.0213084 0.0213838 4 
0.0213023 0.0214823 4 
0.0212714 0.0215247 4 
0.0212565 0.0212714 4 
0.0212083 0.0214857 4 
0.0211008 0.0213727 4 
0.0210815 0.0220053 4 
0.0210546 0.0213798 4 
0.0210281 0.0213727 4 
0.0210278 0.0241058 4 
0.0210034 0.0211853 4 
0.0209977 0.0217162 4 
0.0209542 0.0224121 4 
0.0209089 0.0213923 4 
0.0209078 0.0226634 4 
0.020894 0.0217269 4 
0.0208696 0.0210347 4 
0.020861 0.0210034 4 
0.0208226 0.0217269 4 
0.0208096 0.0217216 4 
0.0207835 0.0210187 4 
0.0207417 0.0224596 4 
0.0207375 0.0213323 4 
0.0207331 0.0214453 4 
0.0207177 0.0210843 4 
0.0206934 0.0217482 4 
0.0206313 0.0211493 4 
0.0206139 0.0218705 4 
0.020613 0.0209252 4 
0.0205855 0.0217092 4 
0.0205557 0.0205766 4 
0.0205505 0.0221915 4 
0.0204932 0.0219635 4 
0.0204349 0.0206235 4 
0.0204329 0.0215216 4 
0.0204092 0.0209849 4 
0.0203966 0.0224544 4 
0.020384 0.0214118 4 
0.0203703 0.0214065 4 
0.0203427 0.0213469 4 
0.0203298 0.0204388 4 
0.020327 0.020615 4 
0.0203208 0.0216849 4 
0.020319 0.0215539 4 
0.0202762 0.020439 4 
0.0202372 0.0209349 4 
0.0202231 0.0210367 4 
0.0202222 0.0208052 4 
0.0202214 0.0203436 4 
0.0202105 0.0202923 4 
0.0202064 0.0213756 4 
0.0202018 0.0217092 4 
0.0201938 0.0203317 4 
0.0201926 0.0202995 4 
0.0201863 0.0215059 4 
0.0201794 0.020371 4 
0.020164 0.0206092 4 
0.0201431 0.0209598 4 
0.0201305 0.0203282 4 
0.0201151 0.0202293 4 
0.02009 0.0208104 4 
0.0200739 0.0208586 4 
0.0200459 0.0221338 4 
0.0200421 0.0214823 4 
0.020035 0.0212008 4 
0.0200332 0.0205526 4 
0.0200299 0.0210228 4 
0.0200053 0.0209598 4 
0.0200026 0.0217421 4 
0.0199996 0.0212972 4 
0.0199669 0.0212282 4 
0.0199501 0.0215399 4 
0.0199489 0.020371 4 
0.0199448 0.0215537 4 
0.0199417 0.0214509 4 
0.0199347 0.0203517 4 
0.0199179 0.0202431 4 
0.0199116 0.021348 4 
0.0199035 0.0210777 4 
0.0198761 0.0214509 4 
0.0198657 0.0198819 4 
0.0198655 0.0204568 4 
0.0198526 0.0206843 4 
0.0198481 0.0214344 4 
0.0198459 0.0208849 4 
0.0198388 0.0207812 4 
0.0198343 0.0202923 4 
0.0198282 0.0202995 4 
0.0198276 0.021008 4 
0.0198268 0.0213547 4 
0.0198153 0.0204972 4 
0.0198075 0.0213704 4 
0.019806 0.0203494 4 
0.019801 0.0205988 4 
0.0197904 0.0213547 4 
0.0197897 0.0211914 4 
0.019782 0.0208588 4 
0.0197716 0.0199017 4 
0.0197588 0.0208052 4 
0.01973 0.020077 4 
0.019722 0.0204384 4 
0.0197189 0.0204173 4 
0.0196927 0.020826 4 
0.0196868 0.0215216 4 
0.0196841 0.0205057 4 
0.0196822 0.0197417 4 
0.0196801 0.0208373 4 
0.0196531 0.0211062 4 
0.0196496 0.0199648 4 
0.0196491 0.0197075 4 
0.0196267 0.0215539 4 
0.0196149 0.0205057 4 
0.0196149 0.020077 4 
0.0196015 0.0206843 4 
0.0195913 0.0204497 4 
0.0195859 0.0204568 4 
0.0195729 0.0197075 4 
0.0195662 0.0200875 4 
0.0195652 0.0207455 4 
0.0195176 0.0208208 4 
0.0195133 0.0195267 4 
0.0194824 0.0206267 4 
0.0194782 0.0203282 4 
0.0194728 0.0210347 4 
0.0194251 0.0208586 4 
0.0194179 0.0214268 4 
0.0194011 0.0217508 4 
0.0193816 0.021698 4 
0.0193773 0.0215034 4 
0.0193709 0.0196671 4 
0.0193668 0.0205393 4 
0.0193533 0.0201868 4 
0.0193456 0.0204384 4 
0.0193451 0.0205319 4 
0.0193436 0.020934 4 
0.0193396 0.0196505 4 
0.0193375 0.0214591 4 
0.019328 0.0208849 4 
0.0193253 0.0207544 4 
0.0193101 0.0208635 4 
0.0192642 0.0215979 4 
0.0192382 0.0202995 4 
0.0192273 0.0204965 4 
0.0192037 0.0215034 4 
0.0191853 0.0210802 4 
0.0191748 0.0197417 4 
0.0191428 0.0199137 4 
0.0191395 0.0208586 4 
0.0191303 0.021329 4 
0.0191109 0.0214127 4 
0.0191083 0.0204965 4 
0.0191074 0.0209965 4 
0.0191067 0.0203868 4 
0.0191004 0.020471 4 
0.0190845 0.0192739 4 
0.0190786 0.0191286 4 
0.019033 0.0215037 4 
0.0190275 0.0211538 4 
0.0189645 0.0209246 4 
0.018957 0.0203436 4 
0.0189375 0.0204568 4 
0.0189097 0.0200875 4 
0.0188987 0.0190081 4 
0.0188717 0.021037 4 
0.0188616 0.0209656 4 
0.018817 0.0206267 4 
0.018811 0.0210239 4 
0.0187942 0.0202501 4 
0.0187724 0.0210442 4 
0.0187644 0.0209468 4 
0.0186813 0.0197357 4 
0.0186634 0.0212148 4 
0.0185925 0.0214256 4 
0.0183623 0.0197357 4 
0.0182266 0.020471 4 
0.018172 0.0201141 4 
0.0122513 0.0124426 5 
0.0118885 0.0120738 5 
0.0116464 0.0116818 5 
0.0113912 0.0119301 5 
0.0113857 0.0120473 5 
0.0111143 0.0114347 5 
0.0111112 0.0114769 5 
0.011108 0.0122695 5 
0.0110586 0.0119055 5 
0.0110423 0.0120041 5 
0.0109866 0.0110063 5 
0.010976 0.0110063 5 
0.0109297 0.0110072 5 
0.010915 0.0109746 5 
0.010889 0.0110722 5 
0.0108442 0.0110008 5 
0.0108048 0.0114013 5 
0.0107482 0.0108215 5 
0.0106888 0.0112791 5 
0.0106625 0.0125489 5 
0.0106554 0.0107529 5 
0.0106544 0.010752 5 
0.0106366 0.0113375 5 
0.0106221 0.0106695 5 
0.0106054 0.0110517 5 
0.0105485 0.0105992 5 
0.0105289 0.0110512 5 
0.0105165 0.0106395 5 
0.0104741 0.0106996 5 
0.0104479 0.0105864 5 
0.010444 0.0108503 5 
0.0104299 0.0110517 5 
0.0104243 0.0107254 5 
0.010418 0.0109964 5 
0.0104146 0.0104668 5 
0.0104107 0.0105869 5 
0.0104098 0.0105407 5 
0.0103873 0.0105694 5 
0.0103849 0.0104704 5 
0.010354 0.0104738 5 
0.0103357 0.0105698 5 
0.0103337 0.0106182 5 
0.0103161 0.0109419 5 
0.0103147 0.0106256 5 
0.0102942 0.0104582 5 
0.0102898 0.0105467 5 
0.0102853 0.0106345 5 
0.0102472 0.0110063 5 
0.0102268 0.0103965 5 
0.0102166 0.0104388 5 
0.0101796 0.0111973 5 
0.010151 0.0102437 5 
0.010145 0.010507 5 
0.0101414 0.010932 5 
0.0101387 0.0105221 5 
0.0101288 0.0106182 5 
0.0101067 0.0109623 5 
0.0101062 0.0103709 5 
0.010094 0.010123 5 
0.0100762 0.0109871 5 
0.0100635 0.0102496 5 
0.010026 0.0108656 5 
0.0100257 0.0102369 5 
0.0100242 0.0107229 5 
0.0100187 0.0100541 5 
0.0100043 0.0106224 5 
0.00999581 0.0102369 5 
0.00999281 0.0104037 5 
0.00998357 0.0113293 5 
0.00998352 0.0101078 5 
0.00998019 0.0105698 5 
0.00997943 0.00999121 5 
0.0099767 0.010772 5 
0.00997581 0.0103576 5 
0.00996899 0.0103993 5 
0.00996855 0.0107029 5 
0.00994658 0.00995431 5 
0.00992303 0.0105714 5 
0.00992107 0.0102132 5 
0.00991891 0.0100373 5 
0.00991006 0.0101827 5 
0.00990279 0.0108301 5 
0.00990195 0.0107763 5 
0.00990096 0.0101078 5 
0.00989832 0.0103839 5 
0.00989028 0.0106184 5 
0.0098858 0.010391 5 
0.00988511 0.0105887 5 
0.009877 0.0102369 5 
0.00987697 0.0102496 5 
0.00987413 0.0107088 5 
0.00982936 0.00996144 5 
0.00982275 0.0105864 5 
0.00981968 0.01041 5 
0.0098195 0.00989696 5 
0.0098151 0.0102348 5 
0.00980001 0.0104573 5 
0.00979508 0.0101043 5 
0.00979221 0.0104573 5 
0.00976962 0.00978403 5 
0.00976228 0.0104066 5 
0.00974662 0.010391 5 
0.00971689 0.0104582 5 
0.00970079 0.0103532 5 
0.00969924 0.00983723 5 
0.00968986 0.0104449 5 
0.00967904 0.00991434 5 
0.00967599 0.00999305 5 
0.00967421 0.0103224 5 
0.00967001 0.0101742 5 
0.00966733 0.0102073 5 
0.00965361 0.0096767 5 
0.00965304 0.0106096 5 
0.00964633 0.00995997 5 
0.00964266 0.00989696 5 
0.00963723 0.00972656 5 
0.00960891 0.0101675 5 
0.00960839 0.00991434 5 
0.00959221 0.0105731 5 
0.00958046 0.00960429 5 
0.00958019 0.0106735 5 
0.00957493 0.0106096 5 
0.00957212 0.0103272 5 
0.00957039 0.00985887 5 
0.00954343 0.00985887 5 
0.00954246 0.0106462 5 
0.00953664 0.00988607 5 
0.00952992 0.00983998 5 
0.00952642 0.0104133 5 
0.00952389 0.0104436 5 
0.00952329 0.00955051 5 
0.00952146 0.0102132 5 
0.00951813 0.0107389 5 
0.0095132 0.0103106 5 
0.00950729 0.0104061 5 
0.00949924 0.0095499 5 
0.00949124 0.0100975 5 
0.00948979 0.0101406 5 
0.00946811 0.0104425 5 
0.00945219 0.00947039 5 
0.00944911 0.0102132 5 
0.00944272 0.0102972 5 
0.0094377 0.0102446 5 
0.00943163 0.00983661 5 
0.00942693 0.0106735 5 
0.00942292 0.00974592 5 
0.00941943 0.0101742 5 
0.00941538 0.0105869 5 
0.00941248 0.00970479 5 
0.00939111 0.0100937 5 
0.00937695 0.00967228 5 
0.00936526 0.0104274 5 
0.00935989 0.0109457 5 
0.00932602 0.00989696 5 
0.00932215 0.0093802 5 
0.00931799 0.0101234 5 
0.00931739 0.0103168 5 
0.00930278 0.0095499 5 
0.0092998 0.0104427 5 
0.00929783 0.0099487 5 
0.00929019 0.0107087 5 
0.00928559 0.0104169 5 
0.00927257 0.010528 5 
0.0092673 0.00982046 5 
0.00926362 0.00993321 5 
0.00923444 0.00980997 5 
0.00921169 0.0104947 5 
0.00915528 0.0102977 5 
0.00915403 0.0100937 5 
0.00912895 0.0102867 5 
0.00911697 0.00938417 5 
0.00904965 0.00972006 5 
0.00902262 0.00938417 5 
0.00897378 0.0106031 5 
0.00883816 0.00999984 5 
0.00876796 0.0100372 5 
0.00595211 0.00613563 6 
0.00594401 0.00597885 6 
0.00589856 0.00608901 6 
0.00580838 0.00582529 6 
0.00573195 0.00627045 6 
0.00571466 0.00626072 6 
0.00571176 0.00573752 6 
0.00570321 0.00577139 6 
0.00568265 0.00605217 6 
0.00563945 0.00565109 6 
0.00560902 0.00565837 6 
0.00558251 0.00566006 6 
0.00555845 0.00569107 6 
0.00553033 0.00576632 6 
0.00552159 0.00574035 6 
0.00551774 0.00586774 6 
0.00551119 0.00552063 6 
0.00549902 0.00555203 6 
0.00544401 0.00655237 6 
0.00540224 0.00547785 6 
0.00539399 0.00562721 6 
0.00539009 0.00556103 6 
0.00538747 0.0054829 6 
0.00535481 0.00544819 6 
0.00534858 0.00563436 6 
0.00534126 0.00550941 6 
0.00532051 0.00536988 6 
0.00532 0.0054683 6 
0.00531296 0.0053327 6 
0.00531184 0.00542072 6 
0.00530758 0.0054114 6 
0.00529603 0.00537143 6 
0.00529573 0.00538634 6 
0.00527739 0.00537336 6 
0.00527537 0.00561315 6 
0.00525801 0.00538634 6 
0.00524196 0.00567342 6 
0.00523778 0.00526596 6 
0.00523202 0.0052412 6 
0.00522937 0.00552882 6 
0.0052154 0.00522715 6 
0.00520329 0.0053154 6 
0.00519631 0.00529568 6 
0.00519595 0.00535192 6 
0.00518707 0.00547078 6 
0.00517505 0.00553925 6 
0.0051664 0.00523719 6 
0.00516348 0.00527281 6 
0.00515955 0.00522715 6 
0.00515869 0.0052412 6 
0.00515122 0.0052148 6 
0.00514293 0.00565944 6 
0.00513482 0.00530239 6 
0.00513028 0.00517482 6 
0.00512575 0.00524362 6 
0.00511513 0.00537331 6 
0.00511142 0.00513703 6 
0.00510721 0.00514736 6 
0.00509388 0.0054973 6 
0.0050905 0.00546427 6 
0.00508775 0.00564443 6 
0.0050827 0.00558198 6 
0.00508027 0.00541949 6 
0.0050779 0.00533371 6 
0.00507437 0.00525343 6 
0.00505914 0.00535288 6 
0.00505584 0.00518174 6 
0.00504544 0.00515496 6 
0.00503441 0.00521857 6 
0.00503395 0.00542186 6 
0.00501234 0.00523725 6 
0.00501147 0.00512803 6 
0.00500963 0.00544081 6 
0.00500847 0.00513138 6 
0.00500479 0.00512618 6 
0.00499641 0.00512687 6 
0.00499083 0.00555679 6 
0.00498075 0.00514736 6 
0.00496814 0.00555635 6 
0.00496041 0.00498005 6 
0.00495938 0.00517749 6 
0.00495891 0.00502462 6 
0.00495202 0.0053734 6 
0.00494929 0.00498014 6 
0.00492881 0.00524314 6 
0.00492708 0.0054278 6 
0.00492601 0.00498326 6 
0.00492592 0.00516707 6 
0.00491142 0.00525457 6 
0.00490622 0.00527318 6 
0.00490373 0.0053154 6 
0.00490328 0.00537424 6 
0.00488365 0.00523993 6 
0.00488321 0.00512803 6 
0.00488204 0.00522083 6 
0.00487539 0.0053154 6 
0.00486002 0.00496073 6 
0.00485557 0.00495082 6 
0.00485138 0.00513964 6 
0.0048471 0.00538203 6 
0.00484466 0.00485287 6 
0.00482361 0.00488421 6 
0.0048227 0.00495323 6 
0.00481466 0.00500239 6 
0.00481234 0.00509083 6 
0.00481076 0.00488057 6 
0.0048102 0.00490736 6 
0.00480873 0.00511336 6 
0.0048015 0.00517824 6 
0.00479161 0.00520228 6 
0.00478825 0.00511358 6 
0.00478413 0.00521006 6 
0.00477698 0.00538994 6 
0.00477233 0.00509932 6 
0.00476888 0.00529325 6 
0.00476613 0.00482449 6 
0.00476528 0.00525637 6 
0.00476374 0.00479333 6 
0.00476135 0.00496884 6 
0.00475849 0.00517903 6 
0.00475713 0.00500634 6 
0.00475124 0.00530343 6 
0.00474703 0.00510105 6 
0.00474394 0.0049239 6 
0.00474267 0.00524845 6 
0.00474055 0.00500026 6 
0.00472961 0.00496089 6 
0.00472759 0.0047878 6 
0.00471335 0.00506252 6 
0.00471288 0.00502384 6 
0.00470913 0.00541842 6 
0.00470796 0.00495179 6 
0.00470744 0.00517015 6 
0.00470101 0.00474219 6 
0.00469744 0.00501068 6 
0.00469413 0.00515496 6 
0.0046911 0.00561236 6 
0.00469065 0.00523719 6 
0.00468822 0.00526455 6 
0.00467986 0.0050303 6 
0.00467484 0.00471263 6 
0.00467057 0.00540657 6 
0.00466964 0.00523055 6 
0.00465483 0.00517903 6 
0.00464758 0.00522083 6 
0.00464727 0.00516698 6 
0.00464698 0.00483674 6 
0.00464065 0.00532763 6 
0.00463751 0.00551593 6 
0.00460249 0.00492701 6 
0.00458152 0.00512412 6 
0.00457143 0.00512618 6 
0.0045635 0.00468296 6 
0.00456214 0.00462197 6 
0.004561 0.00463717 6 
0.0045574 0.00465195 6 
0.00455408 0.00512618 6 
0.00453513 0.00526474 6 
0.00450934 0.00464289 6 
0.00449361 0.00509083 6 
0.00447533 0.00474042 6 
0.00436033 0.00493433 6 
0.00308671 0.00314978 7 
0.0030831 0.00311179 7 
0.00300163 0.00330704 7 
0.00299567 0.00324074 7 
0.0029774 0.00297812 7 
0.00295657 0.00311372 7 
0.00292037 0.00292312 7 
0.00290732 0.00308633 7 
0.00289154 0.00289389 7 
0.00289065 0.00294877 7 
0.00288806 0.00293689 7 
0.00288578 0.0029115 7 
0.00283809 0.00296179 7 
0.00282765 0.00290983 7 
0.00279361 0.00294008 7 
0.00278953 0.00338634 7 
0.00278442 0.00280377 7 
0.00278079 0.00282555 7 
0.00277833 0.00291273 7 
0.00275994 0.00283075 7 
0.00275579 0.00290717 7 
0.00275475 0.00283395 7 
0.00275392 0.00296363 7 
0.00275242 0.00288838 7 
0.00274844 0.00286227 7 
0.00274235 0.00293335 7 
0.00272845 0.00283336 7 
0.00272585 0.00276631 7 
0.00272351 0.00273165 7 
0.0027174 0.00274158 7 
0.00271207 0.00272438 7 
0.00270102 0.00276784 7 
0.00269886 0.00271208 7 
0.00269011 0.00269985 7 
0.00268162 0.00278009 7 
0.00267392 0.00271914 7 
0.00267068 0.00269911 7 
0.00266291 0.00272123 7 
0.00266273 0.00278434 7 
0.00265034 0.00265541 7 
0.0026498 0.00271529 7 
0.0026458 0.00267992 7 
0.00263689 0.00283972 7 
0.00263285 0.00291248 7 
0.00263273 0.00275752 7 
0.00263181 0.00268005 7 
0.00262823 0.00264691 7 
0.0026253 0.00269098 7 
0.00262287 0.00281427 7 
0.00261023 0.0027199 7 
0.00260955 0.00278386 7 
0.00260774 0.0028557 7 
0.00260604 0.0027226 7 
0.00259809 0.00272323 7 
0.00259499 0.00260807 7 
0.00258509 0.00259051 7 
0.00258043 0.00268575 7 
0.00257406 0.00264077 7 
0.00256551 0.00257665 7 
0.00256374 0.00262482 7 
0.00256214 0.00257035 7 
0.00255959 0.00260806 7 
0.002555 0.00256938 7 
0.00255489 0.00273334 7 
0.0025498 0.00290357 7 
0.00254971 0.00273334 7 
0.00254871 0.00275744 7 
0.00254856 0.00273096 7 
0.00254673 0.00285217 7 
0.00254372 0.00258946 7 
0.0025425 0.00259014 7 
0.00254004 0.00282626 7 
0.00253639 0.00258504 7 
0.00253554 0.00255808 7 
0.00252933 0.00261165 7 
0.00252173 0.00257218 7 
0.00251698 0.00268024 7 
0.00251681 0.0025593 7 
0.00250306 0.00257216 7 
0.00250045 0.00264937 7 
0.00249994 0.00272492 7 
0.0024998 0.0027252 7 
0.00249977 0.00268005 7 
0.00249833 0.00254638 7 
0.00249809 0.00268005 7 
0.00249191 0.00258259 7 
0.00248824 0.00250603 7 
0.00248039 0.0027015 7 
0.00247855 0.00257397 7 
0.00247671 0.00258978 7 
0.0024753 0.00250364 7 
0.00247442 0.00248665 7 
0.00246386 0.00254533 7 
0.00246017 0.00261536 7 
0.00245972 0.00268885 7 
0.00245853 0.00275744 7 
0.00245835 0.0025422 7 
0.00245534 0.00258488 7 
0.00245318 0.00270924 7 
0.00244818 0.00253096 7 
0.00244209 0.00263889 7 
0.00243973 0.00277461 7 
0.00243623 0.00257618 7 
0.00243556 0.0024525 7 
0.00243349 0.00256859 7 
0.00243224 0.00249257 7 
0.00243162 0.00248761 7 
0.00243127 0.00243613 7 
0.00243059 0.00255808 7 
0.00242455 0.002663 7 
0.00242064 0.00264691 7 
0.00241812 0.00263462 7 
0.00241491 0.00242554 7 
0.0024137 0.0026146 7 
0.00241292 0.00243807 7 
0.00241185 0.00286028 7 
0.00241181 0.0027364 7 
0.00241142 0.00278066 7 
0.00240992 0.00264532 7 
0.00240887 0.00271668 7 
0.00240711 0.00269056 7 
0.00240203 0.00257563 7 
0.00239909 0.00242401 7 
0.00239734 0.00247985 7 
0.0023961 0.00240161 7 
0.0023953 0.00281813 7 
0.00239272 0.00276099 7 
0.00238849 0.0026033 7 
0.00238143 0.00262857 7 
0.00237976 0.00261507 7 
0.00237895 0.00239469 7 
0.00237435 0.00274044 7 
0.00237151 0.00248964 7 
0.002368 0.00269631 7 
0.00236792 0.00239469 7 
0.00236163 0.00240419 7 
0.00236116 0.00249933 7 
0.00236015 0.00262482 7 
0.00235896 0.00240971 7 
0.00235205 0.00266897 7 
0.00234563 0.00266662 7 
0.00234151 0.00259875 7 
0.00233777 0.00262482 7 
0.00233668 0.00282547 7 
0.00233319 0.00241748 7 
0.00232693 0.00235365 7 
0.00231778 0.00250652 7 
0.00230069 0.00230324 7 
0.00229855 0.00266662 7 
0.00228674 0.00254533 7 
0.00228014 0.00232611 7 
0.00224714 0.00235239 7 
0.00222045 0.00245556 7 
0.00162772 0.00164589 8 
0.00159503 0.00170915 8 
0.00158094 0.00168889 8 
0.00155224 0.00161623 8 
0.00154962 0.00161653 8 
0.00152845 0.00153655 8 
0.00150707 0.00153211 8 
0.00150179 0.00154312 8 
0.0014957 0.00152061 8 
0.00148108 0.00151998 8 
0.00147957 0.00154604 8 
0.00146888 0.00153983 8 
0.00146531 0.0015273 8 
0.00146266 0.00156057 8 
0.00146244 0.00146282 8 
0.00144507 0.00152629 8 
0.00144375 0.00155404 8 
0.00144329 0.00149882 8 
0.00143569 0.00148759 8 
0.0014296 0.00176437 8 
0.00142898 0.00143743 8 
0.00142287 0.00144274 8 
0.00142053 0.00147982 8 
0.00142011 0.00144931 8 
0.0014191 0.00144268 8 
0.00140857 0.00141829 8 
0.00140197 0.00144895 8 
0.00140133 0.00140509 8 
0.00139894 0.00140634 8 
0.00139141 0.00139409 8 
0.00138719 0.00143389 8 
0.00138387 0.00145141 8 
0.00137933 0.00142816 8 
0.00137853 0.00146895 8 
0.0013705 0.0013992 8 
0.00136614 0.00148558 8 
0.00136407 0.00143335 8 
0.00136226 0.00151933 8 
0.00136027 0.00138114 8 
0.00135662 0.00144059 8 
0.00135455 0.0013631 8 
0.0013537 0.00145971 8 
0.00135206 0.00136192 8 
0.00135167 0.00136819 8 
0.00134811 0.00139097 8 
0.00134697 0.00144228 8 
0.00133499 0.00139332 8 
0.00133003 0.00139097 8 
0.00132961 0.00133466 8 
0.00132886 0.00136584 8 
0.00132312 0.00132461 8 
0.00131685 0.00153191 8 
0.00131675 0.00151135 8 
0.00131552 0.00143615 8 
0.00131493 0.00132795 8 
0.00131342 0.0013465 8 
0.00131184 0.00137515 8 
0.00131119 0.00131846 8 
0.00131048 0.00143074 8 
0.00130829 0.00138299 8 
0.00130717 0.00135019 8 
0.00130602 0.00137604 8 
0.00130375 0.0013227 8 
0.00130257 0.00132373 8 
0.0013011 0.00131846 8 
0.00130037 0.00139222 8 
0.00129733 0.00135733 8 
0.00129633 0.00132439 8 
0.00129372 0.00136819 8 
0.0012904 0.00130668 8 
0.00128933 0.00136819 8 
0.00128704 0.00142919 8 
0.00128559 0.00135795 8 
0.00128477 0.00142184 8 
0.00128311 0.00135283 8 
0.00128283 0.00131667 8 
0.00128147 0.00134957 8 
0.00128034 0.00138765 8 
0.00127648 0.00128842 8 
0.00127623 0.00141346 8 
0.00127606 0.0013429 8 
0.00127464 0.00128109 8 
0.00127109 0.00129295 8 
0.00126626 0.00139445 8 
0.00126539 0.00139697 8 
0.00126357 0.0012683 8 
0.00126318 0.00147717 8 
0.00126306 0.00142117 8 
0.00126063 0.00132062 8 
0.00125854 0.00144668 8 
0.00125804 0.00142919 8 
0.00125782 0.00133856 8 
0.00125756 0.00130588 8 
0.00125689 0.00134598 8 
0.0012555 0.00132439 8 
0.00125499 0.00126801 8 
0.00125121 0.00138328 8 
0.00125016 0.00142246 8 
0.0012488 0.00128766 8 
0.00124838 0.00141883 8 
0.00124497 0.00144797 8 
0.00124414 0.00134135 8 
0.00124408 0.00135294 8 
0.00124065 0.00134223 8 
0.00123931 0.00125828 8 
0.00123679 0.00135846 8 
0.00123634 0.0013424 8 
0.00122998 0.00125808 8 
0.0012264 0.00123686 8 
0.00122534 0.00143782 8 
0.0012217 0.00139824 8 
0.00122036 0.00124021 8 
0.00121984 0.00135932 8 
0.00121874 0.00138632 8 
0.00121715 0.00123919 8 
0.00121285 0.00127223 8 
0.00121193 0.00133602 8 
0.00121142 0.00141524 8 
0.00120607 0.00125841 8 
0.00120545 0.0013633 8 
0.00120432 0.00121854 8 
0.0012021 0.00136584 8 
0.00120108 0.00146282 8 
0.00119984 0.00137564 8 
0.00119686 0.00130241 8 
0.00119346 0.00135815 8 
0.00118025 0.00129091 8 
0.00116216 0.00128842 8 
0.00115303 0.00124093 8 
0.00114229 0.00118486 8 
0.000863468 0.000866787 9 
0.000855525 0.000891286 9 
0.000840741 0.000887676 9 
0.000833159 0.000854317 9 
0.000820554 0.000844604 9 
0.000808728 0.000826296 9 
0.000792624 0.00080211 9 
0.000791846 0.000798497 9 
0.00078653 0.000815331 9 
0.000783356 0.00080261 9 
0.000783095 0.000826596 9 
0.000773605 0.000808196 9 
0.000767622 0.000831706 9 
0.000762703 0.00077371 9 
0.00075799 0.000925054 9 
0.00075748 0.000800521 9 
0.000754413 0.000760651 9 
0.000753573 0.00076694 9 
0.000753075 0.000774219 9 
0.000752235 0.000788935 9 
0.000746818 0.000753185 9 
0.000746341 0.000778653 9 
0.000742898 0.000771341 9 
0.000737689 0.000755584 9 
0.000737432 0.000769167 9 
0.000736771 0.000756191 9 
0.000736376 0.00075578 9 
0.000735048 0.00074204 9 
0.000733156 0.000756938 9 
0.000722359 0.00075732 9 
0.000721435 0.000767039 9 
0.000717794 0.00072691 9 
0.000716034 0.000777737 9 
0.000715928 0.000716173 9 
0.000715087 0.000724402 9 
0.000714789 0.000769978 9 
0.00071364 0.000727331 9 
0.000711047 0.000801379 9 
0.000709167 0.000774018 9 
0.000705835 0.000712106 9 
0.000703425 0.000705995 9 
0.000702063 0.000807504 9 
0.000701448 0.000715437 9 
0.000700861 0.000707179 9 
0.000699562 0.000700244 9 
0.000698252 0.000746485 9 
0.000695207 0.00071423 9 
0.000692845 0.000715051 9 
0.000689706 0.000718962 9 
0.000689411 0.00072917 9 
0.000689112 0.000689553 9 
0.000688618 0.000735189 9 
0.000687721 0.000689553 9 
0.000686197 0.000808196 9 
0.000685037 0.000721466 9 
0.000684028 0.000693713 9 
0.000683614 0.000694529 9 
0.000681351 0.000742769 9 
0.00068017 0.000703996 9 
0.000679952 0.000743764 9 
0.00067947 0.000752837 9 
0.000678356 0.000732834 9 
0.000677246 0.00068532 9 
0.000676559 0.000705995 9 
0.000675075 0.000705902 9 
0.000674862 0.000715437 9 
0.000674521 0.000746246 9 
0.000674115 0.00075788 9 
0.000672837 0.000731007 9 
0.000672609 0.000718086 9 
0.000671449 0.000742769 9 
0.000669566 0.000771821 9 
0.000667699 0.00067877 9 
0.000666893 0.000672411 9 
0.000666648 0.000693023 9 
0.000666468 0.000670318 9 
0.000664783 0.000711367 9 
0.00066382 0.000677996 9 
0.000662056 0.000751707 9 
0.000662001 0.000693376 9 
0.000661242 0.000681577 9 
0.000660894 0.000734744 9 
0.000660563 0.000727945 9 
0.000658939 0.000664396 9 
0.000657562 0.00067877 9 
0.000657059 0.000678773 9 
0.00065682 0.000720103 9 
0.000656727 0.000691089 9 
0.00065646 0.000716173 9 
0.000653601 0.000754402 9 
0.0006535 0.000755331 9 
0.000652522 0.00072691 9 
0.000649851 0.000675923 9 
0.000647056 0.000692205 9 
0.000646038 0.000711723 9 
0.000644952 0.000659282 9 
0.000642758 0.000724163 9 
0.000641494 0.00064713 9 
0.000640576 0.000691089 9 
0.000637982 0.000719987 9 
0.000637276 0.000733959 9 
0.000636881 0.00066755 9 
0.000636879 0.000726433 9 
0.000636065 0.000646006 9 
0.000634874 0.000702485 9 
0.000633549 0.000747087 9 
0.000632836 0.000749093 9 
0.000630351 0.000638177 9 
0.000630043 0.00071487 9 
0.000625644 0.000708893 9 
0.000625163 0.000697614 9 
0.000625116 0.000763722 9 
0.000624849 0.000647459 9 
0.000624635 0.000641125 9 
0.000624398 0.00071174 9 
0.000621407 0.000658963 9 
0.000611278 0.000688088 9 
0.000610593 0.000660639 9 
0.000609603 0.000622834 9 
0.000608302 0.000635769 9 
0.000606633 0.000671603 9 
0.000586636 0.000604488 9 
