0.523509 0.541482 0 
0.522936 0.537667 0 
0.521905 0.542854 0 
0.521897 0.540081 0 
0.521883 0.539018 0 
0.521838 0.540328 0 
0.521804 0.54233 0 
0.521582 0.54028 0 
0.521423 0.522124 0 
0.521258 0.542118 0 
0.521104 0.543387 0 
0.520978 0.539178 0 
0.520915 0.539792 0 
0.520849 0.521249 0 
0.520761 0.541256 0 
0.520712 0.537423 0 
0.520697 0.540069 0 
0.520594 0.541469 0 
0.520489 0.543919 0 
0.520296 0.520816 0 
0.520282 0.543885 0 
0.520059 0.542461 0 
0.519941 0.540672 0 
0.519905 0.541458 0 
0.519904 0.540702 0 
0.51983 0.538909 0 
0.519609 0.542042 0 
0.51955 0.541487 0 
0.519489 0.543526 0 
0.519444 0.540487 0 
0.519425 0.539792 0 
0.519325 0.540069 0 
0.519222 0.542735 0 
0.519174 0.543532 0 
0.519167 0.542799 0 
0.519139 0.54211 0 
0.519102 0.542416 0 
0.519081 0.542782 0 
0.519023 0.52228 0 
0.518998 0.538299 0 
0.518954 0.540036 0 
0.518923 0.543409 0 
0.518725 0.520631 0 
0.518564 0.541396 0 
0.518525 0.541339 0 
0.518518 0.519823 0 
0.518507 0.541085 0 
0.518477 0.519567 0 
0.518476 0.538413 0 
0.518469 0.540659 0 
0.518457 0.518661 0 
0.518454 0.539989 0 
0.518412 0.541081 0 
0.518379 0.541095 0 
0.518376 0.541487 0 
0.518291 0.543316 0 
0.518282 0.543351 0 
0.51826 0.518693 0 
0.518224 0.540919 0 
0.518209 0.52048 0 
0.518103 0.540036 0 
0.517865 0.5182 0 
0.517833 0.54587 0 
0.517815 0.518698 0 
0.517765 0.538909 0 
0.51776 0.547425 0 
0.517758 0.542625 0 
0.517722 0.543241 0 
0.517683 0.517775 0 
0.517682 0.540217 0 
0.517648 0.517765 0 
0.517624 0.518423 0 
0.517528 0.54028 0 
0.517452 0.544363 0 
0.517428 0.51809 0 
0.517414 0.540659 0 
0.517236 0.52228 0 
0.517226 0.518517 0 
0.517198 0.540719 0 
0.517183 0.517485 0 
0.517167 0.543899 0 
0.517149 0.518557 0 
0.517099 0.52048 0 
0.517098 0.542423 0 
0.517073 0.519661 0 
0.517061 0.538786 0 
0.517034 0.518612 0 
0.516992 0.54258 0 
0.516971 0.51762 0 
0.51697 0.518698 0 
0.516941 0.543543 0 
0.516912 0.518635 0 
0.516895 0.542161 0 
0.516868 0.51946 0 
0.516764 0.541256 0 
0.516733 0.541218 0 
0.516721 0.545098 0 
0.516711 0.540487 0 
0.516706 0.539375 0 
0.516678 0.547326 0 
0.516671 0.519839 0 
0.516652 0.518236 0 
0.516632 0.517204 0 
0.516601 0.544786 0 
0.516555 0.517726 0 
0.516522 0.539879 0 
0.516513 0.519495 0 
0.516506 0.519203 0 
0.516454 0.540659 0 
0.516453 0.518504 0 
0.516432 0.520706 0 
0.516387 0.521466 0 
0.516336 0.522157 0 
0.516299 0.516941 0 
0.516251 0.516806 0 
0.516206 0.516506 0 
0.516138 0.517139 0 
0.516117 0.51813 0 
0.516097 0.51697 0 
0.516095 0.517386 0 
0.516093 0.518033 0 
0.516031 0.516738 0 
0.515972 0.517046 0 
0.515909 0.519699 0 
0.515909 0.516011 0 
0.515809 0.540686 0 
0.515798 0.517922 0 
0.515779 0.518837 0 
0.515776 0.51857 0 
0.515748 0.539792 0 
0.515717 0.542742 0 
0.515704 0.518472 0 
0.515692 0.54028 0 
0.515686 0.543857 0 
0.515623 0.518038 0 
0.515619 0.515913 0 
0.515577 0.542784 0 
0.515567 0.519155 0 
0.515558 0.541655 0 
0.515508 0.515927 0 
0.515471 0.541918 0 
0.515467 0.515762 0 
0.515465 0.519024 0 
0.515451 0.543042 0 
0.515428 0.51778 0 
0.515426 0.519127 0 
0.515423 0.542625 0 
0.515415 0.518893 0 
0.515381 0.515915 0 
0.515375 0.520944 0 
0.51537 0.519024 0 
0.515361 0.54028 0 
0.515357 0.543406 0 
0.515352 0.539375 0 
0.515303 0.516961 0 
0.515283 0.540036 0 
0.515275 0.516831 0 
0.51518 0.539879 0 
0.515171 0.521962 0 
0.51513 0.539375 0 
0.515097 0.517039 0 
0.515009 0.516678 0 
0.514983 0.519045 0 
0.514971 0.518193 0 
0.514962 0.538573 0 
0.514956 0.54063 0 
0.514953 0.515761 0 
0.514902 0.520605 0 
0.514885 0.517563 0 
0.514876 0.51772 0 
0.514858 0.542253 0 
0.514847 0.516196 0 
0.51483 0.515936 0 
0.514825 0.517204 0 
0.514824 0.515 0 
0.514819 0.516354 0 
0.514804 0.543379 0 
0.51477 0.518542 0 
0.514715 0.518236 0 
0.514702 0.54063 0 
0.514691 0.518284 0 
0.51469 0.51762 0 
0.514677 0.544728 0 
0.514669 0.522121 0 
0.514582 0.520197 0 
0.51453 0.517216 0 
0.514501 0.541739 0 
0.514494 0.51927 0 
0.514489 0.542313 0 
0.514481 0.517802 0 
0.51448 0.51724 0 
0.514454 0.541095 0 
0.51442 0.519231 0 
0.514376 0.540702 0 
0.514375 0.517747 0 
0.514352 0.515266 0 
0.514341 0.519331 0 
0.51434 0.541424 0 
0.514312 0.517449 0 
0.514294 0.514932 0 
0.514278 0.538519 0 
0.514273 0.51922 0 
0.514273 0.544442 0 
0.514263 0.518472 0 
0.514249 0.518472 0 
0.514236 0.521009 0 
0.514206 0.519823 0 
0.514202 0.514547 0 
0.514191 0.521057 0 
0.514159 0.516982 0 
0.514145 0.516723 0 
0.514133 0.515904 0 
0.514131 0.519661 0 
0.514128 0.518093 0 
0.514115 0.518542 0 
0.514112 0.543606 0 
0.514109 0.522104 0 
0.514105 0.519342 0 
0.514065 0.515963 0 
0.514056 0.543494 0 
0.514046 0.516125 0 
0.51404 0.519554 0 
0.513923 0.542307 0 
0.513884 0.51443 0 
0.513877 0.519425 0 
0.513876 0.516125 0 
0.51387 0.542436 0 
0.513863 0.515561 0 
0.513851 0.540384 0 
0.513842 0.520631 0 
0.513826 0.519374 0 
0.513816 0.51998 0 
0.513797 0.521057 0 
0.513781 0.544718 0 
0.513766 0.519502 0 
0.51373 0.541487 0 
0.513728 0.519755 0 
0.513674 0.539375 0 
0.513659 0.517346 0 
0.513652 0.5204 0 
0.51362 0.520049 0 
0.513609 0.515277 0 
0.513608 0.518635 0 
0.51359 0.518937 0 
0.513553 0.513971 0 
0.513533 0.515567 0 
0.513531 0.521618 0 
0.513511 0.520525 0 
0.513472 0.539018 0 
0.513463 0.541354 0 
0.513444 0.541059 0 
0.513419 0.518182 0 
0.513406 0.514475 0 
0.513402 0.541278 0 
0.513401 0.538786 0 
0.513396 0.538954 0 
0.513342 0.541827 0 
0.513326 0.522834 0 
0.513301 0.541788 0 
0.513285 0.540036 0 
0.513281 0.541739 0 
0.513249 0.537423 0 
0.513217 0.516596 0 
0.51321 0.542854 0 
0.513192 0.539375 0 
0.513167 0.515176 0 
0.513158 0.515098 0 
0.513069 0.51651 0 
0.513063 0.518109 0 
0.513057 0.54063 0 
0.513028 0.538573 0 
0.513022 0.542036 0 
0.513004 0.517139 0 
0.513002 0.519405 0 
0.512978 0.513085 0 
0.51297 0.543943 0 
0.512932 0.534751 0 
0.512918 0.52228 0 
0.512871 0.516982 0 
0.51287 0.540069 0 
0.512851 0.51676 0 
0.512838 0.53936 0 
0.512825 0.534751 0 
0.51282 0.521169 0 
0.512808 0.539949 0 
0.512793 0.515287 0 
0.512768 0.540719 0 
0.512754 0.541081 0 
0.512717 0.517259 0 
0.512697 0.539792 0 
0.512693 0.537667 0 
0.512634 0.515213 0 
0.512616 0.540328 0 
0.512601 0.542088 0 
0.512588 0.539793 0 
0.512569 0.543384 0 
0.512548 0.543476 0 
0.512534 0.538909 0 
0.512533 0.51377 0 
0.512523 0.540764 0 
0.51247 0.5128 0 
0.51244 0.543539 0 
0.512427 0.534751 0 
0.512425 0.513105 0 
0.512418 0.541065 0 
0.512369 0.514796 0 
0.51233 0.541918 0 
0.512329 0.543526 0 
0.512261 0.518431 0 
0.512254 0.516819 0 
0.512248 0.542805 0 
0.512241 0.536827 0 
0.512197 0.537423 0 
0.512175 0.541396 0 
0.512147 0.544424 0 
0.512143 0.542369 0 
0.512136 0.523637 0 
0.512132 0.542416 0 
0.51213 0.519555 0 
0.512115 0.536827 0 
0.512075 0.538413 0 
0.512036 0.536827 0 
0.5119 0.543048 0 
0.511842 0.536827 0 
0.511811 0.541827 0 
0.511802 0.542531 0 
0.511802 0.538954 0 
0.511793 0.537667 0 
0.511771 0.515586 0 
0.51174 0.538413 0 
0.511693 0.541218 0 
0.511683 0.538954 0 
0.511676 0.517128 0 
0.511629 0.539178 0 
0.511604 0.541827 0 
0.5116 0.540961 0 
0.5116 0.543048 0 
0.511588 0.542744 0 
0.511557 0.540686 0 
0.511552 0.539018 0 
0.5115 0.543708 0 
0.511466 0.516604 0 
0.51146 0.538413 0 
0.511428 0.541827 0 
0.511427 0.538413 0 
0.511397 0.541426 0 
0.511384 0.517886 0 
0.511358 0.538413 0 
0.511341 0.540217 0 
0.511255 0.543048 0 
0.511245 0.542042 0 
0.511217 0.540961 0 
0.511185 0.539178 0 
0.511183 0.540036 0 
0.51118 0.543153 0 
0.511145 0.539178 0 
0.511056 0.520406 0 
0.511034 0.540069 0 
0.510956 0.543261 0 
0.510942 0.542415 0 
0.51092 0.543583 0 
0.510876 0.543606 0 
0.510812 0.540328 0 
0.510736 0.542784 0 
0.510727 0.541278 0 
0.510695 0.542121 0 
0.510653 0.542172 0 
0.510571 0.513594 0 
0.510549 0.542914 0 
0.510493 0.541918 0 
0.510455 0.540659 0 
0.510334 0.543578 0 
0.510291 0.54387 0 
0.510017 0.540998 0 
0.510011 0.542121 0 
0.50997 0.54631 0 
0.509966 0.543048 0 
0.509947 0.543608 0 
0.509807 0.544543 0 
0.509786 0.543558 0 
0.50977 0.543099 0 
0.509602 0.50968 0 
0.509341 0.545647 0 
0.509334 0.544786 0 
0.50897 0.546827 0 
0.508774 0.549916 0 
0.218051 0.233418 1 
0.217841 0.224767 1 
0.217766 0.231727 1 
0.217695 0.227978 1 
0.21763 0.227432 1 
0.217354 0.22458 1 
0.217164 0.225948 1 
0.217102 0.226375 1 
0.216912 0.223607 1 
0.216683 0.222091 1 
0.216543 0.2273 1 
0.216323 0.226409 1 
0.216116 0.225348 1 
0.215908 0.225545 1 
0.215723 0.222961 1 
0.215715 0.22405 1 
0.21566 0.23083 1 
0.215448 0.226456 1 
0.215444 0.217988 1 
0.215309 0.224066 1 
0.215212 0.226523 1 
0.215198 0.223063 1 
0.215114 0.223062 1 
0.215074 0.222314 1 
0.214989 0.224334 1 
0.214951 0.228793 1 
0.214912 0.224603 1 
0.214877 0.226214 1 
0.214772 0.225831 1 
0.214771 0.222104 1 
0.214732 0.224018 1 
0.214576 0.227256 1 
0.214572 0.225272 1 
0.214539 0.226537 1 
0.214465 0.222243 1 
0.214459 0.22825 1 
0.214326 0.217275 1 
0.214311 0.224653 1 
0.214271 0.220751 1 
0.214269 0.220224 1 
0.214134 0.227419 1 
0.214062 0.221984 1 
0.214049 0.224738 1 
0.214027 0.232513 1 
0.213952 0.224364 1 
0.213951 0.225261 1 
0.213932 0.228008 1 
0.213884 0.22651 1 
0.213847 0.225769 1 
0.213556 0.220504 1 
0.213388 0.230644 1 
0.213257 0.221708 1 
0.213178 0.22196 1 
0.213135 0.223079 1 
0.213132 0.223079 1 
0.213073 0.223745 1 
0.213033 0.221266 1 
0.213028 0.22196 1 
0.212976 0.225137 1 
0.212951 0.225612 1 
0.212903 0.221984 1 
0.212882 0.226755 1 
0.212881 0.222855 1 
0.212871 0.221877 1 
0.212857 0.226375 1 
0.212807 0.223532 1 
0.212802 0.225908 1 
0.212705 0.221918 1 
0.2127 0.224608 1 
0.212667 0.221862 1 
0.212662 0.223472 1 
0.212621 0.225261 1 
0.212601 0.224121 1 
0.212588 0.225749 1 
0.21256 0.227581 1 
0.212555 0.221984 1 
0.21248 0.221352 1 
0.212458 0.22295 1 
0.212348 0.221266 1 
0.212279 0.224863 1 
0.212137 0.219102 1 
0.211858 0.225317 1 
0.211845 0.219057 1 
0.211795 0.226707 1 
0.211795 0.224773 1 
0.211732 0.221019 1 
0.211678 0.225677 1 
0.211617 0.225067 1 
0.211599 0.22295 1 
0.21145 0.224764 1 
0.211406 0.225396 1 
0.211216 0.226585 1 
0.211197 0.226523 1 
0.211174 0.211348 1 
0.210927 0.221877 1 
0.210905 0.223958 1 
0.210782 0.222096 1 
0.210751 0.219158 1 
0.210709 0.225396 1 
0.210689 0.227252 1 
0.210687 0.220003 1 
0.210611 0.21064 1 
0.21049 0.213805 1 
0.210405 0.224018 1 
0.210325 0.210814 1 
0.210246 0.213644 1 
0.210174 0.219158 1 
0.210171 0.222597 1 
0.210168 0.225556 1 
0.210126 0.211151 1 
0.210042 0.225354 1 
0.210002 0.221443 1 
0.209934 0.220605 1 
0.209844 0.225942 1 
0.209802 0.222341 1 
0.209735 0.210458 1 
0.209731 0.221443 1 
0.209693 0.224536 1 
0.209574 0.211134 1 
0.209559 0.221029 1 
0.209465 0.212102 1 
0.209455 0.212411 1 
0.209404 0.221019 1 
0.209372 0.210003 1 
0.209293 0.220605 1 
0.209268 0.211679 1 
0.209213 0.209552 1 
0.209189 0.220751 1 
0.209186 0.225912 1 
0.209152 0.219815 1 
0.209055 0.222314 1 
0.208976 0.209559 1 
0.20894 0.223065 1 
0.20893 0.225376 1 
0.208928 0.220751 1 
0.208922 0.222707 1 
0.208837 0.224617 1 
0.208777 0.209497 1 
0.208757 0.218731 1 
0.208757 0.212728 1 
0.208721 0.220224 1 
0.208713 0.223943 1 
0.208693 0.224739 1 
0.208617 0.211882 1 
0.208578 0.221358 1 
0.20856 0.228793 1 
0.20854 0.210453 1 
0.208453 0.225437 1 
0.208429 0.213461 1 
0.208427 0.212451 1 
0.208404 0.208533 1 
0.208399 0.209442 1 
0.208384 0.208818 1 
0.208365 0.223472 1 
0.208338 0.223168 1 
0.208281 0.220605 1 
0.208266 0.208695 1 
0.208259 0.226523 1 
0.208257 0.212991 1 
0.208204 0.227369 1 
0.208182 0.219403 1 
0.208177 0.22537 1 
0.208166 0.212569 1 
0.208166 0.208671 1 
0.208157 0.221443 1 
0.208142 0.225322 1 
0.208115 0.223065 1 
0.208089 0.223287 1 
0.208076 0.211303 1 
0.208066 0.220751 1 
0.208008 0.208994 1 
0.207954 0.221266 1 
0.207911 0.221877 1 
0.207849 0.212372 1 
0.207805 0.211958 1 
0.207791 0.20802 1 
0.207671 0.209517 1 
0.207608 0.209572 1 
0.207602 0.223544 1 
0.207601 0.207752 1 
0.207585 0.209722 1 
0.207582 0.207968 1 
0.207577 0.224364 1 
0.20757 0.215532 1 
0.207526 0.223065 1 
0.207388 0.220605 1 
0.207363 0.207405 1 
0.207337 0.208132 1 
0.207301 0.207627 1 
0.207298 0.224738 1 
0.207211 0.220224 1 
0.207198 0.208381 1 
0.207186 0.207561 1 
0.207181 0.221708 1 
0.20718 0.207691 1 
0.207162 0.207756 1 
0.207149 0.207334 1 
0.207146 0.207849 1 
0.207131 0.225137 1 
0.207056 0.212595 1 
0.207037 0.213107 1 
0.206999 0.221862 1 
0.206991 0.225503 1 
0.206974 0.223079 1 
0.206951 0.225749 1 
0.206884 0.211106 1 
0.206805 0.208617 1 
0.206798 0.221708 1 
0.206774 0.207056 1 
0.206733 0.217988 1 
0.206727 0.234998 1 
0.206724 0.209274 1 
0.206719 0.22537 1 
0.206709 0.209595 1 
0.206698 0.211967 1 
0.206651 0.207522 1 
0.206627 0.220504 1 
0.206574 0.217988 1 
0.206567 0.206757 1 
0.206566 0.225779 1 
0.206534 0.224865 1 
0.206507 0.206948 1 
0.206329 0.209442 1 
0.206291 0.20749 1 
0.206287 0.22621 1 
0.206234 0.208425 1 
0.20622 0.226475 1 
0.206178 0.222904 1 
0.206177 0.207267 1 
0.20616 0.206259 1 
0.206146 0.210516 1 
0.206129 0.209528 1 
0.206053 0.21291 1 
0.206042 0.217275 1 
0.206039 0.206948 1 
0.206025 0.209086 1 
0.206019 0.222855 1 
0.205969 0.219403 1 
0.205952 0.20697 1 
0.205933 0.221918 1 
0.205901 0.212073 1 
0.205898 0.215532 1 
0.205892 0.20717 1 
0.205885 0.219595 1 
0.205863 0.206679 1 
0.205837 0.207943 1 
0.205826 0.209491 1 
0.205804 0.227517 1 
0.205788 0.220245 1 
0.205761 0.224617 1 
0.205758 0.206865 1 
0.205756 0.230009 1 
0.205716 0.206513 1 
0.20571 0.225354 1 
0.205705 0.206631 1 
0.205631 0.209819 1 
0.205624 0.209605 1 
0.205614 0.217275 1 
0.205586 0.227722 1 
0.205571 0.223248 1 
0.205569 0.219057 1 
0.205543 0.209639 1 
0.205511 0.207715 1 
0.205493 0.220245 1 
0.205474 0.212195 1 
0.20547 0.210125 1 
0.205462 0.20641 1 
0.205462 0.227132 1 
0.20544 0.210343 1 
0.205421 0.210453 1 
0.205411 0.223443 1 
0.2054 0.208133 1 
0.205368 0.210669 1 
0.205352 0.221443 1 
0.205327 0.212975 1 
0.205288 0.206438 1 
0.205285 0.211347 1 
0.205262 0.207745 1 
0.205255 0.210735 1 
0.205252 0.206574 1 
0.205224 0.21237 1 
0.205179 0.205711 1 
0.205151 0.223472 1 
0.205125 0.22256 1 
0.20508 0.207819 1 
0.205054 0.219595 1 
0.205043 0.205478 1 
0.205029 0.205691 1 
0.205029 0.209629 1 
0.205012 0.223282 1 
0.204981 0.207972 1 
0.204915 0.225396 1 
0.204911 0.206805 1 
0.204892 0.207229 1 
0.204886 0.221708 1 
0.204797 0.213461 1 
0.204653 0.211702 1 
0.204651 0.20798 1 
0.204639 0.206525 1 
0.204625 0.20783 1 
0.20457 0.205783 1 
0.204498 0.219595 1 
0.204415 0.204626 1 
0.204388 0.208813 1 
0.204331 0.219403 1 
0.204328 0.222355 1 
0.204282 0.207303 1 
0.204249 0.223532 1 
0.204214 0.223532 1 
0.204205 0.204623 1 
0.204189 0.218731 1 
0.204189 0.222904 1 
0.20416 0.215532 1 
0.204135 0.219158 1 
0.204097 0.20433 1 
0.204065 0.222597 1 
0.204038 0.215532 1 
0.203971 0.210208 1 
0.203902 0.20646 1 
0.203819 0.221984 1 
0.20379 0.220003 1 
0.203716 0.221971 1 
0.203708 0.220245 1 
0.203654 0.212559 1 
0.2036 0.220504 1 
0.203482 0.219158 1 
0.203404 0.222785 1 
0.203354 0.220504 1 
0.203243 0.22196 1 
0.203184 0.22196 1 
0.203069 0.203346 1 
0.203064 0.20932 1 
0.20305 0.207369 1 
0.202994 0.226089 1 
0.202773 0.213461 1 
0.20161 0.202594 1 
0.102661 0.106819 2 
0.101863 0.104481 2 
0.101206 0.105784 2 
0.100782 0.102934 2 
0.100465 0.102004 2 
0.100265 0.100675 2 
0.0998127 0.101613 2 
0.0997656 0.10146 2 
0.099615 0.101545 2 
0.0995814 0.104451 2 
0.0994375 0.10223 2 
0.099206 0.0995001 2 
0.0991637 0.100704 2 
0.0990992 0.104466 2 
0.09895 0.100915 2 
0.0986241 0.101736 2 
0.0985521 0.10094 2 
0.0985353 0.103087 2 
0.0982251 0.100572 2 
0.098013 0.100132 2 
0.0979661 0.101545 2 
0.0977036 0.099008 2 
0.0976845 0.0981965 2 
0.0976686 0.101105 2 
0.0975346 0.100393 2 
0.0975081 0.100549 2 
0.0974636 0.0975735 2 
0.0974531 0.100028 2 
0.0974353 0.0985706 2 
0.0973497 0.0983782 2 
0.0973256 0.0985429 2 
0.0972898 0.0989143 2 
0.0972779 0.0990835 2 
0.0972314 0.100125 2 
0.0972015 0.100704 2 
0.0971876 0.0983667 2 
0.0971269 0.097276 2 
0.0971249 0.101555 2 
0.0967563 0.0992808 2 
0.0966094 0.101628 2 
0.0965957 0.0979888 2 
0.096546 0.096573 2 
0.096491 0.100028 2 
0.0963955 0.0990541 2 
0.096383 0.0996915 2 
0.0963702 0.0985462 2 
0.0962218 0.100276 2 
0.0961809 0.0994754 2 
0.0960944 0.0986752 2 
0.0959465 0.0998377 2 
0.0958849 0.0978921 2 
0.0958348 0.100117 2 
0.0957701 0.0984589 2 
0.0957225 0.100703 2 
0.0956888 0.0992485 2 
0.0956801 0.0980755 2 
0.0956762 0.0973144 2 
0.0956751 0.0974416 2 
0.0956402 0.107394 2 
0.0956258 0.0985263 2 
0.0956205 0.0978921 2 
0.0956049 0.0968082 2 
0.0955991 0.0975735 2 
0.0955882 0.0995179 2 
0.0955649 0.0968082 2 
0.0954958 0.100159 2 
0.0954661 0.0997645 2 
0.0953577 0.0973203 2 
0.0952935 0.0994754 2 
0.0952774 0.102039 2 
0.0952687 0.0985706 2 
0.0950737 0.0984589 2 
0.0950616 0.0986852 2 
0.0950494 0.0961491 2 
0.0948442 0.0950745 2 
0.0947608 0.101976 2 
0.0947391 0.100915 2 
0.0945902 0.100915 2 
0.0945301 0.0976389 2 
0.0944801 0.0977169 2 
0.0943943 0.097888 2 
0.0943621 0.0993321 2 
0.0943188 0.0961728 2 
0.0942837 0.0997377 2 
0.0941867 0.0958569 2 
0.0941845 0.0992755 2 
0.0941771 0.0961519 2 
0.0941009 0.103087 2 
0.0940507 0.100283 2 
0.0939666 0.0999172 2 
0.0937848 0.0952978 2 
0.0937814 0.100735 2 
0.093711 0.0941907 2 
0.0937017 0.0998249 2 
0.093648 0.0964453 2 
0.0935094 0.0943431 2 
0.0934949 0.0950962 2 
0.0933313 0.0946247 2 
0.0933064 0.0937703 2 
0.093205 0.0995179 2 
0.0931686 0.100276 2 
0.0931063 0.0937239 2 
0.0930909 0.0956858 2 
0.0930749 0.0948212 2 
0.093029 0.0944005 2 
0.0930173 0.0966135 2 
0.0929859 0.0960076 2 
0.0929684 0.0950094 2 
0.0929563 0.0935325 2 
0.0929381 0.0951814 2 
0.0929067 0.101364 2 
0.0927967 0.0994902 2 
0.0927024 0.0944005 2 
0.0926869 0.100513 2 
0.0926359 0.0937857 2 
0.0926021 0.0991836 2 
0.0925962 0.092687 2 
0.092596 0.0930387 2 
0.092591 0.096573 2 
0.0925467 0.0972028 2 
0.0924866 0.0960076 2 
0.0924636 0.0967518 2 
0.0924276 0.0970376 2 
0.0924268 0.0961728 2 
0.0924072 0.0962285 2 
0.0923835 0.0948224 2 
0.0923551 0.0927874 2 
0.0922069 0.0970513 2 
0.0920516 0.0939897 2 
0.092044 0.0926821 2 
0.0918607 0.0981159 2 
0.0918215 0.0958352 2 
0.0918057 0.0965475 2 
0.0917982 0.0961491 2 
0.0917634 0.0933515 2 
0.091761 0.0966056 2 
0.0917257 0.0996971 2 
0.091712 0.0975018 2 
0.0917035 0.0990541 2 
0.0916936 0.0956371 2 
0.0916851 0.0937435 2 
0.0916546 0.0945457 2 
0.091645 0.0982247 2 
0.0916072 0.0965475 2 
0.0916018 0.0985823 2 
0.0915672 0.0946757 2 
0.0915526 0.0927948 2 
0.0915369 0.0958318 2 
0.0914266 0.0981168 2 
0.0914061 0.097837 2 
0.0913777 0.0960357 2 
0.0913717 0.0960076 2 
0.0913585 0.100056 2 
0.0913169 0.0944395 2 
0.0913118 0.0990937 2 
0.0912604 0.0930538 2 
0.0912212 0.0921645 2 
0.0912173 0.0972028 2 
0.0911912 0.101314 2 
0.0911732 0.101781 2 
0.0911183 0.0973144 2 
0.0910975 0.0946343 2 
0.091097 0.0986852 2 
0.091083 0.0994212 2 
0.0910444 0.091697 2 
0.0910444 0.0952411 2 
0.0910344 0.0962285 2 
0.0910194 0.0952411 2 
0.0910161 0.0916119 2 
0.0909336 0.0940753 2 
0.0909276 0.0921161 2 
0.0909064 0.0973203 2 
0.0908905 0.0919081 2 
0.0908745 0.0955464 2 
0.0907989 0.0914856 2 
0.0907901 0.0986752 2 
0.090768 0.0913944 2 
0.0907525 0.09619 2 
0.090731 0.0945353 2 
0.0907275 0.0915374 2 
0.0907146 0.0909058 2 
0.0907065 0.0956522 2 
0.0906318 0.100173 2 
0.0906253 0.0951699 2 
0.0905988 0.0952411 2 
0.0905393 0.0912441 2 
0.0905071 0.0923884 2 
0.0904947 0.0926401 2 
0.0904849 0.0946757 2 
0.0904838 0.0937979 2 
0.0904028 0.100975 2 
0.0904012 0.0920642 2 
0.0903981 0.0906992 2 
0.090308 0.0962285 2 
0.0902996 0.0985462 2 
0.0902903 0.0958569 2 
0.0902086 0.0913856 2 
0.0901997 0.0909859 2 
0.0901923 0.0940556 2 
0.0901591 0.10413 2 
0.0901126 0.0909911 2 
0.0900944 0.0953989 2 
0.0900687 0.0926597 2 
0.0900497 0.090357 2 
0.0900439 0.0994754 2 
0.0900365 0.0960076 2 
0.0899951 0.0922452 2 
0.0899471 0.0911924 2 
0.0899083 0.0914562 2 
0.0898675 0.0898806 2 
0.0898669 0.0932674 2 
0.0898435 0.0978921 2 
0.0898038 0.0937979 2 
0.0897968 0.0922429 2 
0.0897725 0.0905249 2 
0.0897267 0.0898162 2 
0.0897123 0.0971528 2 
0.089696 0.0897852 2 
0.0896916 0.09619 2 
0.0896762 0.0916275 2 
0.0896129 0.0909195 2 
0.0896114 0.0984589 2 
0.0896037 0.0915031 2 
0.0895547 0.0935908 2 
0.0895403 0.0921835 2 
0.0895331 0.0930538 2 
0.0894747 0.0983668 2 
0.0894624 0.0996349 2 
0.0894258 0.0943484 2 
0.0894186 0.0932674 2 
0.0893895 0.0950969 2 
0.0893516 0.0917221 2 
0.0893447 0.0955223 2 
0.0893239 0.0939947 2 
0.0892968 0.0929507 2 
0.0892695 0.0929751 2 
0.0892628 0.0959224 2 
0.0892267 0.0913805 2 
0.0891691 0.0959224 2 
0.0891195 0.0905509 2 
0.0890877 0.0961491 2 
0.0890296 0.0979888 2 
0.0889923 0.0939963 2 
0.0889212 0.0896895 2 
0.0889019 0.0979888 2 
0.0888866 0.0894184 2 
0.0888794 0.0970376 2 
0.088849 0.0898431 2 
0.088832 0.0959899 2 
0.0888258 0.0893276 2 
0.088793 0.0914287 2 
0.0887605 0.0907409 2 
0.0887463 0.0988011 2 
0.0887449 0.0897607 2 
0.0887223 0.0939897 2 
0.0886373 0.0916445 2 
0.0886047 0.0896895 2 
0.0885491 0.0971866 2 
0.0885437 0.0961491 2 
0.0885188 0.0887163 2 
0.0883967 0.0918539 2 
0.0883827 0.0964453 2 
0.0883725 0.0890718 2 
0.088363 0.0979777 2 
0.0882969 0.0892575 2 
0.0882707 0.089901 2 
0.0882526 0.09619 2 
0.0882497 0.094599 2 
0.0882396 0.0927776 2 
0.0882259 0.0970376 2 
0.0881739 0.0934902 2 
0.0881604 0.0919272 2 
0.0881519 0.0965475 2 
0.0881269 0.0960357 2 
0.0880797 0.0942059 2 
0.0880738 0.0890139 2 
0.088073 0.0939897 2 
0.0880482 0.0955414 2 
0.0880222 0.0956522 2 
0.0879791 0.0886967 2 
0.0879697 0.0890721 2 
0.0879623 0.0968082 2 
0.0878447 0.0906436 2 
0.0877109 0.0944005 2 
0.0877105 0.0885955 2 
0.0876045 0.0976389 2 
0.0875652 0.0956858 2 
0.0875488 0.0945353 2 
0.0874292 0.088922 2 
0.0872614 0.0944574 2 
0.0871619 0.0885882 2 
0.0871458 0.0925636 2 
0.0871182 0.0977509 2 
0.0870188 0.0944005 2 
0.0870035 0.0877325 2 
0.0866643 0.0909859 2 
0.0866454 0.0921026 2 
0.086635 0.096731 2 
0.0864603 0.0903487 2 
0.0860063 0.0908003 2 
0.0852754 0.0870175 2 
0.0494436 0.0497837 3 
0.0484791 0.0493458 3 
0.048126 0.0482956 3 
0.0478858 0.0488877 3 
0.0468561 0.0514908 3 
0.0467275 0.0473702 3 
0.0466765 0.0477024 3 
0.0466684 0.0469086 3 
0.0466301 0.0470477 3 
0.0466011 0.0468239 3 
0.0465425 0.0468075 3 
0.0462475 0.0468075 3 
0.0460364 0.0467703 3 
0.0458716 0.0464611 3 
0.045777 0.0459148 3 
0.0457441 0.0472943 3 
0.0457237 0.0464282 3 
0.0456338 0.0483439 3 
0.0456118 0.0477289 3 
0.0455513 0.0464906 3 
0.0455004 0.0460018 3 
0.0453207 0.0456782 3 
0.0452861 0.047844 3 
0.0452567 0.0461081 3 
0.045091 0.0457517 3 
0.0450364 0.0463512 3 
0.045008 0.046349 3 
0.04498 0.0460517 3 
0.0449634 0.0452636 3 
0.0449437 0.0451381 3 
0.0449197 0.0453064 3 
0.0448916 0.0488877 3 
0.0448549 0.0453397 3 
0.0447748 0.0468075 3 
0.0447387 0.0473565 3 
0.0446674 0.0452555 3 
0.0446469 0.0451222 3 
0.044587 0.0455052 3 
0.0445549 0.0449858 3 
0.0445536 0.0460545 3 
0.0445468 0.0455773 3 
0.0444329 0.046454 3 
0.0443997 0.0467519 3 
0.0443974 0.045693 3 
0.0443839 0.0473565 3 
0.0443836 0.0455021 3 
0.0443825 0.0454601 3 
0.0443622 0.0448758 3 
0.0442724 0.0476322 3 
0.0442325 0.0455741 3 
0.0439361 0.0441128 3 
0.043935 0.0441014 3 
0.0438966 0.0444635 3 
0.0438964 0.044046 3 
0.0438852 0.0461842 3 
0.0438476 0.0460201 3 
0.0438467 0.0452325 3 
0.0437687 0.0448417 3 
0.043738 0.0458396 3 
0.0437135 0.0437453 3 
0.0436328 0.0439372 3 
0.0436241 0.0439769 3 
0.0435712 0.0448157 3 
0.0435585 0.0456039 3 
0.0435372 0.0446622 3 
0.0435081 0.0437673 3 
0.0434572 0.0438832 3 
0.04342 0.0443649 3 
0.0434055 0.0491677 3 
0.0433921 0.0480561 3 
0.0433715 0.0442407 3 
0.0433492 0.0438669 3 
0.0433219 0.0437313 3 
0.0433105 0.0440256 3 
0.0432796 0.0436569 3 
0.0432245 0.0448111 3 
0.0432151 0.0440256 3 
0.0432085 0.0461417 3 
0.0431912 0.0445338 3 
0.0431903 0.0436841 3 
0.0431591 0.0456424 3 
0.0431264 0.0435646 3 
0.0430919 0.0443539 3 
0.0430822 0.0431663 3 
0.0430681 0.0439769 3 
0.0430667 0.0456848 3 
0.0430162 0.0432972 3 
0.0429445 0.0442009 3 
0.0429268 0.0448569 3 
0.0429263 0.0437315 3 
0.0429225 0.0469552 3 
0.0428788 0.0455309 3 
0.0428704 0.0436876 3 
0.0428575 0.0463742 3 
0.0428452 0.0443517 3 
0.0428229 0.0445862 3 
0.0427979 0.0451615 3 
0.0427962 0.044128 3 
0.0427915 0.0442094 3 
0.0426353 0.0435324 3 
0.0426017 0.0426934 3 
0.0425437 0.0426105 3 
0.0425173 0.0456848 3 
0.0424966 0.0493457 3 
0.042493 0.0450911 3 
0.0424831 0.0452026 3 
0.0424418 0.0452087 3 
0.0424293 0.0435874 3 
0.0424281 0.0451381 3 
0.0424057 0.0425886 3 
0.0423719 0.04427 3 
0.0423682 0.0424081 3 
0.0423649 0.0450032 3 
0.0423611 0.0473432 3 
0.0423597 0.0438161 3 
0.0423493 0.0429959 3 
0.0423353 0.0433397 3 
0.0423264 0.0425929 3 
0.0422872 0.0424424 3 
0.0422823 0.044153 3 
0.0422574 0.0437315 3 
0.0422445 0.0429174 3 
0.0422296 0.0453397 3 
0.0422002 0.0439333 3 
0.0422002 0.0424021 3 
0.0421786 0.0453509 3 
0.0421579 0.0439769 3 
0.0421393 0.0431971 3 
0.0421209 0.0461889 3 
0.0421209 0.045548 3 
0.0421143 0.0437987 3 
0.0420913 0.0442407 3 
0.0420908 0.0441509 3 
0.042074 0.0430808 3 
0.042068 0.0423723 3 
0.0420666 0.0438193 3 
0.0420599 0.0433875 3 
0.0420193 0.0423418 3 
0.0419264 0.0429174 3 
0.0419247 0.0440855 3 
0.0419005 0.0428262 3 
0.0418985 0.0442009 3 
0.0418836 0.0436199 3 
0.0418797 0.0429055 3 
0.0418761 0.0419754 3 
0.0418473 0.0459148 3 
0.0418382 0.0443633 3 
0.0418333 0.0424081 3 
0.0418276 0.0451256 3 
0.0418156 0.04427 3 
0.0417487 0.0438832 3 
0.0417472 0.0425414 3 
0.0417085 0.0441673 3 
0.0417071 0.0457118 3 
0.0416644 0.0451527 3 
0.0416468 0.0445659 3 
0.0416083 0.0426908 3 
0.0415841 0.0422476 3 
0.0415429 0.0440596 3 
0.0415324 0.0435324 3 
0.0415267 0.043427 3 
0.0415077 0.0446099 3 
0.0414992 0.0452325 3 
0.0414741 0.0460188 3 
0.0414674 0.0442094 3 
0.0414352 0.0425062 3 
0.0414176 0.0437987 3 
0.041403 0.0416275 3 
0.0413946 0.0443367 3 
0.0413768 0.04274 3 
0.0413741 0.0424199 3 
0.0413141 0.0447337 3 
0.0412837 0.0440241 3 
0.0412369 0.0439769 3 
0.0412306 0.044091 3 
0.0412278 0.0423059 3 
0.0412106 0.0460268 3 
0.0412057 0.0420276 3 
0.0411897 0.0418777 3 
0.0411757 0.043591 3 
0.0411481 0.0434849 3 
0.0411455 0.042113 3 
0.04111 0.0441004 3 
0.0410859 0.0443941 3 
0.0410352 0.0422376 3 
0.0409551 0.0412022 3 
0.0409494 0.0441004 3 
0.0409037 0.0446099 3 
0.040893 0.0442009 3 
0.0408395 0.0419688 3 
0.0407997 0.0449169 3 
0.0407686 0.0440256 3 
0.0407431 0.0408262 3 
0.0406807 0.042511 3 
0.0406654 0.0409499 3 
0.0406649 0.04595 3 
0.0406531 0.0430257 3 
0.0406471 0.0453806 3 
0.0406305 0.0456168 3 
0.0405709 0.0425175 3 
0.040555 0.0416373 3 
0.0405266 0.0451527 3 
0.0404851 0.0450032 3 
0.040433 0.0445517 3 
0.0404179 0.042405 3 
0.0404054 0.0432603 3 
0.0403999 0.0442208 3 
0.0403951 0.0446523 3 
0.0403788 0.0412969 3 
0.040344 0.0440855 3 
0.0403217 0.0407367 3 
0.0403074 0.0421546 3 
0.0403039 0.042405 3 
0.0402984 0.04427 3 
0.0402171 0.0433938 3 
0.0401644 0.042679 3 
0.0401634 0.0426934 3 
0.0401487 0.0436705 3 
0.0401403 0.0435324 3 
0.0400834 0.0407885 3 
0.0400642 0.0442662 3 
0.0400298 0.0408547 3 
0.0400284 0.042679 3 
0.0400196 0.0441509 3 
0.0400179 0.0433103 3 
0.0399873 0.0437152 3 
0.0399819 0.0408842 3 
0.0398557 0.0442208 3 
0.0398377 0.0411467 3 
0.0397273 0.0444094 3 
0.0396085 0.0420276 3 
0.0395697 0.0451341 3 
0.0395232 0.0453509 3 
0.03938 0.0410295 3 
0.0393763 0.0435637 3 
0.0393743 0.044153 3 
0.0393113 0.0417019 3 
0.0392879 0.0425175 3 
0.0389714 0.0399579 3 
0.0388114 0.0399494 3 
0.0236903 0.0255672 4 
0.0229665 0.0231383 4 
0.0229124 0.0234824 4 
0.0227786 0.0230159 4 
0.0226777 0.0234905 4 
0.0225346 0.0234576 4 
0.0224206 0.0229927 4 
0.0224143 0.0224707 4 
0.0223168 0.0223288 4 
0.022269 0.0225886 4 
0.0222559 0.0228005 4 
0.0222304 0.0222997 4 
0.0221699 0.0240139 4 
0.0221266 0.0232188 4 
0.0220619 0.0224134 4 
0.0220569 0.0227005 4 
0.0220151 0.023389 4 
0.0219391 0.023104 4 
0.0219176 0.023104 4 
0.0219022 0.0221108 4 
0.0218964 0.0225159 4 
0.0217826 0.0219941 4 
0.0217213 0.0222843 4 
0.0216274 0.0216895 4 
0.0216163 0.0216935 4 
0.0216002 0.0246455 4 
0.021539 0.0220322 4 
0.0215208 0.0219196 4 
0.0214746 0.0222719 4 
0.0214632 0.022084 4 
0.0214482 0.02214 4 
0.0214333 0.0214689 4 
0.0214214 0.0220615 4 
0.021395 0.0215862 4 
0.021391 0.0218749 4 
0.0213664 0.0227768 4 
0.0213502 0.0222314 4 
0.0213313 0.0227005 4 
0.0213219 0.0220785 4 
0.0213132 0.0235304 4 
0.0212298 0.0217672 4 
0.021203 0.0224442 4 
0.0211895 0.0221038 4 
0.0211663 0.0216729 4 
0.0211441 0.0226546 4 
0.0211019 0.0216616 4 
0.0210609 0.0225916 4 
0.0210608 0.0217741 4 
0.0210431 0.0211678 4 
0.0210187 0.021972 4 
0.0209928 0.022438 4 
0.0209377 0.021009 4 
0.0209346 0.022177 4 
0.0209053 0.0241236 4 
0.0208751 0.0213494 4 
0.0208209 0.0208758 4 
0.020812 0.0212713 4 
0.0208006 0.0213803 4 
0.0207902 0.0210834 4 
0.0207881 0.0222841 4 
0.020772 0.0208078 4 
0.0207537 0.0214807 4 
0.0207369 0.0212989 4 
0.0207347 0.0213352 4 
0.0207291 0.0207475 4 
0.0207005 0.0215713 4 
0.0206739 0.0207108 4 
0.0206725 0.0214627 4 
0.0206526 0.0209495 4 
0.0206485 0.021073 4 
0.0206285 0.0211845 4 
0.0206152 0.0228365 4 
0.0205992 0.020661 4 
0.0205633 0.0213321 4 
0.0205632 0.0219851 4 
0.0205595 0.0212959 4 
0.0205593 0.020942 4 
0.0205544 0.0226415 4 
0.0205527 0.0207218 4 
0.0205474 0.0220389 4 
0.0204978 0.0208115 4 
0.0204852 0.0212996 4 
0.0204746 0.020564 4 
0.0204644 0.0217862 4 
0.0204472 0.0218331 4 
0.0204464 0.0208504 4 
0.020438 0.0217865 4 
0.0204298 0.0216853 4 
0.0204279 0.0207478 4 
0.020417 0.021483 4 
0.0204119 0.0215992 4 
0.0204043 0.0207475 4 
0.0203963 0.0217741 4 
0.0203926 0.0204039 4 
0.0203537 0.0216119 4 
0.0203202 0.0203845 4 
0.0203184 0.0203845 4 
0.0203 0.0207888 4 
0.0202883 0.0204657 4 
0.0202567 0.0213614 4 
0.0202444 0.0219436 4 
0.0202301 0.0207464 4 
0.0202154 0.0217217 4 
0.0202114 0.0208115 4 
0.0201741 0.021179 4 
0.0201614 0.0218644 4 
0.0201487 0.0208115 4 
0.0201171 0.0210047 4 
0.0201088 0.0207478 4 
0.0201058 0.0210641 4 
0.0201016 0.0207475 4 
0.0200983 0.0209733 4 
0.0200894 0.020811 4 
0.0200755 0.0217456 4 
0.0200725 0.021751 4 
0.0200674 0.0203915 4 
0.0200653 0.0216849 4 
0.0200262 0.0209819 4 
0.0200158 0.0223511 4 
0.0200079 0.0208184 4 
0.0200026 0.0218653 4 
0.0199955 0.0207105 4 
0.0199565 0.0201005 4 
0.0199223 0.0208559 4 
0.0199163 0.0211369 4 
0.0198761 0.0204039 4 
0.0198458 0.0209051 4 
0.0198429 0.0216982 4 
0.0198382 0.0199061 4 
0.0198015 0.0211849 4 
0.0197962 0.0216968 4 
0.0197951 0.0223511 4 
0.0197832 0.0202996 4 
0.0197813 0.0204381 4 
0.0197779 0.0208561 4 
0.0197632 0.0219199 4 
0.019763 0.0217049 4 
0.0197575 0.0207244 4 
0.0197539 0.0211369 4 
0.0197529 0.0206342 4 
0.0197459 0.021009 4 
0.0197317 0.0208716 4 
0.0197097 0.0201593 4 
0.0196511 0.0203229 4 
0.0196506 0.0205281 4 
0.019642 0.0205535 4 
0.019631 0.0197165 4 
0.0196251 0.0211385 4 
0.01962 0.0209733 4 
0.019613 0.0209733 4 
0.019579 0.0216625 4 
0.0195675 0.0209819 4 
0.0195245 0.0206034 4 
0.019505 0.0209113 4 
0.0194795 0.0220476 4 
0.019474 0.0213924 4 
0.0194336 0.0195108 4 
0.0194099 0.0209998 4 
0.0194092 0.0200818 4 
0.0194088 0.0213047 4 
0.0194067 0.0224285 4 
0.0194053 0.0211892 4 
0.0193851 0.0204917 4 
0.0193734 0.0201655 4 
0.0193595 0.0195481 4 
0.0193245 0.0215494 4 
0.0192872 0.020661 4 
0.0192712 0.0211385 4 
0.0192699 0.0222977 4 
0.0192406 0.0196334 4 
0.0192276 0.0214658 4 
0.0191973 0.0223622 4 
0.0191696 0.0192151 4 
0.0191292 0.0205545 4 
0.0190986 0.0203229 4 
0.0190941 0.02003 4 
0.0190704 0.0217497 4 
0.0190638 0.0208758 4 
0.0190612 0.021635 4 
0.0190423 0.0215692 4 
0.0190252 0.0204039 4 
0.0190147 0.019848 4 
0.0189937 0.0206581 4 
0.0189853 0.0209813 4 
0.0189339 0.0211595 4 
0.0189322 0.0209819 4 
0.018917 0.0208268 4 
0.0189033 0.0193641 4 
0.0188681 0.0208268 4 
0.0188595 0.0192511 4 
0.0188518 0.0218644 4 
0.0188393 0.0199176 4 
0.018716 0.0198795 4 
0.0185973 0.0200307 4 
0.0185843 0.0213421 4 
0.0184291 0.0197165 4 
0.0122141 0.013031 5 
0.0116712 0.011813 5 
0.0115605 0.0119683 5 
0.0114838 0.01173 5 
0.0114686 0.0118192 5 
0.0112808 0.0114754 5 
0.0112331 0.0117786 5 
0.0112182 0.0121595 5 
0.0111845 0.0113348 5 
0.011167 0.0127791 5 
0.0110985 0.0114943 5 
0.011092 0.0111338 5 
0.0110678 0.0114244 5 
0.0110038 0.0114943 5 
0.0108907 0.0109706 5 
0.010867 0.0110862 5 
0.0108618 0.0112345 5 
0.0108471 0.0112399 5 
0.0107769 0.0108443 5 
0.0107763 0.0108371 5 
0.010766 0.0113233 5 
0.0107587 0.0115264 5 
0.0107528 0.0108494 5 
0.0107459 0.0110673 5 
0.0107388 0.0110855 5 
0.0106838 0.0109543 5 
0.0106823 0.0110512 5 
0.0106691 0.0110251 5 
0.0106652 0.0114096 5 
0.0106614 0.0107214 5 
0.0106424 0.0112116 5 
0.0106406 0.0118088 5 
0.0106243 0.0116266 5 
0.0106012 0.0106385 5 
0.0105865 0.0115592 5 
0.0105836 0.0112368 5 
0.0105417 0.0111017 5 
0.0105264 0.0121075 5 
0.0104853 0.0110198 5 
0.0104467 0.010731 5 
0.0104405 0.0105761 5 
0.010425 0.0109513 5 
0.0103924 0.0107291 5 
0.0103808 0.0106145 5 
0.0103739 0.0113171 5 
0.0103664 0.0104344 5 
0.0103596 0.0107145 5 
0.0103406 0.0109578 5 
0.0103403 0.0105812 5 
0.0103325 0.010486 5 
0.0103298 0.0103728 5 
0.0103272 0.0112348 5 
0.0103228 0.0106079 5 
0.0103005 0.0104123 5 
0.0102927 0.0108347 5 
0.0102874 0.0109548 5 
0.010278 0.0113546 5 
0.0102537 0.0107782 5 
0.0102496 0.0104929 5 
0.0102383 0.0107937 5 
0.0102339 0.0108776 5 
0.0101741 0.0104593 5 
0.010171 0.0103774 5 
0.0101476 0.010744 5 
0.0101437 0.010169 5 
0.0101356 0.0106371 5 
0.0101291 0.0107644 5 
0.0101266 0.01065 5 
0.010115 0.0101947 5 
0.010097 0.0101267 5 
0.0100906 0.0103097 5 
0.0100734 0.0103651 5 
0.0100657 0.0107777 5 
0.0100644 0.0101208 5 
0.010051 0.0101947 5 
0.0100424 0.0108688 5 
0.0100419 0.0103086 5 
0.0100418 0.0107599 5 
0.0100366 0.0101335 5 
0.0100334 0.0106883 5 
0.0100293 0.0105427 5 
0.0100207 0.0103651 5 
0.0100074 0.011146 5 
0.0100032 0.0101947 5 
0.0100005 0.0106231 5 
0.00998898 0.0105983 5 
0.00997819 0.0107786 5 
0.00997564 0.0110862 5 
0.00995365 0.010603 5 
0.00995296 0.0101918 5 
0.00995249 0.0105969 5 
0.00995102 0.0103679 5 
0.00994153 0.0101921 5 
0.00994098 0.0106347 5 
0.00991041 0.010133 5 
0.00990448 0.0106883 5 
0.009897 0.0102107 5 
0.00988961 0.00998768 5 
0.00988953 0.0100487 5 
0.00988393 0.0098845 5 
0.00984877 0.0101975 5 
0.00984757 0.0101362 5 
0.00984741 0.0108899 5 
0.00984221 0.0101885 5 
0.00983459 0.0106457 5 
0.00981168 0.00985523 5 
0.00980617 0.0103655 5 
0.00980175 0.0103202 5 
0.00980092 0.00980438 5 
0.00978167 0.0105826 5 
0.0097812 0.0101362 5 
0.00977466 0.00980438 5 
0.00977336 0.0112698 5 
0.00976844 0.0106072 5 
0.00974925 0.00978598 5 
0.00974281 0.00997214 5 
0.0097355 0.0105164 5 
0.0097336 0.0106072 5 
0.00973327 0.0103011 5 
0.00971146 0.0105566 5 
0.00970702 0.0110449 5 
0.00970334 0.0103985 5 
0.00969759 0.010457 5 
0.00968763 0.0104946 5 
0.00968388 0.00977464 5 
0.00968284 0.00968769 5 
0.00967343 0.0103147 5 
0.0096525 0.0103925 5 
0.00964078 0.0102059 5 
0.00963779 0.0103919 5 
0.0096368 0.00988057 5 
0.00962828 0.011075 5 
0.00962346 0.0103583 5 
0.00961237 0.0096587 5 
0.00960121 0.0106145 5 
0.0095951 0.00985523 5 
0.00958539 0.00959639 5 
0.00956351 0.0103421 5 
0.00953207 0.0102372 5 
0.00953013 0.0112107 5 
0.0095279 0.0103138 5 
0.00952554 0.0105557 5 
0.00949777 0.00990725 5 
0.00949286 0.0102771 5 
0.00948554 0.00962936 5 
0.00948124 0.0108523 5 
0.00945351 0.0103113 5 
0.00943439 0.0100352 5 
0.00943285 0.0100894 5 
0.00942046 0.0104922 5 
0.00942022 0.0107599 5 
0.00941859 0.0106757 5 
0.00941384 0.0108218 5 
0.00939008 0.0103557 5 
0.00936344 0.00943701 5 
0.00936017 0.0099704 5 
0.00935689 0.00936461 5 
0.00933798 0.00935145 5 
0.00933436 0.00974079 5 
0.00933052 0.00978598 5 
0.00932873 0.00996437 5 
0.00931494 0.0100487 5 
0.00929148 0.00995224 5 
0.00926077 0.0101402 5 
0.00923733 0.00994 5 
0.00917652 0.0107384 5 
0.00916969 0.0103233 5 
0.00916354 0.00968769 5 
0.00912005 0.0103774 5 
0.0090626 0.00955945 5 
0.00904615 0.0105478 5 
0.00904085 0.00973384 5 
0.00638255 0.00677433 6 
0.00609696 0.00611721 6 
0.00600435 0.00612389 6 
0.00599685 0.00607292 6 
0.00587667 0.00597215 6 
0.00587667 0.0067938 6 
0.00584946 0.00602228 6 
0.00583283 0.0060433 6 
0.00578401 0.00608801 6 
0.00573802 0.00578761 6 
0.005713 0.00581392 6 
0.0057095 0.00573643 6 
0.0056317 0.00563885 6 
0.00562677 0.00580603 6 
0.00562397 0.00569526 6 
0.00558406 0.00562493 6 
0.00554973 0.00562942 6 
0.00552796 0.00575724 6 
0.00551358 0.00571809 6 
0.00551295 0.00584253 6 
0.00550958 0.00566129 6 
0.00550234 0.00576574 6 
0.00549074 0.00564075 6 
0.00548891 0.00549213 6 
0.00545813 0.0056054 6 
0.00544566 0.00593829 6 
0.00542611 0.00564811 6 
0.00540522 0.00571429 6 
0.00539776 0.00566665 6 
0.00539726 0.00578643 6 
0.00539448 0.00602612 6 
0.00538668 0.00551566 6 
0.00538631 0.00573796 6 
0.00537849 0.00620149 6 
0.00537097 0.00577861 6 
0.00536703 0.00543789 6 
0.00534692 0.00553359 6 
0.00534416 0.00557786 6 
0.00532894 0.00545676 6 
0.00529805 0.0056799 6 
0.00529239 0.00581392 6 
0.00529211 0.00565744 6 
0.00526315 0.00544473 6 
0.00526023 0.00544639 6 
0.00525041 0.00547578 6 
0.00525022 0.00567239 6 
0.00524567 0.00536592 6 
0.00523392 0.00567255 6 
0.0052251 0.00525477 6 
0.00521993 0.00528786 6 
0.00521964 0.00528903 6 
0.00521739 0.00542861 6 
0.00521679 0.00540598 6 
0.00520891 0.00529647 6 
0.00517777 0.00535949 6 
0.005175 0.00539915 6 
0.0051724 0.0054776 6 
0.00515609 0.00562493 6 
0.00514668 0.00546873 6 
0.00514144 0.00525477 6 
0.00513977 0.00536745 6 
0.00513099 0.00569526 6 
0.00512045 0.00518546 6 
0.00511819 0.00517195 6 
0.00511816 0.00555729 6 
0.00511722 0.00542307 6 
0.00509674 0.00518853 6 
0.00508657 0.00551121 6 
0.00507587 0.00569783 6 
0.0050738 0.00520005 6 
0.0050657 0.00536745 6 
0.0050652 0.00514165 6 
0.00505371 0.00509733 6 
0.00504981 0.00546241 6 
0.00504954 0.00518486 6 
0.00504896 0.00528617 6 
0.00503413 0.00508979 6 
0.0050295 0.005042 6 
0.00502639 0.00528639 6 
0.00502086 0.00510738 6 
0.00502014 0.00518546 6 
0.00501064 0.00533612 6 
0.00500745 0.00537884 6 
0.00500653 0.0052813 6 
0.00500216 0.00528786 6 
0.00500025 0.0056763 6 
0.00499777 0.00527248 6 
0.00499671 0.00523501 6 
0.00499634 0.00514479 6 
0.00499348 0.00528859 6 
0.00499271 0.005293 6 
0.00498371 0.00512072 6 
0.00498194 0.00525424 6 
0.00497946 0.00501768 6 
0.00497203 0.00498759 6 
0.00497107 0.00500764 6 
0.00496523 0.00520005 6 
0.00496429 0.00556972 6 
0.00496355 0.00501768 6 
0.00496239 0.00552718 6 
0.00496239 0.005087 6 
0.00494988 0.0049913 6 
0.00494643 0.00529012 6 
0.00494291 0.00503294 6 
0.0049413 0.00495852 6 
0.00493628 0.00520512 6 
0.00492321 0.00509038 6 
0.00490973 0.00547246 6 
0.00490633 0.00500068 6 
0.00490586 0.00513942 6 
0.00490483 0.00510048 6 
0.00490377 0.00513942 6 
0.00490358 0.00528266 6 
0.0048943 0.00523257 6 
0.00489386 0.0049803 6 
0.00489331 0.00531594 6 
0.00488876 0.00498096 6 
0.00488411 0.00527768 6 
0.00487248 0.0050038 6 
0.00487182 0.00564005 6 
0.00486157 0.00526615 6 
0.00483572 0.00527453 6 
0.00482888 0.00510738 6 
0.00482242 0.00537093 6 
0.00481644 0.00528617 6 
0.00480929 0.0048285 6 
0.00480697 0.00551355 6 
0.00480544 0.00499175 6 
0.00480207 0.00503247 6 
0.00479675 0.00491265 6 
0.00478929 0.00543789 6 
0.00478139 0.00534065 6 
0.00477795 0.00542882 6 
0.00477591 0.00481793 6 
0.0047687 0.00510138 6 
0.0047582 0.00514479 6 
0.00473023 0.00511162 6 
0.00471375 0.00506213 6 
0.00471123 0.00543777 6 
0.00468798 0.00506706 6 
0.00468703 0.00520485 6 
0.00468644 0.00506663 6 
0.00467862 0.00476785 6 
0.00467733 0.00494677 6 
0.0046763 0.00498474 6 
0.00466422 0.00471096 6 
0.00465345 0.0048319 6 
0.00465321 0.00512072 6 
0.00464686 0.00520563 6 
0.00463845 0.0051382 6 
0.00461778 0.00500771 6 
0.00460989 0.0050038 6 
0.00458528 0.00479934 6 
0.00457357 0.00484516 6 
0.00456911 0.00541251 6 
0.00454799 0.00522274 6 
0.00452083 0.00524874 6 
0.00450477 0.00469102 6 
0.00336895 0.00357424 7 
0.00317767 0.00323367 7 
0.00316339 0.00316729 7 
0.00314166 0.00319427 7 
0.00312979 0.00367931 7 
0.00311459 0.00314419 7 
0.00310124 0.0031088 7 
0.00306713 0.00319427 7 
0.00302757 0.00308934 7 
0.00298166 0.00298723 7 
0.00296531 0.00298715 7 
0.00294571 0.00294807 7 
0.00292939 0.00298667 7 
0.002919 0.00295652 7 
0.00288834 0.00289171 7 
0.00288069 0.00293889 7 
0.00287864 0.00292956 7 
0.00287415 0.00297025 7 
0.00286915 0.00301103 7 
0.002862 0.00297078 7 
0.00285985 0.00300121 7 
0.00284766 0.00293359 7 
0.0028354 0.00304013 7 
0.00282845 0.00290722 7 
0.00281586 0.00287836 7 
0.00280508 0.00301669 7 
0.00278828 0.0029294 7 
0.00278497 0.00280352 7 
0.00278121 0.00294387 7 
0.00277765 0.00283787 7 
0.00277589 0.00322701 7 
0.00277101 0.00298537 7 
0.00276626 0.00296202 7 
0.00276529 0.0031109 7 
0.00276171 0.0029127 7 
0.00275878 0.00287689 7 
0.00275754 0.00302304 7 
0.00274878 0.00298723 7 
0.00274757 0.00280074 7 
0.00274369 0.00282043 7 
0.00273924 0.00287794 7 
0.00273146 0.00277889 7 
0.00272648 0.00287157 7 
0.00271658 0.00292504 7 
0.00271467 0.00298409 7 
0.00271125 0.0027661 7 
0.00270772 0.00272814 7 
0.00269477 0.00283517 7 
0.00269039 0.00282097 7 
0.00268931 0.0027429 7 
0.00268484 0.00282608 7 
0.00268343 0.0027429 7 
0.0026741 0.00282341 7 
0.00267297 0.00269572 7 
0.00267186 0.00281289 7 
0.00265874 0.00268221 7 
0.00264442 0.0028831 7 
0.00263864 0.00278611 7 
0.00263721 0.00288649 7 
0.00263344 0.00279153 7 
0.00262875 0.00268431 7 
0.00262858 0.00299326 7 
0.00262794 0.00273964 7 
0.00261987 0.00279044 7 
0.00261943 0.00291815 7 
0.00261876 0.00266792 7 
0.00261423 0.00270694 7 
0.00261354 0.00266852 7 
0.00260901 0.00262095 7 
0.00259699 0.00262345 7 
0.00259672 0.00264464 7 
0.00259411 0.00270036 7 
0.00259376 0.00263989 7 
0.002593 0.00295501 7 
0.00259118 0.00285202 7 
0.00258796 0.00268431 7 
0.00258581 0.00266124 7 
0.00258499 0.00281289 7 
0.00258485 0.00269325 7 
0.00258284 0.00280189 7 
0.00256678 0.00261517 7 
0.00256569 0.00270685 7 
0.0025651 0.00262709 7 
0.00256402 0.00274245 7 
0.00256087 0.00271572 7 
0.00255947 0.00256805 7 
0.0025485 0.00265567 7 
0.00254831 0.00266645 7 
0.00254649 0.00261918 7 
0.00254147 0.00257598 7 
0.00254126 0.00289621 7 
0.0025406 0.00269325 7 
0.00252803 0.00271343 7 
0.00252141 0.00272405 7 
0.00251349 0.00263966 7 
0.00250729 0.00256805 7 
0.00250333 0.00252157 7 
0.00250273 0.00252133 7 
0.00250204 0.00254359 7 
0.00250069 0.0026814 7 
0.00249996 0.0025201 7 
0.00249805 0.00278445 7 
0.00249545 0.00275102 7 
0.00249375 0.00265104 7 
0.00249224 0.00271533 7 
0.00249 0.00280109 7 
0.00248537 0.0025518 7 
0.00248189 0.00288227 7 
0.00247994 0.00251517 7 
0.00247242 0.00270407 7 
0.00246837 0.00279656 7 
0.00246665 0.00270036 7 
0.00246372 0.00266645 7 
0.0024613 0.00272466 7 
0.00245215 0.00248961 7 
0.00244331 0.00269245 7 
0.00244283 0.00246619 7 
0.00243264 0.00263324 7 
0.0024276 0.00253713 7 
0.00241902 0.0025629 7 
0.00241412 0.00259327 7 
0.00240226 0.00263693 7 
0.00239895 0.0027425 7 
0.00239863 0.00262879 7 
0.00239159 0.0024756 7 
0.00238906 0.0025568 7 
0.00238689 0.00251517 7 
0.00238424 0.00257598 7 
0.00237176 0.00237663 7 
0.00237165 0.00240859 7 
0.00237094 0.00263204 7 
0.00236645 0.00261322 7 
0.00236419 0.00254652 7 
0.00236177 0.00262345 7 
0.00235861 0.00250351 7 
0.00233285 0.00242268 7 
0.00232207 0.00264328 7 
0.00231502 0.00275151 7 
0.00230897 0.00253675 7 
0.00230847 0.0026552 7 
0.00229794 0.00265528 7 
0.00179266 0.00188503 8 
0.00170315 0.00172595 8 
0.00168123 0.00202039 8 
0.00164728 0.00167594 8 
0.00162818 0.00169377 8 
0.00157763 0.00160185 8 
0.0015329 0.00157218 8 
0.00153248 0.00153428 8 
0.00153209 0.00154665 8 
0.00151823 0.00153578 8 
0.00150753 0.00159979 8 
0.00150642 0.00152213 8 
0.00150325 0.00155779 8 
0.00150208 0.00151861 8 
0.00149714 0.00153673 8 
0.00149576 0.00154058 8 
0.00149511 0.00158202 8 
0.00148012 0.00152374 8 
0.00147542 0.00159125 8 
0.0014724 0.00150412 8 
0.00146441 0.0015664 8 
0.0014585 0.00151058 8 
0.00145801 0.00152412 8 
0.00145681 0.00147332 8 
0.00145505 0.00152009 8 
0.00145352 0.00153167 8 
0.00144919 0.00155451 8 
0.00144806 0.00147831 8 
0.00144457 0.00148517 8 
0.00144392 0.00154469 8 
0.00144354 0.0017221 8 
0.00143701 0.00152558 8 
0.00143186 0.00150857 8 
0.00142959 0.0016227 8 
0.00142898 0.00157079 8 
0.00142265 0.00142987 8 
0.00142101 0.00144753 8 
0.00142095 0.00153818 8 
0.00141924 0.00150412 8 
0.00141891 0.00148929 8 
0.00140707 0.00148983 8 
0.00140148 0.00154843 8 
0.0013994 0.00140322 8 
0.00139677 0.00153428 8 
0.00139649 0.00148246 8 
0.00139369 0.00142197 8 
0.00138873 0.0014613 8 
0.00138752 0.00141821 8 
0.0013853 0.00153824 8 
0.00138524 0.00145275 8 
0.00137261 0.00152133 8 
0.00137234 0.0013993 8 
0.00137064 0.0013773 8 
0.00136821 0.00141598 8 
0.00136567 0.00145275 8 
0.001361 0.00145736 8 
0.0013594 0.0015257 8 
0.00135851 0.00146231 8 
0.00135845 0.00142675 8 
0.00135833 0.00141934 8 
0.00135706 0.00140094 8 
0.00135378 0.0014001 8 
0.00135251 0.00140805 8 
0.0013499 0.00143278 8 
0.00134634 0.0014332 8 
0.00134619 0.00147874 8 
0.00134614 0.00138247 8 
0.00134286 0.00140865 8 
0.0013414 0.00150562 8 
0.00133967 0.00139566 8 
0.0013379 0.00138007 8 
0.00132518 0.00133995 8 
0.00132476 0.00134617 8 
0.00132211 0.00141702 8 
0.00132024 0.0014215 8 
0.00131943 0.00133693 8 
0.0013192 0.00143869 8 
0.00131918 0.00150447 8 
0.00131782 0.00144806 8 
0.00131543 0.0013673 8 
0.00131285 0.00134768 8 
0.00130496 0.00142987 8 
0.00130254 0.00130661 8 
0.00130205 0.00131922 8 
0.00129943 0.00136709 8 
0.00129517 0.00139815 8 
0.00129394 0.00144626 8 
0.00129169 0.00135414 8 
0.00129063 0.00132688 8 
0.00129059 0.00143966 8 
0.00128527 0.00137518 8 
0.00128298 0.00129005 8 
0.0012823 0.00131968 8 
0.0012821 0.00129637 8 
0.00128193 0.0013488 8 
0.001279 0.00136158 8 
0.00127364 0.00148015 8 
0.00127197 0.00130498 8 
0.00126983 0.00127569 8 
0.0012689 0.00143657 8 
0.0012587 0.00138631 8 
0.00125706 0.00134034 8 
0.00125484 0.00130296 8 
0.00125194 0.00132426 8 
0.00124619 0.00138111 8 
0.00124499 0.0013673 8 
0.00124317 0.00130506 8 
0.00124234 0.00130443 8 
0.00123926 0.00130486 8 
0.00123896 0.00139833 8 
0.0012344 0.00137565 8 
0.00122658 0.00124684 8 
0.00122401 0.00127561 8 
0.0012173 0.00129945 8 
0.00121565 0.00134343 8 
0.00121387 0.00134667 8 
0.00120259 0.00124106 8 
0.00120019 0.00129005 8 
0.00119956 0.00134792 8 
0.00118861 0.00137552 8 
0.00118683 0.00136222 8 
0.00117991 0.00136305 8 
0.00117235 0.00141494 8 
0.000960503 0.00100202 9 
0.000909037 0.00110402 9 
0.00087072 0.00090672 9 
0.000845789 0.000866758 9 
0.00082687 0.000837931 9 
0.000811943 0.000817421 9 
0.000806525 0.000813506 9 
0.000802781 0.000807066 9 
0.00079778 0.000838247 9 
0.000797338 0.000810276 9 
0.000796532 0.000822931 9 
0.000794473 0.000812456 9 
0.000791935 0.000796332 9 
0.00078939 0.000793284 9 
0.000788827 0.000821395 9 
0.000785164 0.000801633 9 
0.000783679 0.000829743 9 
0.000783412 0.000834672 9 
0.000783299 0.000810235 9 
0.00077895 0.000804195 9 
0.000773796 0.000823062 9 
0.000771791 0.000790783 9 
0.000771006 0.000772288 9 
0.000769928 0.000772667 9 
0.000767401 0.000803282 9 
0.000764119 0.000822256 9 
0.000763929 0.000764684 9 
0.00075891 0.000802073 9 
0.000758014 0.000821395 9 
0.000757934 0.000768404 9 
0.000757859 0.000810276 9 
0.000757515 0.000792774 9 
0.000755345 0.000788485 9 
0.000755321 0.000901753 9 
0.000753603 0.000766771 9 
0.000747683 0.000772926 9 
0.000747397 0.000807066 9 
0.000746732 0.00081815 9 
0.000746485 0.000811861 9 
0.000744954 0.000764775 9 
0.000744899 0.000801155 9 
0.000744619 0.000751141 9 
0.000744128 0.000746089 9 
0.000744126 0.000865984 9 
0.000729754 0.000740308 9 
0.000729354 0.000760031 9 
0.000728183 0.000729556 9 
0.000726973 0.000727535 9 
0.000725675 0.000760031 9 
0.000725666 0.000775477 9 
0.000724685 0.000725524 9 
0.00072434 0.000831397 9 
0.000722497 0.000783663 9 
0.000720786 0.000725524 9 
0.000720349 0.000809696 9 
0.000719575 0.000749503 9 
0.000717745 0.000749818 9 
0.000715499 0.000746477 9 
0.000713971 0.000734468 9 
0.000710074 0.000765565 9 
0.000708035 0.000807388 9 
0.000707656 0.000765591 9 
0.000707472 0.000753204 9 
0.000707273 0.000773501 9 
0.000706261 0.000764537 9 
0.000703477 0.000752412 9 
0.000702751 0.000706101 9 
0.00070171 0.000773775 9 
0.000701321 0.000727535 9 
0.000700548 0.000764684 9 
0.000697955 0.000736412 9 
0.000696553 0.000757182 9 
0.000694068 0.000698753 9 
0.000692514 0.000766096 9 
0.000692512 0.000710403 9 
0.000692502 0.000699153 9 
0.000689107 0.000728084 9 
0.000687962 0.000713062 9 
0.000686029 0.000706388 9 
0.000686006 0.00076346 9 
0.000683859 0.000777912 9 
0.000682578 0.000693193 9 
0.000680253 0.000701569 9 
0.000679096 0.000728557 9 
0.000675515 0.000679922 9 
0.000673231 0.000739774 9 
0.000670396 0.000710948 9 
0.000670031 0.000706101 9 
0.000669374 0.000697376 9 
0.000668755 0.000689779 9 
0.000664834 0.000708853 9 
0.000662827 0.000671699 9 
0.000661217 0.000731159 9 
0.000660206 0.000700101 9 
0.000660204 0.000768412 9 
0.000657542 0.000719767 9 
0.000655356 0.000723576 9 
0.000653843 0.000697561 9 
0.000647485 0.000734468 9 
0.000646459 0.000696351 9 
0.000643858 0.000651999 9 
0.000643587 0.000701316 9 
0.000643252 0.000650098 9 
0.000642328 0.000696462 9 
0.000641671 0.000679534 9 
0.00064045 0.000710558 9 
0.000639715 0.000672276 9 
0.000635766 0.000709507 9 
0.000633633 0.000670246 9 
0.000633299 0.000671007 9 
0.000633239 0.000707517 9 
0.000630534 0.000693817 9 
0.000626587 0.000643188 9 
0.000616662 0.000692018 9 
0.000614588 0.000722318 9 
0.000612252 0.000736269 9 
0.000610166 0.000655579 9 
0.000606935 0.000704173 9 
