0 0.495984 0 
0 0.500341 0 
0 0.502083 0 
0 0.502187 0 
0 0.503169 0 
0 0.503426 0 
0 0.503689 0 
0 0.503727 0 
0 0.503961 0 
0 0.504109 0 
0 0.504161 0 
0 0.504532 0 
0 0.504729 0 
0 0.504859 0 
0 0.505054 0 
0 0.50517 0 
0 0.505179 0 
0 0.505271 0 
0 0.505807 0 
0 0.506081 0 
0 0.506164 0 
0 0.506181 0 
0 0.506291 0 
0 0.506405 0 
0 0.506495 0 
0 0.506608 0 
0 0.506768 0 
0 0.50682 0 
0 0.50696 0 
0 0.507092 0 
0 0.507112 0 
0 0.507125 0 
0 0.507144 0 
0 0.507165 0 
0 0.507191 0 
0 0.50721 0 
0 0.507247 0 
0 0.507337 0 
0 0.507424 0 
0 0.507568 0 
0 0.507572 0 
0 0.5076 0 
0 0.507624 0 
0 0.507654 0 
0 0.507828 0 
0 0.507849 0 
0 0.507946 0 
0 0.507984 0 
0 0.508052 0 
0 0.508062 0 
0 0.508093 0 
0 0.508152 0 
0 0.508186 0 
0 0.508188 0 
0 0.508207 0 
0 0.508383 0 
0 0.508426 0 
0 0.508427 0 
0 0.508429 0 
0 0.50847 0 
0 0.508479 0 
0 0.5085 0 
0 0.508518 0 
0 0.508518 0 
0 0.508526 0 
0 0.508563 0 
0 0.508619 0 
0 0.508733 0 
0 0.50878 0 
0 0.508825 0 
0 0.508831 0 
0 0.508887 0 
0 0.509062 0 
0 0.509128 0 
0 0.509128 0 
0 0.509135 0 
0 0.509182 0 
0 0.509254 0 
0 0.509308 0 
0 0.509527 0 
0 0.509596 0 
0 0.509604 0 
0 0.509696 0 
0 0.509838 0 
0 0.509855 0 
0 0.509876 0 
0 0.509938 0 
0 0.509955 0 
0 0.510018 0 
0 0.510072 0 
0 0.510168 0 
0 0.510273 0 
0 0.510428 0 
0 0.510441 0 
0 0.510529 0 
0 0.510648 0 
0 0.510672 0 
0 0.510679 0 
0 0.510726 0 
0 0.510733 0 
0 0.510766 0 
0 0.510783 0 
0 0.510797 0 
0 0.510822 0 
0 0.510892 0 
0 0.510913 0 
0 0.511178 0 
0 0.511236 0 
0 0.511259 0 
0 0.511286 0 
0 0.511293 0 
0 0.51134 0 
0 0.511551 0 
0 0.511697 0 
0 0.511726 0 
0 0.511794 0 
0 0.51184 0 
0 0.511955 0 
0 0.511959 0 
0 0.512084 0 
0 0.512144 0 
0 0.512384 0 
0 0.51276 0 
0 0.512774 0 
0 0.513726 0 
0 0.513766 0 
0 0.514339 0 
0 inf 0 
0 0.19462 1 
0 0.195443 1 
0 0.195644 1 
0 0.195757 1 
0 0.196227 1 
0 0.196396 1 
0 0.196816 1 
0 0.196832 1 
0 0.196976 1 
0 0.197147 1 
0 0.197155 1 
0 0.197505 1 
0 0.197675 1 
0 0.197827 1 
0 0.197838 1 
0 0.197908 1 
0 0.197965 1 
0 0.197997 1 
0 0.197999 1 
0 0.198002 1 
0 0.198049 1 
0 0.198179 1 
0 0.198357 1 
0 0.198416 1 
0 0.198429 1 
0 0.198709 1 
0 0.198787 1 
0 0.198857 1 
0 0.19895 1 
0 0.199012 1 
0 0.19902 1 
0 0.19904 1 
0 0.199108 1 
0 0.199123 1 
0 0.199144 1 
0 0.199234 1 
0 0.199241 1 
0 0.199273 1 
0 0.199457 1 
0 0.199493 1 
0 0.199497 1 
0 0.199504 1 
0 0.199591 1 
0 0.199604 1 
0 0.199606 1 
0 0.199646 1 
0 0.19967 1 
0 0.199687 1 
0 0.199718 1 
0 0.199893 1 
0 0.200003 1 
0 0.200007 1 
0 0.200105 1 
0 0.200173 1 
0 0.200239 1 
0 0.200266 1 
0 0.200369 1 
0 0.200453 1 
0 0.200459 1 
0 0.200462 1 
0 0.200468 1 
0 0.200493 1 
0 0.200493 1 
0 0.200498 1 
0 0.200551 1 
0 0.200553 1 
0 0.200611 1 
0 0.200694 1 
0 0.200744 1 
0 0.200793 1 
0 0.200812 1 
0 0.200848 1 
0 0.200859 1 
0 0.200869 1 
0 0.200895 1 
0 0.200906 1 
0 0.20098 1 
0 0.201012 1 
0 0.201017 1 
0 0.201066 1 
0 0.201093 1 
0 0.201101 1 
0 0.201132 1 
0 0.201189 1 
0 0.201201 1 
0 0.201234 1 
0 0.201252 1 
0 0.201296 1 
0 0.201352 1 
0 0.201382 1 
0 0.201422 1 
0 0.20143 1 
0 0.20145 1 
0 0.201457 1 
0 0.201474 1 
0 0.201488 1 
0 0.20155 1 
0 0.201566 1 
0 0.201572 1 
0 0.201603 1 
0 0.201608 1 
0 0.201612 1 
0 0.20177 1 
0 0.201783 1 
0 0.201809 1 
0 0.201822 1 
0 0.201946 1 
0 0.201999 1 
0 0.202012 1 
0 0.20203 1 
0 0.202037 1 
0 0.202212 1 
0 0.20231 1 
0 0.202353 1 
0 0.202496 1 
0 0.202592 1 
0 0.202625 1 
0 0.202669 1 
0 0.202986 1 
0 0.203087 1 
0 0.203095 1 
0 0.20312 1 
0 0.20321 1 
0 0.20333 1 
0 0.203396 1 
0 0.203517 1 
0 0.20379 1 
0 inf 1 
0 0.0800738 2 
0 0.0808976 2 
0 0.0810608 2 
0 0.0810781 2 
0 0.0812553 2 
0 0.0814507 2 
0 0.0814628 2 
0 0.0818083 2 
0 0.0818409 2 
0 0.0819773 2 
0 0.0823428 2 
0 0.082359 2 
0 0.0824312 2 
0 0.0825048 2 
0 0.0826331 2 
0 0.0826913 2 
0 0.0828226 2 
0 0.0829281 2 
0 0.0830574 2 
0 0.0832095 2 
0 0.0832444 2 
0 0.0833468 2 
0 0.0833747 2 
0 0.0833829 2 
0 0.0833902 2 
0 0.083397 2 
0 0.0834387 2 
0 0.0834617 2 
0 0.083493 2 
0 0.0835471 2 
0 0.0836479 2 
0 0.0837691 2 
0 0.0837737 2 
0 0.0838185 2 
0 0.083841 2 
0 0.083907 2 
0 0.0839445 2 
0 0.0839567 2 
0 0.0839935 2 
0 0.0840559 2 
0 0.0841017 2 
0 0.084111 2 
0 0.0841281 2 
0 0.0841983 2 
0 0.0842995 2 
0 0.0843045 2 
0 0.084397 2 
0 0.0844368 2 
0 0.0844943 2 
0 0.0845223 2 
0 0.0845268 2 
0 0.0845358 2 
0 0.0845382 2 
0 0.0845542 2 
0 0.0845547 2 
0 0.0845752 2 
0 0.0846131 2 
0 0.0847084 2 
0 0.0847784 2 
0 0.0848486 2 
0 0.0848545 2 
0 0.0848899 2 
0 0.0849313 2 
0 0.0849601 2 
0 0.0850084 2 
0 0.0850164 2 
0 0.0850213 2 
0 0.0850304 2 
0 0.0850307 2 
0 0.0850409 2 
0 0.0850585 2 
0 0.0851394 2 
0 0.0851501 2 
0 0.085193 2 
0 0.0852092 2 
0 0.0852261 2 
0 0.085355 2 
0 0.0853606 2 
0 0.0853861 2 
0 0.0853951 2 
0 0.0853985 2 
0 0.0854243 2 
0 0.0854725 2 
0 0.0854744 2 
0 0.0855159 2 
0 0.0855173 2 
0 0.0855204 2 
0 0.0855364 2 
0 0.0855477 2 
0 0.08556 2 
0 0.0855869 2 
0 0.0856993 2 
0 0.0857004 2 
0 0.0857169 2 
0 0.0857374 2 
0 0.0857781 2 
0 0.0858065 2 
0 0.0858179 2 
0 0.0858653 2 
0 0.0858818 2 
0 0.0859204 2 
0 0.0859216 2 
0 0.0859897 2 
0 0.0859936 2 
0 0.0860005 2 
0 0.086079 2 
0 0.086227 2 
0 0.0862939 2 
0 0.0863272 2 
0 0.0863454 2 
0 0.0863735 2 
0 0.0864289 2 
0 0.0865915 2 
0 0.0866368 2 
0 0.0867306 2 
0 0.086757 2 
0 0.0867751 2 
0 0.0867814 2 
0 0.0869512 2 
0 0.0870263 2 
0 0.0871237 2 
0 0.0871713 2 
0 0.0873688 2 
0 0.0874462 2 
0 0.0877676 2 
0 0.0883046 2 
0 0.0883724 2 
0 inf 2 
0 0.0340539 3 
0 0.0348614 3 
0 0.035387 3 
0 0.0354666 3 
0 0.0354867 3 
0 0.0356265 3 
0 0.0356606 3 
0 0.0357286 3 
0 0.0358027 3 
0 0.0358801 3 
0 0.0359887 3 
0 0.0360679 3 
0 0.0361339 3 
0 0.0364105 3 
0 0.0364746 3 
0 0.0364845 3 
0 0.0365436 3 
0 0.0366594 3 
0 0.0367118 3 
0 0.0367152 3 
0 0.0367425 3 
0 0.0367924 3 
0 0.0368041 3 
0 0.0368107 3 
0 0.0368347 3 
0 0.0368352 3 
0 0.0369214 3 
0 0.0369674 3 
0 0.0369698 3 
0 0.0369772 3 
0 0.0370561 3 
0 0.0370805 3 
0 0.0370834 3 
0 0.0371347 3 
0 0.0371509 3 
0 0.0372258 3 
0 0.0372393 3 
0 0.0372573 3 
0 0.0372593 3 
0 0.0372696 3 
0 0.0372764 3 
0 0.0372948 3 
0 0.0373693 3 
0 0.0373735 3 
0 0.0374234 3 
0 0.0375177 3 
0 0.0375863 3 
0 0.0376123 3 
0 0.0377006 3 
0 0.0377707 3 
0 0.0378058 3 
0 0.0378213 3 
0 0.037843 3 
0 0.0378659 3 
0 0.0379195 3 
0 0.0379494 3 
0 0.0380204 3 
0 0.0380696 3 
0 0.0380756 3 
0 0.0380842 3 
0 0.0380927 3 
0 0.0380962 3 
0 0.0381289 3 
0 0.0381292 3 
0 0.0381462 3 
0 0.0382053 3 
0 0.0382309 3 
0 0.0382332 3 
0 0.0383162 3 
0 0.0383293 3 
0 0.0383571 3 
0 0.0383646 3 
0 0.0383871 3 
0 0.0383982 3 
0 0.0384294 3 
0 0.0384581 3 
0 0.0384672 3 
0 0.0384712 3 
0 0.0384933 3 
0 0.0385144 3 
0 0.0385375 3 
0 0.0385557 3 
0 0.0385835 3 
0 0.0385868 3 
0 0.0385886 3 
0 0.03863 3 
0 0.0386324 3 
0 0.0386561 3 
0 0.0386811 3 
0 0.038711 3 
0 0.0387119 3 
0 0.0387351 3 
0 0.038737 3 
0 0.0387566 3 
0 0.038818 3 
0 0.0388262 3 
0 0.0388294 3 
0 0.0388518 3 
0 0.0388568 3 
0 0.0388578 3 
0 0.0388647 3 
0 0.038936 3 
0 0.0389464 3 
0 0.0390284 3 
0 0.0390826 3 
0 0.0391477 3 
0 0.0391556 3 
0 0.0392291 3 
0 0.0392799 3 
0 0.0392828 3 
0 0.0392866 3 
0 0.0392874 3 
0 0.0393037 3 
0 0.0394049 3 
0 0.03945 3 
0 0.0394751 3 
0 0.0395023 3 
0 0.0396771 3 
0 0.0398262 3 
0 0.0398616 3 
0 0.0399104 3 
0 0.0399297 3 
0 0.0399417 3 
0 0.0399896 3 
0 0.0405529 3 
0 0.0407397 3 
0 0.0408331 3 
0 inf 3 
0 0.015078 4 
0 0.0155529 4 
0 0.0160243 4 
0 0.0160902 4 
0 0.0161605 4 
0 0.0161982 4 
0 0.0162367 4 
0 0.0163257 4 
0 0.0163522 4 
0 0.0163943 4 
0 0.0165025 4 
0 0.0165038 4 
0 0.0165542 4 
0 0.0166733 4 
0 0.0166765 4 
0 0.0168078 4 
0 0.0168275 4 
0 0.016896 4 
0 0.0169125 4 
0 0.0169348 4 
0 0.0169351 4 
0 0.0169512 4 
0 0.016961 4 
0 0.0169678 4 
0 0.0169737 4 
0 0.016974 4 
0 0.0169816 4 
0 0.0170094 4 
0 0.0170595 4 
0 0.0171039 4 
0 0.0171119 4 
0 0.0171252 4 
0 0.0171282 4 
0 0.0171296 4 
0 0.0171337 4 
0 0.0171645 4 
0 0.0171867 4 
0 0.0171979 4 
0 0.0172399 4 
0 0.0172475 4 
0 0.0172483 4 
0 0.017262 4 
0 0.0173213 4 
0 0.0173551 4 
0 0.0173575 4 
0 0.0173798 4 
0 0.0174345 4 
0 0.0174917 4 
0 0.017522 4 
0 0.0175466 4 
0 0.0175695 4 
0 0.017602 4 
0 0.0176043 4 
0 0.0176746 4 
0 0.0176962 4 
0 0.0177779 4 
0 0.0177831 4 
0 0.0177856 4 
0 0.0177882 4 
0 0.0178205 4 
0 0.0178242 4 
0 0.0178283 4 
0 0.017868 4 
0 0.0178979 4 
0 0.0178983 4 
0 0.0179346 4 
0 0.0179475 4 
0 0.0179522 4 
0 0.0179544 4 
0 0.0179801 4 
0 0.0179853 4 
0 0.0179855 4 
0 0.0180068 4 
0 0.0180411 4 
0 0.0180481 4 
0 0.0180784 4 
0 0.0181004 4 
0 0.0181115 4 
0 0.0181134 4 
0 0.0181193 4 
0 0.0181257 4 
0 0.018126 4 
0 0.0181264 4 
0 0.0181288 4 
0 0.018152 4 
0 0.0181621 4 
0 0.0181658 4 
0 0.0181662 4 
0 0.0181962 4 
0 0.0181968 4 
0 0.018197 4 
0 0.0182085 4 
0 0.0182276 4 
0 0.0182607 4 
0 0.0183246 4 
0 0.0183292 4 
0 0.0183306 4 
0 0.0183613 4 
0 0.0183632 4 
0 0.0184062 4 
0 0.0184085 4 
0 0.0184294 4 
0 0.0184316 4 
0 0.0184324 4 
0 0.018462 4 
0 0.0185039 4 
0 0.0185094 4 
0 0.018565 4 
0 0.0185934 4 
0 0.0186614 4 
0 0.0186718 4 
0 0.0187105 4 
0 0.018725 4 
0 0.0187463 4 
0 0.0187529 4 
0 0.0188255 4 
0 0.0188304 4 
0 0.0188588 4 
0 0.0188804 4 
0 0.0189054 4 
0 0.0189518 4 
0 0.0190058 4 
0 0.0190784 4 
0 0.0192855 4 
0 0.019496 4 
0 0.019613 4 
0 0.0198532 4 
0 inf 4 
0 0.00692217 5 
0 0.0071457 5 
0 0.00742726 5 
0 0.00755192 5 
0 0.00758514 5 
0 0.00769544 5 
0 0.00773331 5 
0 0.00773578 5 
0 0.00774836 5 
0 0.0077545 5 
0 0.00775952 5 
0 0.00779779 5 
0 0.00781355 5 
0 0.00782487 5 
0 0.00789585 5 
0 0.00789714 5 
0 0.00794946 5 
0 0.00795621 5 
0 0.00798196 5 
0 0.00804277 5 
0 0.00804318 5 
0 0.00806138 5 
0 0.00808006 5 
0 0.00808679 5 
0 0.00811464 5 
0 0.00811569 5 
0 0.00812536 5 
0 0.00812654 5 
0 0.00813857 5 
0 0.0081643 5 
0 0.00817152 5 
0 0.00817693 5 
0 0.00818136 5 
0 0.00818655 5 
0 0.00820589 5 
0 0.00822946 5 
0 0.00823023 5 
0 0.00823842 5 
0 0.00826524 5 
0 0.00826565 5 
0 0.00826945 5 
0 0.00827079 5 
0 0.00827372 5 
0 0.00829572 5 
0 0.00833831 5 
0 0.00835425 5 
0 0.00836299 5 
0 0.00837009 5 
0 0.00837454 5 
0 0.00837732 5 
0 0.0084194 5 
0 0.00842918 5 
0 0.00848136 5 
0 0.00849045 5 
0 0.00850288 5 
0 0.00852035 5 
0 0.00852438 5 
0 0.00852705 5 
0 0.00854107 5 
0 0.00858619 5 
0 0.00861439 5 
0 0.00861669 5 
0 0.00861927 5 
0 0.00862739 5 
0 0.00866231 5 
0 0.00867111 5 
0 0.00868038 5 
0 0.00869341 5 
0 0.00869497 5 
0 0.00869681 5 
0 0.00871073 5 
0 0.0087138 5 
0 0.00871756 5 
0 0.00872131 5 
0 0.00873787 5 
0 0.00874502 5 
0 0.00875924 5 
0 0.0087626 5 
0 0.00876929 5 
0 0.00877278 5 
0 0.00877747 5 
0 0.00878562 5 
0 0.00879363 5 
0 0.0088061 5 
0 0.00881036 5 
0 0.00881348 5 
0 0.00881729 5 
0 0.00884813 5 
0 0.00886643 5 
0 0.00886878 5 
0 0.00888709 5 
0 0.00889742 5 
0 0.00890028 5 
0 0.00890176 5 
0 0.00891091 5 
0 0.00892614 5 
0 0.00893434 5 
0 0.00893455 5 
0 0.00895366 5 
0 0.00895677 5 
0 0.00897442 5 
0 0.00901112 5 
0 0.00901325 5 
0 0.00901631 5 
0 0.00903326 5 
0 0.00904551 5 
0 0.00906163 5 
0 0.00906205 5 
0 0.0090836 5 
0 0.0090928 5 
0 0.00909663 5 
0 0.00913215 5 
0 0.00913225 5 
0 0.00913259 5 
0 0.00914039 5 
0 0.00918493 5 
0 0.00920806 5 
0 0.00922975 5 
0 0.00926456 5 
0 0.00926878 5 
0 0.00927358 5 
0 0.0093786 5 
0 0.00948702 5 
0 0.0096567 5 
0 0.00971928 5 
0 0.009806 5 
0 0.00990092 5 
0 inf 5 
0 0.00328367 6 
0 0.00336353 6 
0 0.00354881 6 
0 0.00363415 6 
0 0.00369304 6 
0 0.00371304 6 
0 0.00373171 6 
0 0.00374928 6 
0 0.00375609 6 
0 0.00376114 6 
0 0.00378587 6 
0 0.00379811 6 
0 0.00380423 6 
0 0.00381328 6 
0 0.00381516 6 
0 0.00383061 6 
0 0.00383488 6 
0 0.00384447 6 
0 0.00385068 6 
0 0.00390893 6 
0 0.00391242 6 
0 0.00392447 6 
0 0.00393152 6 
0 0.00393719 6 
0 0.00394059 6 
0 0.00395065 6 
0 0.00396419 6 
0 0.00396921 6 
0 0.00398046 6 
0 0.00398485 6 
0 0.00399157 6 
0 0.00399877 6 
0 0.00401336 6 
0 0.00402124 6 
0 0.00402221 6 
0 0.00402534 6 
0 0.00403151 6 
0 0.00403937 6 
0 0.00405281 6 
0 0.00405926 6 
0 0.00406704 6 
0 0.00406728 6 
0 0.00407063 6 
0 0.00407449 6 
0 0.00408067 6 
0 0.00409586 6 
0 0.00409648 6 
0 0.00409661 6 
0 0.00411211 6 
0 0.00414244 6 
0 0.00414464 6 
0 0.00414681 6 
0 0.00417272 6 
0 0.00417318 6 
0 0.00418639 6 
0 0.00418847 6 
0 0.00421261 6 
0 0.0042181 6 
0 0.00421897 6 
0 0.0042227 6 
0 0.00423281 6 
0 0.00424503 6 
0 0.0042471 6 
0 0.00425395 6 
0 0.0042578 6 
0 0.0042611 6 
0 0.00427322 6 
0 0.00429557 6 
0 0.00430716 6 
0 0.00431145 6 
0 0.00431295 6 
0 0.00432529 6 
0 0.00432549 6 
0 0.00433662 6 
0 0.00433696 6 
0 0.00434256 6 
0 0.00434639 6 
0 0.0043567 6 
0 0.00436351 6 
0 0.00437143 6 
0 0.00438242 6 
0 0.0043838 6 
0 0.00438439 6 
0 0.00439799 6 
0 0.00439826 6 
0 0.00439904 6 
0 0.00439979 6 
0 0.00440218 6 
0 0.00440334 6 
0 0.00441007 6 
0 0.00441057 6 
0 0.00441613 6 
0 0.00442637 6 
0 0.00442829 6 
0 0.0044306 6 
0 0.00443522 6 
0 0.00443963 6 
0 0.0044545 6 
0 0.00445733 6 
0 0.00446627 6 
0 0.00446796 6 
0 0.00448408 6 
0 0.00449458 6 
0 0.00450634 6 
0 0.0045165 6 
0 0.00451866 6 
0 0.00451881 6 
0 0.00453509 6 
0 0.00455034 6 
0 0.00455485 6 
0 0.00456223 6 
0 0.00456586 6 
0 0.00457688 6 
0 0.00457955 6 
0 0.00458398 6 
0 0.00459891 6 
0 0.00460948 6 
0 0.00462515 6 
0 0.00464041 6 
0 0.00466804 6 
0 0.00470105 6 
0 0.00472837 6 
0 0.00481057 6 
0 0.00483884 6 
0 0.00492786 6 
0 0.00501739 6 
0 0.0051055 6 
0 inf 6 
0 0.00160375 7 
0 0.00161577 7 
0 0.00174432 7 
0 0.00179243 7 
0 0.00182092 7 
0 0.00182523 7 
0 0.00183117 7 
0 0.00183996 7 
0 0.00184772 7 
0 0.00186006 7 
0 0.00187874 7 
0 0.00188292 7 
0 0.00188464 7 
0 0.00188793 7 
0 0.00188853 7 
0 0.00190092 7 
0 0.00191441 7 
0 0.00191727 7 
0 0.00191991 7 
0 0.00192184 7 
0 0.00192451 7 
0 0.00193914 7 
0 0.00194881 7 
0 0.00194933 7 
0 0.00195495 7 
0 0.00195674 7 
0 0.00195697 7 
0 0.00195862 7 
0 0.00196418 7 
0 0.00197234 7 
0 0.00197278 7 
0 0.00199515 7 
0 0.00199673 7 
0 0.00200411 7 
0 0.00200744 7 
0 0.00201459 7 
0 0.00202513 7 
0 0.0020345 7 
0 0.0020368 7 
0 0.00203982 7 
0 0.00204006 7 
0 0.00204577 7 
0 0.0020512 7 
0 0.00205293 7 
0 0.0020561 7 
0 0.00205718 7 
0 0.00205791 7 
0 0.00206405 7 
0 0.00206776 7 
0 0.00207043 7 
0 0.0020727 7 
0 0.00207696 7 
0 0.00208461 7 
0 0.00209023 7 
0 0.00209462 7 
0 0.0020997 7 
0 0.00211046 7 
0 0.0021135 7 
0 0.00211657 7 
0 0.0021206 7 
0 0.0021209 7 
0 0.00212644 7 
0 0.00212743 7 
0 0.00212868 7 
0 0.00213529 7 
0 0.00214244 7 
0 0.0021471 7 
0 0.00214896 7 
0 0.00215583 7 
0 0.00216224 7 
0 0.00216644 7 
0 0.00216954 7 
0 0.00217523 7 
0 0.00217803 7 
0 0.00217956 7 
0 0.00218886 7 
0 0.00219099 7 
0 0.00219316 7 
0 0.00219473 7 
0 0.00219801 7 
0 0.00220133 7 
0 0.00221019 7 
0 0.00221479 7 
0 0.00221734 7 
0 0.00221988 7 
0 0.00222222 7 
0 0.00222321 7 
0 0.00222826 7 
0 0.00222985 7 
0 0.00223027 7 
0 0.0022318 7 
0 0.00223722 7 
0 0.00223781 7 
0 0.00224096 7 
0 0.00224402 7 
0 0.00224879 7 
0 0.00225936 7 
0 0.00226508 7 
0 0.00226821 7 
0 0.00227294 7 
0 0.00227479 7 
0 0.00228056 7 
0 0.00228668 7 
0 0.00228803 7 
0 0.0022953 7 
0 0.00230268 7 
0 0.00230576 7 
0 0.00230695 7 
0 0.00230746 7 
0 0.00231172 7 
0 0.00231934 7 
0 0.00232974 7 
0 0.00234891 7 
0 0.00235056 7 
0 0.00235154 7 
0 0.00236641 7 
0 0.00237272 7 
0 0.00237434 7 
0 0.00238584 7 
0 0.00239485 7 
0 0.00240483 7 
0 0.00243008 7 
0 0.00243161 7 
0 0.00251382 7 
0 0.00254167 7 
0 0.00257374 7 
0 0.0026435 7 
0 inf 7 
0 0.000789684 8 
0 0.000803252 8 
0 0.000879713 8 
0 0.000897736 8 
0 0.000902332 8 
0 0.000903771 8 
0 0.000914273 8 
0 0.000916836 8 
0 0.000935322 8 
0 0.000935449 8 
0 0.000938583 8 
0 0.000942391 8 
0 0.00094605 8 
0 0.000950551 8 
0 0.000951892 8 
0 0.000953045 8 
0 0.000954211 8 
0 0.000954686 8 
0 0.000965675 8 
0 0.000971099 8 
0 0.000975799 8 
0 0.00097605 8 
0 0.000977025 8 
0 0.000978805 8 
0 0.000985471 8 
0 0.000990272 8 
0 0.000990403 8 
0 0.000990446 8 
0 0.000991555 8 
0 0.000993499 8 
0 0.0010025 8 
0 0.0010105 8 
0 0.00101515 8 
0 0.00101663 8 
0 0.00102592 8 
0 0.00102666 8 
0 0.00103048 8 
0 0.00103436 8 
0 0.0010352 8 
0 0.00103529 8 
0 0.0010354 8 
0 0.00103703 8 
0 0.00103952 8 
0 0.00104841 8 
0 0.00105056 8 
0 0.00105157 8 
0 0.00105255 8 
0 0.00105437 8 
0 0.00105438 8 
0 0.00105595 8 
0 0.0010563 8 
0 0.00105678 8 
0 0.00105871 8 
0 0.00105912 8 
0 0.00106198 8 
0 0.00106421 8 
0 0.00106793 8 
0 0.00107018 8 
0 0.0010708 8 
0 0.00107348 8 
0 0.00107366 8 
0 0.0010817 8 
0 0.00108377 8 
0 0.0010844 8 
0 0.00108542 8 
0 0.00108746 8 
0 0.00108759 8 
0 0.00109193 8 
0 0.00109259 8 
0 0.00110289 8 
0 0.00110533 8 
0 0.001106 8 
0 0.00110705 8 
0 0.00110783 8 
0 0.00110822 8 
0 0.00111245 8 
0 0.00111553 8 
0 0.00111556 8 
0 0.00111967 8 
0 0.00112036 8 
0 0.00112191 8 
0 0.00112508 8 
0 0.00112598 8 
0 0.00112921 8 
0 0.00113302 8 
0 0.00113465 8 
0 0.00113927 8 
0 0.00114326 8 
0 0.00114589 8 
0 0.00115095 8 
0 0.00115257 8 
0 0.00115302 8 
0 0.00115448 8 
0 0.00115542 8 
0 0.00115593 8 
0 0.00115701 8 
0 0.00116342 8 
0 0.0011637 8 
0 0.00116395 8 
0 0.00116627 8 
0 0.00116823 8 
0 0.00117427 8 
0 0.00117537 8 
0 0.00118157 8 
0 0.00118195 8 
0 0.00118544 8 
0 0.00118771 8 
0 0.00119062 8 
0 0.00119062 8 
0 0.00119466 8 
0 0.00119638 8 
0 0.00120456 8 
0 0.00120598 8 
0 0.00121269 8 
0 0.00121518 8 
0 0.0012164 8 
0 0.0012173 8 
0 0.00121731 8 
0 0.00123668 8 
0 0.00124015 8 
0 0.00125012 8 
0 0.00125539 8 
0 0.001277 8 
0 0.00132448 8 
0 0.00132768 8 
0 0.00133311 8 
0 0.00137895 8 
0 inf 8 
0 0.000391654 9 
0 0.000410871 9 
0 0.000445513 9 
0 0.000453762 9 
0 0.000455483 9 
0 0.000459094 9 
0 0.000461724 9 
0 0.000462001 9 
0 0.000469659 9 
0 0.000473839 9 
0 0.000476405 9 
0 0.000477036 9 
0 0.000477055 9 
0 0.000479553 9 
0 0.000485779 9 
0 0.000489424 9 
0 0.000490219 9 
0 0.000490488 9 
0 0.000491942 9 
0 0.000493969 9 
0 0.00049578 9 
0 0.000497253 9 
0 0.000498412 9 
0 0.000501752 9 
0 0.00050178 9 
0 0.00050397 9 
0 0.000504981 9 
0 0.000507072 9 
0 0.000508477 9 
0 0.000508884 9 
0 0.000514756 9 
0 0.000521612 9 
0 0.000521635 9 
0 0.000524963 9 
0 0.000526533 9 
0 0.000526745 9 
0 0.000529349 9 
0 0.000530482 9 
0 0.00053227 9 
0 0.000532743 9 
0 0.000532929 9 
0 0.000536424 9 
0 0.000536444 9 
0 0.000536842 9 
0 0.000538552 9 
0 0.000538643 9 
0 0.000543481 9 
0 0.000543674 9 
0 0.000545203 9 
0 0.000545629 9 
0 0.000546369 9 
0 0.000546906 9 
0 0.000547153 9 
0 0.000547326 9 
0 0.000548016 9 
0 0.000548452 9 
0 0.000548582 9 
0 0.000549414 9 
0 0.000551146 9 
0 0.000553195 9 
0 0.000553213 9 
0 0.000553576 9 
0 0.000555438 9 
0 0.000558389 9 
0 0.000558777 9 
0 0.000560526 9 
0 0.000561066 9 
0 0.000561815 9 
0 0.000564036 9 
0 0.000565333 9 
0 0.00056568 9 
0 0.000566542 9 
0 0.000566757 9 
0 0.000567179 9 
0 0.000568894 9 
0 0.00057025 9 
0 0.000570467 9 
0 0.000574775 9 
0 0.000579023 9 
0 0.000580532 9 
0 0.000581108 9 
0 0.000582506 9 
0 0.000586916 9 
0 0.000587122 9 
0 0.000587708 9 
0 0.000587923 9 
0 0.000588126 9 
0 0.000592197 9 
0 0.000595378 9 
0 0.00059728 9 
0 0.000598217 9 
0 0.000598571 9 
0 0.000599345 9 
0 0.00060011 9 
0 0.000600206 9 
0 0.000602178 9 
0 0.000602894 9 
0 0.000603276 9 
0 0.000605178 9 
0 0.000607888 9 
0 0.000612286 9 
0 0.000612327 9 
0 0.0006159 9 
0 0.000616174 9 
0 0.000616856 9 
0 0.000620883 9 
0 0.000621136 9 
0 0.000622252 9 
0 0.000623418 9 
0 0.000623997 9 
0 0.000624298 9 
0 0.000625752 9 
0 0.000626021 9 
0 0.000626334 9 
0 0.000627693 9 
0 0.000629319 9 
0 0.000635556 9 
0 0.000635998 9 
0 0.000641973 9 
0 0.000647484 9 
0 0.000665661 9 
0 0.000674069 9 
0 0.000680779 9 
0 0.000696009 9 
0 0.000697828 9 
0 0.000710558 9 
0 0.000725556 9 
0 inf 9 
