0 0.490465 0 
0 0.499547 0 
0 0.50081 0 
0 0.501043 0 
0 0.501575 0 
0 0.501649 0 
0 0.502458 0 
0 0.502639 0 
0 0.50298 0 
0 0.503369 0 
0 0.503476 0 
0 0.503933 0 
0 0.504067 0 
0 0.504178 0 
0 0.504225 0 
0 0.504737 0 
0 0.50498 0 
0 0.505086 0 
0 0.505087 0 
0 0.505376 0 
0 0.505466 0 
0 0.505532 0 
0 0.505766 0 
0 0.505791 0 
0 0.506033 0 
0 0.506218 0 
0 0.506313 0 
0 0.506483 0 
0 0.506584 0 
0 0.5066 0 
0 0.506628 0 
0 0.506721 0 
0 0.506982 0 
0 0.507014 0 
0 0.507097 0 
0 0.507191 0 
0 0.507259 0 
0 0.507339 0 
0 0.507435 0 
0 0.50749 0 
0 0.50764 0 
0 0.50768 0 
0 0.507686 0 
0 0.507711 0 
0 0.507917 0 
0 0.507943 0 
0 0.508015 0 
0 0.508055 0 
0 0.508084 0 
0 0.508153 0 
0 0.5084 0 
0 0.508474 0 
0 0.508535 0 
0 0.508663 0 
0 0.50872 0 
0 0.508769 0 
0 0.508772 0 
0 0.508777 0 
0 0.508789 0 
0 0.508789 0 
0 0.508814 0 
0 0.508827 0 
0 0.50892 0 
0 0.508963 0 
0 0.508992 0 
0 0.508996 0 
0 0.509035 0 
0 0.509129 0 
0 0.509134 0 
0 0.509281 0 
0 0.509283 0 
0 0.509329 0 
0 0.509374 0 
0 0.509416 0 
0 0.509545 0 
0 0.509595 0 
0 0.50965 0 
0 0.509761 0 
0 0.509844 0 
0 0.509865 0 
0 0.509888 0 
0 0.509889 0 
0 0.50995 0 
0 0.509971 0 
0 0.509998 0 
0 0.510035 0 
0 0.510063 0 
0 0.510101 0 
0 0.510268 0 
0 0.510286 0 
0 0.510412 0 
0 0.51049 0 
0 0.510545 0 
0 0.510583 0 
0 0.510613 0 
0 0.510621 0 
0 0.510709 0 
0 0.510742 0 
0 0.510744 0 
0 0.510769 0 
0 0.510845 0 
0 0.510848 0 
0 0.51087 0 
0 0.511059 0 
0 0.511102 0 
0 0.511128 0 
0 0.51113 0 
0 0.511143 0 
0 0.511164 0 
0 0.511197 0 
0 0.511209 0 
0 0.51129 0 
0 0.511358 0 
0 0.511444 0 
0 0.511564 0 
0 0.511624 0 
0 0.511824 0 
0 0.511853 0 
0 0.51228 0 
0 0.512516 0 
0 0.512841 0 
0 0.512849 0 
0 0.513059 0 
0 0.51362 0 
0 0.513669 0 
0 0.513779 0 
0 0.514201 0 
0 inf 0 
0 0.185388 1 
0 0.194165 1 
0 0.195969 1 
0 0.196807 1 
0 0.197133 1 
0 0.197144 1 
0 0.19724 1 
0 0.197404 1 
0 0.197406 1 
0 0.19743 1 
0 0.197762 1 
0 0.198181 1 
0 0.198231 1 
0 0.198291 1 
0 0.198398 1 
0 0.198437 1 
0 0.198439 1 
0 0.198526 1 
0 0.198887 1 
0 0.198898 1 
0 0.199176 1 
0 0.19933 1 
0 0.199381 1 
0 0.199416 1 
0 0.199474 1 
0 0.199547 1 
0 0.199631 1 
0 0.199667 1 
0 0.200028 1 
0 0.200099 1 
0 0.200233 1 
0 0.200291 1 
0 0.200308 1 
0 0.20032 1 
0 0.200335 1 
0 0.200437 1 
0 0.200498 1 
0 0.200639 1 
0 0.200674 1 
0 0.200679 1 
0 0.200723 1 
0 0.200808 1 
0 0.200812 1 
0 0.200888 1 
0 0.20091 1 
0 0.200955 1 
0 0.200996 1 
0 0.201004 1 
0 0.201095 1 
0 0.201123 1 
0 0.201133 1 
0 0.201156 1 
0 0.201165 1 
0 0.2012 1 
0 0.20125 1 
0 0.201262 1 
0 0.201269 1 
0 0.201285 1 
0 0.201319 1 
0 0.201414 1 
0 0.201554 1 
0 0.201595 1 
0 0.201637 1 
0 0.201638 1 
0 0.201644 1 
0 0.201673 1 
0 0.201682 1 
0 0.201709 1 
0 0.20174 1 
0 0.201768 1 
0 0.201846 1 
0 0.201872 1 
0 0.20197 1 
0 0.202048 1 
0 0.202063 1 
0 0.202069 1 
0 0.202073 1 
0 0.202091 1 
0 0.202165 1 
0 0.202182 1 
0 0.202187 1 
0 0.20223 1 
0 0.202327 1 
0 0.202332 1 
0 0.202343 1 
0 0.202394 1 
0 0.202465 1 
0 0.202498 1 
0 0.202518 1 
0 0.202545 1 
0 0.20257 1 
0 0.202583 1 
0 0.202625 1 
0 0.202663 1 
0 0.202673 1 
0 0.202675 1 
0 0.202793 1 
0 0.202799 1 
0 0.202861 1 
0 0.202895 1 
0 0.203021 1 
0 0.203048 1 
0 0.203084 1 
0 0.203139 1 
0 0.203277 1 
0 0.203312 1 
0 0.203319 1 
0 0.203405 1 
0 0.203506 1 
0 0.203551 1 
0 0.203606 1 
0 0.20364 1 
0 0.203663 1 
0 0.203819 1 
0 0.203898 1 
0 0.204117 1 
0 0.204282 1 
0 0.204305 1 
0 0.20443 1 
0 0.20444 1 
0 0.204441 1 
0 0.204564 1 
0 0.204917 1 
0 0.205189 1 
0 0.205253 1 
0 0.205833 1 
0 0.205862 1 
0 inf 1 
0 0.075972 2 
0 0.079865 2 
0 0.0819486 2 
0 0.0821986 2 
0 0.0822558 2 
0 0.0823183 2 
0 0.0828429 2 
0 0.0829093 2 
0 0.0832453 2 
0 0.0834066 2 
0 0.0835401 2 
0 0.083578 2 
0 0.0835926 2 
0 0.0837494 2 
0 0.0838182 2 
0 0.08382 2 
0 0.0838337 2 
0 0.0838568 2 
0 0.0839919 2 
0 0.0840607 2 
0 0.0841282 2 
0 0.0841283 2 
0 0.084184 2 
0 0.0841846 2 
0 0.0841945 2 
0 0.0843657 2 
0 0.0843728 2 
0 0.0844676 2 
0 0.0844809 2 
0 0.0845928 2 
0 0.0846193 2 
0 0.0846252 2 
0 0.084643 2 
0 0.0846776 2 
0 0.0847 2 
0 0.0847529 2 
0 0.0847945 2 
0 0.0847979 2 
0 0.0848166 2 
0 0.0848194 2 
0 0.0848693 2 
0 0.0848963 2 
0 0.0848988 2 
0 0.0849034 2 
0 0.084952 2 
0 0.0850509 2 
0 0.0850835 2 
0 0.0851474 2 
0 0.0851487 2 
0 0.0851722 2 
0 0.0852627 2 
0 0.0853032 2 
0 0.0854154 2 
0 0.0854616 2 
0 0.0854954 2 
0 0.08552 2 
0 0.0856071 2 
0 0.085629 2 
0 0.085667 2 
0 0.0856677 2 
0 0.0857242 2 
0 0.0857314 2 
0 0.0857423 2 
0 0.0857761 2 
0 0.0857882 2 
0 0.0857963 2 
0 0.0858138 2 
0 0.0858526 2 
0 0.0859116 2 
0 0.0859464 2 
0 0.0859966 2 
0 0.0860148 2 
0 0.0860203 2 
0 0.0860357 2 
0 0.0860515 2 
0 0.0860543 2 
0 0.0860669 2 
0 0.0860921 2 
0 0.0861029 2 
0 0.086127 2 
0 0.0861278 2 
0 0.0861306 2 
0 0.0861843 2 
0 0.0863186 2 
0 0.0863461 2 
0 0.0863526 2 
0 0.0863595 2 
0 0.0863663 2 
0 0.0864417 2 
0 0.0865502 2 
0 0.0865801 2 
0 0.0865932 2 
0 0.0866704 2 
0 0.0866714 2 
0 0.086693 2 
0 0.0867017 2 
0 0.0867251 2 
0 0.086743 2 
0 0.0867837 2 
0 0.0868092 2 
0 0.086841 2 
0 0.0868963 2 
0 0.0869537 2 
0 0.0869871 2 
0 0.0870303 2 
0 0.087103 2 
0 0.0871076 2 
0 0.0871589 2 
0 0.087175 2 
0 0.0871897 2 
0 0.0871947 2 
0 0.0874669 2 
0 0.0875198 2 
0 0.0876608 2 
0 0.0877327 2 
0 0.0877394 2 
0 0.0878337 2 
0 0.0878481 2 
0 0.0878625 2 
0 0.0880177 2 
0 0.0882191 2 
0 0.088428 2 
0 0.0890106 2 
0 0.0896666 2 
0 0.0897377 2 
0 0.0900402 2 
0 0.0911171 2 
0 inf 2 
0 0.033319 3 
0 0.0349046 3 
0 0.0358613 3 
0 0.0363288 3 
0 0.036428 3 
0 0.036462 3 
0 0.0364717 3 
0 0.0366921 3 
0 0.0367469 3 
0 0.0369554 3 
0 0.0369653 3 
0 0.0369859 3 
0 0.0370281 3 
0 0.0370309 3 
0 0.037037 3 
0 0.0370487 3 
0 0.0370543 3 
0 0.0371729 3 
0 0.0374099 3 
0 0.0374121 3 
0 0.0374866 3 
0 0.0375248 3 
0 0.0375425 3 
0 0.0375591 3 
0 0.0375923 3 
0 0.0376039 3 
0 0.0376234 3 
0 0.0376456 3 
0 0.0376919 3 
0 0.0377241 3 
0 0.0377347 3 
0 0.0377582 3 
0 0.0377787 3 
0 0.037829 3 
0 0.0378381 3 
0 0.0378409 3 
0 0.0378757 3 
0 0.0379225 3 
0 0.0379371 3 
0 0.038006 3 
0 0.038022 3 
0 0.0380338 3 
0 0.0381056 3 
0 0.0381248 3 
0 0.0381336 3 
0 0.0381462 3 
0 0.0381649 3 
0 0.0381894 3 
0 0.0382312 3 
0 0.0382713 3 
0 0.0382926 3 
0 0.0383048 3 
0 0.0383496 3 
0 0.038355 3 
0 0.0383811 3 
0 0.0383824 3 
0 0.0384361 3 
0 0.0384847 3 
0 0.0384911 3 
0 0.0384983 3 
0 0.0385375 3 
0 0.0385443 3 
0 0.0385762 3 
0 0.0386073 3 
0 0.0386564 3 
0 0.0386613 3 
0 0.0386826 3 
0 0.0387139 3 
0 0.0387903 3 
0 0.0387968 3 
0 0.0388551 3 
0 0.038903 3 
0 0.0389115 3 
0 0.0389345 3 
0 0.0389517 3 
0 0.0389519 3 
0 0.0389728 3 
0 0.0389759 3 
0 0.0389947 3 
0 0.0390014 3 
0 0.0390017 3 
0 0.0390282 3 
0 0.0390368 3 
0 0.0390397 3 
0 0.0390432 3 
0 0.039047 3 
0 0.0390526 3 
0 0.0390588 3 
0 0.0390654 3 
0 0.0390754 3 
0 0.0391208 3 
0 0.0391293 3 
0 0.0391403 3 
0 0.0391655 3 
0 0.0391829 3 
0 0.0391954 3 
0 0.0392341 3 
0 0.0392355 3 
0 0.0393456 3 
0 0.0393484 3 
0 0.0394125 3 
0 0.0394674 3 
0 0.0395647 3 
0 0.0395661 3 
0 0.0396097 3 
0 0.0396176 3 
0 0.0396239 3 
0 0.0396722 3 
0 0.0397109 3 
0 0.0397504 3 
0 0.0397769 3 
0 0.0397902 3 
0 0.0397984 3 
0 0.0399794 3 
0 0.0400722 3 
0 0.040181 3 
0 0.0402082 3 
0 0.0402704 3 
0 0.0403002 3 
0 0.0404094 3 
0 0.040558 3 
0 0.0407545 3 
0 0.0408284 3 
0 0.0412923 3 
0 0.041593 3 
0 0.0416598 3 
0 0.0421987 3 
0 inf 3 
0 0.0154025 4 
0 0.0160652 4 
0 0.0163144 4 
0 0.0166961 4 
0 0.0167478 4 
0 0.0168225 4 
0 0.0169008 4 
0 0.0169243 4 
0 0.0169385 4 
0 0.0169635 4 
0 0.0170205 4 
0 0.0170791 4 
0 0.017092 4 
0 0.0170999 4 
0 0.0171389 4 
0 0.0171403 4 
0 0.0171757 4 
0 0.0172243 4 
0 0.0172265 4 
0 0.0172383 4 
0 0.0173708 4 
0 0.017434 4 
0 0.0174365 4 
0 0.0174622 4 
0 0.0174683 4 
0 0.01747 4 
0 0.0175008 4 
0 0.0175108 4 
0 0.0175791 4 
0 0.0175805 4 
0 0.0175969 4 
0 0.0176075 4 
0 0.0176196 4 
0 0.0176268 4 
0 0.0176305 4 
0 0.0176321 4 
0 0.0176494 4 
0 0.0176897 4 
0 0.0176926 4 
0 0.0176965 4 
0 0.0177237 4 
0 0.0177824 4 
0 0.0177833 4 
0 0.0177865 4 
0 0.0177981 4 
0 0.0177994 4 
0 0.0178069 4 
0 0.0178276 4 
0 0.0179061 4 
0 0.0179136 4 
0 0.0179467 4 
0 0.0179733 4 
0 0.0179779 4 
0 0.0179941 4 
0 0.0179965 4 
0 0.0180095 4 
0 0.0180145 4 
0 0.0180169 4 
0 0.0180264 4 
0 0.0180373 4 
0 0.0180639 4 
0 0.0180759 4 
0 0.0180871 4 
0 0.0181553 4 
0 0.0181667 4 
0 0.0181708 4 
0 0.0181971 4 
0 0.0182186 4 
0 0.0182297 4 
0 0.0182354 4 
0 0.0182393 4 
0 0.0182532 4 
0 0.0182609 4 
0 0.018261 4 
0 0.0182854 4 
0 0.0182922 4 
0 0.0182923 4 
0 0.018301 4 
0 0.0183091 4 
0 0.0183119 4 
0 0.0183245 4 
0 0.0183257 4 
0 0.0183444 4 
0 0.0183821 4 
0 0.0183825 4 
0 0.0184451 4 
0 0.0184521 4 
0 0.0184848 4 
0 0.0184917 4 
0 0.0184963 4 
0 0.0184965 4 
0 0.0185198 4 
0 0.0185249 4 
0 0.0185283 4 
0 0.0185301 4 
0 0.0185342 4 
0 0.0185455 4 
0 0.0185702 4 
0 0.0185902 4 
0 0.0186186 4 
0 0.0186712 4 
0 0.0186932 4 
0 0.0187009 4 
0 0.0187047 4 
0 0.0187516 4 
0 0.0187838 4 
0 0.0187949 4 
0 0.0188055 4 
0 0.0188244 4 
0 0.0188885 4 
0 0.0189048 4 
0 0.0189061 4 
0 0.0189115 4 
0 0.0189641 4 
0 0.0191623 4 
0 0.0192087 4 
0 0.0192355 4 
0 0.0192552 4 
0 0.0193843 4 
0 0.0193847 4 
0 0.0194075 4 
0 0.0194216 4 
0 0.0197148 4 
0 0.0198474 4 
0 0.0199091 4 
0 0.0200625 4 
0 0.0201968 4 
0 inf 4 
0 0.00740327 5 
0 0.00768131 5 
0 0.0077219 5 
0 0.00792732 5 
0 0.00793926 5 
0 0.00798258 5 
0 0.00798281 5 
0 0.00800033 5 
0 0.00807538 5 
0 0.00809481 5 
0 0.00809763 5 
0 0.00814016 5 
0 0.00817611 5 
0 0.00819205 5 
0 0.00819964 5 
0 0.00820611 5 
0 0.0082113 5 
0 0.00822759 5 
0 0.0082532 5 
0 0.00825972 5 
0 0.0082902 5 
0 0.00829762 5 
0 0.00830886 5 
0 0.00833173 5 
0 0.00834463 5 
0 0.00835558 5 
0 0.00838191 5 
0 0.00841607 5 
0 0.00842263 5 
0 0.0084417 5 
0 0.00844289 5 
0 0.00846203 5 
0 0.00847167 5 
0 0.00848762 5 
0 0.00852281 5 
0 0.0085251 5 
0 0.0085266 5 
0 0.00852799 5 
0 0.00853109 5 
0 0.00854314 5 
0 0.00854643 5 
0 0.00855345 5 
0 0.00855907 5 
0 0.00856035 5 
0 0.00858106 5 
0 0.00860755 5 
0 0.0086111 5 
0 0.00861171 5 
0 0.00861192 5 
0 0.00862027 5 
0 0.00862044 5 
0 0.00865392 5 
0 0.00868457 5 
0 0.00868862 5 
0 0.00869427 5 
0 0.00869498 5 
0 0.00869782 5 
0 0.00870463 5 
0 0.00870492 5 
0 0.00870933 5 
0 0.00872039 5 
0 0.00872639 5 
0 0.00873544 5 
0 0.00873582 5 
0 0.008751 5 
0 0.00876465 5 
0 0.00878689 5 
0 0.00878691 5 
0 0.00878871 5 
0 0.0087906 5 
0 0.00879863 5 
0 0.00879956 5 
0 0.00880466 5 
0 0.00882147 5 
0 0.00882619 5 
0 0.00882779 5 
0 0.00884125 5 
0 0.00884353 5 
0 0.00884626 5 
0 0.00885091 5 
0 0.00887528 5 
0 0.00887826 5 
0 0.00889405 5 
0 0.00889838 5 
0 0.00891013 5 
0 0.0089401 5 
0 0.00894108 5 
0 0.00896645 5 
0 0.0089836 5 
0 0.0089859 5 
0 0.00898725 5 
0 0.00900445 5 
0 0.00902397 5 
0 0.00902453 5 
0 0.00903093 5 
0 0.00904587 5 
0 0.00906095 5 
0 0.00906702 5 
0 0.00908853 5 
0 0.00909098 5 
0 0.00910607 5 
0 0.00910756 5 
0 0.00912992 5 
0 0.00914798 5 
0 0.00915235 5 
0 0.00915747 5 
0 0.00919056 5 
0 0.00919767 5 
0 0.00920173 5 
0 0.00921529 5 
0 0.00924774 5 
0 0.00925089 5 
0 0.00928249 5 
0 0.00936159 5 
0 0.00938159 5 
0 0.00939865 5 
0 0.00940515 5 
0 0.0094381 5 
0 0.0094424 5 
0 0.00946504 5 
0 0.00961416 5 
0 0.00965736 5 
0 0.00967259 5 
0 0.00968273 5 
0 0.00970945 5 
0 0.00989353 5 
0 0.00997675 5 
0 inf 5 
0 0.00366038 6 
0 0.00372076 6 
0 0.0038148 6 
0 0.00384688 6 
0 0.0038492 6 
0 0.00387923 6 
0 0.00389187 6 
0 0.00389337 6 
0 0.0039054 6 
0 0.00393196 6 
0 0.00395011 6 
0 0.00397087 6 
0 0.00399967 6 
0 0.00400295 6 
0 0.00401786 6 
0 0.0040236 6 
0 0.0040317 6 
0 0.00403331 6 
0 0.00404347 6 
0 0.00405111 6 
0 0.0040554 6 
0 0.00405851 6 
0 0.00406445 6 
0 0.00408807 6 
0 0.00409841 6 
0 0.00411431 6 
0 0.00411562 6 
0 0.00411593 6 
0 0.00413722 6 
0 0.00413829 6 
0 0.00414401 6 
0 0.00414701 6 
0 0.00414749 6 
0 0.00417451 6 
0 0.00418289 6 
0 0.00418663 6 
0 0.00421338 6 
0 0.00421843 6 
0 0.0042207 6 
0 0.00422439 6 
0 0.00422709 6 
0 0.00422951 6 
0 0.00423257 6 
0 0.00423474 6 
0 0.00423826 6 
0 0.00423976 6 
0 0.00424252 6 
0 0.00424528 6 
0 0.00425015 6 
0 0.00425254 6 
0 0.00425357 6 
0 0.00426574 6 
0 0.00426594 6 
0 0.00426976 6 
0 0.00427268 6 
0 0.0042753 6 
0 0.0042826 6 
0 0.00428427 6 
0 0.00429483 6 
0 0.00429547 6 
0 0.00429631 6 
0 0.00430674 6 
0 0.00431038 6 
0 0.00431707 6 
0 0.00432065 6 
0 0.00432313 6 
0 0.00432351 6 
0 0.00432812 6 
0 0.00433 6 
0 0.00433113 6 
0 0.00433853 6 
0 0.00433893 6 
0 0.00434555 6 
0 0.0043487 6 
0 0.00434945 6 
0 0.00435096 6 
0 0.0043526 6 
0 0.0043607 6 
0 0.00436288 6 
0 0.00436388 6 
0 0.00437235 6 
0 0.00437834 6 
0 0.00438406 6 
0 0.00439416 6 
0 0.0044079 6 
0 0.00442477 6 
0 0.00443538 6 
0 0.00443945 6 
0 0.00444048 6 
0 0.00444198 6 
0 0.00445888 6 
0 0.00446619 6 
0 0.00447897 6 
0 0.00448389 6 
0 0.00448768 6 
0 0.00450119 6 
0 0.00450282 6 
0 0.00451154 6 
0 0.00451494 6 
0 0.00452051 6 
0 0.00454958 6 
0 0.00455684 6 
0 0.0045687 6 
0 0.00457132 6 
0 0.00458099 6 
0 0.004584 6 
0 0.00459198 6 
0 0.00460571 6 
0 0.00461707 6 
0 0.00465143 6 
0 0.00465603 6 
0 0.00466015 6 
0 0.00467572 6 
0 0.00468048 6 
0 0.00469497 6 
0 0.00471017 6 
0 0.00471265 6 
0 0.00471276 6 
0 0.00472679 6 
0 0.00474941 6 
0 0.00480686 6 
0 0.00482103 6 
0 0.00485058 6 
0 0.00486124 6 
0 0.00489553 6 
0 0.0049348 6 
0 0.00506868 6 
0 inf 6 
0 0.00184507 7 
0 0.00184714 7 
0 0.0018646 7 
0 0.00188849 7 
0 0.00190774 7 
0 0.00192012 7 
0 0.00193191 7 
0 0.00195103 7 
0 0.0019568 7 
0 0.00196536 7 
0 0.0019727 7 
0 0.00198009 7 
0 0.00198183 7 
0 0.00198268 7 
0 0.00198443 7 
0 0.00199573 7 
0 0.00200106 7 
0 0.00200627 7 
0 0.00200915 7 
0 0.00202394 7 
0 0.00203581 7 
0 0.00203768 7 
0 0.00203973 7 
0 0.00204063 7 
0 0.00204436 7 
0 0.00204782 7 
0 0.00205422 7 
0 0.00206127 7 
0 0.00206227 7 
0 0.00206574 7 
0 0.00206754 7 
0 0.00207244 7 
0 0.00207569 7 
0 0.0020811 7 
0 0.00208587 7 
0 0.0020903 7 
0 0.00209101 7 
0 0.00209558 7 
0 0.00209684 7 
0 0.00210016 7 
0 0.00210036 7 
0 0.00210059 7 
0 0.00210549 7 
0 0.00211396 7 
0 0.00211503 7 
0 0.00211521 7 
0 0.00212632 7 
0 0.00212636 7 
0 0.002129 7 
0 0.00213291 7 
0 0.00213907 7 
0 0.00214249 7 
0 0.00214282 7 
0 0.00214757 7 
0 0.00214785 7 
0 0.0021498 7 
0 0.00215157 7 
0 0.00215219 7 
0 0.00215449 7 
0 0.00215684 7 
0 0.00215977 7 
0 0.00216011 7 
0 0.0021612 7 
0 0.00216241 7 
0 0.00216286 7 
0 0.00216555 7 
0 0.00216721 7 
0 0.00217196 7 
0 0.00217259 7 
0 0.00217572 7 
0 0.00217709 7 
0 0.00218618 7 
0 0.00218715 7 
0 0.00218758 7 
0 0.00218772 7 
0 0.002191 7 
0 0.0021914 7 
0 0.00219146 7 
0 0.00219706 7 
0 0.00220227 7 
0 0.00220326 7 
0 0.0022094 7 
0 0.0022108 7 
0 0.00221085 7 
0 0.00221263 7 
0 0.00222121 7 
0 0.00222407 7 
0 0.00222456 7 
0 0.00222717 7 
0 0.00224292 7 
0 0.00225466 7 
0 0.00226206 7 
0 0.00226667 7 
0 0.00226742 7 
0 0.00227436 7 
0 0.00228513 7 
0 0.00228919 7 
0 0.00229264 7 
0 0.00229366 7 
0 0.00229518 7 
0 0.00230449 7 
0 0.00230478 7 
0 0.0023145 7 
0 0.00231759 7 
0 0.00231926 7 
0 0.00232824 7 
0 0.00233114 7 
0 0.00233841 7 
0 0.0023568 7 
0 0.00236097 7 
0 0.00236297 7 
0 0.00237572 7 
0 0.00237573 7 
0 0.002376 7 
0 0.00238619 7 
0 0.00239721 7 
0 0.00240226 7 
0 0.00240893 7 
0 0.00241856 7 
0 0.00242733 7 
0 0.0024286 7 
0 0.00247654 7 
0 0.00248402 7 
0 0.00249612 7 
0 0.00249838 7 
0 0.00251621 7 
0 0.00261678 7 
0 inf 7 
0 0.000922405 8 
0 0.000932755 8 
0 0.000938745 8 
0 0.000946135 8 
0 0.000949185 8 
0 0.000962225 8 
0 0.000966522 8 
0 0.000988161 8 
0 0.00099093 8 
0 0.000991628 8 
0 0.000993784 8 
0 0.000996944 8 
0 0.00100283 8 
0 0.00100341 8 
0 0.00100467 8 
0 0.00101031 8 
0 0.00101112 8 
0 0.00101428 8 
0 0.001015 8 
0 0.00101707 8 
0 0.00102697 8 
0 0.00102784 8 
0 0.00102825 8 
0 0.00102907 8 
0 0.00103001 8 
0 0.00103395 8 
0 0.00103494 8 
0 0.00103988 8 
0 0.00104139 8 
0 0.00104533 8 
0 0.00104577 8 
0 0.00104756 8 
0 0.00105173 8 
0 0.00105291 8 
0 0.00105371 8 
0 0.00105721 8 
0 0.00105757 8 
0 0.00105875 8 
0 0.00106148 8 
0 0.00106181 8 
0 0.00106312 8 
0 0.00106655 8 
0 0.0010668 8 
0 0.00106907 8 
0 0.00107086 8 
0 0.00107768 8 
0 0.00108345 8 
0 0.00108535 8 
0 0.00108632 8 
0 0.00108789 8 
0 0.00108885 8 
0 0.00108926 8 
0 0.0010894 8 
0 0.00109005 8 
0 0.0010907 8 
0 0.00109122 8 
0 0.00109273 8 
0 0.00109339 8 
0 0.00109654 8 
0 0.00109682 8 
0 0.0010979 8 
0 0.00109852 8 
0 0.00109902 8 
0 0.00109912 8 
0 0.00110193 8 
0 0.00110232 8 
0 0.00110317 8 
0 0.00110385 8 
0 0.00110464 8 
0 0.00110528 8 
0 0.00110754 8 
0 0.00110759 8 
0 0.00110833 8 
0 0.00111 8 
0 0.00111019 8 
0 0.00111265 8 
0 0.00111313 8 
0 0.00111689 8 
0 0.00112012 8 
0 0.00112302 8 
0 0.00112805 8 
0 0.00113113 8 
0 0.00113136 8 
0 0.00113145 8 
0 0.00113228 8 
0 0.0011333 8 
0 0.00113487 8 
0 0.0011385 8 
0 0.00114204 8 
0 0.00115191 8 
0 0.00115516 8 
0 0.00115581 8 
0 0.00115764 8 
0 0.00115853 8 
0 0.00116385 8 
0 0.00117074 8 
0 0.00117288 8 
0 0.00117457 8 
0 0.00117623 8 
0 0.00117847 8 
0 0.00117858 8 
0 0.00117873 8 
0 0.00118125 8 
0 0.00118178 8 
0 0.00118218 8 
0 0.00118993 8 
0 0.00119838 8 
0 0.00120337 8 
0 0.00120973 8 
0 0.00121286 8 
0 0.00121425 8 
0 0.00121969 8 
0 0.00122152 8 
0 0.00122414 8 
0 0.00122997 8 
0 0.00123246 8 
0 0.00123588 8 
0 0.0012379 8 
0 0.00124324 8 
0 0.00125921 8 
0 0.00126137 8 
0 0.00128089 8 
0 0.00128322 8 
0 0.00129701 8 
0 0.00130688 8 
0 0.00131583 8 
0 0.00136764 8 
0 inf 8 
0 0.000460748 9 
0 0.000471311 9 
0 0.000478633 9 
0 0.00047906 9 
0 0.000484662 9 
0 0.000490056 9 
0 0.000493274 9 
0 0.00049759 9 
0 0.000501015 9 
0 0.00050851 9 
0 0.000509371 9 
0 0.000509781 9 
0 0.000510272 9 
0 0.000511329 9 
0 0.000511764 9 
0 0.000511944 9 
0 0.000513239 9 
0 0.000515581 9 
0 0.000516258 9 
0 0.000521838 9 
0 0.00052192 9 
0 0.000522442 9 
0 0.000523555 9 
0 0.000523628 9 
0 0.000525054 9 
0 0.000525256 9 
0 0.000528347 9 
0 0.000530357 9 
0 0.000531255 9 
0 0.000534173 9 
0 0.000535504 9 
0 0.000536654 9 
0 0.000538505 9 
0 0.000540045 9 
0 0.00054016 9 
0 0.000540562 9 
0 0.000541555 9 
0 0.000542713 9 
0 0.000544847 9 
0 0.000549732 9 
0 0.000551176 9 
0 0.000552539 9 
0 0.000552787 9 
0 0.000553994 9 
0 0.000554044 9 
0 0.000554154 9 
0 0.000555227 9 
0 0.000555532 9 
0 0.000555855 9 
0 0.000555979 9 
0 0.000557112 9 
0 0.000557817 9 
0 0.000558822 9 
0 0.000559166 9 
0 0.000559379 9 
0 0.000559977 9 
0 0.000560588 9 
0 0.000562415 9 
0 0.000563046 9 
0 0.000563213 9 
0 0.000563366 9 
0 0.000563578 9 
0 0.000564201 9 
0 0.000564406 9 
0 0.000564613 9 
0 0.000564688 9 
0 0.000566549 9 
0 0.000566715 9 
0 0.000567479 9 
0 0.000567912 9 
0 0.000568516 9 
0 0.000569584 9 
0 0.000570154 9 
0 0.00057018 9 
0 0.000570301 9 
0 0.000573477 9 
0 0.00057447 9 
0 0.000577319 9 
0 0.000577958 9 
0 0.000580084 9 
0 0.00058053 9 
0 0.000582003 9 
0 0.000582907 9 
0 0.000583504 9 
0 0.000585106 9 
0 0.00058534 9 
0 0.000586139 9 
0 0.000589817 9 
0 0.000589896 9 
0 0.000592771 9 
0 0.000594267 9 
0 0.000594867 9 
0 0.000596075 9 
0 0.000600162 9 
0 0.000601734 9 
0 0.000601884 9 
0 0.000603742 9 
0 0.000604372 9 
0 0.000606095 9 
0 0.000606179 9 
0 0.000608334 9 
0 0.00061138 9 
0 0.000613728 9 
0 0.000615794 9 
0 0.000616038 9 
0 0.000617649 9 
0 0.000619593 9 
0 0.000620157 9 
0 0.000624352 9 
0 0.00063085 9 
0 0.000630963 9 
0 0.000630969 9 
0 0.000631985 9 
0 0.000633634 9 
0 0.000635105 9 
0 0.000637802 9 
0 0.000638394 9 
0 0.000644813 9 
0 0.000651144 9 
0 0.000658064 9 
0 0.000662579 9 
0 0.000663738 9 
0 0.000672954 9 
0 0.000680317 9 
0 0.000684398 9 
0 0.000703447 9 
0 0.000721629 9 
0 inf 9 
