0.523319 0.541585 0 
0.522758 0.537964 0 
0.521959 0.5403 0 
0.521618 0.539754 0 
0.521474 0.521894 0 
0.52146 0.541992 0 
0.521218 0.538906 0 
0.521103 0.53882 0 
0.521042 0.541065 0 
0.520966 0.53882 0 
0.52066 0.539905 0 
0.520542 0.542823 0 
0.520513 0.540708 0 
0.520383 0.541075 0 
0.520301 0.540708 0 
0.520128 0.541514 0 
0.520086 0.540862 0 
0.520061 0.538455 0 
0.519991 0.540395 0 
0.519871 0.54189 0 
0.519835 0.53932 0 
0.519826 0.543019 0 
0.519746 0.539674 0 
0.519721 0.521 0 
0.519686 0.520321 0 
0.519619 0.538804 0 
0.519388 0.521615 0 
0.519345 0.538455 0 
0.519331 0.54232 0 
0.519304 0.541151 0 
0.519198 0.542945 0 
0.519175 0.540511 0 
0.519102 0.541151 0 
0.519094 0.539143 0 
0.51902 0.520615 0 
0.519004 0.539094 0 
0.518936 0.536736 0 
0.5189 0.519134 0 
0.518877 0.541708 0 
0.518855 0.539645 0 
0.51872 0.53882 0 
0.518662 0.540435 0 
0.518632 0.520369 0 
0.518618 0.519902 0 
0.518546 0.537786 0 
0.518536 0.519705 0 
0.518531 0.540483 0 
0.51853 0.540289 0 
0.51852 0.518847 0 
0.518479 0.519628 0 
0.518463 0.539094 0 
0.518451 0.54563 0 
0.518402 0.542613 0 
0.518381 0.538585 0 
0.518366 0.520905 0 
0.518253 0.542418 0 
0.518241 0.54189 0 
0.518215 0.543499 0 
0.518213 0.541027 0 
0.518182 0.53932 0 
0.518099 0.541776 0 
0.518035 0.539291 0 
0.518017 0.542281 0 
0.518014 0.539563 0 
0.51792 0.540336 0 
0.517886 0.542168 0 
0.51787 0.518729 0 
0.517858 0.53932 0 
0.517847 0.540511 0 
0.517846 0.519571 0 
0.517839 0.540729 0 
0.517798 0.517965 0 
0.517781 0.5426 0 
0.517719 0.519571 0 
0.51767 0.542321 0 
0.517662 0.542471 0 
0.517651 0.542512 0 
0.517553 0.522472 0 
0.517541 0.538455 0 
0.51752 0.542485 0 
0.517472 0.537409 0 
0.517457 0.541685 0 
0.517406 0.541493 0 
0.517346 0.538906 0 
0.517336 0.541569 0 
0.517322 0.539973 0 
0.517306 0.538804 0 
0.517306 0.519685 0 
0.517301 0.519491 0 
0.517282 0.539563 0 
0.51728 0.540942 0 
0.51721 0.539563 0 
0.517163 0.517568 0 
0.517152 0.541126 0 
0.517148 0.543091 0 
0.517145 0.518178 0 
0.51714 0.521466 0 
0.517122 0.543304 0 
0.51711 0.519147 0 
0.517076 0.542059 0 
0.517071 0.517632 0 
0.517047 0.517281 0 
0.517032 0.538906 0 
0.516979 0.540584 0 
0.516954 0.519739 0 
0.516947 0.541514 0 
0.516929 0.521368 0 
0.516926 0.518232 0 
0.5169 0.517798 0 
0.516806 0.519644 0 
0.516795 0.519381 0 
0.516778 0.542204 0 
0.51675 0.518467 0 
0.516702 0.543408 0 
0.516684 0.538585 0 
0.51668 0.538455 0 
0.516641 0.542219 0 
0.516634 0.516779 0 
0.516597 0.517834 0 
0.516543 0.517727 0 
0.516507 0.540862 0 
0.516495 0.538804 0 
0.516457 0.518592 0 
0.516455 0.519253 0 
0.516429 0.540435 0 
0.516428 0.540511 0 
0.516413 0.540395 0 
0.516371 0.544463 0 
0.516369 0.538906 0 
0.516351 0.539961 0 
0.516344 0.542725 0 
0.516335 0.541373 0 
0.516276 0.51729 0 
0.51621 0.541664 0 
0.516174 0.5403 0 
0.516087 0.519328 0 
0.516075 0.54398 0 
0.516055 0.541504 0 
0.516037 0.518411 0 
0.516028 0.516468 0 
0.516018 0.543823 0 
0.516016 0.51634 0 
0.516014 0.544683 0 
0.516002 0.516558 0 
0.515992 0.517064 0 
0.51598 0.536736 0 
0.515976 0.516089 0 
0.515937 0.519544 0 
0.515929 0.541058 0 
0.515877 0.541047 0 
0.515848 0.518675 0 
0.51584 0.516663 0 
0.515839 0.543423 0 
0.515837 0.516269 0 
0.515836 0.536736 0 
0.515807 0.519253 0 
0.515769 0.542185 0 
0.515755 0.516308 0 
0.515728 0.540483 0 
0.51572 0.518819 0 
0.515696 0.5403 0 
0.515665 0.515797 0 
0.515608 0.516654 0 
0.515585 0.541555 0 
0.51557 0.519446 0 
0.51554 0.519438 0 
0.515486 0.541075 0 
0.515481 0.539973 0 
0.515474 0.519918 0 
0.515451 0.516826 0 
0.515419 0.543448 0 
0.515395 0.540336 0 
0.515391 0.517031 0 
0.515363 0.540336 0 
0.515321 0.54046 0 
0.515316 0.543249 0 
0.515311 0.54223 0 
0.515311 0.516589 0 
0.515297 0.51666 0 
0.515266 0.543858 0 
0.515257 0.540483 0 
0.51524 0.517803 0 
0.515223 0.520905 0 
0.515213 0.517702 0 
0.515186 0.519652 0 
0.515183 0.538804 0 
0.515173 0.519923 0 
0.515162 0.541504 0 
0.515161 0.517488 0 
0.515158 0.522186 0 
0.515152 0.542076 0 
0.515133 0.516703 0 
0.515125 0.518393 0 
0.515099 0.516663 0 
0.515089 0.540708 0 
0.515079 0.545428 0 
0.515066 0.518264 0 
0.515052 0.542204 0 
0.514987 0.521324 0 
0.514984 0.51607 0 
0.51497 0.516429 0 
0.514958 0.541555 0 
0.514957 0.519736 0 
0.51495 0.519004 0 
0.514947 0.541485 0 
0.514943 0.516589 0 
0.514916 0.515206 0 
0.514911 0.542725 0 
0.51484 0.520096 0 
0.514832 0.519285 0 
0.514815 0.538804 0 
0.5148 0.542204 0 
0.514787 0.517632 0 
0.514787 0.536736 0 
0.514781 0.538455 0 
0.514772 0.515981 0 
0.514766 0.518468 0 
0.514713 0.539645 0 
0.514708 0.536736 0 
0.514691 0.518511 0 
0.514688 0.516704 0 
0.514668 0.519076 0 
0.514663 0.519644 0 
0.514627 0.516036 0 
0.514623 0.537964 0 
0.514583 0.519739 0 
0.514581 0.515326 0 
0.514569 0.518245 0 
0.514563 0.517278 0 
0.514521 0.515505 0 
0.514517 0.519076 0 
0.514492 0.5403 0 
0.514475 0.540983 0 
0.514466 0.520229 0 
0.514442 0.515796 0 
0.514361 0.518036 0 
0.51436 0.520229 0 
0.514356 0.516374 0 
0.514331 0.540969 0 
0.51433 0.539291 0 
0.514297 0.514455 0 
0.514295 0.517429 0 
0.514294 0.542215 0 
0.514292 0.515764 0 
0.514289 0.520321 0 
0.514226 0.516499 0 
0.514206 0.516106 0 
0.51419 0.5143 0 
0.514189 0.541058 0 
0.514148 0.542363 0 
0.514132 0.519394 0 
0.514102 0.539791 0 
0.51409 0.520615 0 
0.514089 0.516601 0 
0.514088 0.540095 0 
0.514079 0.516206 0 
0.514068 0.539791 0 
0.514059 0.514376 0 
0.514038 0.542538 0 
0.514032 0.544061 0 
0.514019 0.519631 0 
0.514011 0.517174 0 
0.514007 0.543433 0 
0.514004 0.542486 0 
0.513999 0.520304 0 
0.513997 0.542859 0 
0.513978 0.540942 0 
0.513976 0.540435 0 
0.513969 0.540095 0 
0.513968 0.517727 0 
0.513947 0.515137 0 
0.513946 0.51941 0 
0.513924 0.516512 0 
0.513922 0.517262 0 
0.513917 0.516223 0 
0.513915 0.538202 0 
0.513904 0.537409 0 
0.5139 0.53932 0 
0.513896 0.515122 0 
0.513871 0.541664 0 
0.513866 0.541151 0 
0.513856 0.515109 0 
0.513831 0.537964 0 
0.513831 0.542595 0 
0.513825 0.540395 0 
0.513819 0.537964 0 
0.513812 0.516497 0 
0.513802 0.516309 0 
0.513745 0.517278 0 
0.513738 0.539046 0 
0.513737 0.54091 0 
0.513721 0.537964 0 
0.51371 0.53932 0 
0.513709 0.517118 0 
0.513703 0.542124 0 
0.51367 0.539645 0 
0.513613 0.542635 0 
0.513576 0.518036 0 
0.513538 0.54046 0 
0.513536 0.519564 0 
0.513529 0.539674 0 
0.513521 0.520369 0 
0.513493 0.521 0 
0.513446 0.515705 0 
0.513438 0.521718 0 
0.513434 0.521368 0 
0.513428 0.541704 0 
0.513419 0.539791 0 
0.513411 0.52157 0 
0.513377 0.543692 0 
0.513373 0.540289 0 
0.513358 0.540946 0 
0.513344 0.519739 0 
0.513343 0.539291 0 
0.513323 0.543423 0 
0.513294 0.538966 0 
0.513289 0.539046 0 
0.513252 0.539719 0 
0.513226 0.515149 0 
0.513214 0.542041 0 
0.513192 0.539291 0 
0.513092 0.537964 0 
0.513073 0.539563 0 
0.513039 0.54291 0 
0.513021 0.538202 0 
0.512994 0.521889 0 
0.512983 0.539645 0 
0.51296 0.540862 0 
0.512951 0.540194 0 
0.512939 0.514298 0 
0.512919 0.517925 0 
0.512919 0.540638 0 
0.512919 0.538202 0 
0.512917 0.540095 0 
0.512907 0.516306 0 
0.512883 0.537786 0 
0.51288 0.541134 0 
0.512878 0.539961 0 
0.512877 0.537786 0 
0.512864 0.539951 0 
0.512833 0.537409 0 
0.512825 0.537786 0 
0.512805 0.538966 0 
0.512802 0.540136 0 
0.512772 0.542682 0 
0.512677 0.52157 0 
0.512657 0.523376 0 
0.512612 0.540565 0 
0.512612 0.514239 0 
0.512602 0.540638 0 
0.512589 0.542124 0 
0.512572 0.540336 0 
0.512538 0.538585 0 
0.512523 0.540438 0 
0.512484 0.541491 0 
0.512477 0.520905 0 
0.512452 0.540483 0 
0.512395 0.539056 0 
0.512393 0.519492 0 
0.512364 0.541493 0 
0.512337 0.541025 0 
0.512292 0.542348 0 
0.512212 0.540755 0 
0.512199 0.545533 0 
0.512102 0.54046 0 
0.51206 0.541021 0 
0.512049 0.539056 0 
0.512045 0.54398 0 
0.512039 0.541685 0 
0.512021 0.539674 0 
0.512013 0.542185 0 
0.511937 0.515562 0 
0.511913 0.517803 0 
0.511909 0.539143 0 
0.511904 0.539094 0 
0.511861 0.541514 0 
0.51186 0.544627 0 
0.511806 0.540194 0 
0.51179 0.54065 0 
0.511708 0.543119 0 
0.511703 0.540565 0 
0.511692 0.541569 0 
0.511659 0.541461 0 
0.511656 0.539754 0 
0.511621 0.543393 0 
0.511578 0.543736 0 
0.511552 0.540064 0 
0.511545 0.539754 0 
0.511519 0.540289 0 
0.511513 0.540395 0 
0.511495 0.512186 0 
0.511493 0.546323 0 
0.511357 0.542635 0 
0.511306 0.540862 0 
0.511289 0.543862 0 
0.511258 0.541141 0 
0.511257 0.541383 0 
0.511163 0.548088 0 
0.511089 0.5426 0 
0.511067 0.517011 0 
0.510998 0.542204 0 
0.510952 0.542894 0 
0.510842 0.544683 0 
0.510831 0.540511 0 
0.510685 0.541555 0 
0.510624 0.545105 0 
0.510567 0.542175 0 
0.510551 0.54398 0 
0.510528 0.545922 0 
0.510492 0.543432 0 
0.510377 0.545307 0 
0.510119 0.545555 0 
0.510118 0.545922 0 
0.50996 0.543707 0 
0.509709 0.5131 0 
0.509671 0.510227 0 
0.509562 0.546323 0 
0.509018 0.546847 0 
0.216421 0.225171 1 
0.215898 0.225652 1 
0.215878 0.224944 1 
0.215775 0.228619 1 
0.215238 0.22302 1 
0.215051 0.225618 1 
0.214936 0.230231 1 
0.214893 0.225909 1 
0.214739 0.222141 1 
0.214477 0.229579 1 
0.214477 0.223807 1 
0.21442 0.228672 1 
0.214147 0.225218 1 
0.214127 0.224038 1 
0.214018 0.226344 1 
0.213767 0.226875 1 
0.213735 0.225545 1 
0.213646 0.222301 1 
0.213644 0.222593 1 
0.213537 0.219744 1 
0.213396 0.223619 1 
0.213387 0.222626 1 
0.213321 0.221737 1 
0.213274 0.219301 1 
0.213262 0.222092 1 
0.21326 0.223191 1 
0.213229 0.222728 1 
0.213205 0.224211 1 
0.213171 0.223865 1 
0.213107 0.219068 1 
0.213099 0.22009 1 
0.213079 0.227832 1 
0.213055 0.221837 1 
0.213041 0.223155 1 
0.213037 0.222887 1 
0.212952 0.219743 1 
0.212914 0.223408 1 
0.212834 0.222092 1 
0.212831 0.220911 1 
0.21282 0.226169 1 
0.212817 0.22248 1 
0.21281 0.220471 1 
0.2128 0.226551 1 
0.2128 0.219112 1 
0.212766 0.224817 1 
0.212711 0.219112 1 
0.21259 0.224989 1 
0.212561 0.225146 1 
0.212505 0.221217 1 
0.2125 0.225627 1 
0.212491 0.221292 1 
0.212466 0.221737 1 
0.212406 0.220549 1 
0.21232 0.225112 1 
0.212238 0.219741 1 
0.212198 0.226035 1 
0.212165 0.222593 1 
0.212157 0.224817 1 
0.212149 0.221114 1 
0.212122 0.218955 1 
0.212094 0.22009 1 
0.212066 0.223083 1 
0.212066 0.225545 1 
0.212025 0.223487 1 
0.212013 0.229115 1 
0.211995 0.230419 1 
0.211908 0.225139 1 
0.211902 0.219301 1 
0.211899 0.23308 1 
0.211894 0.222811 1 
0.211878 0.224438 1 
0.211797 0.221004 1 
0.211793 0.225988 1 
0.21177 0.220725 1 
0.211724 0.22002 1 
0.211698 0.221845 1 
0.211673 0.224955 1 
0.211527 0.223971 1 
0.211491 0.221217 1 
0.21145 0.220695 1 
0.211432 0.225039 1 
0.211425 0.224599 1 
0.211368 0.221446 1 
0.211287 0.219301 1 
0.211286 0.223016 1 
0.211268 0.225988 1 
0.211258 0.222961 1 
0.21124 0.223865 1 
0.211238 0.229115 1 
0.21123 0.222416 1 
0.211159 0.222638 1 
0.211085 0.218472 1 
0.211024 0.226099 1 
0.211007 0.220695 1 
0.21098 0.222638 1 
0.210974 0.228877 1 
0.210925 0.225883 1 
0.210919 0.226895 1 
0.210905 0.219068 1 
0.210868 0.222141 1 
0.210786 0.223304 1 
0.210775 0.215836 1 
0.210622 0.22027 1 
0.210499 0.224647 1 
0.210496 0.223016 1 
0.210494 0.229698 1 
0.210486 0.221004 1 
0.210478 0.223575 1 
0.210471 0.221114 1 
0.210455 0.224788 1 
0.210444 0.223505 1 
0.21042 0.221502 1 
0.210339 0.22935 1 
0.210334 0.217482 1 
0.210253 0.224002 1 
0.210113 0.225545 1 
0.210105 0.219744 1 
0.210029 0.222638 1 
0.20985 0.221217 1 
0.209847 0.227766 1 
0.209832 0.219068 1 
0.209804 0.221292 1 
0.209755 0.223667 1 
0.209741 0.226345 1 
0.20974 0.209747 1 
0.209728 0.22345 1 
0.209711 0.221845 1 
0.209675 0.210827 1 
0.209661 0.220993 1 
0.20963 0.223329 1 
0.209576 0.211913 1 
0.209573 0.219112 1 
0.209547 0.228586 1 
0.209542 0.222283 1 
0.209537 0.222935 1 
0.209513 0.224002 1 
0.209501 0.224682 1 
0.209452 0.218472 1 
0.209436 0.221456 1 
0.20943 0.219741 1 
0.209411 0.225282 1 
0.20941 0.222283 1 
0.209373 0.210719 1 
0.209346 0.22252 1 
0.20934 0.210083 1 
0.209336 0.22252 1 
0.209257 0.224002 1 
0.209203 0.225834 1 
0.209169 0.220695 1 
0.209148 0.225098 1 
0.209106 0.223114 1 
0.209066 0.219741 1 
0.208846 0.222638 1 
0.208842 0.219068 1 
0.208826 0.222041 1 
0.208809 0.220254 1 
0.2088 0.215836 1 
0.208738 0.209481 1 
0.208732 0.219872 1 
0.208698 0.210726 1 
0.208627 0.223378 1 
0.208622 0.223378 1 
0.208588 0.224002 1 
0.20858 0.220549 1 
0.208579 0.210352 1 
0.208532 0.22009 1 
0.208493 0.225146 1 
0.208445 0.215836 1 
0.208433 0.210577 1 
0.208431 0.224286 1 
0.208431 0.220254 1 
0.208404 0.225563 1 
0.208345 0.209375 1 
0.208332 0.227773 1 
0.20833 0.222593 1 
0.208325 0.225335 1 
0.208305 0.209217 1 
0.208302 0.209497 1 
0.208297 0.22734 1 
0.208267 0.221292 1 
0.208266 0.209755 1 
0.208217 0.210258 1 
0.208125 0.221429 1 
0.208089 0.222416 1 
0.208063 0.220254 1 
0.208062 0.221845 1 
0.208061 0.20813 1 
0.208029 0.208795 1 
0.208026 0.219068 1 
0.208005 0.209059 1 
0.207975 0.20853 1 
0.207905 0.208066 1 
0.207888 0.208733 1 
0.207864 0.211305 1 
0.207835 0.207891 1 
0.207736 0.209447 1 
0.207717 0.221943 1 
0.207695 0.208772 1 
0.207677 0.217784 1 
0.207641 0.211545 1 
0.207632 0.219112 1 
0.207628 0.221737 1 
0.207606 0.208675 1 
0.207579 0.22106 1 
0.207565 0.207817 1 
0.207536 0.215836 1 
0.207521 0.218955 1 
0.207498 0.225098 1 
0.207469 0.210911 1 
0.20744 0.209078 1 
0.207414 0.224195 1 
0.20738 0.221382 1 
0.207342 0.222092 1 
0.207342 0.229698 1 
0.207168 0.222726 1 
0.207125 0.208262 1 
0.207115 0.219112 1 
0.207074 0.224337 1 
0.207071 0.209837 1 
0.20701 0.211233 1 
0.206979 0.208822 1 
0.206962 0.213879 1 
0.20696 0.223115 1 
0.206929 0.209236 1 
0.206899 0.210716 1 
0.206859 0.221429 1 
0.206774 0.208502 1 
0.206749 0.218402 1 
0.206709 0.225988 1 
0.206701 0.211045 1 
0.206696 0.208274 1 
0.206671 0.210003 1 
0.206656 0.209841 1 
0.206648 0.206922 1 
0.206622 0.206754 1 
0.20662 0.20965 1 
0.206609 0.223505 1 
0.206601 0.220695 1 
0.206498 0.225988 1 
0.206492 0.207658 1 
0.206482 0.206751 1 
0.206472 0.217784 1 
0.206463 0.207114 1 
0.206424 0.209084 1 
0.206409 0.206507 1 
0.206396 0.217482 1 
0.206378 0.209917 1 
0.206376 0.222624 1 
0.20633 0.206753 1 
0.206297 0.208475 1 
0.206274 0.206293 1 
0.206232 0.209729 1 
0.20623 0.220549 1 
0.206209 0.207991 1 
0.206199 0.207485 1 
0.206148 0.217482 1 
0.206143 0.209873 1 
0.206139 0.225545 1 
0.206104 0.222887 1 
0.206069 0.223191 1 
0.206061 0.220695 1 
0.206056 0.218402 1 
0.205996 0.218402 1 
0.205922 0.206822 1 
0.205908 0.207174 1 
0.205906 0.209524 1 
0.205889 0.220911 1 
0.205872 0.206907 1 
0.205849 0.206077 1 
0.205817 0.221456 1 
0.205786 0.206559 1 
0.205781 0.223667 1 
0.205761 0.20644 1 
0.205717 0.223656 1 
0.205673 0.227261 1 
0.205622 0.207601 1 
0.205578 0.218955 1 
0.205571 0.22027 1 
0.205528 0.222895 1 
0.205444 0.219872 1 
0.20544 0.206961 1 
0.205439 0.208643 1 
0.205423 0.220254 1 
0.205394 0.223404 1 
0.205394 0.22 1 
0.205375 0.205685 1 
0.205362 0.222489 1 
0.20529 0.208941 1 
0.205287 0.223715 1 
0.205258 0.206506 1 
0.205256 0.225219 1 
0.205218 0.223865 1 
0.205193 0.209682 1 
0.205175 0.223715 1 
0.205175 0.209056 1 
0.205129 0.206555 1 
0.205106 0.209741 1 
0.205092 0.207663 1 
0.20507 0.2057 1 
0.20504 0.209755 1 
0.205025 0.207092 1 
0.205006 0.222003 1 
0.20498 0.207603 1 
0.204976 0.210102 1 
0.204941 0.217482 1 
0.2049 0.221114 1 
0.204895 0.221915 1 
0.204829 0.210577 1 
0.204798 0.210384 1 
0.204777 0.205288 1 
0.204753 0.222141 1 
0.204745 0.205868 1 
0.204739 0.212406 1 
0.204658 0.210079 1 
0.204649 0.217784 1 
0.204614 0.218402 1 
0.204608 0.221915 1 
0.204553 0.211618 1 
0.204518 0.218955 1 
0.204495 0.221004 1 
0.204478 0.221574 1 
0.204475 0.220725 1 
0.204467 0.219741 1 
0.204458 0.207663 1 
0.204445 0.22027 1 
0.204424 0.22009 1 
0.204369 0.218955 1 
0.204318 0.22027 1 
0.2043 0.222003 1 
0.204285 0.207658 1 
0.20426 0.211879 1 
0.20423 0.220606 1 
0.204206 0.221004 1 
0.204089 0.219744 1 
0.204063 0.219228 1 
0.203995 0.215836 1 
0.203995 0.219228 1 
0.203972 0.221217 1 
0.203894 0.207128 1 
0.203886 0.20868 1 
0.203885 0.204366 1 
0.203874 0.221114 1 
0.203861 0.22002 1 
0.203861 0.221429 1 
0.203838 0.210716 1 
0.203825 0.210333 1 
0.203809 0.220993 1 
0.203806 0.220725 1 
0.203805 0.222141 1 
0.203783 0.221456 1 
0.203724 0.224002 1 
0.203496 0.223166 1 
0.203201 0.221013 1 
0.203199 0.211704 1 
0.203149 0.221265 1 
0.203087 0.221292 1 
0.202899 0.209149 1 
0.202749 0.219743 1 
0.202714 0.221737 1 
0.202701 0.222575 1 
0.202468 0.203435 1 
0.202454 0.20558 1 
0.202443 0.218472 1 
0.202436 0.206599 1 
0.202417 0.220911 1 
0.202378 0.223408 1 
0.201992 0.203527 1 
0.100416 0.104515 2 
0.0997881 0.100855 2 
0.0997738 0.0999622 2 
0.0990667 0.0994127 2 
0.0990552 0.101674 2 
0.0989702 0.103273 2 
0.0985496 0.103423 2 
0.0985337 0.106276 2 
0.0984955 0.0986189 2 
0.0984257 0.100949 2 
0.0982698 0.101368 2 
0.0977267 0.0989645 2 
0.0973567 0.102476 2 
0.0972554 0.101515 2 
0.0971024 0.100139 2 
0.0970937 0.102694 2 
0.0970547 0.0980643 2 
0.0970005 0.0987902 2 
0.0969502 0.0974167 2 
0.096779 0.0989233 2 
0.0967735 0.0995511 2 
0.0965678 0.102476 2 
0.0965422 0.0974887 2 
0.0964416 0.0981844 2 
0.0964301 0.101362 2 
0.0964042 0.0974586 2 
0.0963078 0.102694 2 
0.0963045 0.0966519 2 
0.0962798 0.100517 2 
0.0962345 0.100903 2 
0.0962311 0.0973161 2 
0.0961143 0.097729 2 
0.0960269 0.0982484 2 
0.0959513 0.0965743 2 
0.0958276 0.101807 2 
0.0957932 0.0988191 2 
0.0957896 0.0993649 2 
0.0957639 0.0991591 2 
0.0957078 0.0976273 2 
0.0956952 0.100691 2 
0.0956343 0.0969294 2 
0.09563 0.0996657 2 
0.0956299 0.100541 2 
0.0956171 0.0980467 2 
0.0954204 0.0982902 2 
0.0954078 0.0995619 2 
0.0953611 0.0982522 2 
0.0953609 0.0981722 2 
0.0952986 0.0957353 2 
0.095263 0.099044 2 
0.0952586 0.0992211 2 
0.0952176 0.0976273 2 
0.0951896 0.0968451 2 
0.0951548 0.103465 2 
0.0951261 0.0999599 2 
0.0951228 0.0960334 2 
0.0949455 0.100421 2 
0.0949435 0.0986333 2 
0.0948612 0.0965743 2 
0.0948422 0.0985675 2 
0.0947954 0.0975537 2 
0.0947419 0.0966519 2 
0.0947175 0.0957353 2 
0.0947072 0.0986333 2 
0.0947016 0.0976134 2 
0.0946949 0.0960334 2 
0.0946904 0.0951408 2 
0.0946728 0.0994068 2 
0.0946322 0.0968263 2 
0.0945521 0.0955197 2 
0.0944853 0.0955197 2 
0.0943944 0.0998693 2 
0.0943904 0.0968451 2 
0.0943883 0.0955902 2 
0.0943666 0.102187 2 
0.0942439 0.0991888 2 
0.0941975 0.0959345 2 
0.0941686 0.101497 2 
0.0941684 0.0968263 2 
0.0941131 0.0995511 2 
0.0940937 0.0968263 2 
0.0940702 0.0978903 2 
0.0940281 0.0973118 2 
0.0939491 0.0977581 2 
0.0939096 0.0965285 2 
0.0938779 0.0962469 2 
0.0938292 0.0953663 2 
0.0938167 0.0941454 2 
0.0937691 0.0967015 2 
0.0937447 0.0984176 2 
0.0937274 0.0971258 2 
0.0936918 0.0955902 2 
0.0936425 0.100139 2 
0.0935959 0.100199 2 
0.0934384 0.102694 2 
0.0934274 0.0978655 2 
0.0934216 0.0968263 2 
0.0933913 0.0995721 2 
0.0933907 0.100998 2 
0.0933686 0.0945514 2 
0.0933612 0.0975059 2 
0.0933461 0.0962469 2 
0.0932602 0.0989077 2 
0.0932567 0.0934002 2 
0.093217 0.0960123 2 
0.0932169 0.0990088 2 
0.0932009 0.0976693 2 
0.093151 0.0994172 2 
0.0931325 0.0957423 2 
0.0931074 0.0958479 2 
0.0931043 0.097896 2 
0.093087 0.0981864 2 
0.0930683 0.0980321 2 
0.0930413 0.0934175 2 
0.0930034 0.0953663 2 
0.0929907 0.0945514 2 
0.0929759 0.0938559 2 
0.0929088 0.0974581 2 
0.0928768 0.0969074 2 
0.0927704 0.0982522 2 
0.092768 0.0951224 2 
0.0927336 0.0932952 2 
0.0927011 0.0969446 2 
0.0926521 0.095535 2 
0.0926517 0.0989021 2 
0.0926219 0.0969074 2 
0.0926178 0.0968516 2 
0.0925883 0.0977581 2 
0.0925728 0.0926046 2 
0.0924855 0.0949933 2 
0.0924741 0.0929861 2 
0.0924589 0.0960334 2 
0.0924509 0.0927817 2 
0.0924433 0.097896 2 
0.0924131 0.0933529 2 
0.0923818 0.0949933 2 
0.0923407 0.0975487 2 
0.0923375 0.0985217 2 
0.0923334 0.0969446 2 
0.0923053 0.0958527 2 
0.0923029 0.0967015 2 
0.0922727 0.0970061 2 
0.0922077 0.0951814 2 
0.092203 0.0935478 2 
0.0921988 0.0941182 2 
0.0921416 0.0965743 2 
0.0921164 0.0964149 2 
0.091989 0.0997782 2 
0.0919807 0.0929058 2 
0.0919616 0.0978202 2 
0.0919451 0.0960123 2 
0.0919223 0.0922371 2 
0.0919196 0.0951224 2 
0.0919058 0.0977581 2 
0.0919026 0.0934085 2 
0.0919016 0.0923105 2 
0.091859 0.0968516 2 
0.0918207 0.0948953 2 
0.0918133 0.0993649 2 
0.0918113 0.0941454 2 
0.0917907 0.092675 2 
0.0917549 0.094702 2 
0.0917059 0.099044 2 
0.0916816 0.0934175 2 
0.0916527 0.0947468 2 
0.0916518 0.0919388 2 
0.0916476 0.0941454 2 
0.0916399 0.0995619 2 
0.0915898 0.0971258 2 
0.0915674 0.0937347 2 
0.0915186 0.0993712 2 
0.0914943 0.0995322 2 
0.0914746 0.0975059 2 
0.0914293 0.094468 2 
0.0914139 0.0960315 2 
0.0914077 0.0960123 2 
0.0913569 0.0995511 2 
0.0913279 0.0966519 2 
0.0912702 0.0988296 2 
0.0912173 0.0933853 2 
0.09121 0.0937529 2 
0.0911453 0.094468 2 
0.0911302 0.0957353 2 
0.0910336 0.0919056 2 
0.0910021 0.0957828 2 
0.0909104 0.0957479 2 
0.090891 0.0995511 2 
0.0908899 0.0962469 2 
0.0908679 0.0917317 2 
0.0908486 0.0909291 2 
0.090832 0.0977765 2 
0.0908251 0.0941454 2 
0.0907818 0.101115 2 
0.0907286 0.0922395 2 
0.0906719 0.0912191 2 
0.0906529 0.094702 2 
0.0906034 0.0969446 2 
0.090576 0.09336 2 
0.0905631 0.0931593 2 
0.0905518 0.0908984 2 
0.090527 0.0921754 2 
0.0905214 0.0906816 2 
0.0904463 0.0905691 2 
0.0904259 0.0907351 2 
0.0904106 0.0951224 2 
0.090385 0.0978376 2 
0.0903699 0.0913566 2 
0.0903354 0.0960315 2 
0.0903319 0.0973161 2 
0.0903191 0.0977581 2 
0.0903124 0.0921719 2 
0.0902997 0.092358 2 
0.0902752 0.0912409 2 
0.0902659 0.0966467 2 
0.0902358 0.0909965 2 
0.0902155 0.0931903 2 
0.0902151 0.0906067 2 
0.090213 0.0962469 2 
0.0901976 0.0936224 2 
0.0901613 0.0930019 2 
0.0901606 0.0949933 2 
0.0900504 0.0977574 2 
0.0899766 0.0968451 2 
0.0899551 0.0982835 2 
0.0899504 0.0916829 2 
0.0898835 0.0924844 2 
0.0898829 0.0907286 2 
0.0898138 0.0979732 2 
0.0898094 0.0907596 2 
0.0897835 0.0983056 2 
0.0897791 0.089991 2 
0.0897359 0.0911101 2 
0.0897349 0.0919599 2 
0.0897214 0.0915449 2 
0.0897057 0.092675 2 
0.089694 0.0934002 2 
0.0896782 0.0911912 2 
0.0896515 0.0937529 2 
0.0896184 0.0901881 2 
0.0895771 0.0912464 2 
0.0895668 0.0935881 2 
0.0895639 0.0976273 2 
0.0895336 0.0919522 2 
0.0894996 0.0962469 2 
0.0894614 0.0937529 2 
0.0894573 0.0950213 2 
0.0894544 0.0980479 2 
0.0894134 0.0906892 2 
0.0893395 0.0967009 2 
0.0893163 0.092675 2 
0.0893143 0.0972078 2 
0.089302 0.0908045 2 
0.0892735 0.0967009 2 
0.0892573 0.094468 2 
0.0892442 0.0986826 2 
0.0891965 0.0962891 2 
0.0891742 0.0958527 2 
0.0891714 0.0912731 2 
0.0891329 0.0984839 2 
0.0890971 0.0951123 2 
0.0890583 0.0919975 2 
0.0890391 0.08944 2 
0.0890328 0.0929744 2 
0.0890182 0.0951814 2 
0.0890147 0.0933853 2 
0.0889197 0.0976693 2 
0.0888965 0.0945921 2 
0.0888864 0.0971609 2 
0.0888713 0.0965285 2 
0.0888401 0.0896064 2 
0.0888221 0.0953663 2 
0.088821 0.0935801 2 
0.0887751 0.0935881 2 
0.088771 0.0916845 2 
0.0887663 0.0906121 2 
0.088715 0.0945766 2 
0.0886895 0.0951224 2 
0.0886004 0.0916409 2 
0.0885514 0.0888889 2 
0.0885468 0.0916924 2 
0.0885247 0.0906282 2 
0.0885196 0.0886587 2 
0.0885159 0.092964 2 
0.0884981 0.0975587 2 
0.0884268 0.0898737 2 
0.0884222 0.0901718 2 
0.0883596 0.0922371 2 
0.0883287 0.0973118 2 
0.0883231 0.0899183 2 
0.0882339 0.092675 2 
0.088209 0.095535 2 
0.088168 0.0883334 2 
0.0881662 0.0903329 2 
0.0881626 0.0950196 2 
0.0881001 0.0927414 2 
0.0880334 0.0965147 2 
0.0880259 0.0937529 2 
0.0880119 0.0957423 2 
0.08801 0.0908045 2 
0.0880054 0.0908676 2 
0.0879943 0.0953663 2 
0.0879847 0.0930783 2 
0.0879744 0.0887483 2 
0.0879719 0.0881943 2 
0.087929 0.0955902 2 
0.0878891 0.0955197 2 
0.0878564 0.094702 2 
0.087848 0.0913863 2 
0.0878478 0.0933497 2 
0.0878062 0.0955902 2 
0.0877814 0.0950606 2 
0.0877755 0.0957423 2 
0.0877747 0.095535 2 
0.0877613 0.0917899 2 
0.0877362 0.0960334 2 
0.0876816 0.0912464 2 
0.0876797 0.0949933 2 
0.0876697 0.0883499 2 
0.0876612 0.0941995 2 
0.0875511 0.0963258 2 
0.0875476 0.0965147 2 
0.0874885 0.0959345 2 
0.0874653 0.0941995 2 
0.0874613 0.0959047 2 
0.0874356 0.0911109 2 
0.0874355 0.0979069 2 
0.0873723 0.0954341 2 
0.087326 0.0965285 2 
0.0872869 0.0964337 2 
0.0872551 0.095535 2 
0.0872084 0.0902437 2 
0.0871975 0.0949933 2 
0.0870712 0.0957353 2 
0.0870463 0.0960123 2 
0.087036 0.0965147 2 
0.0870249 0.0884759 2 
0.0869715 0.0948953 2 
0.0869662 0.0973118 2 
0.0869587 0.0960315 2 
0.0869148 0.0959345 2 
0.0867134 0.0958479 2 
0.0866789 0.0948379 2 
0.0863199 0.0944666 2 
0.0860904 0.0906596 2 
0.086085 0.0934175 2 
0.0859007 0.08796 2 
0.0857535 0.088569 2 
0.0498851 0.0499018 3 
0.0486129 0.0502489 3 
0.0475436 0.0480439 3 
0.0475 0.0477031 3 
0.0470362 0.0473824 3 
0.0469173 0.0480439 3 
0.0465285 0.0478969 3 
0.0464267 0.0475503 3 
0.0463527 0.0469127 3 
0.046219 0.0472958 3 
0.0460755 0.046745 3 
0.0460737 0.0463338 3 
0.0460381 0.0473814 3 
0.0458241 0.0458837 3 
0.0457572 0.0458745 3 
0.0454717 0.0455246 3 
0.04546 0.0464076 3 
0.0454536 0.0480915 3 
0.0454508 0.0469387 3 
0.0453663 0.0455151 3 
0.045208 0.0467076 3 
0.0451853 0.0455359 3 
0.0450442 0.0454265 3 
0.0449685 0.0486195 3 
0.0449125 0.0451021 3 
0.0446691 0.045759 3 
0.0446621 0.0451021 3 
0.044658 0.0473354 3 
0.0446513 0.045949 3 
0.0446381 0.0448997 3 
0.0446129 0.0448491 3 
0.0445018 0.0452721 3 
0.0445008 0.0463963 3 
0.0444835 0.0456717 3 
0.0444711 0.0445164 3 
0.0444412 0.0452075 3 
0.0443654 0.046676 3 
0.0443267 0.0478969 3 
0.0442918 0.0458646 3 
0.0442776 0.0445164 3 
0.0442637 0.0463578 3 
0.0442591 0.0448853 3 
0.0442401 0.04425 3 
0.0442276 0.0449084 3 
0.0442269 0.0444819 3 
0.0442258 0.0448853 3 
0.0441242 0.0457132 3 
0.0440719 0.0462805 3 
0.0440089 0.0446973 3 
0.0439535 0.0456212 3 
0.0439266 0.0452262 3 
0.043912 0.0444592 3 
0.0438695 0.0460488 3 
0.0438656 0.0438898 3 
0.0438536 0.0439404 3 
0.0438281 0.0444819 3 
0.0437768 0.0444102 3 
0.0437029 0.0444297 3 
0.0436886 0.0450461 3 
0.0436843 0.045017 3 
0.043682 0.0444819 3 
0.0436657 0.0463963 3 
0.0436647 0.0441688 3 
0.0436281 0.0454265 3 
0.0435293 0.0443323 3 
0.0435205 0.0444185 3 
0.0434898 0.0449011 3 
0.0434263 0.0438946 3 
0.0433931 0.04504 3 
0.043324 0.0435843 3 
0.043254 0.0435117 3 
0.0432128 0.0442329 3 
0.0432114 0.0442926 3 
0.0431948 0.047026 3 
0.0431917 0.0441819 3 
0.0431303 0.0444755 3 
0.043114 0.0461934 3 
0.0430304 0.04425 3 
0.0430283 0.0442536 3 
0.0430275 0.0458414 3 
0.0430098 0.0455151 3 
0.043009 0.0434789 3 
0.0429932 0.0473204 3 
0.0429907 0.0454757 3 
0.0429907 0.0442854 3 
0.0429879 0.0435649 3 
0.042983 0.0430295 3 
0.0429772 0.0439041 3 
0.0429757 0.0438898 3 
0.0429611 0.0445472 3 
0.0429448 0.0434928 3 
0.0429408 0.043569 3 
0.042913 0.0439472 3 
0.0429123 0.0433229 3 
0.0428895 0.0458745 3 
0.0428637 0.0456619 3 
0.0428596 0.0448802 3 
0.0428567 0.0443006 3 
0.042828 0.0437888 3 
0.0428009 0.0458646 3 
0.0427822 0.043126 3 
0.0427318 0.0435649 3 
0.0427284 0.044342 3 
0.0427035 0.046427 3 
0.0426735 0.0442121 3 
0.0426581 0.0439472 3 
0.0426507 0.0444102 3 
0.0426173 0.0435649 3 
0.0426114 0.0447076 3 
0.0426077 0.0439462 3 
0.0426039 0.0444592 3 
0.0425844 0.0458646 3 
0.0425504 0.0435275 3 
0.0425034 0.0435724 3 
0.0425006 0.0447345 3 
0.0424785 0.0445261 3 
0.0424747 0.0445012 3 
0.0424626 0.0431123 3 
0.0424519 0.0457172 3 
0.0424441 0.0428777 3 
0.0424279 0.0424909 3 
0.0424269 0.043302 3 
0.0424029 0.0424556 3 
0.0423975 0.0438946 3 
0.0423833 0.0425204 3 
0.0423434 0.0432764 3 
0.0423207 0.0427853 3 
0.0422964 0.0424902 3 
0.0422933 0.0424942 3 
0.0422656 0.0432367 3 
0.0422111 0.0439472 3 
0.0421553 0.0443613 3 
0.0421473 0.0421938 3 
0.0421341 0.042517 3 
0.0420644 0.0421509 3 
0.0420305 0.0434855 3 
0.0420283 0.0425854 3 
0.0420244 0.0424303 3 
0.0420184 0.0439257 3 
0.0419789 0.0442329 3 
0.0419747 0.0452721 3 
0.0419429 0.0438623 3 
0.0418843 0.043624 3 
0.0418525 0.0435649 3 
0.0418433 0.0448958 3 
0.0418228 0.0426246 3 
0.0418219 0.0423465 3 
0.0418195 0.0429162 3 
0.0417777 0.0419661 3 
0.0417763 0.043093 3 
0.0417456 0.0431038 3 
0.0417206 0.0429539 3 
0.0417206 0.0445483 3 
0.0417056 0.0440891 3 
0.0416959 0.0431123 3 
0.0416516 0.042886 3 
0.0416474 0.0421544 3 
0.0416457 0.0432907 3 
0.0416224 0.0443154 3 
0.0415836 0.0444176 3 
0.041573 0.0449721 3 
0.0415705 0.0421072 3 
0.0415539 0.0444155 3 
0.0415356 0.0448491 3 
0.0415179 0.0419022 3 
0.0414933 0.0423294 3 
0.0414909 0.043126 3 
0.0414875 0.0443835 3 
0.0414817 0.0452041 3 
0.041435 0.0440601 3 
0.0414186 0.0451941 3 
0.0414061 0.041547 3 
0.0414046 0.0425013 3 
0.0413981 0.0466925 3 
0.0413971 0.0420994 3 
0.0413378 0.0439292 3 
0.0413319 0.043302 3 
0.0413239 0.0440674 3 
0.0413101 0.0419365 3 
0.0413033 0.0423235 3 
0.0412469 0.0442572 3 
0.0412214 0.0449924 3 
0.0412191 0.0444711 3 
0.0412066 0.0433773 3 
0.0411386 0.0419841 3 
0.0411325 0.0429032 3 
0.041107 0.0424909 3 
0.0410863 0.0420699 3 
0.041069 0.042709 3 
0.0410285 0.0421743 3 
0.0410277 0.0444438 3 
0.0410195 0.0412197 3 
0.0410194 0.0437368 3 
0.0410049 0.0432815 3 
0.0409875 0.0454713 3 
0.0409788 0.0435724 3 
0.0409712 0.0431943 3 
0.0409555 0.0436138 3 
0.0409531 0.0411762 3 
0.0409353 0.0424768 3 
0.040839 0.0409007 3 
0.0408369 0.0435275 3 
0.0408367 0.0422241 3 
0.0408208 0.0420092 3 
0.0408143 0.0411553 3 
0.0407662 0.0411346 3 
0.0407267 0.0434855 3 
0.0407151 0.0419983 3 
0.040711 0.0424243 3 
0.0406492 0.0441103 3 
0.0406419 0.0424303 3 
0.0405967 0.0449084 3 
0.0405251 0.0443654 3 
0.040525 0.0424939 3 
0.0405038 0.0424243 3 
0.0404969 0.0426186 3 
0.0404709 0.0431248 3 
0.040469 0.0438552 3 
0.0404629 0.0428974 3 
0.0404444 0.0436643 3 
0.0404415 0.0441702 3 
0.0404083 0.043231 3 
0.0403867 0.0431123 3 
0.040383 0.0436241 3 
0.0403749 0.0426012 3 
0.0403728 0.042528 3 
0.0403676 0.0440601 3 
0.0403408 0.0444297 3 
0.0403165 0.0432723 3 
0.0403152 0.0427668 3 
0.0403008 0.0435063 3 
0.0402921 0.0442237 3 
0.0402904 0.042245 3 
0.0402794 0.043126 3 
0.0402499 0.0422895 3 
0.0402354 0.0434753 3 
0.0401934 0.0421211 3 
0.0401752 0.0416977 3 
0.0401303 0.0449084 3 
0.04012 0.0402598 3 
0.0401161 0.0404883 3 
0.0401102 0.0435275 3 
0.0400934 0.0432547 3 
0.0400869 0.0417022 3 
0.0400624 0.0444711 3 
0.0399887 0.0432622 3 
0.0399795 0.0410296 3 
0.0399351 0.0442572 3 
0.0399236 0.0418789 3 
0.0398646 0.0437888 3 
0.0398542 0.0421743 3 
0.0398444 0.0434789 3 
0.0398366 0.0441819 3 
0.0398361 0.0435241 3 
0.0398266 0.0443682 3 
0.0398193 0.0434306 3 
0.0398159 0.0424768 3 
0.0397951 0.0436138 3 
0.0397777 0.0404225 3 
0.0397655 0.0432949 3 
0.0397579 0.0442121 3 
0.0397527 0.0447098 3 
0.0397468 0.0404537 3 
0.0397143 0.0441702 3 
0.0396873 0.0422895 3 
0.039687 0.0438641 3 
0.0396703 0.0426098 3 
0.0396143 0.0419747 3 
0.0396089 0.0434789 3 
0.0395804 0.0440891 3 
0.0395756 0.0437841 3 
0.0395655 0.0422472 3 
0.0395528 0.0427668 3 
0.0395204 0.0439041 3 
0.039503 0.0432764 3 
0.0394665 0.0435428 3 
0.0393808 0.0439257 3 
0.0393619 0.0446453 3 
0.0393169 0.0441014 3 
0.0391228 0.0425204 3 
0.0391111 0.0428767 3 
0.0390519 0.0439853 3 
0.0387047 0.0404211 3 
0.0386097 0.0423008 3 
0.0385647 0.0388854 3 
0.0384095 0.0411745 3 
0.0229718 0.023198 4 
0.0224074 0.0229207 4 
0.0223673 0.0226833 4 
0.0222347 0.0224094 4 
0.022082 0.0224202 4 
0.0220179 0.0233495 4 
0.021965 0.0223023 4 
0.0218892 0.0225807 4 
0.0218665 0.0222072 4 
0.0218197 0.0220502 4 
0.021813 0.0220359 4 
0.02174 0.0221456 4 
0.0217321 0.0221942 4 
0.0217118 0.0221928 4 
0.0216833 0.0221912 4 
0.0216659 0.0230234 4 
0.021601 0.0219037 4 
0.0215762 0.0217818 4 
0.0215479 0.0223261 4 
0.0215062 0.0221942 4 
0.0214905 0.0218922 4 
0.0214088 0.0217372 4 
0.0214019 0.0215987 4 
0.0213952 0.0218187 4 
0.021352 0.023044 4 
0.0212928 0.0212938 4 
0.0212805 0.0213007 4 
0.0211757 0.0226627 4 
0.0211644 0.021268 4 
0.021159 0.0217961 4 
0.0211534 0.0219126 4 
0.0210858 0.0211487 4 
0.0210385 0.0221285 4 
0.0210123 0.0214694 4 
0.0209914 0.0210893 4 
0.0209757 0.0221942 4 
0.0209598 0.0211487 4 
0.0209525 0.0215688 4 
0.0208955 0.0214136 4 
0.0208542 0.0218977 4 
0.0208341 0.0208832 4 
0.0208216 0.0221004 4 
0.0208187 0.0214164 4 
0.0208124 0.0210928 4 
0.0208087 0.0226026 4 
0.0207793 0.0220092 4 
0.0207741 0.0219037 4 
0.020722 0.0207618 4 
0.0207033 0.0208596 4 
0.0206979 0.0221055 4 
0.020695 0.0211092 4 
0.0206915 0.0209322 4 
0.0206723 0.0211225 4 
0.0206566 0.0213834 4 
0.0206377 0.0213032 4 
0.0206301 0.020942 4 
0.0206294 0.0209618 4 
0.020623 0.0211544 4 
0.0206078 0.020906 4 
0.0205636 0.0205947 4 
0.0205611 0.0209672 4 
0.0204944 0.0210149 4 
0.0204918 0.0207835 4 
0.0204897 0.0211491 4 
0.020459 0.0205434 4 
0.0204517 0.0215226 4 
0.0204405 0.0204897 4 
0.0204262 0.0204467 4 
0.0204243 0.0206403 4 
0.020422 0.020737 4 
0.0204082 0.0209277 4 
0.0204034 0.0205947 4 
0.0203937 0.0216947 4 
0.0203863 0.0204837 4 
0.0203584 0.0215795 4 
0.0203519 0.0214164 4 
0.0203489 0.0212368 4 
0.0203483 0.020848 4 
0.0203334 0.0212223 4 
0.0203215 0.0221482 4 
0.0203066 0.0206732 4 
0.0202926 0.0204406 4 
0.0202652 0.0228525 4 
0.0202646 0.0210092 4 
0.020257 0.0203014 4 
0.0202558 0.0214661 4 
0.0202511 0.0207776 4 
0.0202458 0.0212131 4 
0.020196 0.020737 4 
0.0201711 0.0203067 4 
0.020163 0.0203244 4 
0.0201495 0.0209772 4 
0.020127 0.0216724 4 
0.0201251 0.0204467 4 
0.020078 0.0204394 4 
0.0200322 0.0217152 4 
0.0200276 0.0209652 4 
0.020021 0.0209672 4 
0.0200175 0.0209698 4 
0.0200072 0.0207023 4 
0.0199976 0.0211013 4 
0.0199722 0.0214821 4 
0.0199542 0.0201452 4 
0.0199112 0.0214156 4 
0.0199078 0.0199646 4 
0.0199047 0.0206878 4 
0.0198929 0.0200562 4 
0.019862 0.0205058 4 
0.0198432 0.0201205 4 
0.0198419 0.0212163 4 
0.0198355 0.0214573 4 
0.0198347 0.0218141 4 
0.0198177 0.0204296 4 
0.0197926 0.0204394 4 
0.0197891 0.0206865 4 
0.0197779 0.0203788 4 
0.0197687 0.0202718 4 
0.0197657 0.020253 4 
0.0197594 0.0201797 4 
0.0197578 0.020486 4 
0.0197502 0.0204729 4 
0.0197474 0.0220396 4 
0.0197416 0.020864 4 
0.0196927 0.0198505 4 
0.0196901 0.0211699 4 
0.0196849 0.019817 4 
0.0196787 0.0202375 4 
0.0196758 0.0218004 4 
0.0196662 0.02038 4 
0.0196651 0.0198916 4 
0.0196536 0.0207552 4 
0.0196382 0.0196632 4 
0.0196123 0.019633 4 
0.0196117 0.0205058 4 
0.0196103 0.0216519 4 
0.0195987 0.0208124 4 
0.0195744 0.0200918 4 
0.0195698 0.0197037 4 
0.0195655 0.0215688 4 
0.019562 0.02158 4 
0.0195606 0.0201111 4 
0.0195462 0.0206664 4 
0.0195276 0.0205207 4 
0.0194912 0.0202441 4 
0.0194729 0.0200041 4 
0.0194714 0.0206053 4 
0.0194592 0.0211544 4 
0.0194574 0.0214248 4 
0.0194556 0.0206053 4 
0.0194548 0.0197037 4 
0.0194545 0.0206874 4 
0.0194273 0.0207118 4 
0.0194271 0.0205058 4 
0.0194117 0.0213472 4 
0.0194021 0.0209576 4 
0.0193968 0.0194603 4 
0.0193707 0.0202368 4 
0.0193664 0.0210216 4 
0.0193626 0.0206073 4 
0.0193257 0.0205392 4 
0.0192863 0.0198241 4 
0.0192763 0.0196889 4 
0.0192559 0.0208784 4 
0.0192528 0.0204326 4 
0.0192362 0.020619 4 
0.0192273 0.0204639 4 
0.0192213 0.0202154 4 
0.0192076 0.0208784 4 
0.0192048 0.0198731 4 
0.0192021 0.0201602 4 
0.0191909 0.0206827 4 
0.0191766 0.0201295 4 
0.0191717 0.0213284 4 
0.0191551 0.0207023 4 
0.01915 0.0207072 4 
0.0191296 0.0209626 4 
0.0191175 0.0207239 4 
0.0191157 0.0193588 4 
0.0191137 0.0203626 4 
0.0191109 0.0209691 4 
0.0191075 0.021407 4 
0.0191045 0.0201 4 
0.0190984 0.019285 4 
0.0190758 0.0206215 4 
0.019074 0.0208939 4 
0.0190714 0.0194619 4 
0.0190541 0.0207317 4 
0.0190528 0.0206607 4 
0.0190443 0.0207105 4 
0.0190348 0.0201295 4 
0.0190138 0.0207552 4 
0.0190065 0.0209618 4 
0.0189767 0.0201332 4 
0.01894 0.0208091 4 
0.018921 0.0208551 4 
0.0189061 0.0208825 4 
0.0189002 0.020617 4 
0.0188998 0.0209691 4 
0.0188888 0.0205207 4 
0.018888 0.0205865 4 
0.0188783 0.0192346 4 
0.0188592 0.0217152 4 
0.018845 0.020788 4 
0.0188222 0.0207023 4 
0.01882 0.0216074 4 
0.0187822 0.020817 4 
0.0187796 0.0210791 4 
0.0187447 0.0197037 4 
0.0187247 0.0214854 4 
0.0187024 0.0206649 4 
0.0186992 0.0212163 4 
0.0186733 0.0197841 4 
0.0186682 0.0208596 4 
0.0186613 0.020925 4 
0.0186338 0.0211602 4 
0.0186327 0.0203228 4 
0.0185878 0.020906 4 
0.0185353 0.0200409 4 
0.0185254 0.0204057 4 
0.0184558 0.0202375 4 
0.0184316 0.0203619 4 
0.0184273 0.0208534 4 
0.0183893 0.0191409 4 
0.0183411 0.0201119 4 
0.0182795 0.0201205 4 
0.0181602 0.0191587 4 
0.0180733 0.0183182 4 
0.0180656 0.0205592 4 
0.0116016 0.0116057 5 
0.0110519 0.0112083 5 
0.0109688 0.0112634 5 
0.0109296 0.0115765 5 
0.0108596 0.010867 5 
0.0108045 0.0113246 5 
0.0108005 0.01098 5 
0.0107973 0.0108263 5 
0.0107706 0.010867 5 
0.0106777 0.0113189 5 
0.0106702 0.0107218 5 
0.0106025 0.0108559 5 
0.0105568 0.0110162 5 
0.0105448 0.0110911 5 
0.0105385 0.0107233 5 
0.0104843 0.0107739 5 
0.0104662 0.0106508 5 
0.0104594 0.0105519 5 
0.0104269 0.0112547 5 
0.0104227 0.0107078 5 
0.0104219 0.010778 5 
0.010387 0.0111317 5 
0.0103798 0.0104616 5 
0.0103563 0.0103885 5 
0.010347 0.0108211 5 
0.0102869 0.0104838 5 
0.0102795 0.0106678 5 
0.010275 0.0104659 5 
0.0102717 0.0104699 5 
0.0102689 0.010867 5 
0.01024 0.0109508 5 
0.0102315 0.0112621 5 
0.0102246 0.0103299 5 
0.0102175 0.0102692 5 
0.0102071 0.0105689 5 
0.0102053 0.0108784 5 
0.0101872 0.0103095 5 
0.0101869 0.0105586 5 
0.0101808 0.010423 5 
0.0101692 0.0103095 5 
0.0101535 0.0105283 5 
0.0101361 0.0109548 5 
0.0101356 0.0105586 5 
0.0101281 0.010459 5 
0.010112 0.0102442 5 
0.0101047 0.0104796 5 
0.0100547 0.0101304 5 
0.0100536 0.0102845 5 
0.0100356 0.0105559 5 
0.0100109 0.0105829 5 
0.00999845 0.0102416 5 
0.00999289 0.0105809 5 
0.00996278 0.0100795 5 
0.00994066 0.0100011 5 
0.00992507 0.01031 5 
0.00991425 0.0104885 5 
0.00991104 0.0100715 5 
0.00988961 0.0103439 5 
0.00988638 0.0104057 5 
0.00988263 0.0105779 5 
0.00987748 0.0107509 5 
0.00986539 0.0103915 5 
0.00985374 0.00985568 5 
0.00984702 0.0104341 5 
0.00983322 0.0108133 5 
0.00982986 0.00983108 5 
0.00982592 0.00999143 5 
0.00982223 0.00986615 5 
0.00979596 0.0102692 5 
0.00978303 0.00981661 5 
0.00977074 0.0101118 5 
0.00976519 0.0103736 5 
0.00976115 0.0103736 5 
0.00975997 0.0104461 5 
0.0097593 0.0101411 5 
0.00975284 0.00987986 5 
0.00975005 0.0100989 5 
0.00974526 0.0106332 5 
0.00974494 0.00995847 5 
0.00974132 0.00976591 5 
0.00973255 0.0102777 5 
0.00972493 0.0102904 5 
0.00972375 0.0105045 5 
0.00971614 0.00983104 5 
0.0097157 0.0100108 5 
0.00970788 0.0106511 5 
0.0097054 0.0104516 5 
0.00970322 0.00975187 5 
0.00970309 0.0107848 5 
0.00970184 0.00992563 5 
0.00968579 0.0099666 5 
0.00968342 0.0098791 5 
0.00967709 0.0101826 5 
0.00967309 0.0100154 5 
0.00966842 0.010049 5 
0.00966136 0.00975366 5 
0.00965953 0.00978983 5 
0.00965194 0.0105239 5 
0.00964987 0.010051 5 
0.0096473 0.00976252 5 
0.00964527 0.00987986 5 
0.00964487 0.0100286 5 
0.00963369 0.0104354 5 
0.00962478 0.009743 5 
0.009617 0.00997305 5 
0.009614 0.00966323 5 
0.00960739 0.00961801 5 
0.00958079 0.0099021 5 
0.00956926 0.0100672 5 
0.00956232 0.00991514 5 
0.00955882 0.0105548 5 
0.00954721 0.0100151 5 
0.00953415 0.0103073 5 
0.0095312 0.0101027 5 
0.00951818 0.0099021 5 
0.00951719 0.00990973 5 
0.00950674 0.00992327 5 
0.00949127 0.00968019 5 
0.00947987 0.0100178 5 
0.00947198 0.00974494 5 
0.00946567 0.00948777 5 
0.00945958 0.0102416 5 
0.00945693 0.0100151 5 
0.00943441 0.0104838 5 
0.00943046 0.0103049 5 
0.00942463 0.0105884 5 
0.00942344 0.0101225 5 
0.00942337 0.009482 5 
0.00942336 0.0100715 5 
0.00942068 0.0103535 5 
0.00941876 0.0103817 5 
0.0094056 0.0100543 5 
0.00938653 0.0101263 5 
0.00938453 0.00969346 5 
0.00938038 0.0102713 5 
0.0093773 0.00968019 5 
0.00936965 0.0102382 5 
0.00936717 0.010201 5 
0.00936607 0.00954743 5 
0.00936603 0.010051 5 
0.00936555 0.0100462 5 
0.00935942 0.0098075 5 
0.00935792 0.0101993 5 
0.00935627 0.00953684 5 
0.00935572 0.00964144 5 
0.00934986 0.00980108 5 
0.00934695 0.0106914 5 
0.0093452 0.00937508 5 
0.0093388 0.0103535 5 
0.00933226 0.0102303 5 
0.00933027 0.00991882 5 
0.00932752 0.00999237 5 
0.00931338 0.0102901 5 
0.00930965 0.0100265 5 
0.00930486 0.0102271 5 
0.00930103 0.0102614 5 
0.00929416 0.0102563 5 
0.00927471 0.0108224 5 
0.00927153 0.0100151 5 
0.00926511 0.00957607 5 
0.00926395 0.0108056 5 
0.00925864 0.0103533 5 
0.00925707 0.0104204 5 
0.00923304 0.0101326 5 
0.00923065 0.00944173 5 
0.00922904 0.0100742 5 
0.00922746 0.0100742 5 
0.00922195 0.0102271 5 
0.00921964 0.01031 5 
0.00921547 0.0100126 5 
0.00921185 0.0105873 5 
0.00918943 0.0104131 5 
0.00918253 0.0101135 5 
0.00915653 0.010201 5 
0.00914585 0.00995847 5 
0.00913924 0.0105285 5 
0.0091154 0.0102527 5 
0.00911394 0.00951752 5 
0.00905922 0.010031 5 
0.00904493 0.0102563 5 
0.00902887 0.0104678 5 
0.00902119 0.00971402 5 
0.00898448 0.00963429 5 
0.0089723 0.0100525 5 
0.00896105 0.00976591 5 
0.00893343 0.0101885 5 
0.00892005 0.00963492 5 
0.00889732 0.00933057 5 
0.00883282 0.0101443 5 
0.00882639 0.00981661 5 
0.00882403 0.00958594 5 
0.00878847 0.00889473 5 
0.00875947 0.00921283 5 
0.00594438 0.00603397 6 
0.00570177 0.00595743 6 
0.00562763 0.00578406 6 
0.00555934 0.00557781 6 
0.00550012 0.00585746 6 
0.00547053 0.00567476 6 
0.00545234 0.0055611 6 
0.00543692 0.00549461 6 
0.0054052 0.00557603 6 
0.00538426 0.00540524 6 
0.0053544 0.00567342 6 
0.00533579 0.00541984 6 
0.00532889 0.00549305 6 
0.00532848 0.00573118 6 
0.00532781 0.00548127 6 
0.00531953 0.00548615 6 
0.00531122 0.00533542 6 
0.00528133 0.00561702 6 
0.00527914 0.00533136 6 
0.00527427 0.00564662 6 
0.00525052 0.00536775 6 
0.00522953 0.00526791 6 
0.00522643 0.00524781 6 
0.00519623 0.00546224 6 
0.00517343 0.00551694 6 
0.00516997 0.00551831 6 
0.00516752 0.00530274 6 
0.00515976 0.00555053 6 
0.00514857 0.0052604 6 
0.00514426 0.005234 6 
0.00511563 0.00524062 6 
0.00510571 0.00523616 6 
0.00509351 0.00537822 6 
0.00508479 0.00527008 6 
0.00506251 0.00508301 6 
0.00506136 0.00521592 6 
0.00504867 0.00522182 6 
0.00502681 0.00521749 6 
0.00502177 0.00509828 6 
0.00501684 0.00512691 6 
0.00501635 0.00539923 6 
0.00501351 0.00530089 6 
0.00500881 0.00518637 6 
0.00500224 0.00520244 6 
0.0049998 0.00513925 6 
0.00499487 0.00517055 6 
0.00499241 0.00508913 6 
0.00499071 0.00540508 6 
0.00498949 0.00537469 6 
0.00498766 0.00526237 6 
0.00498416 0.0052028 6 
0.00497045 0.00532724 6 
0.00495856 0.00536138 6 
0.00495049 0.00501694 6 
0.00492453 0.0050602 6 
0.00492335 0.00514977 6 
0.00491285 0.00517971 6 
0.0049003 0.0049554 6 
0.00489617 0.00514513 6 
0.00489602 0.0049812 6 
0.00488922 0.00528912 6 
0.00488772 0.00503718 6 
0.00488733 0.00508957 6 
0.00488726 0.0051499 6 
0.00488512 0.00519439 6 
0.00488319 0.00534132 6 
0.00487651 0.00509608 6 
0.00487425 0.00513573 6 
0.00487093 0.00498007 6 
0.00486515 0.00498778 6 
0.00486115 0.00497095 6 
0.0048574 0.00543287 6 
0.00485394 0.00486623 6 
0.00485335 0.00521766 6 
0.00484744 0.00501688 6 
0.00484571 0.00491779 6 
0.00484285 0.00484343 6 
0.00484074 0.00499269 6 
0.00483927 0.00501004 6 
0.00483538 0.00495348 6 
0.00483068 0.00495763 6 
0.00483047 0.00499642 6 
0.00482386 0.00515558 6 
0.00482301 0.0050412 6 
0.00481564 0.00491872 6 
0.00480153 0.00518572 6 
0.00480056 0.00500258 6 
0.00479578 0.00493422 6 
0.00479043 0.0052281 6 
0.00478493 0.0048458 6 
0.00477026 0.00493975 6 
0.00476922 0.00518572 6 
0.00476636 0.00489415 6 
0.00475726 0.00538409 6 
0.00474322 0.00504857 6 
0.00473835 0.0052604 6 
0.00473795 0.00508609 6 
0.00473738 0.00478098 6 
0.00473658 0.00476377 6 
0.00473265 0.00495624 6 
0.00473183 0.00508624 6 
0.00473168 0.00515073 6 
0.0047298 0.00491333 6 
0.00472859 0.00493758 6 
0.00472346 0.0051595 6 
0.00471552 0.00516137 6 
0.00471501 0.00507178 6 
0.0047138 0.00497524 6 
0.00471246 0.00507089 6 
0.00471054 0.00520745 6 
0.00471003 0.00492877 6 
0.00470513 0.00492146 6 
0.00469544 0.00527131 6 
0.00469463 0.00495452 6 
0.00469187 0.00479971 6 
0.00468495 0.0049181 6 
0.00468447 0.00532259 6 
0.00468222 0.00503261 6 
0.00467914 0.00497332 6 
0.00467897 0.00491872 6 
0.00467599 0.00508624 6 
0.00467239 0.00493758 6 
0.00466976 0.00536937 6 
0.00466835 0.0051499 6 
0.00466679 0.00469268 6 
0.004658 0.00523235 6 
0.00465708 0.00468998 6 
0.0046527 0.00500416 6 
0.0046522 0.00496128 6 
0.00464906 0.00533574 6 
0.00464634 0.00509259 6 
0.00463603 0.00492934 6 
0.00462916 0.00508642 6 
0.00462439 0.00515296 6 
0.00462156 0.00489488 6 
0.00462122 0.00471816 6 
0.0046205 0.00499153 6 
0.00461018 0.00484184 6 
0.00460968 0.00510662 6 
0.00460387 0.00541268 6 
0.00460258 0.00496899 6 
0.00459894 0.00530541 6 
0.00459854 0.00504907 6 
0.00459508 0.00469812 6 
0.00458502 0.00500416 6 
0.00458034 0.00507222 6 
0.00457914 0.00523099 6 
0.00457851 0.00520888 6 
0.00457785 0.0051736 6 
0.00457573 0.00508913 6 
0.00457552 0.00510662 6 
0.0045629 0.00480432 6 
0.00455881 0.00509282 6 
0.00454499 0.00469578 6 
0.00454023 0.00487523 6 
0.00453961 0.00512079 6 
0.00453124 0.00484681 6 
0.00452634 0.00475824 6 
0.00451525 0.0048609 6 
0.00451471 0.00451833 6 
0.00450806 0.00527596 6 
0.00447849 0.00507089 6 
0.00447585 0.00498769 6 
0.00444711 0.00481267 6 
0.00441176 0.00509623 6 
0.0044071 0.00513037 6 
0.00440362 0.00465277 6 
0.00440203 0.00441653 6 
0.00439325 0.00468998 6 
0.00432058 0.00481891 6 
0.00430757 0.00450959 6 
0.00430065 0.00461387 6 
0.00307868 0.00317081 7 
0.00301106 0.00310986 7 
0.00292043 0.0029842 7 
0.00290408 0.00291454 7 
0.00288049 0.00300542 7 
0.00284023 0.00286234 7 
0.0028127 0.00288817 7 
0.00279933 0.00285026 7 
0.0027718 0.00293149 7 
0.00276247 0.00288325 7 
0.0027621 0.00294504 7 
0.00275758 0.00288683 7 
0.00273799 0.00286418 7 
0.00273199 0.00275265 7 
0.00271978 0.00272424 7 
0.0027136 0.00294688 7 
0.00268244 0.00274498 7 
0.00268228 0.00283281 7 
0.00267702 0.0027097 7 
0.00267197 0.00270444 7 
0.00266011 0.0028062 7 
0.00263861 0.00286442 7 
0.00261883 0.00267214 7 
0.00261806 0.00265076 7 
0.00261727 0.00278207 7 
0.00261262 0.00267976 7 
0.00261248 0.0027324 7 
0.00261126 0.00269441 7 
0.00261086 0.00266646 7 
0.00259895 0.00262554 7 
0.00258709 0.00260499 7 
0.00258011 0.00271074 7 
0.00257401 0.00259834 7 
0.00256684 0.00256807 7 
0.00256463 0.00256878 7 
0.00256303 0.00272041 7 
0.00255296 0.00272517 7 
0.00255098 0.002684 7 
0.00254889 0.00260178 7 
0.00254755 0.00265338 7 
0.00254668 0.00266488 7 
0.00254257 0.00264443 7 
0.00254108 0.00257022 7 
0.0025357 0.0025762 7 
0.00253117 0.00273272 7 
0.0025299 0.00255735 7 
0.00252281 0.0027097 7 
0.00252166 0.00252337 7 
0.00251222 0.00262595 7 
0.00250677 0.00256279 7 
0.00250408 0.00252266 7 
0.00249922 0.0025389 7 
0.00249734 0.00266646 7 
0.0024973 0.00282472 7 
0.00249516 0.00267095 7 
0.00249435 0.0025655 7 
0.00249426 0.00267581 7 
0.00249395 0.00259617 7 
0.00249246 0.00251565 7 
0.00248868 0.00267045 7 
0.00248687 0.002571 7 
0.00248515 0.0026015 7 
0.0024824 0.00263048 7 
0.00247704 0.00255101 7 
0.00247609 0.00256448 7 
0.00247535 0.00254598 7 
0.0024725 0.00249733 7 
0.00247223 0.0025225 7 
0.00246696 0.00261481 7 
0.0024669 0.00247667 7 
0.00246619 0.00255296 7 
0.00245919 0.0024657 7 
0.00245552 0.00257228 7 
0.00245246 0.00253163 7 
0.00245153 0.00248377 7 
0.00244928 0.00250274 7 
0.00244798 0.00248419 7 
0.00244222 0.00266965 7 
0.00243911 0.00267219 7 
0.00243538 0.00258162 7 
0.00243359 0.00247667 7 
0.00243065 0.00252541 7 
0.0024303 0.00260672 7 
0.00243003 0.00254245 7 
0.00242916 0.00263872 7 
0.0024259 0.00242628 7 
0.00242062 0.00242928 7 
0.00241832 0.00255713 7 
0.00241774 0.002554 7 
0.00241389 0.00244291 7 
0.00241179 0.00245753 7 
0.00241176 0.00252156 7 
0.00241151 0.00250433 7 
0.00241133 0.002541 7 
0.00240843 0.00260948 7 
0.00240541 0.00255646 7 
0.00240528 0.00254519 7 
0.00240481 0.00251561 7 
0.00240361 0.00275042 7 
0.00240223 0.00268634 7 
0.00240094 0.0025095 7 
0.00239419 0.00263407 7 
0.00239377 0.00256162 7 
0.00239254 0.00268095 7 
0.00239158 0.0025478 7 
0.00238811 0.00250051 7 
0.0023876 0.00266763 7 
0.00238722 0.00273034 7 
0.00238473 0.0025051 7 
0.00238013 0.00239215 7 
0.00237849 0.00246723 7 
0.00237583 0.00261822 7 
0.0023741 0.00247967 7 
0.00237407 0.00244291 7 
0.00237175 0.00250051 7 
0.00237135 0.0025275 7 
0.00236171 0.00261336 7 
0.002358 0.00238067 7 
0.00235539 0.00243665 7 
0.00235468 0.00247339 7 
0.00234977 0.00242302 7 
0.00234721 0.00252299 7 
0.00234717 0.00252665 7 
0.00234532 0.00252187 7 
0.00234462 0.0025655 7 
0.00234393 0.00257682 7 
0.00234073 0.00248752 7 
0.00233916 0.00258325 7 
0.00233813 0.00268992 7 
0.00233742 0.00259139 7 
0.00232937 0.00246921 7 
0.00232884 0.00270483 7 
0.00232578 0.00274955 7 
0.00232356 0.00249119 7 
0.00232152 0.00241527 7 
0.00232115 0.0024009 7 
0.00231733 0.00250274 7 
0.00231724 0.00259896 7 
0.00231518 0.00256029 7 
0.00231425 0.00248377 7 
0.00231102 0.00258205 7 
0.00231078 0.00259941 7 
0.0023101 0.00255101 7 
0.00230104 0.00266457 7 
0.00229963 0.00258382 7 
0.00229789 0.00243848 7 
0.00229704 0.00238266 7 
0.0022947 0.00231588 7 
0.00229406 0.00232409 7 
0.00228639 0.00267726 7 
0.00228486 0.00241378 7 
0.00228203 0.0024394 7 
0.0022762 0.00251739 7 
0.00225517 0.0025478 7 
0.00224289 0.00256429 7 
0.00224092 0.00234955 7 
0.00223488 0.00243848 7 
0.00222748 0.00259139 7 
0.0022223 0.00236158 7 
0.0022047 0.00231588 7 
0.00219398 0.00255045 7 
0.00214879 0.00223889 7 
0.00212731 0.00225012 7 
0.00212264 0.00238266 7 
0.00160903 0.00165793 8 
0.00160329 0.00161119 8 
0.001538 0.00154557 8 
0.00153337 0.00153866 8 
0.00152837 0.00155632 8 
0.00147352 0.00148944 8 
0.00147348 0.00155598 8 
0.00146502 0.00146612 8 
0.00144708 0.00152715 8 
0.00144689 0.00152978 8 
0.00143621 0.00148568 8 
0.00142279 0.00148033 8 
0.00141455 0.00141578 8 
0.00141046 0.00154233 8 
0.00141002 0.00147636 8 
0.00138913 0.00139019 8 
0.00138766 0.00138913 8 
0.00138241 0.00145635 8 
0.0013717 0.00139645 8 
0.00136606 0.00148934 8 
0.00135661 0.00136213 8 
0.00135591 0.00141579 8 
0.00135497 0.00141466 8 
0.00135047 0.0013851 8 
0.00134759 0.00141404 8 
0.00133924 0.00139975 8 
0.00133585 0.00143367 8 
0.00133331 0.00134906 8 
0.0013291 0.00136912 8 
0.0013174 0.00139569 8 
0.0013167 0.00135256 8 
0.00131469 0.00137626 8 
0.0013028 0.00131419 8 
0.00130159 0.00148086 8 
0.00130108 0.00141649 8 
0.00129989 0.00133387 8 
0.00129698 0.00138397 8 
0.00129697 0.00135692 8 
0.00129617 0.00136213 8 
0.00129607 0.00135079 8 
0.001294 0.00131009 8 
0.00129213 0.00131014 8 
0.00128999 0.00137349 8 
0.00128979 0.00134738 8 
0.00128852 0.0012924 8 
0.00128839 0.00134159 8 
0.00128764 0.00134533 8 
0.00128728 0.00136793 8 
0.00128559 0.001298 8 
0.00128197 0.00139047 8 
0.0012817 0.0013247 8 
0.00128104 0.00128694 8 
0.00127841 0.00128207 8 
0.00127584 0.00129867 8 
0.00127312 0.00136492 8 
0.00127229 0.00128261 8 
0.00127148 0.00129281 8 
0.00126967 0.00130928 8 
0.0012693 0.00133404 8 
0.00126812 0.00131422 8 
0.00126704 0.00133168 8 
0.00126519 0.00129258 8 
0.00126391 0.00131445 8 
0.00126181 0.00127026 8 
0.00126155 0.00130367 8 
0.00126015 0.00128526 8 
0.00125609 0.00138272 8 
0.00125568 0.00135863 8 
0.00125523 0.00125575 8 
0.001255 0.00131272 8 
0.00125472 0.00138211 8 
0.00125331 0.00128261 8 
0.00125281 0.00131671 8 
0.00124629 0.00132313 8 
0.00124561 0.00128051 8 
0.0012456 0.00125694 8 
0.00124369 0.00137997 8 
0.00124279 0.00130325 8 
0.00124029 0.00129496 8 
0.00124005 0.00130048 8 
0.00123992 0.00142205 8 
0.00123857 0.00129213 8 
0.001237 0.0012453 8 
0.00123481 0.00139165 8 
0.00123464 0.00128694 8 
0.00123154 0.00125393 8 
0.00123133 0.00132291 8 
0.00122942 0.00142369 8 
0.00122642 0.0012422 8 
0.00122631 0.00125694 8 
0.00122525 0.00124051 8 
0.00122485 0.00123331 8 
0.00122371 0.00127528 8 
0.0012236 0.00127708 8 
0.00122213 0.00129306 8 
0.00122079 0.00135819 8 
0.00121989 0.00126477 8 
0.00121952 0.0013497 8 
0.00121819 0.00129811 8 
0.00121672 0.00129418 8 
0.00121495 0.00127496 8 
0.00121343 0.00123415 8 
0.0012117 0.00124528 8 
0.00121073 0.00125605 8 
0.00120998 0.00127929 8 
0.00120987 0.00122343 8 
0.00120945 0.00133828 8 
0.00120823 0.00133168 8 
0.0012078 0.00124789 8 
0.0012062 0.00131014 8 
0.00120492 0.00128388 8 
0.00120329 0.00130426 8 
0.00120253 0.00131213 8 
0.00120031 0.00126503 8 
0.00119827 0.00122949 8 
0.00119806 0.00138121 8 
0.00119668 0.0012851 8 
0.00119642 0.00137814 8 
0.0011942 0.00128526 8 
0.00119285 0.00125295 8 
0.00119155 0.00143234 8 
0.00119062 0.00125041 8 
0.00118847 0.00140766 8 
0.00118673 0.00132934 8 
0.00118458 0.00124891 8 
0.00118281 0.00123638 8 
0.00118231 0.00131287 8 
0.00117967 0.00129725 8 
0.0011781 0.00119438 8 
0.00117596 0.00129065 8 
0.00117566 0.0012079 8 
0.00117459 0.00124404 8 
0.00117453 0.00131022 8 
0.00117141 0.0013611 8 
0.00117132 0.00125575 8 
0.00116876 0.00131945 8 
0.00116854 0.001238 8 
0.00116618 0.00128784 8 
0.00115604 0.00129496 8 
0.0011547 0.0012458 8 
0.001151 0.00128118 8 
0.00114828 0.00116146 8 
0.00113964 0.00121568 8 
0.00113442 0.00124891 8 
0.00112379 0.00116146 8 
0.00112039 0.00133168 8 
0.00111787 0.00119027 8 
0.00110631 0.00128287 8 
0.00109037 0.00112477 8 
0.00106479 0.00110981 8 
0.00103246 0.0011765 8 
0.0008475 0.000856568 9 
0.00079118 0.000822764 9 
0.000764347 0.000800466 9 
0.000763687 0.000816756 9 
0.000754849 0.000771947 9 
0.000748822 0.000778663 9 
0.000744947 0.000775833 9 
0.000739164 0.000812199 9 
0.000736967 0.000737053 9 
0.000736135 0.000739261 9 
0.000724282 0.000767418 9 
0.000720541 0.000753194 9 
0.000716171 0.000717125 9 
0.000714641 0.000754228 9 
0.00070899 0.000715921 9 
0.000708944 0.000737053 9 
0.000705004 0.000718726 9 
0.000700958 0.000708201 9 
0.000695569 0.00073114 9 
0.000693496 0.000722486 9 
0.000689331 0.000745779 9 
0.000685073 0.000780874 9 
0.000684247 0.000700596 9 
0.000683694 0.000713633 9 
0.000683538 0.000738197 9 
0.000681064 0.000700564 9 
0.000675792 0.000696647 9 
0.000674843 0.000721333 9 
0.000674794 0.00071395 9 
0.000673772 0.000740474 9 
0.00067377 0.000699539 9 
0.000672665 0.000685299 9 
0.000672402 0.00071292 9 
0.000672348 0.000683484 9 
0.000672203 0.000676572 9 
0.000670673 0.000701111 9 
0.000668481 0.000685019 9 
0.000668279 0.000687859 9 
0.000667111 0.000695052 9 
0.000666012 0.000730955 9 
0.000665729 0.000691224 9 
0.00066468 0.000709295 9 
0.000663367 0.000673623 9 
0.000661391 0.000664758 9 
0.000661356 0.000661953 9 
0.000660249 0.000674581 9 
0.000659615 0.000665175 9 
0.000659271 0.000680408 9 
0.000658944 0.0006808 9 
0.000657279 0.000675493 9 
0.000657184 0.000661025 9 
0.000655985 0.000671213 9 
0.00065486 0.000666147 9 
0.000653589 0.000695052 9 
0.00065326 0.000716924 9 
0.000651876 0.000670928 9 
0.00065186 0.000667687 9 
0.000651063 0.000694028 9 
0.00065104 0.000716808 9 
0.000651031 0.000669536 9 
0.000649612 0.000672727 9 
0.000649553 0.000749366 9 
0.000647468 0.000675106 9 
0.000647428 0.000662001 9 
0.000646997 0.000659448 9 
0.000645701 0.000721072 9 
0.000644876 0.00068571 9 
0.000644404 0.000649835 9 
0.000644016 0.000647283 9 
0.000643675 0.000727214 9 
0.000642621 0.000646891 9 
0.000640579 0.000670928 9 
0.000640167 0.000671376 9 
0.000639312 0.000651007 9 
0.00063918 0.000653776 9 
0.00063757 0.000696117 9 
0.000636966 0.000638122 9 
0.000635341 0.000731063 9 
0.000634814 0.000718574 9 
0.000633005 0.000641065 9 
0.000632904 0.000642934 9 
0.000632661 0.000657025 9 
0.000631705 0.000638998 9 
0.000630085 0.000702917 9 
0.000629779 0.000689862 9 
0.00062952 0.000691253 9 
0.000628477 0.000666147 9 
0.000628213 0.000658091 9 
0.000627881 0.000673382 9 
0.000625898 0.000672229 9 
0.000625559 0.000631225 9 
0.000625524 0.000661434 9 
0.00062446 0.000725228 9 
0.000622244 0.000670387 9 
0.000622143 0.000668752 9 
0.000620803 0.000675128 9 
0.000620076 0.000641347 9 
0.000619451 0.000651877 9 
0.000618672 0.000646479 9 
0.000618074 0.000664995 9 
0.000617508 0.00074552 9 
0.000616174 0.000626226 9 
0.00061488 0.000677773 9 
0.000614879 0.000635733 9 
0.000614433 0.000633241 9 
0.00061337 0.000651092 9 
0.000612491 0.000656119 9 
0.000611988 0.000645087 9 
0.000611955 0.000736391 9 
0.000611775 0.000695738 9 
0.000610644 0.000664889 9 
0.000609007 0.000635496 9 
0.000608798 0.000608936 9 
0.000607833 0.00066217 9 
0.000605856 0.000672229 9 
0.000604808 0.00066541 9 
0.000604121 0.000640456 9 
0.000602864 0.000697146 9 
0.000602694 0.000654438 9 
0.000602244 0.000667716 9 
0.000600042 0.000618042 9 
0.000594581 0.000630232 9 
0.000593932 0.000649444 9 
0.000592578 0.000631182 9 
0.000592371 0.000631234 9 
0.000587531 0.000674581 9 
0.000584791 0.000645087 9 
0.000582792 0.000586486 9 
0.000580408 0.0005908 9 
0.000577161 0.000691224 9 
0.000576257 0.000652001 9 
0.000562925 0.000608914 9 
0.000562268 0.000579923 9 
0.000538178 0.000552896 9 
0.00050658 0.000586486 9 
