0 0.4933 0 
0 0.494895 0 
0 0.496889 0 
0 0.499172 0 
0 0.499874 0 
0 0.499893 0 
0 0.501965 0 
0 0.502823 0 
0 0.502823 0 
0 0.503016 0 
0 0.503214 0 
0 0.503531 0 
0 0.503805 0 
0 0.503814 0 
0 0.503967 0 
0 0.504654 0 
0 0.504995 0 
0 0.505361 0 
0 0.505632 0 
0 0.505873 0 
0 0.505975 0 
0 0.50611 0 
0 0.506141 0 
0 0.506402 0 
0 0.50641 0 
0 0.506457 0 
0 0.507016 0 
0 0.507193 0 
0 0.507234 0 
0 0.507424 0 
0 0.507486 0 
0 0.507636 0 
0 0.50767 0 
0 0.5077 0 
0 0.507701 0 
0 0.507836 0 
0 0.507878 0 
0 0.507934 0 
0 0.508101 0 
0 0.508336 0 
0 0.50834 0 
0 0.50837 0 
0 0.508381 0 
0 0.508402 0 
0 0.50843 0 
0 0.508451 0 
0 0.508517 0 
0 0.508589 0 
0 0.508619 0 
0 0.50863 0 
0 0.508661 0 
0 0.50873 0 
0 0.508759 0 
0 0.508766 0 
0 0.508801 0 
0 0.50881 0 
0 0.508842 0 
0 0.509087 0 
0 0.509114 0 
0 0.509162 0 
0 0.509165 0 
0 0.509166 0 
0 0.509181 0 
0 0.509252 0 
0 0.509315 0 
0 0.509417 0 
0 0.50973 0 
0 0.509823 0 
0 0.509828 0 
0 0.509856 0 
0 0.509877 0 
0 0.509894 0 
0 0.510055 0 
0 0.510136 0 
0 0.510148 0 
0 0.510179 0 
0 0.510187 0 
0 0.510207 0 
0 0.510265 0 
0 0.510341 0 
0 0.510367 0 
0 0.510371 0 
0 0.510475 0 
0 0.510493 0 
0 0.510509 0 
0 0.510511 0 
0 0.510525 0 
0 0.51063 0 
0 0.510714 0 
0 0.510717 0 
0 0.510725 0 
0 0.510781 0 
0 0.510816 0 
0 0.510856 0 
0 0.510885 0 
0 0.51092 0 
0 0.51092 0 
0 0.510986 0 
0 0.511117 0 
0 0.511135 0 
0 0.511162 0 
0 0.511164 0 
0 0.511221 0 
0 0.511241 0 
0 0.511256 0 
0 0.511277 0 
0 0.511354 0 
0 0.511362 0 
0 0.511364 0 
0 0.511421 0 
0 0.51151 0 
0 0.511515 0 
0 0.511631 0 
0 0.511678 0 
0 0.51169 0 
0 0.511836 0 
0 0.511851 0 
0 0.512013 0 
0 0.512092 0 
0 0.512101 0 
0 0.512166 0 
0 0.512285 0 
0 0.512453 0 
0 0.512776 0 
0 0.512896 0 
0 0.513142 0 
0 0.514707 0 
0 inf 0 
0 0.189609 1 
0 0.196436 1 
0 0.197271 1 
0 0.19778 1 
0 0.198236 1 
0 0.199166 1 
0 0.199201 1 
0 0.199323 1 
0 0.19936 1 
0 0.199684 1 
0 0.19978 1 
0 0.199835 1 
0 0.19992 1 
0 0.19993 1 
0 0.200006 1 
0 0.20012 1 
0 0.200319 1 
0 0.200812 1 
0 0.200817 1 
0 0.200865 1 
0 0.200876 1 
0 0.200881 1 
0 0.200917 1 
0 0.20103 1 
0 0.201057 1 
0 0.201305 1 
0 0.201322 1 
0 0.201347 1 
0 0.201414 1 
0 0.201617 1 
0 0.20171 1 
0 0.201747 1 
0 0.20202 1 
0 0.202073 1 
0 0.202138 1 
0 0.202152 1 
0 0.202153 1 
0 0.202177 1 
0 0.20219 1 
0 0.202197 1 
0 0.202212 1 
0 0.202222 1 
0 0.202223 1 
0 0.202236 1 
0 0.202256 1 
0 0.202279 1 
0 0.202394 1 
0 0.202427 1 
0 0.202465 1 
0 0.202714 1 
0 0.202733 1 
0 0.202755 1 
0 0.202767 1 
0 0.202783 1 
0 0.202799 1 
0 0.202829 1 
0 0.202841 1 
0 0.202853 1 
0 0.202911 1 
0 0.202954 1 
0 0.203052 1 
0 0.203093 1 
0 0.203171 1 
0 0.203213 1 
0 0.203223 1 
0 0.203275 1 
0 0.203364 1 
0 0.203462 1 
0 0.203503 1 
0 0.203657 1 
0 0.203699 1 
0 0.203703 1 
0 0.20373 1 
0 0.20374 1 
0 0.203757 1 
0 0.20378 1 
0 0.203801 1 
0 0.203846 1 
0 0.203853 1 
0 0.203884 1 
0 0.203896 1 
0 0.203953 1 
0 0.204009 1 
0 0.204083 1 
0 0.204259 1 
0 0.204271 1 
0 0.204374 1 
0 0.204392 1 
0 0.204407 1 
0 0.204427 1 
0 0.204473 1 
0 0.204491 1 
0 0.204502 1 
0 0.204507 1 
0 0.204522 1 
0 0.204578 1 
0 0.204655 1 
0 0.204809 1 
0 0.204903 1 
0 0.204927 1 
0 0.204928 1 
0 0.205058 1 
0 0.20513 1 
0 0.205139 1 
0 0.205216 1 
0 0.205351 1 
0 0.205375 1 
0 0.205456 1 
0 0.205499 1 
0 0.205553 1 
0 0.205644 1 
0 0.20565 1 
0 0.205847 1 
0 0.205981 1 
0 0.206008 1 
0 0.20601 1 
0 0.206096 1 
0 0.206143 1 
0 0.206157 1 
0 0.206281 1 
0 0.206337 1 
0 0.206449 1 
0 0.206452 1 
0 0.207966 1 
0 0.208727 1 
0 0.209 1 
0 0.209257 1 
0 inf 1 
0 0.0770061 2 
0 0.0821796 2 
0 0.0825001 2 
0 0.082658 2 
0 0.0832931 2 
0 0.0834226 2 
0 0.0837161 2 
0 0.0840851 2 
0 0.0842922 2 
0 0.0843425 2 
0 0.0845236 2 
0 0.0846268 2 
0 0.0846506 2 
0 0.0846718 2 
0 0.084722 2 
0 0.0850276 2 
0 0.0850463 2 
0 0.0851631 2 
0 0.0853962 2 
0 0.0854042 2 
0 0.0854526 2 
0 0.0856179 2 
0 0.085704 2 
0 0.0857247 2 
0 0.0857549 2 
0 0.0857666 2 
0 0.0857818 2 
0 0.085812 2 
0 0.0858157 2 
0 0.0859062 2 
0 0.0859745 2 
0 0.0861798 2 
0 0.0862558 2 
0 0.0862829 2 
0 0.0862985 2 
0 0.0863054 2 
0 0.0863851 2 
0 0.0865144 2 
0 0.0866013 2 
0 0.0866599 2 
0 0.086859 2 
0 0.0869054 2 
0 0.0869058 2 
0 0.087019 2 
0 0.0870258 2 
0 0.0870319 2 
0 0.0870607 2 
0 0.0871689 2 
0 0.0871821 2 
0 0.0872431 2 
0 0.0872559 2 
0 0.0872832 2 
0 0.087394 2 
0 0.0874311 2 
0 0.0874607 2 
0 0.0875003 2 
0 0.0875229 2 
0 0.087527 2 
0 0.0875647 2 
0 0.087649 2 
0 0.0876724 2 
0 0.0876959 2 
0 0.0877548 2 
0 0.0877869 2 
0 0.0878485 2 
0 0.087849 2 
0 0.0878579 2 
0 0.0878871 2 
0 0.0879289 2 
0 0.0879961 2 
0 0.0881013 2 
0 0.0881632 2 
0 0.0881667 2 
0 0.0881835 2 
0 0.0882199 2 
0 0.0882266 2 
0 0.0882713 2 
0 0.0883217 2 
0 0.088331 2 
0 0.0883584 2 
0 0.0884158 2 
0 0.0884398 2 
0 0.0885083 2 
0 0.088552 2 
0 0.0885828 2 
0 0.0886114 2 
0 0.0886562 2 
0 0.0888888 2 
0 0.0889403 2 
0 0.088977 2 
0 0.0889902 2 
0 0.088998 2 
0 0.0890037 2 
0 0.0891027 2 
0 0.0891977 2 
0 0.0892046 2 
0 0.0892531 2 
0 0.089295 2 
0 0.0893904 2 
0 0.0895303 2 
0 0.0895457 2 
0 0.0896068 2 
0 0.0896074 2 
0 0.0896114 2 
0 0.0896301 2 
0 0.0896725 2 
0 0.0897499 2 
0 0.089796 2 
0 0.089839 2 
0 0.0899376 2 
0 0.0899962 2 
0 0.0901505 2 
0 0.0902549 2 
0 0.0903133 2 
0 0.0904171 2 
0 0.0905083 2 
0 0.0907186 2 
0 0.0907931 2 
0 0.0917674 2 
0 0.0917717 2 
0 0.0919456 2 
0 0.0920469 2 
0 0.0924007 2 
0 0.0934175 2 
0 0.0936501 2 
0 0.094004 2 
0 0.0947705 2 
0 inf 2 
0 0.0331906 3 
0 0.0359275 3 
0 0.0362654 3 
0 0.0364892 3 
0 0.0366156 3 
0 0.0372656 3 
0 0.0374839 3 
0 0.0375123 3 
0 0.0376358 3 
0 0.0376417 3 
0 0.0376467 3 
0 0.0377619 3 
0 0.0379519 3 
0 0.0381582 3 
0 0.0381636 3 
0 0.038242 3 
0 0.0382746 3 
0 0.0384127 3 
0 0.0384878 3 
0 0.0385422 3 
0 0.0385548 3 
0 0.0386951 3 
0 0.0387754 3 
0 0.0387932 3 
0 0.038811 3 
0 0.0388534 3 
0 0.0389248 3 
0 0.0389751 3 
0 0.039021 3 
0 0.0391365 3 
0 0.0392169 3 
0 0.0392297 3 
0 0.0392368 3 
0 0.0392646 3 
0 0.0392882 3 
0 0.0392887 3 
0 0.0393359 3 
0 0.0393761 3 
0 0.039426 3 
0 0.0394315 3 
0 0.0395081 3 
0 0.0395157 3 
0 0.0395291 3 
0 0.03956 3 
0 0.0395905 3 
0 0.0395946 3 
0 0.0397089 3 
0 0.0397118 3 
0 0.0397879 3 
0 0.0398519 3 
0 0.0398694 3 
0 0.039872 3 
0 0.0398848 3 
0 0.0398883 3 
0 0.0399709 3 
0 0.0399827 3 
0 0.0399946 3 
0 0.0400374 3 
0 0.0400664 3 
0 0.0400856 3 
0 0.0401219 3 
0 0.0401395 3 
0 0.0402014 3 
0 0.0402319 3 
0 0.0402447 3 
0 0.0402937 3 
0 0.0403639 3 
0 0.0404651 3 
0 0.0404713 3 
0 0.0405382 3 
0 0.0405668 3 
0 0.0406252 3 
0 0.0406447 3 
0 0.040712 3 
0 0.0407129 3 
0 0.0407527 3 
0 0.0407878 3 
0 0.0408086 3 
0 0.040813 3 
0 0.040818 3 
0 0.0408703 3 
0 0.0408743 3 
0 0.0408798 3 
0 0.0408905 3 
0 0.0409557 3 
0 0.0409832 3 
0 0.0410056 3 
0 0.0410132 3 
0 0.0411016 3 
0 0.0411338 3 
0 0.0411339 3 
0 0.0411688 3 
0 0.0411956 3 
0 0.0412392 3 
0 0.0412892 3 
0 0.0413107 3 
0 0.0413489 3 
0 0.0414022 3 
0 0.0414366 3 
0 0.0416616 3 
0 0.0417226 3 
0 0.041758 3 
0 0.0417597 3 
0 0.0417693 3 
0 0.0417868 3 
0 0.0417874 3 
0 0.0418542 3 
0 0.0419683 3 
0 0.0419945 3 
0 0.0419991 3 
0 0.0420669 3 
0 0.0420829 3 
0 0.042083 3 
0 0.0421193 3 
0 0.042213 3 
0 0.0422324 3 
0 0.0424997 3 
0 0.0426403 3 
0 0.0427993 3 
0 0.0434135 3 
0 0.0435655 3 
0 0.0436265 3 
0 0.0441639 3 
0 0.0445443 3 
0 0.0446576 3 
0 0.0446674 3 
0 0.0462078 3 
0 inf 3 
0 0.015 4 
0 0.0162905 4 
0 0.0166822 4 
0 0.0167793 4 
0 0.0169644 4 
0 0.0170724 4 
0 0.0173489 4 
0 0.0174672 4 
0 0.0175896 4 
0 0.0176173 4 
0 0.0177059 4 
0 0.0179177 4 
0 0.017943 4 
0 0.0179642 4 
0 0.0179673 4 
0 0.0179773 4 
0 0.0179915 4 
0 0.0180803 4 
0 0.0181029 4 
0 0.0181827 4 
0 0.0182345 4 
0 0.0182648 4 
0 0.0182876 4 
0 0.018363 4 
0 0.0183707 4 
0 0.0183847 4 
0 0.0183943 4 
0 0.0184923 4 
0 0.018494 4 
0 0.0185076 4 
0 0.0185555 4 
0 0.0185683 4 
0 0.0185715 4 
0 0.0185776 4 
0 0.0185871 4 
0 0.0186337 4 
0 0.018649 4 
0 0.0186942 4 
0 0.0187133 4 
0 0.0187654 4 
0 0.0187756 4 
0 0.0187815 4 
0 0.0188191 4 
0 0.0188259 4 
0 0.0189056 4 
0 0.0189297 4 
0 0.0189358 4 
0 0.0189733 4 
0 0.0189798 4 
0 0.0190329 4 
0 0.0191133 4 
0 0.0191158 4 
0 0.019119 4 
0 0.0191201 4 
0 0.0191394 4 
0 0.0191522 4 
0 0.0191561 4 
0 0.0191755 4 
0 0.0191816 4 
0 0.0192016 4 
0 0.0192097 4 
0 0.0192402 4 
0 0.019306 4 
0 0.0193116 4 
0 0.0193655 4 
0 0.0193824 4 
0 0.0193855 4 
0 0.0194068 4 
0 0.0194158 4 
0 0.01951 4 
0 0.0195228 4 
0 0.0195591 4 
0 0.019568 4 
0 0.0195888 4 
0 0.0196703 4 
0 0.019685 4 
0 0.0196956 4 
0 0.0197164 4 
0 0.0197167 4 
0 0.0197181 4 
0 0.0197271 4 
0 0.0197472 4 
0 0.0197498 4 
0 0.0197931 4 
0 0.0197937 4 
0 0.0198057 4 
0 0.0198448 4 
0 0.0198476 4 
0 0.0198707 4 
0 0.0198763 4 
0 0.0198877 4 
0 0.0198957 4 
0 0.0199091 4 
0 0.019998 4 
0 0.0200242 4 
0 0.0200428 4 
0 0.0200708 4 
0 0.0200901 4 
0 0.0201207 4 
0 0.0201358 4 
0 0.0202196 4 
0 0.020272 4 
0 0.0202779 4 
0 0.0202968 4 
0 0.0203396 4 
0 0.020453 4 
0 0.0204585 4 
0 0.0204911 4 
0 0.0205424 4 
0 0.0206071 4 
0 0.0206099 4 
0 0.0206462 4 
0 0.0206625 4 
0 0.0206645 4 
0 0.0206984 4 
0 0.0207269 4 
0 0.0207496 4 
0 0.0208916 4 
0 0.020893 4 
0 0.021402 4 
0 0.0214597 4 
0 0.021513 4 
0 0.0217334 4 
0 0.021771 4 
0 0.0219707 4 
0 0.0223555 4 
0 0.0232215 4 
0 inf 4 
0 0.00702608 5 
0 0.0076395 5 
0 0.00796783 5 
0 0.00797349 5 
0 0.00807917 5 
0 0.00816711 5 
0 0.00825404 5 
0 0.00837816 5 
0 0.0085142 5 
0 0.00859232 5 
0 0.00862699 5 
0 0.00864281 5 
0 0.00869989 5 
0 0.00873642 5 
0 0.00874681 5 
0 0.00876824 5 
0 0.00880681 5 
0 0.0088361 5 
0 0.00884191 5 
0 0.00885059 5 
0 0.00885789 5 
0 0.00892928 5 
0 0.00893225 5 
0 0.00893529 5 
0 0.00897667 5 
0 0.00899894 5 
0 0.00901349 5 
0 0.00901371 5 
0 0.00901939 5 
0 0.0090216 5 
0 0.00902818 5 
0 0.00904198 5 
0 0.00904969 5 
0 0.0090842 5 
0 0.0091005 5 
0 0.00911483 5 
0 0.00915054 5 
0 0.00921443 5 
0 0.00921453 5 
0 0.00922343 5 
0 0.00922811 5 
0 0.0092333 5 
0 0.00923691 5 
0 0.00924222 5 
0 0.00927561 5 
0 0.00928264 5 
0 0.00935507 5 
0 0.00936636 5 
0 0.00938168 5 
0 0.00940388 5 
0 0.00943194 5 
0 0.00944426 5 
0 0.00944622 5 
0 0.00946329 5 
0 0.00946648 5 
0 0.00949325 5 
0 0.00952637 5 
0 0.00954324 5 
0 0.00954998 5 
0 0.00955048 5 
0 0.00956967 5 
0 0.00956976 5 
0 0.00957572 5 
0 0.00958524 5 
0 0.00961467 5 
0 0.00961745 5 
0 0.00962181 5 
0 0.00963031 5 
0 0.0096323 5 
0 0.00963474 5 
0 0.0096499 5 
0 0.00966883 5 
0 0.00967315 5 
0 0.00968278 5 
0 0.00968819 5 
0 0.00973106 5 
0 0.00974921 5 
0 0.0097634 5 
0 0.00976835 5 
0 0.00979442 5 
0 0.00979982 5 
0 0.00983131 5 
0 0.00984051 5 
0 0.00984136 5 
0 0.00984238 5 
0 0.00984696 5 
0 0.00987178 5 
0 0.00988785 5 
0 0.00989088 5 
0 0.00989928 5 
0 0.00992535 5 
0 0.00993454 5 
0 0.00994076 5 
0 0.00997958 5 
0 0.00999319 5 
0 0.0099971 5 
0 0.0100133 5 
0 0.0100664 5 
0 0.0101106 5 
0 0.0101108 5 
0 0.0101129 5 
0 0.0101382 5 
0 0.0101446 5 
0 0.0101452 5 
0 0.0101474 5 
0 0.0102609 5 
0 0.0102896 5 
0 0.010295 5 
0 0.0103117 5 
0 0.0103234 5 
0 0.010335 5 
0 0.0103497 5 
0 0.0103881 5 
0 0.0104163 5 
0 0.010437 5 
0 0.0105278 5 
0 0.0105407 5 
0 0.0105655 5 
0 0.0106019 5 
0 0.0108568 5 
0 0.0108584 5 
0 0.0108585 5 
0 0.0108689 5 
0 0.011004 5 
0 0.0110605 5 
0 0.011524 5 
0 0.0118913 5 
0 inf 5 
0 0.00337964 6 
0 0.00368859 6 
0 0.00389693 6 
0 0.00392833 6 
0 0.00392904 6 
0 0.00402672 6 
0 0.00403811 6 
0 0.00413388 6 
0 0.00423776 6 
0 0.00423802 6 
0 0.00424976 6 
0 0.0043208 6 
0 0.00433199 6 
0 0.00434841 6 
0 0.00435703 6 
0 0.00438471 6 
0 0.00439691 6 
0 0.0044027 6 
0 0.00440818 6 
0 0.0044497 6 
0 0.00445354 6 
0 0.00446497 6 
0 0.00446649 6 
0 0.00447027 6 
0 0.00447978 6 
0 0.00449155 6 
0 0.00450029 6 
0 0.00450283 6 
0 0.00450482 6 
0 0.00450577 6 
0 0.00452332 6 
0 0.00453282 6 
0 0.00453538 6 
0 0.00454548 6 
0 0.00456787 6 
0 0.00457018 6 
0 0.00457199 6 
0 0.00460066 6 
0 0.00460173 6 
0 0.00462315 6 
0 0.00464674 6 
0 0.00464779 6 
0 0.0046498 6 
0 0.00467657 6 
0 0.00469551 6 
0 0.00471328 6 
0 0.00471654 6 
0 0.00471982 6 
0 0.00477027 6 
0 0.00477567 6 
0 0.00477736 6 
0 0.00477864 6 
0 0.00477877 6 
0 0.00478145 6 
0 0.00480459 6 
0 0.00481453 6 
0 0.00481466 6 
0 0.00481742 6 
0 0.00482323 6 
0 0.00482451 6 
0 0.0048281 6 
0 0.00483408 6 
0 0.00483625 6 
0 0.00483642 6 
0 0.00484211 6 
0 0.0048608 6 
0 0.00486884 6 
0 0.00486973 6 
0 0.00487389 6 
0 0.00487454 6 
0 0.00487465 6 
0 0.00488215 6 
0 0.00490597 6 
0 0.00490902 6 
0 0.00491619 6 
0 0.00493373 6 
0 0.00494613 6 
0 0.00495162 6 
0 0.00496501 6 
0 0.00497082 6 
0 0.00497401 6 
0 0.00497541 6 
0 0.00498185 6 
0 0.00498566 6 
0 0.00499481 6 
0 0.00501737 6 
0 0.00502273 6 
0 0.00504562 6 
0 0.00504601 6 
0 0.00505799 6 
0 0.00508066 6 
0 0.00508606 6 
0 0.0050881 6 
0 0.00509668 6 
0 0.00510436 6 
0 0.00512093 6 
0 0.00512527 6 
0 0.00512695 6 
0 0.00514151 6 
0 0.00516262 6 
0 0.00517636 6 
0 0.00519239 6 
0 0.00519297 6 
0 0.00520122 6 
0 0.00521061 6 
0 0.00523198 6 
0 0.00523562 6 
0 0.00523759 6 
0 0.0052569 6 
0 0.00526176 6 
0 0.00526413 6 
0 0.00529391 6 
0 0.00533595 6 
0 0.00535725 6 
0 0.00537901 6 
0 0.00540958 6 
0 0.00551484 6 
0 0.00551516 6 
0 0.00551694 6 
0 0.00555606 6 
0 0.00558145 6 
0 0.00559962 6 
0 0.00562572 6 
0 0.00566079 6 
0 0.00569108 6 
0 0.00605428 6 
0 0.00616738 6 
0 inf 6 
0 0.00165844 7 
0 0.00182759 7 
0 0.00195304 7 
0 0.00195633 7 
0 0.0019818 7 
0 0.00200477 7 
0 0.00203864 7 
0 0.00208708 7 
0 0.00209461 7 
0 0.00213218 7 
0 0.00215788 7 
0 0.00217464 7 
0 0.00221651 7 
0 0.00222689 7 
0 0.0022271 7 
0 0.00223191 7 
0 0.00223451 7 
0 0.00223712 7 
0 0.00224055 7 
0 0.00225881 7 
0 0.00225965 7 
0 0.00226497 7 
0 0.00227544 7 
0 0.00228588 7 
0 0.00228699 7 
0 0.00228707 7 
0 0.00228766 7 
0 0.00229616 7 
0 0.00229757 7 
0 0.00229992 7 
0 0.00230327 7 
0 0.00230331 7 
0 0.0023047 7 
0 0.00232278 7 
0 0.00234007 7 
0 0.00234034 7 
0 0.00234124 7 
0 0.00234593 7 
0 0.00234987 7 
0 0.00235047 7 
0 0.00235321 7 
0 0.00235528 7 
0 0.0023843 7 
0 0.00238446 7 
0 0.00238835 7 
0 0.00241041 7 
0 0.00241244 7 
0 0.00242014 7 
0 0.00242143 7 
0 0.00243714 7 
0 0.00245517 7 
0 0.00245546 7 
0 0.0024572 7 
0 0.00246412 7 
0 0.00246446 7 
0 0.00246634 7 
0 0.00248635 7 
0 0.00248677 7 
0 0.00248763 7 
0 0.00249094 7 
0 0.00249736 7 
0 0.0025041 7 
0 0.00250589 7 
0 0.0025078 7 
0 0.00250813 7 
0 0.00250937 7 
0 0.0025107 7 
0 0.00251163 7 
0 0.00251309 7 
0 0.00251574 7 
0 0.0025169 7 
0 0.00252175 7 
0 0.00253039 7 
0 0.00253372 7 
0 0.00253447 7 
0 0.0025461 7 
0 0.00254862 7 
0 0.00254882 7 
0 0.00255738 7 
0 0.00255908 7 
0 0.00256262 7 
0 0.00256493 7 
0 0.0025773 7 
0 0.00258351 7 
0 0.00258493 7 
0 0.00258717 7 
0 0.00261166 7 
0 0.00261461 7 
0 0.00262501 7 
0 0.00262616 7 
0 0.00263251 7 
0 0.00263433 7 
0 0.00263909 7 
0 0.00263915 7 
0 0.00264352 7 
0 0.00264883 7 
0 0.00265551 7 
0 0.00265915 7 
0 0.00265948 7 
0 0.00266126 7 
0 0.00266649 7 
0 0.00266791 7 
0 0.00267737 7 
0 0.00270013 7 
0 0.00270651 7 
0 0.00270851 7 
0 0.00271127 7 
0 0.00271835 7 
0 0.00273465 7 
0 0.00274187 7 
0 0.00274518 7 
0 0.00275482 7 
0 0.0027702 7 
0 0.00279245 7 
0 0.00281976 7 
0 0.00282072 7 
0 0.00284496 7 
0 0.00289311 7 
0 0.00290007 7 
0 0.00290177 7 
0 0.00293171 7 
0 0.00293289 7 
0 0.00293346 7 
0 0.00294678 7 
0 0.00296789 7 
0 0.00320719 7 
0 0.00322773 7 
0 inf 7 
0 0.00082656 8 
0 0.000926584 8 
0 0.000994426 8 
0 0.000998666 8 
0 0.00101499 8 
0 0.00101841 8 
0 0.0010466 8 
0 0.00104865 8 
0 0.00107359 8 
0 0.00108945 8 
0 0.00110243 8 
0 0.00111945 8 
0 0.00114093 8 
0 0.00114569 8 
0 0.00114684 8 
0 0.00114846 8 
0 0.00115982 8 
0 0.00115985 8 
0 0.00116324 8 
0 0.0011649 8 
0 0.00116574 8 
0 0.00116821 8 
0 0.00117087 8 
0 0.00117291 8 
0 0.00117654 8 
0 0.00117802 8 
0 0.00117904 8 
0 0.00118517 8 
0 0.00118934 8 
0 0.00118998 8 
0 0.0011905 8 
0 0.00119153 8 
0 0.00119172 8 
0 0.00119268 8 
0 0.00120126 8 
0 0.00120213 8 
0 0.00120889 8 
0 0.00121481 8 
0 0.00121748 8 
0 0.00121846 8 
0 0.00122806 8 
0 0.0012307 8 
0 0.00123189 8 
0 0.00123526 8 
0 0.00124651 8 
0 0.00125108 8 
0 0.00126513 8 
0 0.00126558 8 
0 0.00126797 8 
0 0.00126905 8 
0 0.00127128 8 
0 0.00127382 8 
0 0.00127393 8 
0 0.00127755 8 
0 0.00127857 8 
0 0.00128133 8 
0 0.00128348 8 
0 0.00128661 8 
0 0.00128679 8 
0 0.00129577 8 
0 0.00129601 8 
0 0.0012984 8 
0 0.00131142 8 
0 0.00131161 8 
0 0.00131203 8 
0 0.0013145 8 
0 0.00131812 8 
0 0.00131837 8 
0 0.00131963 8 
0 0.0013198 8 
0 0.00132258 8 
0 0.00132552 8 
0 0.00132635 8 
0 0.00132782 8 
0 0.00132995 8 
0 0.00133093 8 
0 0.00133142 8 
0 0.00133177 8 
0 0.00133618 8 
0 0.0013374 8 
0 0.00134211 8 
0 0.00134393 8 
0 0.00135056 8 
0 0.00135174 8 
0 0.00135637 8 
0 0.00135802 8 
0 0.00136361 8 
0 0.00136373 8 
0 0.00136563 8 
0 0.00136759 8 
0 0.00137068 8 
0 0.00137185 8 
0 0.00137332 8 
0 0.00137456 8 
0 0.00137531 8 
0 0.00138196 8 
0 0.00138385 8 
0 0.00138477 8 
0 0.00139004 8 
0 0.00139145 8 
0 0.00139292 8 
0 0.00139669 8 
0 0.00139945 8 
0 0.00140952 8 
0 0.00141035 8 
0 0.00141143 8 
0 0.00142776 8 
0 0.00143004 8 
0 0.00143288 8 
0 0.00144329 8 
0 0.00144612 8 
0 0.00144951 8 
0 0.00146976 8 
0 0.00147606 8 
0 0.00147938 8 
0 0.0014864 8 
0 0.00148832 8 
0 0.0015011 8 
0 0.00152042 8 
0 0.00153183 8 
0 0.00153387 8 
0 0.00155083 8 
0 0.00155375 8 
0 0.00156716 8 
0 0.00157699 8 
0 0.00170047 8 
0 0.00170086 8 
0 inf 8 
0 0.000417183 9 
0 0.000479393 9 
0 0.00051475 9 
0 0.000519084 9 
0 0.000521106 9 
0 0.000530928 9 
0 0.000531172 9 
0 0.000544761 9 
0 0.000560746 9 
0 0.000565329 9 
0 0.000566083 9 
0 0.000589434 9 
0 0.000589823 9 
0 0.000591256 9 
0 0.000594706 9 
0 0.000597637 9 
0 0.000598134 9 
0 0.000599885 9 
0 0.000600594 9 
0 0.000603417 9 
0 0.000607633 9 
0 0.000611025 9 
0 0.000611539 9 
0 0.000612154 9 
0 0.000613118 9 
0 0.000613179 9 
0 0.000614367 9 
0 0.00061576 9 
0 0.00061886 9 
0 0.000618899 9 
0 0.000623714 9 
0 0.000625081 9 
0 0.000625384 9 
0 0.000631845 9 
0 0.000632442 9 
0 0.000633734 9 
0 0.000633873 9 
0 0.000638817 9 
0 0.000641216 9 
0 0.000643556 9 
0 0.00064413 9 
0 0.000650081 9 
0 0.000651116 9 
0 0.000654949 9 
0 0.000656072 9 
0 0.000656465 9 
0 0.000657415 9 
0 0.000659264 9 
0 0.000660139 9 
0 0.000664331 9 
0 0.000668939 9 
0 0.000669283 9 
0 0.000671898 9 
0 0.00067212 9 
0 0.000674341 9 
0 0.000675368 9 
0 0.000677218 9 
0 0.000677523 9 
0 0.000678732 9 
0 0.000678784 9 
0 0.000679764 9 
0 0.000682291 9 
0 0.000683802 9 
0 0.000686487 9 
0 0.000690188 9 
0 0.000691142 9 
0 0.000692848 9 
0 0.000693023 9 
0 0.00069614 9 
0 0.000696611 9 
0 0.000697515 9 
0 0.000699649 9 
0 0.000699862 9 
0 0.00070016 9 
0 0.000705163 9 
0 0.000705634 9 
0 0.000705951 9 
0 0.000706884 9 
0 0.000707798 9 
0 0.000709574 9 
0 0.000709727 9 
0 0.000710194 9 
0 0.000710364 9 
0 0.000710938 9 
0 0.000711839 9 
0 0.000712471 9 
0 0.000713026 9 
0 0.000714728 9 
0 0.000715956 9 
0 0.000716875 9 
0 0.000718419 9 
0 0.000721869 9 
0 0.000722166 9 
0 0.000722574 9 
0 0.00072507 9 
0 0.000726272 9 
0 0.000727628 9 
0 0.000732566 9 
0 0.00073326 9 
0 0.000739605 9 
0 0.000740125 9 
0 0.000742134 9 
0 0.000742886 9 
0 0.000743987 9 
0 0.000750801 9 
0 0.00075268 9 
0 0.000753744 9 
0 0.000757998 9 
0 0.000764285 9 
0 0.00076938 9 
0 0.000769876 9 
0 0.000772416 9 
0 0.000774946 9 
0 0.00077928 9 
0 0.000787026 9 
0 0.000788517 9 
0 0.000790816 9 
0 0.000792631 9 
0 0.000802804 9 
0 0.000808123 9 
0 0.000816266 9 
0 0.000822389 9 
0 0.000831919 9 
0 0.000836296 9 
0 0.000838732 9 
0 0.000900373 9 
0 0.000906832 9 
0 inf 9 
