0 0.499925 0 
0 0.501994 0 
0 0.502252 0 
0 0.502806 0 
0 0.504097 0 
0 0.504205 0 
0 0.504589 0 
0 0.504713 0 
0 0.504984 0 
0 0.505116 0 
0 0.505152 0 
0 0.505217 0 
0 0.505258 0 
0 0.505542 0 
0 0.505551 0 
0 0.505625 0 
0 0.505717 0 
0 0.505957 0 
0 0.505984 0 
0 0.50601 0 
0 0.506058 0 
0 0.506249 0 
0 0.506299 0 
0 0.506594 0 
0 0.506742 0 
0 0.50682 0 
0 0.506848 0 
0 0.506884 0 
0 0.507192 0 
0 0.507339 0 
0 0.50737 0 
0 0.507493 0 
0 0.507604 0 
0 0.507653 0 
0 0.507663 0 
0 0.507786 0 
0 0.507845 0 
0 0.507874 0 
0 0.508006 0 
0 0.50822 0 
0 0.508315 0 
0 0.508317 0 
0 0.50837 0 
0 0.508465 0 
0 0.508529 0 
0 0.508578 0 
0 0.508663 0 
0 0.508708 0 
0 0.508748 0 
0 0.508798 0 
0 0.508895 0 
0 0.508967 0 
0 0.508974 0 
0 0.508989 0 
0 0.509039 0 
0 0.50907 0 
0 0.509099 0 
0 0.509104 0 
0 0.509179 0 
0 0.509182 0 
0 0.509194 0 
0 0.509218 0 
0 0.509253 0 
0 0.509263 0 
0 0.509295 0 
0 0.509425 0 
0 0.509489 0 
0 0.509598 0 
0 0.509608 0 
0 0.509611 0 
0 0.509623 0 
0 0.509649 0 
0 0.50965 0 
0 0.509674 0 
0 0.509697 0 
0 0.509788 0 
0 0.509802 0 
0 0.509834 0 
0 0.509876 0 
0 0.509949 0 
0 0.509972 0 
0 0.510009 0 
0 0.51001 0 
0 0.510146 0 
0 0.51017 0 
0 0.510198 0 
0 0.510212 0 
0 0.510231 0 
0 0.510256 0 
0 0.510292 0 
0 0.51037 0 
0 0.510373 0 
0 0.510445 0 
0 0.51045 0 
0 0.510458 0 
0 0.510497 0 
0 0.510572 0 
0 0.510669 0 
0 0.510899 0 
0 0.510904 0 
0 0.51092 0 
0 0.510952 0 
0 0.510976 0 
0 0.511048 0 
0 0.511053 0 
0 0.511131 0 
0 0.511421 0 
0 0.511431 0 
0 0.511446 0 
0 0.511474 0 
0 0.511519 0 
0 0.511584 0 
0 0.511602 0 
0 0.511656 0 
0 0.511786 0 
0 0.511941 0 
0 0.511963 0 
0 0.512152 0 
0 0.512176 0 
0 0.512658 0 
0 0.512718 0 
0 0.512852 0 
0 0.513092 0 
0 0.513166 0 
0 0.513541 0 
0 0.514001 0 
0 0.515023 0 
0 inf 0 
0 0.196598 1 
0 0.196722 1 
0 0.197298 1 
0 0.197716 1 
0 0.197861 1 
0 0.198078 1 
0 0.198108 1 
0 0.198348 1 
0 0.198785 1 
0 0.198785 1 
0 0.198863 1 
0 0.19892 1 
0 0.199024 1 
0 0.199084 1 
0 0.199185 1 
0 0.19947 1 
0 0.199673 1 
0 0.199699 1 
0 0.199804 1 
0 0.19983 1 
0 0.199897 1 
0 0.200139 1 
0 0.200196 1 
0 0.200228 1 
0 0.200316 1 
0 0.200375 1 
0 0.200484 1 
0 0.200602 1 
0 0.20061 1 
0 0.200615 1 
0 0.200624 1 
0 0.200651 1 
0 0.200672 1 
0 0.200684 1 
0 0.200707 1 
0 0.200809 1 
0 0.200909 1 
0 0.200988 1 
0 0.201021 1 
0 0.201049 1 
0 0.201115 1 
0 0.20118 1 
0 0.201338 1 
0 0.201338 1 
0 0.201366 1 
0 0.20145 1 
0 0.201468 1 
0 0.20147 1 
0 0.201482 1 
0 0.20169 1 
0 0.201716 1 
0 0.20176 1 
0 0.20179 1 
0 0.201881 1 
0 0.201914 1 
0 0.202015 1 
0 0.202053 1 
0 0.202068 1 
0 0.202078 1 
0 0.202086 1 
0 0.202102 1 
0 0.202143 1 
0 0.202174 1 
0 0.202207 1 
0 0.202259 1 
0 0.202293 1 
0 0.202303 1 
0 0.202339 1 
0 0.202398 1 
0 0.202434 1 
0 0.202436 1 
0 0.202477 1 
0 0.202623 1 
0 0.202638 1 
0 0.202707 1 
0 0.202707 1 
0 0.202713 1 
0 0.202732 1 
0 0.202879 1 
0 0.202883 1 
0 0.202891 1 
0 0.202938 1 
0 0.202942 1 
0 0.203033 1 
0 0.203059 1 
0 0.203088 1 
0 0.203101 1 
0 0.203113 1 
0 0.203165 1 
0 0.203421 1 
0 0.203472 1 
0 0.203497 1 
0 0.203573 1 
0 0.20365 1 
0 0.203658 1 
0 0.203709 1 
0 0.203746 1 
0 0.20377 1 
0 0.20378 1 
0 0.203905 1 
0 0.203937 1 
0 0.203956 1 
0 0.203972 1 
0 0.203973 1 
0 0.204022 1 
0 0.204075 1 
0 0.204104 1 
0 0.204133 1 
0 0.20424 1 
0 0.20455 1 
0 0.204603 1 
0 0.204623 1 
0 0.204795 1 
0 0.204814 1 
0 0.20492 1 
0 0.205061 1 
0 0.205063 1 
0 0.205068 1 
0 0.205238 1 
0 0.205244 1 
0 0.205285 1 
0 0.205425 1 
0 0.205594 1 
0 0.205642 1 
0 0.20587 1 
0 0.206165 1 
0 0.206349 1 
0 inf 1 
0 0.0806378 2 
0 0.0808068 2 
0 0.0820825 2 
0 0.0820959 2 
0 0.0821546 2 
0 0.0821623 2 
0 0.0828946 2 
0 0.0829245 2 
0 0.0829275 2 
0 0.0830183 2 
0 0.0831939 2 
0 0.083364 2 
0 0.0834895 2 
0 0.0835013 2 
0 0.0837938 2 
0 0.0838728 2 
0 0.0839215 2 
0 0.0841374 2 
0 0.0841919 2 
0 0.0842512 2 
0 0.0843878 2 
0 0.0844795 2 
0 0.0848693 2 
0 0.0849239 2 
0 0.0849243 2 
0 0.0849999 2 
0 0.0850088 2 
0 0.0850613 2 
0 0.0850825 2 
0 0.0851832 2 
0 0.0853061 2 
0 0.0853169 2 
0 0.0854736 2 
0 0.0855018 2 
0 0.0855103 2 
0 0.0855947 2 
0 0.0856376 2 
0 0.0856524 2 
0 0.0856946 2 
0 0.0857153 2 
0 0.0857315 2 
0 0.0858051 2 
0 0.0858483 2 
0 0.0859193 2 
0 0.0860012 2 
0 0.0860316 2 
0 0.0860362 2 
0 0.0860408 2 
0 0.0860753 2 
0 0.0860869 2 
0 0.08619 2 
0 0.0861949 2 
0 0.0862046 2 
0 0.0862416 2 
0 0.0862931 2 
0 0.0863315 2 
0 0.0863462 2 
0 0.086424 2 
0 0.086452 2 
0 0.0865255 2 
0 0.0866271 2 
0 0.0866334 2 
0 0.0866942 2 
0 0.0867026 2 
0 0.0867168 2 
0 0.0867314 2 
0 0.0867939 2 
0 0.0868407 2 
0 0.086858 2 
0 0.0869045 2 
0 0.0869405 2 
0 0.0869803 2 
0 0.0870023 2 
0 0.0870469 2 
0 0.0870759 2 
0 0.0871724 2 
0 0.0871835 2 
0 0.0872067 2 
0 0.0872085 2 
0 0.0872476 2 
0 0.0873135 2 
0 0.0873707 2 
0 0.0873905 2 
0 0.0874036 2 
0 0.0874263 2 
0 0.0874314 2 
0 0.0874577 2 
0 0.0875004 2 
0 0.0875497 2 
0 0.0875652 2 
0 0.0875926 2 
0 0.0875949 2 
0 0.0876655 2 
0 0.0876715 2 
0 0.0876894 2 
0 0.087725 2 
0 0.0878013 2 
0 0.087814 2 
0 0.0878835 2 
0 0.0879404 2 
0 0.087952 2 
0 0.0879995 2 
0 0.0880613 2 
0 0.0880745 2 
0 0.0880797 2 
0 0.0880958 2 
0 0.0881151 2 
0 0.0881375 2 
0 0.0882182 2 
0 0.0882359 2 
0 0.088245 2 
0 0.0883638 2 
0 0.0883744 2 
0 0.0884519 2 
0 0.0886528 2 
0 0.0886668 2 
0 0.0886986 2 
0 0.0890547 2 
0 0.0890687 2 
0 0.0890977 2 
0 0.0891897 2 
0 0.0895276 2 
0 0.0897123 2 
0 0.0900269 2 
0 0.0908611 2 
0 0.0913742 2 
0 0.0913899 2 
0 inf 2 
0 0.0348851 3 
0 0.0350578 3 
0 0.0356138 3 
0 0.0359538 3 
0 0.0360044 3 
0 0.0360758 3 
0 0.0367159 3 
0 0.0367464 3 
0 0.0367822 3 
0 0.0368306 3 
0 0.0369063 3 
0 0.0369294 3 
0 0.0370356 3 
0 0.0371509 3 
0 0.037164 3 
0 0.0372017 3 
0 0.037247 3 
0 0.0372942 3 
0 0.0374121 3 
0 0.0374966 3 
0 0.037518 3 
0 0.0376753 3 
0 0.0377173 3 
0 0.0378272 3 
0 0.0378986 3 
0 0.0379752 3 
0 0.0380009 3 
0 0.0380166 3 
0 0.0380169 3 
0 0.0380363 3 
0 0.0381704 3 
0 0.0382337 3 
0 0.0382901 3 
0 0.0383219 3 
0 0.0383895 3 
0 0.0384475 3 
0 0.038474 3 
0 0.0385784 3 
0 0.0386382 3 
0 0.0386545 3 
0 0.0386731 3 
0 0.0387132 3 
0 0.0387226 3 
0 0.0387462 3 
0 0.0387658 3 
0 0.0387824 3 
0 0.0387963 3 
0 0.0387968 3 
0 0.0389418 3 
0 0.0389705 3 
0 0.0390126 3 
0 0.0390327 3 
0 0.0390736 3 
0 0.0390797 3 
0 0.0391085 3 
0 0.0391538 3 
0 0.0391669 3 
0 0.0391747 3 
0 0.039186 3 
0 0.0392669 3 
0 0.0392912 3 
0 0.0393184 3 
0 0.0393231 3 
0 0.0393573 3 
0 0.0393712 3 
0 0.0394123 3 
0 0.0394246 3 
0 0.0394675 3 
0 0.039484 3 
0 0.0395645 3 
0 0.0395968 3 
0 0.0396309 3 
0 0.0396315 3 
0 0.039666 3 
0 0.039671 3 
0 0.0396717 3 
0 0.0396787 3 
0 0.0397089 3 
0 0.0397203 3 
0 0.0397431 3 
0 0.0397683 3 
0 0.0397694 3 
0 0.0397738 3 
0 0.039778 3 
0 0.0397988 3 
0 0.0398188 3 
0 0.0398379 3 
0 0.0398635 3 
0 0.03987 3 
0 0.0398705 3 
0 0.0399088 3 
0 0.0399131 3 
0 0.0400231 3 
0 0.0400331 3 
0 0.0400459 3 
0 0.0400634 3 
0 0.0400891 3 
0 0.0401263 3 
0 0.0401574 3 
0 0.0401721 3 
0 0.0401815 3 
0 0.0402043 3 
0 0.040268 3 
0 0.0403125 3 
0 0.0403163 3 
0 0.040336 3 
0 0.0404545 3 
0 0.0404754 3 
0 0.0405474 3 
0 0.0405901 3 
0 0.0406028 3 
0 0.0406493 3 
0 0.0406774 3 
0 0.0407463 3 
0 0.0408055 3 
0 0.0408259 3 
0 0.0408478 3 
0 0.040906 3 
0 0.0410804 3 
0 0.0410935 3 
0 0.0411371 3 
0 0.0412947 3 
0 0.0414032 3 
0 0.0420097 3 
0 0.042268 3 
0 0.0423059 3 
0 0.0429378 3 
0 inf 3 
0 0.0156798 4 
0 0.0159957 4 
0 0.0161268 4 
0 0.0164068 4 
0 0.0165367 4 
0 0.0166299 4 
0 0.0167635 4 
0 0.0167807 4 
0 0.0170577 4 
0 0.01706 4 
0 0.0170999 4 
0 0.0171032 4 
0 0.0171191 4 
0 0.0171516 4 
0 0.0171837 4 
0 0.0171847 4 
0 0.0173429 4 
0 0.0173614 4 
0 0.0174053 4 
0 0.0174919 4 
0 0.0175282 4 
0 0.0175506 4 
0 0.0175855 4 
0 0.0176494 4 
0 0.017679 4 
0 0.0177046 4 
0 0.0177738 4 
0 0.0177852 4 
0 0.0177923 4 
0 0.0178025 4 
0 0.0178157 4 
0 0.0178402 4 
0 0.0178631 4 
0 0.0178838 4 
0 0.0179192 4 
0 0.0179329 4 
0 0.017959 4 
0 0.0179687 4 
0 0.0179932 4 
0 0.0181034 4 
0 0.0181119 4 
0 0.0181616 4 
0 0.0181889 4 
0 0.0182046 4 
0 0.018235 4 
0 0.018235 4 
0 0.0182422 4 
0 0.0182685 4 
0 0.018313 4 
0 0.0183157 4 
0 0.0183587 4 
0 0.0183829 4 
0 0.0183874 4 
0 0.0184263 4 
0 0.0184457 4 
0 0.0184813 4 
0 0.0184828 4 
0 0.0184832 4 
0 0.0185048 4 
0 0.0185296 4 
0 0.0185791 4 
0 0.0185807 4 
0 0.0186023 4 
0 0.0186047 4 
0 0.0186134 4 
0 0.0186475 4 
0 0.0186709 4 
0 0.018682 4 
0 0.0186969 4 
0 0.018703 4 
0 0.0187041 4 
0 0.0187089 4 
0 0.0187167 4 
0 0.0187611 4 
0 0.0187618 4 
0 0.0187701 4 
0 0.0187889 4 
0 0.0187901 4 
0 0.0188128 4 
0 0.0188212 4 
0 0.0188244 4 
0 0.0188358 4 
0 0.0188452 4 
0 0.0188459 4 
0 0.0188513 4 
0 0.0188664 4 
0 0.018874 4 
0 0.0188794 4 
0 0.0188828 4 
0 0.0188893 4 
0 0.0188978 4 
0 0.0189004 4 
0 0.0189036 4 
0 0.0189114 4 
0 0.0189895 4 
0 0.0190014 4 
0 0.0190483 4 
0 0.0190484 4 
0 0.0190802 4 
0 0.0191327 4 
0 0.0191397 4 
0 0.0191417 4 
0 0.0191679 4 
0 0.0191903 4 
0 0.0192546 4 
0 0.0192894 4 
0 0.0193 4 
0 0.019342 4 
0 0.0193655 4 
0 0.0194003 4 
0 0.0194227 4 
0 0.0194431 4 
0 0.0194531 4 
0 0.0195678 4 
0 0.0195712 4 
0 0.0195938 4 
0 0.0196474 4 
0 0.0197162 4 
0 0.0197721 4 
0 0.0198299 4 
0 0.0198399 4 
0 0.019886 4 
0 0.0199194 4 
0 0.0201623 4 
0 0.0202059 4 
0 0.0207092 4 
0 0.0208353 4 
0 inf 4 
0 0.00728652 5 
0 0.00756413 5 
0 0.00757711 5 
0 0.00772803 5 
0 0.0078614 5 
0 0.00787905 5 
0 0.00789495 5 
0 0.0079557 5 
0 0.008055 5 
0 0.00810447 5 
0 0.00812227 5 
0 0.00814936 5 
0 0.00816775 5 
0 0.00821404 5 
0 0.00825196 5 
0 0.00829368 5 
0 0.00830406 5 
0 0.00831452 5 
0 0.00842607 5 
0 0.0084326 5 
0 0.00846381 5 
0 0.00850055 5 
0 0.00850765 5 
0 0.00850791 5 
0 0.00851295 5 
0 0.00851421 5 
0 0.00852235 5 
0 0.00854352 5 
0 0.00855719 5 
0 0.00858611 5 
0 0.00858865 5 
0 0.00860378 5 
0 0.00861086 5 
0 0.00862919 5 
0 0.00863341 5 
0 0.00863405 5 
0 0.00866723 5 
0 0.00867265 5 
0 0.0086794 5 
0 0.00868162 5 
0 0.00875503 5 
0 0.00876134 5 
0 0.00880776 5 
0 0.00880831 5 
0 0.00882722 5 
0 0.00882969 5 
0 0.00883698 5 
0 0.00884834 5 
0 0.00885485 5 
0 0.00885663 5 
0 0.00886223 5 
0 0.00887323 5 
0 0.0089056 5 
0 0.00892295 5 
0 0.00893187 5 
0 0.00893604 5 
0 0.00893869 5 
0 0.00894064 5 
0 0.00896437 5 
0 0.00896778 5 
0 0.00897941 5 
0 0.00898479 5 
0 0.00902929 5 
0 0.00903193 5 
0 0.00904582 5 
0 0.00905672 5 
0 0.00906321 5 
0 0.00906916 5 
0 0.00907036 5 
0 0.00907122 5 
0 0.00907554 5 
0 0.00909878 5 
0 0.0091009 5 
0 0.00910459 5 
0 0.0091129 5 
0 0.00911448 5 
0 0.00911916 5 
0 0.00913162 5 
0 0.00913666 5 
0 0.00915111 5 
0 0.00915949 5 
0 0.00918216 5 
0 0.00918908 5 
0 0.00919672 5 
0 0.00921767 5 
0 0.00921804 5 
0 0.00923745 5 
0 0.00923968 5 
0 0.0092438 5 
0 0.00924871 5 
0 0.00925268 5 
0 0.00925915 5 
0 0.00926231 5 
0 0.00926284 5 
0 0.00926412 5 
0 0.00929195 5 
0 0.00930099 5 
0 0.00930683 5 
0 0.0093104 5 
0 0.00932036 5 
0 0.00932051 5 
0 0.00933276 5 
0 0.00934299 5 
0 0.00934405 5 
0 0.00936204 5 
0 0.00939441 5 
0 0.00940268 5 
0 0.00947308 5 
0 0.00949829 5 
0 0.00955276 5 
0 0.00956453 5 
0 0.00956488 5 
0 0.00956749 5 
0 0.00957895 5 
0 0.00965842 5 
0 0.00969602 5 
0 0.00974581 5 
0 0.00974702 5 
0 0.00974832 5 
0 0.00982987 5 
0 0.00983484 5 
0 0.00986039 5 
0 0.00987416 5 
0 0.00992683 5 
0 0.00993352 5 
0 0.0102921 5 
0 0.0104238 5 
0 inf 5 
0 0.00348257 6 
0 0.00365014 6 
0 0.0036921 6 
0 0.00372755 6 
0 0.00376952 6 
0 0.0037984 6 
0 0.00385949 6 
0 0.00388572 6 
0 0.00391409 6 
0 0.0039155 6 
0 0.00393783 6 
0 0.003991 6 
0 0.00399237 6 
0 0.00404661 6 
0 0.00406402 6 
0 0.00408702 6 
0 0.00408893 6 
0 0.00410179 6 
0 0.00410693 6 
0 0.00411539 6 
0 0.00414298 6 
0 0.00418392 6 
0 0.00419894 6 
0 0.00420131 6 
0 0.00420288 6 
0 0.00420699 6 
0 0.00420735 6 
0 0.00420796 6 
0 0.00422642 6 
0 0.00424586 6 
0 0.0042464 6 
0 0.00424933 6 
0 0.00425847 6 
0 0.00426603 6 
0 0.0042696 6 
0 0.00427037 6 
0 0.00427132 6 
0 0.00427392 6 
0 0.00427711 6 
0 0.0042979 6 
0 0.00430365 6 
0 0.00430624 6 
0 0.00431002 6 
0 0.00432247 6 
0 0.00433079 6 
0 0.00434696 6 
0 0.00435876 6 
0 0.00436409 6 
0 0.00437039 6 
0 0.00437238 6 
0 0.00439828 6 
0 0.00440942 6 
0 0.0044095 6 
0 0.00441265 6 
0 0.00442292 6 
0 0.00442344 6 
0 0.00442657 6 
0 0.00443007 6 
0 0.0044369 6 
0 0.00443941 6 
0 0.00444403 6 
0 0.00444868 6 
0 0.00444897 6 
0 0.00445575 6 
0 0.00446065 6 
0 0.00446077 6 
0 0.00446989 6 
0 0.00447483 6 
0 0.00447896 6 
0 0.00448734 6 
0 0.00448765 6 
0 0.00449332 6 
0 0.00450184 6 
0 0.00450963 6 
0 0.00451002 6 
0 0.00452397 6 
0 0.00452397 6 
0 0.00452461 6 
0 0.00453622 6 
0 0.00454679 6 
0 0.00454807 6 
0 0.00455311 6 
0 0.00455607 6 
0 0.00456011 6 
0 0.00456889 6 
0 0.00456941 6 
0 0.00458597 6 
0 0.00459399 6 
0 0.00459655 6 
0 0.0046068 6 
0 0.00461092 6 
0 0.00461262 6 
0 0.00461442 6 
0 0.00461946 6 
0 0.00462714 6 
0 0.00463072 6 
0 0.0046407 6 
0 0.00464406 6 
0 0.00464426 6 
0 0.00464509 6 
0 0.00465648 6 
0 0.00466313 6 
0 0.00467897 6 
0 0.00470134 6 
0 0.00470217 6 
0 0.00471937 6 
0 0.00472172 6 
0 0.00472808 6 
0 0.00476754 6 
0 0.00477126 6 
0 0.00478794 6 
0 0.00479845 6 
0 0.00480714 6 
0 0.00481974 6 
0 0.00486805 6 
0 0.004883 6 
0 0.00490224 6 
0 0.00490354 6 
0 0.00490857 6 
0 0.00493859 6 
0 0.00493987 6 
0 0.00496469 6 
0 0.0049716 6 
0 0.00498927 6 
0 0.00508535 6 
0 0.00516538 6 
0 0.00526241 6 
0 inf 6 
0 0.00170462 7 
0 0.00180167 7 
0 0.00183022 7 
0 0.00183791 7 
0 0.00183971 7 
0 0.0018602 7 
0 0.00190515 7 
0 0.00193013 7 
0 0.00193032 7 
0 0.00194093 7 
0 0.00196651 7 
0 0.00198045 7 
0 0.00199472 7 
0 0.0020131 7 
0 0.00202605 7 
0 0.00203003 7 
0 0.00203275 7 
0 0.00204696 7 
0 0.0020654 7 
0 0.00208061 7 
0 0.00208549 7 
0 0.0020905 7 
0 0.00209321 7 
0 0.00209324 7 
0 0.0020947 7 
0 0.0021 7 
0 0.00211046 7 
0 0.00211049 7 
0 0.00211284 7 
0 0.0021134 7 
0 0.00211474 7 
0 0.00211915 7 
0 0.00212291 7 
0 0.00212486 7 
0 0.00213189 7 
0 0.002141 7 
0 0.00214204 7 
0 0.00214868 7 
0 0.00215388 7 
0 0.00215725 7 
0 0.00215728 7 
0 0.00216425 7 
0 0.00216972 7 
0 0.0021719 7 
0 0.00217212 7 
0 0.00217359 7 
0 0.00217865 7 
0 0.00218179 7 
0 0.00218302 7 
0 0.00218746 7 
0 0.00218912 7 
0 0.00219307 7 
0 0.0022033 7 
0 0.00221052 7 
0 0.00221371 7 
0 0.00221691 7 
0 0.00221832 7 
0 0.00221878 7 
0 0.00222965 7 
0 0.0022312 7 
0 0.00223149 7 
0 0.00223185 7 
0 0.00223332 7 
0 0.00223712 7 
0 0.00223885 7 
0 0.00224349 7 
0 0.00224408 7 
0 0.00224566 7 
0 0.00225195 7 
0 0.00225494 7 
0 0.00226323 7 
0 0.00226435 7 
0 0.00226454 7 
0 0.00226549 7 
0 0.00227008 7 
0 0.0022705 7 
0 0.00227353 7 
0 0.00227675 7 
0 0.00227798 7 
0 0.00229465 7 
0 0.0022987 7 
0 0.00230148 7 
0 0.00231007 7 
0 0.00231059 7 
0 0.00231154 7 
0 0.00231403 7 
0 0.00232175 7 
0 0.0023232 7 
0 0.00232386 7 
0 0.00233188 7 
0 0.00233311 7 
0 0.00233502 7 
0 0.00233555 7 
0 0.00233596 7 
0 0.00233768 7 
0 0.00233842 7 
0 0.00234005 7 
0 0.00234065 7 
0 0.00234602 7 
0 0.00236028 7 
0 0.00236329 7 
0 0.00237351 7 
0 0.00238176 7 
0 0.0023828 7 
0 0.00239294 7 
0 0.00239939 7 
0 0.00240587 7 
0 0.00241258 7 
0 0.0024175 7 
0 0.00241789 7 
0 0.00244362 7 
0 0.00245267 7 
0 0.00245504 7 
0 0.00246634 7 
0 0.00246668 7 
0 0.00247292 7 
0 0.00248741 7 
0 0.00250138 7 
0 0.00251292 7 
0 0.00252305 7 
0 0.00252893 7 
0 0.00254042 7 
0 0.00254339 7 
0 0.00254822 7 
0 0.00262379 7 
0 0.00264178 7 
0 0.00268806 7 
0 inf 7 
0 0.000851303 8 
0 0.000905285 8 
0 0.000910821 8 
0 0.000910823 8 
0 0.000924214 8 
0 0.000930195 8 
0 0.000945896 8 
0 0.000968092 8 
0 0.000969305 8 
0 0.00098049 8 
0 0.000986326 8 
0 0.00100323 8 
0 0.00100377 8 
0 0.00101221 8 
0 0.00101347 8 
0 0.00103101 8 
0 0.00103276 8 
0 0.00103667 8 
0 0.00103835 8 
0 0.00104372 8 
0 0.00104954 8 
0 0.00105813 8 
0 0.00105879 8 
0 0.00106041 8 
0 0.00106108 8 
0 0.00106213 8 
0 0.0010633 8 
0 0.00106336 8 
0 0.00106442 8 
0 0.00106508 8 
0 0.00107133 8 
0 0.001072 8 
0 0.00107381 8 
0 0.00107537 8 
0 0.00107537 8 
0 0.00108096 8 
0 0.00108346 8 
0 0.00108585 8 
0 0.00109058 8 
0 0.00109247 8 
0 0.00109491 8 
0 0.00109589 8 
0 0.00109651 8 
0 0.00109973 8 
0 0.00110422 8 
0 0.00110476 8 
0 0.00110479 8 
0 0.00110556 8 
0 0.00110774 8 
0 0.00110776 8 
0 0.00110785 8 
0 0.00111145 8 
0 0.00111699 8 
0 0.00111725 8 
0 0.00112012 8 
0 0.00112057 8 
0 0.0011211 8 
0 0.00112203 8 
0 0.00112381 8 
0 0.001126 8 
0 0.00113022 8 
0 0.00113561 8 
0 0.00113772 8 
0 0.00113945 8 
0 0.00114062 8 
0 0.00114562 8 
0 0.00114655 8 
0 0.00114707 8 
0 0.00114942 8 
0 0.00115411 8 
0 0.00115535 8 
0 0.00115573 8 
0 0.00115624 8 
0 0.00115729 8 
0 0.00115978 8 
0 0.00115986 8 
0 0.00116171 8 
0 0.00116782 8 
0 0.00116814 8 
0 0.0011684 8 
0 0.00116921 8 
0 0.00117291 8 
0 0.00117625 8 
0 0.00117738 8 
0 0.00117991 8 
0 0.00118067 8 
0 0.00118396 8 
0 0.00118582 8 
0 0.00118611 8 
0 0.00119362 8 
0 0.00119716 8 
0 0.00119777 8 
0 0.00119803 8 
0 0.00119907 8 
0 0.00120248 8 
0 0.00120281 8 
0 0.00120398 8 
0 0.00120619 8 
0 0.00120691 8 
0 0.00120866 8 
0 0.00121554 8 
0 0.00121614 8 
0 0.00121626 8 
0 0.00122417 8 
0 0.00122571 8 
0 0.00122749 8 
0 0.00123612 8 
0 0.00123634 8 
0 0.00124739 8 
0 0.00125361 8 
0 0.00125378 8 
0 0.00125789 8 
0 0.00126484 8 
0 0.00126686 8 
0 0.00126973 8 
0 0.00127176 8 
0 0.00127774 8 
0 0.00128494 8 
0 0.00128738 8 
0 0.00131054 8 
0 0.00131107 8 
0 0.00131194 8 
0 0.00131985 8 
0 0.00132107 8 
0 0.00134558 8 
0 0.00138635 8 
0 0.00138858 8 
0 inf 8 
0 0.000432337 9 
0 0.000456276 9 
0 0.000458018 9 
0 0.000461316 9 
0 0.000464667 9 
0 0.000474308 9 
0 0.000477085 9 
0 0.000489338 9 
0 0.000492638 9 
0 0.000496034 9 
0 0.000504149 9 
0 0.00050705 9 
0 0.00051303 9 
0 0.000516766 9 
0 0.00051999 9 
0 0.00052002 9 
0 0.000524104 9 
0 0.000526178 9 
0 0.000528429 9 
0 0.000530784 9 
0 0.000534661 9 
0 0.00053502 9 
0 0.000536709 9 
0 0.000539334 9 
0 0.000540041 9 
0 0.000540066 9 
0 0.000540207 9 
0 0.000542002 9 
0 0.000543419 9 
0 0.000545244 9 
0 0.000547882 9 
0 0.000548897 9 
0 0.000549135 9 
0 0.000551024 9 
0 0.000551471 9 
0 0.000552171 9 
0 0.000552875 9 
0 0.000553777 9 
0 0.000554448 9 
0 0.000555329 9 
0 0.00055625 9 
0 0.000559641 9 
0 0.000561474 9 
0 0.000561518 9 
0 0.000562926 9 
0 0.000563577 9 
0 0.000564589 9 
0 0.000565181 9 
0 0.000565656 9 
0 0.000567586 9 
0 0.000568115 9 
0 0.00056929 9 
0 0.000569808 9 
0 0.000571063 9 
0 0.000572937 9 
0 0.000572955 9 
0 0.000576509 9 
0 0.000581779 9 
0 0.000582386 9 
0 0.000585184 9 
0 0.000587568 9 
0 0.000587899 9 
0 0.000588269 9 
0 0.000588387 9 
0 0.000588597 9 
0 0.000589377 9 
0 0.000590502 9 
0 0.000590725 9 
0 0.000590901 9 
0 0.000593625 9 
0 0.000593809 9 
0 0.000594549 9 
0 0.00059481 9 
0 0.000595971 9 
0 0.000596486 9 
0 0.000596541 9 
0 0.000598 9 
0 0.00059868 9 
0 0.000600977 9 
0 0.000601115 9 
0 0.000601233 9 
0 0.00060126 9 
0 0.000603949 9 
0 0.00060708 9 
0 0.000607768 9 
0 0.000610215 9 
0 0.000611727 9 
0 0.000612763 9 
0 0.000618245 9 
0 0.000618476 9 
0 0.000618955 9 
0 0.000619297 9 
0 0.000619365 9 
0 0.000619461 9 
0 0.000622635 9 
0 0.000623381 9 
0 0.000625135 9 
0 0.000625718 9 
0 0.000627242 9 
0 0.000630483 9 
0 0.000630665 9 
0 0.000631149 9 
0 0.000631226 9 
0 0.000631777 9 
0 0.000631807 9 
0 0.000638671 9 
0 0.000639713 9 
0 0.000640526 9 
0 0.000641339 9 
0 0.000642976 9 
0 0.000643256 9 
0 0.000653131 9 
0 0.000655015 9 
0 0.000655736 9 
0 0.000657005 9 
0 0.000658854 9 
0 0.000663194 9 
0 0.00066559 9 
0 0.000671608 9 
0 0.000678391 9 
0 0.000683259 9 
0 0.00068669 9 
0 0.000689256 9 
0 0.000695556 9 
0 0.000695822 9 
0 0.000724223 9 
0 0.000729932 9 
0 inf 9 
