0 0.50091 0 
0 0.500915 0 
0 0.500995 0 
0 0.502177 0 
0 0.502282 0 
0 0.502542 0 
0 0.502718 0 
0 0.50274 0 
0 0.503367 0 
0 0.503618 0 
0 0.50386 0 
0 0.503941 0 
0 0.503985 0 
0 0.504069 0 
0 0.504244 0 
0 0.504305 0 
0 0.504495 0 
0 0.504562 0 
0 0.50477 0 
0 0.504805 0 
0 0.504871 0 
0 0.5051 0 
0 0.505381 0 
0 0.505563 0 
0 0.505629 0 
0 0.505705 0 
0 0.50584 0 
0 0.505867 0 
0 0.505998 0 
0 0.506018 0 
0 0.506043 0 
0 0.506283 0 
0 0.506396 0 
0 0.506708 0 
0 0.506721 0 
0 0.506739 0 
0 0.506744 0 
0 0.506796 0 
0 0.506901 0 
0 0.507019 0 
0 0.507052 0 
0 0.507427 0 
0 0.507505 0 
0 0.507591 0 
0 0.507784 0 
0 0.507796 0 
0 0.507869 0 
0 0.507886 0 
0 0.508056 0 
0 0.508078 0 
0 0.508117 0 
0 0.508129 0 
0 0.508157 0 
0 0.508169 0 
0 0.508228 0 
0 0.508287 0 
0 0.508354 0 
0 0.508403 0 
0 0.508413 0 
0 0.508483 0 
0 0.508502 0 
0 0.508597 0 
0 0.508668 0 
0 0.508672 0 
0 0.508675 0 
0 0.508684 0 
0 0.50877 0 
0 0.508826 0 
0 0.508878 0 
0 0.508884 0 
0 0.508918 0 
0 0.509045 0 
0 0.509126 0 
0 0.509137 0 
0 0.509146 0 
0 0.509155 0 
0 0.509228 0 
0 0.509252 0 
0 0.509274 0 
0 0.509274 0 
0 0.509279 0 
0 0.509308 0 
0 0.509491 0 
0 0.509601 0 
0 0.509618 0 
0 0.50963 0 
0 0.509644 0 
0 0.509705 0 
0 0.509807 0 
0 0.509825 0 
0 0.509853 0 
0 0.509975 0 
0 0.510061 0 
0 0.510184 0 
0 0.510188 0 
0 0.510222 0 
0 0.510315 0 
0 0.510347 0 
0 0.510453 0 
0 0.510458 0 
0 0.510478 0 
0 0.51052 0 
0 0.510728 0 
0 0.510731 0 
0 0.510808 0 
0 0.510826 0 
0 0.510859 0 
0 0.510883 0 
0 0.511088 0 
0 0.511182 0 
0 0.511182 0 
0 0.511258 0 
0 0.511274 0 
0 0.511383 0 
0 0.511507 0 
0 0.511507 0 
0 0.511578 0 
0 0.511655 0 
0 0.511689 0 
0 0.511835 0 
0 0.511987 0 
0 0.512237 0 
0 0.51253 0 
0 0.512547 0 
0 0.512683 0 
0 0.512835 0 
0 0.513692 0 
0 inf 0 
0 0.191564 1 
0 0.193426 1 
0 0.193537 1 
0 0.193763 1 
0 0.193774 1 
0 0.194144 1 
0 0.19462 1 
0 0.194829 1 
0 0.194977 1 
0 0.194991 1 
0 0.195543 1 
0 0.195645 1 
0 0.195972 1 
0 0.196149 1 
0 0.19627 1 
0 0.196429 1 
0 0.196496 1 
0 0.196748 1 
0 0.196784 1 
0 0.197092 1 
0 0.19727 1 
0 0.197321 1 
0 0.197571 1 
0 0.197648 1 
0 0.197762 1 
0 0.198056 1 
0 0.198068 1 
0 0.198246 1 
0 0.198469 1 
0 0.19864 1 
0 0.198662 1 
0 0.198707 1 
0 0.198833 1 
0 0.199005 1 
0 0.199012 1 
0 0.199021 1 
0 0.199088 1 
0 0.199113 1 
0 0.199126 1 
0 0.199152 1 
0 0.199182 1 
0 0.199353 1 
0 0.199419 1 
0 0.199499 1 
0 0.199501 1 
0 0.199671 1 
0 0.199791 1 
0 0.199817 1 
0 0.199838 1 
0 0.199939 1 
0 0.200028 1 
0 0.200081 1 
0 0.200124 1 
0 0.200156 1 
0 0.200173 1 
0 0.200179 1 
0 0.200221 1 
0 0.200328 1 
0 0.200377 1 
0 0.20041 1 
0 0.200579 1 
0 0.200592 1 
0 0.200776 1 
0 0.20083 1 
0 0.200832 1 
0 0.200848 1 
0 0.20085 1 
0 0.200874 1 
0 0.200916 1 
0 0.201078 1 
0 0.201093 1 
0 0.201158 1 
0 0.201237 1 
0 0.201317 1 
0 0.201361 1 
0 0.201369 1 
0 0.201384 1 
0 0.20151 1 
0 0.20155 1 
0 0.201594 1 
0 0.201616 1 
0 0.201706 1 
0 0.201712 1 
0 0.201736 1 
0 0.20178 1 
0 0.202019 1 
0 0.202057 1 
0 0.202108 1 
0 0.202125 1 
0 0.202171 1 
0 0.202239 1 
0 0.202256 1 
0 0.202262 1 
0 0.202286 1 
0 0.202394 1 
0 0.202408 1 
0 0.202454 1 
0 0.202479 1 
0 0.202579 1 
0 0.202641 1 
0 0.202651 1 
0 0.202848 1 
0 0.20304 1 
0 0.203065 1 
0 0.203106 1 
0 0.203168 1 
0 0.203174 1 
0 0.203179 1 
0 0.203226 1 
0 0.203262 1 
0 0.203373 1 
0 0.203405 1 
0 0.203531 1 
0 0.20355 1 
0 0.203587 1 
0 0.203621 1 
0 0.203624 1 
0 0.203747 1 
0 0.203881 1 
0 0.204105 1 
0 0.204312 1 
0 0.204433 1 
0 0.204582 1 
0 0.204673 1 
0 0.205106 1 
0 0.205332 1 
0 0.206644 1 
0 inf 1 
0 0.0776211 2 
0 0.078078 2 
0 0.0786154 2 
0 0.0796038 2 
0 0.0796359 2 
0 0.0796627 2 
0 0.0803562 2 
0 0.0806862 2 
0 0.0808272 2 
0 0.0808362 2 
0 0.0809197 2 
0 0.081082 2 
0 0.08122 2 
0 0.0812219 2 
0 0.0815461 2 
0 0.0815914 2 
0 0.0820431 2 
0 0.0821685 2 
0 0.0822154 2 
0 0.0823851 2 
0 0.0824003 2 
0 0.0824195 2 
0 0.0827371 2 
0 0.0828817 2 
0 0.0829995 2 
0 0.0831671 2 
0 0.0833833 2 
0 0.0835233 2 
0 0.08353 2 
0 0.0835459 2 
0 0.0836323 2 
0 0.0836479 2 
0 0.0836592 2 
0 0.0837242 2 
0 0.083733 2 
0 0.0837716 2 
0 0.083782 2 
0 0.0838086 2 
0 0.0838269 2 
0 0.0838433 2 
0 0.0840654 2 
0 0.0841356 2 
0 0.0841494 2 
0 0.0841611 2 
0 0.0842097 2 
0 0.0842355 2 
0 0.0842553 2 
0 0.0843029 2 
0 0.0843339 2 
0 0.0844134 2 
0 0.084601 2 
0 0.0846019 2 
0 0.0847397 2 
0 0.084802 2 
0 0.08481 2 
0 0.0848135 2 
0 0.0848216 2 
0 0.0848679 2 
0 0.0849051 2 
0 0.0849288 2 
0 0.0851102 2 
0 0.0851905 2 
0 0.085317 2 
0 0.0853523 2 
0 0.0853956 2 
0 0.0854032 2 
0 0.0854666 2 
0 0.0854821 2 
0 0.0854873 2 
0 0.085488 2 
0 0.085491 2 
0 0.085543 2 
0 0.0855482 2 
0 0.0856774 2 
0 0.0857124 2 
0 0.0857301 2 
0 0.0858605 2 
0 0.0859497 2 
0 0.0859649 2 
0 0.0861522 2 
0 0.08616 2 
0 0.0861806 2 
0 0.0861904 2 
0 0.086249 2 
0 0.0862589 2 
0 0.086301 2 
0 0.086329 2 
0 0.0863372 2 
0 0.0863372 2 
0 0.0864289 2 
0 0.0864909 2 
0 0.0864935 2 
0 0.0865197 2 
0 0.0865527 2 
0 0.0867779 2 
0 0.0867905 2 
0 0.0868499 2 
0 0.086931 2 
0 0.0869717 2 
0 0.086999 2 
0 0.0870399 2 
0 0.0870807 2 
0 0.0871964 2 
0 0.0872235 2 
0 0.0872522 2 
0 0.0872947 2 
0 0.0873499 2 
0 0.0876263 2 
0 0.087709 2 
0 0.0878504 2 
0 0.0878708 2 
0 0.0879355 2 
0 0.0879678 2 
0 0.0880036 2 
0 0.088202 2 
0 0.0882531 2 
0 0.088441 2 
0 0.0885896 2 
0 0.0887102 2 
0 0.089275 2 
0 0.0895125 2 
0 0.0898017 2 
0 0.0898201 2 
0 0.0899764 2 
0 0.0901555 2 
0 0.0906074 2 
0 0.0909899 2 
0 inf 2 
0 0.032803 3 
0 0.0337604 3 
0 0.0338198 3 
0 0.0342811 3 
0 0.0342942 3 
0 0.0347246 3 
0 0.0348713 3 
0 0.0350982 3 
0 0.035365 3 
0 0.0354634 3 
0 0.0356629 3 
0 0.0357937 3 
0 0.0357994 3 
0 0.0358729 3 
0 0.0360131 3 
0 0.0360977 3 
0 0.0361366 3 
0 0.0361613 3 
0 0.0364288 3 
0 0.0365961 3 
0 0.0366388 3 
0 0.036668 3 
0 0.0367191 3 
0 0.0368471 3 
0 0.0369173 3 
0 0.0369355 3 
0 0.0369682 3 
0 0.037073 3 
0 0.0371126 3 
0 0.0373107 3 
0 0.0373626 3 
0 0.03737 3 
0 0.0373811 3 
0 0.0374147 3 
0 0.0374384 3 
0 0.0374774 3 
0 0.0374986 3 
0 0.0375188 3 
0 0.0375233 3 
0 0.0376213 3 
0 0.0376428 3 
0 0.0376629 3 
0 0.0377209 3 
0 0.0377687 3 
0 0.0378009 3 
0 0.0378371 3 
0 0.0379253 3 
0 0.0379401 3 
0 0.0379744 3 
0 0.0379913 3 
0 0.038 3 
0 0.0380661 3 
0 0.0381147 3 
0 0.0381293 3 
0 0.0382079 3 
0 0.0382122 3 
0 0.0382285 3 
0 0.0382899 3 
0 0.0383066 3 
0 0.0383138 3 
0 0.0383232 3 
0 0.0383266 3 
0 0.0383782 3 
0 0.0383974 3 
0 0.0384086 3 
0 0.0384097 3 
0 0.0384353 3 
0 0.0384682 3 
0 0.0384897 3 
0 0.0385051 3 
0 0.0385768 3 
0 0.0386217 3 
0 0.0387503 3 
0 0.0387619 3 
0 0.0387724 3 
0 0.0387984 3 
0 0.0388003 3 
0 0.0388345 3 
0 0.0389145 3 
0 0.0389487 3 
0 0.0390073 3 
0 0.0390154 3 
0 0.0390722 3 
0 0.0390999 3 
0 0.0391116 3 
0 0.039182 3 
0 0.0392099 3 
0 0.0392106 3 
0 0.0392261 3 
0 0.0392856 3 
0 0.039347 3 
0 0.0393783 3 
0 0.0393963 3 
0 0.039478 3 
0 0.0395052 3 
0 0.0395088 3 
0 0.039538 3 
0 0.0395552 3 
0 0.0396247 3 
0 0.0396283 3 
0 0.0396846 3 
0 0.0397251 3 
0 0.0397769 3 
0 0.0398063 3 
0 0.0399463 3 
0 0.0399652 3 
0 0.0399942 3 
0 0.0401075 3 
0 0.040234 3 
0 0.0402346 3 
0 0.0402505 3 
0 0.0405618 3 
0 0.0406221 3 
0 0.0406278 3 
0 0.0407123 3 
0 0.040823 3 
0 0.0408993 3 
0 0.0409832 3 
0 0.0413777 3 
0 0.0414933 3 
0 0.041503 3 
0 0.0416135 3 
0 0.0417407 3 
0 0.0421007 3 
0 0.0424165 3 
0 0.0429438 3 
0 0.0442064 3 
0 inf 3 
0 0.0145686 4 
0 0.0152402 4 
0 0.0154253 4 
0 0.0154784 4 
0 0.0155325 4 
0 0.0156738 4 
0 0.0159439 4 
0 0.0161576 4 
0 0.0162572 4 
0 0.0162981 4 
0 0.0163222 4 
0 0.0163749 4 
0 0.0165659 4 
0 0.0166574 4 
0 0.0167455 4 
0 0.0167683 4 
0 0.0169097 4 
0 0.0169113 4 
0 0.0169205 4 
0 0.0169437 4 
0 0.0169447 4 
0 0.0170422 4 
0 0.0170952 4 
0 0.0171009 4 
0 0.0171631 4 
0 0.0171719 4 
0 0.0172179 4 
0 0.0172303 4 
0 0.0172457 4 
0 0.0173055 4 
0 0.0174024 4 
0 0.0174377 4 
0 0.0174732 4 
0 0.0175003 4 
0 0.0176622 4 
0 0.0176622 4 
0 0.0176631 4 
0 0.0176715 4 
0 0.0176735 4 
0 0.0176771 4 
0 0.0176874 4 
0 0.0177151 4 
0 0.0178228 4 
0 0.0178336 4 
0 0.0178343 4 
0 0.0178675 4 
0 0.017878 4 
0 0.0178964 4 
0 0.0179247 4 
0 0.017951 4 
0 0.0179813 4 
0 0.0180121 4 
0 0.018013 4 
0 0.0180184 4 
0 0.0180295 4 
0 0.0180432 4 
0 0.0180665 4 
0 0.0180879 4 
0 0.0180915 4 
0 0.0181241 4 
0 0.018126 4 
0 0.0181349 4 
0 0.0181412 4 
0 0.0181541 4 
0 0.0181766 4 
0 0.0181788 4 
0 0.0181954 4 
0 0.0182511 4 
0 0.0182569 4 
0 0.0182862 4 
0 0.0182917 4 
0 0.0182988 4 
0 0.0183058 4 
0 0.0183194 4 
0 0.0183238 4 
0 0.0183281 4 
0 0.0183768 4 
0 0.0183904 4 
0 0.0183937 4 
0 0.0184269 4 
0 0.0184373 4 
0 0.0184458 4 
0 0.0184603 4 
0 0.0184925 4 
0 0.018508 4 
0 0.0185212 4 
0 0.0185337 4 
0 0.0185922 4 
0 0.0186054 4 
0 0.018625 4 
0 0.0186413 4 
0 0.0186423 4 
0 0.0186742 4 
0 0.0186917 4 
0 0.0187069 4 
0 0.0188445 4 
0 0.0188465 4 
0 0.0189009 4 
0 0.018952 4 
0 0.0189766 4 
0 0.0189947 4 
0 0.0190178 4 
0 0.0190242 4 
0 0.0190606 4 
0 0.0190836 4 
0 0.019102 4 
0 0.0192277 4 
0 0.0193685 4 
0 0.0193864 4 
0 0.0194159 4 
0 0.0194514 4 
0 0.0194984 4 
0 0.0195352 4 
0 0.0195465 4 
0 0.0196736 4 
0 0.0197378 4 
0 0.0198578 4 
0 0.0199332 4 
0 0.0201106 4 
0 0.0201194 4 
0 0.0201809 4 
0 0.0202162 4 
0 0.0204288 4 
0 0.0204382 4 
0 0.0208652 4 
0 0.0211691 4 
0 0.0219238 4 
0 inf 4 
0 0.00676824 5 
0 0.00717018 5 
0 0.00721109 5 
0 0.00736157 5 
0 0.00739334 5 
0 0.00741899 5 
0 0.00745191 5 
0 0.00772059 5 
0 0.00773287 5 
0 0.00777832 5 
0 0.00778005 5 
0 0.00786439 5 
0 0.00787435 5 
0 0.00795283 5 
0 0.0079772 5 
0 0.00802784 5 
0 0.00812615 5 
0 0.00816248 5 
0 0.00816911 5 
0 0.00820276 5 
0 0.0082115 5 
0 0.00822984 5 
0 0.00824047 5 
0 0.00824696 5 
0 0.00825229 5 
0 0.00825916 5 
0 0.00827058 5 
0 0.00829146 5 
0 0.00829702 5 
0 0.00833838 5 
0 0.00836552 5 
0 0.00839336 5 
0 0.00845015 5 
0 0.00855949 5 
0 0.00859658 5 
0 0.00859927 5 
0 0.00864109 5 
0 0.00864403 5 
0 0.00866917 5 
0 0.00868091 5 
0 0.00868199 5 
0 0.0086909 5 
0 0.00869941 5 
0 0.00870113 5 
0 0.00871975 5 
0 0.0087366 5 
0 0.00875385 5 
0 0.00875616 5 
0 0.0087766 5 
0 0.00877822 5 
0 0.00877968 5 
0 0.00878097 5 
0 0.00878868 5 
0 0.00878941 5 
0 0.00879716 5 
0 0.00879792 5 
0 0.00879952 5 
0 0.00880351 5 
0 0.00882564 5 
0 0.00883345 5 
0 0.00886178 5 
0 0.00887163 5 
0 0.00888669 5 
0 0.00889317 5 
0 0.00890002 5 
0 0.00890637 5 
0 0.00890992 5 
0 0.00891788 5 
0 0.00892265 5 
0 0.00893104 5 
0 0.00893328 5 
0 0.00894007 5 
0 0.00894699 5 
0 0.00895557 5 
0 0.00895773 5 
0 0.00896646 5 
0 0.00897894 5 
0 0.0090039 5 
0 0.00902254 5 
0 0.00902766 5 
0 0.00903063 5 
0 0.00904359 5 
0 0.00904813 5 
0 0.00908587 5 
0 0.00910648 5 
0 0.00911927 5 
0 0.00912471 5 
0 0.00912821 5 
0 0.00914982 5 
0 0.00916166 5 
0 0.00916727 5 
0 0.00916818 5 
0 0.00918652 5 
0 0.00918722 5 
0 0.00919895 5 
0 0.00921304 5 
0 0.00921823 5 
0 0.00928431 5 
0 0.00939036 5 
0 0.00940073 5 
0 0.00946305 5 
0 0.00953043 5 
0 0.00956202 5 
0 0.00957391 5 
0 0.00960262 5 
0 0.00961197 5 
0 0.00966097 5 
0 0.00967474 5 
0 0.00971528 5 
0 0.00971635 5 
0 0.00971644 5 
0 0.00977214 5 
0 0.00980122 5 
0 0.00980684 5 
0 0.00981397 5 
0 0.00983719 5 
0 0.00997938 5 
0 0.0100478 5 
0 0.010067 5 
0 0.0101474 5 
0 0.0101513 5 
0 0.0102855 5 
0 0.0103474 5 
0 0.0104033 5 
0 0.0104361 5 
0 0.0105923 5 
0 0.0111713 5 
0 inf 5 
0 0.00326848 6 
0 0.00348607 6 
0 0.00348914 6 
0 0.00349173 6 
0 0.00363149 6 
0 0.00363321 6 
0 0.00375853 6 
0 0.00376947 6 
0 0.00378549 6 
0 0.00380375 6 
0 0.0038315 6 
0 0.00384192 6 
0 0.00384463 6 
0 0.00390058 6 
0 0.00391394 6 
0 0.00394108 6 
0 0.00394794 6 
0 0.00395711 6 
0 0.00397748 6 
0 0.00399044 6 
0 0.00403493 6 
0 0.00406752 6 
0 0.00408619 6 
0 0.00409989 6 
0 0.00412003 6 
0 0.00412644 6 
0 0.00413032 6 
0 0.00413484 6 
0 0.00414491 6 
0 0.00418307 6 
0 0.00419531 6 
0 0.00420759 6 
0 0.00423656 6 
0 0.00423832 6 
0 0.00426199 6 
0 0.0042675 6 
0 0.00428045 6 
0 0.0042835 6 
0 0.00431483 6 
0 0.00431713 6 
0 0.00431978 6 
0 0.00432161 6 
0 0.00432848 6 
0 0.00433803 6 
0 0.00434268 6 
0 0.00434364 6 
0 0.00434385 6 
0 0.00434538 6 
0 0.00435528 6 
0 0.00436259 6 
0 0.00437201 6 
0 0.00437591 6 
0 0.00437686 6 
0 0.00438644 6 
0 0.00438853 6 
0 0.00441633 6 
0 0.00441756 6 
0 0.00442095 6 
0 0.00442712 6 
0 0.00443528 6 
0 0.00443667 6 
0 0.00443787 6 
0 0.00443843 6 
0 0.00443999 6 
0 0.00444856 6 
0 0.00445093 6 
0 0.00448006 6 
0 0.00448666 6 
0 0.00448848 6 
0 0.00449478 6 
0 0.00449791 6 
0 0.00450919 6 
0 0.00451008 6 
0 0.0045121 6 
0 0.0045254 6 
0 0.00453385 6 
0 0.00454794 6 
0 0.00454875 6 
0 0.00456022 6 
0 0.00457092 6 
0 0.00459492 6 
0 0.00460158 6 
0 0.00460727 6 
0 0.00461848 6 
0 0.00462222 6 
0 0.00462346 6 
0 0.00462405 6 
0 0.00464827 6 
0 0.00464897 6 
0 0.0046738 6 
0 0.00468203 6 
0 0.00469345 6 
0 0.0047005 6 
0 0.0047056 6 
0 0.00473206 6 
0 0.00475687 6 
0 0.00476806 6 
0 0.00476873 6 
0 0.00478525 6 
0 0.00480127 6 
0 0.00480969 6 
0 0.0048286 6 
0 0.00483001 6 
0 0.00485952 6 
0 0.00486542 6 
0 0.00488938 6 
0 0.00489102 6 
0 0.00489966 6 
0 0.0049188 6 
0 0.00492161 6 
0 0.00492609 6 
0 0.00493034 6 
0 0.00493135 6 
0 0.00496917 6 
0 0.00499675 6 
0 0.00502367 6 
0 0.00513359 6 
0 0.00516569 6 
0 0.00518752 6 
0 0.00525628 6 
0 0.00527863 6 
0 0.00530767 6 
0 0.00531908 6 
0 0.00544088 6 
0 0.00546423 6 
0 0.00547021 6 
0 0.00581046 6 
0 inf 6 
0 0.00162941 7 
0 0.00167447 7 
0 0.00173915 7 
0 0.00174365 7 
0 0.00185366 7 
0 0.0018555 7 
0 0.00188741 7 
0 0.00189047 7 
0 0.00190246 7 
0 0.00190573 7 
0 0.00190626 7 
0 0.00191164 7 
0 0.00193623 7 
0 0.00194908 7 
0 0.00194931 7 
0 0.00195011 7 
0 0.00196422 7 
0 0.00197058 7 
0 0.00197587 7 
0 0.00198862 7 
0 0.00204035 7 
0 0.00206385 7 
0 0.00206951 7 
0 0.00207849 7 
0 0.00209488 7 
0 0.00209928 7 
0 0.00210759 7 
0 0.00210952 7 
0 0.00211084 7 
0 0.00212226 7 
0 0.00212227 7 
0 0.00212602 7 
0 0.00213174 7 
0 0.00213777 7 
0 0.00214621 7 
0 0.00215306 7 
0 0.00215832 7 
0 0.00217949 7 
0 0.00217974 7 
0 0.00218044 7 
0 0.00218512 7 
0 0.0021917 7 
0 0.00219734 7 
0 0.00220174 7 
0 0.00220703 7 
0 0.00221305 7 
0 0.00222194 7 
0 0.00222216 7 
0 0.00222548 7 
0 0.00222855 7 
0 0.00223204 7 
0 0.00223457 7 
0 0.00223632 7 
0 0.00223646 7 
0 0.00224072 7 
0 0.00226 7 
0 0.00226067 7 
0 0.00226153 7 
0 0.00226556 7 
0 0.00226686 7 
0 0.00227499 7 
0 0.00227554 7 
0 0.00227645 7 
0 0.0022843 7 
0 0.0022874 7 
0 0.00229421 7 
0 0.00230106 7 
0 0.00231212 7 
0 0.0023176 7 
0 0.00232698 7 
0 0.00232843 7 
0 0.00233641 7 
0 0.00233719 7 
0 0.00233887 7 
0 0.0023418 7 
0 0.00235469 7 
0 0.00235543 7 
0 0.00235944 7 
0 0.0023717 7 
0 0.00238005 7 
0 0.00238334 7 
0 0.00239101 7 
0 0.00240673 7 
0 0.00240875 7 
0 0.00241671 7 
0 0.00242172 7 
0 0.00242251 7 
0 0.00242623 7 
0 0.00243436 7 
0 0.00244242 7 
0 0.00244737 7 
0 0.00244827 7 
0 0.0024485 7 
0 0.0024585 7 
0 0.00246163 7 
0 0.00246955 7 
0 0.0024728 7 
0 0.00247363 7 
0 0.00247694 7 
0 0.00247893 7 
0 0.00248489 7 
0 0.00248874 7 
0 0.00249521 7 
0 0.00249727 7 
0 0.00250666 7 
0 0.00250912 7 
0 0.00251088 7 
0 0.00251166 7 
0 0.00251218 7 
0 0.00252303 7 
0 0.00252555 7 
0 0.00256232 7 
0 0.00257175 7 
0 0.00257853 7 
0 0.00258738 7 
0 0.00259669 7 
0 0.00267589 7 
0 0.00270743 7 
0 0.0027392 7 
0 0.00274061 7 
0 0.00274079 7 
0 0.00277121 7 
0 0.00284307 7 
0 0.00284992 7 
0 0.00286054 7 
0 0.00294464 7 
0 0.00307342 7 
0 inf 7 
0 0.000816573 8 
0 0.000833199 8 
0 0.000885724 8 
0 0.000898632 8 
0 0.000933575 8 
0 0.00094955 8 
0 0.000965913 8 
0 0.000967447 8 
0 0.00096867 8 
0 0.000971963 8 
0 0.000974125 8 
0 0.000974971 8 
0 0.000977687 8 
0 0.000977717 8 
0 0.000980065 8 
0 0.000983807 8 
0 0.00100027 8 
0 0.00100935 8 
0 0.00101607 8 
0 0.00103032 8 
0 0.00104546 8 
0 0.00105848 8 
0 0.0010659 8 
0 0.00107116 8 
0 0.00107559 8 
0 0.00107835 8 
0 0.00107987 8 
0 0.00108078 8 
0 0.00108086 8 
0 0.00109431 8 
0 0.00110121 8 
0 0.0011091 8 
0 0.00110916 8 
0 0.00110992 8 
0 0.00111426 8 
0 0.00111491 8 
0 0.00111499 8 
0 0.00111919 8 
0 0.00112772 8 
0 0.00112792 8 
0 0.00112889 8 
0 0.0011303 8 
0 0.00113037 8 
0 0.00113599 8 
0 0.00114011 8 
0 0.00114728 8 
0 0.00115324 8 
0 0.00115388 8 
0 0.00115493 8 
0 0.00115661 8 
0 0.0011671 8 
0 0.00116758 8 
0 0.00116922 8 
0 0.00117496 8 
0 0.00117773 8 
0 0.00117954 8 
0 0.00118176 8 
0 0.0011823 8 
0 0.00118533 8 
0 0.00118629 8 
0 0.00118849 8 
0 0.00119355 8 
0 0.00119455 8 
0 0.00119627 8 
0 0.00119958 8 
0 0.00120011 8 
0 0.00120823 8 
0 0.00121279 8 
0 0.00121445 8 
0 0.0012156 8 
0 0.0012168 8 
0 0.00122332 8 
0 0.00122531 8 
0 0.00122716 8 
0 0.00123677 8 
0 0.00123947 8 
0 0.00124012 8 
0 0.00124813 8 
0 0.00125035 8 
0 0.00125137 8 
0 0.00125164 8 
0 0.00125197 8 
0 0.00125894 8 
0 0.00126372 8 
0 0.0012639 8 
0 0.00126794 8 
0 0.00127153 8 
0 0.001273 8 
0 0.00127794 8 
0 0.00128277 8 
0 0.0012846 8 
0 0.00128514 8 
0 0.00128523 8 
0 0.00128754 8 
0 0.00128942 8 
0 0.00129112 8 
0 0.00129644 8 
0 0.00129738 8 
0 0.00129871 8 
0 0.00130045 8 
0 0.00130169 8 
0 0.00130234 8 
0 0.00131274 8 
0 0.00131629 8 
0 0.00131695 8 
0 0.00131698 8 
0 0.00132714 8 
0 0.00133174 8 
0 0.00133713 8 
0 0.00134346 8 
0 0.0013481 8 
0 0.00136323 8 
0 0.0013685 8 
0 0.00136992 8 
0 0.00137001 8 
0 0.00137563 8 
0 0.00139917 8 
0 0.00143558 8 
0 0.00144842 8 
0 0.00145599 8 
0 0.00146318 8 
0 0.00146399 8 
0 0.00150693 8 
0 0.00152067 8 
0 0.00152091 8 
0 0.00155161 8 
0 0.00164935 8 
0 inf 8 
0 0.000404371 9 
0 0.000434705 9 
0 0.00045896 9 
0 0.0004629 9 
0 0.000476802 9 
0 0.000485265 9 
0 0.000485785 9 
0 0.000487719 9 
0 0.000491916 9 
0 0.000494312 9 
0 0.000500513 9 
0 0.000505545 9 
0 0.000511513 9 
0 0.000518432 9 
0 0.000518693 9 
0 0.000521365 9 
0 0.000525597 9 
0 0.000528376 9 
0 0.000529216 9 
0 0.000532037 9 
0 0.000535923 9 
0 0.000549525 9 
0 0.000554841 9 
0 0.000557098 9 
0 0.000557945 9 
0 0.000562032 9 
0 0.000562426 9 
0 0.00056292 9 
0 0.000570007 9 
0 0.000574232 9 
0 0.000579161 9 
0 0.000579427 9 
0 0.000582518 9 
0 0.000586255 9 
0 0.000586841 9 
0 0.000587816 9 
0 0.000588626 9 
0 0.000589382 9 
0 0.000590494 9 
0 0.000591768 9 
0 0.000593187 9 
0 0.000593264 9 
0 0.000596732 9 
0 0.000596825 9 
0 0.000598566 9 
0 0.00060072 9 
0 0.000601926 9 
0 0.000615052 9 
0 0.000616364 9 
0 0.000617563 9 
0 0.000618521 9 
0 0.000619353 9 
0 0.000620107 9 
0 0.000621705 9 
0 0.00062313 9 
0 0.000623433 9 
0 0.000623667 9 
0 0.000625873 9 
0 0.000626134 9 
0 0.000626949 9 
0 0.000628312 9 
0 0.000634163 9 
0 0.000634648 9 
0 0.000635168 9 
0 0.0006361 9 
0 0.00063796 9 
0 0.000643146 9 
0 0.00064357 9 
0 0.000644139 9 
0 0.00064699 9 
0 0.000650726 9 
0 0.000651087 9 
0 0.000651442 9 
0 0.000651531 9 
0 0.000652826 9 
0 0.00065458 9 
0 0.000659352 9 
0 0.000659988 9 
0 0.000660446 9 
0 0.000663241 9 
0 0.000664407 9 
0 0.000666882 9 
0 0.000668409 9 
0 0.000670278 9 
0 0.000672238 9 
0 0.00067458 9 
0 0.000675363 9 
0 0.000676104 9 
0 0.000676118 9 
0 0.00067637 9 
0 0.000676696 9 
0 0.000677736 9 
0 0.000679741 9 
0 0.000680579 9 
0 0.000682216 9 
0 0.000682336 9 
0 0.000684451 9 
0 0.000687299 9 
0 0.000689964 9 
0 0.000690407 9 
0 0.000694207 9 
0 0.000697282 9 
0 0.000698399 9 
0 0.000700327 9 
0 0.000701139 9 
0 0.000703855 9 
0 0.000711111 9 
0 0.000715927 9 
0 0.000717109 9 
0 0.000717879 9 
0 0.000721733 9 
0 0.000728166 9 
0 0.00073084 9 
0 0.000741529 9 
0 0.000745259 9 
0 0.00075098 9 
0 0.000759548 9 
0 0.0007624 9 
0 0.000762414 9 
0 0.000787027 9 
0 0.000789354 9 
0 0.000808049 9 
0 0.000815079 9 
0 0.000815314 9 
0 0.000819732 9 
0 0.000828372 9 
0 0.000896517 9 
0 inf 9 
