0 0.491511 0 
0 0.496319 0 
0 0.496594 0 
0 0.499418 0 
0 0.499858 0 
0 0.500354 0 
0 0.501131 0 
0 0.501325 0 
0 0.501374 0 
0 0.502499 0 
0 0.502981 0 
0 0.503249 0 
0 0.504016 0 
0 0.50404 0 
0 0.504082 0 
0 0.504167 0 
0 0.504188 0 
0 0.504463 0 
0 0.504495 0 
0 0.504528 0 
0 0.504691 0 
0 0.504786 0 
0 0.505264 0 
0 0.505348 0 
0 0.505362 0 
0 0.505499 0 
0 0.505633 0 
0 0.505753 0 
0 0.505825 0 
0 0.505839 0 
0 0.505849 0 
0 0.50594 0 
0 0.505987 0 
0 0.506167 0 
0 0.506227 0 
0 0.506311 0 
0 0.506472 0 
0 0.506522 0 
0 0.506723 0 
0 0.506784 0 
0 0.506813 0 
0 0.506837 0 
0 0.506851 0 
0 0.506856 0 
0 0.506899 0 
0 0.506959 0 
0 0.507093 0 
0 0.507093 0 
0 0.507332 0 
0 0.507356 0 
0 0.507363 0 
0 0.507428 0 
0 0.507441 0 
0 0.507445 0 
0 0.507487 0 
0 0.507489 0 
0 0.507508 0 
0 0.507514 0 
0 0.507642 0 
0 0.507741 0 
0 0.507765 0 
0 0.507774 0 
0 0.507801 0 
0 0.507881 0 
0 0.507889 0 
0 0.50791 0 
0 0.507914 0 
0 0.508057 0 
0 0.508061 0 
0 0.508123 0 
0 0.508195 0 
0 0.508205 0 
0 0.508353 0 
0 0.50843 0 
0 0.508454 0 
0 0.508482 0 
0 0.508514 0 
0 0.508522 0 
0 0.508526 0 
0 0.508608 0 
0 0.508684 0 
0 0.508697 0 
0 0.508897 0 
0 0.50894 0 
0 0.508942 0 
0 0.508966 0 
0 0.508971 0 
0 0.50905 0 
0 0.509074 0 
0 0.509254 0 
0 0.509259 0 
0 0.509349 0 
0 0.509439 0 
0 0.509477 0 
0 0.509649 0 
0 0.509786 0 
0 0.509817 0 
0 0.509861 0 
0 0.509923 0 
0 0.510005 0 
0 0.510006 0 
0 0.510056 0 
0 0.510071 0 
0 0.510119 0 
0 0.510338 0 
0 0.510448 0 
0 0.510573 0 
0 0.510653 0 
0 0.510845 0 
0 0.511072 0 
0 0.511153 0 
0 0.51126 0 
0 0.511273 0 
0 0.511323 0 
0 0.511339 0 
0 0.511409 0 
0 0.51152 0 
0 0.511561 0 
0 0.511633 0 
0 0.511705 0 
0 0.512161 0 
0 0.512586 0 
0 0.512593 0 
0 0.512644 0 
0 0.513261 0 
0 0.513399 0 
0 0.513671 0 
0 inf 0 
0 0.195507 1 
0 0.195703 1 
0 0.196116 1 
0 0.196159 1 
0 0.196491 1 
0 0.196552 1 
0 0.196583 1 
0 0.196888 1 
0 0.19708 1 
0 0.197667 1 
0 0.197953 1 
0 0.198182 1 
0 0.198427 1 
0 0.198444 1 
0 0.198528 1 
0 0.198574 1 
0 0.198612 1 
0 0.198671 1 
0 0.198723 1 
0 0.198799 1 
0 0.198831 1 
0 0.199099 1 
0 0.199714 1 
0 0.19992 1 
0 0.199967 1 
0 0.200004 1 
0 0.200221 1 
0 0.200289 1 
0 0.200299 1 
0 0.200458 1 
0 0.20052 1 
0 0.200567 1 
0 0.200771 1 
0 0.201153 1 
0 0.201159 1 
0 0.20116 1 
0 0.201183 1 
0 0.201186 1 
0 0.201304 1 
0 0.201311 1 
0 0.201388 1 
0 0.201406 1 
0 0.201464 1 
0 0.201504 1 
0 0.201556 1 
0 0.201605 1 
0 0.201611 1 
0 0.201736 1 
0 0.201783 1 
0 0.201799 1 
0 0.201837 1 
0 0.201846 1 
0 0.201884 1 
0 0.201899 1 
0 0.201939 1 
0 0.201953 1 
0 0.202024 1 
0 0.202102 1 
0 0.202195 1 
0 0.202219 1 
0 0.202358 1 
0 0.20238 1 
0 0.202479 1 
0 0.202498 1 
0 0.202514 1 
0 0.202622 1 
0 0.20267 1 
0 0.202728 1 
0 0.202731 1 
0 0.202752 1 
0 0.202753 1 
0 0.202777 1 
0 0.202781 1 
0 0.202885 1 
0 0.202952 1 
0 0.202952 1 
0 0.20298 1 
0 0.203034 1 
0 0.203062 1 
0 0.203084 1 
0 0.20309 1 
0 0.203195 1 
0 0.203284 1 
0 0.203358 1 
0 0.20336 1 
0 0.20338 1 
0 0.203476 1 
0 0.203478 1 
0 0.203496 1 
0 0.203532 1 
0 0.203581 1 
0 0.203625 1 
0 0.203626 1 
0 0.203642 1 
0 0.203679 1 
0 0.203698 1 
0 0.203723 1 
0 0.203737 1 
0 0.203824 1 
0 0.203826 1 
0 0.20385 1 
0 0.203917 1 
0 0.203941 1 
0 0.20399 1 
0 0.204014 1 
0 0.204033 1 
0 0.204037 1 
0 0.204105 1 
0 0.204108 1 
0 0.204124 1 
0 0.204131 1 
0 0.204179 1 
0 0.204192 1 
0 0.20432 1 
0 0.204335 1 
0 0.204369 1 
0 0.204445 1 
0 0.204547 1 
0 0.204564 1 
0 0.20473 1 
0 0.204759 1 
0 0.204862 1 
0 0.205046 1 
0 0.2053 1 
0 0.205762 1 
0 0.206177 1 
0 0.206655 1 
0 inf 1 
0 0.0802877 2 
0 0.0815192 2 
0 0.0815395 2 
0 0.0824122 2 
0 0.0824414 2 
0 0.0829647 2 
0 0.0830707 2 
0 0.0830712 2 
0 0.0830861 2 
0 0.0831622 2 
0 0.0831807 2 
0 0.0832226 2 
0 0.08334 2 
0 0.083552 2 
0 0.0835541 2 
0 0.0836002 2 
0 0.0836235 2 
0 0.08381 2 
0 0.0839336 2 
0 0.0841851 2 
0 0.0845515 2 
0 0.0846642 2 
0 0.0848341 2 
0 0.0849209 2 
0 0.0849811 2 
0 0.0849891 2 
0 0.0850205 2 
0 0.0850263 2 
0 0.0850891 2 
0 0.0853504 2 
0 0.0853545 2 
0 0.0853565 2 
0 0.0854185 2 
0 0.0855123 2 
0 0.0855164 2 
0 0.0855569 2 
0 0.0856248 2 
0 0.0856446 2 
0 0.085769 2 
0 0.0857942 2 
0 0.0858158 2 
0 0.0858363 2 
0 0.0859093 2 
0 0.0859701 2 
0 0.0860032 2 
0 0.0860514 2 
0 0.0861039 2 
0 0.0861421 2 
0 0.086247 2 
0 0.0862951 2 
0 0.0863237 2 
0 0.086405 2 
0 0.0864638 2 
0 0.0864827 2 
0 0.08649 2 
0 0.0865082 2 
0 0.0865097 2 
0 0.0865166 2 
0 0.0866457 2 
0 0.0866623 2 
0 0.0866894 2 
0 0.0867006 2 
0 0.0867531 2 
0 0.0867797 2 
0 0.0867905 2 
0 0.0868383 2 
0 0.0868462 2 
0 0.0868843 2 
0 0.0869237 2 
0 0.0869347 2 
0 0.0869783 2 
0 0.0869798 2 
0 0.087003 2 
0 0.0870144 2 
0 0.0870239 2 
0 0.0870493 2 
0 0.087108 2 
0 0.0871476 2 
0 0.0872041 2 
0 0.0872119 2 
0 0.0872199 2 
0 0.0872337 2 
0 0.0873174 2 
0 0.0873554 2 
0 0.0873651 2 
0 0.0875187 2 
0 0.087587 2 
0 0.0876835 2 
0 0.0877238 2 
0 0.0877463 2 
0 0.0878015 2 
0 0.0878111 2 
0 0.0878164 2 
0 0.0878376 2 
0 0.0878412 2 
0 0.0878697 2 
0 0.08789 2 
0 0.0878966 2 
0 0.0879237 2 
0 0.0879837 2 
0 0.0881195 2 
0 0.0881328 2 
0 0.0881376 2 
0 0.0882034 2 
0 0.0882588 2 
0 0.088268 2 
0 0.0883745 2 
0 0.0884042 2 
0 0.0885343 2 
0 0.088539 2 
0 0.0885632 2 
0 0.0886209 2 
0 0.0886519 2 
0 0.0892856 2 
0 0.0892968 2 
0 0.0893509 2 
0 0.0893963 2 
0 0.0895843 2 
0 0.0898247 2 
0 0.0899842 2 
0 0.0900863 2 
0 0.090713 2 
0 0.0908631 2 
0 0.0908747 2 
0 0.091046 2 
0 0.0912344 2 
0 0.0926833 2 
0 inf 2 
0 0.0344723 3 
0 0.0358483 3 
0 0.0360027 3 
0 0.0363655 3 
0 0.0364782 3 
0 0.0367618 3 
0 0.0367792 3 
0 0.0368421 3 
0 0.0369263 3 
0 0.0370071 3 
0 0.0371262 3 
0 0.0371684 3 
0 0.0371977 3 
0 0.037254 3 
0 0.0373222 3 
0 0.0373474 3 
0 0.037471 3 
0 0.0378336 3 
0 0.0379111 3 
0 0.037945 3 
0 0.0379464 3 
0 0.0379598 3 
0 0.0380017 3 
0 0.0380616 3 
0 0.0380932 3 
0 0.0382136 3 
0 0.0382334 3 
0 0.0382927 3 
0 0.0383114 3 
0 0.0383194 3 
0 0.0384035 3 
0 0.0384391 3 
0 0.0384397 3 
0 0.0384752 3 
0 0.0385402 3 
0 0.0385412 3 
0 0.0385935 3 
0 0.038636 3 
0 0.0386584 3 
0 0.0386773 3 
0 0.0386832 3 
0 0.0387381 3 
0 0.038783 3 
0 0.0388292 3 
0 0.0388332 3 
0 0.0388919 3 
0 0.0388984 3 
0 0.0389637 3 
0 0.0389815 3 
0 0.0389948 3 
0 0.0390333 3 
0 0.0390358 3 
0 0.0390532 3 
0 0.0390704 3 
0 0.0391068 3 
0 0.0391419 3 
0 0.0392013 3 
0 0.0392083 3 
0 0.0392268 3 
0 0.0392473 3 
0 0.0393053 3 
0 0.0393701 3 
0 0.0393821 3 
0 0.0394045 3 
0 0.0394202 3 
0 0.0394602 3 
0 0.0395005 3 
0 0.0395067 3 
0 0.0395113 3 
0 0.0395138 3 
0 0.0395396 3 
0 0.0395567 3 
0 0.0395679 3 
0 0.0395869 3 
0 0.0396721 3 
0 0.039691 3 
0 0.0396933 3 
0 0.0396964 3 
0 0.0397277 3 
0 0.0397377 3 
0 0.0397583 3 
0 0.0397621 3 
0 0.0398119 3 
0 0.0398242 3 
0 0.0398731 3 
0 0.0398904 3 
0 0.0398968 3 
0 0.0399251 3 
0 0.0399547 3 
0 0.0399683 3 
0 0.0400064 3 
0 0.0400352 3 
0 0.0400687 3 
0 0.0400725 3 
0 0.0400826 3 
0 0.0400993 3 
0 0.0401206 3 
0 0.0401209 3 
0 0.0401626 3 
0 0.0401884 3 
0 0.040252 3 
0 0.040266 3 
0 0.0402689 3 
0 0.0404193 3 
0 0.0405153 3 
0 0.0406341 3 
0 0.0407517 3 
0 0.0408072 3 
0 0.0408436 3 
0 0.0408566 3 
0 0.0408683 3 
0 0.0409698 3 
0 0.0410411 3 
0 0.0410528 3 
0 0.0414484 3 
0 0.0415261 3 
0 0.0415518 3 
0 0.0416561 3 
0 0.0420499 3 
0 0.0423635 3 
0 0.0423719 3 
0 0.0424513 3 
0 0.0426148 3 
0 0.0431206 3 
0 0.0432946 3 
0 0.0433308 3 
0 0.0449491 3 
0 inf 3 
0 0.0154298 4 
0 0.0165826 4 
0 0.0165899 4 
0 0.0166185 4 
0 0.0167462 4 
0 0.0168137 4 
0 0.0170349 4 
0 0.0170406 4 
0 0.017128 4 
0 0.0171365 4 
0 0.0172669 4 
0 0.0173362 4 
0 0.0173867 4 
0 0.0174912 4 
0 0.0175377 4 
0 0.0175388 4 
0 0.0175509 4 
0 0.0175715 4 
0 0.0175919 4 
0 0.0176426 4 
0 0.0176541 4 
0 0.0177567 4 
0 0.0178151 4 
0 0.0178959 4 
0 0.0179043 4 
0 0.017942 4 
0 0.0180171 4 
0 0.0180575 4 
0 0.0180802 4 
0 0.0181004 4 
0 0.0181012 4 
0 0.0181259 4 
0 0.018135 4 
0 0.018139 4 
0 0.018141 4 
0 0.0181462 4 
0 0.0181758 4 
0 0.0182057 4 
0 0.0182148 4 
0 0.0182656 4 
0 0.0182732 4 
0 0.0182746 4 
0 0.0182841 4 
0 0.0183191 4 
0 0.018323 4 
0 0.0183347 4 
0 0.0183387 4 
0 0.0183428 4 
0 0.0183677 4 
0 0.0183873 4 
0 0.0184026 4 
0 0.018406 4 
0 0.0184558 4 
0 0.0184587 4 
0 0.0184717 4 
0 0.0184986 4 
0 0.0185481 4 
0 0.018581 4 
0 0.0185874 4 
0 0.0186034 4 
0 0.0186122 4 
0 0.0186203 4 
0 0.0186249 4 
0 0.0186364 4 
0 0.0186507 4 
0 0.0186669 4 
0 0.0186678 4 
0 0.0186724 4 
0 0.0186771 4 
0 0.0187285 4 
0 0.0187479 4 
0 0.0187636 4 
0 0.0187662 4 
0 0.0187829 4 
0 0.0188119 4 
0 0.0188153 4 
0 0.0188304 4 
0 0.0188454 4 
0 0.018859 4 
0 0.0188983 4 
0 0.0189177 4 
0 0.0189296 4 
0 0.0189321 4 
0 0.0189342 4 
0 0.0189422 4 
0 0.0189459 4 
0 0.0189738 4 
0 0.0189779 4 
0 0.0189793 4 
0 0.0189974 4 
0 0.0190141 4 
0 0.0190523 4 
0 0.0190691 4 
0 0.0190808 4 
0 0.0191 4 
0 0.0191421 4 
0 0.0191666 4 
0 0.0191808 4 
0 0.0191856 4 
0 0.0192131 4 
0 0.019216 4 
0 0.0192685 4 
0 0.0193507 4 
0 0.0193989 4 
0 0.0195266 4 
0 0.0195539 4 
0 0.0195605 4 
0 0.0195664 4 
0 0.0195669 4 
0 0.019578 4 
0 0.0196657 4 
0 0.019798 4 
0 0.0198049 4 
0 0.0198456 4 
0 0.0198939 4 
0 0.0199168 4 
0 0.0200132 4 
0 0.0202182 4 
0 0.0203089 4 
0 0.0205491 4 
0 0.0206376 4 
0 0.0206779 4 
0 0.0211437 4 
0 0.0213096 4 
0 0.0213996 4 
0 0.0218083 4 
0 0.0227408 4 
0 inf 4 
0 0.00715035 5 
0 0.00780876 5 
0 0.00786938 5 
0 0.00793827 5 
0 0.00799664 5 
0 0.008011 5 
0 0.00811244 5 
0 0.00815432 5 
0 0.00817215 5 
0 0.00826528 5 
0 0.00829745 5 
0 0.00829756 5 
0 0.00833098 5 
0 0.0083711 5 
0 0.00842344 5 
0 0.00842696 5 
0 0.00843577 5 
0 0.00850015 5 
0 0.00850251 5 
0 0.00852523 5 
0 0.00857984 5 
0 0.00859201 5 
0 0.00859453 5 
0 0.00860931 5 
0 0.0086396 5 
0 0.00866403 5 
0 0.00870175 5 
0 0.00872121 5 
0 0.00876621 5 
0 0.00877755 5 
0 0.00878931 5 
0 0.00880145 5 
0 0.0088251 5 
0 0.008836 5 
0 0.00885116 5 
0 0.00886309 5 
0 0.0088644 5 
0 0.00886918 5 
0 0.00887197 5 
0 0.00888417 5 
0 0.00889372 5 
0 0.00890312 5 
0 0.00891538 5 
0 0.00891647 5 
0 0.00892262 5 
0 0.00895476 5 
0 0.00896068 5 
0 0.00896286 5 
0 0.00896462 5 
0 0.00898088 5 
0 0.00900232 5 
0 0.00900805 5 
0 0.00900904 5 
0 0.00902451 5 
0 0.00903266 5 
0 0.00903576 5 
0 0.00903608 5 
0 0.00904519 5 
0 0.00904655 5 
0 0.00905863 5 
0 0.00906309 5 
0 0.00906484 5 
0 0.0090771 5 
0 0.0090986 5 
0 0.00913325 5 
0 0.00914193 5 
0 0.00916218 5 
0 0.00916339 5 
0 0.00917015 5 
0 0.00917221 5 
0 0.00917349 5 
0 0.00917351 5 
0 0.00917976 5 
0 0.00918022 5 
0 0.00918026 5 
0 0.0091843 5 
0 0.00919368 5 
0 0.00919892 5 
0 0.00920249 5 
0 0.00920832 5 
0 0.00921838 5 
0 0.00922166 5 
0 0.00923395 5 
0 0.00925461 5 
0 0.00925493 5 
0 0.00928467 5 
0 0.00929023 5 
0 0.00930988 5 
0 0.00931155 5 
0 0.00934185 5 
0 0.00934548 5 
0 0.00935887 5 
0 0.00938061 5 
0 0.00938469 5 
0 0.00938951 5 
0 0.00939067 5 
0 0.00939742 5 
0 0.00945606 5 
0 0.00947423 5 
0 0.00949105 5 
0 0.00949759 5 
0 0.00954765 5 
0 0.00957849 5 
0 0.00962451 5 
0 0.00962892 5 
0 0.00962961 5 
0 0.00964751 5 
0 0.00965423 5 
0 0.00965858 5 
0 0.00969581 5 
0 0.00971958 5 
0 0.00978739 5 
0 0.00986636 5 
0 0.00987122 5 
0 0.00987334 5 
0 0.00988233 5 
0 0.00992852 5 
0 0.0100335 5 
0 0.0100397 5 
0 0.0103616 5 
0 0.0103925 5 
0 0.0104605 5 
0 0.0106856 5 
0 0.0107595 5 
0 0.0110995 5 
0 0.0112887 5 
0 0.011797 5 
0 inf 5 
0 0.00341208 6 
0 0.00377363 6 
0 0.00379304 6 
0 0.00389664 6 
0 0.00390002 6 
0 0.00396985 6 
0 0.00399544 6 
0 0.00400267 6 
0 0.00400726 6 
0 0.00403097 6 
0 0.00404798 6 
0 0.00407421 6 
0 0.00408321 6 
0 0.00409177 6 
0 0.0041496 6 
0 0.00415356 6 
0 0.00415391 6 
0 0.00415982 6 
0 0.00416778 6 
0 0.00419992 6 
0 0.00420064 6 
0 0.00422435 6 
0 0.00426554 6 
0 0.00430034 6 
0 0.00430273 6 
0 0.00431042 6 
0 0.00432767 6 
0 0.0043289 6 
0 0.00435097 6 
0 0.00435217 6 
0 0.00436447 6 
0 0.00436541 6 
0 0.00436796 6 
0 0.00440888 6 
0 0.00441428 6 
0 0.00442011 6 
0 0.00442057 6 
0 0.00442907 6 
0 0.00443414 6 
0 0.00443507 6 
0 0.00444437 6 
0 0.0044529 6 
0 0.00445524 6 
0 0.00445828 6 
0 0.0044587 6 
0 0.00446277 6 
0 0.00446331 6 
0 0.00446797 6 
0 0.00447246 6 
0 0.00449481 6 
0 0.00449874 6 
0 0.00450909 6 
0 0.00451017 6 
0 0.00451347 6 
0 0.00451617 6 
0 0.00451654 6 
0 0.00452635 6 
0 0.0045283 6 
0 0.00452898 6 
0 0.00452962 6 
0 0.00454533 6 
0 0.00454977 6 
0 0.00455246 6 
0 0.00455326 6 
0 0.00455343 6 
0 0.00455621 6 
0 0.00456911 6 
0 0.00457096 6 
0 0.00457219 6 
0 0.00457729 6 
0 0.00457933 6 
0 0.00458128 6 
0 0.00458375 6 
0 0.00458733 6 
0 0.00459685 6 
0 0.00459753 6 
0 0.00460984 6 
0 0.00460988 6 
0 0.00461073 6 
0 0.00461413 6 
0 0.00461774 6 
0 0.00461775 6 
0 0.00462565 6 
0 0.00462972 6 
0 0.00464554 6 
0 0.00466156 6 
0 0.00466544 6 
0 0.00468312 6 
0 0.00468641 6 
0 0.00468662 6 
0 0.00468675 6 
0 0.00470303 6 
0 0.00470571 6 
0 0.00470602 6 
0 0.0047322 6 
0 0.00473909 6 
0 0.00473928 6 
0 0.00475645 6 
0 0.00477539 6 
0 0.00479736 6 
0 0.00480944 6 
0 0.00481711 6 
0 0.00482769 6 
0 0.00483687 6 
0 0.00485774 6 
0 0.00486131 6 
0 0.00486409 6 
0 0.00486611 6 
0 0.00486759 6 
0 0.00490281 6 
0 0.00491028 6 
0 0.0049107 6 
0 0.00492933 6 
0 0.00496227 6 
0 0.00496522 6 
0 0.00496666 6 
0 0.0049924 6 
0 0.00505231 6 
0 0.0051981 6 
0 0.00521055 6 
0 0.00528432 6 
0 0.00530393 6 
0 0.00552356 6 
0 0.00553474 6 
0 0.00574053 6 
0 0.00595695 6 
0 0.00621224 6 
0 inf 6 
0 0.00166925 7 
0 0.00186331 7 
0 0.00186774 7 
0 0.00194168 7 
0 0.00195563 7 
0 0.00196849 7 
0 0.00198883 7 
0 0.0019889 7 
0 0.00200476 7 
0 0.00201733 7 
0 0.00203354 7 
0 0.00203816 7 
0 0.00203836 7 
0 0.00204135 7 
0 0.00205422 7 
0 0.00205459 7 
0 0.00206439 7 
0 0.0020707 7 
0 0.00209476 7 
0 0.00210259 7 
0 0.00211709 7 
0 0.00213274 7 
0 0.00213618 7 
0 0.00213691 7 
0 0.00214284 7 
0 0.00216979 7 
0 0.00219716 7 
0 0.00220236 7 
0 0.00220277 7 
0 0.00220297 7 
0 0.00220583 7 
0 0.00220759 7 
0 0.00221071 7 
0 0.00221938 7 
0 0.00222645 7 
0 0.00222668 7 
0 0.00222805 7 
0 0.00224046 7 
0 0.00224859 7 
0 0.00224974 7 
0 0.00225022 7 
0 0.00225203 7 
0 0.00225547 7 
0 0.00225907 7 
0 0.00226185 7 
0 0.00226593 7 
0 0.00227192 7 
0 0.00228676 7 
0 0.00228745 7 
0 0.0022876 7 
0 0.00228899 7 
0 0.00229357 7 
0 0.0022939 7 
0 0.00229826 7 
0 0.00230087 7 
0 0.00230094 7 
0 0.00230142 7 
0 0.00230321 7 
0 0.00230617 7 
0 0.0023063 7 
0 0.00230776 7 
0 0.00230988 7 
0 0.00231195 7 
0 0.00231366 7 
0 0.00231488 7 
0 0.00231972 7 
0 0.00232912 7 
0 0.00233205 7 
0 0.00233289 7 
0 0.00233335 7 
0 0.00233474 7 
0 0.0023386 7 
0 0.00234012 7 
0 0.00234097 7 
0 0.00234754 7 
0 0.00234769 7 
0 0.00234823 7 
0 0.00235083 7 
0 0.00235248 7 
0 0.00235506 7 
0 0.00235662 7 
0 0.00235863 7 
0 0.00236942 7 
0 0.00237363 7 
0 0.00237493 7 
0 0.00238204 7 
0 0.00238237 7 
0 0.00238472 7 
0 0.00238991 7 
0 0.00239362 7 
0 0.00240049 7 
0 0.00240171 7 
0 0.00241632 7 
0 0.00241915 7 
0 0.00242381 7 
0 0.00242404 7 
0 0.00243597 7 
0 0.00244835 7 
0 0.0024506 7 
0 0.00246215 7 
0 0.00246423 7 
0 0.0024686 7 
0 0.00247945 7 
0 0.00248256 7 
0 0.00248405 7 
0 0.00248443 7 
0 0.00248839 7 
0 0.00249126 7 
0 0.00249469 7 
0 0.00249522 7 
0 0.00250198 7 
0 0.00250348 7 
0 0.0025097 7 
0 0.0025121 7 
0 0.00253426 7 
0 0.002539 7 
0 0.00258037 7 
0 0.00261387 7 
0 0.00261978 7 
0 0.0026995 7 
0 0.00273532 7 
0 0.00276111 7 
0 0.00286928 7 
0 0.00290453 7 
0 0.00300206 7 
0 0.00318832 7 
0 0.00327538 7 
0 inf 7 
0 0.000834081 8 
0 0.000936757 8 
0 0.000937075 8 
0 0.000980518 8 
0 0.000981433 8 
0 0.000983329 8 
0 0.000999674 8 
0 0.0010089 8 
0 0.00101701 8 
0 0.00101909 8 
0 0.00102582 8 
0 0.00102754 8 
0 0.00103101 8 
0 0.00104007 8 
0 0.00104444 8 
0 0.00104503 8 
0 0.00104993 8 
0 0.00105382 8 
0 0.00105526 8 
0 0.00106827 8 
0 0.00107643 8 
0 0.00107964 8 
0 0.00108332 8 
0 0.00109915 8 
0 0.00109916 8 
0 0.00110186 8 
0 0.00110527 8 
0 0.00112455 8 
0 0.00112564 8 
0 0.00112882 8 
0 0.00112913 8 
0 0.00113346 8 
0 0.00113392 8 
0 0.00113826 8 
0 0.00113939 8 
0 0.00114015 8 
0 0.00114212 8 
0 0.00114224 8 
0 0.00114423 8 
0 0.00114906 8 
0 0.00115344 8 
0 0.00115542 8 
0 0.00116061 8 
0 0.00116556 8 
0 0.00117123 8 
0 0.0011745 8 
0 0.00117566 8 
0 0.00117926 8 
0 0.00118007 8 
0 0.00118077 8 
0 0.00118089 8 
0 0.00118144 8 
0 0.00118153 8 
0 0.00118191 8 
0 0.00118329 8 
0 0.00118458 8 
0 0.00119112 8 
0 0.0011914 8 
0 0.00119194 8 
0 0.00119478 8 
0 0.00119508 8 
0 0.00119672 8 
0 0.00119775 8 
0 0.00119862 8 
0 0.00119883 8 
0 0.00119962 8 
0 0.00120013 8 
0 0.00120171 8 
0 0.00120551 8 
0 0.00120915 8 
0 0.00121197 8 
0 0.00121213 8 
0 0.00121239 8 
0 0.00121373 8 
0 0.00121534 8 
0 0.00121668 8 
0 0.0012184 8 
0 0.00121862 8 
0 0.00121927 8 
0 0.00121962 8 
0 0.00121975 8 
0 0.00122468 8 
0 0.00122501 8 
0 0.00122523 8 
0 0.00122827 8 
0 0.00123 8 
0 0.00123205 8 
0 0.0012333 8 
0 0.0012398 8 
0 0.00124143 8 
0 0.00124345 8 
0 0.00125431 8 
0 0.00125453 8 
0 0.00125474 8 
0 0.0012565 8 
0 0.00125839 8 
0 0.00126905 8 
0 0.0012692 8 
0 0.00127156 8 
0 0.00127265 8 
0 0.00127728 8 
0 0.00127745 8 
0 0.00128118 8 
0 0.00128449 8 
0 0.00128467 8 
0 0.00128734 8 
0 0.00128907 8 
0 0.00129071 8 
0 0.00129564 8 
0 0.0012978 8 
0 0.00130293 8 
0 0.00130627 8 
0 0.00130735 8 
0 0.0013093 8 
0 0.00131279 8 
0 0.00132419 8 
0 0.00133484 8 
0 0.00133761 8 
0 0.00139152 8 
0 0.00139677 8 
0 0.00145587 8 
0 0.00145727 8 
0 0.00150047 8 
0 0.00154737 8 
0 0.00158387 8 
0 0.00172495 8 
0 0.00174048 8 
0 inf 8 
0 0.000424305 9 
0 0.000477375 9 
0 0.000478765 9 
0 0.000488689 9 
0 0.000495961 9 
0 0.000505088 9 
0 0.000505178 9 
0 0.000518923 9 
0 0.000520446 9 
0 0.0005207 9 
0 0.000528164 9 
0 0.000529338 9 
0 0.000531614 9 
0 0.000533419 9 
0 0.000536856 9 
0 0.000536923 9 
0 0.000540125 9 
0 0.00054029 9 
0 0.000540381 9 
0 0.000545354 9 
0 0.000549254 9 
0 0.000555186 9 
0 0.000559389 9 
0 0.000566812 9 
0 0.000573253 9 
0 0.000573257 9 
0 0.00057489 9 
0 0.000577748 9 
0 0.000579529 9 
0 0.000585343 9 
0 0.000585959 9 
0 0.0005903 9 
0 0.000590615 9 
0 0.00059192 9 
0 0.000592056 9 
0 0.000592679 9 
0 0.000593092 9 
0 0.000594145 9 
0 0.000594579 9 
0 0.000594862 9 
0 0.000595894 9 
0 0.000596674 9 
0 0.00060092 9 
0 0.000605769 9 
0 0.000607735 9 
0 0.000611073 9 
0 0.000611175 9 
0 0.000611311 9 
0 0.00061264 9 
0 0.0006129 9 
0 0.000613649 9 
0 0.000614012 9 
0 0.000615305 9 
0 0.000615826 9 
0 0.00061645 9 
0 0.000617417 9 
0 0.000617639 9 
0 0.00061873 9 
0 0.000622087 9 
0 0.00062486 9 
0 0.000624963 9 
0 0.000625918 9 
0 0.000626475 9 
0 0.000627643 9 
0 0.000628153 9 
0 0.000628994 9 
0 0.00063053 9 
0 0.000631872 9 
0 0.000632204 9 
0 0.000632886 9 
0 0.000632937 9 
0 0.000634684 9 
0 0.000635475 9 
0 0.00063561 9 
0 0.000635821 9 
0 0.000636527 9 
0 0.000636659 9 
0 0.000636778 9 
0 0.000640175 9 
0 0.000640192 9 
0 0.000640653 9 
0 0.000640695 9 
0 0.00064123 9 
0 0.000641365 9 
0 0.000641678 9 
0 0.000642013 9 
0 0.000643472 9 
0 0.000645896 9 
0 0.000646502 9 
0 0.000648746 9 
0 0.000649175 9 
0 0.000650993 9 
0 0.00065547 9 
0 0.000657502 9 
0 0.000659116 9 
0 0.00066014 9 
0 0.000660349 9 
0 0.000660972 9 
0 0.0006638 9 
0 0.000666657 9 
0 0.000668531 9 
0 0.000669361 9 
0 0.000669607 9 
0 0.000670874 9 
0 0.000671072 9 
0 0.000672136 9 
0 0.000672709 9 
0 0.000675088 9 
0 0.000675365 9 
0 0.000683474 9 
0 0.00068409 9 
0 0.000691198 9 
0 0.000692426 9 
0 0.000696617 9 
0 0.000697851 9 
0 0.000698356 9 
0 0.000698414 9 
0 0.000701512 9 
0 0.000722756 9 
0 0.000755224 9 
0 0.000767711 9 
0 0.000777967 9 
0 0.000789958 9 
0 0.000832258 9 
0 0.000841796 9 
0 0.000930328 9 
0 0.000941107 9 
0 inf 9 
