0 0.497104 0 
0 0.497369 0 
0 0.499036 0 
0 0.501878 0 
0 0.502189 0 
0 0.503097 0 
0 0.503206 0 
0 0.503325 0 
0 0.50335 0 
0 0.504553 0 
0 0.505014 0 
0 0.505095 0 
0 0.505099 0 
0 0.505151 0 
0 0.505235 0 
0 0.505512 0 
0 0.505542 0 
0 0.505752 0 
0 0.505891 0 
0 0.506026 0 
0 0.506073 0 
0 0.506093 0 
0 0.506104 0 
0 0.506118 0 
0 0.506146 0 
0 0.506181 0 
0 0.506183 0 
0 0.506215 0 
0 0.506233 0 
0 0.506277 0 
0 0.50635 0 
0 0.506424 0 
0 0.506448 0 
0 0.506453 0 
0 0.506781 0 
0 0.50686 0 
0 0.507328 0 
0 0.507376 0 
0 0.507784 0 
0 0.507789 0 
0 0.507792 0 
0 0.507874 0 
0 0.508045 0 
0 0.508083 0 
0 0.508108 0 
0 0.508206 0 
0 0.508284 0 
0 0.508288 0 
0 0.508429 0 
0 0.508568 0 
0 0.508629 0 
0 0.508644 0 
0 0.508648 0 
0 0.508768 0 
0 0.50881 0 
0 0.508815 0 
0 0.508817 0 
0 0.508857 0 
0 0.508904 0 
0 0.509007 0 
0 0.509074 0 
0 0.509084 0 
0 0.5092 0 
0 0.509256 0 
0 0.509266 0 
0 0.509317 0 
0 0.509345 0 
0 0.509403 0 
0 0.509407 0 
0 0.509489 0 
0 0.509498 0 
0 0.509519 0 
0 0.50954 0 
0 0.509567 0 
0 0.509575 0 
0 0.50968 0 
0 0.509699 0 
0 0.509734 0 
0 0.50982 0 
0 0.509896 0 
0 0.509938 0 
0 0.509957 0 
0 0.510007 0 
0 0.510012 0 
0 0.510074 0 
0 0.510125 0 
0 0.510343 0 
0 0.510431 0 
0 0.510515 0 
0 0.510527 0 
0 0.510553 0 
0 0.510609 0 
0 0.510641 0 
0 0.510681 0 
0 0.510706 0 
0 0.510717 0 
0 0.510772 0 
0 0.510816 0 
0 0.510818 0 
0 0.510851 0 
0 0.510867 0 
0 0.510935 0 
0 0.510944 0 
0 0.510967 0 
0 0.510994 0 
0 0.511067 0 
0 0.51112 0 
0 0.511139 0 
0 0.511253 0 
0 0.511353 0 
0 0.51141 0 
0 0.511449 0 
0 0.511526 0 
0 0.511653 0 
0 0.511673 0 
0 0.511903 0 
0 0.512086 0 
0 0.512103 0 
0 0.512278 0 
0 0.512301 0 
0 0.512403 0 
0 0.512439 0 
0 0.51279 0 
0 0.513127 0 
0 0.513265 0 
0 0.513364 0 
0 0.513728 0 
0 inf 0 
0 0.191814 1 
0 0.192326 1 
0 0.194042 1 
0 0.195053 1 
0 0.195249 1 
0 0.195439 1 
0 0.195574 1 
0 0.196044 1 
0 0.196199 1 
0 0.197835 1 
0 0.197889 1 
0 0.198019 1 
0 0.198178 1 
0 0.198704 1 
0 0.198872 1 
0 0.198913 1 
0 0.19912 1 
0 0.199337 1 
0 0.199515 1 
0 0.199595 1 
0 0.199653 1 
0 0.199666 1 
0 0.199735 1 
0 0.1998 1 
0 0.200033 1 
0 0.200059 1 
0 0.200097 1 
0 0.200166 1 
0 0.200308 1 
0 0.20031 1 
0 0.200348 1 
0 0.200353 1 
0 0.200494 1 
0 0.200694 1 
0 0.200716 1 
0 0.200746 1 
0 0.200774 1 
0 0.200876 1 
0 0.200887 1 
0 0.200974 1 
0 0.200979 1 
0 0.201011 1 
0 0.20113 1 
0 0.201162 1 
0 0.201211 1 
0 0.201221 1 
0 0.201234 1 
0 0.20128 1 
0 0.201526 1 
0 0.201528 1 
0 0.201582 1 
0 0.201602 1 
0 0.201628 1 
0 0.201631 1 
0 0.20165 1 
0 0.201724 1 
0 0.20173 1 
0 0.20177 1 
0 0.201797 1 
0 0.201799 1 
0 0.201868 1 
0 0.201869 1 
0 0.201878 1 
0 0.201886 1 
0 0.20202 1 
0 0.202042 1 
0 0.202106 1 
0 0.202125 1 
0 0.202203 1 
0 0.202214 1 
0 0.202346 1 
0 0.202398 1 
0 0.202418 1 
0 0.202533 1 
0 0.202606 1 
0 0.202625 1 
0 0.202701 1 
0 0.202724 1 
0 0.202791 1 
0 0.202823 1 
0 0.202838 1 
0 0.202886 1 
0 0.202886 1 
0 0.2029 1 
0 0.202925 1 
0 0.202959 1 
0 0.202999 1 
0 0.203009 1 
0 0.203018 1 
0 0.203022 1 
0 0.203029 1 
0 0.203064 1 
0 0.203142 1 
0 0.203177 1 
0 0.203348 1 
0 0.203404 1 
0 0.203405 1 
0 0.203431 1 
0 0.203455 1 
0 0.203498 1 
0 0.20356 1 
0 0.203602 1 
0 0.203645 1 
0 0.203663 1 
0 0.203706 1 
0 0.20375 1 
0 0.20376 1 
0 0.203782 1 
0 0.203817 1 
0 0.20388 1 
0 0.203881 1 
0 0.20389 1 
0 0.203906 1 
0 0.203906 1 
0 0.203933 1 
0 0.204128 1 
0 0.204147 1 
0 0.204257 1 
0 0.204372 1 
0 0.204443 1 
0 0.20475 1 
0 0.205132 1 
0 0.205254 1 
0 0.205483 1 
0 0.205714 1 
0 0.205801 1 
0 0.206293 1 
0 inf 1 
0 0.0777694 2 
0 0.0788102 2 
0 0.0791906 2 
0 0.0807654 2 
0 0.0808082 2 
0 0.0808389 2 
0 0.0811618 2 
0 0.0813798 2 
0 0.0819411 2 
0 0.0820165 2 
0 0.0822647 2 
0 0.0823431 2 
0 0.0831621 2 
0 0.0838033 2 
0 0.0839872 2 
0 0.0840871 2 
0 0.0841566 2 
0 0.0842472 2 
0 0.0843052 2 
0 0.0843825 2 
0 0.0845148 2 
0 0.0846899 2 
0 0.084748 2 
0 0.0847665 2 
0 0.0847782 2 
0 0.0849035 2 
0 0.0849613 2 
0 0.0849972 2 
0 0.08518 2 
0 0.0852022 2 
0 0.0852407 2 
0 0.0853269 2 
0 0.0853612 2 
0 0.0853668 2 
0 0.0853817 2 
0 0.0853917 2 
0 0.0855192 2 
0 0.0855937 2 
0 0.0856417 2 
0 0.085661 2 
0 0.0856613 2 
0 0.0857058 2 
0 0.0857547 2 
0 0.0857738 2 
0 0.0857841 2 
0 0.0858088 2 
0 0.0858429 2 
0 0.0858545 2 
0 0.0858623 2 
0 0.0858971 2 
0 0.0859165 2 
0 0.0859553 2 
0 0.0860847 2 
0 0.0860984 2 
0 0.0861014 2 
0 0.0861019 2 
0 0.086113 2 
0 0.0861566 2 
0 0.0862135 2 
0 0.0862167 2 
0 0.0862242 2 
0 0.0862261 2 
0 0.0862452 2 
0 0.0862541 2 
0 0.0862585 2 
0 0.0862763 2 
0 0.086285 2 
0 0.0863058 2 
0 0.0863587 2 
0 0.0863734 2 
0 0.0864436 2 
0 0.0865121 2 
0 0.0865299 2 
0 0.0865308 2 
0 0.0866087 2 
0 0.0866818 2 
0 0.0867172 2 
0 0.0867547 2 
0 0.0867648 2 
0 0.0867726 2 
0 0.0868365 2 
0 0.0868389 2 
0 0.0868637 2 
0 0.086868 2 
0 0.0869057 2 
0 0.0869451 2 
0 0.0869864 2 
0 0.0869955 2 
0 0.0870086 2 
0 0.0870098 2 
0 0.0870185 2 
0 0.0870582 2 
0 0.0870684 2 
0 0.0870725 2 
0 0.0870843 2 
0 0.0870957 2 
0 0.0871204 2 
0 0.08722 2 
0 0.0872361 2 
0 0.0872957 2 
0 0.0872987 2 
0 0.0873031 2 
0 0.0873778 2 
0 0.0873818 2 
0 0.0873899 2 
0 0.0874389 2 
0 0.0874662 2 
0 0.0875605 2 
0 0.0875787 2 
0 0.0876294 2 
0 0.0878033 2 
0 0.0878641 2 
0 0.0881524 2 
0 0.0881667 2 
0 0.0883353 2 
0 0.0884376 2 
0 0.0885316 2 
0 0.0886932 2 
0 0.0887625 2 
0 0.0890891 2 
0 0.0894057 2 
0 0.08945 2 
0 0.0896011 2 
0 0.0901561 2 
0 0.0906026 2 
0 0.0907487 2 
0 0.0924378 2 
0 inf 2 
0 0.0332349 3 
0 0.0336756 3 
0 0.0346809 3 
0 0.0350611 3 
0 0.0351098 3 
0 0.03533 3 
0 0.0355744 3 
0 0.0357446 3 
0 0.0359559 3 
0 0.0360212 3 
0 0.0367217 3 
0 0.0370163 3 
0 0.0371036 3 
0 0.037268 3 
0 0.0373424 3 
0 0.0375674 3 
0 0.0376258 3 
0 0.0377083 3 
0 0.0377628 3 
0 0.0377905 3 
0 0.0378127 3 
0 0.0378133 3 
0 0.0378471 3 
0 0.0378546 3 
0 0.0378962 3 
0 0.0379328 3 
0 0.03794 3 
0 0.0380021 3 
0 0.038082 3 
0 0.0380929 3 
0 0.0381055 3 
0 0.0381351 3 
0 0.0381585 3 
0 0.0382665 3 
0 0.0382742 3 
0 0.0382795 3 
0 0.038283 3 
0 0.0382897 3 
0 0.0384137 3 
0 0.0384908 3 
0 0.0385027 3 
0 0.0385968 3 
0 0.0386885 3 
0 0.0387161 3 
0 0.0387463 3 
0 0.0387481 3 
0 0.038768 3 
0 0.0387887 3 
0 0.038822 3 
0 0.0388358 3 
0 0.0388597 3 
0 0.0388762 3 
0 0.038964 3 
0 0.0389722 3 
0 0.038978 3 
0 0.0390301 3 
0 0.0390511 3 
0 0.0390709 3 
0 0.0390759 3 
0 0.0390777 3 
0 0.0390829 3 
0 0.0391222 3 
0 0.0391267 3 
0 0.0391791 3 
0 0.0392235 3 
0 0.0392373 3 
0 0.0392843 3 
0 0.0392856 3 
0 0.0393043 3 
0 0.0393187 3 
0 0.0393447 3 
0 0.0393946 3 
0 0.0394186 3 
0 0.0394227 3 
0 0.0394553 3 
0 0.0394862 3 
0 0.039496 3 
0 0.0395032 3 
0 0.0395221 3 
0 0.0395227 3 
0 0.0395265 3 
0 0.0395299 3 
0 0.0395475 3 
0 0.039563 3 
0 0.0395984 3 
0 0.039617 3 
0 0.0396273 3 
0 0.0396319 3 
0 0.0397046 3 
0 0.0397125 3 
0 0.0397164 3 
0 0.0397232 3 
0 0.0397237 3 
0 0.0397267 3 
0 0.0397423 3 
0 0.0397512 3 
0 0.0397861 3 
0 0.0397894 3 
0 0.0398026 3 
0 0.039827 3 
0 0.0398328 3 
0 0.0398981 3 
0 0.0399312 3 
0 0.0399437 3 
0 0.0399511 3 
0 0.0399983 3 
0 0.0400579 3 
0 0.0400641 3 
0 0.0400971 3 
0 0.0401965 3 
0 0.0402175 3 
0 0.0403643 3 
0 0.0403998 3 
0 0.0404413 3 
0 0.0405901 3 
0 0.0406834 3 
0 0.0409841 3 
0 0.041182 3 
0 0.0411821 3 
0 0.0413758 3 
0 0.0415134 3 
0 0.041628 3 
0 0.0419334 3 
0 0.0421236 3 
0 0.0424551 3 
0 0.0426741 3 
0 0.0443001 3 
0 inf 3 
0 0.0148288 4 
0 0.0150231 4 
0 0.015885 4 
0 0.0159045 4 
0 0.0159615 4 
0 0.0161392 4 
0 0.0164277 4 
0 0.0164588 4 
0 0.0164903 4 
0 0.0165431 4 
0 0.017114 4 
0 0.0173063 4 
0 0.0173592 4 
0 0.017394 4 
0 0.0174873 4 
0 0.0175375 4 
0 0.0176128 4 
0 0.0176276 4 
0 0.0176457 4 
0 0.0176478 4 
0 0.0176519 4 
0 0.017658 4 
0 0.0176673 4 
0 0.0177078 4 
0 0.0177084 4 
0 0.0177264 4 
0 0.0177437 4 
0 0.0177496 4 
0 0.0177513 4 
0 0.0177629 4 
0 0.017773 4 
0 0.0178022 4 
0 0.0178181 4 
0 0.0178424 4 
0 0.0178942 4 
0 0.017899 4 
0 0.0179071 4 
0 0.0179691 4 
0 0.0180087 4 
0 0.0181139 4 
0 0.0181602 4 
0 0.0182036 4 
0 0.018206 4 
0 0.0182193 4 
0 0.0182293 4 
0 0.0182413 4 
0 0.0182773 4 
0 0.018287 4 
0 0.0182873 4 
0 0.0183025 4 
0 0.0183597 4 
0 0.0183678 4 
0 0.0183708 4 
0 0.0184035 4 
0 0.0184136 4 
0 0.0184456 4 
0 0.0184985 4 
0 0.0185009 4 
0 0.0185605 4 
0 0.0185745 4 
0 0.0185859 4 
0 0.0185914 4 
0 0.0185932 4 
0 0.018603 4 
0 0.01861 4 
0 0.0186182 4 
0 0.0186285 4 
0 0.0186295 4 
0 0.018634 4 
0 0.0186395 4 
0 0.0186441 4 
0 0.01865 4 
0 0.0186661 4 
0 0.0186662 4 
0 0.018685 4 
0 0.018697 4 
0 0.0187776 4 
0 0.0187808 4 
0 0.0187823 4 
0 0.0188125 4 
0 0.0188283 4 
0 0.0188669 4 
0 0.0188732 4 
0 0.0188763 4 
0 0.0188773 4 
0 0.0188889 4 
0 0.0189235 4 
0 0.018946 4 
0 0.0189477 4 
0 0.0189606 4 
0 0.0189639 4 
0 0.0189673 4 
0 0.0189787 4 
0 0.0190315 4 
0 0.0190341 4 
0 0.0190397 4 
0 0.0190411 4 
0 0.0190468 4 
0 0.0190606 4 
0 0.0190624 4 
0 0.0190788 4 
0 0.0190997 4 
0 0.0191126 4 
0 0.0191252 4 
0 0.0191257 4 
0 0.0191646 4 
0 0.0191799 4 
0 0.0192189 4 
0 0.0192312 4 
0 0.0192607 4 
0 0.0192702 4 
0 0.0193221 4 
0 0.0193447 4 
0 0.0194322 4 
0 0.0194619 4 
0 0.0195182 4 
0 0.0196431 4 
0 0.0198652 4 
0 0.0200686 4 
0 0.0201724 4 
0 0.0202238 4 
0 0.0202651 4 
0 0.0203883 4 
0 0.0205428 4 
0 0.0208883 4 
0 0.0209818 4 
0 0.0217425 4 
0 inf 4 
0 0.00685184 5 
0 0.00695202 5 
0 0.00742407 5 
0 0.00748276 5 
0 0.00763317 5 
0 0.00772778 5 
0 0.00778078 5 
0 0.00783156 5 
0 0.00785464 5 
0 0.00804748 5 
0 0.00808823 5 
0 0.00828143 5 
0 0.00834728 5 
0 0.00840171 5 
0 0.00842077 5 
0 0.00843347 5 
0 0.00846056 5 
0 0.00847918 5 
0 0.00848208 5 
0 0.00849548 5 
0 0.0085066 5 
0 0.00853029 5 
0 0.00853219 5 
0 0.00854046 5 
0 0.0085679 5 
0 0.00857227 5 
0 0.00857856 5 
0 0.00858572 5 
0 0.0086104 5 
0 0.00862049 5 
0 0.00863632 5 
0 0.00864702 5 
0 0.0087022 5 
0 0.00871568 5 
0 0.00872356 5 
0 0.00873457 5 
0 0.00874245 5 
0 0.00878381 5 
0 0.00878661 5 
0 0.00880043 5 
0 0.00880205 5 
0 0.00881824 5 
0 0.00882653 5 
0 0.0088297 5 
0 0.00883231 5 
0 0.00884252 5 
0 0.00884494 5 
0 0.00884824 5 
0 0.00886375 5 
0 0.00887381 5 
0 0.00888512 5 
0 0.00888665 5 
0 0.00891555 5 
0 0.00897621 5 
0 0.00897925 5 
0 0.00900076 5 
0 0.00902041 5 
0 0.00906071 5 
0 0.00906203 5 
0 0.0090621 5 
0 0.00907378 5 
0 0.00908479 5 
0 0.0090863 5 
0 0.00909182 5 
0 0.00913005 5 
0 0.00914056 5 
0 0.00914284 5 
0 0.00914701 5 
0 0.00914915 5 
0 0.00915491 5 
0 0.00916115 5 
0 0.00917541 5 
0 0.00917735 5 
0 0.00918137 5 
0 0.00918821 5 
0 0.00920012 5 
0 0.00923683 5 
0 0.00925228 5 
0 0.00925579 5 
0 0.00926596 5 
0 0.00926602 5 
0 0.00927525 5 
0 0.00928154 5 
0 0.00929511 5 
0 0.00929514 5 
0 0.00929539 5 
0 0.00930302 5 
0 0.00930863 5 
0 0.00932591 5 
0 0.0093392 5 
0 0.00934266 5 
0 0.00934427 5 
0 0.00936186 5 
0 0.00936372 5 
0 0.009369 5 
0 0.00937957 5 
0 0.00938052 5 
0 0.00939886 5 
0 0.00940399 5 
0 0.00943924 5 
0 0.00944753 5 
0 0.00944858 5 
0 0.00945577 5 
0 0.00949027 5 
0 0.00949333 5 
0 0.0095057 5 
0 0.00954833 5 
0 0.00955472 5 
0 0.00959654 5 
0 0.00959687 5 
0 0.00959929 5 
0 0.00962097 5 
0 0.00962985 5 
0 0.00966217 5 
0 0.0096628 5 
0 0.00968835 5 
0 0.00974527 5 
0 0.00982163 5 
0 0.00997664 5 
0 0.00998663 5 
0 0.01002 5 
0 0.010224 5 
0 0.010231 5 
0 0.0104144 5 
0 0.0105384 5 
0 0.0106525 5 
0 0.0109328 5 
0 inf 5 
0 0.00325792 6 
0 0.00332017 6 
0 0.00356194 6 
0 0.00362931 6 
0 0.00375787 6 
0 0.00379607 6 
0 0.00383151 6 
0 0.00385429 6 
0 0.00386141 6 
0 0.00391161 6 
0 0.0040575 6 
0 0.00406208 6 
0 0.00409163 6 
0 0.0040949 6 
0 0.00411343 6 
0 0.00414568 6 
0 0.00414676 6 
0 0.0041594 6 
0 0.0041595 6 
0 0.0042141 6 
0 0.00423172 6 
0 0.00423702 6 
0 0.00423877 6 
0 0.00425199 6 
0 0.00425507 6 
0 0.00426746 6 
0 0.0042681 6 
0 0.00427387 6 
0 0.00428272 6 
0 0.00428927 6 
0 0.00429499 6 
0 0.00429951 6 
0 0.00431054 6 
0 0.00432144 6 
0 0.00432654 6 
0 0.00433555 6 
0 0.00433656 6 
0 0.00436519 6 
0 0.00436615 6 
0 0.00436636 6 
0 0.00436652 6 
0 0.00437108 6 
0 0.00437796 6 
0 0.00438665 6 
0 0.00439577 6 
0 0.0044001 6 
0 0.00440186 6 
0 0.00442946 6 
0 0.0044409 6 
0 0.00444158 6 
0 0.004445 6 
0 0.00444643 6 
0 0.00448783 6 
0 0.0045037 6 
0 0.00450965 6 
0 0.0045141 6 
0 0.00451428 6 
0 0.00451808 6 
0 0.00453261 6 
0 0.0045379 6 
0 0.00454107 6 
0 0.00454981 6 
0 0.00456375 6 
0 0.00456518 6 
0 0.00457101 6 
0 0.0045712 6 
0 0.00458057 6 
0 0.00458122 6 
0 0.00458722 6 
0 0.00459379 6 
0 0.00460444 6 
0 0.00460883 6 
0 0.00461126 6 
0 0.00463274 6 
0 0.00463421 6 
0 0.00463796 6 
0 0.00463903 6 
0 0.00464034 6 
0 0.00464373 6 
0 0.00464825 6 
0 0.00464872 6 
0 0.00464929 6 
0 0.0046517 6 
0 0.00466067 6 
0 0.00466103 6 
0 0.00466354 6 
0 0.00466442 6 
0 0.00467114 6 
0 0.00469411 6 
0 0.00469946 6 
0 0.0047048 6 
0 0.00471904 6 
0 0.00473143 6 
0 0.00473206 6 
0 0.004734 6 
0 0.00473733 6 
0 0.00474417 6 
0 0.00474726 6 
0 0.0047482 6 
0 0.00475534 6 
0 0.00477444 6 
0 0.00480308 6 
0 0.00481296 6 
0 0.00482954 6 
0 0.00483068 6 
0 0.00483703 6 
0 0.00484523 6 
0 0.00484682 6 
0 0.00486491 6 
0 0.00487266 6 
0 0.00490044 6 
0 0.00492703 6 
0 0.00493146 6 
0 0.00494835 6 
0 0.00496452 6 
0 0.00496545 6 
0 0.00497242 6 
0 0.00497557 6 
0 0.00499686 6 
0 0.00499998 6 
0 0.00508256 6 
0 0.00522789 6 
0 0.00525286 6 
0 0.00539833 6 
0 0.00543952 6 
0 0.00551386 6 
0 0.00560183 6 
0 inf 6 
0 0.00158647 7 
0 0.00162999 7 
0 0.00174628 7 
0 0.0018057 7 
0 0.00189126 7 
0 0.00189849 7 
0 0.00192071 7 
0 0.00192805 7 
0 0.00194661 7 
0 0.00198635 7 
0 0.00201176 7 
0 0.00203252 7 
0 0.00204847 7 
0 0.00204983 7 
0 0.0020749 7 
0 0.00208208 7 
0 0.0020852 7 
0 0.00209238 7 
0 0.00209409 7 
0 0.00209658 7 
0 0.00209749 7 
0 0.00210412 7 
0 0.00210571 7 
0 0.00215217 7 
0 0.00215513 7 
0 0.00215525 7 
0 0.00215689 7 
0 0.00215749 7 
0 0.0021735 7 
0 0.00217693 7 
0 0.00217873 7 
0 0.00218112 7 
0 0.00218116 7 
0 0.00218557 7 
0 0.00218578 7 
0 0.00220086 7 
0 0.00220874 7 
0 0.00221225 7 
0 0.00221406 7 
0 0.00222298 7 
0 0.00223046 7 
0 0.00223241 7 
0 0.00223369 7 
0 0.00223762 7 
0 0.00223852 7 
0 0.00224124 7 
0 0.00225166 7 
0 0.00225393 7 
0 0.00225431 7 
0 0.00227901 7 
0 0.00228521 7 
0 0.00228605 7 
0 0.0022882 7 
0 0.00229118 7 
0 0.00229265 7 
0 0.00229524 7 
0 0.00229533 7 
0 0.00229809 7 
0 0.00229811 7 
0 0.00229966 7 
0 0.00231569 7 
0 0.00231911 7 
0 0.00232027 7 
0 0.00232144 7 
0 0.0023224 7 
0 0.00233091 7 
0 0.00233592 7 
0 0.00233794 7 
0 0.00233841 7 
0 0.00234508 7 
0 0.00234662 7 
0 0.0023485 7 
0 0.0023556 7 
0 0.00235873 7 
0 0.00235977 7 
0 0.00236492 7 
0 0.00237032 7 
0 0.00237201 7 
0 0.00237405 7 
0 0.00237501 7 
0 0.00238272 7 
0 0.00239126 7 
0 0.00239181 7 
0 0.00239182 7 
0 0.00240137 7 
0 0.00240291 7 
0 0.00240362 7 
0 0.00240379 7 
0 0.00241 7 
0 0.00241408 7 
0 0.00241565 7 
0 0.00241597 7 
0 0.00242187 7 
0 0.00242789 7 
0 0.00242855 7 
0 0.00242855 7 
0 0.00244021 7 
0 0.00244083 7 
0 0.00244146 7 
0 0.00245361 7 
0 0.00245453 7 
0 0.00246876 7 
0 0.00246881 7 
0 0.00246972 7 
0 0.00247338 7 
0 0.00248844 7 
0 0.00249122 7 
0 0.00249564 7 
0 0.00251163 7 
0 0.00251957 7 
0 0.00252196 7 
0 0.00252218 7 
0 0.00253788 7 
0 0.00254106 7 
0 0.00254923 7 
0 0.00256175 7 
0 0.00256774 7 
0 0.00260097 7 
0 0.00260474 7 
0 0.00261305 7 
0 0.00263035 7 
0 0.00271437 7 
0 0.00274344 7 
0 0.00279758 7 
0 0.00284626 7 
0 0.0028819 7 
0 0.00289646 7 
0 inf 7 
0 0.000788397 8 
0 0.000819983 8 
0 0.00087185 8 
0 0.00091775 8 
0 0.000965703 8 
0 0.000968301 8 
0 0.000969629 8 
0 0.000982548 8 
0 0.00100054 8 
0 0.00100254 8 
0 0.00102704 8 
0 0.001034 8 
0 0.001037 8 
0 0.00103807 8 
0 0.00104556 8 
0 0.00104925 8 
0 0.00105091 8 
0 0.00105257 8 
0 0.00105966 8 
0 0.00106235 8 
0 0.00106784 8 
0 0.0010823 8 
0 0.00108654 8 
0 0.00110138 8 
0 0.00110697 8 
0 0.00110904 8 
0 0.00111223 8 
0 0.00111379 8 
0 0.00111706 8 
0 0.00112042 8 
0 0.00112168 8 
0 0.00112256 8 
0 0.00112337 8 
0 0.00112789 8 
0 0.0011304 8 
0 0.00113118 8 
0 0.00113605 8 
0 0.00113727 8 
0 0.00113914 8 
0 0.0011407 8 
0 0.00114097 8 
0 0.00114578 8 
0 0.00115024 8 
0 0.00115771 8 
0 0.001161 8 
0 0.00116288 8 
0 0.00116475 8 
0 0.00116528 8 
0 0.00116532 8 
0 0.00116879 8 
0 0.00116968 8 
0 0.00117182 8 
0 0.00117184 8 
0 0.00117568 8 
0 0.00117586 8 
0 0.00117614 8 
0 0.00117661 8 
0 0.00118036 8 
0 0.00118467 8 
0 0.00118779 8 
0 0.00118845 8 
0 0.00119232 8 
0 0.0011938 8 
0 0.00120198 8 
0 0.00120289 8 
0 0.00120451 8 
0 0.00120999 8 
0 0.00121064 8 
0 0.00121642 8 
0 0.00121962 8 
0 0.00122202 8 
0 0.00122497 8 
0 0.00122533 8 
0 0.00122862 8 
0 0.00122909 8 
0 0.00122992 8 
0 0.00123465 8 
0 0.00123785 8 
0 0.00124403 8 
0 0.00124413 8 
0 0.00124418 8 
0 0.00124443 8 
0 0.00124526 8 
0 0.00124689 8 
0 0.00124801 8 
0 0.00124975 8 
0 0.00125436 8 
0 0.00125997 8 
0 0.00126006 8 
0 0.00126025 8 
0 0.00126353 8 
0 0.00126388 8 
0 0.00127144 8 
0 0.00127168 8 
0 0.00127181 8 
0 0.00127291 8 
0 0.00127493 8 
0 0.0012754 8 
0 0.00127593 8 
0 0.00127833 8 
0 0.00127869 8 
0 0.00127874 8 
0 0.00128447 8 
0 0.00128792 8 
0 0.00128845 8 
0 0.00129391 8 
0 0.00130446 8 
0 0.00130574 8 
0 0.00130594 8 
0 0.00130854 8 
0 0.00131118 8 
0 0.00132417 8 
0 0.00132597 8 
0 0.00132636 8 
0 0.00133554 8 
0 0.0013369 8 
0 0.00134641 8 
0 0.00135269 8 
0 0.0013629 8 
0 0.00138568 8 
0 0.00139993 8 
0 0.00142629 8 
0 0.00145179 8 
0 0.00145338 8 
0 0.00149719 8 
0 0.00150464 8 
0 0.00153583 8 
0 inf 8 
0 0.000398772 9 
0 0.000421543 9 
0 0.000442181 9 
0 0.000474867 9 
0 0.000490373 9 
0 0.000502693 9 
0 0.000502896 9 
0 0.000504163 9 
0 0.000511312 9 
0 0.000511574 9 
0 0.000519897 9 
0 0.000525752 9 
0 0.000532293 9 
0 0.000532486 9 
0 0.000533498 9 
0 0.000539062 9 
0 0.00054126 9 
0 0.000546409 9 
0 0.000546774 9 
0 0.000554977 9 
0 0.000561559 9 
0 0.000564243 9 
0 0.000568391 9 
0 0.000569607 9 
0 0.000570763 9 
0 0.00057198 9 
0 0.000573147 9 
0 0.000574597 9 
0 0.000576303 9 
0 0.000576558 9 
0 0.000581613 9 
0 0.000582364 9 
0 0.000585625 9 
0 0.000586521 9 
0 0.000587048 9 
0 0.000587692 9 
0 0.000588419 9 
0 0.000588481 9 
0 0.000590192 9 
0 0.00059159 9 
0 0.000593138 9 
0 0.000593626 9 
0 0.00059852 9 
0 0.0005993 9 
0 0.000603897 9 
0 0.000605264 9 
0 0.000607642 9 
0 0.000608387 9 
0 0.000608485 9 
0 0.000611354 9 
0 0.00061167 9 
0 0.000612283 9 
0 0.000613704 9 
0 0.000614055 9 
0 0.000615461 9 
0 0.000615718 9 
0 0.000617199 9 
0 0.000618362 9 
0 0.000621681 9 
0 0.000624445 9 
0 0.000625344 9 
0 0.00062539 9 
0 0.000627389 9 
0 0.000628014 9 
0 0.000629714 9 
0 0.00063291 9 
0 0.000633702 9 
0 0.000636578 9 
0 0.000636749 9 
0 0.000638303 9 
0 0.000638643 9 
0 0.000638652 9 
0 0.000639431 9 
0 0.000642901 9 
0 0.000643008 9 
0 0.000643244 9 
0 0.000646617 9 
0 0.000647775 9 
0 0.000647964 9 
0 0.000651767 9 
0 0.00065205 9 
0 0.000655527 9 
0 0.000658344 9 
0 0.000659087 9 
0 0.0006606 9 
0 0.000661254 9 
0 0.000661818 9 
0 0.00066274 9 
0 0.000662851 9 
0 0.000664068 9 
0 0.000665739 9 
0 0.000666591 9 
0 0.000668569 9 
0 0.000669045 9 
0 0.000670447 9 
0 0.000673923 9 
0 0.000673991 9 
0 0.000674355 9 
0 0.000675853 9 
0 0.00067758 9 
0 0.000677942 9 
0 0.000678435 9 
0 0.000678577 9 
0 0.000684294 9 
0 0.000689648 9 
0 0.000690086 9 
0 0.000691168 9 
0 0.00069259 9 
0 0.000692918 9 
0 0.00069638 9 
0 0.000696926 9 
0 0.000697946 9 
0 0.000698359 9 
0 0.000702014 9 
0 0.00070563 9 
0 0.000705675 9 
0 0.000711845 9 
0 0.00071813 9 
0 0.000723176 9 
0 0.000741176 9 
0 0.000743617 9 
0 0.000756823 9 
0 0.000764702 9 
0 0.000776309 9 
0 0.000784684 9 
0 0.000793367 9 
0 0.000815689 9 
0 inf 9 
