0 0.497628 0 
0 0.49927 0 
0 0.501157 0 
0 0.501574 0 
0 0.502651 0 
0 0.503044 0 
0 0.503107 0 
0 0.503419 0 
0 0.50407 0 
0 0.504223 0 
0 0.504527 0 
0 0.50486 0 
0 0.504956 0 
0 0.505042 0 
0 0.50512 0 
0 0.505817 0 
0 0.505954 0 
0 0.506192 0 
0 0.506237 0 
0 0.50635 0 
0 0.506364 0 
0 0.506438 0 
0 0.506613 0 
0 0.506758 0 
0 0.507006 0 
0 0.507043 0 
0 0.507068 0 
0 0.50732 0 
0 0.507492 0 
0 0.507627 0 
0 0.507664 0 
0 0.507665 0 
0 0.507757 0 
0 0.507889 0 
0 0.5079 0 
0 0.507961 0 
0 0.508044 0 
0 0.508069 0 
0 0.508105 0 
0 0.508126 0 
0 0.508151 0 
0 0.508159 0 
0 0.5082 0 
0 0.50827 0 
0 0.508295 0 
0 0.508469 0 
0 0.508497 0 
0 0.508548 0 
0 0.50855 0 
0 0.50856 0 
0 0.50861 0 
0 0.508668 0 
0 0.508739 0 
0 0.508787 0 
0 0.508859 0 
0 0.508963 0 
0 0.508974 0 
0 0.508999 0 
0 0.509039 0 
0 0.509133 0 
0 0.509191 0 
0 0.509194 0 
0 0.509223 0 
0 0.509274 0 
0 0.50936 0 
0 0.509447 0 
0 0.509494 0 
0 0.509536 0 
0 0.509544 0 
0 0.509612 0 
0 0.509617 0 
0 0.509671 0 
0 0.509714 0 
0 0.509726 0 
0 0.509796 0 
0 0.509823 0 
0 0.509836 0 
0 0.509949 0 
0 0.510017 0 
0 0.510034 0 
0 0.510045 0 
0 0.510048 0 
0 0.510073 0 
0 0.510077 0 
0 0.5101 0 
0 0.510114 0 
0 0.510276 0 
0 0.510284 0 
0 0.510288 0 
0 0.510332 0 
0 0.510364 0 
0 0.510382 0 
0 0.510457 0 
0 0.510656 0 
0 0.510714 0 
0 0.510721 0 
0 0.510768 0 
0 0.510828 0 
0 0.510945 0 
0 0.510964 0 
0 0.511067 0 
0 0.511071 0 
0 0.511077 0 
0 0.511343 0 
0 0.51141 0 
0 0.51143 0 
0 0.511437 0 
0 0.511502 0 
0 0.511525 0 
0 0.511634 0 
0 0.511775 0 
0 0.511796 0 
0 0.511959 0 
0 0.511982 0 
0 0.512022 0 
0 0.512121 0 
0 0.512222 0 
0 0.512408 0 
0 0.512476 0 
0 0.512586 0 
0 0.512595 0 
0 0.513089 0 
0 0.513092 0 
0 0.513391 0 
0 0.514044 0 
0 0.514395 0 
0 0.514454 0 
0 inf 0 
0 0.192402 1 
0 0.193534 1 
0 0.194237 1 
0 0.194897 1 
0 0.197007 1 
0 0.197049 1 
0 0.197407 1 
0 0.198078 1 
0 0.1983 1 
0 0.198359 1 
0 0.1984 1 
0 0.198451 1 
0 0.198707 1 
0 0.198774 1 
0 0.198831 1 
0 0.199109 1 
0 0.199166 1 
0 0.199486 1 
0 0.199659 1 
0 0.199815 1 
0 0.19984 1 
0 0.199888 1 
0 0.199975 1 
0 0.200029 1 
0 0.200095 1 
0 0.200096 1 
0 0.20011 1 
0 0.200239 1 
0 0.200364 1 
0 0.200436 1 
0 0.200463 1 
0 0.200646 1 
0 0.200671 1 
0 0.200716 1 
0 0.200754 1 
0 0.200839 1 
0 0.200866 1 
0 0.2009 1 
0 0.20092 1 
0 0.200932 1 
0 0.20097 1 
0 0.201049 1 
0 0.201106 1 
0 0.201214 1 
0 0.201214 1 
0 0.201224 1 
0 0.201312 1 
0 0.201368 1 
0 0.201413 1 
0 0.201427 1 
0 0.201494 1 
0 0.201579 1 
0 0.201614 1 
0 0.201615 1 
0 0.201637 1 
0 0.201653 1 
0 0.201719 1 
0 0.201736 1 
0 0.201739 1 
0 0.201785 1 
0 0.201846 1 
0 0.201861 1 
0 0.201924 1 
0 0.20194 1 
0 0.201967 1 
0 0.201977 1 
0 0.202 1 
0 0.202097 1 
0 0.20215 1 
0 0.202203 1 
0 0.202278 1 
0 0.202279 1 
0 0.202318 1 
0 0.202334 1 
0 0.202368 1 
0 0.202407 1 
0 0.202421 1 
0 0.202422 1 
0 0.202533 1 
0 0.20258 1 
0 0.202582 1 
0 0.202638 1 
0 0.202659 1 
0 0.202661 1 
0 0.202709 1 
0 0.202713 1 
0 0.202741 1 
0 0.202763 1 
0 0.202868 1 
0 0.202898 1 
0 0.202948 1 
0 0.203014 1 
0 0.203094 1 
0 0.203158 1 
0 0.203194 1 
0 0.203206 1 
0 0.203274 1 
0 0.2033 1 
0 0.203315 1 
0 0.203348 1 
0 0.203427 1 
0 0.203468 1 
0 0.203481 1 
0 0.203518 1 
0 0.203544 1 
0 0.203559 1 
0 0.203592 1 
0 0.203602 1 
0 0.203617 1 
0 0.203659 1 
0 0.203688 1 
0 0.203734 1 
0 0.203794 1 
0 0.20382 1 
0 0.203845 1 
0 0.204029 1 
0 0.204286 1 
0 0.204425 1 
0 0.204476 1 
0 0.204866 1 
0 0.204889 1 
0 0.205425 1 
0 0.205651 1 
0 0.205917 1 
0 0.206063 1 
0 0.206388 1 
0 0.206993 1 
0 inf 1 
0 0.07853 2 
0 0.0792037 2 
0 0.0806511 2 
0 0.0815625 2 
0 0.0816775 2 
0 0.0819998 2 
0 0.08289 2 
0 0.0829242 2 
0 0.08297 2 
0 0.0829865 2 
0 0.0830713 2 
0 0.0832751 2 
0 0.083309 2 
0 0.0833932 2 
0 0.083404 2 
0 0.0834402 2 
0 0.0835541 2 
0 0.0835896 2 
0 0.0836615 2 
0 0.0836957 2 
0 0.0837251 2 
0 0.0838139 2 
0 0.0838473 2 
0 0.0839145 2 
0 0.0841301 2 
0 0.0842111 2 
0 0.0842653 2 
0 0.0844719 2 
0 0.0845251 2 
0 0.0847016 2 
0 0.0848181 2 
0 0.0848182 2 
0 0.0848238 2 
0 0.0848837 2 
0 0.0848861 2 
0 0.084892 2 
0 0.0849898 2 
0 0.0850171 2 
0 0.0850696 2 
0 0.0850864 2 
0 0.0851281 2 
0 0.0851303 2 
0 0.0851479 2 
0 0.0851949 2 
0 0.085206 2 
0 0.0852189 2 
0 0.0852478 2 
0 0.0853393 2 
0 0.0853434 2 
0 0.0853779 2 
0 0.0854627 2 
0 0.0854963 2 
0 0.0855983 2 
0 0.0856706 2 
0 0.085786 2 
0 0.0857976 2 
0 0.0858119 2 
0 0.0858186 2 
0 0.0858466 2 
0 0.0858503 2 
0 0.0858574 2 
0 0.0858625 2 
0 0.0858805 2 
0 0.0858905 2 
0 0.0858916 2 
0 0.085939 2 
0 0.0860053 2 
0 0.0860092 2 
0 0.086067 2 
0 0.0860961 2 
0 0.0861052 2 
0 0.0862145 2 
0 0.0862321 2 
0 0.0862409 2 
0 0.0862623 2 
0 0.0862824 2 
0 0.0862917 2 
0 0.0862977 2 
0 0.0863525 2 
0 0.0864378 2 
0 0.0865301 2 
0 0.0865372 2 
0 0.0865418 2 
0 0.0865691 2 
0 0.086574 2 
0 0.0865788 2 
0 0.086723 2 
0 0.0867664 2 
0 0.0868015 2 
0 0.0868506 2 
0 0.0868683 2 
0 0.0868783 2 
0 0.0868984 2 
0 0.0870829 2 
0 0.0871024 2 
0 0.0872038 2 
0 0.087212 2 
0 0.087242 2 
0 0.0872443 2 
0 0.0872742 2 
0 0.0874174 2 
0 0.0874187 2 
0 0.087448 2 
0 0.087556 2 
0 0.0875827 2 
0 0.0876025 2 
0 0.087744 2 
0 0.08778 2 
0 0.0878555 2 
0 0.0881076 2 
0 0.0882019 2 
0 0.0882845 2 
0 0.088433 2 
0 0.0885083 2 
0 0.0885463 2 
0 0.0886602 2 
0 0.0887288 2 
0 0.0890756 2 
0 0.0891617 2 
0 0.0893619 2 
0 0.0895558 2 
0 0.0896073 2 
0 0.0896088 2 
0 0.0899913 2 
0 0.0908936 2 
0 0.0910491 2 
0 0.0917073 2 
0 inf 2 
0 0.0336039 3 
0 0.0348176 3 
0 0.0349306 3 
0 0.0355398 3 
0 0.0360056 3 
0 0.0363292 3 
0 0.0365839 3 
0 0.0366283 3 
0 0.0366626 3 
0 0.0367471 3 
0 0.0367629 3 
0 0.0367738 3 
0 0.036934 3 
0 0.0369475 3 
0 0.036979 3 
0 0.0371107 3 
0 0.0371301 3 
0 0.0371482 3 
0 0.0371484 3 
0 0.0371494 3 
0 0.0371533 3 
0 0.0372465 3 
0 0.0373067 3 
0 0.0374048 3 
0 0.0374101 3 
0 0.0374316 3 
0 0.0374508 3 
0 0.0375562 3 
0 0.0375677 3 
0 0.0375942 3 
0 0.0376621 3 
0 0.0376795 3 
0 0.0377192 3 
0 0.0377354 3 
0 0.0378148 3 
0 0.0378322 3 
0 0.03785 3 
0 0.0378663 3 
0 0.0379601 3 
0 0.0379955 3 
0 0.0380588 3 
0 0.0380869 3 
0 0.0380954 3 
0 0.0381134 3 
0 0.0381499 3 
0 0.0381583 3 
0 0.0381966 3 
0 0.0382105 3 
0 0.038224 3 
0 0.0382636 3 
0 0.0382748 3 
0 0.0383102 3 
0 0.0383833 3 
0 0.0384157 3 
0 0.0384447 3 
0 0.038519 3 
0 0.0385617 3 
0 0.0385675 3 
0 0.0385992 3 
0 0.0386049 3 
0 0.0386698 3 
0 0.0386791 3 
0 0.0386947 3 
0 0.0386956 3 
0 0.0387181 3 
0 0.0387676 3 
0 0.038774 3 
0 0.0387742 3 
0 0.0388316 3 
0 0.0389047 3 
0 0.0389145 3 
0 0.0389402 3 
0 0.0389635 3 
0 0.0389738 3 
0 0.0389802 3 
0 0.0389811 3 
0 0.03899 3 
0 0.0390313 3 
0 0.0390332 3 
0 0.0390905 3 
0 0.0391863 3 
0 0.0391914 3 
0 0.0392681 3 
0 0.0393356 3 
0 0.0393758 3 
0 0.039395 3 
0 0.0394278 3 
0 0.0394338 3 
0 0.0394365 3 
0 0.0394871 3 
0 0.0394995 3 
0 0.0395104 3 
0 0.0395278 3 
0 0.0395376 3 
0 0.0395488 3 
0 0.0395544 3 
0 0.0395812 3 
0 0.0395821 3 
0 0.039668 3 
0 0.0396682 3 
0 0.0397642 3 
0 0.0398 3 
0 0.0398678 3 
0 0.0398823 3 
0 0.0400342 3 
0 0.0400899 3 
0 0.0401413 3 
0 0.0403213 3 
0 0.0403439 3 
0 0.0405177 3 
0 0.0405237 3 
0 0.0405317 3 
0 0.040599 3 
0 0.0406912 3 
0 0.0407952 3 
0 0.0408047 3 
0 0.0408349 3 
0 0.0412584 3 
0 0.041499 3 
0 0.041501 3 
0 0.041502 3 
0 0.041502 3 
0 0.0415647 3 
0 0.0420517 3 
0 0.0422686 3 
0 0.0425192 3 
0 0.0438253 3 
0 inf 3 
0 0.0150771 4 
0 0.0158998 4 
0 0.0160712 4 
0 0.0161654 4 
0 0.0165151 4 
0 0.0166073 4 
0 0.0167043 4 
0 0.0167513 4 
0 0.0168903 4 
0 0.0169303 4 
0 0.0169676 4 
0 0.0170316 4 
0 0.0170463 4 
0 0.0170636 4 
0 0.017147 4 
0 0.0171539 4 
0 0.0171723 4 
0 0.017224 4 
0 0.0172647 4 
0 0.0173272 4 
0 0.0173452 4 
0 0.0173589 4 
0 0.0173826 4 
0 0.0174129 4 
0 0.0174146 4 
0 0.0174187 4 
0 0.0174189 4 
0 0.0174466 4 
0 0.0174575 4 
0 0.0174749 4 
0 0.0174974 4 
0 0.0175204 4 
0 0.0175513 4 
0 0.0175674 4 
0 0.0175935 4 
0 0.0176166 4 
0 0.0176473 4 
0 0.0176671 4 
0 0.017689 4 
0 0.017692 4 
0 0.0177156 4 
0 0.017792 4 
0 0.0177996 4 
0 0.0178 4 
0 0.0178199 4 
0 0.0178558 4 
0 0.0178688 4 
0 0.0178827 4 
0 0.0178875 4 
0 0.0179052 4 
0 0.0179188 4 
0 0.0179331 4 
0 0.0179412 4 
0 0.0179453 4 
0 0.0179592 4 
0 0.0179901 4 
0 0.0180053 4 
0 0.0180521 4 
0 0.0180977 4 
0 0.0181027 4 
0 0.0181178 4 
0 0.0181636 4 
0 0.0181707 4 
0 0.0181731 4 
0 0.0181965 4 
0 0.0182356 4 
0 0.0182412 4 
0 0.018245 4 
0 0.0182456 4 
0 0.0182511 4 
0 0.0182605 4 
0 0.0182858 4 
0 0.0183283 4 
0 0.0183388 4 
0 0.018349 4 
0 0.0183682 4 
0 0.0183693 4 
0 0.0184167 4 
0 0.0184296 4 
0 0.0184298 4 
0 0.0184342 4 
0 0.0184367 4 
0 0.0184731 4 
0 0.0185065 4 
0 0.0185315 4 
0 0.0185372 4 
0 0.018557 4 
0 0.0186169 4 
0 0.0186281 4 
0 0.0186425 4 
0 0.0186622 4 
0 0.0187615 4 
0 0.0187672 4 
0 0.0187934 4 
0 0.018794 4 
0 0.0188281 4 
0 0.0188554 4 
0 0.018983 4 
0 0.0189901 4 
0 0.0189944 4 
0 0.0190168 4 
0 0.0190427 4 
0 0.019051 4 
0 0.0190931 4 
0 0.0191248 4 
0 0.0191627 4 
0 0.0191749 4 
0 0.019193 4 
0 0.0192516 4 
0 0.0192647 4 
0 0.0193143 4 
0 0.0194222 4 
0 0.0194386 4 
0 0.0194664 4 
0 0.0195099 4 
0 0.0195979 4 
0 0.0197444 4 
0 0.0198263 4 
0 0.0198937 4 
0 0.0200287 4 
0 0.020063 4 
0 0.0200925 4 
0 0.0202518 4 
0 0.020461 4 
0 0.0205114 4 
0 0.0205662 4 
0 0.0218061 4 
0 inf 4 
0 0.00705055 5 
0 0.00751726 5 
0 0.00754587 5 
0 0.00774012 5 
0 0.00777517 5 
0 0.00783009 5 
0 0.00792137 5 
0 0.00796581 5 
0 0.00802717 5 
0 0.00806466 5 
0 0.00806789 5 
0 0.00806974 5 
0 0.00807016 5 
0 0.00810581 5 
0 0.00817292 5 
0 0.00819307 5 
0 0.00820617 5 
0 0.00821211 5 
0 0.00829554 5 
0 0.00830369 5 
0 0.00831242 5 
0 0.00833739 5 
0 0.00833859 5 
0 0.00834055 5 
0 0.00834467 5 
0 0.00837625 5 
0 0.00839208 5 
0 0.00840481 5 
0 0.00840744 5 
0 0.0084098 5 
0 0.00842548 5 
0 0.0084291 5 
0 0.00842995 5 
0 0.0084339 5 
0 0.0084547 5 
0 0.00846306 5 
0 0.00846708 5 
0 0.00852067 5 
0 0.0085221 5 
0 0.00854381 5 
0 0.00855138 5 
0 0.00855507 5 
0 0.00858016 5 
0 0.00858473 5 
0 0.00859284 5 
0 0.00859798 5 
0 0.0086126 5 
0 0.00863078 5 
0 0.00866179 5 
0 0.00866673 5 
0 0.00867761 5 
0 0.00867994 5 
0 0.00868218 5 
0 0.00868694 5 
0 0.00869144 5 
0 0.00869438 5 
0 0.0087129 5 
0 0.00871524 5 
0 0.00873246 5 
0 0.00873907 5 
0 0.00874419 5 
0 0.00875609 5 
0 0.00877002 5 
0 0.00879563 5 
0 0.00880745 5 
0 0.00881399 5 
0 0.0088161 5 
0 0.00882242 5 
0 0.00883154 5 
0 0.00884871 5 
0 0.00884883 5 
0 0.00887362 5 
0 0.00888342 5 
0 0.00891201 5 
0 0.00891281 5 
0 0.00892164 5 
0 0.00893053 5 
0 0.00895374 5 
0 0.00896155 5 
0 0.00896489 5 
0 0.0089713 5 
0 0.00897379 5 
0 0.00897532 5 
0 0.0090009 5 
0 0.00900999 5 
0 0.00902613 5 
0 0.00903729 5 
0 0.00906488 5 
0 0.00907488 5 
0 0.00907802 5 
0 0.0090798 5 
0 0.00910412 5 
0 0.0091044 5 
0 0.00914271 5 
0 0.00921293 5 
0 0.0092254 5 
0 0.00925151 5 
0 0.00925372 5 
0 0.00928355 5 
0 0.00929794 5 
0 0.009316 5 
0 0.00933325 5 
0 0.00933951 5 
0 0.00937835 5 
0 0.00939714 5 
0 0.00940723 5 
0 0.00941301 5 
0 0.00943417 5 
0 0.009455 5 
0 0.00945828 5 
0 0.00946787 5 
0 0.00956533 5 
0 0.00966655 5 
0 0.00968604 5 
0 0.00971462 5 
0 0.00971593 5 
0 0.00976326 5 
0 0.00978309 5 
0 0.00983992 5 
0 0.00994243 5 
0 0.00994623 5 
0 0.00998458 5 
0 0.00999409 5 
0 0.0101741 5 
0 0.0101904 5 
0 0.010242 5 
0 0.0109852 5 
0 inf 5 
0 0.00341373 6 
0 0.00360981 6 
0 0.00369269 6 
0 0.00370444 6 
0 0.00377067 6 
0 0.00383103 6 
0 0.00384169 6 
0 0.00384885 6 
0 0.00389019 6 
0 0.00390082 6 
0 0.00391233 6 
0 0.00392402 6 
0 0.00392558 6 
0 0.00395112 6 
0 0.00400901 6 
0 0.00401345 6 
0 0.0040224 6 
0 0.00402677 6 
0 0.00404485 6 
0 0.00407787 6 
0 0.0040781 6 
0 0.00408014 6 
0 0.00408492 6 
0 0.00408748 6 
0 0.00409254 6 
0 0.00409926 6 
0 0.00409962 6 
0 0.00410635 6 
0 0.0041151 6 
0 0.00412781 6 
0 0.00412802 6 
0 0.00413153 6 
0 0.00413882 6 
0 0.00414701 6 
0 0.00415795 6 
0 0.00417209 6 
0 0.00418205 6 
0 0.00418825 6 
0 0.00418975 6 
0 0.00421252 6 
0 0.00421607 6 
0 0.00423814 6 
0 0.00425235 6 
0 0.0042536 6 
0 0.00426312 6 
0 0.00426424 6 
0 0.00427617 6 
0 0.00428392 6 
0 0.00428427 6 
0 0.00429292 6 
0 0.00429552 6 
0 0.00431026 6 
0 0.00431089 6 
0 0.00431818 6 
0 0.00432185 6 
0 0.00432844 6 
0 0.00433265 6 
0 0.00433843 6 
0 0.00434099 6 
0 0.0043441 6 
0 0.00434428 6 
0 0.00435289 6 
0 0.00435688 6 
0 0.0043629 6 
0 0.00436478 6 
0 0.00436541 6 
0 0.00437537 6 
0 0.00437938 6 
0 0.00437958 6 
0 0.00439302 6 
0 0.00439855 6 
0 0.00440833 6 
0 0.00440864 6 
0 0.00441686 6 
0 0.00441929 6 
0 0.00442206 6 
0 0.00442395 6 
0 0.00442828 6 
0 0.00443425 6 
0 0.00444304 6 
0 0.00444414 6 
0 0.0044561 6 
0 0.0044644 6 
0 0.00447725 6 
0 0.00447886 6 
0 0.00448953 6 
0 0.00449357 6 
0 0.00450115 6 
0 0.00450348 6 
0 0.00451856 6 
0 0.00452105 6 
0 0.00452254 6 
0 0.00453052 6 
0 0.00456388 6 
0 0.00457941 6 
0 0.00458086 6 
0 0.00458884 6 
0 0.00459632 6 
0 0.00461369 6 
0 0.00462259 6 
0 0.00462834 6 
0 0.00467517 6 
0 0.00467577 6 
0 0.00468374 6 
0 0.00468855 6 
0 0.00469339 6 
0 0.0046983 6 
0 0.00471609 6 
0 0.00477669 6 
0 0.0047843 6 
0 0.0048141 6 
0 0.00481432 6 
0 0.00484541 6 
0 0.00487782 6 
0 0.00488127 6 
0 0.00489205 6 
0 0.00492423 6 
0 0.00496474 6 
0 0.00497604 6 
0 0.00500432 6 
0 0.00504228 6 
0 0.00506695 6 
0 0.00509025 6 
0 0.00513915 6 
0 0.00515175 6 
0 0.00519896 6 
0 0.00561638 6 
0 inf 6 
0 0.00169967 7 
0 0.001769 7 
0 0.00179681 7 
0 0.00182808 7 
0 0.0018678 7 
0 0.00187508 7 
0 0.00189527 7 
0 0.00190091 7 
0 0.00192212 7 
0 0.00192546 7 
0 0.00193858 7 
0 0.00194779 7 
0 0.00197735 7 
0 0.00197783 7 
0 0.00199216 7 
0 0.00199826 7 
0 0.00199951 7 
0 0.00200354 7 
0 0.00202633 7 
0 0.00202698 7 
0 0.00202808 7 
0 0.00202852 7 
0 0.00202912 7 
0 0.00203603 7 
0 0.00203776 7 
0 0.00203785 7 
0 0.00204747 7 
0 0.00205022 7 
0 0.00205303 7 
0 0.00205675 7 
0 0.00205939 7 
0 0.00207057 7 
0 0.00207488 7 
0 0.00208688 7 
0 0.00209413 7 
0 0.00210148 7 
0 0.00210176 7 
0 0.00211029 7 
0 0.00211339 7 
0 0.00211863 7 
0 0.00212304 7 
0 0.00212704 7 
0 0.00213681 7 
0 0.00213681 7 
0 0.00213969 7 
0 0.00214006 7 
0 0.0021428 7 
0 0.00216271 7 
0 0.002168 7 
0 0.00216874 7 
0 0.00216945 7 
0 0.00217089 7 
0 0.00217248 7 
0 0.00217302 7 
0 0.00217797 7 
0 0.00218076 7 
0 0.00218562 7 
0 0.00218757 7 
0 0.0021909 7 
0 0.00219489 7 
0 0.00219555 7 
0 0.0021972 7 
0 0.00220156 7 
0 0.00220552 7 
0 0.00221756 7 
0 0.00221836 7 
0 0.00222014 7 
0 0.00222039 7 
0 0.00222268 7 
0 0.00222404 7 
0 0.00222552 7 
0 0.00222552 7 
0 0.00222656 7 
0 0.00222688 7 
0 0.00223039 7 
0 0.0022333 7 
0 0.00223475 7 
0 0.00223637 7 
0 0.00223947 7 
0 0.00224095 7 
0 0.00224203 7 
0 0.00224377 7 
0 0.00224478 7 
0 0.00224517 7 
0 0.00226293 7 
0 0.00226641 7 
0 0.0022724 7 
0 0.00227868 7 
0 0.00228292 7 
0 0.00228969 7 
0 0.00230482 7 
0 0.00230638 7 
0 0.00230841 7 
0 0.00231072 7 
0 0.0023147 7 
0 0.00231517 7 
0 0.0023162 7 
0 0.00232233 7 
0 0.00233 7 
0 0.00233731 7 
0 0.00234335 7 
0 0.00234433 7 
0 0.00236617 7 
0 0.00236709 7 
0 0.00236947 7 
0 0.00236963 7 
0 0.00237039 7 
0 0.00238186 7 
0 0.00244017 7 
0 0.00244455 7 
0 0.0024457 7 
0 0.0024698 7 
0 0.00247278 7 
0 0.00248156 7 
0 0.0024893 7 
0 0.00251711 7 
0 0.0025175 7 
0 0.00252553 7 
0 0.00257924 7 
0 0.00258187 7 
0 0.00260007 7 
0 0.00261441 7 
0 0.00262918 7 
0 0.0026351 7 
0 0.00263748 7 
0 0.0026757 7 
0 0.00290321 7 
0 inf 7 
0 0.000864737 8 
0 0.00088071 8 
0 0.000886695 8 
0 0.000889225 8 
0 0.000947553 8 
0 0.000952239 8 
0 0.000955957 8 
0 0.000961445 8 
0 0.000964763 8 
0 0.000967913 8 
0 0.000972416 8 
0 0.00098292 8 
0 0.000984768 8 
0 0.000989489 8 
0 0.00100777 8 
0 0.00101133 8 
0 0.00101736 8 
0 0.00101752 8 
0 0.00101898 8 
0 0.00101968 8 
0 0.00102002 8 
0 0.00102032 8 
0 0.00102293 8 
0 0.00102599 8 
0 0.00103599 8 
0 0.00103635 8 
0 0.00103888 8 
0 0.00103923 8 
0 0.00104272 8 
0 0.00104514 8 
0 0.00104838 8 
0 0.00105211 8 
0 0.00106118 8 
0 0.00106153 8 
0 0.0010629 8 
0 0.00106626 8 
0 0.00107329 8 
0 0.00107754 8 
0 0.00108192 8 
0 0.00108284 8 
0 0.00108395 8 
0 0.00108439 8 
0 0.00108439 8 
0 0.00108649 8 
0 0.00108902 8 
0 0.0010928 8 
0 0.00109436 8 
0 0.00109542 8 
0 0.00109595 8 
0 0.00109996 8 
0 0.00110508 8 
0 0.00110771 8 
0 0.00110891 8 
0 0.00111356 8 
0 0.00111453 8 
0 0.00111524 8 
0 0.00111688 8 
0 0.00111892 8 
0 0.00111892 8 
0 0.00112103 8 
0 0.00112332 8 
0 0.00112759 8 
0 0.001128 8 
0 0.00112807 8 
0 0.00112874 8 
0 0.00113059 8 
0 0.00113163 8 
0 0.0011317 8 
0 0.00113207 8 
0 0.0011323 8 
0 0.00113402 8 
0 0.00113488 8 
0 0.00113512 8 
0 0.00113795 8 
0 0.00113901 8 
0 0.00114526 8 
0 0.00114594 8 
0 0.00114656 8 
0 0.00114762 8 
0 0.001148 8 
0 0.00114841 8 
0 0.00115151 8 
0 0.00115545 8 
0 0.00115752 8 
0 0.00116055 8 
0 0.00116195 8 
0 0.00116318 8 
0 0.00116697 8 
0 0.00116813 8 
0 0.00117274 8 
0 0.00117424 8 
0 0.00117729 8 
0 0.00117793 8 
0 0.0011785 8 
0 0.00118531 8 
0 0.0011876 8 
0 0.00118927 8 
0 0.00119168 8 
0 0.00119562 8 
0 0.00119851 8 
0 0.00120196 8 
0 0.00120523 8 
0 0.00120905 8 
0 0.00121007 8 
0 0.00121288 8 
0 0.00121381 8 
0 0.00121674 8 
0 0.00122367 8 
0 0.00122805 8 
0 0.00123653 8 
0 0.00124052 8 
0 0.00126926 8 
0 0.00127695 8 
0 0.00129272 8 
0 0.00129317 8 
0 0.0013025 8 
0 0.00130357 8 
0 0.00131546 8 
0 0.00132099 8 
0 0.00134788 8 
0 0.00135473 8 
0 0.00135878 8 
0 0.0013606 8 
0 0.00136716 8 
0 0.00138538 8 
0 0.00139272 8 
0 0.00151369 8 
0 inf 8 
0 0.00043666 9 
0 0.000443981 9 
0 0.000446544 9 
0 0.0004472 9 
0 0.000479673 9 
0 0.000487183 9 
0 0.000490523 9 
0 0.000492043 9 
0 0.000493991 9 
0 0.000494617 9 
0 0.000496511 9 
0 0.000499469 9 
0 0.000502713 9 
0 0.000502813 9 
0 0.00051445 9 
0 0.000514747 9 
0 0.000516381 9 
0 0.000517731 9 
0 0.000517917 9 
0 0.000518321 9 
0 0.000518908 9 
0 0.00052142 9 
0 0.000522729 9 
0 0.000527164 9 
0 0.000527753 9 
0 0.000529426 9 
0 0.000530636 9 
0 0.000532803 9 
0 0.000535625 9 
0 0.000539944 9 
0 0.000540968 9 
0 0.000541092 9 
0 0.000541157 9 
0 0.000543196 9 
0 0.000547581 9 
0 0.000548064 9 
0 0.000550158 9 
0 0.000551081 9 
0 0.000556262 9 
0 0.000556555 9 
0 0.000556858 9 
0 0.000557153 9 
0 0.000558088 9 
0 0.000559365 9 
0 0.000559846 9 
0 0.00056555 9 
0 0.00056575 9 
0 0.00056694 9 
0 0.000568767 9 
0 0.000569215 9 
0 0.000570028 9 
0 0.000571126 9 
0 0.000572221 9 
0 0.000572288 9 
0 0.000572555 9 
0 0.000573669 9 
0 0.000573729 9 
0 0.000573986 9 
0 0.000574388 9 
0 0.000574733 9 
0 0.000576583 9 
0 0.000577157 9 
0 0.000577813 9 
0 0.000578631 9 
0 0.000578637 9 
0 0.000579957 9 
0 0.000580351 9 
0 0.000581244 9 
0 0.000581381 9 
0 0.000584685 9 
0 0.000584999 9 
0 0.000585542 9 
0 0.000586062 9 
0 0.000586556 9 
0 0.000587191 9 
0 0.000588901 9 
0 0.000591345 9 
0 0.000591952 9 
0 0.000593367 9 
0 0.000594311 9 
0 0.000594845 9 
0 0.000595584 9 
0 0.000597008 9 
0 0.00059772 9 
0 0.000599882 9 
0 0.000600134 9 
0 0.000600305 9 
0 0.000603084 9 
0 0.000603593 9 
0 0.000603996 9 
0 0.000606265 9 
0 0.000607784 9 
0 0.000608367 9 
0 0.000609628 9 
0 0.000616945 9 
0 0.000617872 9 
0 0.000618696 9 
0 0.000619241 9 
0 0.000619831 9 
0 0.000620331 9 
0 0.000620551 9 
0 0.000621446 9 
0 0.000622328 9 
0 0.000623025 9 
0 0.00062351 9 
0 0.000630069 9 
0 0.000630787 9 
0 0.00063147 9 
0 0.000635535 9 
0 0.00064329 9 
0 0.000644621 9 
0 0.000658607 9 
0 0.000663992 9 
0 0.000667287 9 
0 0.000680647 9 
0 0.000681303 9 
0 0.000683994 9 
0 0.000689286 9 
0 0.000694351 9 
0 0.000695945 9 
0 0.000701754 9 
0 0.000707265 9 
0 0.000717922 9 
0 0.000722777 9 
0 0.000731805 9 
0 0.000735764 9 
0 0.000794751 9 
0 inf 9 
