0.524152 0.542758 0 
0.523123 0.544548 0 
0.523104 0.54292 0 
0.522973 0.542602 0 
0.522485 0.541776 0 
0.522453 0.544066 0 
0.52211 0.540794 0 
0.522025 0.53833 0 
0.522014 0.540997 0 
0.521971 0.539946 0 
0.521891 0.541216 0 
0.521747 0.542616 0 
0.521627 0.54025 0 
0.521586 0.539946 0 
0.521077 0.541225 0 
0.521024 0.544548 0 
0.521018 0.544978 0 
0.52096 0.540766 0 
0.520902 0.540488 0 
0.520778 0.538944 0 
0.520735 0.544949 0 
0.520684 0.543185 0 
0.520678 0.544663 0 
0.520591 0.542356 0 
0.520572 0.53848 0 
0.520456 0.544356 0 
0.520438 0.540326 0 
0.520289 0.53848 0 
0.520183 0.543126 0 
0.520131 0.54167 0 
0.520111 0.541626 0 
0.52009 0.541535 0 
0.519941 0.520436 0 
0.519855 0.542616 0 
0.51985 0.541366 0 
0.519797 0.520233 0 
0.519735 0.538944 0 
0.519671 0.520843 0 
0.519647 0.541368 0 
0.519615 0.53862 0 
0.519589 0.521811 0 
0.519388 0.544945 0 
0.519248 0.540776 0 
0.519229 0.539987 0 
0.519212 0.544439 0 
0.519134 0.53848 0 
0.519087 0.543335 0 
0.519013 0.540228 0 
0.518925 0.539202 0 
0.518903 0.539202 0 
0.518833 0.542571 0 
0.518767 0.544576 0 
0.518648 0.544567 0 
0.518548 0.541886 0 
0.51854 0.539896 0 
0.518492 0.542826 0 
0.518446 0.541638 0 
0.518343 0.54006 0 
0.518296 0.519368 0 
0.518292 0.518341 0 
0.518258 0.542051 0 
0.518246 0.540794 0 
0.518213 0.518447 0 
0.518172 0.518331 0 
0.518119 0.538944 0 
0.518101 0.53848 0 
0.518098 0.519614 0 
0.518096 0.544066 0 
0.518038 0.544699 0 
0.518006 0.538223 0 
0.517984 0.541496 0 
0.517928 0.519058 0 
0.517927 0.519037 0 
0.517902 0.540776 0 
0.517877 0.541776 0 
0.517857 0.519807 0 
0.517843 0.540776 0 
0.517826 0.54475 0 
0.517826 0.538754 0 
0.517765 0.544167 0 
0.517733 0.519391 0 
0.517728 0.541216 0 
0.517726 0.540997 0 
0.517712 0.542347 0 
0.517661 0.51792 0 
0.517651 0.538754 0 
0.517615 0.540743 0 
0.517566 0.542469 0 
0.517564 0.542347 0 
0.517551 0.544064 0 
0.517548 0.541994 0 
0.517444 0.518838 0 
0.51738 0.542294 0 
0.517332 0.51792 0 
0.517261 0.517695 0 
0.517221 0.542339 0 
0.517191 0.519614 0 
0.517174 0.542339 0 
0.517033 0.541171 0 
0.517002 0.519913 0 
0.516999 0.517969 0 
0.516996 0.517076 0 
0.516967 0.542184 0 
0.516938 0.542318 0 
0.516918 0.517669 0 
0.516908 0.516952 0 
0.516901 0.542602 0 
0.516878 0.539778 0 
0.516765 0.542347 0 
0.516739 0.545025 0 
0.516695 0.54263 0 
0.51665 0.520469 0 
0.516637 0.517435 0 
0.516632 0.519269 0 
0.516614 0.517492 0 
0.5166 0.51758 0 
0.516574 0.517075 0 
0.516573 0.541892 0 
0.516511 0.517314 0 
0.516506 0.539778 0 
0.516486 0.517895 0 
0.516453 0.517023 0 
0.516451 0.541499 0 
0.516441 0.517116 0 
0.516435 0.543291 0 
0.516426 0.54006 0 
0.516408 0.519058 0 
0.516406 0.517671 0 
0.516392 0.517395 0 
0.516387 0.538811 0 
0.516376 0.520427 0 
0.516276 0.546109 0 
0.516233 0.544837 0 
0.516218 0.51924 0 
0.516168 0.543884 0 
0.516166 0.539658 0 
0.516131 0.516738 0 
0.516125 0.518178 0 
0.516118 0.542363 0 
0.51611 0.542826 0 
0.516107 0.542648 0 
0.516032 0.521265 0 
0.516025 0.519415 0 
0.516024 0.542532 0 
0.516021 0.540652 0 
0.516005 0.517669 0 
0.515985 0.538944 0 
0.515978 0.543997 0 
0.515973 0.519616 0 
0.515952 0.516622 0 
0.515897 0.516239 0 
0.515883 0.519214 0 
0.515881 0.542831 0 
0.51585 0.520074 0 
0.515832 0.543109 0 
0.515814 0.519435 0 
0.515804 0.518776 0 
0.515803 0.541538 0 
0.515798 0.518543 0 
0.515791 0.541158 0 
0.515784 0.51713 0 
0.515762 0.51686 0 
0.515721 0.517879 0 
0.515712 0.516519 0 
0.515701 0.516219 0 
0.51568 0.517423 0 
0.515667 0.543953 0 
0.515604 0.54218 0 
0.515568 0.517771 0 
0.515552 0.516337 0 
0.515512 0.51653 0 
0.515508 0.515917 0 
0.515506 0.540373 0 
0.515503 0.539715 0 
0.515469 0.519892 0 
0.515445 0.540035 0 
0.515437 0.53848 0 
0.515432 0.515851 0 
0.515389 0.53848 0 
0.515368 0.518664 0 
0.515358 0.51904 0 
0.515319 0.542908 0 
0.515318 0.541739 0 
0.515302 0.517284 0 
0.515272 0.539778 0 
0.515254 0.539844 0 
0.515226 0.515449 0 
0.515218 0.51794 0 
0.515217 0.540035 0 
0.515198 0.539658 0 
0.515137 0.544037 0 
0.515127 0.53848 0 
0.515107 0.54218 0 
0.515102 0.539844 0 
0.515036 0.542701 0 
0.51502 0.542701 0 
0.514931 0.516622 0 
0.514928 0.518036 0 
0.514884 0.542927 0 
0.514836 0.515016 0 
0.514817 0.53862 0 
0.514808 0.541366 0 
0.514797 0.544889 0 
0.514784 0.539202 0 
0.514781 0.542571 0 
0.514777 0.515917 0 
0.514741 0.521008 0 
0.514739 0.515333 0 
0.514737 0.516658 0 
0.514704 0.517378 0 
0.514698 0.515376 0 
0.514671 0.54142 0 
0.514658 0.516653 0 
0.514651 0.541698 0 
0.514649 0.515851 0 
0.514638 0.544978 0 
0.514622 0.517695 0 
0.514607 0.515902 0 
0.514592 0.517049 0 
0.514551 0.540488 0 
0.514516 0.515682 0 
0.514502 0.539768 0 
0.514408 0.539768 0 
0.514391 0.518776 0 
0.514372 0.516371 0 
0.514341 0.544037 0 
0.514323 0.514925 0 
0.514322 0.517423 0 
0.514278 0.519391 0 
0.514259 0.542347 0 
0.514242 0.54167 0 
0.514242 0.517991 0 
0.514229 0.517023 0 
0.514219 0.516342 0 
0.514211 0.51867 0 
0.514185 0.520091 0 
0.51417 0.540997 0 
0.514159 0.543787 0 
0.514155 0.540318 0 
0.51414 0.540035 0 
0.514129 0.54423 0 
0.514102 0.514572 0 
0.514036 0.518566 0 
0.514031 0.545056 0 
0.513989 0.541798 0 
0.513963 0.519243 0 
0.513906 0.520818 0 
0.513868 0.518859 0 
0.513857 0.543997 0 
0.513828 0.515124 0 
0.513817 0.540892 0 
0.513816 0.541923 0 
0.513789 0.520304 0 
0.513772 0.516152 0 
0.513768 0.51827 0 
0.513767 0.54097 0 
0.513756 0.541739 0 
0.513744 0.52147 0 
0.513681 0.517648 0 
0.51368 0.521378 0 
0.51367 0.514771 0 
0.513636 0.540766 0 
0.513626 0.518473 0 
0.513563 0.516317 0 
0.513558 0.541212 0 
0.513552 0.516665 0 
0.513533 0.519608 0 
0.513482 0.516371 0 
0.513478 0.541075 0 
0.513469 0.54468 0 
0.513459 0.51853 0 
0.513459 0.519608 0 
0.513447 0.515344 0 
0.513445 0.519626 0 
0.513428 0.518618 0 
0.513412 0.520271 0 
0.513378 0.518676 0 
0.513375 0.516689 0 
0.513358 0.518344 0 
0.513285 0.513321 0 
0.513243 0.514012 0 
0.513176 0.51882 0 
0.513092 0.51882 0 
0.513073 0.51904 0 
0.513051 0.541496 0 
0.513024 0.53862 0 
0.513011 0.520271 0 
0.512998 0.539987 0 
0.512994 0.539715 0 
0.512992 0.519075 0 
0.512986 0.520571 0 
0.512986 0.520325 0 
0.512967 0.513301 0 
0.512942 0.541158 0 
0.512935 0.541923 0 
0.512853 0.513044 0 
0.512853 0.514771 0 
0.512832 0.542363 0 
0.512809 0.540666 0 
0.512768 0.541171 0 
0.512762 0.543638 0 
0.51275 0.514267 0 
0.512718 0.543753 0 
0.512679 0.513756 0 
0.512669 0.544064 0 
0.512612 0.514175 0 
0.512554 0.514331 0 
0.512547 0.540135 0 
0.512541 0.520818 0 
0.512534 0.51602 0 
0.512481 0.514764 0 
0.512473 0.515639 0 
0.512407 0.521061 0 
0.512386 0.54167 0 
0.512345 0.521706 0 
0.512307 0.539987 0 
0.512245 0.51853 0 
0.512196 0.538754 0 
0.512187 0.520843 0 
0.512173 0.513975 0 
0.512159 0.539202 0 
0.512159 0.51283 0 
0.512117 0.540326 0 
0.512055 0.51211 0 
0.51205 0.513898 0 
0.511965 0.545709 0 
0.511875 0.517959 0 
0.511796 0.513776 0 
0.511794 0.517429 0 
0.51178 0.543183 0 
0.511759 0.538223 0 
0.511756 0.538811 0 
0.511712 0.542394 0 
0.511656 0.53833 0 
0.51162 0.540035 0 
0.511606 0.540652 0 
0.511544 0.539658 0 
0.511505 0.520325 0 
0.511498 0.541378 0 
0.511481 0.541246 0 
0.511445 0.520091 0 
0.511436 0.539844 0 
0.511427 0.512556 0 
0.511355 0.518646 0 
0.511346 0.539946 0 
0.511295 0.539987 0 
0.511264 0.540794 0 
0.511254 0.540318 0 
0.511217 0.540326 0 
0.511195 0.543997 0 
0.511184 0.511754 0 
0.511184 0.541163 0 
0.511161 0.542324 0 
0.511155 0.544616 0 
0.511139 0.543987 0 
0.511134 0.512647 0 
0.511112 0.541351 0 
0.51109 0.540155 0 
0.51107 0.541171 0 
0.511025 0.541366 0 
0.510979 0.543595 0 
0.510955 0.541563 0 
0.510888 0.542831 0 
0.510771 0.545279 0 
0.510667 0.540155 0 
0.510588 0.542086 0 
0.510558 0.542891 0 
0.510526 0.541499 0 
0.51051 0.543107 0 
0.510504 0.541583 0 
0.510364 0.543539 0 
0.510203 0.543987 0 
0.5102 0.541158 0 
0.51011 0.542733 0 
0.510061 0.542979 0 
0.510028 0.544054 0 
0.509953 0.545575 0 
0.50983 0.54218 0 
0.509827 0.542616 0 
0.509752 0.544337 0 
0.509435 0.546015 0 
0.509423 0.542668 0 
0.509395 0.544093 0 
0.509187 0.545449 0 
0.508486 0.540742 0 
0.508474 0.542679 0 
0.508315 0.547635 0 
0.507419 0.508573 0 
0.220669 0.22448 1 
0.220321 0.228317 1 
0.219302 0.225836 1 
0.219157 0.22862 1 
0.219122 0.22691 1 
0.217973 0.225463 1 
0.217411 0.225393 1 
0.217298 0.230294 1 
0.217291 0.228317 1 
0.217133 0.228707 1 
0.217119 0.228719 1 
0.217072 0.223385 1 
0.216983 0.218938 1 
0.216932 0.223874 1 
0.21668 0.222859 1 
0.21666 0.224918 1 
0.216575 0.228317 1 
0.216425 0.224824 1 
0.216378 0.22884 1 
0.215962 0.225522 1 
0.2158 0.22448 1 
0.215607 0.228466 1 
0.215607 0.218952 1 
0.215596 0.224728 1 
0.215584 0.225258 1 
0.215535 0.228354 1 
0.215525 0.22827 1 
0.215483 0.223994 1 
0.215418 0.229026 1 
0.215327 0.222977 1 
0.215276 0.228698 1 
0.215255 0.223003 1 
0.215105 0.225797 1 
0.215081 0.219578 1 
0.215064 0.223385 1 
0.214943 0.222412 1 
0.214873 0.221053 1 
0.214806 0.225768 1 
0.214737 0.226668 1 
0.214611 0.227191 1 
0.214578 0.222729 1 
0.214562 0.225481 1 
0.214548 0.228293 1 
0.214527 0.229617 1 
0.214357 0.22691 1 
0.214284 0.227575 1 
0.214254 0.221291 1 
0.214226 0.223003 1 
0.214202 0.223987 1 
0.214199 0.219761 1 
0.21415 0.222216 1 
0.21414 0.222412 1 
0.214099 0.223212 1 
0.214003 0.214653 1 
0.213995 0.224075 1 
0.213986 0.225258 1 
0.213838 0.224307 1 
0.213763 0.218952 1 
0.213725 0.225982 1 
0.213701 0.225793 1 
0.2137 0.223355 1 
0.213546 0.222859 1 
0.213503 0.223752 1 
0.213384 0.219761 1 
0.213328 0.219578 1 
0.213276 0.222068 1 
0.213271 0.223571 1 
0.213264 0.22673 1 
0.213241 0.225793 1 
0.213234 0.224589 1 
0.213188 0.219329 1 
0.213187 0.222362 1 
0.213187 0.223638 1 
0.213156 0.222165 1 
0.213133 0.228354 1 
0.213068 0.224373 1 
0.213034 0.219997 1 
0.213 0.222068 1 
0.212894 0.223096 1 
0.212779 0.225592 1 
0.212764 0.224669 1 
0.212721 0.227243 1 
0.212674 0.223493 1 
0.212542 0.225953 1 
0.212513 0.220399 1 
0.212444 0.224253 1 
0.212369 0.22818 1 
0.212368 0.224299 1 
0.212342 0.224887 1 
0.212339 0.225131 1 
0.212291 0.220431 1 
0.212284 0.224348 1 
0.212196 0.212363 1 
0.212175 0.219329 1 
0.212169 0.222068 1 
0.212124 0.222482 1 
0.212109 0.230238 1 
0.212059 0.228205 1 
0.211965 0.224881 1 
0.211922 0.219329 1 
0.211891 0.222652 1 
0.21187 0.219578 1 
0.211847 0.227386 1 
0.211724 0.220277 1 
0.211638 0.224881 1 
0.211631 0.22352 1 
0.211519 0.224887 1 
0.211469 0.211747 1 
0.211465 0.228463 1 
0.211452 0.224655 1 
0.211423 0.218952 1 
0.211381 0.220399 1 
0.211339 0.220431 1 
0.211305 0.222362 1 
0.211258 0.226599 1 
0.211219 0.223935 1 
0.2112 0.227386 1 
0.211146 0.219936 1 
0.2111 0.219578 1 
0.211012 0.226918 1 
0.210932 0.219329 1 
0.210916 0.211336 1 
0.210883 0.224365 1 
0.21078 0.220277 1 
0.210756 0.225245 1 
0.210636 0.226224 1 
0.210591 0.223516 1 
0.210554 0.222973 1 
0.210488 0.228823 1 
0.210477 0.223094 1 
0.210327 0.221475 1 
0.210309 0.212065 1 
0.210261 0.223215 1 
0.21018 0.210928 1 
0.21018 0.224253 1 
0.210177 0.219578 1 
0.210176 0.223853 1 
0.210159 0.224655 1 
0.210136 0.224075 1 
0.210127 0.224669 1 
0.210051 0.220399 1 
0.21004 0.227372 1 
0.209899 0.221586 1 
0.209853 0.227569 1 
0.20977 0.223377 1 
0.209751 0.228062 1 
0.209742 0.223987 1 
0.209739 0.211265 1 
0.209733 0.210871 1 
0.209646 0.210121 1 
0.209628 0.224655 1 
0.20953 0.228293 1 
0.209476 0.222482 1 
0.209341 0.224067 1 
0.209336 0.223759 1 
0.209325 0.211018 1 
0.209286 0.218616 1 
0.209155 0.21866 1 
0.209148 0.219703 1 
0.209108 0.209536 1 
0.208972 0.209283 1 
0.208956 0.225317 1 
0.208908 0.22673 1 
0.208782 0.20948 1 
0.208762 0.224407 1 
0.208703 0.219329 1 
0.208562 0.22169 1 
0.208536 0.22673 1 
0.208474 0.209224 1 
0.208409 0.223853 1 
0.208372 0.223987 1 
0.208337 0.209167 1 
0.208318 0.223328 1 
0.208279 0.22072 1 
0.208218 0.227386 1 
0.208192 0.21004 1 
0.208185 0.209502 1 
0.20818 0.210409 1 
0.20816 0.219997 1 
0.208126 0.209851 1 
0.208108 0.223994 1 
0.208072 0.210115 1 
0.208013 0.208874 1 
0.207909 0.209038 1 
0.2079 0.227226 1 
0.207896 0.225317 1 
0.207881 0.210089 1 
0.207869 0.208216 1 
0.207853 0.209705 1 
0.20785 0.209502 1 
0.207837 0.211215 1 
0.207823 0.22836 1 
0.20781 0.211796 1 
0.207741 0.208213 1 
0.207737 0.232257 1 
0.207696 0.211415 1 
0.207693 0.223215 1 
0.207671 0.223994 1 
0.207644 0.226171 1 
0.207626 0.223238 1 
0.207599 0.223823 1 
0.207552 0.219761 1 
0.207524 0.210265 1 
0.207503 0.219997 1 
0.2075 0.207853 1 
0.207451 0.219678 1 
0.207355 0.208417 1 
0.207335 0.210922 1 
0.207327 0.224655 1 
0.207284 0.208484 1 
0.207203 0.208041 1 
0.207184 0.226847 1 
0.207121 0.210683 1 
0.207114 0.208992 1 
0.207101 0.233357 1 
0.20707 0.225522 1 
0.207016 0.220639 1 
0.206977 0.210055 1 
0.206931 0.20934 1 
0.206921 0.210516 1 
0.206903 0.219678 1 
0.206887 0.207761 1 
0.206881 0.2108 1 
0.20684 0.228138 1 
0.206774 0.219578 1 
0.206767 0.207636 1 
0.206736 0.223385 1 
0.206633 0.210683 1 
0.206626 0.219761 1 
0.206616 0.223215 1 
0.206607 0.229551 1 
0.206581 0.208987 1 
0.206576 0.209266 1 
0.206574 0.209577 1 
0.206468 0.207436 1 
0.20645 0.209448 1 
0.206397 0.209243 1 
0.206342 0.206842 1 
0.206214 0.220399 1 
0.206193 0.210122 1 
0.206193 0.207056 1 
0.206187 0.209299 1 
0.206181 0.223623 1 
0.206134 0.223096 1 
0.206133 0.208874 1 
0.206087 0.224348 1 
0.206041 0.223965 1 
0.206027 0.2095 1 
0.205975 0.223038 1 
0.205961 0.209464 1 
0.205938 0.219936 1 
0.205889 0.221583 1 
0.205798 0.206651 1 
0.205781 0.211229 1 
0.205683 0.21236 1 
0.205653 0.225258 1 
0.205644 0.20665 1 
0.205636 0.223936 1 
0.205632 0.205706 1 
0.205631 0.207047 1 
0.205622 0.206105 1 
0.205621 0.225182 1 
0.205588 0.226401 1 
0.205516 0.209786 1 
0.205511 0.222058 1 
0.205462 0.205781 1 
0.205456 0.221991 1 
0.205438 0.224997 1 
0.205429 0.211539 1 
0.2054 0.206577 1 
0.205395 0.209143 1 
0.205375 0.22352 1 
0.205328 0.209442 1 
0.205328 0.205654 1 
0.205326 0.209129 1 
0.205287 0.207687 1 
0.205277 0.210716 1 
0.205174 0.222165 1 
0.205155 0.22169 1 
0.205132 0.222409 1 
0.205095 0.207557 1 
0.20506 0.225848 1 
0.205056 0.207315 1 
0.205034 0.223212 1 
0.204999 0.226401 1 
0.204969 0.207069 1 
0.204964 0.229647 1 
0.204944 0.205648 1 
0.204895 0.208324 1 
0.204881 0.224075 1 
0.20488 0.220431 1 
0.204771 0.209272 1 
0.204745 0.22072 1 
0.204714 0.21866 1 
0.204697 0.222859 1 
0.20464 0.205997 1 
0.204622 0.209536 1 
0.204612 0.206126 1 
0.204589 0.207729 1 
0.20458 0.208471 1 
0.204564 0.211469 1 
0.204542 0.206563 1 
0.204483 0.21866 1 
0.204463 0.207342 1 
0.204451 0.206402 1 
0.204419 0.212332 1 
0.204413 0.212462 1 
0.204399 0.207308 1 
0.204282 0.218616 1 
0.204231 0.223377 1 
0.204218 0.20542 1 
0.204204 0.204871 1 
0.204113 0.206031 1 
0.203982 0.205445 1 
0.203739 0.222436 1 
0.203728 0.225797 1 
0.203628 0.22352 1 
0.203601 0.210675 1 
0.203586 0.210716 1 
0.203571 0.222067 1 
0.203486 0.22072 1 
0.203476 0.218952 1 
0.20346 0.221991 1 
0.203442 0.222951 1 
0.203408 0.210774 1 
0.203255 0.208692 1 
0.203126 0.222409 1 
0.203072 0.222159 1 
0.202959 0.212329 1 
0.202901 0.221991 1 
0.202884 0.202891 1 
0.202458 0.218938 1 
0.20227 0.221475 1 
0.101796 0.104092 2 
0.10098 0.103255 2 
0.100284 0.102273 2 
0.100108 0.102652 2 
0.0998149 0.103472 2 
0.0996809 0.0997332 2 
0.0995883 0.0997682 2 
0.0994276 0.0996721 2 
0.0994074 0.102273 2 
0.0993113 0.103138 2 
0.0992158 0.103026 2 
0.0991859 0.0996525 2 
0.0991764 0.103272 2 
0.0990631 0.102341 2 
0.0990391 0.1072 2 
0.0987778 0.107461 2 
0.0986079 0.103191 2 
0.0983632 0.10077 2 
0.0983282 0.0983589 2 
0.0982913 0.0989252 2 
0.0982569 0.0989152 2 
0.0982073 0.103467 2 
0.0982068 0.103091 2 
0.0976978 0.0977963 2 
0.0976942 0.101516 2 
0.0976619 0.0984955 2 
0.0976194 0.0978835 2 
0.0975977 0.0999561 2 
0.0975232 0.10029 2 
0.0974476 0.100193 2 
0.097384 0.10097 2 
0.097342 0.0980547 2 
0.0972982 0.100975 2 
0.0972976 0.0978352 2 
0.0972755 0.104108 2 
0.0971985 0.101033 2 
0.0971579 0.101417 2 
0.097148 0.0983114 2 
0.0971026 0.100105 2 
0.0970389 0.0999696 2 
0.0969682 0.099068 2 
0.0969282 0.100534 2 
0.0968719 0.0991594 2 
0.0968533 0.0977963 2 
0.0968307 0.0976749 2 
0.0967794 0.0999696 2 
0.0966895 0.0968119 2 
0.0966701 0.0999166 2 
0.0966061 0.10204 2 
0.096558 0.0991653 2 
0.0965362 0.0993497 2 
0.0964961 0.100941 2 
0.0964841 0.0976686 2 
0.0964386 0.0976686 2 
0.0964219 0.0984955 2 
0.096416 0.099176 2 
0.0963632 0.0981397 2 
0.0961594 0.0992578 2 
0.0961316 0.0999998 2 
0.0960784 0.0992685 2 
0.0960743 0.0978413 2 
0.0960194 0.0999998 2 
0.0959288 0.0964172 2 
0.0959207 0.097862 2 
0.095911 0.0968119 2 
0.0958922 0.102178 2 
0.095876 0.0980543 2 
0.0958218 0.100236 2 
0.0957936 0.100941 2 
0.0956426 0.0992685 2 
0.0956223 0.0963632 2 
0.0956173 0.0986299 2 
0.0955898 0.101448 2 
0.095502 0.100945 2 
0.0954665 0.100768 2 
0.0954075 0.0979527 2 
0.0953948 0.0975607 2 
0.0952703 0.0983525 2 
0.0952564 0.0991895 2 
0.0952237 0.100275 2 
0.0951855 0.0980627 2 
0.0951109 0.100945 2 
0.0950956 0.0985729 2 
0.09506 0.103323 2 
0.094962 0.0984589 2 
0.0949083 0.098806 2 
0.0948356 0.0972368 2 
0.094759 0.0952085 2 
0.0947513 0.102172 2 
0.094735 0.0991895 2 
0.0947265 0.0970409 2 
0.0947228 0.0949886 2 
0.0946878 0.0970144 2 
0.0946444 0.0947279 2 
0.0945045 0.0992502 2 
0.0944089 0.0982965 2 
0.0943753 0.0983767 2 
0.0942833 0.097862 2 
0.0941864 0.0968119 2 
0.0941617 0.0952781 2 
0.0941532 0.0983874 2 
0.0941266 0.0945458 2 
0.0941218 0.0994604 2 
0.0939697 0.102674 2 
0.0938347 0.0941784 2 
0.0937179 0.0993497 2 
0.0937096 0.0999696 2 
0.0936631 0.100023 2 
0.0936587 0.0938432 2 
0.0936579 0.0938412 2 
0.0936175 0.0994604 2 
0.0935003 0.0975607 2 
0.0933712 0.100945 2 
0.093319 0.0983767 2 
0.0932541 0.0983589 2 
0.093253 0.0940493 2 
0.0931385 0.0990101 2 
0.0931375 0.0948748 2 
0.0931267 0.0990107 2 
0.0931116 0.103475 2 
0.0930856 0.0982863 2 
0.0930568 0.0952507 2 
0.0930358 0.0978399 2 
0.0929683 0.0949063 2 
0.0929337 0.0985596 2 
0.092841 0.0964172 2 
0.09275 0.0936931 2 
0.0926978 0.0978399 2 
0.0926711 0.094552 2 
0.0926651 0.095418 2 
0.0926267 0.0992502 2 
0.0926245 0.101567 2 
0.0925913 0.0952507 2 
0.0925855 0.0948797 2 
0.0925139 0.0933883 2 
0.0924386 0.101448 2 
0.0924209 0.0927673 2 
0.0923759 0.0991653 2 
0.092357 0.0927145 2 
0.0922857 0.0945458 2 
0.0922843 0.0945739 2 
0.0922095 0.0957757 2 
0.0922087 0.0922472 2 
0.0921514 0.0984223 2 
0.0921505 0.099068 2 
0.0919853 0.0984679 2 
0.0919629 0.0949886 2 
0.0919408 0.0974861 2 
0.0918786 0.0940818 2 
0.0918277 0.101767 2 
0.0918252 0.0929378 2 
0.0918109 0.0941352 2 
0.0917768 0.101129 2 
0.0917209 0.0922542 2 
0.0917143 0.102497 2 
0.0916991 0.0985729 2 
0.0916587 0.0992502 2 
0.0916281 0.0986807 2 
0.0916241 0.0984115 2 
0.0916018 0.0945458 2 
0.0915961 0.101908 2 
0.0915919 0.100078 2 
0.0915781 0.0999998 2 
0.0915125 0.0967708 2 
0.091471 0.0937621 2 
0.0913613 0.0913761 2 
0.0913256 0.0919323 2 
0.0912211 0.0933235 2 
0.0912108 0.0918217 2 
0.0911451 0.0922448 2 
0.0911228 0.0925923 2 
0.0910885 0.0975424 2 
0.0910578 0.0993092 2 
0.0910565 0.0935551 2 
0.0910144 0.0983114 2 
0.0910019 0.093034 2 
0.0909986 0.0989152 2 
0.090956 0.0995993 2 
0.0909509 0.100992 2 
0.0909141 0.0925594 2 
0.0908665 0.0983589 2 
0.0908425 0.097862 2 
0.0907758 0.0976584 2 
0.0907662 0.0922592 2 
0.0907624 0.0917138 2 
0.0907454 0.0915573 2 
0.090738 0.0992502 2 
0.0906835 0.09069 2 
0.0905796 0.0915874 2 
0.0905622 0.0938822 2 
0.0905229 0.093417 2 
0.090516 0.0980657 2 
0.0904884 0.0911109 2 
0.0904831 0.0999875 2 
0.0904722 0.097862 2 
0.0904668 0.0931799 2 
0.0904536 0.095418 2 
0.0904472 0.0938822 2 
0.0904472 0.094763 2 
0.0904413 0.0926449 2 
0.0904085 0.0926434 2 
0.090401 0.0916646 2 
0.0903586 0.100248 2 
0.0903445 0.0904148 2 
0.0902703 0.0908147 2 
0.0902126 0.0964641 2 
0.090193 0.0928561 2 
0.0901803 0.0908405 2 
0.0901656 0.0934023 2 
0.0901624 0.0912952 2 
0.0901153 0.0976584 2 
0.0900845 0.0923106 2 
0.0900604 0.0933624 2 
0.0900309 0.0935034 2 
0.0900304 0.0928766 2 
0.0899341 0.0999875 2 
0.0899323 0.0999093 2 
0.08987 0.0929125 2 
0.0898612 0.0923021 2 
0.0898588 0.093566 2 
0.0898385 0.0921187 2 
0.0897877 0.0909375 2 
0.0897639 0.0925312 2 
0.0897224 0.0949886 2 
0.0897122 0.0926855 2 
0.0897037 0.095418 2 
0.0896986 0.0984955 2 
0.0896751 0.0899854 2 
0.089619 0.095113 2 
0.0895904 0.098806 2 
0.0895703 0.0968006 2 
0.089534 0.094563 2 
0.0894796 0.0927634 2 
0.0894673 0.0911579 2 
0.0894357 0.0980627 2 
0.0893866 0.094563 2 
0.0893508 0.0894433 2 
0.0893504 0.103629 2 
0.0893064 0.0899705 2 
0.089303 0.0925992 2 
0.0892959 0.100193 2 
0.089293 0.0967708 2 
0.0892909 0.0909379 2 
0.0892794 0.0949063 2 
0.0892469 0.0952507 2 
0.0892452 0.0906867 2 
0.0892369 0.0952085 2 
0.0892315 0.0968739 2 
0.0891762 0.0911504 2 
0.0891653 0.0905925 2 
0.0891441 0.0901389 2 
0.0891402 0.0908039 2 
0.0890837 0.0989152 2 
0.0890542 0.0942138 2 
0.0890355 0.096203 2 
0.0890314 0.0970144 2 
0.089022 0.0919966 2 
0.0889967 0.0932568 2 
0.0889212 0.0900058 2 
0.0888461 0.0929186 2 
0.0888146 0.0952917 2 
0.0887576 0.0915715 2 
0.0887553 0.0913927 2 
0.0887377 0.0957436 2 
0.0887316 0.098806 2 
0.0887242 0.0887573 2 
0.088696 0.0926611 2 
0.0886222 0.0942132 2 
0.0886065 0.0930296 2 
0.0885499 0.091397 2 
0.0885205 0.0920545 2 
0.0885081 0.0985596 2 
0.088505 0.0926739 2 
0.0883732 0.0967894 2 
0.0883468 0.089117 2 
0.0883144 0.0904158 2 
0.0882814 0.0890122 2 
0.0882784 0.0890452 2 
0.0882453 0.0903215 2 
0.0882289 0.0975354 2 
0.0882121 0.0973548 2 
0.0882117 0.0937022 2 
0.0881821 0.088711 2 
0.0881272 0.0972368 2 
0.0880723 0.0894116 2 
0.0880223 0.0926946 2 
0.0879711 0.0939174 2 
0.0879611 0.0901569 2 
0.0879402 0.0941352 2 
0.0879155 0.0946629 2 
0.0878279 0.0956288 2 
0.0878179 0.0884724 2 
0.0878058 0.0949538 2 
0.087687 0.0967894 2 
0.0876301 0.0904241 2 
0.0875801 0.0904992 2 
0.0875329 0.0975424 2 
0.0875037 0.0935551 2 
0.0873161 0.0976584 2 
0.0871895 0.0978835 2 
0.0871227 0.0946021 2 
0.0865357 0.0949966 2 
0.0500572 0.0518858 3 
0.0494892 0.052467 3 
0.0484178 0.0489545 3 
0.048212 0.0497941 3 
0.0476158 0.0489108 3 
0.0475488 0.0494235 3 
0.0472181 0.0474347 3 
0.0468922 0.0469034 3 
0.0468522 0.0472347 3 
0.0467962 0.0471783 3 
0.0467958 0.0479773 3 
0.0465244 0.047128 3 
0.0462592 0.0466317 3 
0.0462582 0.0474106 3 
0.0462248 0.0478513 3 
0.0461488 0.0463046 3 
0.0461053 0.048155 3 
0.046057 0.046209 3 
0.0460431 0.047128 3 
0.0460071 0.0461308 3 
0.0459497 0.0471517 3 
0.0458793 0.0467097 3 
0.0458002 0.0467097 3 
0.0457925 0.04651 3 
0.0457593 0.0471391 3 
0.0457251 0.0468404 3 
0.045702 0.0492748 3 
0.0456775 0.0471066 3 
0.0455519 0.0458554 3 
0.0455185 0.0468404 3 
0.045281 0.0461623 3 
0.0452546 0.0455056 3 
0.045223 0.0460732 3 
0.0450989 0.0453236 3 
0.0450843 0.0454896 3 
0.0450833 0.0450993 3 
0.045079 0.0458554 3 
0.0450648 0.0451744 3 
0.0450013 0.0478646 3 
0.0449638 0.0451655 3 
0.0449334 0.0461303 3 
0.0448866 0.0450993 3 
0.0448563 0.044972 3 
0.044854 0.0489796 3 
0.0448036 0.0466317 3 
0.0447454 0.0476998 3 
0.0445405 0.0458647 3 
0.0444956 0.0445322 3 
0.044455 0.0459767 3 
0.0444343 0.0494833 3 
0.044369 0.0450137 3 
0.0442786 0.0453311 3 
0.0442251 0.0468999 3 
0.0442153 0.045107 3 
0.0442092 0.0452066 3 
0.0441231 0.0443629 3 
0.0439881 0.0446307 3 
0.0439404 0.0458107 3 
0.0439396 0.0448312 3 
0.0439345 0.0446676 3 
0.0438876 0.0457176 3 
0.0438658 0.0452066 3 
0.0438241 0.043968 3 
0.0438142 0.0468404 3 
0.043803 0.0469255 3 
0.0437215 0.0438846 3 
0.043716 0.045944 3 
0.0437138 0.0451907 3 
0.0436875 0.0442677 3 
0.0436118 0.044624 3 
0.0436055 0.0482444 3 
0.0436042 0.0436989 3 
0.0435921 0.0446676 3 
0.043588 0.0468379 3 
0.0435858 0.0449217 3 
0.0435577 0.045175 3 
0.0435515 0.0457437 3 
0.0434813 0.046195 3 
0.0434388 0.043582 3 
0.0433885 0.0439245 3 
0.0433693 0.0456817 3 
0.04334 0.0461151 3 
0.0432865 0.0460556 3 
0.0432335 0.045662 3 
0.0432303 0.0458107 3 
0.0431815 0.0471644 3 
0.0431723 0.0477585 3 
0.0431236 0.045714 3 
0.0430991 0.0475809 3 
0.0430756 0.0442637 3 
0.043056 0.0476701 3 
0.0429587 0.0461113 3 
0.0429407 0.0450687 3 
0.0429169 0.0458107 3 
0.0428979 0.046306 3 
0.0428761 0.0466433 3 
0.0428641 0.0448608 3 
0.0428587 0.0446444 3 
0.042853 0.0467374 3 
0.0427453 0.0441895 3 
0.0427169 0.0439031 3 
0.0426774 0.0470294 3 
0.0426681 0.0439656 3 
0.0426298 0.0440644 3 
0.0426264 0.0468235 3 
0.0426179 0.0435227 3 
0.0426109 0.0438632 3 
0.0425777 0.0431689 3 
0.0425766 0.044217 3 
0.0425708 0.0438103 3 
0.0425697 0.0433939 3 
0.042463 0.0428147 3 
0.0424481 0.0437767 3 
0.0424453 0.0429605 3 
0.0424315 0.0470754 3 
0.0423795 0.0453236 3 
0.0423575 0.0437832 3 
0.0423536 0.0424892 3 
0.0423502 0.045846 3 
0.0423476 0.0460659 3 
0.0423259 0.0491293 3 
0.0422504 0.0433848 3 
0.042247 0.0434651 3 
0.0422413 0.0444556 3 
0.0422363 0.0470118 3 
0.042205 0.045175 3 
0.0421818 0.044825 3 
0.0421745 0.0424835 3 
0.042172 0.0453472 3 
0.0421711 0.0427012 3 
0.042165 0.0442637 3 
0.0421604 0.045291 3 
0.0421437 0.0466021 3 
0.0421392 0.045404 3 
0.042089 0.0436938 3 
0.0420733 0.0446308 3 
0.0420655 0.0437337 3 
0.0420555 0.0460186 3 
0.0420325 0.0424343 3 
0.0420266 0.0423007 3 
0.0420263 0.0422868 3 
0.0420232 0.0429868 3 
0.0420175 0.045846 3 
0.0420164 0.0440844 3 
0.04197 0.042534 3 
0.0419185 0.0460659 3 
0.0418888 0.0419345 3 
0.0418791 0.0467445 3 
0.0418535 0.0444556 3 
0.0418469 0.0442065 3 
0.041845 0.0433783 3 
0.0418398 0.0419599 3 
0.0418068 0.0450687 3 
0.0417968 0.0436746 3 
0.0417591 0.044722 3 
0.0417512 0.0425705 3 
0.0417112 0.0420537 3 
0.0417067 0.0453483 3 
0.0416695 0.0461623 3 
0.0416371 0.0438214 3 
0.0416272 0.043679 3 
0.0416091 0.0421127 3 
0.0415754 0.0458889 3 
0.0415731 0.0452066 3 
0.0415531 0.0454896 3 
0.0415105 0.0447236 3 
0.0415058 0.042273 3 
0.0414826 0.0437344 3 
0.0414754 0.0426842 3 
0.0414737 0.0451817 3 
0.0414444 0.0426121 3 
0.0414146 0.0423041 3 
0.0413986 0.0438963 3 
0.0413794 0.0439841 3 
0.0413753 0.0424623 3 
0.0413652 0.0426789 3 
0.0413359 0.0436989 3 
0.041294 0.0436342 3 
0.0412853 0.0461113 3 
0.0411978 0.0440443 3 
0.0411887 0.0438 3 
0.0411656 0.0429748 3 
0.0411624 0.0456462 3 
0.0411595 0.0428088 3 
0.0411569 0.0447496 3 
0.0411387 0.0461623 3 
0.0411191 0.0445131 3 
0.0411059 0.0438308 3 
0.0411056 0.0424558 3 
0.041082 0.0433991 3 
0.0410724 0.0427893 3 
0.0410404 0.0425475 3 
0.0410246 0.0417541 3 
0.0410151 0.0418712 3 
0.0410016 0.0425968 3 
0.0409967 0.0450553 3 
0.0409922 0.0438308 3 
0.0409478 0.045263 3 
0.040932 0.0442637 3 
0.0408693 0.0410017 3 
0.0408285 0.0452342 3 
0.040805 0.0429748 3 
0.0407879 0.0458902 3 
0.0407561 0.0415655 3 
0.0407375 0.0418146 3 
0.0406518 0.0445507 3 
0.0406481 0.04335 3 
0.0406433 0.0407875 3 
0.0406268 0.042963 3 
0.0405708 0.0450261 3 
0.0405376 0.0442677 3 
0.0405349 0.0434381 3 
0.0404421 0.042318 3 
0.0404253 0.0430999 3 
0.0404244 0.0441314 3 
0.0404192 0.0449485 3 
0.0404174 0.0449166 3 
0.0404057 0.0435698 3 
0.0403779 0.0414281 3 
0.0403608 0.0441902 3 
0.0403259 0.0416091 3 
0.0403019 0.0444395 3 
0.040295 0.0444556 3 
0.040165 0.0450964 3 
0.0401489 0.0404079 3 
0.0400924 0.0422406 3 
0.0399765 0.0411816 3 
0.0399758 0.0423509 3 
0.0398971 0.0431148 3 
0.0398867 0.044624 3 
0.039884 0.0403555 3 
0.0398268 0.0418851 3 
0.0398124 0.0402858 3 
0.0397375 0.0452258 3 
0.0396463 0.0429566 3 
0.0387575 0.0427994 3 
0.0258959 0.0259872 4 
0.0253341 0.0265715 4 
0.024566 0.024691 4 
0.0241357 0.0241767 4 
0.0234452 0.0242789 4 
0.0232176 0.0233103 4 
0.0230612 0.0233625 4 
0.0230527 0.0238722 4 
0.0230371 0.0232428 4 
0.022792 0.0244487 4 
0.0226784 0.022749 4 
0.0226772 0.0231343 4 
0.0226343 0.0228239 4 
0.0225139 0.0227739 4 
0.0224927 0.0226371 4 
0.0223272 0.0243623 4 
0.0223224 0.024181 4 
0.0222833 0.0224621 4 
0.0222789 0.0223021 4 
0.0222266 0.0228432 4 
0.0220625 0.0221532 4 
0.0220547 0.0247069 4 
0.02202 0.0221463 4 
0.0219442 0.0221537 4 
0.0218158 0.0230322 4 
0.0217754 0.0218473 4 
0.0217697 0.0225667 4 
0.0217125 0.0238085 4 
0.021676 0.0239339 4 
0.0216656 0.0226575 4 
0.021641 0.022979 4 
0.0215866 0.0233403 4 
0.0215533 0.0222221 4 
0.0215346 0.021973 4 
0.0215326 0.0218222 4 
0.0215257 0.0224971 4 
0.021498 0.0215011 4 
0.0214624 0.0215343 4 
0.0214359 0.0223725 4 
0.0214198 0.0215443 4 
0.0213862 0.0232463 4 
0.0213227 0.0224451 4 
0.0212872 0.0222267 4 
0.0212704 0.0215385 4 
0.0212533 0.022116 4 
0.0212427 0.0222393 4 
0.0212014 0.0215688 4 
0.0211919 0.0218657 4 
0.02119 0.0219303 4 
0.0211744 0.0217465 4 
0.0211673 0.0220874 4 
0.0211253 0.0217703 4 
0.0211128 0.0225618 4 
0.0211061 0.0221291 4 
0.0211004 0.0225602 4 
0.0210975 0.0226429 4 
0.0210894 0.0220607 4 
0.0210709 0.0218222 4 
0.0210478 0.0247125 4 
0.0210426 0.02278 4 
0.0210293 0.022064 4 
0.0210236 0.0214539 4 
0.021006 0.0210218 4 
0.0210033 0.0238722 4 
0.021002 0.021362 4 
0.0209989 0.0232495 4 
0.0209126 0.0223915 4 
0.0208868 0.0226055 4 
0.0208596 0.021431 4 
0.0208568 0.0212953 4 
0.0208502 0.0212714 4 
0.0208171 0.0221862 4 
0.0207722 0.021186 4 
0.0207652 0.0226757 4 
0.0207651 0.0209384 4 
0.0207501 0.0218838 4 
0.0207449 0.0211672 4 
0.0207181 0.0218222 4 
0.0207173 0.020765 4 
0.0207067 0.0215761 4 
0.0206888 0.0218838 4 
0.0206837 0.0216378 4 
0.0206612 0.0218478 4 
0.0206516 0.0216288 4 
0.0206328 0.0209384 4 
0.0206285 0.0209231 4 
0.0206264 0.0219592 4 
0.0206119 0.0218838 4 
0.0206114 0.0215659 4 
0.020593 0.0209045 4 
0.0205695 0.021217 4 
0.0205432 0.0228806 4 
0.0205157 0.0207166 4 
0.0204884 0.0227903 4 
0.0204881 0.0205219 4 
0.0204843 0.0214539 4 
0.0204804 0.0226381 4 
0.0204615 0.0212175 4 
0.0204547 0.0229601 4 
0.0204541 0.0221706 4 
0.0204365 0.022566 4 
0.0204162 0.0226432 4 
0.0203609 0.0219877 4 
0.0203599 0.0204971 4 
0.0203529 0.0220304 4 
0.0203394 0.0218227 4 
0.0203314 0.0217111 4 
0.0203313 0.0224356 4 
0.0203302 0.0206351 4 
0.0203299 0.0221862 4 
0.0203292 0.0218005 4 
0.0203284 0.021628 4 
0.0203284 0.0204971 4 
0.0203236 0.0215249 4 
0.0203126 0.0204443 4 
0.020306 0.0215513 4 
0.0203024 0.0204443 4 
0.0202883 0.0214635 4 
0.0202683 0.0224971 4 
0.0202198 0.0202607 4 
0.0202154 0.0209281 4 
0.0202138 0.0222772 4 
0.0201988 0.0215824 4 
0.0201655 0.0216676 4 
0.0201457 0.0217086 4 
0.0201286 0.0216616 4 
0.0201266 0.0205193 4 
0.0201186 0.0204743 4 
0.0200771 0.0207586 4 
0.0200771 0.0215627 4 
0.0200665 0.0210218 4 
0.0200611 0.0218239 4 
0.0200568 0.0211335 4 
0.020045 0.0205717 4 
0.0200423 0.0207696 4 
0.0200214 0.0205233 4 
0.020006 0.021857 4 
0.0199972 0.0208652 4 
0.0199958 0.0218007 4 
0.019993 0.0224537 4 
0.019983 0.0204465 4 
0.0199759 0.0226332 4 
0.0199684 0.0204465 4 
0.0199455 0.0208366 4 
0.0198884 0.0216282 4 
0.0198847 0.0223714 4 
0.0198831 0.0218624 4 
0.0198637 0.0215343 4 
0.0198333 0.0215659 4 
0.0198318 0.0218011 4 
0.0198287 0.0204735 4 
0.0198237 0.0204743 4 
0.0198191 0.021397 4 
0.0198067 0.0202295 4 
0.019806 0.0211485 4 
0.0197881 0.02057 4 
0.0197732 0.019796 4 
0.0197469 0.0207838 4 
0.0197394 0.0203798 4 
0.019735 0.0197441 4 
0.019725 0.0198491 4 
0.0197096 0.0218624 4 
0.019706 0.0220493 4 
0.0196904 0.0210416 4 
0.0196738 0.0225637 4 
0.0196476 0.022243 4 
0.0196168 0.019927 4 
0.0195835 0.0208714 4 
0.0195395 0.0213073 4 
0.0195207 0.0199535 4 
0.019517 0.0208714 4 
0.0195148 0.0201364 4 
0.0195142 0.0212651 4 
0.0195099 0.0211485 4 
0.0195098 0.0221205 4 
0.019478 0.0217085 4 
0.0194717 0.0215585 4 
0.0194454 0.0213933 4 
0.0193977 0.0219095 4 
0.0193794 0.0212714 4 
0.0193771 0.0198715 4 
0.0193227 0.0193936 4 
0.0192452 0.0214897 4 
0.019244 0.02089 4 
0.0191721 0.0202747 4 
0.0191354 0.0202049 4 
0.0191295 0.0199466 4 
0.0190843 0.0190936 4 
0.0190216 0.0215889 4 
0.0189929 0.0207927 4 
0.0189894 0.020563 4 
0.0189739 0.0193768 4 
0.0189555 0.0215876 4 
0.0188811 0.019393 4 
0.0188649 0.0217417 4 
0.0188478 0.0202574 4 
0.0187467 0.0191606 4 
0.0187409 0.0204443 4 
0.0181293 0.0199472 4 
0.0131108 0.0138108 5 
0.0120621 0.01228 5 
0.0120092 0.0120457 5 
0.0119388 0.0119446 5 
0.0118932 0.0120044 5 
0.0116161 0.0123009 5 
0.0116115 0.0116848 5 
0.0114209 0.0121575 5 
0.0113526 0.0120962 5 
0.0113223 0.0114885 5 
0.0113047 0.0114897 5 
0.0112939 0.0115417 5 
0.0112778 0.0113041 5 
0.011211 0.0126615 5 
0.011175 0.0111888 5 
0.0111445 0.0122278 5 
0.0111158 0.0115446 5 
0.0110367 0.0110898 5 
0.0110282 0.0122241 5 
0.0110129 0.0115446 5 
0.0109911 0.0120044 5 
0.0109302 0.0111085 5 
0.010874 0.0109934 5 
0.0108734 0.0112198 5 
0.0108674 0.0114156 5 
0.0108555 0.0115259 5 
0.0108331 0.0112293 5 
0.0108096 0.0108568 5 
0.0107998 0.0112849 5 
0.0107983 0.0125734 5 
0.0107892 0.0110712 5 
0.01078 0.0108 5 
0.0107653 0.0112694 5 
0.0107548 0.0109435 5 
0.0107402 0.0108327 5 
0.0107258 0.0114197 5 
0.0107226 0.0107501 5 
0.0107184 0.0111494 5 
0.01071 0.0109082 5 
0.0107028 0.01096 5 
0.0106778 0.0114028 5 
0.010676 0.0116848 5 
0.0106657 0.011093 5 
0.0106386 0.011111 5 
0.0106384 0.0110105 5 
0.0106294 0.0106406 5 
0.0106129 0.010698 5 
0.0106053 0.0110748 5 
0.010579 0.0111182 5 
0.010578 0.0111199 5 
0.0105692 0.0111971 5 
0.0105575 0.0110898 5 
0.0105304 0.0109457 5 
0.0105174 0.0105298 5 
0.0104924 0.0105029 5 
0.0104766 0.0120044 5 
0.0104666 0.0106895 5 
0.0104517 0.0106388 5 
0.0104388 0.0105254 5 
0.0104194 0.0106411 5 
0.0104089 0.0108175 5 
0.0104077 0.0104143 5 
0.0104034 0.0106411 5 
0.010393 0.0112718 5 
0.0103892 0.0110981 5 
0.0103889 0.0114127 5 
0.0103883 0.010448 5 
0.010378 0.0108861 5 
0.0103779 0.0114589 5 
0.0103653 0.0108326 5 
0.0103515 0.0103872 5 
0.010348 0.0106511 5 
0.0103377 0.0108745 5 
0.0103367 0.0104542 5 
0.0103293 0.010993 5 
0.0103207 0.0113081 5 
0.0103139 0.0113225 5 
0.0103096 0.0113401 5 
0.0103016 0.0105824 5 
0.0103007 0.0113172 5 
0.0102627 0.0105254 5 
0.0102214 0.011111 5 
0.0102086 0.0108583 5 
0.0102073 0.010655 5 
0.010206 0.0106309 5 
0.0101816 0.0108326 5 
0.0101763 0.0102874 5 
0.0101762 0.0104838 5 
0.010173 0.010545 5 
0.0101687 0.01121 5 
0.0101665 0.0114311 5 
0.0101575 0.0108248 5 
0.0101571 0.0106542 5 
0.0101564 0.0114367 5 
0.0101559 0.0112293 5 
0.0101549 0.0103524 5 
0.0101351 0.0113503 5 
0.0101348 0.0105824 5 
0.010132 0.0115454 5 
0.0101256 0.0110207 5 
0.0101045 0.0106605 5 
0.0100993 0.0102278 5 
0.0100899 0.0102157 5 
0.0100862 0.0106088 5 
0.0100538 0.0111085 5 
0.0100498 0.0103353 5 
0.0100474 0.0100903 5 
0.0100343 0.0101077 5 
0.0100305 0.0113522 5 
0.0100275 0.0103318 5 
0.0100265 0.0113938 5 
0.0100261 0.0105699 5 
0.0100259 0.0108175 5 
0.0100255 0.0108835 5 
0.0100035 0.0108122 5 
0.00999133 0.0105542 5 
0.00997695 0.0109712 5 
0.00996689 0.0102472 5 
0.00995194 0.0103212 5 
0.00993068 0.0102895 5 
0.00992155 0.0113081 5 
0.00991672 0.0101858 5 
0.00991227 0.0102553 5 
0.00989432 0.00994933 5 
0.00986315 0.0100955 5 
0.00985664 0.0109205 5 
0.00985587 0.0103524 5 
0.0098183 0.010819 5 
0.00981193 0.0103595 5 
0.00981157 0.0108175 5 
0.00981113 0.010741 5 
0.00980948 0.0101231 5 
0.00980704 0.0103265 5 
0.00979493 0.00990005 5 
0.00979449 0.0110048 5 
0.00978028 0.0111435 5 
0.00977663 0.0112341 5 
0.0097592 0.0105236 5 
0.00975686 0.0105254 5 
0.00974386 0.0102157 5 
0.00974244 0.0103595 5 
0.00973436 0.0103763 5 
0.00973239 0.00978752 5 
0.0097306 0.00974887 5 
0.00972501 0.0105618 5 
0.00972164 0.0109321 5 
0.0097209 0.0105455 5 
0.00971244 0.00989216 5 
0.00967707 0.0109609 5 
0.00967653 0.0103757 5 
0.00966389 0.0107114 5 
0.00966068 0.0111771 5 
0.00965923 0.0111374 5 
0.00965626 0.00995191 5 
0.00963547 0.0109963 5 
0.00960957 0.010182 5 
0.00959959 0.00972808 5 
0.00958957 0.0106196 5 
0.00957902 0.0103847 5 
0.00952144 0.0104809 5 
0.00948976 0.00982458 5 
0.00947813 0.0108658 5 
0.00947798 0.00970041 5 
0.00946079 0.0102895 5 
0.00945374 0.00986155 5 
0.00936965 0.00938654 5 
0.00932216 0.00972218 5 
0.0092982 0.00954831 5 
0.00929801 0.0105076 5 
0.0092887 0.0107714 5 
0.00928221 0.0107969 5 
0.00925895 0.00938654 5 
0.00924307 0.0110271 5 
0.00918483 0.010109 5 
0.00917282 0.00982943 5 
0.00886309 0.0096728 5 
0.00886286 0.00911862 5 
0.00683532 0.00730798 6 
0.00632216 0.00633462 6 
0.00629365 0.00633311 6 
0.00600392 0.00618944 6 
0.00595673 0.00621935 6 
0.00587398 0.00610851 6 
0.0058443 0.00588677 6 
0.005842 0.00623588 6 
0.00583785 0.00596192 6 
0.00581292 0.00583886 6 
0.00579221 0.0058653 6 
0.00578783 0.00584195 6 
0.00576167 0.00644 6 
0.00572462 0.00631025 6 
0.00571666 0.00575677 6 
0.0057043 0.00615113 6 
0.0056972 0.0057677 6 
0.00566307 0.00578184 6 
0.0056532 0.00652213 6 
0.00564152 0.00571865 6 
0.00563273 0.0056826 6 
0.00560205 0.00570115 6 
0.00559877 0.00570221 6 
0.00557384 0.00571883 6 
0.00556544 0.00558684 6 
0.00556236 0.00574845 6 
0.00556158 0.00564622 6 
0.00555467 0.0058598 6 
0.00554581 0.00556368 6 
0.00554142 0.00586191 6 
0.00552736 0.00556633 6 
0.00550243 0.00577629 6 
0.00550083 0.00563181 6 
0.00549932 0.00564631 6 
0.00548658 0.00557797 6 
0.00547996 0.00573968 6 
0.00547983 0.00598079 6 
0.00544468 0.00546472 6 
0.00541445 0.0056102 6 
0.00540977 0.00552306 6 
0.00540397 0.00565555 6 
0.0054031 0.00549664 6 
0.00540221 0.00566765 6 
0.00539544 0.00569071 6 
0.00539225 0.00581898 6 
0.00537937 0.00574546 6 
0.00536325 0.00593864 6 
0.00536177 0.00615113 6 
0.00535458 0.00569671 6 
0.0053397 0.00536265 6 
0.00533308 0.00536839 6 
0.00532661 0.00588682 6 
0.00532647 0.00557046 6 
0.00532561 0.0053518 6 
0.00532168 0.00545041 6 
0.00531003 0.00590372 6 
0.00529424 0.00546664 6 
0.00528633 0.00543466 6 
0.0052855 0.00555191 6 
0.00527885 0.00559771 6 
0.00527707 0.00553367 6 
0.00527528 0.00554645 6 
0.00526637 0.0053995 6 
0.00525329 0.00575013 6 
0.00525247 0.0056071 6 
0.005252 0.00531076 6 
0.00524747 0.00555013 6 
0.0052424 0.00537453 6 
0.00523418 0.00541162 6 
0.00523123 0.00546567 6 
0.00521064 0.00582382 6 
0.0052028 0.00556064 6 
0.00519862 0.00573795 6 
0.00518468 0.00570338 6 
0.00518373 0.00589495 6 
0.00518204 0.00527019 6 
0.00517963 0.00534634 6 
0.00517781 0.00520639 6 
0.00516348 0.00547825 6 
0.0051596 0.00584525 6 
0.00515675 0.00541019 6 
0.00515292 0.00538717 6 
0.00515194 0.00566765 6 
0.00515158 0.00579077 6 
0.00514938 0.00604966 6 
0.0051437 0.00523108 6 
0.00514215 0.0057275 6 
0.00513595 0.00515279 6 
0.00511377 0.0053093 6 
0.00509664 0.00576785 6 
0.00509405 0.00555013 6 
0.005094 0.00593864 6 
0.00508914 0.00513774 6 
0.00507779 0.00546744 6 
0.00507387 0.00513543 6 
0.00507064 0.00529035 6 
0.00506776 0.0052432 6 
0.00506551 0.00575647 6 
0.00506435 0.00506766 6 
0.00506417 0.00507334 6 
0.00505055 0.00546664 6 
0.00504715 0.00522273 6 
0.00504275 0.00536839 6 
0.00502832 0.00516047 6 
0.00501638 0.0051951 6 
0.0050151 0.00514415 6 
0.00500875 0.00512487 6 
0.00500546 0.00547585 6 
0.00499631 0.00513543 6 
0.0049895 0.00537184 6 
0.00498869 0.00518979 6 
0.004979 0.00515922 6 
0.00497356 0.00548075 6 
0.00497353 0.00575208 6 
0.00496986 0.00518979 6 
0.00496369 0.00538629 6 
0.00495901 0.00536839 6 
0.0049586 0.00548274 6 
0.0049564 0.00574548 6 
0.00495372 0.00543466 6 
0.00495152 0.00573002 6 
0.00494619 0.00502464 6 
0.00493865 0.00532281 6 
0.00493588 0.00551311 6 
0.00493343 0.00534634 6 
0.00492522 0.00554754 6 
0.00491789 0.00565853 6 
0.00491286 0.00496513 6 
0.0049112 0.00551286 6 
0.00490786 0.00530735 6 
0.00490574 0.00546249 6 
0.00490377 0.00499202 6 
0.00490087 0.00496551 6 
0.00489269 0.00512343 6 
0.00488572 0.0051594 6 
0.00488317 0.0056736 6 
0.00486556 0.00549941 6 
0.00486155 0.00510864 6 
0.00483664 0.00535082 6 
0.00482702 0.00500842 6 
0.00479885 0.00481083 6 
0.00477594 0.00506807 6 
0.00477428 0.00516516 6 
0.00476036 0.0051594 6 
0.00474153 0.00483475 6 
0.0047138 0.00473454 6 
0.00469288 0.00522273 6 
0.00467936 0.00545868 6 
0.00466933 0.00532058 6 
0.00465679 0.00560014 6 
0.00464662 0.00550146 6 
0.0046397 0.00494454 6 
0.00462815 0.00476797 6 
0.004615 0.00470741 6 
0.00460693 0.0048653 6 
0.00457618 0.00516405 6 
0.00446853 0.00494852 6 
0.00423097 0.00437979 6 
0.00358552 0.00391612 7 
0.00335509 0.00339406 7 
0.00315081 0.00322978 7 
0.00313482 0.00313679 7 
0.00310913 0.00321862 7 
0.00309742 0.00311934 7 
0.00309005 0.003107 7 
0.0030792 0.00312795 7 
0.00307295 0.00309384 7 
0.00306719 0.00307683 7 
0.00305768 0.00312921 7 
0.00302204 0.00302349 7 
0.00301736 0.00324161 7 
0.00300225 0.00319609 7 
0.00300013 0.00343289 7 
0.00299383 0.00332447 7 
0.00295236 0.00311787 7 
0.00294166 0.0029778 7 
0.00294127 0.0029448 7 
0.00293366 0.0030509 7 
0.0029243 0.00307479 7 
0.00292116 0.00298338 7 
0.00291828 0.00295059 7 
0.00291523 0.00291993 7 
0.00290783 0.00295339 7 
0.00288458 0.0029243 7 
0.00287722 0.00299268 7 
0.00286231 0.00286887 7 
0.00285778 0.00288512 7 
0.00285284 0.00292567 7 
0.00285048 0.002903 7 
0.00284527 0.00300431 7 
0.00283452 0.00317049 7 
0.00282884 0.00319609 7 
0.00282793 0.00282874 7 
0.00282378 0.00297151 7 
0.00282012 0.002924 7 
0.00280662 0.00290711 7 
0.00280639 0.00290306 7 
0.00279225 0.00287027 7 
0.00278077 0.00286647 7 
0.00277805 0.00311611 7 
0.00277621 0.0029429 7 
0.00277618 0.00294065 7 
0.00277569 0.00282316 7 
0.00276967 0.00296723 7 
0.00276331 0.00302025 7 
0.0027621 0.00281848 7 
0.00274655 0.00293934 7 
0.00274646 0.00275426 7 
0.00274465 0.00278213 7 
0.00274351 0.00293934 7 
0.00274172 0.00284075 7 
0.00274135 0.00280578 7 
0.00273983 0.00281926 7 
0.00273579 0.00281365 7 
0.00273149 0.00292243 7 
0.0027309 0.00277836 7 
0.00272998 0.00297116 7 
0.00272581 0.00288992 7 
0.00272029 0.00293066 7 
0.00271294 0.00306158 7 
0.00271225 0.00281738 7 
0.00269315 0.00277343 7 
0.0026913 0.00303218 7 
0.00268531 0.00277137 7 
0.00268484 0.00280447 7 
0.00268123 0.00292497 7 
0.00267747 0.00271304 7 
0.00267686 0.00276054 7 
0.00267553 0.00317049 7 
0.00266888 0.00300491 7 
0.00266303 0.0027327 7 
0.00266002 0.00289716 7 
0.00265653 0.00315473 7 
0.00265411 0.00299506 7 
0.00265185 0.00299249 7 
0.00264975 0.00288274 7 
0.00263914 0.00278264 7 
0.00263784 0.00269762 7 
0.00263362 0.00294065 7 
0.00262825 0.0026336 7 
0.00262748 0.00265549 7 
0.00262094 0.00296182 7 
0.00262033 0.00282071 7 
0.00261398 0.00265975 7 
0.00260403 0.00270212 7 
0.00260042 0.00282006 7 
0.00259772 0.00305081 7 
0.00259734 0.00262807 7 
0.00258901 0.00280578 7 
0.00258681 0.0026619 7 
0.0025816 0.00276343 7 
0.00258106 0.00265297 7 
0.00258075 0.00278534 7 
0.00258011 0.00265975 7 
0.0025765 0.0027889 7 
0.0025745 0.00277255 7 
0.00257298 0.00281969 7 
0.00257247 0.00283407 7 
0.00257128 0.00265817 7 
0.00256872 0.00279475 7 
0.00256713 0.00258459 7 
0.00256334 0.00256857 7 
0.0025625 0.00277676 7 
0.00256171 0.00260006 7 
0.00255833 0.00278213 7 
0.0025551 0.00255652 7 
0.00255448 0.00276562 7 
0.002554 0.00291194 7 
0.00255288 0.00277255 7 
0.00254891 0.0029557 7 
0.00254412 0.003067 7 
0.00253497 0.00277388 7 
0.00253399 0.00265179 7 
0.00251871 0.00257217 7 
0.00251511 0.00286712 7 
0.00251317 0.00257696 7 
0.0025077 0.00294256 7 
0.00250555 0.00276779 7 
0.00250179 0.00262771 7 
0.00249864 0.00260231 7 
0.00249568 0.00264296 7 
0.00249116 0.00286348 7 
0.00249013 0.00267885 7 
0.00248548 0.00280721 7 
0.00245309 0.00246558 7 
0.00244865 0.00245155 7 
0.00244079 0.00264415 7 
0.00243689 0.00263753 7 
0.00241821 0.00243266 7 
0.00240999 0.00284207 7 
0.00239674 0.00277606 7 
0.00239523 0.00248586 7 
0.00239334 0.00274659 7 
0.00237292 0.00265297 7 
0.00236585 0.00278601 7 
0.0023648 0.00258434 7 
0.00236015 0.00244218 7 
0.00233752 0.00240418 7 
0.00233563 0.00238316 7 
0.00232606 0.00253251 7 
0.00232031 0.00267803 7 
0.00230642 0.00257782 7 
0.00206148 0.00214207 7 
0.00189134 0.00210727 8 
0.00180277 0.0018323 8 
0.00168477 0.00169795 8 
0.00167339 0.00167654 8 
0.00166498 0.00166642 8 
0.00163054 0.00167377 8 
0.00162736 0.00164146 8 
0.00162516 0.00162654 8 
0.00161862 0.00166187 8 
0.00161387 0.00166337 8 
0.00161293 0.00162222 8 
0.00160966 0.00165096 8 
0.0016074 0.00182043 8 
0.00159725 0.00167623 8 
0.00159484 0.0016799 8 
0.00156895 0.00173911 8 
0.00156693 0.00157495 8 
0.00156611 0.00163764 8 
0.00155874 0.00156878 8 
0.00154723 0.00163434 8 
0.00153271 0.00153527 8 
0.00152182 0.00156854 8 
0.00151576 0.00169648 8 
0.00151555 0.00154332 8 
0.00151171 0.0016782 8 
0.00151161 0.00156854 8 
0.00149672 0.00153905 8 
0.00149143 0.00156734 8 
0.00148617 0.00153475 8 
0.0014836 0.00160909 8 
0.00148287 0.00148362 8 
0.00147631 0.00151647 8 
0.00147282 0.00156687 8 
0.00147245 0.00163598 8 
0.00146616 0.00154896 8 
0.00146169 0.0015426 8 
0.00145382 0.0015585 8 
0.00145073 0.00148215 8 
0.00145019 0.00152628 8 
0.00144705 0.00156878 8 
0.00144636 0.00145945 8 
0.00144542 0.0015177 8 
0.00144273 0.00144899 8 
0.0014426 0.0014461 8 
0.00144028 0.00154571 8 
0.00144002 0.00147497 8 
0.00143973 0.00147945 8 
0.00143433 0.00145906 8 
0.00143302 0.00155934 8 
0.00143137 0.00144215 8 
0.00143026 0.0016796 8 
0.00142948 0.00159545 8 
0.00142825 0.00144214 8 
0.00142791 0.00154329 8 
0.00142543 0.00147738 8 
0.0014227 0.00148809 8 
0.00141901 0.00152628 8 
0.00141835 0.00145182 8 
0.00141765 0.00157022 8 
0.00141587 0.00151394 8 
0.00141035 0.00159114 8 
0.00141034 0.00142321 8 
0.00141016 0.00147214 8 
0.0014006 0.00156659 8 
0.00140037 0.00145362 8 
0.00139913 0.00148809 8 
0.00139849 0.00146926 8 
0.00139022 0.0014631 8 
0.00138848 0.00140282 8 
0.00138668 0.00165716 8 
0.00138606 0.00142825 8 
0.00138409 0.00155461 8 
0.00138037 0.00140607 8 
0.00138017 0.0014357 8 
0.00137694 0.00147384 8 
0.00137599 0.00138362 8 
0.00137502 0.00161507 8 
0.00137328 0.00154123 8 
0.00136941 0.00138459 8 
0.00136926 0.0014726 8 
0.0013645 0.00139495 8 
0.00136356 0.0014423 8 
0.00136203 0.0014782 8 
0.00136128 0.00154571 8 
0.00135778 0.00143585 8 
0.00135496 0.00148996 8 
0.00135115 0.00146163 8 
0.00135032 0.00146218 8 
0.00134948 0.00146248 8 
0.00134797 0.00139408 8 
0.00134743 0.00140888 8 
0.00134728 0.00151843 8 
0.00134673 0.00145969 8 
0.00134343 0.00136498 8 
0.00133979 0.00139495 8 
0.00133702 0.00136279 8 
0.00133678 0.0014163 8 
0.00133677 0.00138073 8 
0.00133096 0.00134785 8 
0.0013299 0.00140888 8 
0.00132825 0.00146287 8 
0.00132607 0.00142825 8 
0.00132506 0.00153286 8 
0.00132221 0.00135396 8 
0.00132206 0.00161543 8 
0.00131541 0.00139802 8 
0.00131533 0.0014461 8 
0.00130636 0.0013494 8 
0.00130625 0.00146085 8 
0.00130576 0.0013128 8 
0.00130553 0.00154797 8 
0.00130284 0.00137819 8 
0.00129629 0.00149252 8 
0.0012955 0.00146766 8 
0.00129422 0.00134472 8 
0.00129329 0.00136341 8 
0.00129279 0.00142795 8 
0.00128777 0.00142076 8 
0.00127952 0.00130637 8 
0.0012751 0.00127672 8 
0.00126823 0.0013737 8 
0.00126485 0.00145969 8 
0.00126383 0.00136542 8 
0.0012622 0.00126899 8 
0.00124763 0.00142321 8 
0.00124331 0.00140832 8 
0.00122954 0.00124055 8 
0.00122899 0.00127985 8 
0.00122827 0.00125642 8 
0.00122526 0.00136542 8 
0.00122114 0.00142564 8 
0.00121386 0.00135558 8 
0.00120652 0.0014168 8 
0.00120587 0.00124761 8 
0.00120038 0.00135257 8 
0.00119841 0.00134318 8 
0.00119461 0.00121066 8 
0.00103735 0.00106496 8 
0.00101806 0.00113515 9 
0.000974387 0.000994505 9 
0.000870374 0.000917441 9 
0.000867089 0.000897468 9 
0.000864947 0.000967592 9 
0.000864343 0.000890492 9 
0.000862761 0.000872155 9 
0.000858439 0.000875877 9 
0.000857132 0.00087638 9 
0.000843805 0.000866015 9 
0.000831808 0.000850473 9 
0.000827977 0.000955141 9 
0.000826557 0.000876789 9 
0.000824146 0.000865924 9 
0.000817339 0.000910305 9 
0.000815732 0.000888328 9 
0.000810291 0.000834095 9 
0.00080574 0.000826267 9 
0.00080388 0.000865924 9 
0.000802697 0.000813114 9 
0.000801444 0.000826267 9 
0.000798344 0.000848187 9 
0.000792817 0.000828326 9 
0.000791914 0.00080093 9 
0.000788979 0.000866086 9 
0.000784787 0.000822143 9 
0.000781596 0.000813039 9 
0.000781115 0.000846725 9 
0.000777313 0.000782253 9 
0.000776899 0.000826175 9 
0.000775415 0.000791175 9 
0.000774894 0.000885153 9 
0.00077116 0.000775152 9 
0.000769487 0.000790306 9 
0.000769205 0.000816006 9 
0.000765218 0.000799928 9 
0.000763627 0.000819061 9 
0.000760332 0.000839252 9 
0.000759469 0.00084791 9 
0.000758592 0.000776872 9 
0.000757946 0.000775701 9 
0.000757873 0.000834884 9 
0.00075771 0.000822781 9 
0.00075698 0.000777164 9 
0.000756933 0.000799444 9 
0.000756125 0.00077691 9 
0.000755396 0.000829172 9 
0.000753085 0.000820672 9 
0.000752073 0.000781838 9 
0.000750897 0.000756037 9 
0.000749015 0.000753072 9 
0.00074786 0.000780447 9 
0.000744074 0.000753599 9 
0.00074364 0.000826109 9 
0.000741816 0.000797893 9 
0.00074148 0.000769658 9 
0.000739591 0.000799928 9 
0.000735426 0.000859769 9 
0.000734384 0.000779668 9 
0.000733725 0.000756037 9 
0.000733202 0.000791395 9 
0.00073125 0.000734894 9 
0.000730655 0.000861257 9 
0.000730029 0.000739448 9 
0.000729316 0.00073359 9 
0.0007288 0.000811891 9 
0.000726929 0.000809254 9 
0.000726889 0.000773766 9 
0.000723413 0.00074685 9 
0.000723359 0.000747317 9 
0.000722538 0.000735556 9 
0.000722479 0.000778797 9 
0.000722146 0.00079336 9 
0.000719984 0.000755422 9 
0.000719854 0.000722428 9 
0.00071966 0.000800473 9 
0.000718 0.000758175 9 
0.000717126 0.000739448 9 
0.000711256 0.000722566 9 
0.000710005 0.000820672 9 
0.000709724 0.00075206 9 
0.000709359 0.000767813 9 
0.000708364 0.000728648 9 
0.000706838 0.000707532 9 
0.000704682 0.00073727 9 
0.000702808 0.000859742 9 
0.000700596 0.000767673 9 
0.000700003 0.000710087 9 
0.000699432 0.000751675 9 
0.000698267 0.000744108 9 
0.000696177 0.00076778 9 
0.000695731 0.000823689 9 
0.000694772 0.000811174 9 
0.000694047 0.000738932 9 
0.000693579 0.000722428 9 
0.000692676 0.00076455 9 
0.00069213 0.000732631 9 
0.000689199 0.000800334 9 
0.0006887 0.000770801 9 
0.000688521 0.000706896 9 
0.000687327 0.000696301 9 
0.000685643 0.00074925 9 
0.000683782 0.0007145 9 
0.000682366 0.000761319 9 
0.000681781 0.000704626 9 
0.000678708 0.000693313 9 
0.000675463 0.000766068 9 
0.000675222 0.000724794 9 
0.000674402 0.000700303 9 
0.00067219 0.000767593 9 
0.000668561 0.000737833 9 
0.000668189 0.000719034 9 
0.000662064 0.000710087 9 
0.00065965 0.000741251 9 
0.000658913 0.000670253 9 
0.000651569 0.000719549 9 
0.000649255 0.000698146 9 
0.000647272 0.000655473 9 
0.000641133 0.000714733 9 
0.000639492 0.000755887 9 
0.000638364 0.000673504 9 
0.000637546 0.000735863 9 
0.000633544 0.0006441 9 
0.000628867 0.000698391 9 
0.000628433 0.000643924 9 
0.000625593 0.000713908 9 
0.000618046 0.000623665 9 
0.000531006 0.000552927 9 
