0 0.498336 0 
0 0.500114 0 
0 0.502588 0 
0 0.504 0 
0 0.504789 0 
0 0.505036 0 
0 0.505059 0 
0 0.505079 0 
0 0.505188 0 
0 0.505248 0 
0 0.50541 0 
0 0.505858 0 
0 0.506124 0 
0 0.506394 0 
0 0.506575 0 
0 0.506927 0 
0 0.507006 0 
0 0.507007 0 
0 0.507059 0 
0 0.50713 0 
0 0.507156 0 
0 0.507213 0 
0 0.507326 0 
0 0.507417 0 
0 0.507689 0 
0 0.507715 0 
0 0.507758 0 
0 0.507804 0 
0 0.507827 0 
0 0.507885 0 
0 0.508018 0 
0 0.508052 0 
0 0.50818 0 
0 0.508211 0 
0 0.508223 0 
0 0.508369 0 
0 0.508398 0 
0 0.508469 0 
0 0.508551 0 
0 0.508592 0 
0 0.508621 0 
0 0.508634 0 
0 0.508718 0 
0 0.508746 0 
0 0.508804 0 
0 0.508823 0 
0 0.508851 0 
0 0.508972 0 
0 0.509036 0 
0 0.509204 0 
0 0.509255 0 
0 0.509336 0 
0 0.509357 0 
0 0.509472 0 
0 0.509473 0 
0 0.509494 0 
0 0.509504 0 
0 0.509559 0 
0 0.509598 0 
0 0.509599 0 
0 0.509611 0 
0 0.509753 0 
0 0.509782 0 
0 0.509817 0 
0 0.509821 0 
0 0.509853 0 
0 0.509908 0 
0 0.509911 0 
0 0.509935 0 
0 0.509944 0 
0 0.50995 0 
0 0.510271 0 
0 0.510321 0 
0 0.510322 0 
0 0.510339 0 
0 0.51037 0 
0 0.51039 0 
0 0.510434 0 
0 0.510445 0 
0 0.510449 0 
0 0.51053 0 
0 0.510574 0 
0 0.510577 0 
0 0.510604 0 
0 0.510624 0 
0 0.510668 0 
0 0.510674 0 
0 0.510723 0 
0 0.510783 0 
0 0.510802 0 
0 0.510868 0 
0 0.510871 0 
0 0.510876 0 
0 0.510887 0 
0 0.510947 0 
0 0.510953 0 
0 0.511024 0 
0 0.511046 0 
0 0.511107 0 
0 0.511157 0 
0 0.511164 0 
0 0.511178 0 
0 0.511294 0 
0 0.511339 0 
0 0.511352 0 
0 0.511474 0 
0 0.51148 0 
0 0.511505 0 
0 0.511508 0 
0 0.511565 0 
0 0.511569 0 
0 0.511711 0 
0 0.511895 0 
0 0.51199 0 
0 0.511996 0 
0 0.511999 0 
0 0.512023 0 
0 0.51205 0 
0 0.512076 0 
0 0.512136 0 
0 0.512308 0 
0 0.512406 0 
0 0.512469 0 
0 0.51266 0 
0 0.513024 0 
0 0.513089 0 
0 0.5134 0 
0 inf 0 
0 0.192945 1 
0 0.196846 1 
0 0.197074 1 
0 0.197136 1 
0 0.197287 1 
0 0.197493 1 
0 0.197623 1 
0 0.197691 1 
0 0.197692 1 
0 0.197911 1 
0 0.198039 1 
0 0.198053 1 
0 0.198146 1 
0 0.198932 1 
0 0.199008 1 
0 0.199162 1 
0 0.199167 1 
0 0.199202 1 
0 0.199291 1 
0 0.199518 1 
0 0.199568 1 
0 0.199611 1 
0 0.19983 1 
0 0.199922 1 
0 0.199951 1 
0 0.199988 1 
0 0.200074 1 
0 0.200107 1 
0 0.200151 1 
0 0.2002 1 
0 0.200237 1 
0 0.200269 1 
0 0.200301 1 
0 0.200344 1 
0 0.200357 1 
0 0.200387 1 
0 0.200388 1 
0 0.200476 1 
0 0.20056 1 
0 0.200563 1 
0 0.200634 1 
0 0.200644 1 
0 0.200747 1 
0 0.200752 1 
0 0.200776 1 
0 0.200796 1 
0 0.200819 1 
0 0.200873 1 
0 0.200894 1 
0 0.200901 1 
0 0.200908 1 
0 0.200912 1 
0 0.20096 1 
0 0.200965 1 
0 0.200971 1 
0 0.200988 1 
0 0.201036 1 
0 0.201089 1 
0 0.201093 1 
0 0.201113 1 
0 0.201203 1 
0 0.201288 1 
0 0.201488 1 
0 0.201506 1 
0 0.201513 1 
0 0.20154 1 
0 0.201604 1 
0 0.201606 1 
0 0.201606 1 
0 0.201642 1 
0 0.201792 1 
0 0.20187 1 
0 0.201945 1 
0 0.201957 1 
0 0.202016 1 
0 0.20213 1 
0 0.202131 1 
0 0.202137 1 
0 0.202178 1 
0 0.202197 1 
0 0.202199 1 
0 0.202207 1 
0 0.202252 1 
0 0.202279 1 
0 0.202293 1 
0 0.202298 1 
0 0.202304 1 
0 0.202315 1 
0 0.202347 1 
0 0.202348 1 
0 0.202365 1 
0 0.202366 1 
0 0.202376 1 
0 0.202414 1 
0 0.20246 1 
0 0.202576 1 
0 0.202616 1 
0 0.202656 1 
0 0.2027 1 
0 0.202724 1 
0 0.202788 1 
0 0.202813 1 
0 0.202832 1 
0 0.202845 1 
0 0.202866 1 
0 0.20294 1 
0 0.202968 1 
0 0.203077 1 
0 0.203142 1 
0 0.20318 1 
0 0.203203 1 
0 0.203247 1 
0 0.203278 1 
0 0.203293 1 
0 0.203333 1 
0 0.20339 1 
0 0.2034 1 
0 0.203408 1 
0 0.203447 1 
0 0.20351 1 
0 0.203697 1 
0 0.203848 1 
0 0.204091 1 
0 0.20415 1 
0 0.204353 1 
0 0.204548 1 
0 0.204682 1 
0 inf 1 
0 0.0805683 2 
0 0.0815779 2 
0 0.0816381 2 
0 0.0821072 2 
0 0.0822112 2 
0 0.0823127 2 
0 0.0825967 2 
0 0.0827905 2 
0 0.0829086 2 
0 0.083021 2 
0 0.0830343 2 
0 0.0831649 2 
0 0.0833469 2 
0 0.0834419 2 
0 0.0835121 2 
0 0.0835975 2 
0 0.0836706 2 
0 0.0837191 2 
0 0.0837535 2 
0 0.0837591 2 
0 0.0838386 2 
0 0.0838851 2 
0 0.0840054 2 
0 0.0840536 2 
0 0.0840995 2 
0 0.0841127 2 
0 0.0842265 2 
0 0.0842307 2 
0 0.0843048 2 
0 0.0843159 2 
0 0.0844035 2 
0 0.0844101 2 
0 0.0844693 2 
0 0.084483 2 
0 0.0845067 2 
0 0.0845162 2 
0 0.0845521 2 
0 0.0845719 2 
0 0.0845975 2 
0 0.0846224 2 
0 0.0846613 2 
0 0.084663 2 
0 0.0846815 2 
0 0.0847468 2 
0 0.0847502 2 
0 0.0848221 2 
0 0.0848433 2 
0 0.0848479 2 
0 0.0848886 2 
0 0.084908 2 
0 0.0849197 2 
0 0.0849293 2 
0 0.0849588 2 
0 0.0849701 2 
0 0.0849831 2 
0 0.0849846 2 
0 0.0850616 2 
0 0.0850752 2 
0 0.0850783 2 
0 0.0850963 2 
0 0.0851294 2 
0 0.0851369 2 
0 0.0851645 2 
0 0.0851714 2 
0 0.0852464 2 
0 0.0852664 2 
0 0.0852767 2 
0 0.085322 2 
0 0.0853503 2 
0 0.0853656 2 
0 0.0853671 2 
0 0.0853693 2 
0 0.0855564 2 
0 0.0855734 2 
0 0.0856413 2 
0 0.0856917 2 
0 0.085759 2 
0 0.0857712 2 
0 0.0857794 2 
0 0.0858164 2 
0 0.0858872 2 
0 0.0859004 2 
0 0.0859878 2 
0 0.0860557 2 
0 0.0860661 2 
0 0.0861361 2 
0 0.0861656 2 
0 0.086175 2 
0 0.0861946 2 
0 0.0862052 2 
0 0.0862377 2 
0 0.0862584 2 
0 0.0862667 2 
0 0.0863118 2 
0 0.0863436 2 
0 0.0864112 2 
0 0.086454 2 
0 0.0864576 2 
0 0.0864656 2 
0 0.0864804 2 
0 0.0865017 2 
0 0.086508 2 
0 0.0865269 2 
0 0.0865765 2 
0 0.0866016 2 
0 0.0866779 2 
0 0.0867915 2 
0 0.0868759 2 
0 0.0868975 2 
0 0.0870436 2 
0 0.0870459 2 
0 0.0871615 2 
0 0.0872404 2 
0 0.0872469 2 
0 0.087464 2 
0 0.0875299 2 
0 0.0876307 2 
0 0.0876781 2 
0 0.0877663 2 
0 0.0878953 2 
0 0.0879571 2 
0 0.0879729 2 
0 0.0880275 2 
0 0.0881959 2 
0 0.088302 2 
0 0.0886616 2 
0 0.0887294 2 
0 inf 2 
0 0.035642 3 
0 0.0359123 3 
0 0.0359268 3 
0 0.0359279 3 
0 0.0359472 3 
0 0.0360878 3 
0 0.0363842 3 
0 0.0364929 3 
0 0.0365059 3 
0 0.0365715 3 
0 0.0366108 3 
0 0.0367551 3 
0 0.0367637 3 
0 0.0367956 3 
0 0.0368235 3 
0 0.03693 3 
0 0.0369549 3 
0 0.0369667 3 
0 0.0370168 3 
0 0.0370314 3 
0 0.0370915 3 
0 0.0371004 3 
0 0.0371172 3 
0 0.0372459 3 
0 0.0373318 3 
0 0.0373886 3 
0 0.0374385 3 
0 0.0375004 3 
0 0.0375676 3 
0 0.0375787 3 
0 0.0375847 3 
0 0.0376383 3 
0 0.0376454 3 
0 0.0376548 3 
0 0.0376676 3 
0 0.0376733 3 
0 0.0376819 3 
0 0.0376862 3 
0 0.0376916 3 
0 0.0376969 3 
0 0.0377101 3 
0 0.0377239 3 
0 0.0377314 3 
0 0.0377337 3 
0 0.0377679 3 
0 0.0378106 3 
0 0.037851 3 
0 0.037868 3 
0 0.037929 3 
0 0.0379293 3 
0 0.0379465 3 
0 0.0379554 3 
0 0.0379716 3 
0 0.0379795 3 
0 0.0380001 3 
0 0.0380121 3 
0 0.0380164 3 
0 0.0380815 3 
0 0.0381022 3 
0 0.0381098 3 
0 0.0381311 3 
0 0.0381535 3 
0 0.0381554 3 
0 0.0381712 3 
0 0.0381932 3 
0 0.0382391 3 
0 0.0382834 3 
0 0.0382953 3 
0 0.038299 3 
0 0.0383196 3 
0 0.0383294 3 
0 0.0383343 3 
0 0.0383595 3 
0 0.0384114 3 
0 0.0384136 3 
0 0.0384158 3 
0 0.0384202 3 
0 0.0384472 3 
0 0.0384758 3 
0 0.0384775 3 
0 0.0385463 3 
0 0.0385564 3 
0 0.0385714 3 
0 0.0386168 3 
0 0.0386176 3 
0 0.0386737 3 
0 0.0386873 3 
0 0.0387311 3 
0 0.0387548 3 
0 0.0387906 3 
0 0.038796 3 
0 0.038841 3 
0 0.0388506 3 
0 0.0388577 3 
0 0.0388691 3 
0 0.0389391 3 
0 0.0389847 3 
0 0.038994 3 
0 0.0390185 3 
0 0.0390488 3 
0 0.0390834 3 
0 0.0391235 3 
0 0.0392165 3 
0 0.0392251 3 
0 0.039278 3 
0 0.039297 3 
0 0.0393427 3 
0 0.0393456 3 
0 0.039397 3 
0 0.0395328 3 
0 0.039548 3 
0 0.0395986 3 
0 0.0397088 3 
0 0.0397315 3 
0 0.0398491 3 
0 0.0399399 3 
0 0.0399465 3 
0 0.0400059 3 
0 0.0401463 3 
0 0.0401647 3 
0 0.0402766 3 
0 0.0403952 3 
0 0.0406185 3 
0 0.0408994 3 
0 0.040915 3 
0 0.0409355 3 
0 0.0411396 3 
0 inf 3 
0 0.0161558 4 
0 0.0163132 4 
0 0.0164011 4 
0 0.0164263 4 
0 0.0165096 4 
0 0.0166202 4 
0 0.0166388 4 
0 0.0167668 4 
0 0.0168014 4 
0 0.0168192 4 
0 0.0168649 4 
0 0.016887 4 
0 0.0168989 4 
0 0.0168998 4 
0 0.0169455 4 
0 0.0169576 4 
0 0.0169665 4 
0 0.0169804 4 
0 0.0170442 4 
0 0.0171059 4 
0 0.0171198 4 
0 0.017238 4 
0 0.0172492 4 
0 0.0172691 4 
0 0.0173268 4 
0 0.0173671 4 
0 0.017382 4 
0 0.0173851 4 
0 0.017408 4 
0 0.0174155 4 
0 0.0174174 4 
0 0.0174423 4 
0 0.0174555 4 
0 0.0174615 4 
0 0.0174656 4 
0 0.0174889 4 
0 0.0174983 4 
0 0.0174989 4 
0 0.0175084 4 
0 0.0175151 4 
0 0.0175152 4 
0 0.0175394 4 
0 0.0175529 4 
0 0.0175651 4 
0 0.0175683 4 
0 0.017585 4 
0 0.0175883 4 
0 0.0176107 4 
0 0.0176695 4 
0 0.0176746 4 
0 0.0176998 4 
0 0.0177009 4 
0 0.0177019 4 
0 0.0177051 4 
0 0.0177073 4 
0 0.0177155 4 
0 0.0177347 4 
0 0.0177369 4 
0 0.0177535 4 
0 0.0177665 4 
0 0.0177774 4 
0 0.0177888 4 
0 0.017811 4 
0 0.017816 4 
0 0.0178281 4 
0 0.0178417 4 
0 0.0178588 4 
0 0.0178881 4 
0 0.0179019 4 
0 0.0179175 4 
0 0.0179318 4 
0 0.0179325 4 
0 0.0179638 4 
0 0.0179948 4 
0 0.0180111 4 
0 0.0180133 4 
0 0.0180257 4 
0 0.0180383 4 
0 0.0180419 4 
0 0.0180449 4 
0 0.0180564 4 
0 0.0181042 4 
0 0.0181143 4 
0 0.018164 4 
0 0.0181793 4 
0 0.0181894 4 
0 0.0181921 4 
0 0.0182542 4 
0 0.0182553 4 
0 0.0182602 4 
0 0.0182687 4 
0 0.0183194 4 
0 0.0183249 4 
0 0.0183578 4 
0 0.0183587 4 
0 0.0183591 4 
0 0.0183688 4 
0 0.0183864 4 
0 0.0183871 4 
0 0.0183945 4 
0 0.0184382 4 
0 0.0184436 4 
0 0.0184761 4 
0 0.0184909 4 
0 0.0185025 4 
0 0.018503 4 
0 0.0185198 4 
0 0.018587 4 
0 0.0186024 4 
0 0.0186479 4 
0 0.0186739 4 
0 0.0186925 4 
0 0.0187476 4 
0 0.0188411 4 
0 0.0188412 4 
0 0.0189289 4 
0 0.0189722 4 
0 0.0190943 4 
0 0.0191349 4 
0 0.0192196 4 
0 0.0193877 4 
0 0.0194808 4 
0 0.0196238 4 
0 0.0196655 4 
0 0.0197069 4 
0 0.0198627 4 
0 0.020052 4 
0 inf 4 
0 0.00747395 5 
0 0.00761079 5 
0 0.0077439 5 
0 0.00775032 5 
0 0.00779699 5 
0 0.00782727 5 
0 0.00783347 5 
0 0.00794173 5 
0 0.0079493 5 
0 0.00798992 5 
0 0.00799959 5 
0 0.00801895 5 
0 0.00803305 5 
0 0.00803348 5 
0 0.00805821 5 
0 0.00808549 5 
0 0.00809118 5 
0 0.00810502 5 
0 0.0081219 5 
0 0.00815141 5 
0 0.00820649 5 
0 0.00822736 5 
0 0.00824792 5 
0 0.0082591 5 
0 0.00829143 5 
0 0.00829152 5 
0 0.00829324 5 
0 0.00831588 5 
0 0.00831591 5 
0 0.00831778 5 
0 0.00832503 5 
0 0.00832699 5 
0 0.00834617 5 
0 0.00834663 5 
0 0.00836669 5 
0 0.00836722 5 
0 0.00836995 5 
0 0.00837262 5 
0 0.00837681 5 
0 0.00838138 5 
0 0.00838244 5 
0 0.00839033 5 
0 0.00839651 5 
0 0.00840785 5 
0 0.00841262 5 
0 0.0084219 5 
0 0.00842886 5 
0 0.00844033 5 
0 0.00844273 5 
0 0.00845117 5 
0 0.0084562 5 
0 0.00846265 5 
0 0.00847084 5 
0 0.00849616 5 
0 0.00853444 5 
0 0.00854866 5 
0 0.00856344 5 
0 0.00858122 5 
0 0.00858524 5 
0 0.00858777 5 
0 0.00859104 5 
0 0.00860045 5 
0 0.00860371 5 
0 0.00862076 5 
0 0.00862604 5 
0 0.00863727 5 
0 0.00863769 5 
0 0.00866519 5 
0 0.00868113 5 
0 0.00868329 5 
0 0.0086967 5 
0 0.00869723 5 
0 0.00870144 5 
0 0.00870635 5 
0 0.00871002 5 
0 0.00873452 5 
0 0.00873731 5 
0 0.00874258 5 
0 0.00875993 5 
0 0.00876259 5 
0 0.00876304 5 
0 0.00876356 5 
0 0.00878182 5 
0 0.00878909 5 
0 0.00881472 5 
0 0.00882161 5 
0 0.00885406 5 
0 0.00885409 5 
0 0.00886238 5 
0 0.00887158 5 
0 0.00887732 5 
0 0.00889603 5 
0 0.00889853 5 
0 0.00891504 5 
0 0.00892019 5 
0 0.008927 5 
0 0.00893708 5 
0 0.00894412 5 
0 0.00894558 5 
0 0.00894685 5 
0 0.00895076 5 
0 0.00896077 5 
0 0.00897483 5 
0 0.00899715 5 
0 0.00899939 5 
0 0.0090103 5 
0 0.0090584 5 
0 0.00906271 5 
0 0.00906877 5 
0 0.00907647 5 
0 0.00912453 5 
0 0.00914227 5 
0 0.00917803 5 
0 0.00923135 5 
0 0.0092459 5 
0 0.00925747 5 
0 0.00928699 5 
0 0.0092944 5 
0 0.00930586 5 
0 0.00931322 5 
0 0.00955072 5 
0 0.00955681 5 
0 0.00971039 5 
0 0.00973562 5 
0 0.00975815 5 
0 0.00984071 5 
0 0.0100789 5 
0 inf 5 
0 0.00353985 6 
0 0.00359814 6 
0 0.00373271 6 
0 0.00376247 6 
0 0.0037761 6 
0 0.00378046 6 
0 0.00378811 6 
0 0.00385178 6 
0 0.00386484 6 
0 0.00387738 6 
0 0.00387747 6 
0 0.00388972 6 
0 0.00389295 6 
0 0.00390158 6 
0 0.00392503 6 
0 0.00395415 6 
0 0.00396839 6 
0 0.00397071 6 
0 0.00397979 6 
0 0.00398653 6 
0 0.00399044 6 
0 0.00399534 6 
0 0.004007 6 
0 0.00401 6 
0 0.00401521 6 
0 0.00401817 6 
0 0.00402267 6 
0 0.00405745 6 
0 0.00406421 6 
0 0.00406765 6 
0 0.00407456 6 
0 0.00408757 6 
0 0.00408824 6 
0 0.00409132 6 
0 0.00409386 6 
0 0.00410077 6 
0 0.00410199 6 
0 0.00410302 6 
0 0.00411222 6 
0 0.00411427 6 
0 0.00412197 6 
0 0.00412257 6 
0 0.0041238 6 
0 0.0041243 6 
0 0.00412812 6 
0 0.00412856 6 
0 0.0041339 6 
0 0.00414097 6 
0 0.00414549 6 
0 0.00414798 6 
0 0.00415401 6 
0 0.00416185 6 
0 0.00418126 6 
0 0.00418462 6 
0 0.00422341 6 
0 0.00422557 6 
0 0.00422639 6 
0 0.00424402 6 
0 0.00425014 6 
0 0.00425592 6 
0 0.00425764 6 
0 0.00426398 6 
0 0.00426428 6 
0 0.00426985 6 
0 0.00427522 6 
0 0.00427991 6 
0 0.00428178 6 
0 0.0042819 6 
0 0.00428539 6 
0 0.00428563 6 
0 0.00429155 6 
0 0.00429313 6 
0 0.0042957 6 
0 0.00430115 6 
0 0.00431487 6 
0 0.00432136 6 
0 0.00432148 6 
0 0.00432513 6 
0 0.00432568 6 
0 0.00436103 6 
0 0.00436372 6 
0 0.004375 6 
0 0.00437541 6 
0 0.00438001 6 
0 0.00438008 6 
0 0.0043841 6 
0 0.00439201 6 
0 0.00440965 6 
0 0.00441225 6 
0 0.0044155 6 
0 0.00441646 6 
0 0.00441992 6 
0 0.00442359 6 
0 0.00442377 6 
0 0.00442889 6 
0 0.00442911 6 
0 0.00443213 6 
0 0.00443645 6 
0 0.00444064 6 
0 0.00444117 6 
0 0.00446466 6 
0 0.00446512 6 
0 0.00448002 6 
0 0.00448281 6 
0 0.00449215 6 
0 0.00450339 6 
0 0.0045047 6 
0 0.00451625 6 
0 0.0045228 6 
0 0.00452984 6 
0 0.00453617 6 
0 0.00454425 6 
0 0.00455927 6 
0 0.00456696 6 
0 0.00456946 6 
0 0.00458112 6 
0 0.004585 6 
0 0.00460906 6 
0 0.004633 6 
0 0.00469628 6 
0 0.00473012 6 
0 0.00479337 6 
0 0.00487868 6 
0 0.00489111 6 
0 0.00492002 6 
0 0.00495426 6 
0 0.0051739 6 
0 inf 6 
0 0.0017107 7 
0 0.00172932 7 
0 0.00181076 7 
0 0.00186619 7 
0 0.00186641 7 
0 0.0018746 7 
0 0.00188532 7 
0 0.00190865 7 
0 0.00191145 7 
0 0.00191481 7 
0 0.00191502 7 
0 0.00192005 7 
0 0.00192044 7 
0 0.00192143 7 
0 0.00193485 7 
0 0.00193853 7 
0 0.00195035 7 
0 0.00196012 7 
0 0.00197683 7 
0 0.00197771 7 
0 0.0019796 7 
0 0.00198478 7 
0 0.00198627 7 
0 0.00198838 7 
0 0.00200394 7 
0 0.00200454 7 
0 0.00201088 7 
0 0.00201427 7 
0 0.00201497 7 
0 0.00201698 7 
0 0.00201823 7 
0 0.00202889 7 
0 0.00203146 7 
0 0.00203439 7 
0 0.002035 7 
0 0.00203625 7 
0 0.00203637 7 
0 0.00204545 7 
0 0.00205321 7 
0 0.00206106 7 
0 0.00206216 7 
0 0.00206244 7 
0 0.00206667 7 
0 0.00206869 7 
0 0.00207601 7 
0 0.00207626 7 
0 0.00207687 7 
0 0.00208563 7 
0 0.00209074 7 
0 0.00209208 7 
0 0.0020925 7 
0 0.002095 7 
0 0.00209648 7 
0 0.00209955 7 
0 0.00209968 7 
0 0.00210068 7 
0 0.00210613 7 
0 0.00211333 7 
0 0.00211469 7 
0 0.00212485 7 
0 0.00212566 7 
0 0.00212914 7 
0 0.00214376 7 
0 0.00214459 7 
0 0.00214522 7 
0 0.00214653 7 
0 0.00214836 7 
0 0.0021627 7 
0 0.00216342 7 
0 0.00216661 7 
0 0.00216939 7 
0 0.00217061 7 
0 0.00217132 7 
0 0.00217241 7 
0 0.00217447 7 
0 0.0021771 7 
0 0.00217757 7 
0 0.00218543 7 
0 0.00218658 7 
0 0.00219189 7 
0 0.00219546 7 
0 0.00219915 7 
0 0.00219997 7 
0 0.00220349 7 
0 0.00220455 7 
0 0.00221473 7 
0 0.00222411 7 
0 0.00222685 7 
0 0.00222717 7 
0 0.00222859 7 
0 0.00222902 7 
0 0.00222954 7 
0 0.00223023 7 
0 0.00223198 7 
0 0.00223211 7 
0 0.00223253 7 
0 0.00223745 7 
0 0.00224092 7 
0 0.00224859 7 
0 0.00224969 7 
0 0.00225125 7 
0 0.00225413 7 
0 0.00225695 7 
0 0.00226014 7 
0 0.00227044 7 
0 0.00227171 7 
0 0.00227607 7 
0 0.00228435 7 
0 0.00228579 7 
0 0.00228825 7 
0 0.00229056 7 
0 0.00229058 7 
0 0.00229778 7 
0 0.00230113 7 
0 0.00230934 7 
0 0.0023259 7 
0 0.00232971 7 
0 0.00234499 7 
0 0.00236624 7 
0 0.0023756 7 
0 0.00240322 7 
0 0.00243243 7 
0 0.0024526 7 
0 0.00250093 7 
0 0.00251205 7 
0 0.00255963 7 
0 0.00269204 7 
0 inf 7 
0 0.000841405 8 
0 0.000842872 8 
0 0.000891601 8 
0 0.00093804 8 
0 0.000941772 8 
0 0.000944693 8 
0 0.000948675 8 
0 0.000953867 8 
0 0.000955581 8 
0 0.000957762 8 
0 0.000960871 8 
0 0.000962007 8 
0 0.00096289 8 
0 0.00096501 8 
0 0.000966333 8 
0 0.000967468 8 
0 0.000968439 8 
0 0.000988155 8 
0 0.000992418 8 
0 0.000992544 8 
0 0.000995727 8 
0 0.00100003 8 
0 0.00100134 8 
0 0.00100174 8 
0 0.00100203 8 
0 0.00100275 8 
0 0.00100398 8 
0 0.00101046 8 
0 0.00101436 8 
0 0.00101453 8 
0 0.00102342 8 
0 0.00102572 8 
0 0.00102836 8 
0 0.00103027 8 
0 0.00103239 8 
0 0.00103273 8 
0 0.00103417 8 
0 0.00103479 8 
0 0.0010406 8 
0 0.00104115 8 
0 0.00104242 8 
0 0.00104291 8 
0 0.00104347 8 
0 0.0010489 8 
0 0.00104904 8 
0 0.00105594 8 
0 0.00105741 8 
0 0.00105939 8 
0 0.00105962 8 
0 0.00106036 8 
0 0.00106113 8 
0 0.00106251 8 
0 0.00106734 8 
0 0.0010692 8 
0 0.00107148 8 
0 0.00107184 8 
0 0.00107243 8 
0 0.00107443 8 
0 0.00107473 8 
0 0.00107966 8 
0 0.00108006 8 
0 0.00108187 8 
0 0.00108361 8 
0 0.00108662 8 
0 0.00108784 8 
0 0.00108998 8 
0 0.00109014 8 
0 0.00109531 8 
0 0.00109812 8 
0 0.00109892 8 
0 0.00109949 8 
0 0.00110211 8 
0 0.00110355 8 
0 0.00110626 8 
0 0.00110916 8 
0 0.00110962 8 
0 0.00111072 8 
0 0.0011122 8 
0 0.00111276 8 
0 0.00111284 8 
0 0.00111431 8 
0 0.00111502 8 
0 0.0011191 8 
0 0.00112108 8 
0 0.00112416 8 
0 0.00112497 8 
0 0.00112499 8 
0 0.00112532 8 
0 0.00112557 8 
0 0.00113082 8 
0 0.00113274 8 
0 0.00113418 8 
0 0.00113418 8 
0 0.00113556 8 
0 0.00113631 8 
0 0.00113647 8 
0 0.00113647 8 
0 0.00113662 8 
0 0.00114011 8 
0 0.00115502 8 
0 0.00115524 8 
0 0.00115691 8 
0 0.0011571 8 
0 0.0011642 8 
0 0.00116747 8 
0 0.00116749 8 
0 0.00116847 8 
0 0.00117169 8 
0 0.00117483 8 
0 0.00117646 8 
0 0.00117756 8 
0 0.00117964 8 
0 0.00117995 8 
0 0.00118135 8 
0 0.00119096 8 
0 0.00119675 8 
0 0.00120278 8 
0 0.00120712 8 
0 0.0012159 8 
0 0.00122399 8 
0 0.00123618 8 
0 0.00124455 8 
0 0.00124756 8 
0 0.00129381 8 
0 0.00129451 8 
0 0.00133742 8 
0 0.0013929 8 
0 inf 8 
0 0.000415902 9 
0 0.000420289 9 
0 0.000444542 9 
0 0.000475958 9 
0 0.000476192 9 
0 0.000477976 9 
0 0.000481984 9 
0 0.000483155 9 
0 0.000485044 9 
0 0.000485356 9 
0 0.000486349 9 
0 0.000487001 9 
0 0.00048985 9 
0 0.000490372 9 
0 0.000491398 9 
0 0.000494477 9 
0 0.000494905 9 
0 0.000499743 9 
0 0.000501871 9 
0 0.000502034 9 
0 0.000503523 9 
0 0.000505454 9 
0 0.000505817 9 
0 0.000506435 9 
0 0.000512352 9 
0 0.00051259 9 
0 0.000512801 9 
0 0.000513124 9 
0 0.000516468 9 
0 0.000521138 9 
0 0.000521316 9 
0 0.000522501 9 
0 0.000523055 9 
0 0.000524278 9 
0 0.000528104 9 
0 0.000528731 9 
0 0.000529502 9 
0 0.0005299 9 
0 0.000529954 9 
0 0.000532047 9 
0 0.000532788 9 
0 0.000532801 9 
0 0.000533497 9 
0 0.000535368 9 
0 0.000537311 9 
0 0.000537772 9 
0 0.000537939 9 
0 0.000541525 9 
0 0.000542061 9 
0 0.000544298 9 
0 0.000544362 9 
0 0.000545028 9 
0 0.000545264 9 
0 0.000547014 9 
0 0.000548175 9 
0 0.000549574 9 
0 0.000549877 9 
0 0.000551104 9 
0 0.000552514 9 
0 0.00055361 9 
0 0.000553846 9 
0 0.000556553 9 
0 0.000556918 9 
0 0.000556991 9 
0 0.000557693 9 
0 0.000557942 9 
0 0.000558264 9 
0 0.000558447 9 
0 0.000558448 9 
0 0.000559898 9 
0 0.000560227 9 
0 0.000561032 9 
0 0.000563836 9 
0 0.000564814 9 
0 0.000566215 9 
0 0.000569318 9 
0 0.000569365 9 
0 0.000572706 9 
0 0.000573491 9 
0 0.000574466 9 
0 0.00057472 9 
0 0.000575976 9 
0 0.000576192 9 
0 0.000576271 9 
0 0.000577415 9 
0 0.000578017 9 
0 0.000578298 9 
0 0.00058015 9 
0 0.000580412 9 
0 0.000581235 9 
0 0.000581421 9 
0 0.000582365 9 
0 0.000582526 9 
0 0.000583118 9 
0 0.000585421 9 
0 0.000585501 9 
0 0.000586478 9 
0 0.000586554 9 
0 0.000586897 9 
0 0.000587932 9 
0 0.000591423 9 
0 0.000592565 9 
0 0.000594121 9 
0 0.000594535 9 
0 0.000596075 9 
0 0.000600993 9 
0 0.000604576 9 
0 0.000607961 9 
0 0.000609405 9 
0 0.000612378 9 
0 0.000616347 9 
0 0.000616916 9 
0 0.000619563 9 
0 0.000619568 9 
0 0.000619594 9 
0 0.000620608 9 
0 0.000627372 9 
0 0.000629587 9 
0 0.000635568 9 
0 0.000637313 9 
0 0.000639058 9 
0 0.00064067 9 
0 0.000640957 9 
0 0.000671889 9 
0 0.000675576 9 
0 0.000704797 9 
0 0.000724401 9 
0 inf 9 
