0 0.497341 0 
0 0.499655 0 
0 0.500659 0 
0 0.500939 0 
0 0.501396 0 
0 0.501586 0 
0 0.502265 0 
0 0.502786 0 
0 0.503297 0 
0 0.503629 0 
0 0.503773 0 
0 0.50381 0 
0 0.504386 0 
0 0.504491 0 
0 0.504788 0 
0 0.504861 0 
0 0.504945 0 
0 0.505053 0 
0 0.505571 0 
0 0.505853 0 
0 0.505913 0 
0 0.505994 0 
0 0.506076 0 
0 0.506376 0 
0 0.506455 0 
0 0.506544 0 
0 0.506552 0 
0 0.506565 0 
0 0.506693 0 
0 0.507007 0 
0 0.507016 0 
0 0.507134 0 
0 0.50738 0 
0 0.507445 0 
0 0.507539 0 
0 0.507589 0 
0 0.507609 0 
0 0.507624 0 
0 0.507639 0 
0 0.507659 0 
0 0.507769 0 
0 0.507773 0 
0 0.507806 0 
0 0.507821 0 
0 0.507832 0 
0 0.50785 0 
0 0.508161 0 
0 0.508166 0 
0 0.50819 0 
0 0.508358 0 
0 0.508375 0 
0 0.508469 0 
0 0.508721 0 
0 0.508827 0 
0 0.508856 0 
0 0.50892 0 
0 0.50893 0 
0 0.508932 0 
0 0.508968 0 
0 0.509004 0 
0 0.509075 0 
0 0.509128 0 
0 0.509139 0 
0 0.509139 0 
0 0.509181 0 
0 0.509326 0 
0 0.509331 0 
0 0.509332 0 
0 0.50936 0 
0 0.509497 0 
0 0.509511 0 
0 0.509543 0 
0 0.509553 0 
0 0.50956 0 
0 0.509564 0 
0 0.50961 0 
0 0.509639 0 
0 0.509643 0 
0 0.509647 0 
0 0.50971 0 
0 0.509771 0 
0 0.50982 0 
0 0.509933 0 
0 0.509951 0 
0 0.50997 0 
0 0.510044 0 
0 0.510081 0 
0 0.510094 0 
0 0.510158 0 
0 0.510175 0 
0 0.510196 0 
0 0.510239 0 
0 0.510315 0 
0 0.510336 0 
0 0.510343 0 
0 0.510395 0 
0 0.510455 0 
0 0.510482 0 
0 0.510518 0 
0 0.510522 0 
0 0.510622 0 
0 0.510636 0 
0 0.510696 0 
0 0.510721 0 
0 0.510791 0 
0 0.510878 0 
0 0.51098 0 
0 0.511192 0 
0 0.51128 0 
0 0.511281 0 
0 0.511291 0 
0 0.511348 0 
0 0.511363 0 
0 0.511524 0 
0 0.511532 0 
0 0.511818 0 
0 0.511875 0 
0 0.511957 0 
0 0.512038 0 
0 0.512057 0 
0 0.512433 0 
0 0.512468 0 
0 0.512524 0 
0 0.512675 0 
0 0.512721 0 
0 0.512798 0 
0 0.513034 0 
0 inf 0 
0 0.191235 1 
0 0.193836 1 
0 0.194108 1 
0 0.194702 1 
0 0.195684 1 
0 0.19591 1 
0 0.196041 1 
0 0.196364 1 
0 0.196384 1 
0 0.196798 1 
0 0.196901 1 
0 0.196994 1 
0 0.197036 1 
0 0.197267 1 
0 0.197311 1 
0 0.197436 1 
0 0.197829 1 
0 0.197971 1 
0 0.197997 1 
0 0.198032 1 
0 0.198041 1 
0 0.198078 1 
0 0.198087 1 
0 0.19812 1 
0 0.198185 1 
0 0.198282 1 
0 0.198284 1 
0 0.19852 1 
0 0.198542 1 
0 0.198756 1 
0 0.198811 1 
0 0.199005 1 
0 0.199046 1 
0 0.199245 1 
0 0.199263 1 
0 0.199429 1 
0 0.199514 1 
0 0.199555 1 
0 0.199663 1 
0 0.199759 1 
0 0.200034 1 
0 0.200063 1 
0 0.200103 1 
0 0.200272 1 
0 0.200362 1 
0 0.200608 1 
0 0.20066 1 
0 0.200675 1 
0 0.200685 1 
0 0.200702 1 
0 0.200794 1 
0 0.200811 1 
0 0.200857 1 
0 0.200877 1 
0 0.200901 1 
0 0.200926 1 
0 0.200933 1 
0 0.200968 1 
0 0.200996 1 
0 0.201122 1 
0 0.201147 1 
0 0.2012 1 
0 0.201241 1 
0 0.201264 1 
0 0.20129 1 
0 0.201306 1 
0 0.201356 1 
0 0.201402 1 
0 0.20142 1 
0 0.201627 1 
0 0.201655 1 
0 0.201663 1 
0 0.201733 1 
0 0.20174 1 
0 0.201756 1 
0 0.201773 1 
0 0.201824 1 
0 0.201842 1 
0 0.201855 1 
0 0.201953 1 
0 0.201969 1 
0 0.202012 1 
0 0.202018 1 
0 0.202182 1 
0 0.202205 1 
0 0.202306 1 
0 0.202332 1 
0 0.202337 1 
0 0.202405 1 
0 0.202428 1 
0 0.20244 1 
0 0.202443 1 
0 0.202448 1 
0 0.202455 1 
0 0.202516 1 
0 0.202543 1 
0 0.202625 1 
0 0.202694 1 
0 0.202716 1 
0 0.202784 1 
0 0.202806 1 
0 0.202812 1 
0 0.202929 1 
0 0.202966 1 
0 0.203032 1 
0 0.203075 1 
0 0.20311 1 
0 0.203115 1 
0 0.203167 1 
0 0.203184 1 
0 0.203193 1 
0 0.203251 1 
0 0.203256 1 
0 0.203265 1 
0 0.203277 1 
0 0.203407 1 
0 0.203457 1 
0 0.203718 1 
0 0.20376 1 
0 0.203963 1 
0 0.204092 1 
0 0.204121 1 
0 0.204236 1 
0 0.204486 1 
0 0.204674 1 
0 0.204745 1 
0 0.205712 1 
0 inf 1 
0 0.079184 2 
0 0.079393 2 
0 0.0800272 2 
0 0.0802263 2 
0 0.0804181 2 
0 0.0807314 2 
0 0.0808677 2 
0 0.0811495 2 
0 0.0811619 2 
0 0.0815887 2 
0 0.0817151 2 
0 0.0820169 2 
0 0.0820218 2 
0 0.082431 2 
0 0.0824719 2 
0 0.0825233 2 
0 0.0825595 2 
0 0.0825718 2 
0 0.0827533 2 
0 0.0827558 2 
0 0.0829718 2 
0 0.0832184 2 
0 0.0832908 2 
0 0.0834251 2 
0 0.0836739 2 
0 0.0837572 2 
0 0.0837746 2 
0 0.0837758 2 
0 0.0838977 2 
0 0.0839061 2 
0 0.083916 2 
0 0.083982 2 
0 0.0839986 2 
0 0.0840499 2 
0 0.0840556 2 
0 0.0842009 2 
0 0.0843581 2 
0 0.0844736 2 
0 0.0844982 2 
0 0.0845651 2 
0 0.0845686 2 
0 0.0846765 2 
0 0.0846842 2 
0 0.0848401 2 
0 0.0848592 2 
0 0.0848638 2 
0 0.0849384 2 
0 0.0849547 2 
0 0.0849636 2 
0 0.0849694 2 
0 0.085021 2 
0 0.0850547 2 
0 0.0850755 2 
0 0.0851499 2 
0 0.0851586 2 
0 0.0852221 2 
0 0.0852589 2 
0 0.0853109 2 
0 0.0853148 2 
0 0.0854143 2 
0 0.085523 2 
0 0.0855899 2 
0 0.0856683 2 
0 0.0856844 2 
0 0.0856976 2 
0 0.0857583 2 
0 0.0857819 2 
0 0.0858104 2 
0 0.0858489 2 
0 0.0858723 2 
0 0.0858899 2 
0 0.0858916 2 
0 0.0859172 2 
0 0.0860009 2 
0 0.0860364 2 
0 0.0860489 2 
0 0.0860551 2 
0 0.0861078 2 
0 0.0861121 2 
0 0.0861525 2 
0 0.0862122 2 
0 0.0862255 2 
0 0.0863983 2 
0 0.0864199 2 
0 0.0864462 2 
0 0.0864921 2 
0 0.0865116 2 
0 0.0865729 2 
0 0.0866474 2 
0 0.086659 2 
0 0.0867484 2 
0 0.0868052 2 
0 0.0869263 2 
0 0.0869367 2 
0 0.086971 2 
0 0.0869745 2 
0 0.0869786 2 
0 0.0869848 2 
0 0.0870122 2 
0 0.0870423 2 
0 0.0870991 2 
0 0.0871149 2 
0 0.0871627 2 
0 0.0872479 2 
0 0.0872626 2 
0 0.0873091 2 
0 0.0873403 2 
0 0.0873508 2 
0 0.087363 2 
0 0.0874461 2 
0 0.0875292 2 
0 0.0875522 2 
0 0.0876329 2 
0 0.0877804 2 
0 0.0877921 2 
0 0.0879637 2 
0 0.0880201 2 
0 0.0880537 2 
0 0.0881346 2 
0 0.0883291 2 
0 0.0883772 2 
0 0.0885662 2 
0 0.0887363 2 
0 0.0887796 2 
0 0.0888822 2 
0 0.0893501 2 
0 0.0904982 2 
0 inf 2 
0 0.0342413 3 
0 0.0345259 3 
0 0.0349278 3 
0 0.0349975 3 
0 0.0350428 3 
0 0.0350732 3 
0 0.0351472 3 
0 0.035174 3 
0 0.035308 3 
0 0.0354317 3 
0 0.0357084 3 
0 0.0357332 3 
0 0.0358292 3 
0 0.0358857 3 
0 0.036332 3 
0 0.0364143 3 
0 0.0365472 3 
0 0.0367848 3 
0 0.0368206 3 
0 0.0368938 3 
0 0.037007 3 
0 0.0370304 3 
0 0.0371318 3 
0 0.0371891 3 
0 0.0372654 3 
0 0.0372695 3 
0 0.0372935 3 
0 0.0373184 3 
0 0.0374007 3 
0 0.0374678 3 
0 0.0375499 3 
0 0.0375504 3 
0 0.0376029 3 
0 0.0376219 3 
0 0.0376496 3 
0 0.0377552 3 
0 0.037865 3 
0 0.0378822 3 
0 0.0378893 3 
0 0.0379043 3 
0 0.0379691 3 
0 0.037998 3 
0 0.0380296 3 
0 0.0380464 3 
0 0.0381802 3 
0 0.038185 3 
0 0.0381905 3 
0 0.0382095 3 
0 0.0382169 3 
0 0.0383107 3 
0 0.0383149 3 
0 0.0383346 3 
0 0.0384069 3 
0 0.0384441 3 
0 0.0384896 3 
0 0.0385045 3 
0 0.0385126 3 
0 0.0385212 3 
0 0.0385272 3 
0 0.0385293 3 
0 0.038545 3 
0 0.0385556 3 
0 0.0386673 3 
0 0.0387188 3 
0 0.0387521 3 
0 0.0387609 3 
0 0.0387773 3 
0 0.0388136 3 
0 0.0388491 3 
0 0.0389787 3 
0 0.0389821 3 
0 0.039006 3 
0 0.0390278 3 
0 0.0390513 3 
0 0.0390608 3 
0 0.0390785 3 
0 0.0391141 3 
0 0.0391168 3 
0 0.0391585 3 
0 0.0391716 3 
0 0.0391874 3 
0 0.0391947 3 
0 0.0392005 3 
0 0.0392586 3 
0 0.0392734 3 
0 0.039308 3 
0 0.0393106 3 
0 0.0393554 3 
0 0.039454 3 
0 0.0394614 3 
0 0.0394728 3 
0 0.039511 3 
0 0.0395388 3 
0 0.0395449 3 
0 0.0395452 3 
0 0.039564 3 
0 0.0395928 3 
0 0.0396032 3 
0 0.0396522 3 
0 0.0397024 3 
0 0.0397318 3 
0 0.0397406 3 
0 0.0397992 3 
0 0.0398266 3 
0 0.0398843 3 
0 0.0399112 3 
0 0.0399349 3 
0 0.0399663 3 
0 0.0399706 3 
0 0.0399831 3 
0 0.0400009 3 
0 0.0400908 3 
0 0.040141 3 
0 0.0401966 3 
0 0.0402672 3 
0 0.0403172 3 
0 0.040385 3 
0 0.0405036 3 
0 0.0405326 3 
0 0.0406475 3 
0 0.040721 3 
0 0.0412128 3 
0 0.0412444 3 
0 0.0412459 3 
0 0.0412484 3 
0 0.04137 3 
0 0.0426089 3 
0 inf 3 
0 0.0155536 4 
0 0.0155875 4 
0 0.0158074 4 
0 0.0158282 4 
0 0.0159328 4 
0 0.0160216 4 
0 0.0160546 4 
0 0.016219 4 
0 0.0162227 4 
0 0.0162739 4 
0 0.0162752 4 
0 0.0163129 4 
0 0.0163816 4 
0 0.0163868 4 
0 0.016753 4 
0 0.016827 4 
0 0.0169991 4 
0 0.0170099 4 
0 0.017046 4 
0 0.017066 4 
0 0.0171322 4 
0 0.017178 4 
0 0.0172085 4 
0 0.017215 4 
0 0.0172779 4 
0 0.0173083 4 
0 0.0173619 4 
0 0.0174035 4 
0 0.0174677 4 
0 0.0174895 4 
0 0.0175221 4 
0 0.0176356 4 
0 0.0176464 4 
0 0.0176964 4 
0 0.0177035 4 
0 0.0177689 4 
0 0.0177807 4 
0 0.0177925 4 
0 0.017796 4 
0 0.0178025 4 
0 0.0178134 4 
0 0.0179274 4 
0 0.0179275 4 
0 0.0179382 4 
0 0.0179819 4 
0 0.0179971 4 
0 0.0180149 4 
0 0.0180491 4 
0 0.0180515 4 
0 0.0180542 4 
0 0.0180583 4 
0 0.0180689 4 
0 0.0181066 4 
0 0.0181188 4 
0 0.0181405 4 
0 0.0181471 4 
0 0.0181645 4 
0 0.018176 4 
0 0.0182027 4 
0 0.0182078 4 
0 0.0183451 4 
0 0.0183477 4 
0 0.0183666 4 
0 0.0183846 4 
0 0.018396 4 
0 0.0183975 4 
0 0.0183994 4 
0 0.0184017 4 
0 0.018423 4 
0 0.0184519 4 
0 0.018454 4 
0 0.0184627 4 
0 0.0184725 4 
0 0.0184902 4 
0 0.0185103 4 
0 0.0185213 4 
0 0.0185304 4 
0 0.018535 4 
0 0.0185364 4 
0 0.0185443 4 
0 0.0185505 4 
0 0.0185533 4 
0 0.0185542 4 
0 0.0185734 4 
0 0.0185758 4 
0 0.0186178 4 
0 0.0186536 4 
0 0.0186652 4 
0 0.0187419 4 
0 0.0187701 4 
0 0.0188064 4 
0 0.0188225 4 
0 0.018827 4 
0 0.0188425 4 
0 0.0188449 4 
0 0.0188482 4 
0 0.0188565 4 
0 0.0188621 4 
0 0.0188937 4 
0 0.0188983 4 
0 0.0189104 4 
0 0.0189381 4 
0 0.0190215 4 
0 0.0190573 4 
0 0.0190634 4 
0 0.0190917 4 
0 0.0191753 4 
0 0.0192344 4 
0 0.0192498 4 
0 0.0192775 4 
0 0.0192789 4 
0 0.0192877 4 
0 0.0193266 4 
0 0.0194128 4 
0 0.0194268 4 
0 0.0194469 4 
0 0.0194924 4 
0 0.0195154 4 
0 0.0195629 4 
0 0.0195695 4 
0 0.019615 4 
0 0.0196438 4 
0 0.0196519 4 
0 0.0200895 4 
0 0.0201141 4 
0 0.0201774 4 
0 0.0208543 4 
0 inf 4 
0 0.00728998 5 
0 0.00740176 5 
0 0.00741338 5 
0 0.00741918 5 
0 0.00745476 5 
0 0.00757813 5 
0 0.00760123 5 
0 0.00760596 5 
0 0.00772668 5 
0 0.00774801 5 
0 0.00779546 5 
0 0.00781018 5 
0 0.00787302 5 
0 0.00789244 5 
0 0.00800694 5 
0 0.0080475 5 
0 0.00812646 5 
0 0.0081499 5 
0 0.00817074 5 
0 0.00820048 5 
0 0.00821359 5 
0 0.00823144 5 
0 0.00826054 5 
0 0.00826152 5 
0 0.00830908 5 
0 0.00833881 5 
0 0.00834985 5 
0 0.00835641 5 
0 0.00839418 5 
0 0.00847737 5 
0 0.00850876 5 
0 0.00855962 5 
0 0.00856409 5 
0 0.00858458 5 
0 0.00862764 5 
0 0.00864579 5 
0 0.00864924 5 
0 0.00866859 5 
0 0.00866949 5 
0 0.00868744 5 
0 0.00868813 5 
0 0.00869447 5 
0 0.00869591 5 
0 0.0087212 5 
0 0.00875413 5 
0 0.00875932 5 
0 0.00876762 5 
0 0.00877307 5 
0 0.00878552 5 
0 0.00880937 5 
0 0.00881224 5 
0 0.00882574 5 
0 0.00884727 5 
0 0.00884741 5 
0 0.00884864 5 
0 0.00884987 5 
0 0.00886114 5 
0 0.00887015 5 
0 0.00888809 5 
0 0.00888995 5 
0 0.00892207 5 
0 0.00892562 5 
0 0.00892902 5 
0 0.00894299 5 
0 0.00895595 5 
0 0.008956 5 
0 0.00896146 5 
0 0.00899394 5 
0 0.009009 5 
0 0.00901118 5 
0 0.00901421 5 
0 0.00901602 5 
0 0.00904586 5 
0 0.00906622 5 
0 0.00906843 5 
0 0.00907526 5 
0 0.00907627 5 
0 0.00908068 5 
0 0.00908233 5 
0 0.00908299 5 
0 0.00909665 5 
0 0.00910795 5 
0 0.00911154 5 
0 0.00911925 5 
0 0.00913585 5 
0 0.0091666 5 
0 0.00918439 5 
0 0.00920183 5 
0 0.00920275 5 
0 0.00921939 5 
0 0.00924586 5 
0 0.00925995 5 
0 0.00926095 5 
0 0.00928635 5 
0 0.00928705 5 
0 0.00928942 5 
0 0.00929087 5 
0 0.00929407 5 
0 0.00930469 5 
0 0.00933624 5 
0 0.00933861 5 
0 0.00938464 5 
0 0.00940817 5 
0 0.00943925 5 
0 0.00946811 5 
0 0.00947379 5 
0 0.00948064 5 
0 0.00949978 5 
0 0.00950138 5 
0 0.00951146 5 
0 0.00951347 5 
0 0.00951417 5 
0 0.0095179 5 
0 0.00953939 5 
0 0.00956244 5 
0 0.00956298 5 
0 0.00964889 5 
0 0.00965365 5 
0 0.00969655 5 
0 0.00972998 5 
0 0.00980736 5 
0 0.00982303 5 
0 0.00994497 5 
0 0.0100201 5 
0 0.0101395 5 
0 0.0101614 5 
0 0.0102868 5 
0 inf 5 
0 0.00353285 6 
0 0.00357614 6 
0 0.00358093 6 
0 0.00359356 6 
0 0.00365625 6 
0 0.00366145 6 
0 0.00367018 6 
0 0.0037109 6 
0 0.00373187 6 
0 0.00380237 6 
0 0.00384301 6 
0 0.003859 6 
0 0.00391118 6 
0 0.00393692 6 
0 0.00394556 6 
0 0.00400299 6 
0 0.00400471 6 
0 0.0040253 6 
0 0.00402672 6 
0 0.00403257 6 
0 0.00404449 6 
0 0.00406804 6 
0 0.00408743 6 
0 0.00409062 6 
0 0.00409713 6 
0 0.00411728 6 
0 0.00417152 6 
0 0.00417387 6 
0 0.00418395 6 
0 0.00422639 6 
0 0.00423761 6 
0 0.00425189 6 
0 0.00426376 6 
0 0.00426404 6 
0 0.00426809 6 
0 0.00427826 6 
0 0.00427863 6 
0 0.00428365 6 
0 0.00430284 6 
0 0.00431067 6 
0 0.00431102 6 
0 0.00432175 6 
0 0.00433786 6 
0 0.00433927 6 
0 0.00434239 6 
0 0.00436232 6 
0 0.00436528 6 
0 0.00436745 6 
0 0.0043675 6 
0 0.0043688 6 
0 0.00436953 6 
0 0.00437246 6 
0 0.00438093 6 
0 0.00438575 6 
0 0.00439401 6 
0 0.00441923 6 
0 0.00442176 6 
0 0.00442274 6 
0 0.00442277 6 
0 0.00444801 6 
0 0.00445486 6 
0 0.00447695 6 
0 0.00448187 6 
0 0.00448603 6 
0 0.00448616 6 
0 0.00448638 6 
0 0.00449118 6 
0 0.00449357 6 
0 0.00449942 6 
0 0.00450867 6 
0 0.00451334 6 
0 0.00451507 6 
0 0.00453248 6 
0 0.00454576 6 
0 0.0045468 6 
0 0.00454866 6 
0 0.00455722 6 
0 0.00455861 6 
0 0.00456212 6 
0 0.00456925 6 
0 0.00457904 6 
0 0.0045914 6 
0 0.00459378 6 
0 0.00459829 6 
0 0.00459887 6 
0 0.00460158 6 
0 0.00460409 6 
0 0.00461022 6 
0 0.00461381 6 
0 0.00461719 6 
0 0.00464806 6 
0 0.00466214 6 
0 0.00466778 6 
0 0.00468064 6 
0 0.00468397 6 
0 0.00468618 6 
0 0.00468634 6 
0 0.00469714 6 
0 0.00470103 6 
0 0.0047066 6 
0 0.00472287 6 
0 0.00473031 6 
0 0.00473297 6 
0 0.00474621 6 
0 0.00475816 6 
0 0.00476542 6 
0 0.00477468 6 
0 0.00478547 6 
0 0.00479135 6 
0 0.00479292 6 
0 0.00479789 6 
0 0.00480092 6 
0 0.0048263 6 
0 0.00488864 6 
0 0.00490816 6 
0 0.0049128 6 
0 0.00492771 6 
0 0.00493733 6 
0 0.00494322 6 
0 0.00498575 6 
0 0.00503314 6 
0 0.0050417 6 
0 0.0050755 6 
0 0.00514355 6 
0 0.00522931 6 
0 0.00523229 6 
0 0.00523991 6 
0 inf 6 
0 0.00175924 7 
0 0.00176763 7 
0 0.00177506 7 
0 0.00177638 7 
0 0.00180427 7 
0 0.00181175 7 
0 0.00183604 7 
0 0.00185307 7 
0 0.00185746 7 
0 0.00191591 7 
0 0.00194094 7 
0 0.00194435 7 
0 0.00195886 7 
0 0.00197983 7 
0 0.00199979 7 
0 0.00200891 7 
0 0.00201862 7 
0 0.00203265 7 
0 0.00203915 7 
0 0.00205389 7 
0 0.00205506 7 
0 0.00205701 7 
0 0.00208449 7 
0 0.00208878 7 
0 0.00209422 7 
0 0.00209425 7 
0 0.00209671 7 
0 0.00209982 7 
0 0.00211451 7 
0 0.00212626 7 
0 0.00212691 7 
0 0.00214269 7 
0 0.00214654 7 
0 0.0021494 7 
0 0.00215457 7 
0 0.00215978 7 
0 0.00216443 7 
0 0.00217102 7 
0 0.00217104 7 
0 0.00217883 7 
0 0.00218124 7 
0 0.00218329 7 
0 0.00218582 7 
0 0.00218733 7 
0 0.00218878 7 
0 0.00219538 7 
0 0.00219893 7 
0 0.00221602 7 
0 0.00221848 7 
0 0.00222262 7 
0 0.00222528 7 
0 0.00222625 7 
0 0.00222926 7 
0 0.00224125 7 
0 0.00224978 7 
0 0.00225111 7 
0 0.00225448 7 
0 0.00226129 7 
0 0.00226757 7 
0 0.00226841 7 
0 0.00227117 7 
0 0.00227499 7 
0 0.00227837 7 
0 0.00228671 7 
0 0.00228713 7 
0 0.00228751 7 
0 0.00229263 7 
0 0.00230004 7 
0 0.00230048 7 
0 0.00230129 7 
0 0.00230672 7 
0 0.00231614 7 
0 0.002317 7 
0 0.00231769 7 
0 0.00232514 7 
0 0.00232653 7 
0 0.00233157 7 
0 0.00233175 7 
0 0.00233816 7 
0 0.00234132 7 
0 0.00234219 7 
0 0.00234705 7 
0 0.00235266 7 
0 0.00236098 7 
0 0.00236609 7 
0 0.0023683 7 
0 0.00236959 7 
0 0.00237443 7 
0 0.00237627 7 
0 0.00237725 7 
0 0.00237828 7 
0 0.002379 7 
0 0.00237987 7 
0 0.00238941 7 
0 0.00239233 7 
0 0.00239257 7 
0 0.00239824 7 
0 0.00240454 7 
0 0.00240875 7 
0 0.00241338 7 
0 0.00242514 7 
0 0.00243456 7 
0 0.00243554 7 
0 0.00243946 7 
0 0.00244772 7 
0 0.00245171 7 
0 0.00245789 7 
0 0.00245818 7 
0 0.00246214 7 
0 0.00248063 7 
0 0.00248421 7 
0 0.00249954 7 
0 0.00251488 7 
0 0.00253101 7 
0 0.00253649 7 
0 0.00254027 7 
0 0.0025542 7 
0 0.0025636 7 
0 0.00256529 7 
0 0.00257956 7 
0 0.00260296 7 
0 0.0026336 7 
0 0.00265627 7 
0 0.0026738 7 
0 0.00272065 7 
0 0.00275233 7 
0 0.00277592 7 
0 inf 7 
0 0.0008875 8 
0 0.000894506 8 
0 0.000895 8 
0 0.000904373 8 
0 0.000906413 8 
0 0.000908687 8 
0 0.0009168 8 
0 0.000942681 8 
0 0.000966433 8 
0 0.00098543 8 
0 0.000985734 8 
0 0.00100175 8 
0 0.00100964 8 
0 0.00101316 8 
0 0.00101387 8 
0 0.00102586 8 
0 0.00103135 8 
0 0.00104446 8 
0 0.00104816 8 
0 0.00104948 8 
0 0.00105114 8 
0 0.0010532 8 
0 0.00106336 8 
0 0.0010697 8 
0 0.0010722 8 
0 0.00107343 8 
0 0.00107496 8 
0 0.00107521 8 
0 0.00107751 8 
0 0.00108885 8 
0 0.00109394 8 
0 0.00110134 8 
0 0.00110239 8 
0 0.00111103 8 
0 0.00111183 8 
0 0.00111343 8 
0 0.0011137 8 
0 0.00111601 8 
0 0.00111698 8 
0 0.00111699 8 
0 0.00112038 8 
0 0.00112486 8 
0 0.00112835 8 
0 0.00112887 8 
0 0.00113302 8 
0 0.00113568 8 
0 0.00113843 8 
0 0.00114942 8 
0 0.00115081 8 
0 0.00115574 8 
0 0.00115799 8 
0 0.00115813 8 
0 0.00116045 8 
0 0.00116099 8 
0 0.00116208 8 
0 0.00116753 8 
0 0.00116907 8 
0 0.00116989 8 
0 0.00117464 8 
0 0.00117525 8 
0 0.00117718 8 
0 0.00117891 8 
0 0.00117891 8 
0 0.0011799 8 
0 0.00118021 8 
0 0.00118174 8 
0 0.00118185 8 
0 0.00118467 8 
0 0.00118614 8 
0 0.00118615 8 
0 0.00118774 8 
0 0.00119017 8 
0 0.0011939 8 
0 0.00120439 8 
0 0.00120758 8 
0 0.00120773 8 
0 0.00121172 8 
0 0.00121177 8 
0 0.00121177 8 
0 0.00121587 8 
0 0.00121838 8 
0 0.00122091 8 
0 0.00122132 8 
0 0.00122219 8 
0 0.00122274 8 
0 0.0012229 8 
0 0.00122658 8 
0 0.00122931 8 
0 0.00122944 8 
0 0.00123113 8 
0 0.00123117 8 
0 0.00123944 8 
0 0.00123989 8 
0 0.0012415 8 
0 0.00124391 8 
0 0.00124528 8 
0 0.00124998 8 
0 0.00125068 8 
0 0.00125694 8 
0 0.00125884 8 
0 0.00126463 8 
0 0.00126527 8 
0 0.00126595 8 
0 0.0012706 8 
0 0.00127302 8 
0 0.00127507 8 
0 0.00127562 8 
0 0.00128137 8 
0 0.00128242 8 
0 0.0012917 8 
0 0.00130459 8 
0 0.00130471 8 
0 0.00130647 8 
0 0.00131001 8 
0 0.00131217 8 
0 0.00132529 8 
0 0.00133004 8 
0 0.00133297 8 
0 0.00135152 8 
0 0.00136829 8 
0 0.00137532 8 
0 0.00137547 8 
0 0.00139693 8 
0 0.00140064 8 
0 0.00142953 8 
0 0.00146744 8 
0 0.00148961 8 
0 inf 8 
0 0.000451361 9 
0 0.000458254 9 
0 0.000461938 9 
0 0.000462905 9 
0 0.000463094 9 
0 0.000463558 9 
0 0.000470491 9 
0 0.000486844 9 
0 0.000507833 9 
0 0.000512559 9 
0 0.000515512 9 
0 0.000516795 9 
0 0.000522388 9 
0 0.000526404 9 
0 0.00052703 9 
0 0.000531346 9 
0 0.000531398 9 
0 0.000533615 9 
0 0.000535633 9 
0 0.000543025 9 
0 0.000544787 9 
0 0.000545109 9 
0 0.000546423 9 
0 0.000547529 9 
0 0.000549132 9 
0 0.000550092 9 
0 0.000557619 9 
0 0.000566645 9 
0 0.00057219 9 
0 0.000572261 9 
0 0.000572517 9 
0 0.000573525 9 
0 0.000575531 9 
0 0.000579004 9 
0 0.000581252 9 
0 0.000581615 9 
0 0.000582822 9 
0 0.00058341 9 
0 0.00058457 9 
0 0.000584588 9 
0 0.000584757 9 
0 0.000584975 9 
0 0.00058671 9 
0 0.000587971 9 
0 0.000588583 9 
0 0.000591211 9 
0 0.000596792 9 
0 0.000597856 9 
0 0.00060372 9 
0 0.000604459 9 
0 0.00060653 9 
0 0.000607258 9 
0 0.000609341 9 
0 0.00061059 9 
0 0.000612699 9 
0 0.00061327 9 
0 0.000613454 9 
0 0.000613846 9 
0 0.000613928 9 
0 0.000614387 9 
0 0.000614451 9 
0 0.00061497 9 
0 0.000617478 9 
0 0.000617484 9 
0 0.000618347 9 
0 0.000618459 9 
0 0.00061946 9 
0 0.000619467 9 
0 0.000622664 9 
0 0.000623193 9 
0 0.000623832 9 
0 0.000624562 9 
0 0.000625806 9 
0 0.000626907 9 
0 0.000627186 9 
0 0.000632492 9 
0 0.000634127 9 
0 0.000634728 9 
0 0.000635309 9 
0 0.000636076 9 
0 0.000637918 9 
0 0.000638474 9 
0 0.000639562 9 
0 0.000641455 9 
0 0.000643107 9 
0 0.000643549 9 
0 0.000644892 9 
0 0.000645013 9 
0 0.000645018 9 
0 0.000645424 9 
0 0.00064733 9 
0 0.000647952 9 
0 0.000648317 9 
0 0.000648452 9 
0 0.000648831 9 
0 0.000649309 9 
0 0.000653241 9 
0 0.000653757 9 
0 0.00065667 9 
0 0.000657367 9 
0 0.000659213 9 
0 0.000661415 9 
0 0.00066687 9 
0 0.000668292 9 
0 0.000669133 9 
0 0.000669197 9 
0 0.000670586 9 
0 0.000671848 9 
0 0.000673356 9 
0 0.000678926 9 
0 0.000680181 9 
0 0.000684272 9 
0 0.00068506 9 
0 0.000688202 9 
0 0.000692291 9 
0 0.000699057 9 
0 0.000704328 9 
0 0.000715519 9 
0 0.000720846 9 
0 0.000721163 9 
0 0.000721463 9 
0 0.000738979 9 
0 0.000741804 9 
0 0.000744711 9 
0 0.00077321 9 
0 0.000792098 9 
0 0.000806355 9 
0 inf 9 
