0 0.496516 0 
0 0.500559 0 
0 0.503234 0 
0 0.503323 0 
0 0.503593 0 
0 0.503725 0 
0 0.503888 0 
0 0.504404 0 
0 0.50458 0 
0 0.504747 0 
0 0.504926 0 
0 0.505194 0 
0 0.505554 0 
0 0.50557 0 
0 0.505581 0 
0 0.505663 0 
0 0.505696 0 
0 0.505721 0 
0 0.505849 0 
0 0.505933 0 
0 0.505966 0 
0 0.505971 0 
0 0.5062 0 
0 0.506248 0 
0 0.506338 0 
0 0.506414 0 
0 0.506486 0 
0 0.506599 0 
0 0.506801 0 
0 0.506834 0 
0 0.506843 0 
0 0.506904 0 
0 0.506978 0 
0 0.506999 0 
0 0.507009 0 
0 0.507104 0 
0 0.507211 0 
0 0.50733 0 
0 0.507356 0 
0 0.507433 0 
0 0.507772 0 
0 0.507806 0 
0 0.508021 0 
0 0.508036 0 
0 0.508043 0 
0 0.508046 0 
0 0.508071 0 
0 0.508125 0 
0 0.508141 0 
0 0.508227 0 
0 0.508261 0 
0 0.508294 0 
0 0.508298 0 
0 0.508303 0 
0 0.508335 0 
0 0.508344 0 
0 0.508356 0 
0 0.508366 0 
0 0.508408 0 
0 0.508461 0 
0 0.508534 0 
0 0.508558 0 
0 0.508584 0 
0 0.508626 0 
0 0.508645 0 
0 0.508875 0 
0 0.508946 0 
0 0.50901 0 
0 0.509068 0 
0 0.509072 0 
0 0.50908 0 
0 0.509113 0 
0 0.509139 0 
0 0.509186 0 
0 0.5092 0 
0 0.50931 0 
0 0.509315 0 
0 0.509343 0 
0 0.509353 0 
0 0.509387 0 
0 0.509405 0 
0 0.509493 0 
0 0.509579 0 
0 0.509699 0 
0 0.509769 0 
0 0.509871 0 
0 0.50992 0 
0 0.510099 0 
0 0.51012 0 
0 0.510147 0 
0 0.510169 0 
0 0.510221 0 
0 0.510253 0 
0 0.510344 0 
0 0.510403 0 
0 0.510555 0 
0 0.510607 0 
0 0.51074 0 
0 0.510779 0 
0 0.5108 0 
0 0.510813 0 
0 0.510821 0 
0 0.510846 0 
0 0.51098 0 
0 0.510981 0 
0 0.51101 0 
0 0.511083 0 
0 0.511135 0 
0 0.511205 0 
0 0.511343 0 
0 0.511348 0 
0 0.511409 0 
0 0.511512 0 
0 0.511555 0 
0 0.51163 0 
0 0.511674 0 
0 0.511732 0 
0 0.511748 0 
0 0.511772 0 
0 0.512198 0 
0 0.512453 0 
0 0.512632 0 
0 0.513746 0 
0 0.513792 0 
0 0.515109 0 
0 0.515167 0 
0 0.51601 0 
0 inf 0 
0 0.191797 1 
0 0.195931 1 
0 0.19607 1 
0 0.196517 1 
0 0.19694 1 
0 0.197507 1 
0 0.197577 1 
0 0.19786 1 
0 0.198425 1 
0 0.198751 1 
0 0.198948 1 
0 0.199125 1 
0 0.199142 1 
0 0.199784 1 
0 0.200084 1 
0 0.200252 1 
0 0.200328 1 
0 0.200504 1 
0 0.200528 1 
0 0.200543 1 
0 0.200545 1 
0 0.200751 1 
0 0.200798 1 
0 0.200918 1 
0 0.200938 1 
0 0.200944 1 
0 0.200946 1 
0 0.20101 1 
0 0.201152 1 
0 0.20121 1 
0 0.201315 1 
0 0.201323 1 
0 0.201501 1 
0 0.201565 1 
0 0.201601 1 
0 0.201621 1 
0 0.20166 1 
0 0.201701 1 
0 0.201708 1 
0 0.201752 1 
0 0.201774 1 
0 0.201774 1 
0 0.20178 1 
0 0.201798 1 
0 0.201901 1 
0 0.201955 1 
0 0.201983 1 
0 0.201993 1 
0 0.201999 1 
0 0.202037 1 
0 0.202055 1 
0 0.202156 1 
0 0.20217 1 
0 0.202175 1 
0 0.202327 1 
0 0.202354 1 
0 0.202394 1 
0 0.202403 1 
0 0.202406 1 
0 0.202429 1 
0 0.202557 1 
0 0.202614 1 
0 0.202619 1 
0 0.202639 1 
0 0.202659 1 
0 0.202676 1 
0 0.202738 1 
0 0.202764 1 
0 0.202813 1 
0 0.202841 1 
0 0.202845 1 
0 0.20285 1 
0 0.202897 1 
0 0.20292 1 
0 0.202921 1 
0 0.203096 1 
0 0.203139 1 
0 0.203144 1 
0 0.203157 1 
0 0.203162 1 
0 0.203282 1 
0 0.203285 1 
0 0.203348 1 
0 0.203401 1 
0 0.203421 1 
0 0.203465 1 
0 0.203483 1 
0 0.203573 1 
0 0.203676 1 
0 0.203703 1 
0 0.203703 1 
0 0.203758 1 
0 0.203781 1 
0 0.203797 1 
0 0.203813 1 
0 0.203841 1 
0 0.203894 1 
0 0.203965 1 
0 0.204007 1 
0 0.20409 1 
0 0.204193 1 
0 0.2042 1 
0 0.204202 1 
0 0.204208 1 
0 0.204277 1 
0 0.204304 1 
0 0.204331 1 
0 0.204456 1 
0 0.204494 1 
0 0.204502 1 
0 0.204528 1 
0 0.204554 1 
0 0.204705 1 
0 0.204716 1 
0 0.204744 1 
0 0.204746 1 
0 0.20475 1 
0 0.204763 1 
0 0.204814 1 
0 0.204994 1 
0 0.205331 1 
0 0.205481 1 
0 0.205687 1 
0 0.205714 1 
0 0.205807 1 
0 0.205903 1 
0 0.206286 1 
0 inf 1 
0 0.0792568 2 
0 0.0814474 2 
0 0.0823908 2 
0 0.0832445 2 
0 0.0832753 2 
0 0.0838012 2 
0 0.0838091 2 
0 0.0842431 2 
0 0.0844758 2 
0 0.0846927 2 
0 0.084753 2 
0 0.0847737 2 
0 0.0849582 2 
0 0.084999 2 
0 0.085054 2 
0 0.0851687 2 
0 0.0852036 2 
0 0.0852441 2 
0 0.0852512 2 
0 0.0852741 2 
0 0.0852934 2 
0 0.0853005 2 
0 0.0853253 2 
0 0.0853559 2 
0 0.0855158 2 
0 0.0855466 2 
0 0.0855601 2 
0 0.0855825 2 
0 0.0856084 2 
0 0.0856085 2 
0 0.0856206 2 
0 0.0856366 2 
0 0.0857229 2 
0 0.0857523 2 
0 0.0857882 2 
0 0.0858407 2 
0 0.0858868 2 
0 0.0859331 2 
0 0.085976 2 
0 0.0860033 2 
0 0.0860725 2 
0 0.086082 2 
0 0.0862118 2 
0 0.0862573 2 
0 0.0862599 2 
0 0.0863113 2 
0 0.0864249 2 
0 0.0864624 2 
0 0.0864667 2 
0 0.0865489 2 
0 0.0866009 2 
0 0.0866274 2 
0 0.086632 2 
0 0.0867233 2 
0 0.0867555 2 
0 0.0868886 2 
0 0.0868907 2 
0 0.0869808 2 
0 0.0870066 2 
0 0.0871191 2 
0 0.087137 2 
0 0.0872281 2 
0 0.087266 2 
0 0.0872878 2 
0 0.0873478 2 
0 0.087376 2 
0 0.0873803 2 
0 0.0873829 2 
0 0.087431 2 
0 0.0874651 2 
0 0.0875444 2 
0 0.087574 2 
0 0.087611 2 
0 0.0876289 2 
0 0.0876391 2 
0 0.0876545 2 
0 0.0876681 2 
0 0.0876684 2 
0 0.0877801 2 
0 0.0877834 2 
0 0.0878051 2 
0 0.0878178 2 
0 0.0878642 2 
0 0.0878942 2 
0 0.0879176 2 
0 0.0879483 2 
0 0.0879665 2 
0 0.0880359 2 
0 0.0880418 2 
0 0.0881162 2 
0 0.0881323 2 
0 0.0882287 2 
0 0.0882388 2 
0 0.0882398 2 
0 0.0882422 2 
0 0.0883419 2 
0 0.0883909 2 
0 0.0884083 2 
0 0.088414 2 
0 0.0884263 2 
0 0.088442 2 
0 0.0885076 2 
0 0.088509 2 
0 0.0885691 2 
0 0.0886221 2 
0 0.0886418 2 
0 0.0887226 2 
0 0.0887413 2 
0 0.0887481 2 
0 0.0887984 2 
0 0.0888265 2 
0 0.0888504 2 
0 0.0889016 2 
0 0.0889717 2 
0 0.0890254 2 
0 0.0891956 2 
0 0.0892339 2 
0 0.0892596 2 
0 0.0894734 2 
0 0.0894861 2 
0 0.089675 2 
0 0.0897148 2 
0 0.0898215 2 
0 0.0898709 2 
0 0.0898781 2 
0 0.0899773 2 
0 0.0906824 2 
0 inf 2 
0 0.034946 3 
0 0.0362311 3 
0 0.0370286 3 
0 0.0370397 3 
0 0.0372738 3 
0 0.0373664 3 
0 0.0376605 3 
0 0.0376792 3 
0 0.03781 3 
0 0.0378959 3 
0 0.0379381 3 
0 0.0379576 3 
0 0.0379685 3 
0 0.0379747 3 
0 0.0380904 3 
0 0.0381803 3 
0 0.0382282 3 
0 0.0382426 3 
0 0.0385664 3 
0 0.0386095 3 
0 0.0386585 3 
0 0.0386702 3 
0 0.038691 3 
0 0.0387218 3 
0 0.0387532 3 
0 0.0387541 3 
0 0.0387719 3 
0 0.038779 3 
0 0.0388078 3 
0 0.0388382 3 
0 0.038858 3 
0 0.038874 3 
0 0.0389026 3 
0 0.0389398 3 
0 0.0389451 3 
0 0.0389753 3 
0 0.0389994 3 
0 0.0390097 3 
0 0.0390297 3 
0 0.0390348 3 
0 0.0390608 3 
0 0.0391222 3 
0 0.039131 3 
0 0.0391558 3 
0 0.0392427 3 
0 0.0392525 3 
0 0.0392564 3 
0 0.0392754 3 
0 0.0392782 3 
0 0.0393708 3 
0 0.0393979 3 
0 0.0394137 3 
0 0.0394353 3 
0 0.0394572 3 
0 0.0394586 3 
0 0.0395151 3 
0 0.0395208 3 
0 0.0395436 3 
0 0.0395477 3 
0 0.0396 3 
0 0.0396418 3 
0 0.0396451 3 
0 0.0396752 3 
0 0.0397285 3 
0 0.0398394 3 
0 0.0398821 3 
0 0.0398864 3 
0 0.0399138 3 
0 0.0399359 3 
0 0.0399447 3 
0 0.0400098 3 
0 0.0400188 3 
0 0.0400352 3 
0 0.0400483 3 
0 0.0400767 3 
0 0.0400816 3 
0 0.0401054 3 
0 0.0401273 3 
0 0.0401526 3 
0 0.0401927 3 
0 0.0401974 3 
0 0.0402344 3 
0 0.0402403 3 
0 0.0402669 3 
0 0.0402762 3 
0 0.0402934 3 
0 0.0403076 3 
0 0.0403566 3 
0 0.0403839 3 
0 0.0404436 3 
0 0.0404789 3 
0 0.0404824 3 
0 0.0404841 3 
0 0.0404963 3 
0 0.0405444 3 
0 0.0405454 3 
0 0.0405821 3 
0 0.0406158 3 
0 0.0406669 3 
0 0.0406753 3 
0 0.0407991 3 
0 0.040842 3 
0 0.0408443 3 
0 0.040883 3 
0 0.0409633 3 
0 0.0410801 3 
0 0.0411039 3 
0 0.0411107 3 
0 0.0411618 3 
0 0.041182 3 
0 0.0411877 3 
0 0.0412045 3 
0 0.0412511 3 
0 0.0413157 3 
0 0.0413558 3 
0 0.0414688 3 
0 0.0415418 3 
0 0.0416936 3 
0 0.0417224 3 
0 0.0417602 3 
0 0.0417767 3 
0 0.0418539 3 
0 0.0419643 3 
0 0.0419963 3 
0 0.0421386 3 
0 0.0422632 3 
0 0.0422819 3 
0 inf 3 
0 0.0162175 4 
0 0.0170692 4 
0 0.0171542 4 
0 0.0171927 4 
0 0.0174034 4 
0 0.0174455 4 
0 0.0174891 4 
0 0.0176014 4 
0 0.0176109 4 
0 0.017638 4 
0 0.0176404 4 
0 0.01772 4 
0 0.017798 4 
0 0.0178377 4 
0 0.0178494 4 
0 0.017953 4 
0 0.0180299 4 
0 0.01803 4 
0 0.018055 4 
0 0.0181232 4 
0 0.018133 4 
0 0.0181522 4 
0 0.0181623 4 
0 0.0181633 4 
0 0.018266 4 
0 0.0182882 4 
0 0.0183075 4 
0 0.0183199 4 
0 0.0183516 4 
0 0.018357 4 
0 0.0183742 4 
0 0.0184002 4 
0 0.0184297 4 
0 0.0184333 4 
0 0.018456 4 
0 0.018461 4 
0 0.018464 4 
0 0.0184859 4 
0 0.0184957 4 
0 0.0185416 4 
0 0.0185663 4 
0 0.0186091 4 
0 0.0186159 4 
0 0.0186336 4 
0 0.018691 4 
0 0.018706 4 
0 0.0187262 4 
0 0.0187288 4 
0 0.0187491 4 
0 0.0187642 4 
0 0.0187769 4 
0 0.0187786 4 
0 0.0187827 4 
0 0.0187848 4 
0 0.0187853 4 
0 0.0187986 4 
0 0.0188039 4 
0 0.0188192 4 
0 0.0188452 4 
0 0.0188945 4 
0 0.0189169 4 
0 0.018918 4 
0 0.0189284 4 
0 0.0189317 4 
0 0.018959 4 
0 0.0189741 4 
0 0.0189761 4 
0 0.0189823 4 
0 0.0189848 4 
0 0.0190183 4 
0 0.0190297 4 
0 0.0190327 4 
0 0.0190538 4 
0 0.0190663 4 
0 0.0190937 4 
0 0.0191045 4 
0 0.0191325 4 
0 0.0191357 4 
0 0.0191446 4 
0 0.0191562 4 
0 0.0191798 4 
0 0.0191835 4 
0 0.0192222 4 
0 0.0192992 4 
0 0.0193009 4 
0 0.0193055 4 
0 0.0193553 4 
0 0.0193574 4 
0 0.0193977 4 
0 0.0194361 4 
0 0.0194364 4 
0 0.019443 4 
0 0.0194511 4 
0 0.0194774 4 
0 0.0195126 4 
0 0.0195512 4 
0 0.019569 4 
0 0.019613 4 
0 0.0196345 4 
0 0.0196728 4 
0 0.0196807 4 
0 0.0196941 4 
0 0.019744 4 
0 0.0197744 4 
0 0.0197917 4 
0 0.0198022 4 
0 0.0198069 4 
0 0.0198838 4 
0 0.0198878 4 
0 0.0199389 4 
0 0.0199514 4 
0 0.0199603 4 
0 0.0200141 4 
0 0.0200278 4 
0 0.0200539 4 
0 0.0200882 4 
0 0.0201155 4 
0 0.0201707 4 
0 0.0202743 4 
0 0.020351 4 
0 0.0203606 4 
0 0.020368 4 
0 0.0204817 4 
0 0.0204828 4 
0 0.0206279 4 
0 0.0206745 4 
0 0.0209911 4 
0 inf 4 
0 0.00782004 5 
0 0.0081184 5 
0 0.00826521 5 
0 0.00830758 5 
0 0.00834809 5 
0 0.00840288 5 
0 0.00843114 5 
0 0.00844214 5 
0 0.0084778 5 
0 0.00848025 5 
0 0.00852254 5 
0 0.00853779 5 
0 0.00856034 5 
0 0.00860857 5 
0 0.00864769 5 
0 0.00867938 5 
0 0.008709 5 
0 0.00872928 5 
0 0.00876492 5 
0 0.00877192 5 
0 0.00879564 5 
0 0.00883792 5 
0 0.00884713 5 
0 0.00885842 5 
0 0.00888598 5 
0 0.00889062 5 
0 0.00889914 5 
0 0.00890651 5 
0 0.00890969 5 
0 0.00891252 5 
0 0.00894864 5 
0 0.00896501 5 
0 0.00897267 5 
0 0.00901144 5 
0 0.00902332 5 
0 0.00903046 5 
0 0.00904222 5 
0 0.00905364 5 
0 0.00906621 5 
0 0.00912082 5 
0 0.00912149 5 
0 0.00912156 5 
0 0.00912474 5 
0 0.0091304 5 
0 0.00915769 5 
0 0.00917302 5 
0 0.00918473 5 
0 0.00918546 5 
0 0.00919478 5 
0 0.00920766 5 
0 0.00921156 5 
0 0.00921256 5 
0 0.00922633 5 
0 0.00922796 5 
0 0.0092307 5 
0 0.00924413 5 
0 0.00924525 5 
0 0.00924578 5 
0 0.00927859 5 
0 0.00929228 5 
0 0.00929831 5 
0 0.00930455 5 
0 0.00930589 5 
0 0.00931073 5 
0 0.00931609 5 
0 0.00932662 5 
0 0.00933679 5 
0 0.00934547 5 
0 0.00934622 5 
0 0.00934768 5 
0 0.00937365 5 
0 0.00938619 5 
0 0.00939269 5 
0 0.00940581 5 
0 0.00941538 5 
0 0.00941755 5 
0 0.00944288 5 
0 0.0094454 5 
0 0.00945208 5 
0 0.00946369 5 
0 0.00947619 5 
0 0.00949134 5 
0 0.00950049 5 
0 0.00951081 5 
0 0.00952531 5 
0 0.00954359 5 
0 0.00954359 5 
0 0.00955269 5 
0 0.0095582 5 
0 0.009593 5 
0 0.0095944 5 
0 0.00959513 5 
0 0.0096076 5 
0 0.00962824 5 
0 0.00964268 5 
0 0.00965718 5 
0 0.00965853 5 
0 0.00969747 5 
0 0.00972549 5 
0 0.00975062 5 
0 0.00975651 5 
0 0.00976297 5 
0 0.00977316 5 
0 0.00984895 5 
0 0.00986621 5 
0 0.00988999 5 
0 0.0099176 5 
0 0.00994391 5 
0 0.00994922 5 
0 0.00996483 5 
0 0.00996895 5 
0 0.00998663 5 
0 0.00999875 5 
0 0.0100038 5 
0 0.0100088 5 
0 0.0100201 5 
0 0.0100217 5 
0 0.0100918 5 
0 0.0100934 5 
0 0.0101374 5 
0 0.0101576 5 
0 0.0102227 5 
0 0.0103118 5 
0 0.0103639 5 
0 0.0103758 5 
0 0.0104744 5 
0 0.01079 5 
0 inf 5 
0 0.00387879 6 
0 0.00393442 6 
0 0.00406579 6 
0 0.00409177 6 
0 0.00410792 6 
0 0.00411547 6 
0 0.00413505 6 
0 0.00413684 6 
0 0.00413973 6 
0 0.00418592 6 
0 0.00418745 6 
0 0.0042511 6 
0 0.00426946 6 
0 0.00427736 6 
0 0.0042829 6 
0 0.0042993 6 
0 0.00431952 6 
0 0.00433792 6 
0 0.00434753 6 
0 0.0043643 6 
0 0.00436959 6 
0 0.00437144 6 
0 0.00439272 6 
0 0.00441431 6 
0 0.00442137 6 
0 0.00443187 6 
0 0.00445178 6 
0 0.00445252 6 
0 0.00445775 6 
0 0.00446485 6 
0 0.0044761 6 
0 0.00448806 6 
0 0.004489 6 
0 0.00451876 6 
0 0.00452 6 
0 0.00452169 6 
0 0.00452307 6 
0 0.00453197 6 
0 0.00453661 6 
0 0.00453904 6 
0 0.0045393 6 
0 0.00453968 6 
0 0.00454943 6 
0 0.00455212 6 
0 0.00456062 6 
0 0.00458732 6 
0 0.00458772 6 
0 0.00459526 6 
0 0.00460096 6 
0 0.00460402 6 
0 0.00460595 6 
0 0.00461369 6 
0 0.00461672 6 
0 0.00461933 6 
0 0.00461947 6 
0 0.00462787 6 
0 0.00463207 6 
0 0.00463646 6 
0 0.00464752 6 
0 0.00465522 6 
0 0.00465596 6 
0 0.00465991 6 
0 0.0046653 6 
0 0.00466833 6 
0 0.00466872 6 
0 0.00467645 6 
0 0.00467677 6 
0 0.00468289 6 
0 0.00468439 6 
0 0.00470483 6 
0 0.00470909 6 
0 0.00472358 6 
0 0.00473773 6 
0 0.00474102 6 
0 0.00476392 6 
0 0.00476706 6 
0 0.00476786 6 
0 0.00477652 6 
0 0.00478322 6 
0 0.0047994 6 
0 0.00479957 6 
0 0.00480582 6 
0 0.00480776 6 
0 0.00481512 6 
0 0.00481812 6 
0 0.00481919 6 
0 0.00483673 6 
0 0.00483843 6 
0 0.0048389 6 
0 0.00484932 6 
0 0.00484944 6 
0 0.00485779 6 
0 0.00485993 6 
0 0.00487412 6 
0 0.00487759 6 
0 0.0048901 6 
0 0.00490137 6 
0 0.00492105 6 
0 0.00492603 6 
0 0.0049276 6 
0 0.00493225 6 
0 0.00494486 6 
0 0.00495559 6 
0 0.00499069 6 
0 0.00502005 6 
0 0.00502799 6 
0 0.00503302 6 
0 0.00505226 6 
0 0.00505747 6 
0 0.00506464 6 
0 0.0050811 6 
0 0.005084 6 
0 0.00508529 6 
0 0.00509626 6 
0 0.00509638 6 
0 0.00510587 6 
0 0.00511896 6 
0 0.00513378 6 
0 0.00513581 6 
0 0.00514259 6 
0 0.00517915 6 
0 0.00523012 6 
0 0.00527858 6 
0 0.00531682 6 
0 0.00533542 6 
0 0.00537616 6 
0 0.00546637 6 
0 inf 6 
0 0.00194324 7 
0 0.00196496 7 
0 0.00202786 7 
0 0.00202843 7 
0 0.00203193 7 
0 0.00206677 7 
0 0.00207069 7 
0 0.00207469 7 
0 0.00207695 7 
0 0.00208849 7 
0 0.00211154 7 
0 0.00213193 7 
0 0.00214731 7 
0 0.00214891 7 
0 0.00217583 7 
0 0.00218163 7 
0 0.00218768 7 
0 0.00219863 7 
0 0.00220402 7 
0 0.00220701 7 
0 0.00221304 7 
0 0.00221762 7 
0 0.00222495 7 
0 0.00223056 7 
0 0.0022344 7 
0 0.00225446 7 
0 0.00225864 7 
0 0.00225961 7 
0 0.00226275 7 
0 0.00226532 7 
0 0.00226683 7 
0 0.00227789 7 
0 0.00228251 7 
0 0.00228997 7 
0 0.00229145 7 
0 0.00229292 7 
0 0.00229531 7 
0 0.00229945 7 
0 0.00230415 7 
0 0.0023046 7 
0 0.0023055 7 
0 0.00230734 7 
0 0.0023136 7 
0 0.00231396 7 
0 0.00231696 7 
0 0.00232129 7 
0 0.00232475 7 
0 0.00232656 7 
0 0.00232699 7 
0 0.00233501 7 
0 0.00233566 7 
0 0.00233693 7 
0 0.00234315 7 
0 0.00234814 7 
0 0.00234863 7 
0 0.00234958 7 
0 0.0023523 7 
0 0.00235459 7 
0 0.00235479 7 
0 0.00235535 7 
0 0.00235747 7 
0 0.00236006 7 
0 0.00236013 7 
0 0.00236252 7 
0 0.00237094 7 
0 0.00237939 7 
0 0.00238053 7 
0 0.00239042 7 
0 0.0023927 7 
0 0.00239297 7 
0 0.00239963 7 
0 0.00240171 7 
0 0.00240462 7 
0 0.00242089 7 
0 0.00242947 7 
0 0.00244052 7 
0 0.00245062 7 
0 0.00245597 7 
0 0.00245959 7 
0 0.00246258 7 
0 0.00246369 7 
0 0.00246449 7 
0 0.00246619 7 
0 0.00247107 7 
0 0.0024755 7 
0 0.00248519 7 
0 0.00248697 7 
0 0.00249051 7 
0 0.00249275 7 
0 0.00249636 7 
0 0.00250423 7 
0 0.00251064 7 
0 0.00251923 7 
0 0.00252148 7 
0 0.00252665 7 
0 0.00252773 7 
0 0.00253677 7 
0 0.00253752 7 
0 0.00255195 7 
0 0.00255267 7 
0 0.00255545 7 
0 0.00256186 7 
0 0.00256821 7 
0 0.0025813 7 
0 0.00258163 7 
0 0.00259281 7 
0 0.00259555 7 
0 0.0025976 7 
0 0.00260071 7 
0 0.00260643 7 
0 0.0026125 7 
0 0.00261341 7 
0 0.00261894 7 
0 0.00263434 7 
0 0.00263457 7 
0 0.00264672 7 
0 0.00265407 7 
0 0.0026662 7 
0 0.0026679 7 
0 0.0026689 7 
0 0.00268479 7 
0 0.00271489 7 
0 0.00271877 7 
0 0.00272442 7 
0 0.00272767 7 
0 0.00279326 7 
0 0.00283076 7 
0 inf 7 
0 0.000974729 8 
0 0.00100744 8 
0 0.00101184 8 
0 0.00101715 8 
0 0.00102718 8 
0 0.0010491 8 
0 0.00105734 8 
0 0.00105746 8 
0 0.00106559 8 
0 0.00107661 8 
0 0.00108263 8 
0 0.00108678 8 
0 0.00109217 8 
0 0.00109408 8 
0 0.00110686 8 
0 0.00110777 8 
0 0.00110818 8 
0 0.00111259 8 
0 0.00112033 8 
0 0.00112377 8 
0 0.00112844 8 
0 0.00113548 8 
0 0.00113727 8 
0 0.00114458 8 
0 0.00114976 8 
0 0.00115407 8 
0 0.00115991 8 
0 0.00116067 8 
0 0.00116155 8 
0 0.00116263 8 
0 0.00116926 8 
0 0.00116958 8 
0 0.0011703 8 
0 0.00117441 8 
0 0.00117661 8 
0 0.00117935 8 
0 0.00118014 8 
0 0.00118039 8 
0 0.00118144 8 
0 0.00118317 8 
0 0.00118562 8 
0 0.00119086 8 
0 0.00119162 8 
0 0.001192 8 
0 0.00119303 8 
0 0.00119405 8 
0 0.00119684 8 
0 0.00119849 8 
0 0.00120112 8 
0 0.00120163 8 
0 0.00120181 8 
0 0.00120185 8 
0 0.00120465 8 
0 0.00120486 8 
0 0.00120557 8 
0 0.00120646 8 
0 0.00120787 8 
0 0.00120946 8 
0 0.00120976 8 
0 0.00120993 8 
0 0.00121108 8 
0 0.0012116 8 
0 0.00121386 8 
0 0.00121788 8 
0 0.00121871 8 
0 0.00122101 8 
0 0.00122407 8 
0 0.00122477 8 
0 0.00122564 8 
0 0.00123576 8 
0 0.00123943 8 
0 0.00124529 8 
0 0.00125005 8 
0 0.00125531 8 
0 0.00125552 8 
0 0.00125981 8 
0 0.00126176 8 
0 0.00126196 8 
0 0.00126238 8 
0 0.00126392 8 
0 0.00126479 8 
0 0.00127317 8 
0 0.00127486 8 
0 0.00127575 8 
0 0.00127804 8 
0 0.00128073 8 
0 0.00129131 8 
0 0.0012996 8 
0 0.00130084 8 
0 0.00130611 8 
0 0.00131072 8 
0 0.00131796 8 
0 0.0013211 8 
0 0.00132221 8 
0 0.00132597 8 
0 0.00132746 8 
0 0.00133666 8 
0 0.001337 8 
0 0.00133829 8 
0 0.00133895 8 
0 0.00134274 8 
0 0.00134298 8 
0 0.00134343 8 
0 0.00134402 8 
0 0.00134437 8 
0 0.00134881 8 
0 0.00134962 8 
0 0.00135527 8 
0 0.00136391 8 
0 0.00136796 8 
0 0.00137332 8 
0 0.00137467 8 
0 0.0013769 8 
0 0.00137936 8 
0 0.00138107 8 
0 0.00138162 8 
0 0.00138355 8 
0 0.00139907 8 
0 0.00140297 8 
0 0.00140424 8 
0 0.00140522 8 
0 0.00140681 8 
0 0.00141239 8 
0 0.00141575 8 
0 0.00142544 8 
0 0.00148968 8 
0 0.00150809 8 
0 inf 8 
0 0.000495223 9 
0 0.000506337 9 
0 0.000514996 9 
0 0.000526255 9 
0 0.000527951 9 
0 0.000539482 9 
0 0.000542047 9 
0 0.00054663 9 
0 0.000551573 9 
0 0.000558031 9 
0 0.000561493 9 
0 0.000562558 9 
0 0.000563037 9 
0 0.000564214 9 
0 0.000564501 9 
0 0.000567764 9 
0 0.000568744 9 
0 0.000573377 9 
0 0.00057373 9 
0 0.000574565 9 
0 0.000576763 9 
0 0.000581106 9 
0 0.000585063 9 
0 0.000590057 9 
0 0.000590927 9 
0 0.000595014 9 
0 0.000596243 9 
0 0.000600318 9 
0 0.000602625 9 
0 0.000604126 9 
0 0.000607071 9 
0 0.000608337 9 
0 0.000609423 9 
0 0.000609953 9 
0 0.000610364 9 
0 0.000610432 9 
0 0.000611996 9 
0 0.000613237 9 
0 0.00061544 9 
0 0.000617332 9 
0 0.000619943 9 
0 0.000620484 9 
0 0.000620854 9 
0 0.000620874 9 
0 0.000621548 9 
0 0.00062238 9 
0 0.000622733 9 
0 0.000623109 9 
0 0.000623471 9 
0 0.000624555 9 
0 0.000624588 9 
0 0.000624656 9 
0 0.000625145 9 
0 0.00062529 9 
0 0.000625843 9 
0 0.000627571 9 
0 0.000627706 9 
0 0.000627724 9 
0 0.000630025 9 
0 0.000633655 9 
0 0.000633731 9 
0 0.000634143 9 
0 0.000634947 9 
0 0.000636275 9 
0 0.000638056 9 
0 0.000639345 9 
0 0.000640741 9 
0 0.000640816 9 
0 0.000642524 9 
0 0.00064264 9 
0 0.00064381 9 
0 0.000648334 9 
0 0.000649565 9 
0 0.00064973 9 
0 0.000651447 9 
0 0.00065202 9 
0 0.000652319 9 
0 0.000652954 9 
0 0.000655076 9 
0 0.000657245 9 
0 0.000662564 9 
0 0.00066355 9 
0 0.000664553 9 
0 0.000668608 9 
0 0.000670942 9 
0 0.000674204 9 
0 0.00067633 9 
0 0.000684515 9 
0 0.000686925 9 
0 0.00068984 9 
0 0.000690495 9 
0 0.000693344 9 
0 0.000695134 9 
0 0.000698897 9 
0 0.000699806 9 
0 0.000699935 9 
0 0.000701883 9 
0 0.000702438 9 
0 0.000703321 9 
0 0.000704361 9 
0 0.000705195 9 
0 0.000707352 9 
0 0.000709538 9 
0 0.000709972 9 
0 0.000710138 9 
0 0.000714361 9 
0 0.000714665 9 
0 0.000715482 9 
0 0.000715837 9 
0 0.000717282 9 
0 0.000717806 9 
0 0.000722475 9 
0 0.000723341 9 
0 0.000727399 9 
0 0.000727962 9 
0 0.000729291 9 
0 0.000731526 9 
0 0.000731981 9 
0 0.000734594 9 
0 0.000738968 9 
0 0.000746485 9 
0 0.00074905 9 
0 0.000751082 9 
0 0.000755364 9 
0 0.000756309 9 
0 0.000798101 9 
0 0.000810524 9 
0 inf 9 
