0.525154 0.542495 0 
0.525033 0.541033 0 
0.525029 0.542944 0 
0.524963 0.539715 0 
0.524676 0.540626 0 
0.524508 0.540468 0 
0.524207 0.537138 0 
0.523749 0.540171 0 
0.523483 0.540444 0 
0.522913 0.543936 0 
0.522877 0.541966 0 
0.522835 0.541734 0 
0.522341 0.538849 0 
0.522334 0.538155 0 
0.522021 0.542242 0 
0.521921 0.545438 0 
0.521878 0.536377 0 
0.521858 0.543631 0 
0.521654 0.538155 0 
0.52151 0.540551 0 
0.521502 0.542923 0 
0.52133 0.536014 0 
0.521286 0.547334 0 
0.521221 0.539276 0 
0.521097 0.540851 0 
0.520995 0.541369 0 
0.520953 0.542426 0 
0.52083 0.542549 0 
0.520803 0.541826 0 
0.520736 0.541224 0 
0.520691 0.538545 0 
0.520538 0.544752 0 
0.520185 0.543347 0 
0.520182 0.540015 0 
0.520171 0.521661 0 
0.520152 0.542858 0 
0.520148 0.540635 0 
0.520109 0.541966 0 
0.520065 0.541966 0 
0.520061 0.545868 0 
0.519984 0.540851 0 
0.519979 0.5428 0 
0.519951 0.545073 0 
0.51989 0.542086 0 
0.519857 0.519947 0 
0.51983 0.520789 0 
0.519744 0.54247 0 
0.519448 0.541595 0 
0.519441 0.544573 0 
0.519437 0.536317 0 
0.519365 0.538926 0 
0.519365 0.539602 0 
0.51934 0.541087 0 
0.519338 0.538545 0 
0.519329 0.545788 0 
0.519278 0.537953 0 
0.519255 0.543825 0 
0.519149 0.542858 0 
0.518952 0.519014 0 
0.518939 0.543816 0 
0.518665 0.542454 0 
0.518618 0.540847 0 
0.518577 0.539602 0 
0.518505 0.544004 0 
0.518497 0.540626 0 
0.518435 0.541559 0 
0.518351 0.518813 0 
0.518297 0.537891 0 
0.518203 0.542901 0 
0.518197 0.544712 0 
0.518156 0.539276 0 
0.518085 0.539766 0 
0.518081 0.546149 0 
0.517998 0.540311 0 
0.51799 0.536317 0 
0.517958 0.520329 0 
0.517955 0.518736 0 
0.517931 0.541283 0 
0.517924 0.520352 0 
0.517918 0.539415 0 
0.517737 0.541651 0 
0.517734 0.539281 0 
0.517641 0.543328 0 
0.517607 0.517634 0 
0.517606 0.519755 0 
0.517561 0.517634 0 
0.517513 0.538994 0 
0.517508 0.519044 0 
0.517488 0.520364 0 
0.517455 0.539766 0 
0.517349 0.540904 0 
0.517311 0.543153 0 
0.517279 0.542469 0 
0.517275 0.544192 0 
0.517272 0.541966 0 
0.517245 0.521017 0 
0.517194 0.540626 0 
0.51718 0.519053 0 
0.517151 0.519088 0 
0.517143 0.5176 0 
0.517138 0.542926 0 
0.517136 0.540748 0 
0.517113 0.518606 0 
0.517091 0.519622 0 
0.516964 0.54271 0 
0.51691 0.540238 0 
0.516855 0.543529 0 
0.516844 0.54302 0 
0.516839 0.542879 0 
0.516822 0.520789 0 
0.516536 0.540079 0 
0.516516 0.53882 0 
0.516505 0.540015 0 
0.516471 0.518731 0 
0.516425 0.518368 0 
0.516406 0.517844 0 
0.516374 0.5428 0 
0.516356 0.538456 0 
0.516335 0.538849 0 
0.516295 0.519258 0 
0.516273 0.519755 0 
0.516266 0.540591 0 
0.5162 0.519515 0 
0.51613 0.516793 0 
0.516096 0.542775 0 
0.516092 0.536377 0 
0.516054 0.520226 0 
0.516045 0.519439 0 
0.51604 0.538849 0 
0.516034 0.542426 0 
0.516034 0.519947 0 
0.515999 0.540238 0 
0.515977 0.540136 0 
0.515952 0.518695 0 
0.51594 0.517366 0 
0.515912 0.516955 0 
0.51591 0.543457 0 
0.51582 0.517294 0 
0.515777 0.544797 0 
0.515777 0.546515 0 
0.515728 0.544665 0 
0.515707 0.540981 0 
0.515688 0.516803 0 
0.515645 0.546681 0 
0.515643 0.539275 0 
0.515634 0.539386 0 
0.515597 0.541946 0 
0.515497 0.519881 0 
0.515496 0.545749 0 
0.515426 0.516698 0 
0.515425 0.519876 0 
0.51542 0.538994 0 
0.51536 0.51608 0 
0.51534 0.542572 0 
0.515337 0.538926 0 
0.515312 0.541369 0 
0.515293 0.519088 0 
0.515239 0.518674 0 
0.515225 0.519109 0 
0.515211 0.540497 0 
0.515179 0.539766 0 
0.5151 0.540497 0 
0.515062 0.521063 0 
0.51504 0.541196 0 
0.515032 0.522186 0 
0.515026 0.538591 0 
0.515013 0.516582 0 
0.514984 0.538591 0 
0.514927 0.515426 0 
0.514918 0.515426 0 
0.514889 0.542549 0 
0.514861 0.538952 0 
0.51483 0.515597 0 
0.514813 0.516622 0 
0.5148 0.515914 0 
0.514771 0.515071 0 
0.514763 0.515358 0 
0.514754 0.516666 0 
0.514731 0.515427 0 
0.514645 0.539618 0 
0.514627 0.51567 0 
0.514614 0.51499 0 
0.514513 0.545286 0 
0.514495 0.542399 0 
0.514475 0.519479 0 
0.514372 0.539415 0 
0.514351 0.515658 0 
0.514329 0.542046 0 
0.514307 0.519955 0 
0.5143 0.541425 0 
0.514285 0.517517 0 
0.514273 0.516698 0 
0.51421 0.541026 0 
0.514189 0.516588 0 
0.514116 0.514771 0 
0.51407 0.517294 0 
0.514065 0.543499 0 
0.514034 0.514751 0 
0.514026 0.54377 0 
0.51402 0.514642 0 
0.514012 0.514379 0 
0.513984 0.537138 0 
0.513908 0.514748 0 
0.513898 0.542426 0 
0.513814 0.51462 0 
0.513803 0.515874 0 
0.513771 0.547113 0 
0.513754 0.544395 0 
0.513653 0.520047 0 
0.513585 0.515508 0 
0.513582 0.51644 0 
0.513557 0.515445 0 
0.513543 0.538994 0 
0.513537 0.51499 0 
0.513448 0.541651 0 
0.513436 0.514642 0 
0.513429 0.514858 0 
0.513385 0.513655 0 
0.513381 0.538591 0 
0.513357 0.540591 0 
0.513294 0.542046 0 
0.513169 0.544389 0 
0.513134 0.542449 0 
0.513112 0.514338 0 
0.513101 0.517171 0 
0.513071 0.543918 0 
0.513057 0.513264 0 
0.513051 0.540321 0 
0.513049 0.513295 0 
0.513041 0.514265 0 
0.51302 0.513801 0 
0.51302 0.51376 0 
0.513012 0.541673 0 
0.512993 0.514574 0 
0.512973 0.519493 0 
0.512954 0.540851 0 
0.512925 0.513867 0 
0.512923 0.541032 0 
0.5128 0.539946 0 
0.512794 0.542147 0 
0.512789 0.512881 0 
0.512753 0.514714 0 
0.51273 0.516231 0 
0.512687 0.540851 0 
0.512648 0.518533 0 
0.512574 0.538157 0 
0.512527 0.513851 0 
0.512506 0.51381 0 
0.512485 0.516177 0 
0.512459 0.543182 0 
0.512452 0.519287 0 
0.512433 0.512958 0 
0.512433 0.544672 0 
0.512423 0.536317 0 
0.512413 0.521898 0 
0.512386 0.51257 0 
0.51238 0.515553 0 
0.512361 0.51472 0 
0.512322 0.51608 0 
0.512295 0.543288 0 
0.51229 0.539715 0 
0.512283 0.515159 0 
0.512277 0.517614 0 
0.512237 0.539415 0 
0.51217 0.513851 0 
0.512168 0.512234 0 
0.512143 0.540171 0 
0.512134 0.540641 0 
0.512105 0.514642 0 
0.512049 0.517592 0 
0.511969 0.517366 0 
0.511923 0.519716 0 
0.511808 0.513801 0 
0.511773 0.539715 0 
0.511746 0.517838 0 
0.511739 0.512906 0 
0.511649 0.540626 0 
0.511642 0.512825 0 
0.511577 0.543584 0 
0.511508 0.519428 0 
0.51149 0.538157 0 
0.511472 0.512381 0 
0.511441 0.513877 0 
0.511436 0.542217 0 
0.511426 0.513504 0 
0.511417 0.515093 0 
0.511406 0.513066 0 
0.511321 0.514826 0 
0.511308 0.518146 0 
0.51123 0.539973 0 
0.51122 0.540497 0 
0.511176 0.539454 0 
0.511094 0.513892 0 
0.511002 0.511422 0 
0.510951 0.538456 0 
0.510912 0.514236 0 
0.510897 0.514128 0 
0.510869 0.514297 0 
0.510818 0.512531 0 
0.510818 0.51414 0 
0.510805 0.540136 0 
0.510679 0.538157 0 
0.510622 0.513533 0 
0.510591 0.514971 0 
0.510537 0.511105 0 
0.510519 0.544053 0 
0.510479 0.543539 0 
0.510359 0.513983 0 
0.510358 0.512098 0 
0.510242 0.512085 0 
0.510206 0.542349 0 
0.510189 0.540344 0 
0.509982 0.510044 0 
0.509926 0.513036 0 
0.509822 0.54161 0 
0.509695 0.515203 0 
0.509637 0.542757 0 
0.50946 0.51548 0 
0.50946 0.514605 0 
0.50946 0.51183 0 
0.509332 0.512151 0 
0.509261 0.546144 0 
0.509187 0.514711 0 
0.509155 0.514495 0 
0.509036 0.539576 0 
0.50902 0.514818 0 
0.508858 0.539715 0 
0.50863 0.541026 0 
0.508493 0.50928 0 
0.508113 0.539048 0 
0.507902 0.511025 0 
0.506854 0.507408 0 
0.225178 0.234568 1 
0.225078 0.232971 1 
0.223993 0.230311 1 
0.223983 0.229239 1 
0.22382 0.231422 1 
0.223656 0.226182 1 
0.222254 0.229672 1 
0.222034 0.22712 1 
0.22195 0.22253 1 
0.221925 0.22736 1 
0.221868 0.225898 1 
0.221772 0.226065 1 
0.221144 0.227656 1 
0.221122 0.230822 1 
0.221097 0.221832 1 
0.220978 0.227099 1 
0.220685 0.230504 1 
0.220661 0.226971 1 
0.220657 0.225068 1 
0.220601 0.221309 1 
0.220419 0.220759 1 
0.220198 0.222441 1 
0.220137 0.225461 1 
0.219824 0.229769 1 
0.219586 0.22409 1 
0.219496 0.220108 1 
0.219477 0.221782 1 
0.219303 0.23271 1 
0.219128 0.23054 1 
0.218801 0.225646 1 
0.218648 0.224648 1 
0.218456 0.22151 1 
0.218443 0.224296 1 
0.218353 0.226513 1 
0.218351 0.225671 1 
0.218259 0.230489 1 
0.218193 0.222883 1 
0.217993 0.225979 1 
0.217989 0.228754 1 
0.217801 0.226334 1 
0.217642 0.219675 1 
0.217631 0.229753 1 
0.217531 0.225497 1 
0.217523 0.228729 1 
0.217319 0.225336 1 
0.217302 0.222272 1 
0.217283 0.226563 1 
0.217187 0.223365 1 
0.217148 0.222272 1 
0.217082 0.227763 1 
0.217038 0.220756 1 
0.216798 0.228298 1 
0.216731 0.226675 1 
0.216595 0.227419 1 
0.21643 0.222665 1 
0.216401 0.221988 1 
0.216357 0.227576 1 
0.216356 0.220243 1 
0.216344 0.233095 1 
0.216264 0.223948 1 
0.216247 0.222838 1 
0.216192 0.219675 1 
0.216113 0.225909 1 
0.216097 0.22253 1 
0.216011 0.223288 1 
0.215937 0.22151 1 
0.215831 0.222482 1 
0.215755 0.219352 1 
0.215742 0.222113 1 
0.215633 0.225848 1 
0.215598 0.216966 1 
0.215573 0.222725 1 
0.215505 0.222792 1 
0.215374 0.227493 1 
0.215364 0.227339 1 
0.215361 0.220756 1 
0.215303 0.219404 1 
0.215265 0.227127 1 
0.215238 0.225862 1 
0.215153 0.221065 1 
0.21514 0.226303 1 
0.215079 0.224567 1 
0.215039 0.21999 1 
0.214951 0.225671 1 
0.214848 0.221198 1 
0.214663 0.223365 1 
0.214654 0.223566 1 
0.214479 0.218977 1 
0.21443 0.217729 1 
0.214424 0.222482 1 
0.214356 0.22409 1 
0.214268 0.22409 1 
0.21423 0.22387 1 
0.214056 0.230577 1 
0.213945 0.230123 1 
0.213843 0.221593 1 
0.213817 0.228328 1 
0.213641 0.216946 1 
0.213617 0.22376 1 
0.213464 0.226303 1 
0.21335 0.223826 1 
0.213229 0.213637 1 
0.213079 0.222344 1 
0.213018 0.214939 1 
0.212985 0.223776 1 
0.212957 0.220772 1 
0.212915 0.214615 1 
0.212887 0.218111 1 
0.212808 0.218764 1 
0.212705 0.226334 1 
0.212701 0.223436 1 
0.212656 0.213068 1 
0.212519 0.220108 1 
0.212517 0.225493 1 
0.212502 0.216258 1 
0.212475 0.219971 1 
0.212263 0.214332 1 
0.212258 0.223365 1 
0.212127 0.217894 1 
0.212108 0.220756 1 
0.211982 0.220193 1 
0.21186 0.22105 1 
0.211794 0.214138 1 
0.211782 0.212222 1 
0.211776 0.222844 1 
0.211766 0.213266 1 
0.211755 0.219294 1 
0.211741 0.216069 1 
0.211625 0.218899 1 
0.211471 0.221318 1 
0.211383 0.218899 1 
0.211309 0.224598 1 
0.211245 0.228239 1 
0.211127 0.218977 1 
0.211114 0.218599 1 
0.211034 0.222011 1 
0.211006 0.214996 1 
0.210978 0.22105 1 
0.210971 0.223513 1 
0.210912 0.213431 1 
0.210882 0.213507 1 
0.210777 0.219166 1 
0.210617 0.21098 1 
0.210573 0.225497 1 
0.210538 0.222518 1 
0.210331 0.211074 1 
0.210329 0.223948 1 
0.21028 0.213155 1 
0.21026 0.218977 1 
0.210256 0.221826 1 
0.210245 0.225518 1 
0.210162 0.22253 1 
0.210111 0.215737 1 
0.21007 0.221593 1 
0.210023 0.211265 1 
0.210009 0.210596 1 
0.209948 0.210747 1 
0.209712 0.226644 1 
0.209599 0.219352 1 
0.209589 0.211574 1 
0.209538 0.209804 1 
0.209533 0.221065 1 
0.20949 0.209634 1 
0.209487 0.21609 1 
0.209457 0.222427 1 
0.20945 0.211873 1 
0.20937 0.220522 1 
0.209284 0.218635 1 
0.209076 0.227505 1 
0.209046 0.221316 1 
0.208923 0.226158 1 
0.208911 0.211393 1 
0.208906 0.225113 1 
0.208889 0.218669 1 
0.208889 0.209381 1 
0.208773 0.221826 1 
0.208771 0.218635 1 
0.208582 0.224142 1 
0.208571 0.22151 1 
0.208509 0.213917 1 
0.208483 0.209943 1 
0.208344 0.209201 1 
0.208338 0.221782 1 
0.208313 0.221318 1 
0.20818 0.226701 1 
0.208171 0.213088 1 
0.208149 0.222564 1 
0.20811 0.222299 1 
0.207798 0.223566 1 
0.207747 0.209341 1 
0.207722 0.223042 1 
0.20763 0.208585 1 
0.207394 0.214551 1 
0.207268 0.2214 1 
0.20726 0.209219 1 
0.207177 0.213828 1 
0.207053 0.218899 1 
0.207051 0.22253 1 
0.207048 0.211422 1 
0.206952 0.226602 1 
0.206817 0.210547 1 
0.206781 0.206929 1 
0.206463 0.207195 1 
0.206367 0.216133 1 
0.206159 0.206897 1 
0.206129 0.212773 1 
0.206008 0.213787 1 
0.205958 0.224676 1 
0.20578 0.227419 1 
0.205542 0.206014 1 
0.205507 0.222564 1 
0.205389 0.223365 1 
0.205362 0.20591 1 
0.205277 0.221156 1 
0.205274 0.206758 1 
0.205186 0.221065 1 
0.205172 0.218669 1 
0.204972 0.205891 1 
0.20495 0.206035 1 
0.204909 0.207725 1 
0.204794 0.218635 1 
0.204431 0.210626 1 
0.204392 0.205168 1 
0.204359 0.204742 1 
0.204257 0.205922 1 
0.204254 0.206889 1 
0.204241 0.204249 1 
0.204207 0.221318 1 
0.204181 0.208843 1 
0.204106 0.222271 1 
0.204092 0.206612 1 
0.204084 0.222663 1 
0.204079 0.215737 1 
0.203858 0.204762 1 
0.203781 0.204158 1 
0.203725 0.207921 1 
0.203629 0.222427 1 
0.203497 0.229672 1 
0.203394 0.222725 1 
0.203267 0.205985 1 
0.203132 0.207541 1 
0.203127 0.204964 1 
0.203124 0.208911 1 
0.203049 0.20638 1 
0.202976 0.205778 1 
0.20272 0.207418 1 
0.202577 0.20387 1 
0.20257 0.207851 1 
0.202559 0.202645 1 
0.202547 0.204742 1 
0.202535 0.203261 1 
0.202531 0.203393 1 
0.2023 0.205235 1 
0.20222 0.203147 1 
0.202207 0.20591 1 
0.2022 0.204538 1 
0.201924 0.219201 1 
0.201916 0.204395 1 
0.201896 0.202902 1 
0.201822 0.205293 1 
0.201771 0.224142 1 
0.201253 0.204378 1 
0.201215 0.206756 1 
0.201175 0.203405 1 
0.201115 0.202367 1 
0.200928 0.206477 1 
0.200874 0.207714 1 
0.20083 0.207195 1 
0.200818 0.202956 1 
0.200802 0.203393 1 
0.20073 0.218669 1 
0.200509 0.205241 1 
0.200468 0.20688 1 
0.200449 0.204829 1 
0.20044 0.20337 1 
0.200303 0.207358 1 
0.20011 0.204762 1 
0.20009 0.20506 1 
0.199844 0.202155 1 
0.198727 0.199237 1 
0.196487 0.197262 1 
0.196435 0.202257 1 
0.108627 0.108828 2 
0.10463 0.104766 2 
0.104324 0.105771 2 
0.102481 0.106776 2 
0.10222 0.105214 2 
0.102118 0.10433 2 
0.102075 0.102187 2 
0.101892 0.102969 2 
0.10149 0.103018 2 
0.101327 0.103466 2 
0.10132 0.101869 2 
0.101126 0.105395 2 
0.100893 0.103181 2 
0.100496 0.102022 2 
0.100372 0.103196 2 
0.100336 0.101719 2 
0.100254 0.104931 2 
0.100039 0.102187 2 
0.099893 0.0999533 2 
0.0998326 0.100438 2 
0.0997082 0.100382 2 
0.0996423 0.101855 2 
0.0994835 0.0996863 2 
0.0994652 0.101553 2 
0.0994501 0.101556 2 
0.0994385 0.10093 2 
0.0992896 0.101431 2 
0.0991129 0.10104 2 
0.0989725 0.104696 2 
0.0988917 0.102018 2 
0.0986363 0.0996042 2 
0.098526 0.0998182 2 
0.0984645 0.100438 2 
0.098371 0.102789 2 
0.0982478 0.103213 2 
0.0982225 0.101431 2 
0.0981732 0.101779 2 
0.0980757 0.105642 2 
0.0980654 0.0996265 2 
0.0976082 0.0980451 2 
0.0971793 0.0982211 2 
0.0971706 0.0984748 2 
0.0970905 0.0973972 2 
0.0970547 0.101527 2 
0.0968206 0.0991214 2 
0.0967879 0.100593 2 
0.0966767 0.0970981 2 
0.0966509 0.0972594 2 
0.096586 0.100239 2 
0.0965763 0.100313 2 
0.0964338 0.0981678 2 
0.0962613 0.0982211 2 
0.0961738 0.0976451 2 
0.0961274 0.0964468 2 
0.096037 0.100308 2 
0.0960111 0.101869 2 
0.0959411 0.100386 2 
0.0958099 0.0992838 2 
0.0957034 0.0990135 2 
0.095694 0.0959646 2 
0.0956851 0.0988411 2 
0.0956578 0.0961149 2 
0.0955442 0.0972448 2 
0.0955395 0.0982762 2 
0.0955225 0.101591 2 
0.0954527 0.0972594 2 
0.0953584 0.0971367 2 
0.0952958 0.0961056 2 
0.095295 0.0986186 2 
0.0952029 0.101683 2 
0.0950934 0.102022 2 
0.0950393 0.0997215 2 
0.0948005 0.0957518 2 
0.0947993 0.0957192 2 
0.0947712 0.0972536 2 
0.0947462 0.0987741 2 
0.0947275 0.0977291 2 
0.0944742 0.101198 2 
0.0943688 0.100942 2 
0.0943661 0.0944639 2 
0.094306 0.0960624 2 
0.0940939 0.094442 2 
0.09408 0.0992392 2 
0.0940789 0.0995016 2 
0.0940438 0.0970981 2 
0.0940167 0.100382 2 
0.0937509 0.10205 2 
0.0937346 0.0961301 2 
0.0936229 0.0972536 2 
0.0936226 0.104075 2 
0.0935999 0.0994878 2 
0.0935543 0.0982301 2 
0.0934018 0.0960076 2 
0.0933095 0.0988411 2 
0.0932444 0.0948583 2 
0.0932298 0.101925 2 
0.0931557 0.0940811 2 
0.0931491 0.0965107 2 
0.0930758 0.101573 2 
0.0930062 0.0958126 2 
0.0929218 0.0970266 2 
0.0928931 0.0945408 2 
0.0928164 0.095774 2 
0.0926379 0.094442 2 
0.0925849 0.0971169 2 
0.0924874 0.097183 2 
0.0923689 0.0988689 2 
0.0922493 0.095971 2 
0.0921969 0.0976451 2 
0.0921907 0.092652 2 
0.0920981 0.0930925 2 
0.0920543 0.101145 2 
0.0919415 0.0921308 2 
0.091711 0.0918957 2 
0.0916502 0.0961056 2 
0.0915967 0.0932872 2 
0.091551 0.0943191 2 
0.0915129 0.0934425 2 
0.0914735 0.0991119 2 
0.0914226 0.0927996 2 
0.0914073 0.0915094 2 
0.0912185 0.0971169 2 
0.0912179 0.0949057 2 
0.0909762 0.091646 2 
0.0909295 0.100768 2 
0.0908149 0.0972536 2 
0.0907858 0.0938351 2 
0.0907068 0.090857 2 
0.0906482 0.0982301 2 
0.0905736 0.0970981 2 
0.0904917 0.0917286 2 
0.0902951 0.0991312 2 
0.0902896 0.097623 2 
0.0900771 0.0900797 2 
0.0897895 0.0923431 2 
0.0897702 0.0970949 2 
0.0897584 0.0922002 2 
0.0896286 0.0900817 2 
0.0896097 0.0906957 2 
0.0896055 0.0971705 2 
0.0895576 0.0978469 2 
0.0893924 0.0962218 2 
0.0892402 0.0990491 2 
0.0891348 0.0895889 2 
0.0889865 0.0919646 2 
0.0889784 0.0942712 2 
0.088976 0.100144 2 
0.0888668 0.106376 2 
0.088848 0.0898777 2 
0.0887695 0.0967989 2 
0.0885197 0.0891209 2 
0.0884912 0.0916435 2 
0.0884087 0.0900797 2 
0.0880843 0.097183 2 
0.0880608 0.0915207 2 
0.0880552 0.0902351 2 
0.088001 0.0932185 2 
0.0879909 0.0913215 2 
0.087942 0.0895728 2 
0.0879249 0.0934425 2 
0.0878965 0.0886254 2 
0.0877792 0.0898249 2 
0.0877456 0.0934294 2 
0.0876184 0.0939973 2 
0.0874424 0.0888017 2 
0.0873985 0.0943841 2 
0.0871644 0.0888967 2 
0.0870863 0.0902187 2 
0.0870469 0.0880906 2 
0.0867019 0.0876762 2 
0.0866759 0.0891209 2 
0.0866221 0.0912246 2 
0.0866044 0.0918871 2 
0.0865349 0.0908739 2 
0.0864567 0.0884389 2 
0.0864272 0.0895801 2 
0.086359 0.0909727 2 
0.0862733 0.0878973 2 
0.0862715 0.0869513 2 
0.086165 0.087136 2 
0.0861641 0.0887744 2 
0.0861312 0.089987 2 
0.0861269 0.0869574 2 
0.0858738 0.0903838 2 
0.0857958 0.0869513 2 
0.0857923 0.0883036 2 
0.085762 0.0869476 2 
0.0856817 0.0885765 2 
0.0854452 0.0876114 2 
0.0854061 0.0855684 2 
0.0853759 0.0864406 2 
0.0853715 0.087859 2 
0.0852801 0.0885335 2 
0.0851462 0.094442 2 
0.0851102 0.0879973 2 
0.0849454 0.0899841 2 
0.0847728 0.0912899 2 
0.0846591 0.0859427 2 
0.0831121 0.0885695 2 
0.0829465 0.0837144 2 
0.0828772 0.087466 2 
0.0524623 0.0565774 3 
0.0516065 0.0521234 3 
0.0510965 0.0511331 3 
0.0509828 0.0529659 3 
0.0508146 0.0516428 3 
0.0499314 0.0510183 3 
0.0496824 0.0507422 3 
0.0496024 0.050146 3 
0.0495585 0.0504675 3 
0.0494774 0.0516382 3 
0.0493326 0.0502012 3 
0.0489552 0.0510713 3 
0.048405 0.0532481 3 
0.0483347 0.0514985 3 
0.0478928 0.0499098 3 
0.047698 0.0485226 3 
0.0476713 0.0485834 3 
0.047667 0.0520467 3 
0.0475897 0.048267 3 
0.0473613 0.0482588 3 
0.0473141 0.0493725 3 
0.0472937 0.0474169 3 
0.0471728 0.0485834 3 
0.0471059 0.0472839 3 
0.0470526 0.0474953 3 
0.0470201 0.049398 3 
0.0469955 0.0472263 3 
0.0468053 0.0510052 3 
0.046742 0.0488927 3 
0.0467304 0.0473332 3 
0.0466417 0.048301 3 
0.0465313 0.0469214 3 
0.0461553 0.0487749 3 
0.0461085 0.0472839 3 
0.0460755 0.0462349 3 
0.0459122 0.0469301 3 
0.0457873 0.046863 3 
0.0457783 0.0485925 3 
0.045691 0.0479896 3 
0.0456415 0.0461788 3 
0.0450263 0.0464329 3 
0.0449443 0.0468417 3 
0.0448978 0.0461788 3 
0.0448968 0.0458204 3 
0.0448592 0.0455998 3 
0.0443048 0.0462674 3 
0.0442901 0.0443458 3 
0.0440488 0.0445518 3 
0.0439918 0.0441305 3 
0.043791 0.044657 3 
0.0437884 0.044657 3 
0.0437285 0.0460908 3 
0.0436791 0.0437956 3 
0.043481 0.0443583 3 
0.0434562 0.0487596 3 
0.04331 0.0441158 3 
0.0431908 0.0470229 3 
0.0431548 0.0459832 3 
0.0431437 0.0448377 3 
0.0431404 0.0433419 3 
0.0430865 0.0464329 3 
0.0430567 0.0456458 3 
0.0430187 0.0466503 3 
0.0429097 0.0448675 3 
0.0428595 0.0437519 3 
0.0428252 0.0443686 3 
0.0428207 0.0440054 3 
0.0427455 0.0454591 3 
0.0426887 0.0495572 3 
0.0426253 0.0451096 3 
0.0425541 0.047274 3 
0.0424703 0.0475254 3 
0.0423689 0.0430427 3 
0.0423623 0.0442932 3 
0.042332 0.0425929 3 
0.0422117 0.0449855 3 
0.0422089 0.0432657 3 
0.0421094 0.043489 3 
0.0420598 0.0451927 3 
0.0420329 0.0436245 3 
0.0419586 0.0531036 3 
0.0419099 0.0478802 3 
0.04184 0.0469978 3 
0.0417576 0.0433257 3 
0.0416483 0.0442386 3 
0.0415501 0.0476549 3 
0.0414152 0.0414815 3 
0.0413648 0.0418407 3 
0.0411295 0.0435918 3 
0.0410985 0.0432239 3 
0.0410612 0.0449824 3 
0.0410514 0.0424731 3 
0.0410428 0.0422404 3 
0.0408872 0.0409093 3 
0.0408184 0.0427867 3 
0.0407955 0.0416592 3 
0.040728 0.04329 3 
0.0406766 0.0461599 3 
0.0406284 0.0421137 3 
0.0406231 0.0420834 3 
0.0404818 0.0414731 3 
0.0403656 0.0405079 3 
0.0402595 0.0446039 3 
0.0402537 0.0443583 3 
0.0402076 0.0414835 3 
0.0401949 0.043908 3 
0.0401743 0.0428909 3 
0.0400749 0.0417733 3 
0.0399679 0.0434184 3 
0.0398688 0.0406826 3 
0.0397611 0.0418429 3 
0.0397469 0.0414973 3 
0.0397343 0.0407025 3 
0.0396285 0.0398162 3 
0.0396276 0.0411263 3 
0.0395684 0.039694 3 
0.0395475 0.0401368 3 
0.0395366 0.0404562 3 
0.0395318 0.0405739 3 
0.0395268 0.0427554 3 
0.0394164 0.0405451 3 
0.0394146 0.0428546 3 
0.0394059 0.0432158 3 
0.0393809 0.0415014 3 
0.039363 0.0410285 3 
0.0392307 0.0410646 3 
0.0392007 0.039588 3 
0.039157 0.0411965 3 
0.0390125 0.0414522 3 
0.0390117 0.0405999 3 
0.0389833 0.0396372 3 
0.0389065 0.0405562 3 
0.0388995 0.0401368 3 
0.0388965 0.0418771 3 
0.038704 0.0421431 3 
0.0386354 0.0395489 3 
0.0385285 0.0388271 3 
0.0385082 0.04324 3 
0.0384475 0.0431296 3 
0.0383158 0.0396508 3 
0.0383101 0.0399421 3 
0.0378245 0.0405172 3 
0.0377477 0.0379965 3 
0.0374073 0.0405137 3 
0.0370643 0.0371562 3 
0.0300619 0.0310759 4 
0.0260503 0.0277208 4 
0.0257934 0.0268014 4 
0.0251449 0.027401 4 
0.0251378 0.0254965 4 
0.0246081 0.0247551 4 
0.0241687 0.0246966 4 
0.0241537 0.0248779 4 
0.023586 0.0236926 4 
0.0232377 0.0232671 4 
0.0230392 0.0233768 4 
0.0228521 0.0236377 4 
0.0227323 0.0227924 4 
0.0225509 0.0230957 4 
0.0223931 0.023518 4 
0.022369 0.0228446 4 
0.0221602 0.0223813 4 
0.0221186 0.0235106 4 
0.0219767 0.0233969 4 
0.0217996 0.0246348 4 
0.0217915 0.0248558 4 
0.0217491 0.0277597 4 
0.0216423 0.0224625 4 
0.0216309 0.0227415 4 
0.0215161 0.0229536 4 
0.0214768 0.0231667 4 
0.0213924 0.0235415 4 
0.0213099 0.0215511 4 
0.021285 0.0218266 4 
0.0212436 0.022425 4 
0.0211235 0.0221467 4 
0.0210709 0.0217106 4 
0.0209822 0.0225618 4 
0.0209707 0.023458 4 
0.0209652 0.0239509 4 
0.020963 0.0219469 4 
0.0209577 0.0212207 4 
0.0209403 0.0229168 4 
0.0208837 0.0219226 4 
0.0207915 0.024256 4 
0.0206558 0.0209517 4 
0.0206494 0.0216539 4 
0.0204942 0.0211891 4 
0.0204449 0.0219007 4 
0.0203758 0.0207248 4 
0.0202457 0.0206259 4 
0.0201634 0.0228117 4 
0.0201019 0.0229083 4 
0.020069 0.0203041 4 
0.020029 0.0205525 4 
0.020015 0.0219268 4 
0.0199733 0.0199979 4 
0.0199437 0.0203041 4 
0.0199399 0.0207707 4 
0.0198942 0.020707 4 
0.0198815 0.0220273 4 
0.0198735 0.0215909 4 
0.0198478 0.0210556 4 
0.0198421 0.0208378 4 
0.0198393 0.0205326 4 
0.0198225 0.0200878 4 
0.019709 0.0208537 4 
0.0196936 0.0205216 4 
0.0196587 0.0198026 4 
0.0196173 0.021083 4 
0.0195753 0.0199543 4 
0.0195704 0.0196533 4 
0.0195232 0.0202008 4 
0.0194559 0.0199892 4 
0.0194546 0.0212495 4 
0.0194288 0.0200212 4 
0.0193721 0.0211809 4 
0.0193189 0.0204244 4 
0.019308 0.0194272 4 
0.0192872 0.0203273 4 
0.0192841 0.0206511 4 
0.0192646 0.0208537 4 
0.0192638 0.0214857 4 
0.0191994 0.0202005 4 
0.0191812 0.0203996 4 
0.0191612 0.0208238 4 
0.0191216 0.020204 4 
0.0191167 0.0199576 4 
0.0190967 0.0205807 4 
0.019037 0.0205807 4 
0.019021 0.0190557 4 
0.0189812 0.0201271 4 
0.018824 0.0200916 4 
0.0187452 0.0196306 4 
0.0187175 0.0210557 4 
0.018661 0.0200212 4 
0.0186276 0.0200237 4 
0.0185145 0.0204221 4 
0.0184338 0.0208158 4 
0.0184159 0.0184868 4 
0.0183874 0.020023 4 
0.0183305 0.0202422 4 
0.0182034 0.0191465 4 
0.0181889 0.0193655 4 
0.0181325 0.0195034 4 
0.0142455 0.0148037 5 
0.013542 0.0137719 5 
0.013302 0.0135818 5 
0.0125145 0.012929 5 
0.0122573 0.0123599 5 
0.0121917 0.0153158 5 
0.0120014 0.0120401 5 
0.0119499 0.0119999 5 
0.0117462 0.0129688 5 
0.0116982 0.0118979 5 
0.0115808 0.0129004 5 
0.0115566 0.0123367 5 
0.011321 0.011537 5 
0.0113118 0.0124108 5 
0.0112771 0.0120764 5 
0.0112765 0.0117098 5 
0.0112059 0.0130646 5 
0.011197 0.0112325 5 
0.0111527 0.0112279 5 
0.0111476 0.0121307 5 
0.0111446 0.011928 5 
0.0110633 0.0114644 5 
0.0110425 0.0111204 5 
0.0109395 0.0110557 5 
0.0109348 0.012579 5 
0.0109328 0.0114478 5 
0.010903 0.0113435 5 
0.0108186 0.0111036 5 
0.0108017 0.0108169 5 
0.0107929 0.0118642 5 
0.0107701 0.0113796 5 
0.0107302 0.010755 5 
0.0107154 0.0112936 5 
0.0106316 0.0107792 5 
0.0106208 0.0119733 5 
0.0105854 0.0112325 5 
0.0104961 0.0116267 5 
0.0104356 0.0107504 5 
0.0104147 0.0113931 5 
0.0103626 0.0105734 5 
0.0103246 0.0103849 5 
0.0103144 0.0103334 5 
0.0102429 0.0103401 5 
0.0101959 0.0106406 5 
0.0101549 0.0104078 5 
0.0101427 0.0107145 5 
0.010104 0.0106387 5 
0.0100701 0.0102941 5 
0.0100654 0.0104852 5 
0.0100565 0.0112936 5 
0.0100397 0.0113599 5 
0.00999278 0.0103372 5 
0.00995371 0.0103302 5 
0.00990681 0.0105714 5 
0.00987364 0.0101811 5 
0.00987086 0.0107432 5 
0.00985259 0.0100342 5 
0.00985235 0.0102941 5 
0.00983149 0.0102497 5 
0.00983147 0.0105906 5 
0.00981424 0.0106168 5 
0.00980185 0.0114492 5 
0.00980115 0.00997483 5 
0.00979112 0.0107965 5 
0.00978589 0.0103849 5 
0.00977398 0.0104818 5 
0.00973611 0.0111435 5 
0.00972878 0.0106814 5 
0.00972287 0.0101172 5 
0.00971889 0.0107644 5 
0.00969112 0.00969943 5 
0.00969027 0.00980803 5 
0.00968139 0.00969943 5 
0.0096563 0.0100312 5 
0.00953963 0.00979419 5 
0.00946266 0.0104916 5 
0.00940889 0.0100979 5 
0.00937305 0.0105617 5 
0.00935787 0.00983889 5 
0.009336 0.010085 5 
0.00924477 0.0103787 5 
0.00924261 0.0106757 5 
0.00922904 0.0100273 5 
0.00916907 0.00972642 5 
0.00892511 0.0100089 5 
0.00762388 0.00762807 6 
0.00727394 0.00886316 6 
0.00724362 0.00738175 6 
0.00713234 0.00733382 6 
0.00701212 0.00736899 6 
0.00660406 0.00700633 6 
0.00648901 0.00708702 6 
0.00646547 0.00648351 6 
0.0064481 0.00740274 6 
0.00631186 0.00643994 6 
0.00629792 0.00642689 6 
0.00624131 0.00664164 6 
0.0062305 0.0064717 6 
0.00620035 0.0064154 6 
0.00618951 0.00637801 6 
0.00611973 0.00648331 6 
0.00609016 0.0060902 6 
0.0060102 0.00692121 6 
0.00600709 0.00631048 6 
0.00597118 0.00636054 6 
0.00590333 0.00591039 6 
0.00584077 0.00598534 6 
0.00583891 0.00601486 6 
0.00575515 0.00610386 6 
0.00574963 0.00604804 6 
0.00560543 0.00617142 6 
0.00558992 0.00589693 6 
0.005576 0.00611811 6 
0.00556203 0.00615511 6 
0.00555713 0.00571476 6 
0.00552026 0.00566537 6 
0.00551731 0.00592517 6 
0.00546275 0.00598609 6 
0.00542724 0.00549197 6 
0.00540824 0.00548668 6 
0.00540295 0.00556309 6 
0.00539346 0.00560575 6 
0.00538868 0.00565242 6 
0.00534072 0.00568793 6 
0.00532718 0.00542864 6 
0.00532385 0.00573166 6 
0.00531167 0.00567616 6 
0.00529712 0.00554999 6 
0.0052627 0.00608906 6 
0.00525349 0.00577264 6 
0.00523401 0.00528284 6 
0.00521849 0.00571872 6 
0.00521713 0.00578219 6 
0.00521667 0.00538641 6 
0.00519261 0.00528006 6 
0.00514017 0.00551519 6 
0.00513572 0.00577689 6 
0.00509073 0.00515546 6 
0.00509003 0.00605393 6 
0.00508945 0.00561515 6 
0.00508146 0.0051354 6 
0.00506653 0.00545584 6 
0.00506317 0.00519224 6 
0.00506097 0.00590438 6 
0.00505906 0.00520021 6 
0.00504531 0.0056078 6 
0.0049654 0.00510961 6 
0.00493791 0.00600228 6 
0.00493227 0.00548668 6 
0.00491167 0.00533071 6 
0.00482267 0.00508109 6 
0.00482124 0.00535401 6 
0.00480308 0.00521176 6 
0.00479086 0.00494915 6 
0.00477883 0.0051711 6 
0.00462018 0.00507484 6 
0.00453523 0.00512627 7 
0.00408443 0.00413931 7 
0.00404483 0.00439706 7 
0.00392435 0.00436848 7 
0.00392276 0.00410009 7 
0.0038331 0.00390498 7 
0.00380685 0.0040799 7 
0.0037375 0.00384188 7 
0.00363847 0.00366288 7 
0.00335358 0.00345934 7 
0.0032826 0.00352184 7 
0.00327038 0.00336909 7 
0.003226 0.00391127 7 
0.00315616 0.00317189 7 
0.00315468 0.00333474 7 
0.00311456 0.00337661 7 
0.00309856 0.00326649 7 
0.00308553 0.00314899 7 
0.0030253 0.00321704 7 
0.00302398 0.0031919 7 
0.00300844 0.0033513 7 
0.00299969 0.00303126 7 
0.00298373 0.00321101 7 
0.00295883 0.00330316 7 
0.00294694 0.00312201 7 
0.00293833 0.00319271 7 
0.00290773 0.00336246 7 
0.00289826 0.00291126 7 
0.00288936 0.00321529 7 
0.00288744 0.00308344 7 
0.00286816 0.00303063 7 
0.00285987 0.00291286 7 
0.00285304 0.00312463 7 
0.00285193 0.00311935 7 
0.00283713 0.00297269 7 
0.00283227 0.00328722 7 
0.00282448 0.00284318 7 
0.00280631 0.00285845 7 
0.00277532 0.00325928 7 
0.00275661 0.00307446 7 
0.00271013 0.00328401 7 
0.00270138 0.00320066 7 
0.00269541 0.00270648 7 
0.00269329 0.00299324 7 
0.00267728 0.00281714 7 
0.00264117 0.002691 7 
0.00261715 0.00284571 7 
0.0026157 0.00269659 7 
0.00260262 0.00262299 7 
0.00257682 0.00293476 7 
0.00256285 0.0026479 7 
0.00255047 0.00260075 7 
0.00254788 0.00273186 7 
0.00254759 0.00283989 7 
0.00251867 0.00272149 7 
0.00290791 0.00301158 8 
0.00247359 0.00265791 8 
0.00238597 0.00258613 8 
0.00237509 0.00238912 8 
0.00232545 0.00232804 8 
0.00224284 0.00244931 8 
0.00222146 0.0023398 8 
0.00210764 0.0021402 8 
0.00194927 0.00195153 8 
0.00193302 0.00195103 8 
0.00189296 0.00191829 8 
0.00188547 0.00201525 8 
0.00186829 0.00198836 8 
0.00184668 0.00191584 8 
0.001839 0.00194033 8 
0.00182378 0.00187493 8 
0.0018037 0.00221904 8 
0.00177921 0.00179343 8 
0.00175062 0.00181842 8 
0.00172432 0.00172543 8 
0.00171875 0.00179931 8 
0.00168679 0.00181842 8 
0.00168379 0.00180736 8 
0.00167519 0.00186256 8 
0.00166359 0.00182893 8 
0.00165028 0.00172855 8 
0.00164431 0.00189189 8 
0.00164269 0.00182507 8 
0.00161058 0.00187507 8 
0.00159458 0.00172964 8 
0.00158193 0.00181625 8 
0.00158164 0.00165047 8 
0.00157761 0.00172855 8 
0.00156372 0.00183152 8 
0.00155479 0.00158326 8 
0.00155166 0.00157509 8 
0.00151827 0.00154989 8 
0.00151598 0.00178687 8 
0.00150526 0.00169204 8 
0.00149872 0.0015333 8 
0.00149654 0.00164131 8 
0.00145075 0.00158089 8 
0.00139645 0.00165226 8 
0.00138511 0.00143375 8 
0.00138361 0.0015015 8 
0.00138182 0.00142872 8 
0.0013724 0.00143375 8 
0.00134158 0.00136157 8 
0.00159535 0.00165331 9 
0.00143166 0.0014967 9 
0.00137696 0.00141652 9 
0.00132289 0.0014492 9 
0.00129287 0.00137471 9 
0.00123797 0.00128947 9 
0.00111019 0.00112946 9 
0.00109658 0.00115663 9 
0.00104741 0.00131696 9 
0.00102979 0.00108153 9 
0.00101959 0.00102896 9 
0.00100337 0.00103554 9 
0.000999962 0.00114567 9 
0.000989749 0.00102945 9 
0.00097958 0.00104065 9 
0.000956863 0.00102896 9 
0.000956191 0.00112829 9 
0.000955475 0.00099133 9 
0.000943518 0.000970015 9 
0.000939664 0.00110151 9 
0.000938582 0.00108627 9 
0.000932143 0.000976883 9 
0.000929599 0.00102132 9 
0.000928372 0.000967652 9 
0.000925967 0.00101185 9 
0.000924533 0.000993851 9 
0.000920024 0.0011059 9 
0.000913964 0.000947034 9 
0.000900488 0.000979034 9 
0.000894695 0.000963623 9 
0.000894077 0.000920076 9 
0.000883581 0.000993214 9 
0.000878116 0.000921435 9 
0.000871743 0.000880402 9 
0.000856369 0.000963164 9 
0.000834327 0.000892431 9 
0.000830894 0.000842678 9 
0.000798644 0.000821936 9 
0.000796771 0.000936136 9 
0.000781377 0.000786829 9 
0.000780143 0.000799884 9 
0.000759197 0.000771912 9 
0.000716998 0.000736156 9 
