0.523067 0.540614 0 
0.522352 0.539298 0 
0.52225 0.540304 0 
0.52218 0.540104 0 
0.521712 0.539831 0 
0.521707 0.53867 0 
0.521569 0.54087 0 
0.521461 0.539123 0 
0.52121 0.541592 0 
0.521197 0.539998 0 
0.521156 0.539324 0 
0.521069 0.540947 0 
0.521048 0.541861 0 
0.520985 0.541323 0 
0.520742 0.540254 0 
0.520654 0.539311 0 
0.520652 0.540292 0 
0.520616 0.541324 0 
0.52034 0.537756 0 
0.520316 0.5408 0 
0.519958 0.54229 0 
0.519915 0.540431 0 
0.519877 0.5389 0 
0.519873 0.537756 0 
0.519734 0.542181 0 
0.519728 0.539336 0 
0.519614 0.540625 0 
0.519527 0.539617 0 
0.519515 0.539123 0 
0.519493 0.540705 0 
0.519487 0.541338 0 
0.519273 0.521183 0 
0.519249 0.519646 0 
0.519235 0.539846 0 
0.519195 0.542407 0 
0.519158 0.51975 0 
0.519112 0.521916 0 
0.51911 0.538873 0 
0.5191 0.539217 0 
0.519084 0.541744 0 
0.519016 0.539205 0 
0.519007 0.520399 0 
0.518793 0.519974 0 
0.518669 0.539324 0 
0.518638 0.51924 0 
0.518608 0.541536 0 
0.518597 0.540351 0 
0.518586 0.51873 0 
0.518558 0.542835 0 
0.518508 0.537784 0 
0.518466 0.518877 0 
0.518367 0.536384 0 
0.518354 0.51873 0 
0.518326 0.518694 0 
0.518296 0.51873 0 
0.518291 0.541957 0 
0.518282 0.51947 0 
0.518122 0.538258 0 
0.518097 0.541042 0 
0.518073 0.539835 0 
0.518059 0.542233 0 
0.518009 0.5414 0 
0.518008 0.54095 0 
0.517977 0.542835 0 
0.517973 0.536851 0 
0.51796 0.518215 0 
0.517899 0.540351 0 
0.517896 0.537385 0 
0.517883 0.539217 0 
0.517883 0.543848 0 
0.517877 0.520911 0 
0.517867 0.519084 0 
0.51785 0.541722 0 
0.517845 0.518386 0 
0.517831 0.541186 0 
0.517743 0.540865 0 
0.517668 0.518281 0 
0.517612 0.518707 0 
0.517601 0.539998 0 
0.517593 0.518062 0 
0.517568 0.53879 0 
0.517548 0.537985 0 
0.51752 0.518337 0 
0.517485 0.54263 0 
0.517477 0.541266 0 
0.517475 0.54033 0 
0.51742 0.539472 0 
0.51734 0.518596 0 
0.517317 0.518138 0 
0.517283 0.541376 0 
0.517269 0.51947 0 
0.517144 0.519646 0 
0.517133 0.540328 0 
0.517095 0.540722 0 
0.517091 0.540129 0 
0.517083 0.518524 0 
0.517073 0.536384 0 
0.517065 0.517968 0 
0.516972 0.54266 0 
0.516967 0.541688 0 
0.516964 0.541366 0 
0.516956 0.540293 0 
0.516954 0.541266 0 
0.516945 0.517596 0 
0.5169 0.540146 0 
0.516868 0.5408 0 
0.516855 0.517394 0 
0.516843 0.516999 0 
0.51683 0.518062 0 
0.516812 0.537615 0 
0.516804 0.541924 0 
0.516791 0.53854 0 
0.516753 0.536384 0 
0.51675 0.540918 0 
0.516737 0.519922 0 
0.516724 0.520688 0 
0.516723 0.517908 0 
0.516706 0.519132 0 
0.516677 0.538151 0 
0.51667 0.542046 0 
0.516608 0.538873 0 
0.516603 0.540863 0 
0.516595 0.542013 0 
0.516571 0.54314 0 
0.51657 0.542835 0 
0.516562 0.540587 0 
0.516556 0.537985 0 
0.516518 0.5203 0 
0.516516 0.517021 0 
0.516515 0.517596 0 
0.516465 0.540136 0 
0.516456 0.517081 0 
0.51641 0.518023 0 
0.516399 0.541455 0 
0.516396 0.519291 0 
0.516391 0.5389 0 
0.51639 0.5167 0 
0.516379 0.516745 0 
0.516315 0.516348 0 
0.516312 0.517165 0 
0.516307 0.538248 0 
0.516259 0.540668 0 
0.51625 0.537615 0 
0.516249 0.5408 0 
0.516231 0.541854 0 
0.516221 0.542815 0 
0.516207 0.536851 0 
0.516205 0.540772 0 
0.516151 0.541861 0 
0.516123 0.541205 0 
0.516107 0.518281 0 
0.516106 0.539123 0 
0.516075 0.519251 0 
0.516063 0.540772 0 
0.516055 0.53854 0 
0.516042 0.516745 0 
0.516037 0.518309 0 
0.516024 0.518686 0 
0.515959 0.517099 0 
0.515953 0.51785 0 
0.515937 0.518703 0 
0.515934 0.539998 0 
0.515921 0.542659 0 
0.515918 0.540772 0 
0.515915 0.540668 0 
0.515911 0.54381 0 
0.515899 0.539205 0 
0.515883 0.542009 0 
0.515876 0.540614 0 
0.515782 0.539617 0 
0.515759 0.517063 0 
0.515739 0.520955 0 
0.515737 0.538248 0 
0.515731 0.517771 0 
0.515715 0.518078 0 
0.515674 0.539617 0 
0.515618 0.538258 0 
0.515616 0.518356 0 
0.515611 0.517634 0 
0.5156 0.544095 0 
0.515585 0.518719 0 
0.515578 0.515764 0 
0.515545 0.54266 0 
0.515532 0.539917 0 
0.515496 0.536384 0 
0.515474 0.517419 0 
0.515468 0.539336 0 
0.515457 0.515965 0 
0.515422 0.518363 0 
0.515406 0.541672 0 
0.515404 0.517631 0 
0.515398 0.516827 0 
0.515364 0.542181 0 
0.515341 0.53999 0 
0.515306 0.539405 0 
0.515298 0.542899 0 
0.515297 0.521733 0 
0.515262 0.539405 0 
0.515223 0.539955 0 
0.515209 0.539846 0 
0.515205 0.518457 0 
0.515186 0.541479 0 
0.515145 0.516872 0 
0.515121 0.539217 0 
0.515066 0.515177 0 
0.515051 0.519599 0 
0.515035 0.519107 0 
0.515032 0.519585 0 
0.515017 0.541732 0 
0.514939 0.517315 0 
0.514928 0.51706 0 
0.514922 0.516771 0 
0.514899 0.5389 0 
0.514871 0.51852 0 
0.514863 0.516767 0 
0.514856 0.516018 0 
0.514856 0.539217 0 
0.514836 0.53975 0 
0.51482 0.516001 0 
0.51481 0.54186 0 
0.514804 0.54263 0 
0.514785 0.536384 0 
0.514775 0.536851 0 
0.514756 0.517955 0 
0.514755 0.517346 0 
0.514718 0.518867 0 
0.514699 0.51706 0 
0.514696 0.539771 0 
0.514686 0.537756 0 
0.514684 0.518862 0 
0.514684 0.519436 0 
0.514681 0.517632 0 
0.51468 0.514939 0 
0.514669 0.514752 0 
0.514657 0.518988 0 
0.514652 0.518171 0 
0.514634 0.539846 0 
0.514613 0.540833 0 
0.514599 0.537756 0 
0.514591 0.519728 0 
0.514586 0.540254 0 
0.514564 0.519942 0 
0.514562 0.518056 0 
0.514526 0.53854 0 
0.51449 0.540254 0 
0.514484 0.539336 0 
0.51445 0.522355 0 
0.514384 0.51924 0 
0.51438 0.516654 0 
0.514347 0.539371 0 
0.514296 0.53867 0 
0.51429 0.517553 0 
0.514281 0.539955 0 
0.514261 0.538917 0 
0.514238 0.537385 0 
0.514224 0.539405 0 
0.514218 0.5389 0 
0.514207 0.515605 0 
0.514201 0.518513 0 
0.514196 0.520399 0 
0.514195 0.516075 0 
0.514163 0.540364 0 
0.514153 0.51962 0 
0.514151 0.539371 0 
0.51411 0.519084 0 
0.514108 0.538873 0 
0.514073 0.521183 0 
0.514058 0.541797 0 
0.514049 0.541283 0 
0.514046 0.541379 0 
0.514038 0.517346 0 
0.514027 0.542111 0 
0.513982 0.515697 0 
0.513962 0.538917 0 
0.513959 0.514825 0 
0.513957 0.540925 0 
0.513914 0.518056 0 
0.513904 0.514352 0 
0.51385 0.514779 0 
0.513845 0.519478 0 
0.513828 0.537756 0 
0.513826 0.538151 0 
0.513805 0.541987 0 
0.51379 0.539205 0 
0.51376 0.514236 0 
0.513709 0.51962 0 
0.513675 0.514797 0 
0.513669 0.536851 0 
0.513652 0.537385 0 
0.513637 0.514337 0 
0.513626 0.539917 0 
0.513623 0.539205 0 
0.513609 0.5389 0 
0.513607 0.541878 0 
0.513599 0.517771 0 
0.513564 0.517823 0 
0.513485 0.537385 0 
0.513472 0.542066 0 
0.513441 0.543175 0 
0.513417 0.540375 0 
0.513415 0.539298 0 
0.513412 0.542449 0 
0.513411 0.520923 0 
0.513378 0.538661 0 
0.513362 0.515376 0 
0.513331 0.516655 0 
0.513317 0.521733 0 
0.513277 0.53999 0 
0.513273 0.540777 0 
0.513254 0.540541 0 
0.513219 0.523089 0 
0.513144 0.539722 0 
0.513139 0.540129 0 
0.513082 0.539722 0 
0.513059 0.537985 0 
0.513055 0.53879 0 
0.513041 0.537985 0 
0.51304 0.54009 0 
0.513038 0.536384 0 
0.513037 0.542146 0 
0.513036 0.540304 0 
0.513008 0.541042 0 
0.512989 0.518513 0 
0.512988 0.543417 0 
0.512985 0.540364 0 
0.512983 0.541771 0 
0.512964 0.515038 0 
0.512933 0.539498 0 
0.512908 0.541367 0 
0.512903 0.540328 0 
0.51289 0.541384 0 
0.512886 0.538258 0 
0.512867 0.539371 0 
0.512865 0.540455 0 
0.512863 0.540426 0 
0.512839 0.540758 0 
0.512771 0.538661 0 
0.512762 0.539336 0 
0.512741 0.516057 0 
0.512698 0.540971 0 
0.512695 0.541371 0 
0.512672 0.536851 0 
0.512665 0.515546 0 
0.512649 0.540364 0 
0.512642 0.514008 0 
0.512642 0.544466 0 
0.51262 0.539976 0 
0.51262 0.521181 0 
0.512579 0.540136 0 
0.512558 0.541205 0 
0.512544 0.54033 0 
0.51254 0.514685 0 
0.512519 0.539205 0 
0.512497 0.513966 0 
0.51247 0.539831 0 
0.512467 0.539472 0 
0.512467 0.541042 0 
0.512463 0.538873 0 
0.512463 0.522355 0 
0.512451 0.539311 0 
0.512441 0.540951 0 
0.512416 0.539835 0 
0.512286 0.540196 0 
0.512235 0.541632 0 
0.512224 0.540971 0 
0.512223 0.541884 0 
0.512134 0.540234 0 
0.512096 0.542524 0 
0.512095 0.539405 0 
0.512083 0.539771 0 
0.512066 0.539976 0 
0.512031 0.54123 0 
0.512024 0.540136 0 
0.512023 0.540135 0 
0.511951 0.540468 0 
0.511939 0.540111 0 
0.511847 0.540293 0 
0.511833 0.539298 0 
0.511745 0.53976 0 
0.511738 0.54033 0 
0.511693 0.516528 0 
0.511607 0.539944 0 
0.51157 0.546484 0 
0.511557 0.542638 0 
0.511557 0.539765 0 
0.511548 0.542466 0 
0.511545 0.539955 0 
0.511487 0.540085 0 
0.511486 0.542371 0 
0.511419 0.541897 0 
0.511328 0.542142 0 
0.511304 0.53854 0 
0.511276 0.513656 0 
0.511261 0.544305 0 
0.511223 0.541613 0 
0.511205 0.542863 0 
0.511202 0.542729 0 
0.51115 0.541103 0 
0.511142 0.540668 0 
0.511096 0.540318 0 
0.511052 0.538151 0 
0.511027 0.542078 0 
0.511005 0.514441 0 
0.511 0.54366 0 
0.510756 0.540838 0 
0.510739 0.542777 0 
0.510372 0.5425 0 
0.510357 0.543414 0 
0.510242 0.541205 0 
0.510101 0.544965 0 
0.509822 0.546941 0 
0.215559 0.224956 1 
0.215382 0.2241 1 
0.21528 0.223149 1 
0.215238 0.221608 1 
0.215205 0.224669 1 
0.214527 0.223598 1 
0.21442 0.224259 1 
0.214391 0.222338 1 
0.21415 0.221465 1 
0.214135 0.220179 1 
0.214099 0.218797 1 
0.214048 0.224669 1 
0.214024 0.219746 1 
0.213985 0.221251 1 
0.213953 0.221404 1 
0.213924 0.224629 1 
0.213905 0.220603 1 
0.213821 0.224262 1 
0.213805 0.223559 1 
0.213545 0.223773 1 
0.213531 0.217219 1 
0.213488 0.223174 1 
0.213335 0.221255 1 
0.213305 0.221253 1 
0.213297 0.223069 1 
0.213261 0.225407 1 
0.213235 0.219567 1 
0.213209 0.220251 1 
0.213193 0.226084 1 
0.213005 0.219567 1 
0.212926 0.221967 1 
0.21274 0.221908 1 
0.212725 0.223543 1 
0.212678 0.223074 1 
0.212658 0.223277 1 
0.212609 0.221992 1 
0.212572 0.222815 1 
0.212543 0.225338 1 
0.212528 0.222497 1 
0.212509 0.223758 1 
0.212473 0.221029 1 
0.21244 0.221286 1 
0.212427 0.228684 1 
0.212422 0.222935 1 
0.212252 0.226107 1 
0.212181 0.225235 1 
0.212179 0.222529 1 
0.212167 0.224012 1 
0.21216 0.224441 1 
0.212069 0.220638 1 
0.211994 0.218454 1 
0.211909 0.223337 1 
0.211883 0.219406 1 
0.211858 0.222665 1 
0.211852 0.221623 1 
0.211812 0.224815 1 
0.211808 0.219421 1 
0.211792 0.226182 1 
0.211788 0.222368 1 
0.211781 0.223559 1 
0.211711 0.220927 1 
0.211701 0.223407 1 
0.211665 0.220265 1 
0.211637 0.230688 1 
0.211627 0.223649 1 
0.211605 0.219409 1 
0.211552 0.219334 1 
0.211552 0.22159 1 
0.211531 0.217219 1 
0.211506 0.220638 1 
0.21147 0.226421 1 
0.211416 0.221298 1 
0.211415 0.219421 1 
0.211387 0.224289 1 
0.211381 0.220638 1 
0.211296 0.215357 1 
0.211291 0.226896 1 
0.211289 0.22178 1 
0.211241 0.224386 1 
0.21123 0.221329 1 
0.211203 0.220105 1 
0.211149 0.218978 1 
0.21113 0.211167 1 
0.211118 0.223902 1 
0.211089 0.223207 1 
0.211084 0.225053 1 
0.21105 0.227175 1 
0.21103 0.220911 1 
0.211012 0.231806 1 
0.211002 0.222794 1 
0.210999 0.223392 1 
0.210989 0.22242 1 
0.210972 0.22178 1 
0.210932 0.216725 1 
0.210892 0.219927 1 
0.210858 0.223611 1 
0.210744 0.219997 1 
0.21074 0.224669 1 
0.210666 0.210973 1 
0.210654 0.222708 1 
0.210598 0.224629 1 
0.210594 0.219138 1 
0.210587 0.222535 1 
0.210426 0.221448 1 
0.210406 0.22306 1 
0.2104 0.220911 1 
0.210388 0.22347 1 
0.210303 0.219997 1 
0.210296 0.219082 1 
0.210247 0.221707 1 
0.210237 0.218938 1 
0.210185 0.221021 1 
0.210087 0.220462 1 
0.209979 0.220994 1 
0.20997 0.22178 1 
0.209939 0.217079 1 
0.209929 0.215357 1 
0.209928 0.220568 1 
0.209902 0.223641 1 
0.209877 0.219409 1 
0.209825 0.219567 1 
0.20982 0.219409 1 
0.209662 0.223017 1 
0.209661 0.221393 1 
0.209634 0.224454 1 
0.209608 0.221608 1 
0.209551 0.220568 1 
0.209547 0.222532 1 
0.209537 0.220371 1 
0.20952 0.22288 1 
0.209503 0.219698 1 
0.209391 0.218938 1 
0.209367 0.223107 1 
0.209271 0.220638 1 
0.209231 0.209854 1 
0.209184 0.224515 1 
0.209088 0.224712 1 
0.209056 0.215004 1 
0.208952 0.217079 1 
0.208934 0.217754 1 
0.208862 0.221028 1 
0.20885 0.215357 1 
0.208846 0.220966 1 
0.208789 0.221004 1 
0.208719 0.224771 1 
0.208695 0.219609 1 
0.208626 0.219348 1 
0.208497 0.220371 1 
0.208484 0.222532 1 
0.208462 0.22589 1 
0.208367 0.208932 1 
0.208357 0.223634 1 
0.208352 0.221828 1 
0.208338 0.208846 1 
0.208305 0.215004 1 
0.208256 0.221021 1 
0.208254 0.218938 1 
0.208248 0.221687 1 
0.208181 0.210033 1 
0.208181 0.211393 1 
0.208128 0.225386 1 
0.208001 0.218797 1 
0.207997 0.220869 1 
0.20794 0.221707 1 
0.207939 0.20916 1 
0.207896 0.222338 1 
0.207834 0.220371 1 
0.207764 0.225347 1 
0.207734 0.207897 1 
0.207707 0.210028 1 
0.207697 0.219406 1 
0.20768 0.212267 1 
0.207662 0.215004 1 
0.207647 0.218938 1 
0.207644 0.224021 1 
0.207535 0.218274 1 
0.20753 0.208475 1 
0.207529 0.207718 1 
0.207526 0.221275 1 
0.207519 0.220842 1 
0.207503 0.223641 1 
0.207466 0.207883 1 
0.207461 0.221363 1 
0.207433 0.223899 1 
0.207432 0.209202 1 
0.20743 0.208438 1 
0.207407 0.222794 1 
0.207397 0.223764 1 
0.207392 0.20896 1 
0.20739 0.220265 1 
0.207372 0.218274 1 
0.207372 0.210589 1 
0.207363 0.209141 1 
0.207356 0.207439 1 
0.207355 0.219609 1 
0.207348 0.223515 1 
0.207254 0.207455 1 
0.207224 0.209168 1 
0.207215 0.20948 1 
0.207074 0.209244 1 
0.207006 0.221972 1 
0.207001 0.207881 1 
0.206963 0.219334 1 
0.206949 0.221029 1 
0.206918 0.219609 1 
0.206916 0.2241 1 
0.206911 0.220827 1 
0.206888 0.224527 1 
0.206871 0.208654 1 
0.206863 0.209283 1 
0.206812 0.220105 1 
0.206809 0.219082 1 
0.206769 0.220265 1 
0.206768 0.208844 1 
0.206759 0.209413 1 
0.206706 0.225422 1 
0.206685 0.207615 1 
0.206681 0.208269 1 
0.20663 0.221004 1 
0.206589 0.208848 1 
0.206581 0.207354 1 
0.206577 0.220568 1 
0.206573 0.20904 1 
0.206568 0.220578 1 
0.206561 0.215357 1 
0.206556 0.220145 1 
0.206553 0.207592 1 
0.20655 0.215357 1 
0.20649 0.221298 1 
0.206443 0.221253 1 
0.206439 0.215004 1 
0.206429 0.209194 1 
0.206222 0.22322 1 
0.206182 0.20899 1 
0.206124 0.206687 1 
0.206071 0.206669 1 
0.206036 0.207478 1 
0.206026 0.219334 1 
0.206008 0.216725 1 
0.205996 0.219567 1 
0.205972 0.208139 1 
0.205952 0.221251 1 
0.20595 0.216725 1 
0.205927 0.209987 1 
0.205911 0.20616 1 
0.20589 0.208139 1 
0.205888 0.217754 1 
0.205875 0.211068 1 
0.205828 0.221423 1 
0.205822 0.219746 1 
0.205811 0.229157 1 
0.205752 0.222586 1 
0.205743 0.219567 1 
0.205742 0.219698 1 
0.20573 0.209804 1 
0.205727 0.220568 1 
0.205691 0.206885 1 
0.205679 0.224183 1 
0.205676 0.20864 1 
0.205669 0.205738 1 
0.205665 0.222804 1 
0.205664 0.206493 1 
0.205641 0.205874 1 
0.205619 0.221298 1 
0.205614 0.207503 1 
0.205599 0.205874 1 
0.205568 0.220073 1 
0.205562 0.221251 1 
0.205553 0.221103 1 
0.205481 0.220603 1 
0.20546 0.219334 1 
0.205459 0.219406 1 
0.20545 0.207728 1 
0.205444 0.206884 1 
0.205439 0.218797 1 
0.205435 0.208033 1 
0.205431 0.206794 1 
0.205415 0.220306 1 
0.205376 0.208011 1 
0.205369 0.220306 1 
0.205337 0.217219 1 
0.205219 0.222287 1 
0.205184 0.2249 1 
0.205132 0.217219 1 
0.205131 0.205459 1 
0.205107 0.220251 1 
0.205091 0.217754 1 
0.205073 0.220641 1 
0.205047 0.220578 1 
0.205035 0.219997 1 
0.205032 0.221972 1 
0.205023 0.205281 1 
0.205004 0.208524 1 
0.204956 0.224091 1 
0.20491 0.221023 1 
0.204844 0.205431 1 
0.204728 0.208081 1 
0.204708 0.211486 1 
0.204685 0.204944 1 
0.204676 0.206873 1 
0.204656 0.220966 1 
0.204647 0.207733 1 
0.204633 0.220371 1 
0.204632 0.219138 1 
0.204631 0.207473 1 
0.204541 0.221029 1 
0.204532 0.217754 1 
0.20449 0.220145 1 
0.204473 0.217219 1 
0.204468 0.205729 1 
0.204466 0.206416 1 
0.20438 0.225053 1 
0.204356 0.204926 1 
0.204341 0.208302 1 
0.204302 0.215004 1 
0.204286 0.2046 1 
0.204256 0.219609 1 
0.204248 0.20861 1 
0.204204 0.206893 1 
0.204192 0.207367 1 
0.204174 0.221028 1 
0.204171 0.219838 1 
0.204153 0.208448 1 
0.204111 0.207621 1 
0.204076 0.215004 1 
0.204066 0.207567 1 
0.204056 0.209638 1 
0.20405 0.221404 1 
0.204046 0.221315 1 
0.20404 0.219838 1 
0.20403 0.216725 1 
0.203997 0.207567 1 
0.203981 0.219609 1 
0.203978 0.219927 1 
0.203965 0.207382 1 
0.203954 0.205698 1 
0.203918 0.205485 1 
0.203891 0.20961 1 
0.203883 0.219997 1 
0.203839 0.218274 1 
0.203826 0.208334 1 
0.203802 0.210703 1 
0.203792 0.204651 1 
0.203699 0.220603 1 
0.203655 0.211534 1 
0.203629 0.220869 1 
0.203608 0.219927 1 
0.203588 0.205862 1 
0.203521 0.220927 1 
0.203516 0.204913 1 
0.203515 0.220827 1 
0.203489 0.219138 1 
0.203439 0.220966 1 
0.203431 0.222338 1 
0.203378 0.207553 1 
0.203351 0.220578 1 
0.203342 0.219406 1 
0.203333 0.22159 1 
0.203309 0.220842 1 
0.203247 0.219746 1 
0.203214 0.221028 1 
0.203208 0.205297 1 
0.203182 0.220251 1 
0.203121 0.205366 1 
0.203091 0.221648 1 
0.203008 0.220641 1 
0.202983 0.222794 1 
0.202975 0.222279 1 
0.202687 0.220832 1 
0.202615 0.221143 1 
0.201524 0.201675 1 
0.0990353 0.0995082 2 
0.0985132 0.0988177 2 
0.0977906 0.0987 2 
0.0977205 0.0989468 2 
0.0971869 0.103289 2 
0.0970599 0.0981679 2 
0.0967169 0.100507 2 
0.0966993 0.0984977 2 
0.0965597 0.0980804 2 
0.0965436 0.0993655 2 
0.0964667 0.0986492 2 
0.0964183 0.100211 2 
0.0962117 0.104913 2 
0.096196 0.103924 2 
0.0961172 0.0974155 2 
0.0961105 0.0986386 2 
0.096101 0.0977682 2 
0.0960848 0.10009 2 
0.0959887 0.0974253 2 
0.095959 0.100211 2 
0.095861 0.0977025 2 
0.0958509 0.0996674 2 
0.0958135 0.0987629 2 
0.0957436 0.0975109 2 
0.0957137 0.09798 2 
0.0957105 0.0978342 2 
0.0956151 0.0993263 2 
0.0955439 0.0989708 2 
0.0954503 0.097268 2 
0.095444 0.0987454 2 
0.0953784 0.0994228 2 
0.0952978 0.0963616 2 
0.0952481 0.095916 2 
0.0951364 0.0965121 2 
0.0951113 0.0969275 2 
0.0951085 0.0975109 2 
0.0951054 0.0960318 2 
0.0950885 0.0959745 2 
0.0950468 0.0973675 2 
0.0950062 0.0953731 2 
0.094981 0.0984841 2 
0.0949506 0.0983689 2 
0.0949087 0.0980727 2 
0.0948912 0.0955751 2 
0.094866 0.0975553 2 
0.0948512 0.0976767 2 
0.0948227 0.0962477 2 
0.0947565 0.0998747 2 
0.0947348 0.0960363 2 
0.0946956 0.098011 2 
0.0946842 0.0980687 2 
0.0946754 0.0947986 2 
0.0946455 0.0954422 2 
0.0945564 0.0964522 2 
0.0945367 0.0964416 2 
0.0943675 0.0944351 2 
0.0943399 0.0959568 2 
0.0943199 0.0989546 2 
0.0943129 0.100661 2 
0.0942435 0.0954104 2 
0.0942299 0.0975547 2 
0.0942139 0.0990532 2 
0.0942037 0.0945827 2 
0.0941583 0.0954104 2 
0.0941436 0.0976002 2 
0.0940675 0.0971238 2 
0.0940469 0.095434 2 
0.0940426 0.0977483 2 
0.0939765 0.0953149 2 
0.0939242 0.0973836 2 
0.0939131 0.0962275 2 
0.093845 0.0961831 2 
0.0938226 0.0952304 2 
0.0938193 0.096297 2 
0.0937959 0.0978009 2 
0.0935933 0.09749 2 
0.0935734 0.0946883 2 
0.0935345 0.0987 2 
0.0935138 0.097139 2 
0.0935003 0.0942904 2 
0.0934447 0.0957624 2 
0.0934258 0.0958904 2 
0.0934076 0.0940853 2 
0.0934005 0.0973836 2 
0.0933986 0.0947942 2 
0.0933902 0.0971122 2 
0.0933767 0.0958624 2 
0.0932859 0.0948829 2 
0.0932211 0.0940753 2 
0.0932141 0.0947626 2 
0.0932087 0.0961234 2 
0.0931664 0.0988923 2 
0.0931161 0.0986492 2 
0.0930986 0.094921 2 
0.0929756 0.095278 2 
0.0929555 0.0968394 2 
0.0929458 0.0969969 2 
0.0929207 0.0940853 2 
0.0928842 0.100079 2 
0.0928006 0.0992156 2 
0.0927935 0.0979481 2 
0.0927837 0.0999471 2 
0.0927571 0.0987957 2 
0.0927256 0.0942551 2 
0.0927052 0.094242 2 
0.0926787 0.0958904 2 
0.0926061 0.0958672 2 
0.0925838 0.0975638 2 
0.09253 0.0977207 2 
0.0925087 0.095278 2 
0.0924651 0.0955751 2 
0.0924514 0.0945167 2 
0.0924464 0.0942618 2 
0.0924429 0.0956324 2 
0.0924142 0.094242 2 
0.092414 0.0940753 2 
0.0924033 0.096297 2 
0.0923888 0.096297 2 
0.092359 0.0945167 2 
0.0922758 0.0999687 2 
0.0922676 0.0954104 2 
0.0922257 0.0987698 2 
0.0921482 0.0992156 2 
0.0919081 0.0968623 2 
0.0918835 0.0942618 2 
0.0917954 0.0946883 2 
0.0917164 0.0962001 2 
0.0917155 0.0987957 2 
0.0916895 0.10329 2 
0.0916703 0.0958066 2 
0.0916585 0.0955164 2 
0.0915164 0.0917485 2 
0.0914904 0.0950365 2 
0.0913421 0.0935326 2 
0.0913045 0.0913481 2 
0.0913021 0.0955044 2 
0.0913008 0.0913539 2 
0.0913 0.0954104 2 
0.0912803 0.0983666 2 
0.0912609 0.0978821 2 
0.0912576 0.0941029 2 
0.0912445 0.0913539 2 
0.0912248 0.0927501 2 
0.0911943 0.0936502 2 
0.0911802 0.0923462 2 
0.0911245 0.0930015 2 
0.0910936 0.0968623 2 
0.091058 0.0955164 2 
0.0910577 0.0975818 2 
0.0909726 0.0975638 2 
0.090943 0.091238 2 
0.0909285 0.0982319 2 
0.0908898 0.0931554 2 
0.0908744 0.0948709 2 
0.0908711 0.0923462 2 
0.0908247 0.0912528 2 
0.0908234 0.0956324 2 
0.0907804 0.0918072 2 
0.0906845 0.0937626 2 
0.0906707 0.0910672 2 
0.0906453 0.0973836 2 
0.0905859 0.0940753 2 
0.0905792 0.0945827 2 
0.0905735 0.0938812 2 
0.0905648 0.0908986 2 
0.0905632 0.0914604 2 
0.0904933 0.0962275 2 
0.0904663 0.0973657 2 
0.0904625 0.0942618 2 
0.0904519 0.0916812 2 
0.0904368 0.0952462 2 
0.0904142 0.0966899 2 
0.0903614 0.0921968 2 
0.090304 0.0915652 2 
0.0902357 0.0915939 2 
0.0902238 0.0947942 2 
0.0902181 0.0948829 2 
0.0902174 0.0907732 2 
0.0902078 0.0920082 2 
0.0901965 0.0922632 2 
0.0901686 0.0942551 2 
0.0901481 0.094473 2 
0.0900785 0.0952425 2 
0.0900076 0.0941029 2 
0.0900029 0.091512 2 
0.0899983 0.0971122 2 
0.0899963 0.0976047 2 
0.0899886 0.0941029 2 
0.0899471 0.0903564 2 
0.0898951 0.0936502 2 
0.0898684 0.0954606 2 
0.0897435 0.0957624 2 
0.0897242 0.0919204 2 
0.0897133 0.0958592 2 
0.0896843 0.0959115 2 
0.0896601 0.0899257 2 
0.0895976 0.0993263 2 
0.089572 0.0961297 2 
0.0895677 0.0948675 2 
0.089533 0.0896625 2 
0.0895001 0.0909213 2 
0.0894857 0.0959548 2 
0.0894634 0.0906077 2 
0.0894528 0.0962169 2 
0.0894251 0.0908612 2 
0.0894152 0.0956324 2 
0.0893845 0.0900619 2 
0.0893117 0.095903 2 
0.0893069 0.0961297 2 
0.0892389 0.089638 2 
0.089238 0.0942618 2 
0.0892148 0.0902367 2 
0.0892063 0.094473 2 
0.0891928 0.094473 2 
0.0891924 0.0982985 2 
0.0891914 0.0920082 2 
0.0891701 0.0961234 2 
0.0891415 0.0948675 2 
0.0891405 0.0951922 2 
0.0891264 0.0911057 2 
0.0890872 0.0922134 2 
0.089042 0.0949499 2 
0.0890198 0.092239 2 
0.0889996 0.0952304 2 
0.0889675 0.0962169 2 
0.0889579 0.0916693 2 
0.0889157 0.0923914 2 
0.088898 0.0891249 2 
0.0888584 0.0893256 2 
0.0888432 0.0945167 2 
0.088838 0.0898138 2 
0.088822 0.0959115 2 
0.0888078 0.091452 2 
0.088795 0.0908865 2 
0.0887901 0.0904374 2 
0.0887312 0.0918576 2 
0.0887175 0.0889599 2 
0.0887076 0.0915652 2 
0.0886903 0.0887123 2 
0.0886873 0.0951356 2 
0.0886481 0.0887779 2 
0.0886446 0.0923849 2 
0.0886412 0.0904741 2 
0.0886279 0.094101 2 
0.0886201 0.0923133 2 
0.0885981 0.0896625 2 
0.0885946 0.0906667 2 
0.0885886 0.0915965 2 
0.0885805 0.0970887 2 
0.0885703 0.0890468 2 
0.0885374 0.0981966 2 
0.0885132 0.088898 2 
0.0884825 0.0886413 2 
0.0884808 0.0948829 2 
0.0884681 0.0973836 2 
0.0884382 0.0953731 2 
0.0884371 0.0889734 2 
0.0883995 0.0890319 2 
0.0883986 0.0950192 2 
0.0883838 0.0890157 2 
0.0883609 0.0958904 2 
0.0883594 0.0948143 2 
0.0883436 0.0907581 2 
0.0883308 0.0930015 2 
0.0883027 0.0947942 2 
0.0883 0.0949499 2 
0.0882907 0.0901425 2 
0.0882783 0.0938812 2 
0.0882613 0.0953786 2 
0.0882417 0.0958624 2 
0.0881916 0.0908444 2 
0.0881887 0.0930015 2 
0.0881883 0.0956071 2 
0.0881732 0.0968623 2 
0.0881285 0.0885284 2 
0.0881284 0.0885363 2 
0.088106 0.0907342 2 
0.0880833 0.0890678 2 
0.0880763 0.0923133 2 
0.0880614 0.0953731 2 
0.0880582 0.094242 2 
0.0880421 0.0912131 2 
0.0879839 0.0956447 2 
0.0879481 0.0900729 2 
0.0879474 0.0940753 2 
0.0879046 0.0890468 2 
0.0878952 0.0950192 2 
0.0878806 0.0958066 2 
0.0878756 0.0891361 2 
0.0877479 0.0923133 2 
0.0876843 0.0904198 2 
0.0876753 0.0903486 2 
0.0876649 0.0923251 2 
0.08765 0.0900619 2 
0.0876322 0.0959114 2 
0.0876004 0.0941029 2 
0.0875081 0.088083 2 
0.0874881 0.0958066 2 
0.0874772 0.0891903 2 
0.0874753 0.094473 2 
0.0874258 0.0899968 2 
0.0874181 0.0907342 2 
0.0874045 0.0904741 2 
0.0873988 0.0936836 2 
0.087353 0.0957624 2 
0.0873392 0.0930015 2 
0.0873123 0.0952462 2 
0.0872885 0.0933062 2 
0.0872876 0.0893445 2 
0.087271 0.0947626 2 
0.0872621 0.0895252 2 
0.0872579 0.0919987 2 
0.0872551 0.087554 2 
0.0872282 0.0877857 2 
0.087154 0.0916185 2 
0.0871325 0.0963616 2 
0.0871251 0.0872199 2 
0.0870857 0.0905921 2 
0.0870696 0.0909498 2 
0.0870482 0.0951356 2 
0.0870456 0.0920082 2 
0.087021 0.0945167 2 
0.0870136 0.0951923 2 
0.0870069 0.094101 2 
0.0869993 0.0907829 2 
0.0869741 0.0970587 2 
0.0869704 0.087232 2 
0.0869577 0.094473 2 
0.0869283 0.0903595 2 
0.0869201 0.0907829 2 
0.0869081 0.094921 2 
0.0868935 0.0949499 2 
0.0868864 0.0951922 2 
0.0868832 0.0922237 2 
0.0868584 0.0952462 2 
0.0868563 0.0956896 2 
0.0868468 0.094242 2 
0.0868228 0.0951797 2 
0.0868009 0.0945827 2 
0.0867845 0.0936502 2 
0.0867286 0.0947626 2 
0.0867204 0.0946883 2 
0.0866943 0.0955044 2 
0.0865759 0.0951202 2 
0.0863749 0.0947477 2 
0.0472258 0.0492235 3 
0.0468295 0.0472426 3 
0.0463562 0.0489585 3 
0.0461702 0.048553 3 
0.0458916 0.0467614 3 
0.0457322 0.046344 3 
0.045623 0.0460499 3 
0.0456131 0.0458097 3 
0.0454365 0.0458988 3 
0.0452731 0.0454093 3 
0.045085 0.0463982 3 
0.0449971 0.0450753 3 
0.0449962 0.04501 3 
0.0449362 0.0450864 3 
0.0449175 0.0454869 3 
0.0448944 0.0452049 3 
0.0447485 0.0449416 3 
0.0446789 0.0460745 3 
0.0446757 0.044992 3 
0.0446434 0.0448454 3 
0.0445831 0.045044 3 
0.0443701 0.0447999 3 
0.0443695 0.0466588 3 
0.044239 0.0448111 3 
0.0442029 0.0467872 3 
0.0442018 0.0445555 3 
0.0440989 0.0449169 3 
0.044078 0.0467557 3 
0.0440716 0.0441984 3 
0.0440619 0.0443818 3 
0.0439603 0.0457224 3 
0.0439385 0.0440698 3 
0.0439001 0.0445555 3 
0.043843 0.045304 3 
0.0437655 0.045371 3 
0.0437415 0.0453741 3 
0.0436282 0.0462883 3 
0.0435359 0.0458201 3 
0.0434937 0.0446158 3 
0.0434197 0.0437993 3 
0.0434135 0.0439837 3 
0.0433285 0.045289 3 
0.0432959 0.0476607 3 
0.0432804 0.0435472 3 
0.0432739 0.045289 3 
0.0432673 0.0446855 3 
0.0432037 0.0438105 3 
0.0432017 0.045245 3 
0.0430842 0.0436781 3 
0.0430788 0.0445147 3 
0.043046 0.04551 3 
0.043029 0.0460047 3 
0.0430141 0.0433164 3 
0.0429681 0.0453741 3 
0.0429074 0.0437516 3 
0.0428956 0.0446516 3 
0.0428764 0.0429217 3 
0.0428335 0.0429093 3 
0.0427889 0.0430869 3 
0.0427867 0.0433982 3 
0.0426867 0.0432548 3 
0.0426579 0.0431325 3 
0.0426407 0.0434978 3 
0.0425884 0.0432968 3 
0.0425792 0.0446013 3 
0.0425699 0.0429097 3 
0.0425173 0.0428235 3 
0.0425054 0.0432968 3 
0.042496 0.0432192 3 
0.0424622 0.0437516 3 
0.0424152 0.0454754 3 
0.0423021 0.0435062 3 
0.0422335 0.0450522 3 
0.0422194 0.0428235 3 
0.0421995 0.0437516 3 
0.0421925 0.0429044 3 
0.042189 0.042916 3 
0.0421546 0.0421815 3 
0.0420878 0.0431348 3 
0.0420744 0.0438962 3 
0.0420636 0.0423118 3 
0.0420569 0.0423768 3 
0.0420093 0.0442832 3 
0.041945 0.0431485 3 
0.0419277 0.0427144 3 
0.0418668 0.0460499 3 
0.0418495 0.0430869 3 
0.0418434 0.0421541 3 
0.0418423 0.0440327 3 
0.0418379 0.0441418 3 
0.0418112 0.0423074 3 
0.0417991 0.0447211 3 
0.0417615 0.0422029 3 
0.0417401 0.0449989 3 
0.0417097 0.0426677 3 
0.0416791 0.0429952 3 
0.0416642 0.0417596 3 
0.0416356 0.0425658 3 
0.041618 0.0429217 3 
0.0416143 0.0429946 3 
0.041609 0.0445555 3 
0.0415985 0.0429271 3 
0.0415644 0.0445555 3 
0.0415564 0.0424254 3 
0.0415484 0.0419763 3 
0.0415025 0.0431337 3 
0.0414659 0.0428725 3 
0.0414338 0.0420514 3 
0.0414214 0.042426 3 
0.0414017 0.0415599 3 
0.0413777 0.0437651 3 
0.0413521 0.042647 3 
0.0413429 0.0427972 3 
0.0413251 0.0433643 3 
0.0413161 0.0428379 3 
0.0413145 0.0426494 3 
0.0412901 0.0430112 3 
0.0412534 0.0423443 3 
0.0412527 0.0417444 3 
0.0412487 0.0423857 3 
0.0412396 0.0421258 3 
0.0412116 0.0421258 3 
0.0411947 0.0441532 3 
0.041187 0.0421367 3 
0.0411116 0.0449887 3 
0.0411004 0.0420697 3 
0.0410833 0.0429217 3 
0.0410737 0.0447211 3 
0.0410552 0.0426161 3 
0.0410458 0.0413114 3 
0.0410354 0.0432968 3 
0.0409942 0.0419016 3 
0.0409908 0.0429217 3 
0.040978 0.0409994 3 
0.0409484 0.0434978 3 
0.0409477 0.0422029 3 
0.0409441 0.0436203 3 
0.0409038 0.0437849 3 
0.0408511 0.0410945 3 
0.040815 0.0428634 3 
0.0408051 0.042525 3 
0.0408024 0.0434978 3 
0.0407798 0.0418136 3 
0.0407725 0.042474 3 
0.040675 0.0437119 3 
0.0406722 0.0411274 3 
0.0406691 0.0414217 3 
0.0406658 0.0434978 3 
0.0406603 0.0413532 3 
0.0406502 0.0437265 3 
0.0406489 0.0419763 3 
0.0406348 0.0419331 3 
0.0405896 0.0412376 3 
0.0405688 0.0423857 3 
0.0405603 0.0407971 3 
0.0405463 0.0441418 3 
0.0405199 0.0421346 3 
0.0405197 0.0413114 3 
0.0405124 0.0449871 3 
0.040503 0.0427969 3 
0.0404806 0.0412428 3 
0.0404784 0.0436355 3 
0.0404715 0.0427935 3 
0.0404609 0.0413984 3 
0.040459 0.0419309 3 
0.0404582 0.0434762 3 
0.0404298 0.0420514 3 
0.040428 0.0434553 3 
0.0404138 0.0406089 3 
0.0404006 0.0426997 3 
0.0403861 0.0424103 3 
0.0403811 0.0414382 3 
0.0403796 0.0427384 3 
0.0403677 0.0431485 3 
0.0403663 0.0408036 3 
0.0403428 0.0405066 3 
0.0403401 0.0403504 3 
0.0403373 0.0425645 3 
0.040309 0.0428917 3 
0.0403033 0.0446994 3 
0.0402978 0.0426505 3 
0.0402832 0.0437993 3 
0.0402735 0.0428634 3 
0.0402681 0.0410188 3 
0.0402642 0.0435447 3 
0.040257 0.0406618 3 
0.0402287 0.0421258 3 
0.0402213 0.0432899 3 
0.0402158 0.0435411 3 
0.0402077 0.0413984 3 
0.0401712 0.0408763 3 
0.0401643 0.0428101 3 
0.040159 0.0419331 3 
0.0401386 0.0408826 3 
0.0401355 0.0411727 3 
0.040128 0.0411274 3 
0.0401044 0.0433643 3 
0.0400972 0.0421606 3 
0.0400956 0.0425884 3 
0.0400885 0.0413369 3 
0.0400624 0.0421734 3 
0.0400544 0.0427935 3 
0.0400369 0.0410176 3 
0.040017 0.0421142 3 
0.0399899 0.0417126 3 
0.0399686 0.042426 3 
0.0398898 0.0416641 3 
0.0398881 0.0426505 3 
0.0398867 0.0417852 3 
0.039882 0.0444279 3 
0.0398579 0.0431085 3 
0.0398391 0.0410878 3 
0.0398391 0.0413214 3 
0.0398288 0.0404302 3 
0.0397962 0.0427935 3 
0.0397893 0.0405278 3 
0.0397871 0.0400102 3 
0.0397826 0.0410902 3 
0.0397794 0.0430256 3 
0.0397786 0.0433304 3 
0.0397624 0.0434553 3 
0.039752 0.0425884 3 
0.0397456 0.0416145 3 
0.0397343 0.0430256 3 
0.0396533 0.0416443 3 
0.0396484 0.0423199 3 
0.0396448 0.0416047 3 
0.0396264 0.0415599 3 
0.0396244 0.0438416 3 
0.0396133 0.0422202 3 
0.0396012 0.0402762 3 
0.0395896 0.0422412 3 
0.0395469 0.0430869 3 
0.0394906 0.0428574 3 
0.0394772 0.0425689 3 
0.0394725 0.0425047 3 
0.039456 0.0424768 3 
0.0394291 0.0421326 3 
0.0394261 0.0411429 3 
0.039423 0.0433304 3 
0.0394184 0.0428634 3 
0.0393877 0.0411676 3 
0.0393752 0.04075 3 
0.039369 0.042426 3 
0.0393674 0.0394055 3 
0.0393647 0.0428725 3 
0.0393549 0.0428917 3 
0.0393452 0.0428101 3 
0.0392979 0.0428574 3 
0.0392906 0.0426782 3 
0.0392794 0.0415581 3 
0.0392717 0.0422029 3 
0.039263 0.0414382 3 
0.0392521 0.0427964 3 
0.0392465 0.0428379 3 
0.0391949 0.0430467 3 
0.0391657 0.041258 3 
0.0391648 0.0422202 3 
0.0390826 0.0422788 3 
0.0390505 0.042512 3 
0.0390312 0.0425229 3 
0.0390224 0.0427935 3 
0.0389727 0.0426782 3 
0.0389703 0.0431526 3 
0.038949 0.0428725 3 
0.038948 0.0431132 3 
0.038647 0.0426494 3 
0.0237648 0.024041 4 
0.0230346 0.0234573 4 
0.0228665 0.0233179 4 
0.0227149 0.023122 4 
0.0223531 0.0229577 4 
0.0219871 0.0226594 4 
0.0219414 0.0226043 4 
0.0217361 0.0219387 4 
0.0216487 0.0219439 4 
0.0215367 0.0222999 4 
0.0215288 0.0219276 4 
0.0215246 0.0224434 4 
0.0214585 0.0221786 4 
0.021265 0.0214487 4 
0.0211827 0.0220558 4 
0.0211678 0.0224276 4 
0.021144 0.0224434 4 
0.0211182 0.0217103 4 
0.021118 0.0219247 4 
0.0210817 0.0219447 4 
0.020958 0.0212207 4 
0.0209379 0.0210134 4 
0.0209107 0.0214993 4 
0.0208682 0.0214939 4 
0.0207923 0.0217133 4 
0.0207751 0.0210693 4 
0.0207709 0.0213535 4 
0.0207188 0.0221384 4 
0.0206774 0.0210687 4 
0.0206764 0.0207911 4 
0.0206687 0.0213084 4 
0.0206158 0.0208224 4 
0.0205487 0.0218004 4 
0.0205392 0.0210809 4 
0.020426 0.0221928 4 
0.0203899 0.0206902 4 
0.0203782 0.0217986 4 
0.0203712 0.020757 4 
0.0203495 0.0204642 4 
0.0203166 0.0213982 4 
0.0202799 0.0211477 4 
0.0202647 0.0209766 4 
0.0202538 0.0206047 4 
0.0202479 0.0207618 4 
0.0202426 0.0203368 4 
0.0202244 0.0204819 4 
0.0201561 0.0205998 4 
0.0201512 0.0203303 4 
0.0201436 0.0207533 4 
0.0201283 0.020495 4 
0.0201151 0.0215484 4 
0.0199798 0.0204966 4 
0.0199342 0.0201821 4 
0.019932 0.0200823 4 
0.0199312 0.02043 4 
0.0199026 0.0205182 4 
0.0199015 0.0208153 4 
0.0198813 0.0212157 4 
0.0198755 0.0202979 4 
0.0198749 0.0201772 4 
0.0198605 0.02143 4 
0.0198602 0.0209067 4 
0.0198413 0.0202836 4 
0.0197996 0.0198852 4 
0.0197899 0.0208041 4 
0.0197885 0.0208153 4 
0.0197648 0.0198192 4 
0.0197604 0.0209067 4 
0.0197596 0.0204543 4 
0.0197356 0.020209 4 
0.0197194 0.0211446 4 
0.0197088 0.0206841 4 
0.0196972 0.019951 4 
0.0196952 0.0199457 4 
0.0196949 0.0201417 4 
0.0196913 0.0197292 4 
0.0196771 0.0197166 4 
0.019676 0.0197743 4 
0.0196485 0.0201361 4 
0.0196472 0.0198807 4 
0.0196443 0.0210809 4 
0.0196357 0.0202796 4 
0.0196217 0.0198807 4 
0.0196175 0.0198564 4 
0.0195866 0.0196036 4 
0.0195841 0.0203998 4 
0.0195656 0.0199512 4 
0.0195549 0.020034 4 
0.019526 0.0199527 4 
0.0195206 0.0199313 4 
0.0195149 0.020034 4 
0.01949 0.0196783 4 
0.019484 0.0198116 4 
0.0194742 0.0197615 4 
0.0194725 0.0203298 4 
0.0194502 0.0197934 4 
0.0194396 0.0207 4 
0.0194352 0.0200176 4 
0.019431 0.0199023 4 
0.0194276 0.0198448 4 
0.0194276 0.0203622 4 
0.0194223 0.0208215 4 
0.0194157 0.0198478 4 
0.0193888 0.020045 4 
0.019383 0.0197894 4 
0.019382 0.0198807 4 
0.0193778 0.0202979 4 
0.0193737 0.0203303 4 
0.0193565 0.0199106 4 
0.0193532 0.0200903 4 
0.0193463 0.0204418 4 
0.0193335 0.0198465 4 
0.0193295 0.0194041 4 
0.0193277 0.0211487 4 
0.0193248 0.0196223 4 
0.0193172 0.0203621 4 
0.0193117 0.0199141 4 
0.0193102 0.0198564 4 
0.0192862 0.0198116 4 
0.0192706 0.0210744 4 
0.0192645 0.0211655 4 
0.0192409 0.0200876 4 
0.0192135 0.0199527 4 
0.0191922 0.0193822 4 
0.0191888 0.0202983 4 
0.019185 0.0202993 4 
0.0191782 0.0199938 4 
0.0191668 0.0195379 4 
0.0191586 0.0193628 4 
0.0191505 0.0204467 4 
0.019139 0.0203956 4 
0.0191191 0.0199218 4 
0.0191189 0.0209884 4 
0.0191107 0.0192919 4 
0.0190923 0.0200823 4 
0.0190907 0.0207992 4 
0.0190849 0.0198936 4 
0.0190756 0.0204161 4 
0.019074 0.0195739 4 
0.0190682 0.0195207 4 
0.0190581 0.0196871 4 
0.0190537 0.0198465 4 
0.0190445 0.0201975 4 
0.0190414 0.0204004 4 
0.0190413 0.0196583 4 
0.0190312 0.0201417 4 
0.0190288 0.0192388 4 
0.0190281 0.0198677 4 
0.0190034 0.0197292 4 
0.01899 0.0209734 4 
0.0189745 0.0212845 4 
0.0189636 0.020394 4 
0.0189595 0.019441 4 
0.0189574 0.0202638 4 
0.0189551 0.0194041 4 
0.0189404 0.0196368 4 
0.0189356 0.0200139 4 
0.0189286 0.0204128 4 
0.0189139 0.0197292 4 
0.018913 0.0198677 4 
0.0188855 0.0192301 4 
0.0188582 0.0198543 4 
0.0188358 0.0207996 4 
0.0188336 0.0199141 4 
0.018829 0.0198677 4 
0.0188257 0.0199 4 
0.0188122 0.020261 4 
0.0188102 0.0203956 4 
0.0187917 0.0190894 4 
0.0187894 0.0196535 4 
0.0187762 0.0206829 4 
0.0187735 0.0198763 4 
0.0187725 0.020394 4 
0.0187659 0.0199218 4 
0.0187524 0.0199512 4 
0.0187486 0.0192939 4 
0.0187274 0.0200109 4 
0.0187084 0.0200964 4 
0.0187078 0.0199626 4 
0.0186952 0.0205625 4 
0.018684 0.019731 4 
0.018678 0.0199602 4 
0.018675 0.0197208 4 
0.0186654 0.0195859 4 
0.0186589 0.0187376 4 
0.018654 0.0199218 4 
0.0186416 0.0200344 4 
0.0186179 0.0193379 4 
0.0186137 0.0186886 4 
0.0185915 0.0200876 4 
0.0185819 0.0199313 4 
0.0185743 0.0199938 4 
0.0185504 0.0202421 4 
0.0185295 0.0204622 4 
0.0185197 0.0201249 4 
0.0185195 0.0197512 4 
0.0185146 0.0196555 4 
0.0185092 0.0194041 4 
0.0185013 0.0198625 4 
0.0185012 0.0201631 4 
0.0184994 0.0200015 4 
0.0184989 0.0205315 4 
0.01849 0.0201129 4 
0.0184805 0.0199512 4 
0.0184709 0.0194472 4 
0.0184703 0.0195333 4 
0.0184533 0.0196737 4 
0.0184421 0.0200044 4 
0.018441 0.020261 4 
0.0184075 0.0200522 4 
0.0183957 0.0203303 4 
0.0183453 0.0199218 4 
0.01834 0.0194466 4 
0.0183345 0.0199938 4 
0.0183318 0.0194466 4 
0.0183268 0.0202655 4 
0.0183056 0.0202498 4 
0.0182739 0.0195613 4 
0.0182457 0.020453 4 
0.0182038 0.019696 4 
0.0181807 0.0200176 4 
0.0181619 0.0197081 4 
0.0181553 0.0182648 4 
0.0181079 0.0201137 4 
0.0111137 0.0111723 5 
0.011067 0.0112736 5 
0.0107983 0.0111035 5 
0.0107111 0.0107353 5 
0.0106639 0.0109309 5 
0.010648 0.0111523 5 
0.0106121 0.0110279 5 
0.0106056 0.010759 5 
0.0104705 0.0105936 5 
0.0104404 0.0107353 5 
0.0103921 0.0104389 5 
0.0103832 0.0105619 5 
0.0103676 0.0104079 5 
0.010363 0.0106396 5 
0.0103097 0.0104696 5 
0.0103038 0.010449 5 
0.0102744 0.0110135 5 
0.0102724 0.0106819 5 
0.0102592 0.011029 5 
0.0101986 0.0102057 5 
0.0101768 0.0108612 5 
0.01017 0.0102967 5 
0.0101676 0.0104324 5 
0.01012 0.0101626 5 
0.010107 0.0103965 5 
0.010098 0.0103691 5 
0.0100037 0.0107284 5 
0.0100009 0.0105644 5 
0.00999295 0.0101554 5 
0.00997378 0.010112 5 
0.00995731 0.0105402 5 
0.0099481 0.010759 5 
0.00991926 0.0100496 5 
0.00989774 0.0105175 5 
0.00988758 0.0102632 5 
0.00983156 0.0101617 5 
0.00982849 0.0102625 5 
0.00981549 0.00982305 5 
0.00981349 0.0102025 5 
0.00980918 0.00986397 5 
0.00980091 0.0101383 5 
0.00978222 0.00990989 5 
0.00976515 0.00995714 5 
0.00975352 0.00985167 5 
0.00974663 0.00992728 5 
0.00974533 0.00985167 5 
0.00970513 0.0100889 5 
0.00969501 0.0101678 5 
0.00968984 0.00977647 5 
0.00968508 0.00987774 5 
0.00967176 0.00991093 5 
0.00966941 0.0102817 5 
0.00965845 0.0101635 5 
0.00965825 0.00982172 5 
0.00965288 0.0099348 5 
0.00964489 0.0101057 5 
0.00964431 0.0100394 5 
0.00959954 0.0099985 5 
0.00959447 0.00965792 5 
0.00959211 0.00981203 5 
0.00957228 0.0100771 5 
0.00956454 0.00978544 5 
0.00956304 0.00973895 5 
0.00954311 0.00976514 5 
0.00953883 0.00976933 5 
0.00953798 0.00965346 5 
0.00953403 0.00994575 5 
0.00951621 0.00981902 5 
0.00951344 0.00990113 5 
0.00949839 0.00974762 5 
0.00949634 0.00951442 5 
0.00948304 0.00985997 5 
0.00948192 0.00955975 5 
0.00948178 0.0101112 5 
0.00947631 0.0102043 5 
0.00947155 0.0102956 5 
0.00946928 0.00982172 5 
0.00946276 0.00953287 5 
0.00946225 0.0095142 5 
0.00945339 0.0097986 5 
0.00945167 0.00986328 5 
0.00944919 0.00953957 5 
0.00943936 0.00965469 5 
0.00943887 0.00988259 5 
0.00943585 0.00975963 5 
0.00943458 0.00974319 5 
0.00943268 0.00944832 5 
0.00942262 0.0101632 5 
0.00941517 0.00964407 5 
0.00941515 0.0096159 5 
0.00941461 0.00977841 5 
0.00940357 0.00969832 5 
0.0094004 0.00973759 5 
0.00939962 0.00951912 5 
0.00939802 0.0101982 5 
0.00939485 0.00944031 5 
0.0093877 0.00953538 5 
0.00938377 0.00945344 5 
0.0093804 0.00952487 5 
0.00936493 0.00938909 5 
0.00935263 0.00974762 5 
0.00934389 0.00973576 5 
0.00933225 0.00987924 5 
0.00932751 0.00955975 5 
0.00932611 0.0101239 5 
0.00931421 0.00953854 5 
0.00931407 0.00959001 5 
0.00930826 0.00951243 5 
0.0093054 0.0101398 5 
0.00930138 0.0100604 5 
0.00929305 0.00982305 5 
0.00928555 0.00970391 5 
0.00928446 0.0100986 5 
0.0092739 0.00940077 5 
0.00927064 0.0098906 5 
0.00926953 0.0103374 5 
0.00926812 0.00957337 5 
0.00926449 0.00973529 5 
0.00926291 0.0103372 5 
0.00925877 0.00951912 5 
0.00924737 0.00979951 5 
0.00924643 0.0095836 5 
0.0092393 0.00964256 5 
0.00923208 0.00924752 5 
0.00923014 0.00936974 5 
0.00922334 0.00957337 5 
0.00922136 0.00951442 5 
0.00921284 0.00948637 5 
0.00920932 0.00982611 5 
0.00920878 0.00927361 5 
0.00920746 0.00966799 5 
0.00920477 0.0094688 5 
0.00919698 0.010064 5 
0.00919382 0.00937824 5 
0.00919307 0.009614 5 
0.009189 0.00965123 5 
0.00918125 0.00937824 5 
0.00917901 0.00945344 5 
0.0091495 0.00990113 5 
0.00914027 0.00962323 5 
0.00913837 0.0101742 5 
0.00913566 0.00954064 5 
0.00913465 0.0095228 5 
0.00912787 0.00990989 5 
0.00912455 0.00991093 5 
0.0091182 0.00957337 5 
0.00910772 0.00930005 5 
0.00910713 0.00947437 5 
0.00910642 0.00954493 5 
0.00909242 0.00920663 5 
0.00908827 0.00965565 5 
0.00907883 0.00984414 5 
0.00905754 0.00953887 5 
0.00905694 0.00951132 5 
0.00905379 0.00951912 5 
0.00905365 0.00959627 5 
0.00904686 0.00950554 5 
0.00903433 0.00951132 5 
0.00902532 0.00951442 5 
0.00902418 0.00951243 5 
0.0090122 0.00971482 5 
0.00900944 0.0099963 5 
0.00900892 0.00978633 5 
0.00900686 0.00965702 5 
0.00900325 0.00996038 5 
0.00899876 0.00973759 5 
0.00899761 0.00940304 5 
0.00899103 0.0098746 5 
0.00898439 0.00952487 5 
0.00897733 0.00962323 5 
0.00897604 0.00986224 5 
0.00897348 0.00982143 5 
0.00896598 0.00949457 5 
0.00895065 0.0100274 5 
0.00894472 0.00990805 5 
0.00894311 0.00937557 5 
0.00894183 0.00964256 5 
0.00893152 0.0096159 5 
0.00891234 0.00972237 5 
0.00890489 0.00952548 5 
0.00888976 0.00985152 5 
0.00888683 0.00949457 5 
0.00888394 0.00989436 5 
0.00886441 0.00946998 5 
0.0088438 0.00944832 5 
0.00883384 0.0097327 5 
0.00882455 0.00977321 5 
0.00881722 0.00978544 5 
0.00881625 0.00985997 5 
0.00880819 0.00904205 5 
0.00878943 0.00920663 5 
0.00875055 0.00937557 5 
0.00874971 0.00926841 5 
0.00874856 0.00971303 5 
0.00873217 0.00904205 5 
0.00871914 0.0087579 5 
0.00862792 0.00948637 5 
0.0086238 0.00962468 5 
0.00569907 0.00572213 6 
0.00545232 0.00560118 6 
0.00545014 0.00547047 6 
0.00535518 0.00538643 6 
0.00534436 0.00547972 6 
0.00523902 0.00552823 6 
0.00519062 0.0051996 6 
0.00518672 0.00541448 6 
0.00517176 0.00531475 6 
0.00516068 0.0055956 6 
0.00516045 0.00520055 6 
0.00510854 0.0052914 6 
0.00509735 0.00533768 6 
0.00509308 0.0052383 6 
0.00507119 0.00533983 6 
0.00504462 0.00534211 6 
0.00503902 0.00512236 6 
0.00503054 0.00503096 6 
0.00501351 0.00540439 6 
0.0050069 0.00514383 6 
0.00500306 0.00530938 6 
0.0049985 0.00522634 6 
0.0049877 0.00510312 6 
0.004985 0.00530533 6 
0.00498355 0.00508262 6 
0.0049801 0.00510713 6 
0.00496383 0.00500788 6 
0.00493469 0.00494455 6 
0.0049212 0.00501173 6 
0.00490347 0.00502187 6 
0.00487244 0.00490384 6 
0.00483265 0.00512565 6 
0.00482468 0.0048604 6 
0.00482231 0.00502139 6 
0.00482073 0.0049163 6 
0.0048161 0.0049553 6 
0.00481465 0.0049908 6 
0.0048011 0.0048604 6 
0.00480027 0.00500389 6 
0.00479144 0.00494892 6 
0.0047909 0.0049732 6 
0.0047906 0.00480843 6 
0.00479049 0.00482669 6 
0.00478796 0.00489875 6 
0.00478659 0.00487366 6 
0.00478029 0.00497684 6 
0.00476898 0.00479353 6 
0.00476529 0.00506295 6 
0.00475682 0.00479063 6 
0.00475543 0.00490126 6 
0.00474341 0.00479116 6 
0.00473883 0.00482669 6 
0.00473413 0.00474332 6 
0.00472827 0.00475304 6 
0.00472778 0.00501113 6 
0.00472654 0.00490291 6 
0.00472598 0.00500776 6 
0.00472035 0.00503172 6 
0.00471674 0.00492788 6 
0.00471172 0.00482437 6 
0.0047009 0.00513388 6 
0.00469651 0.00481584 6 
0.00469148 0.00490843 6 
0.00469109 0.00527256 6 
0.00468756 0.00480918 6 
0.00467906 0.00471109 6 
0.0046783 0.00477891 6 
0.00467021 0.00476079 6 
0.00466893 0.00469007 6 
0.0046663 0.00500797 6 
0.00466392 0.00492071 6 
0.00465953 0.00467737 6 
0.00465868 0.00490126 6 
0.00465484 0.00467271 6 
0.00465122 0.00480537 6 
0.00464781 0.00468621 6 
0.00464719 0.0046499 6 
0.00464715 0.00488985 6 
0.00464669 0.00490375 6 
0.0046436 0.00481084 6 
0.00464034 0.00503434 6 
0.00463861 0.00499706 6 
0.00462465 0.0047388 6 
0.0046213 0.00481959 6 
0.00461954 0.00497868 6 
0.00461818 0.0049449 6 
0.00460764 0.00474332 6 
0.00460635 0.00466633 6 
0.00460563 0.00466253 6 
0.00460144 0.00489512 6 
0.00459833 0.00480843 6 
0.00459591 0.00482802 6 
0.00459306 0.0049562 6 
0.00458925 0.00460211 6 
0.00458866 0.00503096 6 
0.00458278 0.00472494 6 
0.00457923 0.00467271 6 
0.00457854 0.00460279 6 
0.00456143 0.00486331 6 
0.00456115 0.00479563 6 
0.00456114 0.00459128 6 
0.00455833 0.00482661 6 
0.0045476 0.00497385 6 
0.00454674 0.00482427 6 
0.00454534 0.0046521 6 
0.00454468 0.00478147 6 
0.00454467 0.00455225 6 
0.00454211 0.00468166 6 
0.00453864 0.00463716 6 
0.0045377 0.00495631 6 
0.00453657 0.00472119 6 
0.00453206 0.00484339 6 
0.00453018 0.00469683 6 
0.00452859 0.00462155 6 
0.00452807 0.00457158 6 
0.0045259 0.00487445 6 
0.00451907 0.00469896 6 
0.00451501 0.00469896 6 
0.00451222 0.00508226 6 
0.0045047 0.00469124 6 
0.00450106 0.00480733 6 
0.00449978 0.00487195 6 
0.00449348 0.00484776 6 
0.00449135 0.00471697 6 
0.00448952 0.00466633 6 
0.00448496 0.00491733 6 
0.00447939 0.00472968 6 
0.00447647 0.00463263 6 
0.00447333 0.00493575 6 
0.00447175 0.00479241 6 
0.00446978 0.00481126 6 
0.0044697 0.00463211 6 
0.00446834 0.00469124 6 
0.00446674 0.00472947 6 
0.00446475 0.00458652 6 
0.00446367 0.00476807 6 
0.00446267 0.00459639 6 
0.0044507 0.00480843 6 
0.00444922 0.00467271 6 
0.00443878 0.00475083 6 
0.00443745 0.00458575 6 
0.0044373 0.00463263 6 
0.00442687 0.00487195 6 
0.00442307 0.00497684 6 
0.00442281 0.00493704 6 
0.00442244 0.00472119 6 
0.00441478 0.00490384 6 
0.00441356 0.00479371 6 
0.00441335 0.00484776 6 
0.00440346 0.0045538 6 
0.00439708 0.0048604 6 
0.00439455 0.00478374 6 
0.00439267 0.00477406 6 
0.00438309 0.00471578 6 
0.00438233 0.00477891 6 
0.00436848 0.00487274 6 
0.00436516 0.00457057 6 
0.00435681 0.00458575 6 
0.00434726 0.00487445 6 
0.00434391 0.0045538 6 
0.00433491 0.00490126 6 
0.00433053 0.00458686 6 
0.00432637 0.0046521 6 
0.00431915 0.00478925 6 
0.0043064 0.00476848 6 
0.00428533 0.00448501 6 
0.00423632 0.00426239 6 
0.0042131 0.00463263 6 
0.00421134 0.00422955 6 
0.00418208 0.00470333 6 
0.00294674 0.00296036 7 
0.00280339 0.00287476 7 
0.00268409 0.0027958 7 
0.00268252 0.00275728 7 
0.00265146 0.0026975 7 
0.00264989 0.00271963 7 
0.00262709 0.00274411 7 
0.00262501 0.00280247 7 
0.00261517 0.00274045 7 
0.00261463 0.0027557 7 
0.00261334 0.0026242 7 
0.00258979 0.00264039 7 
0.00258026 0.00264809 7 
0.00257819 0.00258993 7 
0.00256401 0.00271525 7 
0.00255588 0.00255876 7 
0.00255584 0.002668 7 
0.00254659 0.00257865 7 
0.00253331 0.00267076 7 
0.00251218 0.00266675 7 
0.00250116 0.00253594 7 
0.0024617 0.00249151 7 
0.00246091 0.00248739 7 
0.00246091 0.0025023 7 
0.00245794 0.00258409 7 
0.00245072 0.0024536 7 
0.00244895 0.00245499 7 
0.00244828 0.00257585 7 
0.00244268 0.0025389 7 
0.00244198 0.00263372 7 
0.0024385 0.00247487 7 
0.00243262 0.00248514 7 
0.00243025 0.00249007 7 
0.00242729 0.0025427 7 
0.00242533 0.00252601 7 
0.0024151 0.00270966 7 
0.00241396 0.00251041 7 
0.00240747 0.00241892 7 
0.00240545 0.0025389 7 
0.00240458 0.00244705 7 
0.00239963 0.00253922 7 
0.00239373 0.00251542 7 
0.00239081 0.00241063 7 
0.00239069 0.00242097 7 
0.00238788 0.00249496 7 
0.00238423 0.00241138 7 
0.00238212 0.00241569 7 
0.00237075 0.00240064 7 
0.00236887 0.00242995 7 
0.00236678 0.00240912 7 
0.0023654 0.00259655 7 
0.0023642 0.0023883 7 
0.00236081 0.00243005 7 
0.00235868 0.00238946 7 
0.00235248 0.00238825 7 
0.00234677 0.00245821 7 
0.00234664 0.00249716 7 
0.0023455 0.00238934 7 
0.00234224 0.00239204 7 
0.00234005 0.0025004 7 
0.00233815 0.00254458 7 
0.00233367 0.00248514 7 
0.00233309 0.00239527 7 
0.00233202 0.00234137 7 
0.00233044 0.00235806 7 
0.00232707 0.00248739 7 
0.00232625 0.00234194 7 
0.00232523 0.00244076 7 
0.00231974 0.00242604 7 
0.00231758 0.00254075 7 
0.00231209 0.00234134 7 
0.00231101 0.00238587 7 
0.00230593 0.00247837 7 
0.00230592 0.0023261 7 
0.00230355 0.00241068 7 
0.0023034 0.00234665 7 
0.00230198 0.0024681 7 
0.00230187 0.00251599 7 
0.00230108 0.00235149 7 
0.00229972 0.00242613 7 
0.00229895 0.00252377 7 
0.00229718 0.00233364 7 
0.00229664 0.00244262 7 
0.00229636 0.00237665 7 
0.0022946 0.0024602 7 
0.00229303 0.00246742 7 
0.00229052 0.00240642 7 
0.00229024 0.00239807 7 
0.00228901 0.0024681 7 
0.00228795 0.00235149 7 
0.00228704 0.0023296 7 
0.002286 0.00238529 7 
0.00228373 0.00249298 7 
0.00228264 0.00245821 7 
0.00228129 0.00244477 7 
0.00227694 0.00245219 7 
0.00227403 0.00234194 7 
0.00227134 0.0024055 7 
0.00226896 0.00233074 7 
0.00226823 0.00234194 7 
0.00226715 0.00232788 7 
0.00226577 0.00229207 7 
0.00226278 0.00230645 7 
0.00226199 0.00231512 7 
0.00225981 0.00229746 7 
0.00225871 0.00227659 7 
0.00225695 0.00244954 7 
0.00225636 0.00248084 7 
0.0022558 0.00226662 7 
0.00225297 0.00238302 7 
0.0022529 0.00238646 7 
0.00224492 0.00237665 7 
0.00224473 0.00227659 7 
0.00224439 0.00236416 7 
0.00224361 0.00228625 7 
0.00223818 0.00253409 7 
0.00223365 0.00224548 7 
0.00223251 0.00234134 7 
0.00223047 0.00249151 7 
0.00222979 0.0023938 7 
0.00222839 0.00225277 7 
0.00222756 0.00253409 7 
0.00221752 0.00242361 7 
0.00221585 0.00225463 7 
0.00221414 0.00229699 7 
0.00220903 0.00233096 7 
0.00220836 0.00226739 7 
0.00220727 0.00241569 7 
0.00220607 0.0024055 7 
0.00220606 0.00239576 7 
0.00220596 0.0023718 7 
0.00220045 0.00242095 7 
0.00219756 0.00246474 7 
0.00219727 0.00229207 7 
0.00219663 0.00244168 7 
0.00219336 0.00224978 7 
0.00218661 0.00237408 7 
0.00218625 0.00224826 7 
0.00218334 0.00235801 7 
0.00217519 0.00243921 7 
0.00217166 0.00226638 7 
0.00217117 0.00224978 7 
0.00216935 0.00224548 7 
0.0021659 0.00248514 7 
0.00216484 0.00239191 7 
0.00215621 0.00239631 7 
0.00215566 0.00241479 7 
0.0021476 0.00239504 7 
0.00213766 0.00220757 7 
0.0021146 0.00229207 7 
0.00209398 0.00211684 7 
0.00205653 0.00233758 7 
0.00153293 0.00153825 8 
0.00149009 0.00150723 8 
0.00140513 0.00144575 8 
0.00140077 0.00141401 8 
0.00139334 0.00140344 8 
0.00138866 0.00143487 8 
0.00137284 0.00143607 8 
0.00136916 0.00144087 8 
0.00136638 0.00138258 8 
0.001356 0.00137051 8 
0.00134896 0.00141395 8 
0.00133623 0.00134109 8 
0.00132711 0.00137755 8 
0.00131979 0.00132132 8 
0.00131876 0.00135029 8 
0.00130037 0.0013521 8 
0.00129517 0.00135758 8 
0.00127902 0.00132269 8 
0.00127739 0.00135682 8 
0.00127154 0.00133991 8 
0.00126877 0.00135738 8 
0.00126721 0.00128566 8 
0.00126524 0.00127685 8 
0.00126506 0.00131029 8 
0.00126321 0.00130434 8 
0.00125982 0.00139866 8 
0.00125097 0.00131053 8 
0.00124838 0.00126864 8 
0.00124816 0.00134684 8 
0.00124661 0.00127814 8 
0.00124573 0.00125399 8 
0.00124237 0.00131029 8 
0.00124017 0.00129587 8 
0.00123739 0.00123798 8 
0.00123573 0.00123623 8 
0.00123545 0.00125714 8 
0.00123501 0.00125124 8 
0.00121919 0.00128638 8 
0.00121417 0.00122595 8 
0.00121396 0.00128045 8 
0.00121354 0.00121935 8 
0.00121199 0.00121944 8 
0.00121128 0.00124023 8 
0.00120792 0.00124083 8 
0.00120565 0.00126208 8 
0.00120294 0.00132954 8 
0.00120268 0.00121883 8 
0.00120085 0.00121792 8 
0.00120068 0.00120587 8 
0.00119836 0.00124418 8 
0.00119796 0.00121081 8 
0.00119437 0.00121508 8 
0.00119157 0.00126075 8 
0.00119103 0.00126663 8 
0.00119014 0.00125522 8 
0.00118981 0.00120118 8 
0.00118761 0.0012759 8 
0.00118509 0.00125386 8 
0.00118264 0.0012428 8 
0.00118244 0.00129816 8 
0.00118162 0.00118872 8 
0.00118134 0.00119916 8 
0.00118104 0.0012121 8 
0.00117716 0.00127339 8 
0.00117706 0.00124632 8 
0.00117558 0.00117629 8 
0.00117537 0.00122539 8 
0.00117451 0.00125886 8 
0.00117441 0.00130862 8 
0.00117377 0.00121383 8 
0.00117367 0.00118872 8 
0.00117322 0.00124427 8 
0.00116776 0.00119586 8 
0.00116655 0.00127062 8 
0.00116653 0.00119296 8 
0.00116635 0.00122333 8 
0.00116609 0.00124427 8 
0.00116596 0.00122681 8 
0.00116499 0.00129708 8 
0.00116404 0.00118233 8 
0.00116375 0.00119382 8 
0.00116205 0.0012679 8 
0.00115973 0.00127186 8 
0.00115948 0.00121508 8 
0.00115711 0.00120036 8 
0.00115687 0.00118807 8 
0.00115309 0.00128244 8 
0.00115275 0.00117611 8 
0.00115037 0.00126577 8 
0.00114798 0.00118643 8 
0.00114763 0.00117629 8 
0.00114759 0.00122333 8 
0.00114738 0.00128858 8 
0.00114634 0.00121668 8 
0.00114618 0.00114896 8 
0.00114245 0.00124347 8 
0.00114229 0.00115608 8 
0.00114092 0.00115992 8 
0.00114045 0.00118554 8 
0.00113931 0.00121879 8 
0.00113549 0.0011995 8 
0.00113536 0.00127476 8 
0.00113497 0.00116193 8 
0.00113432 0.00118233 8 
0.00113274 0.00119918 8 
0.00113234 0.00114546 8 
0.00112907 0.00114735 8 
0.00112173 0.00120669 8 
0.00111954 0.00121889 8 
0.00111698 0.00117487 8 
0.00111377 0.00113627 8 
0.00111329 0.00122919 8 
0.00111268 0.00117611 8 
0.00111234 0.00127818 8 
0.00111158 0.00119513 8 
0.00111144 0.00112914 8 
0.00111079 0.00120236 8 
0.00110942 0.00112665 8 
0.00110861 0.00122919 8 
0.00110775 0.00123242 8 
0.00110671 0.00119215 8 
0.00110282 0.00112735 8 
0.00110184 0.00117562 8 
0.00110093 0.00112163 8 
0.0010995 0.00112735 8 
0.00109696 0.00121968 8 
0.00109626 0.00123805 8 
0.00109615 0.0011017 8 
0.00109535 0.00127354 8 
0.00109371 0.00114896 8 
0.00109361 0.0011119 8 
0.00109215 0.00116442 8 
0.00108966 0.00121883 8 
0.00108928 0.00110161 8 
0.00108011 0.00123033 8 
0.00107974 0.001232 8 
0.00106556 0.00107568 8 
0.00102264 0.0011699 8 
0.000741538 0.000753556 9 
0.00072823 0.000755203 9 
0.000724061 0.000750808 9 
0.000721336 0.000755819 9 
0.000716895 0.000718577 9 
0.000699215 0.000718928 9 
0.000693834 0.000697482 9 
0.000688913 0.000692533 9 
0.000678856 0.000703376 9 
0.00067638 0.0006782 9 
0.000674208 0.000677912 9 
0.000667516 0.000697624 9 
0.000667032 0.000693738 9 
0.000664072 0.000722923 9 
0.000663677 0.000677454 9 
0.000662462 0.000682603 9 
0.000661038 0.000683847 9 
0.000660422 0.000720993 9 
0.000658711 0.000704832 9 
0.000655102 0.000675382 9 
0.000653881 0.000665309 9 
0.000650629 0.000652264 9 
0.000648016 0.000682603 9 
0.000647854 0.000652562 9 
0.000647854 0.000697461 9 
0.000647205 0.000653347 9 
0.000646717 0.00065084 9 
0.000644388 0.000685046 9 
0.00064034 0.000673741 9 
0.000639608 0.000672457 9 
0.000639385 0.000641586 9 
0.000638996 0.000644493 9 
0.00062765 0.000670057 9 
0.000627104 0.000643918 9 
0.000625335 0.000638128 9 
0.000625135 0.00064599 9 
0.000624773 0.000653347 9 
0.00062254 0.00062523 9 
0.000621027 0.00067779 9 
0.000619262 0.000642661 9 
0.000618412 0.000622021 9 
0.000617041 0.000623285 9 
0.000617008 0.000684707 9 
0.000616488 0.000624098 9 
0.000616177 0.000616808 9 
0.000615581 0.000642932 9 
0.000613909 0.00062412 9 
0.000610477 0.000648154 9 
0.000609669 0.000643034 9 
0.000608729 0.000634025 9 
0.000607771 0.000620455 9 
0.000607478 0.000660797 9 
0.000606286 0.000653005 9 
0.000605835 0.000622916 9 
0.000605821 0.000642837 9 
0.000605582 0.000656476 9 
0.000605097 0.000623491 9 
0.000604363 0.000607531 9 
0.000603884 0.000625329 9 
0.000602213 0.000630856 9 
0.00060198 0.000660098 9 
0.000599724 0.000637425 9 
0.000599686 0.000678845 9 
0.000599582 0.000621042 9 
0.000598931 0.000675079 9 
0.000598572 0.000617008 9 
0.000598567 0.000634025 9 
0.000597787 0.00061183 9 
0.000597317 0.000622021 9 
0.000596857 0.000600539 9 
0.000596773 0.000622603 9 
0.000596161 0.000650883 9 
0.000595957 0.000648848 9 
0.00059556 0.000597274 9 
0.000595311 0.000630321 9 
0.000595024 0.000650087 9 
0.000594876 0.00061228 9 
0.000594322 0.00067321 9 
0.000593217 0.000618083 9 
0.000592963 0.000622007 9 
0.000589897 0.00061778 9 
0.000589784 0.000623858 9 
0.000588852 0.000592593 9 
0.000587752 0.000609369 9 
0.000587081 0.000656653 9 
0.000586472 0.000596828 9 
0.000585099 0.000605026 9 
0.000582296 0.000628841 9 
0.000582041 0.000659402 9 
0.000580814 0.000590057 9 
0.00057973 0.000607129 9 
0.000577438 0.00062517 9 
0.000577337 0.000598624 9 
0.00057678 0.000594683 9 
0.000576058 0.000610461 9 
0.000575516 0.000579372 9 
0.000575016 0.000620899 9 
0.000574621 0.000582947 9 
0.000573378 0.000607561 9 
0.000572816 0.000583729 9 
0.000572601 0.000597782 9 
0.000571221 0.000574383 9 
0.000570201 0.000607561 9 
0.000568891 0.00057167 9 
0.000567899 0.000650944 9 
0.000567745 0.00060252 9 
0.000566659 0.000608994 9 
0.000566403 0.000625865 9 
0.000564954 0.00059977 9 
0.000564548 0.000625717 9 
0.000564507 0.000601823 9 
0.00056322 0.000566306 9 
0.000562777 0.000616662 9 
0.000562319 0.000571635 9 
0.000561979 0.000592932 9 
0.000561888 0.000620899 9 
0.000561435 0.000645776 9 
0.000560858 0.000633706 9 
0.000560379 0.000582405 9 
0.000558485 0.000571712 9 
0.000556896 0.00055844 9 
0.000556118 0.000571712 9 
0.000555659 0.000563828 9 
0.000555114 0.000632836 9 
0.000551196 0.00056576 9 
0.00054976 0.000553301 9 
0.000549151 0.000626278 9 
0.000544364 0.000636777 9 
0.000539919 0.000550561 9 
0.000513269 0.000582111 9 
0.000488644 0.000489127 9 
