0 0.493306 0 
0 0.497172 0 
0 0.497669 0 
0 0.498674 0 
0 0.498916 0 
0 0.499267 0 
0 0.500155 0 
0 0.500324 0 
0 0.500503 0 
0 0.500612 0 
0 0.500745 0 
0 0.500908 0 
0 0.501417 0 
0 0.501432 0 
0 0.50172 0 
0 0.502378 0 
0 0.502508 0 
0 0.502549 0 
0 0.502657 0 
0 0.502739 0 
0 0.502743 0 
0 0.503126 0 
0 0.503309 0 
0 0.503317 0 
0 0.503382 0 
0 0.50341 0 
0 0.503439 0 
0 0.503479 0 
0 0.503584 0 
0 0.503596 0 
0 0.503604 0 
0 0.503616 0 
0 0.503721 0 
0 0.503798 0 
0 0.503979 0 
0 0.503995 0 
0 0.504034 0 
0 0.504061 0 
0 0.50407 0 
0 0.504085 0 
0 0.504126 0 
0 0.504186 0 
0 0.504219 0 
0 0.504227 0 
0 0.504315 0 
0 0.504367 0 
0 0.504398 0 
0 0.504401 0 
0 0.504507 0 
0 0.504524 0 
0 0.504721 0 
0 0.504752 0 
0 0.504792 0 
0 0.504877 0 
0 0.50493 0 
0 0.505112 0 
0 0.505161 0 
0 0.505241 0 
0 0.505269 0 
0 0.505276 0 
0 0.505373 0 
0 0.505449 0 
0 0.505721 0 
0 0.505792 0 
0 0.505793 0 
0 0.505832 0 
0 0.505869 0 
0 0.505918 0 
0 0.505931 0 
0 0.505973 0 
0 0.506022 0 
0 0.506041 0 
0 0.50618 0 
0 0.506189 0 
0 0.506209 0 
0 0.506274 0 
0 0.506286 0 
0 0.506307 0 
0 0.50635 0 
0 0.506353 0 
0 0.506536 0 
0 0.506537 0 
0 0.506562 0 
0 0.506631 0 
0 0.506771 0 
0 0.506792 0 
0 0.506857 0 
0 0.506886 0 
0 0.506946 0 
0 0.506984 0 
0 0.507052 0 
0 0.507132 0 
0 0.507138 0 
0 0.507164 0 
0 0.507287 0 
0 0.507293 0 
0 0.507407 0 
0 0.507465 0 
0 0.507523 0 
0 0.507605 0 
0 0.507651 0 
0 0.507712 0 
0 0.507814 0 
0 0.507949 0 
0 0.507988 0 
0 0.508001 0 
0 0.508017 0 
0 0.508035 0 
0 0.508074 0 
0 0.508114 0 
0 0.508269 0 
0 0.508499 0 
0 0.508526 0 
0 0.50853 0 
0 0.508589 0 
0 0.508718 0 
0 0.509091 0 
0 0.509228 0 
0 0.509271 0 
0 0.509485 0 
0 0.509637 0 
0 0.509671 0 
0 0.509689 0 
0 0.509822 0 
0 0.510203 0 
0 0.51026 0 
0 0.511541 0 
0 inf 0 
0 0.187361 1 
0 0.187499 1 
0 0.187573 1 
0 0.187851 1 
0 0.187882 1 
0 0.188464 1 
0 0.189396 1 
0 0.189831 1 
0 0.19024 1 
0 0.190364 1 
0 0.190376 1 
0 0.190398 1 
0 0.190521 1 
0 0.19063 1 
0 0.190712 1 
0 0.191135 1 
0 0.191162 1 
0 0.191308 1 
0 0.191324 1 
0 0.191512 1 
0 0.191571 1 
0 0.192256 1 
0 0.192338 1 
0 0.192362 1 
0 0.192364 1 
0 0.192383 1 
0 0.192527 1 
0 0.192826 1 
0 0.192879 1 
0 0.192951 1 
0 0.193105 1 
0 0.193156 1 
0 0.193417 1 
0 0.193479 1 
0 0.193724 1 
0 0.193824 1 
0 0.193827 1 
0 0.19384 1 
0 0.193869 1 
0 0.193915 1 
0 0.193996 1 
0 0.194023 1 
0 0.194091 1 
0 0.194098 1 
0 0.19413 1 
0 0.194211 1 
0 0.194366 1 
0 0.19439 1 
0 0.194529 1 
0 0.194646 1 
0 0.194721 1 
0 0.194828 1 
0 0.194846 1 
0 0.19488 1 
0 0.194932 1 
0 0.19495 1 
0 0.194952 1 
0 0.194962 1 
0 0.194999 1 
0 0.195028 1 
0 0.195047 1 
0 0.195127 1 
0 0.195152 1 
0 0.195172 1 
0 0.195175 1 
0 0.195188 1 
0 0.195231 1 
0 0.19534 1 
0 0.195354 1 
0 0.195361 1 
0 0.195465 1 
0 0.195602 1 
0 0.195609 1 
0 0.195618 1 
0 0.195659 1 
0 0.195676 1 
0 0.195692 1 
0 0.19572 1 
0 0.19578 1 
0 0.195871 1 
0 0.195986 1 
0 0.196013 1 
0 0.196112 1 
0 0.196126 1 
0 0.196134 1 
0 0.196177 1 
0 0.196225 1 
0 0.19637 1 
0 0.196443 1 
0 0.196556 1 
0 0.196579 1 
0 0.196618 1 
0 0.196624 1 
0 0.196754 1 
0 0.196805 1 
0 0.196842 1 
0 0.196947 1 
0 0.1971 1 
0 0.197166 1 
0 0.197192 1 
0 0.197205 1 
0 0.197216 1 
0 0.197354 1 
0 0.197781 1 
0 0.197858 1 
0 0.19808 1 
0 0.198231 1 
0 0.198253 1 
0 0.198288 1 
0 0.19891 1 
0 0.199122 1 
0 0.199286 1 
0 0.199387 1 
0 0.199733 1 
0 0.199855 1 
0 0.20022 1 
0 0.200272 1 
0 0.200309 1 
0 0.200356 1 
0 0.200582 1 
0 0.201353 1 
0 0.202416 1 
0 0.202452 1 
0 0.203195 1 
0 0.204126 1 
0 0.207987 1 
0 0.210968 1 
0 inf 1 
0 0.0733578 2 
0 0.0743463 2 
0 0.0744563 2 
0 0.074742 2 
0 0.0749582 2 
0 0.0752493 2 
0 0.0758551 2 
0 0.0759692 2 
0 0.0760196 2 
0 0.0763995 2 
0 0.0764405 2 
0 0.0764518 2 
0 0.0765519 2 
0 0.076698 2 
0 0.0769282 2 
0 0.0772061 2 
0 0.0772291 2 
0 0.0772616 2 
0 0.0774757 2 
0 0.0777611 2 
0 0.0778062 2 
0 0.0780398 2 
0 0.0781515 2 
0 0.0781664 2 
0 0.0782269 2 
0 0.0786543 2 
0 0.0786794 2 
0 0.0786835 2 
0 0.0787356 2 
0 0.078831 2 
0 0.0789139 2 
0 0.0789598 2 
0 0.0789786 2 
0 0.0790198 2 
0 0.0790409 2 
0 0.0792322 2 
0 0.0793375 2 
0 0.0794447 2 
0 0.0796046 2 
0 0.079619 2 
0 0.0797058 2 
0 0.0797617 2 
0 0.0798197 2 
0 0.0798491 2 
0 0.0798576 2 
0 0.0799879 2 
0 0.0800073 2 
0 0.0800104 2 
0 0.080021 2 
0 0.0800708 2 
0 0.0800821 2 
0 0.080121 2 
0 0.0801447 2 
0 0.0803167 2 
0 0.0803409 2 
0 0.0804115 2 
0 0.0804561 2 
0 0.080457 2 
0 0.0805364 2 
0 0.0805676 2 
0 0.0805848 2 
0 0.080601 2 
0 0.0806071 2 
0 0.08067 2 
0 0.0806901 2 
0 0.0807481 2 
0 0.0807954 2 
0 0.0808301 2 
0 0.0809226 2 
0 0.0809868 2 
0 0.0810027 2 
0 0.0810602 2 
0 0.0811279 2 
0 0.0812721 2 
0 0.0812783 2 
0 0.0812843 2 
0 0.0812872 2 
0 0.0813374 2 
0 0.0813537 2 
0 0.0813541 2 
0 0.0813967 2 
0 0.0814146 2 
0 0.0815483 2 
0 0.0815997 2 
0 0.0816808 2 
0 0.0817338 2 
0 0.0817563 2 
0 0.0819053 2 
0 0.0819107 2 
0 0.0819626 2 
0 0.0819648 2 
0 0.0820305 2 
0 0.0821159 2 
0 0.0821808 2 
0 0.082187 2 
0 0.082189 2 
0 0.0822017 2 
0 0.0823395 2 
0 0.0825244 2 
0 0.082596 2 
0 0.0828606 2 
0 0.082919 2 
0 0.082936 2 
0 0.0832533 2 
0 0.0833833 2 
0 0.083419 2 
0 0.083439 2 
0 0.0840232 2 
0 0.0840493 2 
0 0.08409 2 
0 0.0843217 2 
0 0.0845528 2 
0 0.0850246 2 
0 0.0851318 2 
0 0.0853465 2 
0 0.08585 2 
0 0.0865086 2 
0 0.0866423 2 
0 0.0866557 2 
0 0.086941 2 
0 0.0872332 2 
0 0.0882829 2 
0 0.0886325 2 
0 0.0898555 2 
0 0.0933908 2 
0 0.0956918 2 
0 0.10204 2 
0 inf 2 
0 0.0302838 3 
0 0.0306733 3 
0 0.0308234 3 
0 0.03127 3 
0 0.0315082 3 
0 0.0315671 3 
0 0.0316047 3 
0 0.0316738 3 
0 0.0318127 3 
0 0.0321626 3 
0 0.0323553 3 
0 0.0327484 3 
0 0.0328882 3 
0 0.0329167 3 
0 0.0331438 3 
0 0.0333356 3 
0 0.0334082 3 
0 0.0335519 3 
0 0.0336591 3 
0 0.0337352 3 
0 0.0337519 3 
0 0.0338046 3 
0 0.0338258 3 
0 0.033834 3 
0 0.0338909 3 
0 0.0339429 3 
0 0.0339773 3 
0 0.0343071 3 
0 0.0343124 3 
0 0.0343511 3 
0 0.0343651 3 
0 0.0344352 3 
0 0.0344457 3 
0 0.0344469 3 
0 0.0345366 3 
0 0.0345672 3 
0 0.0345815 3 
0 0.0345927 3 
0 0.0346089 3 
0 0.034686 3 
0 0.0346958 3 
0 0.0347318 3 
0 0.034841 3 
0 0.0348472 3 
0 0.0348689 3 
0 0.0349301 3 
0 0.034965 3 
0 0.0349655 3 
0 0.0351094 3 
0 0.0351583 3 
0 0.035184 3 
0 0.0352065 3 
0 0.035225 3 
0 0.0352551 3 
0 0.0352615 3 
0 0.0353738 3 
0 0.0353817 3 
0 0.035388 3 
0 0.0354316 3 
0 0.0354324 3 
0 0.0354979 3 
0 0.035548 3 
0 0.0355537 3 
0 0.0356362 3 
0 0.0356395 3 
0 0.0356686 3 
0 0.0356939 3 
0 0.0357076 3 
0 0.0357513 3 
0 0.0358951 3 
0 0.0359439 3 
0 0.0359579 3 
0 0.0359857 3 
0 0.036056 3 
0 0.0361434 3 
0 0.0361797 3 
0 0.036222 3 
0 0.0362462 3 
0 0.0362857 3 
0 0.0363116 3 
0 0.0363479 3 
0 0.0363494 3 
0 0.0363792 3 
0 0.0363813 3 
0 0.0364015 3 
0 0.0364465 3 
0 0.0364496 3 
0 0.0364893 3 
0 0.0366633 3 
0 0.0367361 3 
0 0.0368309 3 
0 0.0368868 3 
0 0.036997 3 
0 0.0370168 3 
0 0.0371292 3 
0 0.0371628 3 
0 0.0371974 3 
0 0.0374214 3 
0 0.0374266 3 
0 0.0376153 3 
0 0.0376829 3 
0 0.0377526 3 
0 0.0377718 3 
0 0.037794 3 
0 0.0378027 3 
0 0.0380432 3 
0 0.0381009 3 
0 0.0381729 3 
0 0.038194 3 
0 0.0384265 3 
0 0.0385155 3 
0 0.0385935 3 
0 0.0386356 3 
0 0.0389166 3 
0 0.0390478 3 
0 0.0392689 3 
0 0.0392778 3 
0 0.0393387 3 
0 0.0401086 3 
0 0.0406544 3 
0 0.0409715 3 
0 0.0414899 3 
0 0.04201 3 
0 0.0426118 3 
0 0.0468025 3 
0 0.0527689 3 
0 0.0562054 3 
0 inf 3 
0 0.0130455 4 
0 0.0134434 4 
0 0.0135899 4 
0 0.0137561 4 
0 0.0137835 4 
0 0.0138156 4 
0 0.0139927 4 
0 0.0141477 4 
0 0.0144412 4 
0 0.0145924 4 
0 0.0146646 4 
0 0.0147044 4 
0 0.0147619 4 
0 0.0148298 4 
0 0.0149359 4 
0 0.0151471 4 
0 0.0152456 4 
0 0.0153088 4 
0 0.0153406 4 
0 0.0154232 4 
0 0.01548 4 
0 0.0155018 4 
0 0.0155835 4 
0 0.0155898 4 
0 0.0156078 4 
0 0.0156394 4 
0 0.0156633 4 
0 0.015683 4 
0 0.0156955 4 
0 0.015861 4 
0 0.0159662 4 
0 0.0159729 4 
0 0.0159744 4 
0 0.015975 4 
0 0.0160226 4 
0 0.0160584 4 
0 0.0160876 4 
0 0.0160904 4 
0 0.0161178 4 
0 0.0161181 4 
0 0.016165 4 
0 0.0161779 4 
0 0.0161784 4 
0 0.0162536 4 
0 0.0162839 4 
0 0.0163148 4 
0 0.0163627 4 
0 0.016375 4 
0 0.0164077 4 
0 0.0164125 4 
0 0.0164189 4 
0 0.0164691 4 
0 0.0165015 4 
0 0.0165038 4 
0 0.0165105 4 
0 0.0165928 4 
0 0.0165997 4 
0 0.0166037 4 
0 0.0166662 4 
0 0.0166703 4 
0 0.0166741 4 
0 0.0167217 4 
0 0.0167266 4 
0 0.0167819 4 
0 0.0167917 4 
0 0.0168045 4 
0 0.0168076 4 
0 0.0168875 4 
0 0.0169279 4 
0 0.0169599 4 
0 0.0169669 4 
0 0.0169725 4 
0 0.0170024 4 
0 0.0170191 4 
0 0.0170812 4 
0 0.017128 4 
0 0.0172305 4 
0 0.0172344 4 
0 0.0172656 4 
0 0.0172687 4 
0 0.0172848 4 
0 0.0173114 4 
0 0.017392 4 
0 0.0174356 4 
0 0.0175022 4 
0 0.0175203 4 
0 0.0175628 4 
0 0.0175837 4 
0 0.0175942 4 
0 0.0176546 4 
0 0.0176776 4 
0 0.0176894 4 
0 0.0177354 4 
0 0.0177836 4 
0 0.0177931 4 
0 0.0177979 4 
0 0.0178593 4 
0 0.0178614 4 
0 0.0179299 4 
0 0.0181175 4 
0 0.0181231 4 
0 0.0182086 4 
0 0.0183358 4 
0 0.0183542 4 
0 0.0184186 4 
0 0.0184609 4 
0 0.0184722 4 
0 0.0185669 4 
0 0.0185964 4 
0 0.0186377 4 
0 0.01873 4 
0 0.0188672 4 
0 0.0189566 4 
0 0.0189902 4 
0 0.0190401 4 
0 0.0191417 4 
0 0.0192868 4 
0 0.0194987 4 
0 0.0197778 4 
0 0.0203164 4 
0 0.020375 4 
0 0.0211035 4 
0 0.0214797 4 
0 0.021654 4 
0 0.0262227 4 
0 0.0329043 4 
0 0.0336607 4 
0 inf 4 
0 0.0057965 5 
0 0.00631481 5 
0 0.00636088 5 
0 0.00646442 5 
0 0.00650849 5 
0 0.0065919 5 
0 0.00659309 5 
0 0.00680959 5 
0 0.00685885 5 
0 0.00686159 5 
0 0.00696185 5 
0 0.00700679 5 
0 0.00704904 5 
0 0.00716484 5 
0 0.00722031 5 
0 0.0073472 5 
0 0.0074199 5 
0 0.00746531 5 
0 0.00746976 5 
0 0.00749414 5 
0 0.00755482 5 
0 0.007558 5 
0 0.00757905 5 
0 0.00761038 5 
0 0.00765775 5 
0 0.00765811 5 
0 0.00769821 5 
0 0.00770841 5 
0 0.00771292 5 
0 0.00773213 5 
0 0.00773647 5 
0 0.00775371 5 
0 0.0077742 5 
0 0.00779282 5 
0 0.00779288 5 
0 0.00780288 5 
0 0.00783606 5 
0 0.00787709 5 
0 0.00788491 5 
0 0.00792683 5 
0 0.0079331 5 
0 0.00802646 5 
0 0.00804019 5 
0 0.00806134 5 
0 0.00809541 5 
0 0.00812653 5 
0 0.00812857 5 
0 0.00813477 5 
0 0.00818201 5 
0 0.00818695 5 
0 0.00818862 5 
0 0.00819044 5 
0 0.00819532 5 
0 0.00820478 5 
0 0.00824935 5 
0 0.00828263 5 
0 0.00828823 5 
0 0.00829594 5 
0 0.00832679 5 
0 0.00838305 5 
0 0.00841175 5 
0 0.0084187 5 
0 0.00842961 5 
0 0.00843412 5 
0 0.00845315 5 
0 0.00845867 5 
0 0.00847819 5 
0 0.00848354 5 
0 0.00849615 5 
0 0.00850364 5 
0 0.00851424 5 
0 0.00852157 5 
0 0.00853462 5 
0 0.00858253 5 
0 0.0085905 5 
0 0.00860096 5 
0 0.00860206 5 
0 0.00862952 5 
0 0.00862973 5 
0 0.0086332 5 
0 0.0086489 5 
0 0.00868444 5 
0 0.00869326 5 
0 0.00869845 5 
0 0.00873069 5 
0 0.00873368 5 
0 0.00877617 5 
0 0.00878048 5 
0 0.00878224 5 
0 0.0088811 5 
0 0.00893601 5 
0 0.00894727 5 
0 0.00900155 5 
0 0.00903068 5 
0 0.00904516 5 
0 0.00917341 5 
0 0.00920446 5 
0 0.0092114 5 
0 0.00929449 5 
0 0.00931023 5 
0 0.00933344 5 
0 0.00933468 5 
0 0.00933804 5 
0 0.00933897 5 
0 0.00942346 5 
0 0.00943834 5 
0 0.00951075 5 
0 0.00954808 5 
0 0.00955109 5 
0 0.00958023 5 
0 0.00960358 5 
0 0.009669 5 
0 0.00969631 5 
0 0.00989401 5 
0 0.0100068 5 
0 0.0100375 5 
0 0.0101169 5 
0 0.0102291 5 
0 0.0103334 5 
0 0.0107628 5 
0 0.0109052 5 
0 0.0115724 5 
0 0.0115732 5 
0 0.0116522 5 
0 0.0161792 5 
0 0.0215709 5 
0 0.0218445 5 
0 inf 5 
0 0.00272818 6 
0 0.002952 6 
0 0.0031549 6 
0 0.00333216 6 
0 0.0033588 6 
0 0.00338209 6 
0 0.00339581 6 
0 0.00353256 6 
0 0.00355055 6 
0 0.00360399 6 
0 0.00361653 6 
0 0.00362338 6 
0 0.00364213 6 
0 0.0036465 6 
0 0.00364789 6 
0 0.00364844 6 
0 0.00365262 6 
0 0.00369821 6 
0 0.0037335 6 
0 0.00373455 6 
0 0.00376557 6 
0 0.00387506 6 
0 0.00388779 6 
0 0.0039522 6 
0 0.00396154 6 
0 0.00396773 6 
0 0.00397818 6 
0 0.00400437 6 
0 0.00402384 6 
0 0.00406066 6 
0 0.0040788 6 
0 0.00408454 6 
0 0.00408604 6 
0 0.00408952 6 
0 0.00412341 6 
0 0.00413752 6 
0 0.00414395 6 
0 0.00418647 6 
0 0.00419802 6 
0 0.00420253 6 
0 0.00420992 6 
0 0.00421399 6 
0 0.00421592 6 
0 0.00423478 6 
0 0.00424828 6 
0 0.00426052 6 
0 0.00426929 6 
0 0.00427033 6 
0 0.00427045 6 
0 0.00427214 6 
0 0.00427321 6 
0 0.00428375 6 
0 0.00428376 6 
0 0.00428813 6 
0 0.00429739 6 
0 0.00430065 6 
0 0.00430694 6 
0 0.0043231 6 
0 0.00432629 6 
0 0.00434111 6 
0 0.00434856 6 
0 0.00435148 6 
0 0.00438287 6 
0 0.00439771 6 
0 0.00440634 6 
0 0.00442977 6 
0 0.00445221 6 
0 0.00446009 6 
0 0.00447206 6 
0 0.00448873 6 
0 0.00450254 6 
0 0.00451624 6 
0 0.00452039 6 
0 0.00452626 6 
0 0.00452819 6 
0 0.00453328 6 
0 0.00457883 6 
0 0.00461803 6 
0 0.00463176 6 
0 0.00464977 6 
0 0.00466989 6 
0 0.00467282 6 
0 0.00468736 6 
0 0.00470612 6 
0 0.00471244 6 
0 0.00475594 6 
0 0.00480591 6 
0 0.0048318 6 
0 0.00483262 6 
0 0.00484269 6 
0 0.00491572 6 
0 0.00492227 6 
0 0.00493464 6 
0 0.00496733 6 
0 0.00500629 6 
0 0.00501352 6 
0 0.00502068 6 
0 0.00502199 6 
0 0.00504042 6 
0 0.00505094 6 
0 0.00506008 6 
0 0.00508088 6 
0 0.00510706 6 
0 0.00510724 6 
0 0.0053206 6 
0 0.00532406 6 
0 0.00535052 6 
0 0.0053673 6 
0 0.00537683 6 
0 0.00539659 6 
0 0.00540171 6 
0 0.00540696 6 
0 0.00553466 6 
0 0.00553481 6 
0 0.00557264 6 
0 0.00565676 6 
0 0.00571765 6 
0 0.0057709 6 
0 0.00580303 6 
0 0.00596508 6 
0 0.00616654 6 
0 0.00623884 6 
0 0.00670841 6 
0 0.0068223 6 
0 0.0106741 6 
0 0.0148578 6 
0 0.0149229 6 
0 inf 6 
0 0.0013915 7 
0 0.00143123 7 
0 0.00172988 7 
0 0.00175887 7 
0 0.00177128 7 
0 0.001815 7 
0 0.00183254 7 
0 0.00186494 7 
0 0.00190709 7 
0 0.00192171 7 
0 0.00193769 7 
0 0.0019501 7 
0 0.00200706 7 
0 0.00201325 7 
0 0.00201872 7 
0 0.00202179 7 
0 0.00204196 7 
0 0.00205189 7 
0 0.00205347 7 
0 0.00205366 7 
0 0.00207807 7 
0 0.00210689 7 
0 0.00211571 7 
0 0.00214228 7 
0 0.00215022 7 
0 0.00215269 7 
0 0.00215298 7 
0 0.00216193 7 
0 0.00217017 7 
0 0.00218102 7 
0 0.00218899 7 
0 0.00220457 7 
0 0.00221434 7 
0 0.00222544 7 
0 0.00223502 7 
0 0.00224711 7 
0 0.00224879 7 
0 0.00225612 7 
0 0.00225845 7 
0 0.00226765 7 
0 0.00228511 7 
0 0.00228543 7 
0 0.00228546 7 
0 0.00228919 7 
0 0.00229002 7 
0 0.00229883 7 
0 0.00229982 7 
0 0.00230482 7 
0 0.00231682 7 
0 0.00233871 7 
0 0.00234756 7 
0 0.0023589 7 
0 0.00236094 7 
0 0.00236702 7 
0 0.00240127 7 
0 0.00240157 7 
0 0.00240315 7 
0 0.00240548 7 
0 0.00241409 7 
0 0.00241422 7 
0 0.00242607 7 
0 0.00242794 7 
0 0.00244989 7 
0 0.00245279 7 
0 0.0025146 7 
0 0.00254634 7 
0 0.0025597 7 
0 0.00258447 7 
0 0.00260668 7 
0 0.00260847 7 
0 0.00261192 7 
0 0.00261491 7 
0 0.00263815 7 
0 0.00264719 7 
0 0.00265248 7 
0 0.00265527 7 
0 0.00268132 7 
0 0.00268675 7 
0 0.00271673 7 
0 0.00272209 7 
0 0.00273801 7 
0 0.00274296 7 
0 0.00274577 7 
0 0.0027479 7 
0 0.00278841 7 
0 0.00278889 7 
0 0.00279343 7 
0 0.00279652 7 
0 0.00282059 7 
0 0.00282292 7 
0 0.00289426 7 
0 0.00289524 7 
0 0.00290165 7 
0 0.00291227 7 
0 0.0029142 7 
0 0.00291612 7 
0 0.00294995 7 
0 0.00296497 7 
0 0.00297332 7 
0 0.00299549 7 
0 0.00301354 7 
0 0.00301387 7 
0 0.00302756 7 
0 0.00305815 7 
0 0.00305949 7 
0 0.00306273 7 
0 0.00310351 7 
0 0.00316996 7 
0 0.00323957 7 
0 0.00325378 7 
0 0.00325695 7 
0 0.00332088 7 
0 0.00339644 7 
0 0.00341288 7 
0 0.00345466 7 
0 0.00348895 7 
0 0.00349515 7 
0 0.00352229 7 
0 0.00359087 7 
0 0.00366234 7 
0 0.00367358 7 
0 0.00391575 7 
0 0.00404906 7 
0 0.00432542 7 
0 0.00732212 7 
0 0.010462 7 
0 0.0106282 7 
0 inf 7 
0 0.000723519 8 
0 0.00078524 8 
0 0.000916667 8 
0 0.000988269 8 
0 0.00100653 8 
0 0.00101879 8 
0 0.00105603 8 
0 0.00105869 8 
0 0.00106628 8 
0 0.00107644 8 
0 0.00108227 8 
0 0.00109119 8 
0 0.00109643 8 
0 0.00112073 8 
0 0.00114666 8 
0 0.00114949 8 
0 0.00115624 8 
0 0.00116489 8 
0 0.00117089 8 
0 0.00117291 8 
0 0.00117921 8 
0 0.00118728 8 
0 0.00120841 8 
0 0.00122647 8 
0 0.00123007 8 
0 0.0012339 8 
0 0.00124212 8 
0 0.00124526 8 
0 0.00124914 8 
0 0.00125799 8 
0 0.00126093 8 
0 0.00127481 8 
0 0.00128379 8 
0 0.00128947 8 
0 0.00129077 8 
0 0.00129941 8 
0 0.00129953 8 
0 0.0013021 8 
0 0.00130447 8 
0 0.00130508 8 
0 0.00130668 8 
0 0.00130977 8 
0 0.00131414 8 
0 0.00133187 8 
0 0.0013384 8 
0 0.00134134 8 
0 0.00134336 8 
0 0.00134581 8 
0 0.0013569 8 
0 0.00136091 8 
0 0.0013665 8 
0 0.00136679 8 
0 0.00137977 8 
0 0.00138809 8 
0 0.00139689 8 
0 0.00139869 8 
0 0.00140007 8 
0 0.00142702 8 
0 0.00144015 8 
0 0.00144099 8 
0 0.00144901 8 
0 0.0014517 8 
0 0.00145268 8 
0 0.00146708 8 
0 0.00148508 8 
0 0.00150591 8 
0 0.0015368 8 
0 0.00156243 8 
0 0.00158168 8 
0 0.00158271 8 
0 0.00158634 8 
0 0.00158952 8 
0 0.00159911 8 
0 0.00161426 8 
0 0.00163698 8 
0 0.00164072 8 
0 0.00167109 8 
0 0.00167268 8 
0 0.00167745 8 
0 0.00168031 8 
0 0.00169598 8 
0 0.00169718 8 
0 0.0016994 8 
0 0.00170218 8 
0 0.00170933 8 
0 0.0017113 8 
0 0.00171508 8 
0 0.00173125 8 
0 0.00176167 8 
0 0.00177137 8 
0 0.00180991 8 
0 0.00182536 8 
0 0.00183786 8 
0 0.00184063 8 
0 0.00184442 8 
0 0.00184684 8 
0 0.00184695 8 
0 0.00185062 8 
0 0.00185462 8 
0 0.00187724 8 
0 0.00188645 8 
0 0.00189078 8 
0 0.00190318 8 
0 0.00192818 8 
0 0.00194259 8 
0 0.00199789 8 
0 0.00203082 8 
0 0.00204969 8 
0 0.00205048 8 
0 0.00205906 8 
0 0.00206809 8 
0 0.00207086 8 
0 0.00209267 8 
0 0.00212465 8 
0 0.0021283 8 
0 0.00230838 8 
0 0.00233298 8 
0 0.00233714 8 
0 0.00235471 8 
0 0.00238084 8 
0 0.00240515 8 
0 0.00254511 8 
0 0.00258708 8 
0 0.00289218 8 
0 0.00512705 8 
0 0.00742568 8 
0 0.00775379 8 
0 inf 8 
0 0.000385216 9 
0 0.000482078 9 
0 0.000489579 9 
0 0.000560894 9 
0 0.000569529 9 
0 0.000606429 9 
0 0.000607784 9 
0 0.000607894 9 
0 0.000635907 9 
0 0.000641194 9 
0 0.00064463 9 
0 0.000644838 9 
0 0.000647528 9 
0 0.000652323 9 
0 0.00065926 9 
0 0.000660984 9 
0 0.000666693 9 
0 0.000667911 9 
0 0.000669998 9 
0 0.000681643 9 
0 0.000708255 9 
0 0.000712802 9 
0 0.000729664 9 
0 0.000730223 9 
0 0.000739855 9 
0 0.000743073 9 
0 0.000754609 9 
0 0.000754822 9 
0 0.000756828 9 
0 0.000769306 9 
0 0.000770692 9 
0 0.000784364 9 
0 0.000792918 9 
0 0.000793614 9 
0 0.000806486 9 
0 0.000808625 9 
0 0.000808743 9 
0 0.000809724 9 
0 0.000813761 9 
0 0.000815107 9 
0 0.000824318 9 
0 0.000833597 9 
0 0.000833794 9 
0 0.000836381 9 
0 0.000838017 9 
0 0.000839289 9 
0 0.00084129 9 
0 0.000842302 9 
0 0.00084333 9 
0 0.000849409 9 
0 0.000851152 9 
0 0.000851965 9 
0 0.000857169 9 
0 0.000866602 9 
0 0.000872164 9 
0 0.000875738 9 
0 0.000880441 9 
0 0.00088341 9 
0 0.000904854 9 
0 0.000916297 9 
0 0.000923833 9 
0 0.000926601 9 
0 0.000935602 9 
0 0.000952294 9 
0 0.000957957 9 
0 0.000975228 9 
0 0.000975535 9 
0 0.000976053 9 
0 0.000977054 9 
0 0.000984372 9 
0 0.000990261 9 
0 0.0010325 9 
0 0.00103498 9 
0 0.00103598 9 
0 0.00104565 9 
0 0.00104923 9 
0 0.00106441 9 
0 0.00107216 9 
0 0.0010801 9 
0 0.00108016 9 
0 0.00108287 9 
0 0.00109031 9 
0 0.00109885 9 
0 0.00109982 9 
0 0.00111135 9 
0 0.0011201 9 
0 0.00112715 9 
0 0.00115111 9 
0 0.00115945 9 
0 0.00116203 9 
0 0.00116862 9 
0 0.00117372 9 
0 0.00118413 9 
0 0.00118544 9 
0 0.00121101 9 
0 0.0012114 9 
0 0.00123513 9 
0 0.00124039 9 
0 0.00124196 9 
0 0.00124758 9 
0 0.00124968 9 
0 0.00125162 9 
0 0.00126803 9 
0 0.00128737 9 
0 0.00128866 9 
0 0.00131436 9 
0 0.00133208 9 
0 0.00138852 9 
0 0.00138881 9 
0 0.00138961 9 
0 0.00140188 9 
0 0.00140817 9 
0 0.00141576 9 
0 0.00144509 9 
0 0.00146668 9 
0 0.00149617 9 
0 0.00159096 9 
0 0.00160266 9 
0 0.00160396 9 
0 0.00161737 9 
0 0.00169408 9 
0 0.00170496 9 
0 0.00177634 9 
0 0.00199859 9 
0 0.00362792 9 
0 0.00530164 9 
0 0.005713 9 
0 inf 9 
