0.532347 0.551115 0 
0.5323 0.554475 0 
0.530724 0.552732 0 
0.530344 0.545644 0 
0.53027 0.540696 0 
0.529879 0.536267 0 
0.529599 0.55175 0 
0.529477 0.547163 0 
0.529148 0.552895 0 
0.529001 0.549687 0 
0.529001 0.538297 0 
0.528928 0.549514 0 
0.528797 0.534804 0 
0.528769 0.549935 0 
0.528623 0.553257 0 
0.528581 0.537094 0 
0.528565 0.551999 0 
0.528358 0.537328 0 
0.528304 0.552377 0 
0.52829 0.535419 0 
0.528189 0.551449 0 
0.528187 0.549664 0 
0.528134 0.548845 0 
0.528072 0.54165 0 
0.52795 0.548955 0 
0.527896 0.53928 0 
0.527874 0.535089 0 
0.527745 0.551582 0 
0.527694 0.538016 0 
0.527688 0.540557 0 
0.527661 0.551185 0 
0.527639 0.53675 0 
0.527534 0.550622 0 
0.527474 0.552143 0 
0.527379 0.552289 0 
0.527356 0.537748 0 
0.527344 0.540829 0 
0.527196 0.553572 0 
0.527173 0.535186 0 
0.527134 0.552363 0 
0.526954 0.549664 0 
0.526866 0.552032 0 
0.526863 0.53763 0 
0.526757 0.540884 0 
0.526646 0.545298 0 
0.526444 0.550599 0 
0.526392 0.55241 0 
0.526324 0.540151 0 
0.526028 0.549353 0 
0.525961 0.55175 0 
0.525751 0.533874 0 
0.525661 0.541883 0 
0.525579 0.539207 0 
0.525168 0.539982 0 
0.524987 0.537068 0 
0.524842 0.541212 0 
0.524785 0.538571 0 
0.524712 0.536808 0 
0.524659 0.551509 0 
0.524327 0.535414 0 
0.524302 0.53832 0 
0.524188 0.55241 0 
0.523888 0.550197 0 
0.523849 0.552939 0 
0.523551 0.536672 0 
0.523536 0.535875 0 
0.523394 0.536207 0 
0.523342 0.553367 0 
0.523253 0.537674 0 
0.523246 0.547528 0 
0.523191 0.553024 0 
0.523097 0.547081 0 
0.523023 0.550879 0 
0.522943 0.522954 0 
0.52286 0.550197 0 
0.522855 0.544448 0 
0.522854 0.550413 0 
0.522647 0.551668 0 
0.52262 0.53684 0 
0.522553 0.549489 0 
0.522532 0.543326 0 
0.522301 0.552059 0 
0.52223 0.552545 0 
0.522105 0.552698 0 
0.521967 0.551688 0 
0.521831 0.545187 0 
0.52178 0.539195 0 
0.521731 0.538123 0 
0.521707 0.541777 0 
0.521669 0.551909 0 
0.5216 0.542301 0 
0.52115 0.551576 0 
0.521127 0.548968 0 
0.521036 0.548493 0 
0.520888 0.535567 0 
0.520681 0.550746 0 
0.520619 0.552124 0 
0.520401 0.550349 0 
0.51998 0.549026 0 
0.519977 0.550225 0 
0.519973 0.54191 0 
0.519943 0.550304 0 
0.519617 0.549026 0 
0.51946 0.542585 0 
0.519236 0.539936 0 
0.518126 0.550633 0 
0.517325 0.540466 0 
0.514484 0.551653 0 
0.512614 0.512638 0 
0.51075 0.511435 0 
0.510688 0.513895 0 
0.510633 0.511008 0 
0.510103 0.510435 0 
0.510032 0.510117 0 
0.509871 0.510749 0 
0.509707 0.511152 0 
0.509569 0.510355 0 
0.509438 0.510458 0 
0.509386 0.510525 0 
0.509249 0.509818 0 
0.509008 0.510533 0 
0.508691 0.509087 0 
0.508436 0.508609 0 
0.508419 0.50878 0 
0.508417 0.50856 0 
0.508316 0.508832 0 
0.508308 0.508496 0 
0.508228 0.509122 0 
0.508117 0.508866 0 
0.508111 0.50836 0 
0.508062 0.509993 0 
0.507976 0.508974 0 
0.507873 0.509082 0 
0.507868 0.509154 0 
0.50785 0.508587 0 
0.507768 0.508354 0 
0.507764 0.509408 0 
0.507616 0.509082 0 
0.50755 0.508032 0 
0.507457 0.508535 0 
0.507452 0.509984 0 
0.507431 0.50793 0 
0.507356 0.509263 0 
0.507354 0.508676 0 
0.50734 0.508959 0 
0.50733 0.507776 0 
0.507297 0.508304 0 
0.507256 0.509845 0 
0.507224 0.508312 0 
0.507221 0.508204 0 
0.507066 0.507352 0 
0.507022 0.507218 0 
0.506994 0.508018 0 
0.506811 0.507996 0 
0.506593 0.508443 0 
0.506572 0.508763 0 
0.506559 0.508232 0 
0.506511 0.506882 0 
0.50651 0.506947 0 
0.506469 0.508832 0 
0.506445 0.507131 0 
0.506256 0.509806 0 
0.506232 0.506852 0 
0.506206 0.509988 0 
0.506176 0.508593 0 
0.506006 0.508456 0 
0.505917 0.510553 0 
0.505771 0.507705 0 
0.505725 0.507703 0 
0.505584 0.506569 0 
0.505584 0.508998 0 
0.505581 0.509185 0 
0.505531 0.508715 0 
0.505516 0.507498 0 
0.505381 0.506409 0 
0.50535 0.506965 0 
0.505315 0.507335 0 
0.50528 0.508637 0 
0.505259 0.508832 0 
0.505235 0.507359 0 
0.505234 0.509438 0 
0.505234 0.506836 0 
0.505157 0.507454 0 
0.505127 0.507499 0 
0.505101 0.507869 0 
0.5051 0.509889 0 
0.504988 0.507264 0 
0.504949 0.507196 0 
0.50488 0.505638 0 
0.50487 0.506396 0 
0.504789 0.507025 0 
0.504774 0.505655 0 
0.504773 0.506697 0 
0.50474 0.506077 0 
0.504579 0.50664 0 
0.504499 0.509456 0 
0.504437 0.507084 0 
0.504352 0.507143 0 
0.50423 0.504491 0 
0.503871 0.509005 0 
0.503672 0.508377 0 
0.503312 0.507213 0 
0.503146 0.510648 0 
0.502909 0.507559 0 
0.502493 0.507676 0 
0.501987 0.506554 0 
0.501867 0.504271 0 
0.256201 0.26173 1 
0.255688 0.258033 1 
0.255557 0.257335 1 
0.255536 0.257349 1 
0.254895 0.257351 1 
0.254747 0.25691 1 
0.254397 0.260566 1 
0.253749 0.25746 1 
0.25373 0.25828 1 
0.252817 0.257223 1 
0.252584 0.257702 1 
0.252525 0.256396 1 
0.251967 0.259671 1 
0.251323 0.255389 1 
0.251291 0.257492 1 
0.251144 0.255853 1 
0.250467 0.257151 1 
0.249703 0.257501 1 
0.246049 0.253316 1 
0.24602 0.248489 1 
0.245483 0.255474 1 
0.245075 0.251271 1 
0.244776 0.256489 1 
0.244595 0.252812 1 
0.24441 0.253222 1 
0.243858 0.254532 1 
0.24351 0.255942 1 
0.242772 0.256958 1 
0.242198 0.255129 1 
0.242067 0.248333 1 
0.242012 0.247796 1 
0.241907 0.254152 1 
0.241504 0.251696 1 
0.241473 0.253065 1 
0.240308 0.250052 1 
0.240291 0.249622 1 
0.240153 0.257436 1 
0.240152 0.246059 1 
0.239062 0.249303 1 
0.238907 0.25351 1 
0.238779 0.245845 1 
0.238055 0.240962 1 
0.237924 0.252226 1 
0.237393 0.241822 1 
0.236703 0.253164 1 
0.236214 0.250052 1 
0.236163 0.24974 1 
0.235636 0.235948 1 
0.235591 0.248806 1 
0.235162 0.252459 1 
0.233393 0.244235 1 
0.232535 0.247424 1 
0.232102 0.241635 1 
0.231769 0.247796 1 
0.22977 0.25043 1 
0.229284 0.231982 1 
0.228821 0.249134 1 
0.228598 0.249378 1 
0.227184 0.250026 1 
0.204352 0.205412 1 
0.201126 0.201132 1 
0.200379 0.201292 1 
0.200263 0.201952 1 
0.200183 0.200279 1 
0.200153 0.200234 1 
0.19905 0.19969 1 
0.198803 0.200437 1 
0.198478 0.201776 1 
0.198437 0.199432 1 
0.198265 0.198557 1 
0.197846 0.197954 1 
0.197609 0.198767 1 
0.197482 0.197932 1 
0.197481 0.197655 1 
0.197448 0.197655 1 
0.197317 0.198673 1 
0.197311 0.198554 1 
0.197292 0.197949 1 
0.197275 0.198729 1 
0.197159 0.19776 1 
0.197112 0.197419 1 
0.197091 0.197435 1 
0.19703 0.198731 1 
0.196929 0.197048 1 
0.196924 0.199468 1 
0.196883 0.202571 1 
0.196584 0.197096 1 
0.19657 0.197859 1 
0.196513 0.196979 1 
0.196498 0.197394 1 
0.196477 0.200155 1 
0.196421 0.197586 1 
0.196415 0.196985 1 
0.196401 0.196569 1 
0.196267 0.197386 1 
0.196225 0.198353 1 
0.196155 0.197452 1 
0.195994 0.198115 1 
0.195968 0.196118 1 
0.195958 0.198579 1 
0.195468 0.197968 1 
0.195317 0.198724 1 
0.195311 0.197683 1 
0.19519 0.197874 1 
0.19513 0.198339 1 
0.195023 0.195255 1 
0.194997 0.197386 1 
0.194977 0.196428 1 
0.194908 0.195387 1 
0.194831 0.198767 1 
0.194806 0.198592 1 
0.194624 0.196442 1 
0.194607 0.194956 1 
0.194574 0.195391 1 
0.194514 0.195366 1 
0.19451 0.195592 1 
0.194467 0.198839 1 
0.194369 0.195838 1 
0.194213 0.197717 1 
0.194183 0.195366 1 
0.19409 0.196442 1 
0.194069 0.194573 1 
0.194041 0.19418 1 
0.193887 0.195174 1 
0.193855 0.195462 1 
0.193823 0.195366 1 
0.193798 0.198109 1 
0.193784 0.196819 1 
0.193696 0.198048 1 
0.193655 0.196835 1 
0.193608 0.195757 1 
0.193551 0.195349 1 
0.193513 0.195424 1 
0.193349 0.194375 1 
0.193107 0.195366 1 
0.193093 0.198831 1 
0.192996 0.196857 1 
0.192824 0.197598 1 
0.192778 0.193436 1 
0.192749 0.195197 1 
0.192585 0.19405 1 
0.192515 0.194953 1 
0.192412 0.195581 1 
0.192285 0.195453 1 
0.191809 0.193396 1 
0.191436 0.197242 1 
0.190492 0.193208 1 
0.190427 0.191799 1 
0.187886 0.189917 1 
0.146674 0.152045 2 
0.142707 0.142912 2 
0.14242 0.143201 2 
0.139708 0.141229 2 
0.137998 0.139199 2 
0.135975 0.137476 2 
0.134885 0.138408 2 
0.132276 0.137476 2 
0.131863 0.134871 2 
0.130457 0.138611 2 
0.129449 0.139403 2 
0.128878 0.137639 2 
0.0903947 0.0908097 2 
0.0886223 0.0888836 2 
0.0871651 0.0902581 2 
0.0858603 0.0879558 2 
0.0857806 0.088659 2 
0.0856815 0.0875441 2 
0.0855381 0.087309 2 
0.0845245 0.0847316 2 
0.0841424 0.0842929 2 
0.083728 0.0845777 2 
0.0836263 0.0847359 2 
0.0832226 0.0845777 2 
0.082966 0.0875441 2 
0.0829614 0.0830294 2 
0.0829319 0.085233 2 
0.082815 0.084889 2 
0.0824946 0.084099 2 
0.0822356 0.0857174 2 
0.0822105 0.0843578 2 
0.0822094 0.0823714 2 
0.082151 0.0822529 2 
0.0821316 0.0842254 2 
0.0821098 0.0828517 2 
0.0820566 0.0821078 2 
0.0819885 0.0819954 2 
0.0819268 0.0827173 2 
0.0818544 0.083135 2 
0.0818455 0.0825321 2 
0.0817827 0.0825321 2 
0.0817617 0.0822529 2 
0.0817387 0.0836194 2 
0.0817248 0.0818153 2 
0.0816556 0.0817755 2 
0.0816034 0.0842844 2 
0.0815121 0.0826848 2 
0.0814358 0.0843154 2 
0.0814187 0.0839924 2 
0.0813411 0.08455 2 
0.0811872 0.0844565 2 
0.0811011 0.0822481 2 
0.0810974 0.0838564 2 
0.0810176 0.08132 2 
0.0808781 0.0834644 2 
0.0808244 0.0821118 2 
0.0808136 0.0813659 2 
0.0807622 0.0818645 2 
0.0807462 0.0822652 2 
0.0805724 0.0831136 2 
0.08053 0.0821104 2 
0.0805266 0.0812381 2 
0.0805025 0.081085 2 
0.0804583 0.0805886 2 
0.0804333 0.083135 2 
0.0803616 0.081007 2 
0.0803585 0.0812072 2 
0.0801903 0.0820174 2 
0.0800166 0.0857349 2 
0.0799742 0.0827688 2 
0.0799007 0.0808426 2 
0.0797741 0.0800642 2 
0.0796978 0.0804515 2 
0.0796244 0.081896 2 
0.0795895 0.0818053 2 
0.0792348 0.079459 2 
0.079178 0.0814994 2 
0.0791064 0.079459 2 
0.0790567 0.0828778 2 
0.0790036 0.0822472 2 
0.0789103 0.0831922 2 
0.0788634 0.0795426 2 
0.0787097 0.080106 2 
0.0785668 0.080375 2 
0.0784981 0.0814915 2 
0.0784894 0.0802194 2 
0.0784851 0.0791873 2 
0.0784058 0.0800339 2 
0.0782486 0.0831029 2 
0.0781807 0.0794729 2 
0.0762681 0.07677 2 
0.0760857 0.0794385 2 
0.0750931 0.0758623 2 
0.0750115 0.0755687 2 
0.0911681 0.0917977 3 
0.0907392 0.0936528 3 
0.0436277 0.0449744 3 
0.0431403 0.0435202 3 
0.0415329 0.0420345 3 
0.0408417 0.0420345 3 
0.0405277 0.0437551 3 
0.0398396 0.0401826 3 
0.0398231 0.0398385 3 
0.0395995 0.0399268 3 
0.0394871 0.040285 3 
0.0393499 0.0414613 3 
0.0392456 0.0407944 3 
0.0388094 0.0401826 3 
0.0387513 0.0387781 3 
0.0386923 0.0405414 3 
0.0382097 0.0383311 3 
0.038171 0.0385476 3 
0.0377931 0.0402362 3 
0.0377886 0.0378524 3 
0.0376032 0.0380761 3 
0.037453 0.0374548 3 
0.0373884 0.0387255 3 
0.0373456 0.0383311 3 
0.0373244 0.0385571 3 
0.0372512 0.0377839 3 
0.0371516 0.0383281 3 
0.0371373 0.0392312 3 
0.0370024 0.0386587 3 
0.0369825 0.0376567 3 
0.0368635 0.0379406 3 
0.0368185 0.0395563 3 
0.0367954 0.0376567 3 
0.0367647 0.0407237 3 
0.0367467 0.0371006 3 
0.0366946 0.0385463 3 
0.0366407 0.0386504 3 
0.0366361 0.0369595 3 
0.0366048 0.0378852 3 
0.0365235 0.0389915 3 
0.0363807 0.0382048 3 
0.0363365 0.0368805 3 
0.0362237 0.0366183 3 
0.0360822 0.0383277 3 
0.03606 0.0366183 3 
0.0360087 0.0379154 3 
0.0359554 0.0375245 3 
0.0359356 0.0383547 3 
0.0359194 0.036384 3 
0.0359089 0.0366139 3 
0.0358981 0.0377839 3 
0.0357799 0.0364384 3 
0.0357089 0.0368805 3 
0.0356968 0.0371318 3 
0.035594 0.0370089 3 
0.0355201 0.0383277 3 
0.0355007 0.03678 3 
0.0354873 0.036629 3 
0.0354865 0.0363262 3 
0.0353677 0.0361798 3 
0.0352774 0.0356948 3 
0.0352708 0.0396118 3 
0.0351457 0.0357945 3 
0.0349906 0.036439 3 
0.0348773 0.0366232 3 
0.0348632 0.0350506 3 
0.0347977 0.035129 3 
0.0347605 0.0350891 3 
0.0345967 0.036629 3 
0.0344319 0.0369229 3 
0.0342612 0.0355819 3 
0.0342196 0.0350506 3 
0.0341992 0.0348615 3 
0.0341594 0.0362377 3 
0.0341191 0.0352045 3 
0.0340943 0.0349043 3 
0.0340113 0.0341654 3 
0.0339273 0.0347536 3 
0.0338489 0.0348008 3 
0.0336313 0.0378524 3 
0.0333977 0.0336404 3 
0.0327998 0.0358109 3 
0.0317087 0.0329195 3 
0.0680272 0.0694604 4 
0.0250116 0.0252317 4 
0.0241615 0.0243511 4 
0.0232482 0.0245965 4 
0.0226223 0.0229674 4 
0.0221087 0.0222901 4 
0.0213796 0.0219365 4 
0.0205445 0.022385 4 
0.0205326 0.02064 4 
0.0192115 0.019442 4 
0.0191069 0.0194485 4 
0.0191017 0.0191201 4 
0.0190598 0.0197288 4 
0.0188945 0.0192481 4 
0.0186538 0.0195847 4 
0.018589 0.0197988 4 
0.0185131 0.0192734 4 
0.0184669 0.0189937 4 
0.0184414 0.0184831 4 
0.0182779 0.019019 4 
0.0182346 0.0185442 4 
0.0182294 0.0185581 4 
0.0182015 0.019567 4 
0.0181716 0.0187872 4 
0.0180965 0.0198391 4 
0.0179933 0.0201229 4 
0.0179713 0.0183288 4 
0.0179658 0.0210129 4 
0.0178123 0.0206754 4 
0.017812 0.018058 4 
0.0176805 0.0183469 4 
0.017635 0.0178297 4 
0.0175478 0.0178413 4 
0.0174991 0.0181548 4 
0.0174884 0.018325 4 
0.017357 0.0173817 4 
0.0173366 0.0179545 4 
0.0173009 0.0183853 4 
0.0172944 0.0189822 4 
0.0172395 0.0176433 4 
0.0172392 0.0173817 4 
0.0171981 0.0178413 4 
0.0171578 0.017904 4 
0.0171577 0.0172881 4 
0.0171373 0.0177305 4 
0.0170885 0.0174709 4 
0.0170428 0.0180897 4 
0.017001 0.019057 4 
0.0169998 0.0178595 4 
0.0168933 0.018064 4 
0.0168651 0.0179263 4 
0.0166576 0.0173375 4 
0.0164928 0.0174709 4 
0.0164154 0.0175981 4 
0.0162902 0.0175352 4 
0.0161848 0.0171794 4 
0.0161829 0.0174261 4 
0.0161086 0.0172579 4 
0.0161006 0.0164198 4 
0.0160931 0.0166469 4 
0.0159798 0.0179545 4 
0.0159295 0.0159461 4 
0.0158611 0.0169311 4 
0.0157084 0.0168083 4 
0.0153992 0.0162322 4 
0.0152579 0.015265 4 
0.0540965 0.0555997 5 
0.0127789 0.0130707 5 
0.0116562 0.0125959 5 
0.0110338 0.0116426 5 
0.0109509 0.0116083 5 
0.0108891 0.0117426 5 
0.0107742 0.0108437 5 
0.0106702 0.0114542 5 
0.0105735 0.0109712 5 
0.010498 0.0129797 5 
0.0102436 0.0104607 5 
0.0102163 0.0127263 5 
0.0101708 0.0120875 5 
0.0100547 0.0101906 5 
0.0096164 0.00975552 5 
0.00947302 0.0095154 5 
0.00946764 0.00974375 5 
0.00945052 0.00955777 5 
0.00945024 0.00947699 5 
0.00940724 0.00977701 5 
0.00930008 0.00963279 5 
0.00922124 0.00939996 5 
0.00916461 0.00994873 5 
0.00914088 0.00959929 5 
0.00889177 0.0103363 5 
0.0088439 0.00928909 5 
0.00878866 0.00929986 5 
0.00878051 0.00972788 5 
0.00877185 0.00974375 5 
0.00870734 0.0101722 5 
0.00869064 0.00942721 5 
0.00868291 0.00963279 5 
0.00867177 0.0091529 5 
0.00861511 0.0091529 5 
0.00852257 0.00904607 5 
0.00851244 0.00862067 5 
0.0082552 0.00825583 5 
0.00825067 0.00869081 5 
0.00822167 0.00837864 5 
0.00814307 0.0087533 5 
0.00783352 0.00818674 5 
0.00743008 0.00758127 5 
0.00737833 0.00816288 5 
0.0439888 0.0454427 6 
0.0109146 0.0123792 6 
0.00831747 0.00852494 6 
0.0078369 0.00830975 6 
0.00776861 0.00815991 6 
0.00753587 0.00850385 6 
0.00736712 0.00889666 6 
0.00734145 0.00736314 6 
0.00727043 0.0073182 6 
0.00716125 0.00741391 6 
0.00703358 0.00743421 6 
0.00695064 0.00729098 6 
0.0069412 0.00867047 6 
0.00692068 0.00815445 6 
0.00601311 0.00664242 6 
0.00594695 0.00615533 6 
0.00593666 0.00599327 6 
0.00585412 0.00656146 6 
0.00579784 0.00672039 6 
0.00571275 0.00578698 6 
0.00569298 0.00591812 6 
0.00566252 0.00678321 6 
0.00557077 0.00615533 6 
0.00553656 0.0060882 6 
0.00551758 0.00677227 6 
0.00546431 0.00556788 6 
0.00545836 0.00631755 6 
0.00542192 0.00652115 6 
0.00485422 0.00504007 6 
0.00471266 0.004951 6 
0.00429721 0.00443486 6 
0.00418146 0.0043157 6 
0.00410117 0.00437724 6 
0.0509934 0.0511387 7 
0.0360511 0.0374158 7 
0.0091144 0.00927049 7 
0.00845001 0.00952264 7 
0.00588033 0.00598264 7 
0.00578408 0.00679463 7 
0.0057706 0.00652235 7 
0.00573657 0.00687218 7 
0.00558517 0.00579552 7 
0.00554684 0.00621939 7 
0.00551846 0.00575566 7 
0.00548887 0.00568886 7 
0.0053303 0.00658463 7 
0.00530178 0.00535477 7 
0.00511315 0.00616251 7 
0.00482392 0.00514317 7 
0.00442708 0.00474412 7 
0.0043454 0.00494324 7 
0.00424496 0.00453045 7 
0.00423312 0.00477083 7 
0.0042096 0.00496824 7 
0.00411436 0.00429364 7 
0.00410479 0.00487461 7 
0.00405717 0.00477355 7 
0.00402024 0.00509209 7 
0.00400968 0.00516394 7 
0.00391581 0.00406848 7 
0.00390889 0.00392633 7 
0.00338534 0.00358888 7 
0.0031329 0.00314452 7 
0.00251321 0.00268672 7 
0.0296257 0.0309028 8 
0.00744645 0.00764454 8 
0.00693768 0.00759674 8 
0.00550518 0.00563545 8 
0.00466358 0.00558014 8 
0.00465282 0.00565168 8 
0.0045795 0.00534453 8 
0.00455397 0.0047146 8 
0.00450036 0.00460981 8 
0.00444234 0.00457731 8 
0.00439519 0.00447488 8 
0.00433486 0.00525385 8 
0.00432209 0.00464505 8 
0.00424541 0.00425521 8 
0.00404794 0.00486205 8 
0.00369096 0.00384725 8 
0.00368465 0.00413049 8 
0.00348438 0.00360576 8 
0.00347955 0.00391518 8 
0.00334116 0.00369731 8 
0.00330777 0.00372905 8 
0.00329203 0.00396909 8 
0.00329087 0.00336858 8 
0.00326776 0.00378832 8 
0.00316295 0.00331535 8 
0.00313133 0.00412728 8 
0.00312754 0.00404489 8 
0.00306682 0.0031345 8 
0.00298126 0.00302971 8 
0.00296616 0.00316952 8 
0.00282369 0.00292832 8 
0.00265099 0.00274992 8 
0.00177312 0.00192776 8 
0.0243683 0.0255511 9 
0.00622774 0.00639563 9 
0.0057967 0.00621668 9 
0.00440623 0.00458611 9 
0.00384936 0.00454739 9 
0.00381093 0.0046709 9 
0.00376966 0.00388971 9 
0.00374413 0.00441535 9 
0.00363875 0.00375368 9 
0.00360137 0.00426959 9 
0.00352359 0.00373443 9 
0.0034551 0.0034924 9 
0.00330191 0.00393372 9 
0.00311564 0.00316025 9 
0.00296956 0.00339646 9 
0.00293668 0.0029567 9 
0.00283146 0.00318688 9 
0.00274274 0.00293708 9 
0.00270453 0.003106 9 
0.00270122 0.00273374 9 
0.00269493 0.00329573 9 
0.00267102 0.00302143 9 
0.00258245 0.00328054 9 
0.00254899 0.00333617 9 
0.00248756 0.00254956 9 
0.00247939 0.0026531 9 
0.00236788 0.00257969 9 
0.0023645 0.00245686 9 
0.00223702 0.00240876 9 
0.00219124 0.00223776 9 
0.00158045 0.00164773 9 
0.00137 0.00150657 9 
