0 0.497347 0 
0 0.497625 0 
0 0.498286 0 
0 0.499578 0 
0 0.499757 0 
0 0.499799 0 
0 0.500474 0 
0 0.500563 0 
0 0.501018 0 
0 0.501047 0 
0 0.501147 0 
0 0.50169 0 
0 0.502128 0 
0 0.502783 0 
0 0.503039 0 
0 0.503139 0 
0 0.50332 0 
0 0.50367 0 
0 0.503895 0 
0 0.504231 0 
0 0.505022 0 
0 0.505376 0 
0 0.50551 0 
0 0.505526 0 
0 0.505843 0 
0 0.50601 0 
0 0.506154 0 
0 0.506377 0 
0 0.506466 0 
0 0.506753 0 
0 0.506943 0 
0 0.506968 0 
0 0.507279 0 
0 0.507342 0 
0 0.5074 0 
0 0.507409 0 
0 0.507465 0 
0 0.507515 0 
0 0.507526 0 
0 0.507554 0 
0 0.50763 0 
0 0.507669 0 
0 0.507796 0 
0 0.507953 0 
0 0.508024 0 
0 0.508138 0 
0 0.508179 0 
0 0.508185 0 
0 0.508226 0 
0 0.508341 0 
0 0.508376 0 
0 0.5084 0 
0 0.508419 0 
0 0.508433 0 
0 0.50862 0 
0 0.508705 0 
0 0.508747 0 
0 0.508829 0 
0 0.508838 0 
0 0.508844 0 
0 0.508986 0 
0 0.508991 0 
0 0.509091 0 
0 0.509099 0 
0 0.509103 0 
0 0.509153 0 
0 0.509165 0 
0 0.509168 0 
0 0.509172 0 
0 0.50937 0 
0 0.509434 0 
0 0.5095 0 
0 0.509508 0 
0 0.509515 0 
0 0.509556 0 
0 0.509604 0 
0 0.509636 0 
0 0.509649 0 
0 0.50967 0 
0 0.509679 0 
0 0.509715 0 
0 0.509738 0 
0 0.509851 0 
0 0.509856 0 
0 0.509908 0 
0 0.509931 0 
0 0.509937 0 
0 0.51003 0 
0 0.510053 0 
0 0.5101 0 
0 0.510157 0 
0 0.510163 0 
0 0.510258 0 
0 0.510368 0 
0 0.510377 0 
0 0.510509 0 
0 0.510513 0 
0 0.510605 0 
0 0.510637 0 
0 0.510671 0 
0 0.510801 0 
0 0.510919 0 
0 0.510969 0 
0 0.5111 0 
0 0.511157 0 
0 0.511167 0 
0 0.511228 0 
0 0.511251 0 
0 0.51135 0 
0 0.511364 0 
0 0.51146 0 
0 0.511515 0 
0 0.511525 0 
0 0.511623 0 
0 0.511824 0 
0 0.511983 0 
0 0.512024 0 
0 0.512031 0 
0 0.51213 0 
0 0.512347 0 
0 0.512381 0 
0 0.512449 0 
0 0.512478 0 
0 0.512645 0 
0 0.512911 0 
0 0.51346 0 
0 0.513474 0 
0 inf 0 
0 0.194052 1 
0 0.194178 1 
0 0.194783 1 
0 0.196518 1 
0 0.196701 1 
0 0.197165 1 
0 0.197224 1 
0 0.197473 1 
0 0.197624 1 
0 0.197812 1 
0 0.197823 1 
0 0.197886 1 
0 0.197936 1 
0 0.198013 1 
0 0.198052 1 
0 0.198377 1 
0 0.198449 1 
0 0.198843 1 
0 0.198973 1 
0 0.199005 1 
0 0.199024 1 
0 0.199044 1 
0 0.199265 1 
0 0.199401 1 
0 0.199453 1 
0 0.199612 1 
0 0.199716 1 
0 0.199728 1 
0 0.199757 1 
0 0.199796 1 
0 0.199804 1 
0 0.199835 1 
0 0.199884 1 
0 0.199964 1 
0 0.199972 1 
0 0.200053 1 
0 0.200079 1 
0 0.200192 1 
0 0.200207 1 
0 0.200246 1 
0 0.200304 1 
0 0.20032 1 
0 0.200442 1 
0 0.200481 1 
0 0.200499 1 
0 0.200557 1 
0 0.200599 1 
0 0.200659 1 
0 0.20072 1 
0 0.200822 1 
0 0.200881 1 
0 0.200914 1 
0 0.20093 1 
0 0.201042 1 
0 0.20111 1 
0 0.201145 1 
0 0.201173 1 
0 0.201197 1 
0 0.201225 1 
0 0.201264 1 
0 0.201317 1 
0 0.201338 1 
0 0.20134 1 
0 0.20134 1 
0 0.201402 1 
0 0.201476 1 
0 0.201507 1 
0 0.201539 1 
0 0.201551 1 
0 0.201614 1 
0 0.201663 1 
0 0.201685 1 
0 0.201735 1 
0 0.201772 1 
0 0.20185 1 
0 0.201887 1 
0 0.201945 1 
0 0.202045 1 
0 0.202068 1 
0 0.202079 1 
0 0.202107 1 
0 0.202117 1 
0 0.202156 1 
0 0.20216 1 
0 0.202163 1 
0 0.202184 1 
0 0.202184 1 
0 0.202205 1 
0 0.202208 1 
0 0.202284 1 
0 0.202312 1 
0 0.202323 1 
0 0.202396 1 
0 0.202424 1 
0 0.202442 1 
0 0.202446 1 
0 0.202475 1 
0 0.202491 1 
0 0.20251 1 
0 0.202616 1 
0 0.202686 1 
0 0.202733 1 
0 0.202812 1 
0 0.202874 1 
0 0.202924 1 
0 0.202932 1 
0 0.202959 1 
0 0.203017 1 
0 0.203097 1 
0 0.203169 1 
0 0.203268 1 
0 0.203448 1 
0 0.203516 1 
0 0.203616 1 
0 0.203633 1 
0 0.203645 1 
0 0.203667 1 
0 0.203678 1 
0 0.203813 1 
0 0.203883 1 
0 0.203909 1 
0 0.203995 1 
0 0.204026 1 
0 0.204113 1 
0 0.204119 1 
0 0.204205 1 
0 0.20551 1 
0 inf 1 
0 0.0814268 2 
0 0.0814442 2 
0 0.0814685 2 
0 0.0815867 2 
0 0.0817584 2 
0 0.0818137 2 
0 0.0819345 2 
0 0.0820877 2 
0 0.0823279 2 
0 0.0824693 2 
0 0.0825064 2 
0 0.0825358 2 
0 0.0829745 2 
0 0.0830599 2 
0 0.0830971 2 
0 0.0832196 2 
0 0.0832421 2 
0 0.0832999 2 
0 0.0834008 2 
0 0.0835592 2 
0 0.0836007 2 
0 0.0836451 2 
0 0.0837216 2 
0 0.0837298 2 
0 0.083791 2 
0 0.0839135 2 
0 0.0839587 2 
0 0.0839953 2 
0 0.084001 2 
0 0.0840408 2 
0 0.0840797 2 
0 0.0842984 2 
0 0.0843195 2 
0 0.0843435 2 
0 0.0843974 2 
0 0.0844777 2 
0 0.0845227 2 
0 0.0846007 2 
0 0.0846526 2 
0 0.0846654 2 
0 0.0847898 2 
0 0.0848306 2 
0 0.0848367 2 
0 0.0848679 2 
0 0.0848969 2 
0 0.0849632 2 
0 0.0849959 2 
0 0.0850486 2 
0 0.0851358 2 
0 0.0851634 2 
0 0.085237 2 
0 0.085313 2 
0 0.0853586 2 
0 0.085435 2 
0 0.0854478 2 
0 0.0854838 2 
0 0.0855507 2 
0 0.0855798 2 
0 0.0856012 2 
0 0.085604 2 
0 0.0856074 2 
0 0.0856281 2 
0 0.0856319 2 
0 0.0856467 2 
0 0.0856467 2 
0 0.0856652 2 
0 0.085675 2 
0 0.0856936 2 
0 0.0857348 2 
0 0.0857445 2 
0 0.0857552 2 
0 0.0857715 2 
0 0.0857914 2 
0 0.0857925 2 
0 0.0857996 2 
0 0.0858568 2 
0 0.0858756 2 
0 0.085905 2 
0 0.0859224 2 
0 0.0859542 2 
0 0.0860439 2 
0 0.0860782 2 
0 0.0861368 2 
0 0.0861633 2 
0 0.0861809 2 
0 0.0862069 2 
0 0.0863708 2 
0 0.0864049 2 
0 0.0864268 2 
0 0.0864429 2 
0 0.0864527 2 
0 0.0864611 2 
0 0.0864649 2 
0 0.0865161 2 
0 0.0865211 2 
0 0.0865349 2 
0 0.0865419 2 
0 0.0865657 2 
0 0.086633 2 
0 0.0866686 2 
0 0.0866884 2 
0 0.0867554 2 
0 0.0867688 2 
0 0.0867821 2 
0 0.0867927 2 
0 0.0868123 2 
0 0.0868178 2 
0 0.086867 2 
0 0.0869314 2 
0 0.0869517 2 
0 0.0870795 2 
0 0.0871743 2 
0 0.0871869 2 
0 0.0872289 2 
0 0.0872717 2 
0 0.0872804 2 
0 0.0873036 2 
0 0.0873164 2 
0 0.0873806 2 
0 0.0876384 2 
0 0.0878681 2 
0 0.0878987 2 
0 0.0880176 2 
0 0.0889732 2 
0 0.0891969 2 
0 0.0897025 2 
0 0.090464 2 
0 inf 2 
0 0.0352741 3 
0 0.0353811 3 
0 0.035627 3 
0 0.0356407 3 
0 0.0356897 3 
0 0.0357344 3 
0 0.0358811 3 
0 0.0363595 3 
0 0.0363672 3 
0 0.0363701 3 
0 0.0364061 3 
0 0.0364259 3 
0 0.0365226 3 
0 0.0366006 3 
0 0.0366307 3 
0 0.0366679 3 
0 0.0368445 3 
0 0.0368471 3 
0 0.0368635 3 
0 0.0369338 3 
0 0.0369985 3 
0 0.0370101 3 
0 0.037021 3 
0 0.0370286 3 
0 0.0370795 3 
0 0.0370858 3 
0 0.037295 3 
0 0.0373569 3 
0 0.0375059 3 
0 0.0375106 3 
0 0.0375324 3 
0 0.0375394 3 
0 0.0375606 3 
0 0.037603 3 
0 0.0376158 3 
0 0.0377627 3 
0 0.0378057 3 
0 0.0378194 3 
0 0.0378483 3 
0 0.0378863 3 
0 0.0379378 3 
0 0.0379552 3 
0 0.0379743 3 
0 0.0379921 3 
0 0.0380518 3 
0 0.0380693 3 
0 0.0380891 3 
0 0.0380901 3 
0 0.038091 3 
0 0.0380924 3 
0 0.0381078 3 
0 0.0381298 3 
0 0.0381505 3 
0 0.0381554 3 
0 0.0381937 3 
0 0.0382075 3 
0 0.0382204 3 
0 0.0382304 3 
0 0.0382563 3 
0 0.038287 3 
0 0.0383254 3 
0 0.0383402 3 
0 0.0383499 3 
0 0.0383636 3 
0 0.0383662 3 
0 0.038368 3 
0 0.0383917 3 
0 0.0383997 3 
0 0.0384099 3 
0 0.0384283 3 
0 0.0384968 3 
0 0.0385264 3 
0 0.0385484 3 
0 0.0385578 3 
0 0.0385943 3 
0 0.0386126 3 
0 0.0386246 3 
0 0.0386432 3 
0 0.0386604 3 
0 0.0386789 3 
0 0.0387094 3 
0 0.0387133 3 
0 0.0387293 3 
0 0.0387448 3 
0 0.0387521 3 
0 0.0387539 3 
0 0.0387586 3 
0 0.0388033 3 
0 0.0388207 3 
0 0.0388891 3 
0 0.0389208 3 
0 0.0389509 3 
0 0.0389597 3 
0 0.0389904 3 
0 0.0390562 3 
0 0.0390564 3 
0 0.0391437 3 
0 0.039161 3 
0 0.0391634 3 
0 0.0391682 3 
0 0.0391916 3 
0 0.0392502 3 
0 0.0392793 3 
0 0.0392919 3 
0 0.0393001 3 
0 0.0393121 3 
0 0.0393297 3 
0 0.0393317 3 
0 0.0393498 3 
0 0.0393758 3 
0 0.0394018 3 
0 0.0394447 3 
0 0.0394518 3 
0 0.0394591 3 
0 0.0395162 3 
0 0.0395197 3 
0 0.0396666 3 
0 0.0398129 3 
0 0.0402543 3 
0 0.0402644 3 
0 0.0405439 3 
0 0.0409025 3 
0 0.0411211 3 
0 0.0411899 3 
0 0.041224 3 
0 0.0418785 3 
0 0.0428146 3 
0 inf 3 
0 0.0159208 4 
0 0.0159322 4 
0 0.0160349 4 
0 0.0161862 4 
0 0.0162409 4 
0 0.0162973 4 
0 0.0163412 4 
0 0.0165532 4 
0 0.0165949 4 
0 0.0166085 4 
0 0.0167768 4 
0 0.0167853 4 
0 0.0168801 4 
0 0.0169285 4 
0 0.0169301 4 
0 0.0169513 4 
0 0.0169961 4 
0 0.0169961 4 
0 0.0169984 4 
0 0.0170002 4 
0 0.0170033 4 
0 0.0170257 4 
0 0.0170268 4 
0 0.0170312 4 
0 0.0170419 4 
0 0.0170634 4 
0 0.0170651 4 
0 0.0172119 4 
0 0.017219 4 
0 0.0173244 4 
0 0.0173697 4 
0 0.0174259 4 
0 0.0174331 4 
0 0.0174846 4 
0 0.0174854 4 
0 0.0175314 4 
0 0.0175404 4 
0 0.0175454 4 
0 0.0175611 4 
0 0.0175728 4 
0 0.0176007 4 
0 0.0176115 4 
0 0.0176449 4 
0 0.0176887 4 
0 0.0177025 4 
0 0.0177106 4 
0 0.0177142 4 
0 0.0177157 4 
0 0.0177333 4 
0 0.0177401 4 
0 0.0177821 4 
0 0.0177864 4 
0 0.0177878 4 
0 0.0178015 4 
0 0.0178332 4 
0 0.0178576 4 
0 0.0178587 4 
0 0.0178812 4 
0 0.0178832 4 
0 0.0178849 4 
0 0.0178987 4 
0 0.0179057 4 
0 0.0179404 4 
0 0.017951 4 
0 0.0179555 4 
0 0.0179596 4 
0 0.0179654 4 
0 0.0179658 4 
0 0.017969 4 
0 0.0179755 4 
0 0.0179812 4 
0 0.0180033 4 
0 0.0180232 4 
0 0.018054 4 
0 0.0180566 4 
0 0.0180645 4 
0 0.0180789 4 
0 0.01811 4 
0 0.0181139 4 
0 0.0181246 4 
0 0.0181306 4 
0 0.0181625 4 
0 0.0181675 4 
0 0.0181783 4 
0 0.0181834 4 
0 0.0181976 4 
0 0.0182001 4 
0 0.0182051 4 
0 0.0182505 4 
0 0.018253 4 
0 0.0182642 4 
0 0.0182652 4 
0 0.0182857 4 
0 0.0182905 4 
0 0.0183036 4 
0 0.0183322 4 
0 0.0183627 4 
0 0.0183736 4 
0 0.0183863 4 
0 0.018408 4 
0 0.018412 4 
0 0.0184501 4 
0 0.0185491 4 
0 0.0185644 4 
0 0.0185674 4 
0 0.0185823 4 
0 0.0185857 4 
0 0.0185901 4 
0 0.0185971 4 
0 0.0186122 4 
0 0.018651 4 
0 0.0187061 4 
0 0.0187139 4 
0 0.0187192 4 
0 0.0187194 4 
0 0.018742 4 
0 0.0187597 4 
0 0.0188203 4 
0 0.0189705 4 
0 0.0193439 4 
0 0.0194329 4 
0 0.0195922 4 
0 0.019613 4 
0 0.0196292 4 
0 0.0200269 4 
0 0.0210509 4 
0 0.0211314 4 
0 inf 4 
0 0.00739492 5 
0 0.00742312 5 
0 0.00743241 5 
0 0.00750203 5 
0 0.00768381 5 
0 0.00769043 5 
0 0.00774131 5 
0 0.00775185 5 
0 0.00780729 5 
0 0.00781436 5 
0 0.00787758 5 
0 0.00797559 5 
0 0.0079955 5 
0 0.00800017 5 
0 0.00801225 5 
0 0.00803061 5 
0 0.00804032 5 
0 0.008054 5 
0 0.008057 5 
0 0.00805833 5 
0 0.00806031 5 
0 0.00810437 5 
0 0.00813102 5 
0 0.00813425 5 
0 0.00813583 5 
0 0.00813825 5 
0 0.00814337 5 
0 0.00822955 5 
0 0.00823667 5 
0 0.00825495 5 
0 0.00826241 5 
0 0.00826644 5 
0 0.00827958 5 
0 0.00831799 5 
0 0.00832565 5 
0 0.00834737 5 
0 0.00835596 5 
0 0.00837336 5 
0 0.00837708 5 
0 0.00838671 5 
0 0.00839216 5 
0 0.00840718 5 
0 0.00840866 5 
0 0.00842135 5 
0 0.00846592 5 
0 0.00847161 5 
0 0.00848501 5 
0 0.00848991 5 
0 0.00849483 5 
0 0.00850585 5 
0 0.00850956 5 
0 0.00851504 5 
0 0.00853532 5 
0 0.00854113 5 
0 0.00855104 5 
0 0.00855999 5 
0 0.00856083 5 
0 0.00856695 5 
0 0.00856839 5 
0 0.00858793 5 
0 0.00859185 5 
0 0.00860159 5 
0 0.00860189 5 
0 0.00861335 5 
0 0.0086147 5 
0 0.00861988 5 
0 0.00862619 5 
0 0.0086299 5 
0 0.00863613 5 
0 0.00864397 5 
0 0.00864444 5 
0 0.00866147 5 
0 0.00866196 5 
0 0.00866856 5 
0 0.00867493 5 
0 0.00868175 5 
0 0.00869487 5 
0 0.00869612 5 
0 0.00870977 5 
0 0.00871515 5 
0 0.00872738 5 
0 0.00873169 5 
0 0.00873439 5 
0 0.00873669 5 
0 0.00876865 5 
0 0.00879029 5 
0 0.00879087 5 
0 0.00881757 5 
0 0.00882368 5 
0 0.00882849 5 
0 0.00883944 5 
0 0.00887286 5 
0 0.00888348 5 
0 0.00889825 5 
0 0.00890171 5 
0 0.00890364 5 
0 0.00891367 5 
0 0.00891481 5 
0 0.00892022 5 
0 0.00897183 5 
0 0.00899179 5 
0 0.00899317 5 
0 0.00899403 5 
0 0.00899584 5 
0 0.00899748 5 
0 0.00900924 5 
0 0.00901143 5 
0 0.00901951 5 
0 0.0090233 5 
0 0.00903309 5 
0 0.00903333 5 
0 0.00907023 5 
0 0.00908448 5 
0 0.00909653 5 
0 0.00912131 5 
0 0.00912776 5 
0 0.00915196 5 
0 0.00924142 5 
0 0.00924868 5 
0 0.00949007 5 
0 0.00951889 5 
0 0.00956842 5 
0 0.00960457 5 
0 0.00965119 5 
0 0.00996969 5 
0 0.0106088 5 
0 0.010886 5 
0 inf 5 
0 0.00351422 6 
0 0.00352061 6 
0 0.00355108 6 
0 0.0035655 6 
0 0.00370875 6 
0 0.00371613 6 
0 0.00375449 6 
0 0.00376465 6 
0 0.00376522 6 
0 0.00377031 6 
0 0.00379345 6 
0 0.00382797 6 
0 0.00386882 6 
0 0.00387351 6 
0 0.00387358 6 
0 0.00388606 6 
0 0.00389356 6 
0 0.00389744 6 
0 0.00390053 6 
0 0.0039302 6 
0 0.00393671 6 
0 0.0039426 6 
0 0.00395094 6 
0 0.0039584 6 
0 0.00396479 6 
0 0.00397381 6 
0 0.00397706 6 
0 0.00397774 6 
0 0.00398613 6 
0 0.00399254 6 
0 0.00400117 6 
0 0.00402556 6 
0 0.00403951 6 
0 0.00405209 6 
0 0.00405232 6 
0 0.0040575 6 
0 0.00406049 6 
0 0.00406732 6 
0 0.00407604 6 
0 0.00409338 6 
0 0.00410074 6 
0 0.00410549 6 
0 0.00411285 6 
0 0.00411938 6 
0 0.00412308 6 
0 0.00412665 6 
0 0.00413225 6 
0 0.00413568 6 
0 0.00414505 6 
0 0.00415119 6 
0 0.00415331 6 
0 0.00416025 6 
0 0.00417428 6 
0 0.0041852 6 
0 0.00418708 6 
0 0.0041928 6 
0 0.00419738 6 
0 0.00419934 6 
0 0.00420151 6 
0 0.00420748 6 
0 0.0042095 6 
0 0.00421521 6 
0 0.00421832 6 
0 0.00422195 6 
0 0.00422226 6 
0 0.00423531 6 
0 0.00424025 6 
0 0.00424329 6 
0 0.00424353 6 
0 0.00424384 6 
0 0.00424908 6 
0 0.00425178 6 
0 0.00425412 6 
0 0.00425537 6 
0 0.00425761 6 
0 0.00425962 6 
0 0.00426589 6 
0 0.00428033 6 
0 0.00428527 6 
0 0.00429287 6 
0 0.00429731 6 
0 0.00429803 6 
0 0.00429856 6 
0 0.00431197 6 
0 0.00431209 6 
0 0.00433087 6 
0 0.00433103 6 
0 0.0043374 6 
0 0.00434237 6 
0 0.00435142 6 
0 0.00435296 6 
0 0.00437695 6 
0 0.00439438 6 
0 0.00440407 6 
0 0.00441954 6 
0 0.00441971 6 
0 0.00442439 6 
0 0.00443078 6 
0 0.00443087 6 
0 0.00443847 6 
0 0.004442 6 
0 0.00445696 6 
0 0.00446277 6 
0 0.0044715 6 
0 0.00447369 6 
0 0.0044795 6 
0 0.00448129 6 
0 0.00448246 6 
0 0.00448318 6 
0 0.00449022 6 
0 0.00449593 6 
0 0.0044966 6 
0 0.00450838 6 
0 0.00451087 6 
0 0.00452862 6 
0 0.00454401 6 
0 0.00456426 6 
0 0.00465232 6 
0 0.00469827 6 
0 0.00471357 6 
0 0.00473451 6 
0 0.00474048 6 
0 0.00479076 6 
0 0.0048433 6 
0 0.0050519 6 
0 0.00544014 6 
0 0.00563014 6 
0 inf 6 
0 0.00169435 7 
0 0.0017101 7 
0 0.00171334 7 
0 0.00174832 7 
0 0.00180424 7 
0 0.00183313 7 
0 0.00184712 7 
0 0.00186025 7 
0 0.00186555 7 
0 0.001869 7 
0 0.00187258 7 
0 0.00187666 7 
0 0.00189121 7 
0 0.00189824 7 
0 0.00190881 7 
0 0.00190935 7 
0 0.00191739 7 
0 0.00193115 7 
0 0.00193318 7 
0 0.00193394 7 
0 0.00194053 7 
0 0.00194887 7 
0 0.00195317 7 
0 0.00195361 7 
0 0.00195538 7 
0 0.00196432 7 
0 0.00196508 7 
0 0.00196699 7 
0 0.00197026 7 
0 0.00197818 7 
0 0.00198095 7 
0 0.00198125 7 
0 0.00198135 7 
0 0.00198564 7 
0 0.00198579 7 
0 0.00198971 7 
0 0.00200449 7 
0 0.0020066 7 
0 0.002007 7 
0 0.00201185 7 
0 0.00204042 7 
0 0.00204411 7 
0 0.00204965 7 
0 0.00205603 7 
0 0.00205651 7 
0 0.00205951 7 
0 0.00205982 7 
0 0.00206421 7 
0 0.00206987 7 
0 0.00207165 7 
0 0.00207267 7 
0 0.00207431 7 
0 0.00207541 7 
0 0.00207866 7 
0 0.00207973 7 
0 0.00207992 7 
0 0.00208476 7 
0 0.00208478 7 
0 0.00208908 7 
0 0.00208978 7 
0 0.00209094 7 
0 0.00209728 7 
0 0.00210205 7 
0 0.00210402 7 
0 0.00210595 7 
0 0.00210642 7 
0 0.00210792 7 
0 0.00211352 7 
0 0.00211411 7 
0 0.0021154 7 
0 0.00211626 7 
0 0.00211933 7 
0 0.00211937 7 
0 0.00212564 7 
0 0.00212689 7 
0 0.00213762 7 
0 0.00213805 7 
0 0.00214004 7 
0 0.0021432 7 
0 0.00214546 7 
0 0.00214697 7 
0 0.00214893 7 
0 0.00215684 7 
0 0.00215892 7 
0 0.00216562 7 
0 0.00216746 7 
0 0.00216818 7 
0 0.00217289 7 
0 0.0021796 7 
0 0.00218631 7 
0 0.00219314 7 
0 0.00219351 7 
0 0.00220057 7 
0 0.00220295 7 
0 0.00220552 7 
0 0.00220561 7 
0 0.00220752 7 
0 0.00222016 7 
0 0.00222302 7 
0 0.00222654 7 
0 0.00222965 7 
0 0.00223654 7 
0 0.00224256 7 
0 0.00224393 7 
0 0.00224417 7 
0 0.00225055 7 
0 0.00225737 7 
0 0.00226082 7 
0 0.00226239 7 
0 0.00227086 7 
0 0.00227721 7 
0 0.00227889 7 
0 0.00228366 7 
0 0.0022905 7 
0 0.00229314 7 
0 0.00229975 7 
0 0.00234841 7 
0 0.00234847 7 
0 0.00237663 7 
0 0.00237807 7 
0 0.00237951 7 
0 0.00240252 7 
0 0.00242785 7 
0 0.00246328 7 
0 0.002595 7 
0 0.00279487 7 
0 0.00293936 7 
0 inf 7 
0 0.000829471 8 
0 0.000835744 8 
0 0.000850106 8 
0 0.00087246 8 
0 0.000889725 8 
0 0.000918603 8 
0 0.000919341 8 
0 0.00093085 8 
0 0.000933732 8 
0 0.000934235 8 
0 0.000935038 8 
0 0.000942074 8 
0 0.000942427 8 
0 0.000949334 8 
0 0.000954949 8 
0 0.000956637 8 
0 0.000957649 8 
0 0.000961733 8 
0 0.000966147 8 
0 0.000966188 8 
0 0.000969349 8 
0 0.000969994 8 
0 0.000971751 8 
0 0.000972088 8 
0 0.000972876 8 
0 0.000980969 8 
0 0.000981812 8 
0 0.000982095 8 
0 0.000983172 8 
0 0.000984105 8 
0 0.000984737 8 
0 0.000988277 8 
0 0.000992924 8 
0 0.00099868 8 
0 0.001001 8 
0 0.00100223 8 
0 0.00100308 8 
0 0.00100706 8 
0 0.0010077 8 
0 0.00101825 8 
0 0.00102049 8 
0 0.00102347 8 
0 0.00102379 8 
0 0.00102503 8 
0 0.00102603 8 
0 0.00102915 8 
0 0.00103076 8 
0 0.00103669 8 
0 0.00103905 8 
0 0.00104015 8 
0 0.00104135 8 
0 0.00104225 8 
0 0.00104255 8 
0 0.00104279 8 
0 0.00104444 8 
0 0.0010467 8 
0 0.00104998 8 
0 0.00105011 8 
0 0.00105409 8 
0 0.0010543 8 
0 0.001056 8 
0 0.00105777 8 
0 0.0010581 8 
0 0.00106129 8 
0 0.00106401 8 
0 0.00106407 8 
0 0.00106475 8 
0 0.00106622 8 
0 0.00106699 8 
0 0.00106764 8 
0 0.00106799 8 
0 0.00106926 8 
0 0.00107034 8 
0 0.00107166 8 
0 0.00107999 8 
0 0.00108195 8 
0 0.00108202 8 
0 0.00108213 8 
0 0.00108334 8 
0 0.00108491 8 
0 0.00108719 8 
0 0.00108725 8 
0 0.00109279 8 
0 0.0010932 8 
0 0.00109608 8 
0 0.00109628 8 
0 0.00109852 8 
0 0.00109939 8 
0 0.00109982 8 
0 0.00110123 8 
0 0.00110129 8 
0 0.00110571 8 
0 0.00110685 8 
0 0.00110882 8 
0 0.00111225 8 
0 0.00112098 8 
0 0.00112398 8 
0 0.00112557 8 
0 0.00112613 8 
0 0.00112801 8 
0 0.00113309 8 
0 0.00113347 8 
0 0.00113363 8 
0 0.00114164 8 
0 0.00115051 8 
0 0.00115058 8 
0 0.00115221 8 
0 0.00115327 8 
0 0.00115416 8 
0 0.001157 8 
0 0.00115831 8 
0 0.00116647 8 
0 0.00117048 8 
0 0.00118008 8 
0 0.00118016 8 
0 0.00118552 8 
0 0.00119973 8 
0 0.00120226 8 
0 0.00121194 8 
0 0.00122477 8 
0 0.0012283 8 
0 0.00123593 8 
0 0.00124706 8 
0 0.00126544 8 
0 0.0013474 8 
0 0.00144324 8 
0 0.00154519 8 
0 inf 8 
0 0.000411391 9 
0 0.000413769 9 
0 0.000429077 9 
0 0.000441563 9 
0 0.000443839 9 
0 0.000462777 9 
0 0.000466273 9 
0 0.000467355 9 
0 0.00046909 9 
0 0.000472446 9 
0 0.000474267 9 
0 0.000476132 9 
0 0.000476872 9 
0 0.000480899 9 
0 0.00048098 9 
0 0.000481128 9 
0 0.000481477 9 
0 0.000483096 9 
0 0.000486712 9 
0 0.000488353 9 
0 0.000488958 9 
0 0.00049144 9 
0 0.000491512 9 
0 0.000492066 9 
0 0.000492517 9 
0 0.000493175 9 
0 0.000494623 9 
0 0.000494748 9 
0 0.000495946 9 
0 0.000496118 9 
0 0.000499439 9 
0 0.000500332 9 
0 0.000500634 9 
0 0.000505744 9 
0 0.00051061 9 
0 0.000511325 9 
0 0.000511337 9 
0 0.000512202 9 
0 0.000514435 9 
0 0.000515072 9 
0 0.000515154 9 
0 0.000515481 9 
0 0.000515517 9 
0 0.000516081 9 
0 0.000516153 9 
0 0.000517409 9 
0 0.00051855 9 
0 0.000521995 9 
0 0.000524625 9 
0 0.000525153 9 
0 0.00052682 9 
0 0.00052724 9 
0 0.000528479 9 
0 0.000528999 9 
0 0.000529343 9 
0 0.000530321 9 
0 0.00053229 9 
0 0.000532355 9 
0 0.000532819 9 
0 0.000535222 9 
0 0.000538128 9 
0 0.000538418 9 
0 0.000541621 9 
0 0.000542231 9 
0 0.000543296 9 
0 0.000544472 9 
0 0.000544804 9 
0 0.000544997 9 
0 0.00054505 9 
0 0.000545436 9 
0 0.0005458 9 
0 0.000545856 9 
0 0.000545896 9 
0 0.000546695 9 
0 0.000548517 9 
0 0.000549439 9 
0 0.000550326 9 
0 0.000552799 9 
0 0.000553231 9 
0 0.000553651 9 
0 0.000553728 9 
0 0.000553826 9 
0 0.000554521 9 
0 0.000554537 9 
0 0.000557216 9 
0 0.000558629 9 
0 0.000563053 9 
0 0.000563343 9 
0 0.000563677 9 
0 0.000564325 9 
0 0.000565004 9 
0 0.000565129 9 
0 0.000565644 9 
0 0.000567633 9 
0 0.00056938 9 
0 0.000570069 9 
0 0.000572551 9 
0 0.000573609 9 
0 0.000574707 9 
0 0.000577564 9 
0 0.000582384 9 
0 0.000582457 9 
0 0.000584539 9 
0 0.000586253 9 
0 0.000588394 9 
0 0.000590684 9 
0 0.000593199 9 
0 0.000594197 9 
0 0.000594627 9 
0 0.000596311 9 
0 0.000596957 9 
0 0.000599713 9 
0 0.000603324 9 
0 0.000604946 9 
0 0.000612513 9 
0 0.000613787 9 
0 0.000615294 9 
0 0.000622624 9 
0 0.000625355 9 
0 0.000628307 9 
0 0.000642829 9 
0 0.000643615 9 
0 0.000647971 9 
0 0.000655181 9 
0 0.000705706 9 
0 0.000750881 9 
0 0.000816765 9 
0 inf 9 
