0.524536 0.539358 0 
0.524265 0.53817 0 
0.524179 0.541288 0 
0.524041 0.542571 0 
0.523661 0.540631 0 
0.523376 0.541699 0 
0.523255 0.540901 0 
0.522663 0.539358 0 
0.522292 0.543987 0 
0.521928 0.539599 0 
0.521557 0.539863 0 
0.521406 0.540918 0 
0.521377 0.543819 0 
0.52137 0.540901 0 
0.521198 0.521263 0 
0.521196 0.542728 0 
0.521059 0.543747 0 
0.521045 0.541228 0 
0.52098 0.540609 0 
0.520556 0.542017 0 
0.520532 0.540538 0 
0.520396 0.522009 0 
0.520375 0.540368 0 
0.520303 0.541651 0 
0.519984 0.53817 0 
0.519942 0.521391 0 
0.519916 0.539599 0 
0.519827 0.541023 0 
0.519693 0.542968 0 
0.519657 0.521136 0 
0.519588 0.541288 0 
0.519436 0.519874 0 
0.519352 0.543936 0 
0.519333 0.541188 0 
0.519108 0.542912 0 
0.519086 0.520352 0 
0.518998 0.540609 0 
0.518876 0.544674 0 
0.518869 0.541188 0 
0.518859 0.540368 0 
0.518824 0.52014 0 
0.518701 0.522359 0 
0.518648 0.539967 0 
0.518596 0.541604 0 
0.518592 0.54372 0 
0.518489 0.521391 0 
0.518432 0.540836 0 
0.51841 0.519809 0 
0.518401 0.520107 0 
0.518371 0.521019 0 
0.518263 0.519922 0 
0.518216 0.518725 0 
0.518195 0.546201 0 
0.518189 0.520914 0 
0.518182 0.518975 0 
0.518134 0.523842 0 
0.518106 0.519147 0 
0.518096 0.518586 0 
0.518012 0.540368 0 
0.517929 0.543793 0 
0.517796 0.542413 0 
0.517767 0.544256 0 
0.517731 0.520107 0 
0.517602 0.542634 0 
0.517423 0.540918 0 
0.51742 0.517898 0 
0.517401 0.541798 0 
0.517389 0.545454 0 
0.517328 0.538695 0 
0.51725 0.517366 0 
0.517247 0.539358 0 
0.51721 0.546558 0 
0.517205 0.519876 0 
0.517169 0.519568 0 
0.517168 0.540666 0 
0.51716 0.539931 0 
0.517124 0.519682 0 
0.517012 0.540901 0 
0.516975 0.542476 0 
0.516923 0.541221 0 
0.5169 0.541092 0 
0.516827 0.544222 0 
0.516789 0.543109 0 
0.516788 0.519874 0 
0.51675 0.517898 0 
0.516733 0.520604 0 
0.516718 0.518132 0 
0.516652 0.543393 0 
0.516639 0.540455 0 
0.516601 0.518677 0 
0.516595 0.519659 0 
0.516588 0.519659 0 
0.516576 0.521997 0 
0.516574 0.517146 0 
0.516573 0.518618 0 
0.516572 0.541302 0 
0.516522 0.540901 0 
0.516499 0.518207 0 
0.516475 0.542574 0 
0.516446 0.516472 0 
0.516441 0.544255 0 
0.516436 0.545454 0 
0.51641 0.519982 0 
0.516358 0.543618 0 
0.516299 0.544193 0 
0.516218 0.516896 0 
0.516188 0.516555 0 
0.516187 0.521386 0 
0.516128 0.516357 0 
0.516106 0.520579 0 
0.516083 0.540666 0 
0.516043 0.543601 0 
0.516033 0.540759 0 
0.515982 0.539967 0 
0.515962 0.542838 0 
0.515952 0.54533 0 
0.515909 0.517183 0 
0.515896 0.541518 0 
0.515895 0.54269 0 
0.515845 0.54612 0 
0.515832 0.542958 0 
0.515801 0.540836 0 
0.515762 0.539883 0 
0.515751 0.541076 0 
0.515744 0.539599 0 
0.515736 0.542898 0 
0.515736 0.517744 0 
0.5157 0.543699 0 
0.51569 0.543128 0 
0.515654 0.543343 0 
0.515642 0.519127 0 
0.515625 0.518736 0 
0.515537 0.518858 0 
0.515516 0.542386 0 
0.515496 0.540155 0 
0.515492 0.543343 0 
0.515491 0.518618 0 
0.515474 0.516963 0 
0.515468 0.540666 0 
0.515453 0.515485 0 
0.51543 0.544258 0 
0.515391 0.540438 0 
0.515368 0.518285 0 
0.515362 0.541149 0 
0.515354 0.540871 0 
0.515351 0.521095 0 
0.515336 0.515976 0 
0.515328 0.542433 0 
0.515326 0.518052 0 
0.515312 0.517052 0 
0.515308 0.516807 0 
0.515299 0.541221 0 
0.515297 0.515409 0 
0.515274 0.540666 0 
0.515271 0.540895 0 
0.515239 0.516355 0 
0.515236 0.538695 0 
0.515221 0.542752 0 
0.515207 0.543327 0 
0.51519 0.540938 0 
0.515155 0.518481 0 
0.515149 0.541292 0 
0.515115 0.519045 0 
0.515112 0.540836 0 
0.515111 0.543959 0 
0.515042 0.518062 0 
0.51504 0.519809 0 
0.515035 0.542403 0 
0.515018 0.51742 0 
0.514995 0.543618 0 
0.514994 0.519016 0 
0.514994 0.517573 0 
0.514964 0.519793 0 
0.514947 0.521549 0 
0.514935 0.539863 0 
0.514909 0.542476 0 
0.51488 0.519036 0 
0.514869 0.541325 0 
0.514813 0.54568 0 
0.51481 0.522436 0 
0.514801 0.519505 0 
0.514784 0.517039 0 
0.514779 0.515757 0 
0.514766 0.544778 0 
0.514714 0.51605 0 
0.514706 0.541725 0 
0.514703 0.516658 0 
0.514649 0.517366 0 
0.514637 0.517553 0 
0.514602 0.542849 0 
0.514584 0.516417 0 
0.514566 0.543419 0 
0.514562 0.517753 0 
0.514509 0.542574 0 
0.514495 0.515562 0 
0.514487 0.521132 0 
0.514458 0.517545 0 
0.514454 0.54261 0 
0.514417 0.515077 0 
0.514414 0.518651 0 
0.514376 0.519324 0 
0.514348 0.51488 0 
0.514347 0.539863 0 
0.514325 0.517917 0 
0.514317 0.515439 0 
0.514275 0.516696 0 
0.514256 0.519132 0 
0.514255 0.516181 0 
0.514227 0.541228 0 
0.514196 0.516633 0 
0.514177 0.546081 0 
0.514164 0.518272 0 
0.514162 0.540759 0 
0.514112 0.518001 0 
0.5141 0.54023 0 
0.514082 0.541325 0 
0.51407 0.545065 0 
0.514004 0.541604 0 
0.513979 0.514599 0 
0.51391 0.518047 0 
0.513861 0.540864 0 
0.513823 0.542333 0 
0.513802 0.542995 0 
0.513787 0.518618 0 
0.513778 0.542898 0 
0.513759 0.542993 0 
0.513748 0.518371 0 
0.513747 0.53817 0 
0.513719 0.520759 0 
0.513698 0.517098 0 
0.513692 0.515821 0 
0.513686 0.522187 0 
0.513683 0.545558 0 
0.513648 0.542403 0 
0.513644 0.513853 0 
0.513632 0.518736 0 
0.513619 0.520118 0 
0.513614 0.541651 0 
0.51361 0.54533 0 
0.513607 0.518132 0 
0.513604 0.540097 0 
0.513601 0.520899 0 
0.513592 0.517215 0 
0.513584 0.538695 0 
0.513572 0.516586 0 
0.513544 0.54231 0 
0.513532 0.520517 0 
0.513519 0.522438 0 
0.513476 0.518371 0 
0.513418 0.514129 0 
0.513414 0.517753 0 
0.513411 0.51586 0 
0.51341 0.539863 0 
0.513341 0.53817 0 
0.513341 0.517753 0 
0.513338 0.540871 0 
0.513303 0.519383 0 
0.513294 0.543618 0 
0.513278 0.540938 0 
0.513276 0.545107 0 
0.513256 0.538695 0 
0.513234 0.542136 0 
0.513231 0.540962 0 
0.513211 0.541994 0 
0.513198 0.520351 0 
0.513157 0.516239 0 
0.513157 0.518755 0 
0.513155 0.516946 0 
0.513151 0.520758 0 
0.513151 0.521274 0 
0.513147 0.541076 0 
0.513131 0.541832 0 
0.51313 0.540901 0 
0.513127 0.51363 0 
0.513108 0.545546 0 
0.51308 0.519609 0 
0.513079 0.522578 0 
0.512998 0.515562 0 
0.512997 0.543168 0 
0.512976 0.517898 0 
0.512945 0.542941 0 
0.512929 0.539881 0 
0.512926 0.541221 0 
0.512889 0.543493 0 
0.512886 0.520517 0 
0.51288 0.540938 0 
0.51282 0.515138 0 
0.512813 0.519218 0 
0.512803 0.545124 0 
0.512794 0.54059 0 
0.512782 0.520841 0 
0.512747 0.519503 0 
0.512726 0.545581 0 
0.512719 0.542574 0 
0.512693 0.51605 0 
0.512688 0.516067 0 
0.512682 0.545482 0 
0.512669 0.521987 0 
0.512665 0.520945 0 
0.512642 0.541635 0 
0.512641 0.538695 0 
0.51263 0.539863 0 
0.512579 0.538695 0 
0.512557 0.54263 0 
0.512528 0.542802 0 
0.512522 0.512942 0 
0.512491 0.516586 0 
0.512454 0.541623 0 
0.512438 0.520914 0 
0.512426 0.516843 0 
0.512409 0.516586 0 
0.512349 0.541699 0 
0.51233 0.540155 0 
0.512311 0.523842 0 
0.512303 0.520899 0 
0.512274 0.541798 0 
0.512217 0.543835 0 
0.512214 0.542846 0 
0.512189 0.543666 0 
0.512097 0.542592 0 
0.512078 0.543921 0 
0.512025 0.516025 0 
0.511992 0.545545 0 
0.511921 0.542091 0 
0.511913 0.540631 0 
0.51188 0.542491 0 
0.511807 0.543618 0 
0.511736 0.541853 0 
0.511702 0.53817 0 
0.51166 0.521557 0 
0.51162 0.543041 0 
0.511591 0.541818 0 
0.511575 0.543921 0 
0.511556 0.543917 0 
0.511529 0.541019 0 
0.511423 0.542091 0 
0.511406 0.522578 0 
0.511354 0.541325 0 
0.511323 0.547017 0 
0.511299 0.513737 0 
0.511298 0.540097 0 
0.511294 0.544962 0 
0.511258 0.518407 0 
0.511238 0.542995 0 
0.511147 0.53817 0 
0.511104 0.519045 0 
0.511096 0.540818 0 
0.511075 0.516025 0 
0.51107 0.541832 0 
0.51101 0.542038 0 
0.510984 0.543128 0 
0.510965 0.540097 0 
0.510958 0.545782 0 
0.510954 0.540864 0 
0.510941 0.542577 0 
0.510912 0.543028 0 
0.51088 0.540918 0 
0.510871 0.540962 0 
0.510851 0.541288 0 
0.51082 0.511714 0 
0.510724 0.544499 0 
0.510702 0.540631 0 
0.51068 0.542571 0 
0.51065 0.540438 0 
0.510645 0.540759 0 
0.510613 0.542386 0 
0.510611 0.542935 0 
0.510593 0.540818 0 
0.510544 0.543895 0 
0.510538 0.541288 0 
0.510407 0.543921 0 
0.510382 0.513357 0 
0.510358 0.541467 0 
0.510298 0.545491 0 
0.510221 0.542433 0 
0.510191 0.540631 0 
0.510174 0.544647 0 
0.510161 0.548414 0 
0.510084 0.542583 0 
0.510066 0.545665 0 
0.509973 0.541381 0 
0.509831 0.548582 0 
0.509773 0.545655 0 
0.509692 0.543895 0 
0.509642 0.54164 0 
0.509526 0.547848 0 
0.509516 0.543128 0 
0.509266 0.542921 0 
0.509248 0.544916 0 
0.509172 0.545729 0 
0.509128 0.547473 0 
0.50907 0.544647 0 
0.508902 0.54771 0 
0.508123 0.514418 0 
0.508079 0.545345 0 
0.219394 0.226841 1 
0.219063 0.221523 1 
0.218871 0.228069 1 
0.218638 0.230351 1 
0.217241 0.218298 1 
0.216695 0.23047 1 
0.216611 0.224462 1 
0.216477 0.231219 1 
0.216431 0.226595 1 
0.216407 0.232669 1 
0.216386 0.222092 1 
0.216317 0.223659 1 
0.216249 0.224251 1 
0.215706 0.226928 1 
0.215588 0.221318 1 
0.215542 0.225139 1 
0.215488 0.224598 1 
0.215479 0.227759 1 
0.215434 0.224602 1 
0.215323 0.221722 1 
0.215302 0.227984 1 
0.21507 0.224195 1 
0.214938 0.220471 1 
0.214826 0.228102 1 
0.21475 0.223025 1 
0.214714 0.233216 1 
0.214685 0.221347 1 
0.214624 0.218298 1 
0.214601 0.224996 1 
0.214594 0.223434 1 
0.214594 0.226953 1 
0.214568 0.224195 1 
0.214527 0.222795 1 
0.214467 0.221347 1 
0.214445 0.233427 1 
0.214412 0.227981 1 
0.214402 0.223659 1 
0.214311 0.222795 1 
0.214259 0.221347 1 
0.214178 0.23077 1 
0.214151 0.225121 1 
0.21405 0.226252 1 
0.214034 0.221452 1 
0.21398 0.230567 1 
0.213937 0.221523 1 
0.213858 0.226133 1 
0.213771 0.225261 1 
0.213749 0.230106 1 
0.213711 0.221932 1 
0.213693 0.226752 1 
0.213667 0.219296 1 
0.213656 0.226386 1 
0.21362 0.225356 1 
0.213601 0.228655 1 
0.213504 0.227661 1 
0.213502 0.224603 1 
0.213493 0.229534 1 
0.213489 0.225147 1 
0.213445 0.222069 1 
0.213437 0.220982 1 
0.21331 0.23267 1 
0.213273 0.228887 1 
0.213199 0.225991 1 
0.213043 0.228805 1 
0.213032 0.228102 1 
0.213029 0.232929 1 
0.212993 0.219296 1 
0.212948 0.227719 1 
0.212916 0.228365 1 
0.212891 0.227995 1 
0.21287 0.219316 1 
0.212858 0.228666 1 
0.212827 0.221863 1 
0.212812 0.219296 1 
0.212789 0.225781 1 
0.212748 0.228122 1 
0.212661 0.224471 1 
0.212645 0.223698 1 
0.212635 0.225121 1 
0.212627 0.222011 1 
0.212618 0.221713 1 
0.212574 0.228871 1 
0.212557 0.222011 1 
0.212541 0.229701 1 
0.212521 0.229575 1 
0.212503 0.225745 1 
0.212418 0.214422 1 
0.212398 0.225991 1 
0.212343 0.225022 1 
0.212268 0.223962 1 
0.21223 0.226819 1 
0.212202 0.224183 1 
0.212125 0.221863 1 
0.212034 0.224456 1 
0.21203 0.227376 1 
0.21201 0.233235 1 
0.211938 0.223248 1 
0.21189 0.224879 1 
0.21188 0.224172 1 
0.211876 0.229314 1 
0.21183 0.226634 1 
0.211829 0.225775 1 
0.211804 0.221318 1 
0.21176 0.221347 1 
0.211626 0.226792 1 
0.211619 0.222249 1 
0.211605 0.228847 1 
0.211584 0.222011 1 
0.21157 0.222488 1 
0.211546 0.229612 1 
0.211544 0.221795 1 
0.211544 0.220629 1 
0.211496 0.211824 1 
0.211441 0.222092 1 
0.21142 0.221932 1 
0.211306 0.223867 1 
0.21128 0.226274 1 
0.211257 0.211685 1 
0.21125 0.220471 1 
0.211208 0.225991 1 
0.211174 0.221347 1 
0.211163 0.224849 1 
0.21108 0.223418 1 
0.211069 0.225026 1 
0.210947 0.224602 1 
0.210938 0.223064 1 
0.210899 0.230759 1 
0.210898 0.226922 1 
0.210893 0.225602 1 
0.210886 0.223698 1 
0.210762 0.224391 1 
0.210645 0.224072 1 
0.210627 0.226693 1 
0.210551 0.221795 1 
0.210533 0.220471 1 
0.210498 0.213331 1 
0.210467 0.225991 1 
0.21044 0.221312 1 
0.210433 0.227376 1 
0.210414 0.211151 1 
0.210371 0.221523 1 
0.210342 0.219316 1 
0.21011 0.22686 1 
0.210089 0.226065 1 
0.210026 0.211545 1 
0.209941 0.224183 1 
0.2098 0.214206 1 
0.209771 0.220683 1 
0.209696 0.210233 1 
0.20969 0.222481 1 
0.209638 0.228102 1 
0.209624 0.224063 1 
0.209508 0.22596 1 
0.209419 0.22388 1 
0.209397 0.222092 1 
0.209395 0.211729 1 
0.209392 0.225562 1 
0.209382 0.210024 1 
0.209372 0.209894 1 
0.209362 0.221452 1 
0.20934 0.226531 1 
0.209327 0.210857 1 
0.209256 0.21329 1 
0.209184 0.222449 1 
0.209183 0.212192 1 
0.209125 0.222091 1 
0.209106 0.221964 1 
0.209056 0.222986 1 
0.209048 0.224133 1 
0.208937 0.222091 1 
0.208914 0.225147 1 
0.208914 0.224794 1 
0.208902 0.209244 1 
0.20889 0.224794 1 
0.208855 0.212559 1 
0.20884 0.210036 1 
0.208827 0.227616 1 
0.208706 0.222091 1 
0.208674 0.208974 1 
0.208654 0.224591 1 
0.208585 0.212824 1 
0.208581 0.227449 1 
0.208563 0.223552 1 
0.208521 0.222449 1 
0.208486 0.211601 1 
0.208464 0.209007 1 
0.208459 0.223819 1 
0.208393 0.20967 1 
0.208368 0.21069 1 
0.208357 0.220471 1 
0.208204 0.208728 1 
0.208155 0.222206 1 
0.208148 0.209265 1 
0.208146 0.225356 1 
0.208121 0.208136 1 
0.208065 0.20952 1 
0.208024 0.208155 1 
0.208022 0.208282 1 
0.208017 0.209879 1 
0.207919 0.223699 1 
0.207866 0.228985 1 
0.207794 0.223123 1 
0.207698 0.224035 1 
0.207668 0.210326 1 
0.207665 0.222213 1 
0.207643 0.224391 1 
0.207626 0.209923 1 
0.207623 0.207993 1 
0.207623 0.222598 1 
0.207616 0.220471 1 
0.207601 0.21069 1 
0.207596 0.222206 1 
0.207568 0.223872 1 
0.207506 0.224012 1 
0.207481 0.224654 1 
0.207467 0.208151 1 
0.207465 0.211146 1 
0.207449 0.21198 1 
0.207428 0.224172 1 
0.207408 0.225961 1 
0.207398 0.211057 1 
0.207365 0.207915 1 
0.207363 0.222249 1 
0.20732 0.210503 1 
0.207308 0.224926 1 
0.207251 0.214221 1 
0.207199 0.207815 1 
0.20719 0.207351 1 
0.207165 0.211824 1 
0.20716 0.222652 1 
0.207124 0.207893 1 
0.207118 0.209107 1 
0.207082 0.211235 1 
0.206993 0.222185 1 
0.206955 0.208075 1 
0.206928 0.223912 1 
0.206866 0.224756 1 
0.206758 0.219316 1 
0.206754 0.218298 1 
0.206696 0.210995 1 
0.206589 0.227449 1 
0.206566 0.209007 1 
0.206544 0.21213 1 
0.206493 0.225147 1 
0.206435 0.226531 1 
0.20641 0.220098 1 
0.206391 0.224813 1 
0.206386 0.209879 1 
0.206385 0.211579 1 
0.206377 0.225419 1 
0.206337 0.210269 1 
0.206302 0.224849 1 
0.206257 0.21144 1 
0.206234 0.208462 1 
0.20622 0.210054 1 
0.206218 0.210679 1 
0.206208 0.224471 1 
0.206194 0.207915 1 
0.206194 0.209119 1 
0.206181 0.224172 1 
0.206181 0.207554 1 
0.206171 0.22451 1 
0.206061 0.208056 1 
0.206035 0.222598 1 
0.206013 0.222013 1 
0.206 0.225236 1 
0.205983 0.222453 1 
0.205823 0.210332 1 
0.205796 0.208028 1 
0.205769 0.221863 1 
0.205755 0.206833 1 
0.205719 0.206468 1 
0.205711 0.22622 1 
0.2057 0.218298 1 
0.205683 0.210248 1 
0.205673 0.221713 1 
0.20561 0.210163 1 
0.205567 0.208075 1 
0.205554 0.207409 1 
0.205478 0.228985 1 
0.205435 0.225493 1 
0.205433 0.224879 1 
0.205416 0.222011 1 
0.205398 0.207461 1 
0.205372 0.208487 1 
0.205312 0.222092 1 
0.20531 0.230289 1 
0.205309 0.206804 1 
0.205273 0.212374 1 
0.205258 0.209107 1 
0.205214 0.205466 1 
0.205204 0.219316 1 
0.205178 0.223659 1 
0.205166 0.222652 1 
0.205091 0.221312 1 
0.205061 0.210753 1 
0.205042 0.208556 1 
0.205038 0.211513 1 
0.205025 0.21198 1 
0.205023 0.22388 1 
0.205 0.21329 1 
0.204977 0.222795 1 
0.204976 0.222598 1 
0.204922 0.211643 1 
0.20489 0.219316 1 
0.204837 0.210036 1 
0.204811 0.219316 1 
0.204716 0.207841 1 
0.204621 0.207914 1 
0.204614 0.222449 1 
0.204588 0.205625 1 
0.204547 0.221312 1 
0.204545 0.222795 1 
0.204524 0.21144 1 
0.204486 0.223064 1 
0.204474 0.218298 1 
0.20443 0.207174 1 
0.204338 0.207071 1 
0.204331 0.222069 1 
0.204223 0.207151 1 
0.204202 0.207091 1 
0.204191 0.207409 1 
0.204188 0.222029 1 
0.204145 0.221452 1 
0.204137 0.211969 1 
0.204115 0.221452 1 
0.204078 0.223093 1 
0.204068 0.226531 1 
0.20398 0.223064 1 
0.203979 0.225271 1 
0.203977 0.221964 1 
0.203801 0.206317 1 
0.203687 0.225103 1 
0.20344 0.221932 1 
0.203364 0.203646 1 
0.203073 0.218298 1 
0.203038 0.205397 1 
0.202528 0.2077 1 
0.103856 0.106252 2 
0.10285 0.103994 2 
0.10156 0.102847 2 
0.101053 0.10546 2 
0.100815 0.104336 2 
0.100675 0.107201 2 
0.100425 0.104706 2 
0.100182 0.107324 2 
0.0999682 0.103525 2 
0.0995092 0.103174 2 
0.0991096 0.104962 2 
0.0990492 0.101101 2 
0.0988675 0.10054 2 
0.0988534 0.0996348 2 
0.0987691 0.101499 2 
0.0987327 0.102446 2 
0.0986762 0.0990626 2 
0.0985481 0.100874 2 
0.0984251 0.105806 2 
0.0982614 0.101903 2 
0.0982405 0.0986409 2 
0.0982337 0.100961 2 
0.0982314 0.104505 2 
0.0981961 0.102292 2 
0.0979805 0.103644 2 
0.0979686 0.102372 2 
0.0979594 0.0985403 2 
0.0978779 0.100309 2 
0.097852 0.102896 2 
0.0978332 0.101368 2 
0.0978271 0.102071 2 
0.0977373 0.101807 2 
0.0977319 0.0989742 2 
0.0977317 0.0986403 2 
0.0976771 0.101047 2 
0.0976474 0.0986864 2 
0.0975898 0.0995857 2 
0.0975522 0.105998 2 
0.0975332 0.0986246 2 
0.0972998 0.103056 2 
0.0972821 0.100243 2 
0.0972445 0.102539 2 
0.0971977 0.101215 2 
0.0971031 0.102069 2 
0.0970582 0.103315 2 
0.0970501 0.0991353 2 
0.0968437 0.100402 2 
0.0967826 0.101903 2 
0.0966598 0.0984308 2 
0.0966501 0.0998492 2 
0.0966457 0.0974516 2 
0.0966355 0.0987636 2 
0.0965808 0.0997559 2 
0.0965727 0.100961 2 
0.0965427 0.10002 2 
0.0964433 0.0980746 2 
0.0963999 0.0995474 2 
0.0962644 0.0994172 2 
0.0962066 0.103508 2 
0.0961825 0.105384 2 
0.096169 0.102081 2 
0.0961174 0.0966939 2 
0.0959334 0.0999762 2 
0.0958905 0.101047 2 
0.0958531 0.0993675 2 
0.0958419 0.0966939 2 
0.0958126 0.101251 2 
0.0957346 0.10002 2 
0.0956984 0.0969196 2 
0.0956953 0.101615 2 
0.0956753 0.0960482 2 
0.0956344 0.101321 2 
0.0956275 0.0987881 2 
0.0955595 0.0987662 2 
0.0954457 0.0981243 2 
0.0954379 0.095485 2 
0.0953618 0.0999347 2 
0.0953537 0.0976967 2 
0.095336 0.10002 2 
0.0952534 0.101989 2 
0.0952439 0.0984682 2 
0.0951388 0.0999377 2 
0.0951378 0.0964315 2 
0.0951205 0.0960895 2 
0.0951067 0.0977665 2 
0.0949581 0.0988385 2 
0.094928 0.096482 2 
0.0949178 0.10011 2 
0.0949113 0.0952159 2 
0.094834 0.0968063 2 
0.0947812 0.0989571 2 
0.0947727 0.0969196 2 
0.0947634 0.0984912 2 
0.0946164 0.0986864 2 
0.0946034 0.0948182 2 
0.094597 0.0982894 2 
0.0945801 0.0984912 2 
0.0945313 0.0995036 2 
0.0945039 0.0979224 2 
0.0944955 0.0960895 2 
0.0944882 0.0979904 2 
0.0944826 0.100021 2 
0.0944628 0.0963046 2 
0.0944466 0.0974516 2 
0.094423 0.0964703 2 
0.0944211 0.100402 2 
0.0943958 0.0998852 2 
0.0943504 0.0995248 2 
0.0943326 0.0996797 2 
0.0943101 0.0996878 2 
0.0942141 0.0964315 2 
0.094149 0.0959727 2 
0.0940853 0.100599 2 
0.0940411 0.101861 2 
0.094005 0.0968657 2 
0.0939797 0.102582 2 
0.0939464 0.10002 2 
0.0938508 0.0984731 2 
0.0937943 0.100437 2 
0.0937915 0.0986397 2 
0.0937314 0.0990597 2 
0.0937095 0.0986633 2 
0.0937083 0.095485 2 
0.0937033 0.0937725 2 
0.0936764 0.0957798 2 
0.0935819 0.100829 2 
0.0935556 0.0964703 2 
0.093472 0.0965254 2 
0.0934384 0.0945612 2 
0.0934238 0.098531 2 
0.0934221 0.0966939 2 
0.0934175 0.0964267 2 
0.0934054 0.0976835 2 
0.0933536 0.0952159 2 
0.0932537 0.101047 2 
0.0932181 0.0976529 2 
0.0931996 0.0994856 2 
0.0931917 0.0995474 2 
0.0931605 0.102436 2 
0.0931585 0.0991733 2 
0.0930552 0.0930897 2 
0.0929209 0.09341 2 
0.0929067 0.100402 2 
0.0928579 0.0964365 2 
0.0928353 0.0964267 2 
0.0926635 0.0969227 2 
0.0926547 0.0948613 2 
0.0926487 0.095485 2 
0.0926271 0.098531 2 
0.0925722 0.097507 2 
0.0925717 0.0936573 2 
0.0925608 0.0934468 2 
0.0925091 0.0981626 2 
0.0924484 0.0952159 2 
0.0923512 0.100897 2 
0.0923333 0.0989742 2 
0.092211 0.0988555 2 
0.0921619 0.0927014 2 
0.0921581 0.102582 2 
0.0921099 0.097159 2 
0.0921086 0.0933604 2 
0.0920712 0.0979305 2 
0.0920707 0.101807 2 
0.0920669 0.0922094 2 
0.0920203 0.0922238 2 
0.0920169 0.0954432 2 
0.0919882 0.0983874 2 
0.0919851 0.0928253 2 
0.0919684 0.0925365 2 
0.0919173 0.0989742 2 
0.0919108 0.0976045 2 
0.0918992 0.104745 2 
0.0918611 0.0985093 2 
0.091827 0.0981183 2 
0.091814 0.0949716 2 
0.0917045 0.0968063 2 
0.091606 0.0964267 2 
0.0914566 0.0933219 2 
0.0914368 0.0934792 2 
0.0914071 0.0942994 2 
0.0913957 0.0946904 2 
0.0913913 0.0936037 2 
0.0913844 0.0957111 2 
0.0913658 0.0968657 2 
0.0913601 0.0993094 2 
0.0913423 0.0917054 2 
0.0913144 0.0969801 2 
0.0912507 0.0979278 2 
0.091227 0.0977434 2 
0.0912101 0.0973286 2 
0.0911717 0.0914648 2 
0.0911447 0.0988385 2 
0.0911137 0.0947539 2 
0.0911075 0.0927656 2 
0.0910809 0.0920919 2 
0.0910539 0.0926069 2 
0.0910313 0.0917521 2 
0.0910195 0.0992111 2 
0.0909901 0.0917345 2 
0.0909718 0.0913713 2 
0.0909625 0.0917247 2 
0.0909237 0.0974859 2 
0.0908686 0.0986633 2 
0.0908593 0.0912839 2 
0.0908481 0.0911939 2 
0.0908466 0.0939127 2 
0.0908343 0.0991353 2 
0.0908226 0.0909922 2 
0.0908124 0.0927014 2 
0.0907669 0.0986556 2 
0.0907439 0.0981243 2 
0.0907137 0.090876 2 
0.0907111 0.0972274 2 
0.0907092 0.0925339 2 
0.0906228 0.0981243 2 
0.0906057 0.0911825 2 
0.0906048 0.0944415 2 
0.0905917 0.099841 2 
0.0905762 0.0960895 2 
0.0905597 0.0983733 2 
0.0905566 0.0969227 2 
0.0905426 0.0968735 2 
0.090477 0.0927873 2 
0.0904692 0.0925388 2 
0.0904229 0.0927778 2 
0.0904156 0.0974516 2 
0.0904048 0.0969196 2 
0.0903677 0.0915888 2 
0.0903466 0.0963744 2 
0.0903333 0.0903418 2 
0.0902814 0.0987636 2 
0.0902401 0.0968657 2 
0.0902143 0.0986397 2 
0.0901401 0.0952159 2 
0.0901376 0.0957111 2 
0.0901205 0.0922238 2 
0.0901074 0.0955235 2 
0.0900989 0.0973286 2 
0.0900252 0.0908731 2 
0.0900126 0.100364 2 
0.09 0.100476 2 
0.0898645 0.0898868 2 
0.0898619 0.0957798 2 
0.0898568 0.090724 2 
0.0898523 0.0923083 2 
0.0898198 0.090405 2 
0.0897621 0.0977091 2 
0.0897584 0.0996878 2 
0.0897129 0.0947539 2 
0.0897095 0.0976147 2 
0.0896848 0.0980746 2 
0.0896786 0.09193 2 
0.0896607 0.092638 2 
0.0896584 0.0913971 2 
0.0896239 0.0909073 2 
0.0896121 0.092347 2 
0.0895665 0.0936037 2 
0.0895645 0.0912839 2 
0.0895383 0.0963046 2 
0.0895101 0.0933198 2 
0.0893892 0.0906958 2 
0.0893397 0.0903246 2 
0.0892953 0.097507 2 
0.0892916 0.100402 2 
0.0892755 0.0960997 2 
0.0892753 0.098531 2 
0.0892479 0.0936079 2 
0.0892384 0.0919324 2 
0.0890922 0.0927256 2 
0.0890832 0.0968108 2 
0.0890287 0.0993772 2 
0.0889869 0.0946726 2 
0.0889724 0.0923912 2 
0.0889253 0.0963685 2 
0.0889241 0.0891327 2 
0.0889157 0.0912902 2 
0.0889129 0.0916542 2 
0.0888892 0.0965153 2 
0.0888706 0.0900265 2 
0.088845 0.0941746 2 
0.0888253 0.0974516 2 
0.0887923 0.0973286 2 
0.0887511 0.0947539 2 
0.0887172 0.0935021 2 
0.0886343 0.0913388 2 
0.0885787 0.0927778 2 
0.088554 0.0927303 2 
0.0885276 0.09193 2 
0.0885247 0.0901077 2 
0.0884287 0.0947539 2 
0.088227 0.0936037 2 
0.088217 0.0909193 2 
0.0881831 0.0893844 2 
0.0881612 0.089926 2 
0.0881311 0.090724 2 
0.0881256 0.0955235 2 
0.0881179 0.089694 2 
0.0881127 0.0934901 2 
0.0881047 0.0979904 2 
0.0880007 0.100002 2 
0.0879526 0.0917466 2 
0.0879198 0.0945748 2 
0.0879071 0.0899978 2 
0.0878767 0.0979904 2 
0.0878763 0.0898647 2 
0.0878699 0.0946829 2 
0.0878079 0.0963046 2 
0.0877202 0.0968735 2 
0.0877066 0.0879181 2 
0.0877051 0.0946904 2 
0.0876808 0.0965153 2 
0.0876499 0.0960895 2 
0.0875964 0.0888338 2 
0.0875505 0.0968657 2 
0.0873224 0.0964315 2 
0.08724 0.0897307 2 
0.0509677 0.0510184 3 
0.0499774 0.0518117 3 
0.0497066 0.0510063 3 
0.0495624 0.0497236 3 
0.0489919 0.0493057 3 
0.0486005 0.0491936 3 
0.0482432 0.0504143 3 
0.0482022 0.0485491 3 
0.0480649 0.0494617 3 
0.0477023 0.048765 3 
0.0475216 0.0478039 3 
0.0475071 0.0503 3 
0.0475017 0.0481219 3 
0.047433 0.048019 3 
0.0471383 0.0509949 3 
0.0470767 0.0482551 3 
0.0470724 0.0483151 3 
0.0470666 0.0488295 3 
0.0469945 0.0476707 3 
0.0469835 0.0483176 3 
0.0469111 0.0469311 3 
0.0468411 0.0478184 3 
0.0468318 0.0490357 3 
0.0464008 0.0464633 3 
0.0463743 0.0473878 3 
0.0463439 0.0464551 3 
0.046315 0.0465875 3 
0.0462182 0.0465084 3 
0.0461631 0.0466104 3 
0.0461094 0.0469678 3 
0.0460148 0.0461053 3 
0.0459433 0.0460728 3 
0.0459063 0.0462207 3 
0.0459011 0.0460166 3 
0.0458538 0.0478483 3 
0.0458488 0.0464668 3 
0.0458018 0.0476901 3 
0.0456812 0.0458845 3 
0.0455905 0.0465084 3 
0.0455152 0.0473323 3 
0.0454635 0.0480602 3 
0.045453 0.0465875 3 
0.0454239 0.0460183 3 
0.0453613 0.0458142 3 
0.0453385 0.0454522 3 
0.0453367 0.0469678 3 
0.0453275 0.0457521 3 
0.0453168 0.0464668 3 
0.0453027 0.0454113 3 
0.0452787 0.0455903 3 
0.0452411 0.0459009 3 
0.045228 0.0465716 3 
0.0451759 0.0462767 3 
0.0451065 0.045198 3 
0.0449218 0.0479789 3 
0.0449069 0.0463503 3 
0.0448947 0.0456145 3 
0.0448806 0.0457083 3 
0.0447845 0.0462333 3 
0.0447835 0.0455147 3 
0.0447485 0.0459913 3 
0.0447378 0.0461053 3 
0.0447121 0.0457647 3 
0.0446436 0.0464826 3 
0.044619 0.0459009 3 
0.0445946 0.0448286 3 
0.0445716 0.046343 3 
0.0445669 0.0456145 3 
0.0445247 0.045369 3 
0.0445137 0.0481053 3 
0.0445069 0.0462702 3 
0.0444783 0.0460928 3 
0.0444758 0.0462951 3 
0.0443267 0.0464668 3 
0.0442543 0.0446294 3 
0.0442179 0.0447414 3 
0.0441108 0.0465084 3 
0.0440753 0.0471622 3 
0.0440634 0.0451618 3 
0.0439974 0.0454183 3 
0.0439912 0.0452725 3 
0.0439887 0.0450673 3 
0.0439861 0.0462291 3 
0.0439823 0.0457755 3 
0.0439785 0.0460407 3 
0.0439755 0.0471013 3 
0.043954 0.0457872 3 
0.0439516 0.0442499 3 
0.0439513 0.0480521 3 
0.0439334 0.0480521 3 
0.0439311 0.0465875 3 
0.0439069 0.0448238 3 
0.0438754 0.0439091 3 
0.0438733 0.0462035 3 
0.0438411 0.0447626 3 
0.043832 0.0442351 3 
0.0437951 0.0449964 3 
0.0437707 0.0438923 3 
0.0436927 0.0499668 3 
0.0436785 0.0454205 3 
0.0436662 0.0448652 3 
0.0436553 0.0437143 3 
0.04359 0.0441814 3 
0.0435766 0.0476293 3 
0.0434865 0.045001 3 
0.0434548 0.0450967 3 
0.043449 0.0449964 3 
0.043333 0.0450094 3 
0.0433105 0.0448666 3 
0.0433093 0.0436663 3 
0.0432963 0.0434391 3 
0.0432867 0.046125 3 
0.0432748 0.0448121 3 
0.0431825 0.0448424 3 
0.0431574 0.0463008 3 
0.0431459 0.0437241 3 
0.0431434 0.0455462 3 
0.0430576 0.0448651 3 
0.0430239 0.0445899 3 
0.0429474 0.043641 3 
0.0428896 0.045447 3 
0.042885 0.0431116 3 
0.0428681 0.0454471 3 
0.0428082 0.0454351 3 
0.0427757 0.04419 3 
0.0427619 0.0460606 3 
0.0427167 0.043897 3 
0.0427154 0.0452986 3 
0.0426947 0.0445919 3 
0.0426813 0.0448485 3 
0.0426587 0.0465875 3 
0.042654 0.0448589 3 
0.0426214 0.0457185 3 
0.0426126 0.0429414 3 
0.0426073 0.0427291 3 
0.0425894 0.0446294 3 
0.0425527 0.0447626 3 
0.0425402 0.0445468 3 
0.0425344 0.0438831 3 
0.04253 0.042938 3 
0.0425299 0.0448121 3 
0.042526 0.0455601 3 
0.0424853 0.0448475 3 
0.042429 0.0436663 3 
0.0424154 0.0457941 3 
0.0424027 0.0442172 3 
0.0423671 0.0454351 3 
0.0423628 0.0433773 3 
0.0423581 0.0428502 3 
0.0423399 0.0428877 3 
0.0422753 0.0437635 3 
0.0422541 0.0425355 3 
0.0422489 0.0442499 3 
0.0422151 0.0455328 3 
0.0422107 0.0465933 3 
0.0422098 0.0465009 3 
0.0421961 0.0439091 3 
0.0421942 0.0432827 3 
0.0421869 0.0430017 3 
0.0421464 0.0457872 3 
0.0421277 0.0445469 3 
0.042102 0.044506 3 
0.0420896 0.0428636 3 
0.0420772 0.0454783 3 
0.0420557 0.0456834 3 
0.0420268 0.0448794 3 
0.0420151 0.0434391 3 
0.0419964 0.0452725 3 
0.0419928 0.0438569 3 
0.0419741 0.0445919 3 
0.0419336 0.042176 3 
0.0418967 0.0422815 3 
0.0418896 0.045307 3 
0.0418707 0.0430754 3 
0.0418703 0.0442225 3 
0.0418631 0.0430374 3 
0.0418599 0.0433864 3 
0.0418506 0.0430106 3 
0.0418462 0.0421545 3 
0.0418379 0.045565 3 
0.0418325 0.0419575 3 
0.0417982 0.0427291 3 
0.0417771 0.0427085 3 
0.041766 0.04244 3 
0.0417422 0.0446294 3 
0.0417071 0.0457249 3 
0.0417062 0.0467108 3 
0.0417022 0.0428012 3 
0.04169 0.0443225 3 
0.0416849 0.0443603 3 
0.0416782 0.0458487 3 
0.0416584 0.0473922 3 
0.0416172 0.0449889 3 
0.0416134 0.0460928 3 
0.0416056 0.0443206 3 
0.0415778 0.0456741 3 
0.0415583 0.0432169 3 
0.0415238 0.0425278 3 
0.0415139 0.042179 3 
0.0414604 0.0438022 3 
0.0414587 0.0448651 3 
0.0414357 0.0416898 3 
0.0414108 0.0435057 3 
0.041385 0.0439004 3 
0.0412768 0.0437143 3 
0.041243 0.0437872 3 
0.0412381 0.0414063 3 
0.0412133 0.0434045 3 
0.0411985 0.0440398 3 
0.0411963 0.0438988 3 
0.0411804 0.0416293 3 
0.0411789 0.0437148 3 
0.0411382 0.0439417 3 
0.0410782 0.0420182 3 
0.04105 0.0427025 3 
0.0410451 0.0442786 3 
0.0410373 0.0428758 3 
0.041022 0.0434201 3 
0.0410112 0.0440398 3 
0.0410035 0.0413132 3 
0.0409242 0.0438668 3 
0.0409048 0.0453826 3 
0.0409015 0.0435129 3 
0.0408854 0.0417056 3 
0.0408732 0.0433864 3 
0.0408556 0.0450094 3 
0.0408154 0.0449889 3 
0.040765 0.0416281 3 
0.0407609 0.0421545 3 
0.0407168 0.0461699 3 
0.0406944 0.0424125 3 
0.0406531 0.042082 3 
0.0406435 0.0415575 3 
0.0405825 0.0426847 3 
0.0405821 0.0438569 3 
0.040582 0.0443652 3 
0.0405498 0.0427085 3 
0.0405461 0.0407126 3 
0.040537 0.0442225 3 
0.0405178 0.0410466 3 
0.0405128 0.0443603 3 
0.0404937 0.0437872 3 
0.0404909 0.0425672 3 
0.0404254 0.0465716 3 
0.0403994 0.0444294 3 
0.0403286 0.0442225 3 
0.0403002 0.0410368 3 
0.0402665 0.0458742 3 
0.0402659 0.0449567 3 
0.0402417 0.0425672 3 
0.040229 0.0446541 3 
0.0402282 0.0409227 3 
0.0402261 0.0443603 3 
0.0402243 0.0403354 3 
0.0401716 0.0414493 3 
0.0401674 0.0434324 3 
0.0401661 0.0422815 3 
0.0400702 0.0448652 3 
0.040056 0.044506 3 
0.0400428 0.0421893 3 
0.0400104 0.0405817 3 
0.0399784 0.0437872 3 
0.0398799 0.0411158 3 
0.0398559 0.0444868 3 
0.0255011 0.0258883 4 
0.0244606 0.0248526 4 
0.0242447 0.0249605 4 
0.0239918 0.0240236 4 
0.0238895 0.0245442 4 
0.0238373 0.0238736 4 
0.0236817 0.0239017 4 
0.0236535 0.0240683 4 
0.0235662 0.0236175 4 
0.0229161 0.0233653 4 
0.0227977 0.0231791 4 
0.0227263 0.0227359 4 
0.022725 0.023213 4 
0.0227058 0.0227116 4 
0.0225312 0.023503 4 
0.0223561 0.0225103 4 
0.0223523 0.0234143 4 
0.0223116 0.0230374 4 
0.0222985 0.0224114 4 
0.0222903 0.0222933 4 
0.0222505 0.022303 4 
0.0222299 0.0224426 4 
0.0222271 0.0234191 4 
0.0222114 0.0225091 4 
0.0221832 0.0223698 4 
0.0221683 0.0223366 4 
0.0221478 0.0230751 4 
0.0219587 0.0225172 4 
0.0219513 0.0220069 4 
0.021941 0.022697 4 
0.0218854 0.0227534 4 
0.0218656 0.0218989 4 
0.0218522 0.0221149 4 
0.0218215 0.0219662 4 
0.0217817 0.0220616 4 
0.0217607 0.0224058 4 
0.0217571 0.0231978 4 
0.0217228 0.0228816 4 
0.0216887 0.0219395 4 
0.02167 0.0222519 4 
0.0216273 0.0229863 4 
0.0216027 0.0220377 4 
0.0215622 0.0230158 4 
0.0215363 0.0246039 4 
0.0215265 0.0218886 4 
0.0215167 0.0227471 4 
0.0214724 0.0220377 4 
0.0214478 0.0214674 4 
0.0214066 0.0231503 4 
0.0214007 0.0215083 4 
0.0213398 0.0235097 4 
0.0213158 0.0219094 4 
0.021315 0.0221636 4 
0.0213069 0.0227089 4 
0.0212933 0.0213898 4 
0.0212573 0.0225693 4 
0.0212542 0.0216913 4 
0.0212364 0.0231978 4 
0.0212249 0.0217258 4 
0.0212084 0.0222287 4 
0.0211572 0.0215233 4 
0.0211465 0.0221627 4 
0.0211364 0.0211548 4 
0.0211284 0.02244 4 
0.0211002 0.0211775 4 
0.0210855 0.0213752 4 
0.0210834 0.0217647 4 
0.0210691 0.0217034 4 
0.0210687 0.0216087 4 
0.0210372 0.0223072 4 
0.0210287 0.0217989 4 
0.0209923 0.02112 4 
0.0209506 0.0218914 4 
0.0209277 0.021733 4 
0.0209128 0.0218681 4 
0.0209108 0.0220445 4 
0.020905 0.0219188 4 
0.0208972 0.0209139 4 
0.0208685 0.0210557 4 
0.0208595 0.0209983 4 
0.0208552 0.0211646 4 
0.0208486 0.0212408 4 
0.0208437 0.0210681 4 
0.0208248 0.0215071 4 
0.0207989 0.0221951 4 
0.0207895 0.0213848 4 
0.0207791 0.0218734 4 
0.020718 0.0211777 4 
0.0207175 0.021958 4 
0.0207097 0.0207439 4 
0.0206675 0.0209502 4 
0.0206637 0.0216611 4 
0.0206539 0.0210732 4 
0.0206353 0.0227551 4 
0.0206326 0.0215646 4 
0.0206282 0.0216903 4 
0.0206176 0.0220968 4 
0.020612 0.0212466 4 
0.0206008 0.0230048 4 
0.0205974 0.021427 4 
0.0205635 0.022147 4 
0.0205464 0.021014 4 
0.0205444 0.02249 4 
0.0205392 0.0211126 4 
0.0205236 0.0220331 4 
0.0205139 0.0206718 4 
0.0204607 0.0218811 4 
0.0204582 0.0210418 4 
0.0204453 0.0215233 4 
0.0204308 0.0211646 4 
0.0204147 0.0210418 4 
0.0204143 0.0205746 4 
0.0203847 0.0204626 4 
0.020375 0.021135 4 
0.0203597 0.0211126 4 
0.0203313 0.0213588 4 
0.0203055 0.0206803 4 
0.0202976 0.0209514 4 
0.0202921 0.022452 4 
0.0202735 0.0227582 4 
0.0202546 0.0205433 4 
0.0202212 0.0206978 4 
0.0202118 0.0212638 4 
0.0202076 0.0220377 4 
0.0202021 0.0215083 4 
0.0201992 0.0212586 4 
0.020197 0.0212189 4 
0.0201746 0.0221926 4 
0.0201633 0.0212466 4 
0.0201623 0.021639 4 
0.0201621 0.0208379 4 
0.0201597 0.0209319 4 
0.0201172 0.0215858 4 
0.0201085 0.0220616 4 
0.0200935 0.0215837 4 
0.0200762 0.0212306 4 
0.0200755 0.0208227 4 
0.0200665 0.02026 4 
0.0200611 0.0218018 4 
0.0200573 0.0206004 4 
0.0200375 0.0218004 4 
0.0200312 0.0234086 4 
0.0200282 0.0209577 4 
0.0200134 0.021013 4 
0.0200124 0.0202479 4 
0.0200122 0.0203086 4 
0.020001 0.0213192 4 
0.019955 0.0211542 4 
0.0199192 0.0211542 4 
0.0199172 0.022174 4 
0.0199159 0.0213909 4 
0.0199079 0.0213179 4 
0.0198707 0.0225156 4 
0.0198519 0.0199769 4 
0.0198438 0.0215858 4 
0.0198433 0.0209683 4 
0.0198368 0.0200265 4 
0.0197934 0.0211542 4 
0.0197797 0.0206475 4 
0.0197746 0.0214182 4 
0.0197368 0.0218691 4 
0.0197087 0.0215492 4 
0.0197067 0.0211632 4 
0.0196814 0.0205035 4 
0.0196762 0.0199059 4 
0.0196754 0.0214652 4 
0.0196648 0.0210372 4 
0.0196449 0.021639 4 
0.0196348 0.0209683 4 
0.0196177 0.0206192 4 
0.0195828 0.0199982 4 
0.0195722 0.0211278 4 
0.019569 0.0218226 4 
0.0195626 0.0212289 4 
0.019548 0.0199874 4 
0.019535 0.019727 4 
0.0195193 0.0195494 4 
0.0195037 0.0227747 4 
0.0195003 0.0213312 4 
0.0194936 0.0197905 4 
0.0194914 0.0209744 4 
0.0194851 0.0203873 4 
0.0194523 0.0207607 4 
0.019435 0.0213924 4 
0.0194186 0.0195601 4 
0.0194143 0.0213625 4 
0.0194127 0.021633 4 
0.0194073 0.0200349 4 
0.0193723 0.0224774 4 
0.0193597 0.0209139 4 
0.0193502 0.021419 4 
0.0193357 0.0205433 4 
0.0193208 0.0203643 4 
0.0192701 0.0208456 4 
0.0192406 0.0211542 4 
0.0192235 0.0205084 4 
0.0192137 0.0212999 4 
0.0192062 0.0195172 4 
0.0191987 0.0221926 4 
0.0191982 0.0215299 4 
0.0191898 0.0215422 4 
0.0191872 0.0205604 4 
0.0191821 0.019192 4 
0.0191772 0.0205746 4 
0.0191448 0.0206004 4 
0.0191349 0.0195601 4 
0.0191109 0.0209139 4 
0.0190032 0.0213909 4 
0.0190012 0.0205637 4 
0.0188869 0.01975 4 
0.0132115 0.0132253 5 
0.0122926 0.0123057 5 
0.0122395 0.0124963 5 
0.0116381 0.0117204 5 
0.0114609 0.0117914 5 
0.0114601 0.0119958 5 
0.0112772 0.011606 5 
0.0112705 0.0113747 5 
0.0112505 0.0117239 5 
0.0111974 0.0113692 5 
0.0111571 0.0112479 5 
0.011054 0.0114377 5 
0.0110198 0.0112847 5 
0.0109762 0.011116 5 
0.010962 0.011694 5 
0.0109506 0.0113343 5 
0.0108902 0.0115342 5 
0.0108582 0.0122141 5 
0.0108516 0.0116936 5 
0.0107831 0.0107907 5 
0.0107743 0.0109948 5 
0.0107737 0.0118962 5 
0.0107603 0.011336 5 
0.0106998 0.0119108 5 
0.0106783 0.0107367 5 
0.010675 0.0108691 5 
0.010666 0.0110918 5 
0.0106652 0.0109043 5 
0.010656 0.011246 5 
0.0106508 0.010911 5 
0.0106321 0.0114277 5 
0.010631 0.0111095 5 
0.0106128 0.0111813 5 
0.0106033 0.0111414 5 
0.010601 0.011165 5 
0.0105804 0.0107819 5 
0.0105787 0.0108242 5 
0.0105654 0.0111867 5 
0.0105613 0.0114078 5 
0.0105509 0.0118485 5 
0.0105307 0.0105748 5 
0.0105207 0.0108192 5 
0.0105141 0.0112002 5 
0.0105026 0.0109354 5 
0.0104996 0.011507 5 
0.0104885 0.0106821 5 
0.0104852 0.0106873 5 
0.0104664 0.0107517 5 
0.0104547 0.0104622 5 
0.0104535 0.0104929 5 
0.0104397 0.0109992 5 
0.0104249 0.010545 5 
0.0104246 0.0109558 5 
0.0104231 0.0106382 5 
0.010411 0.0113869 5 
0.0104002 0.0105289 5 
0.0103978 0.0108125 5 
0.0103851 0.0104181 5 
0.0103648 0.011669 5 
0.0103643 0.0109792 5 
0.0103607 0.0105264 5 
0.0103585 0.0104527 5 
0.0103469 0.0107426 5 
0.0103444 0.0112262 5 
0.0103426 0.0103884 5 
0.0103336 0.0103535 5 
0.0103297 0.010562 5 
0.0103193 0.0107426 5 
0.0103113 0.0106382 5 
0.0102975 0.0110588 5 
0.0102805 0.0106373 5 
0.0102667 0.0103023 5 
0.0102496 0.0103216 5 
0.0102135 0.0104785 5 
0.0102111 0.0105697 5 
0.0102037 0.0104982 5 
0.0101991 0.0114163 5 
0.0101874 0.0103304 5 
0.0101719 0.0108704 5 
0.0101683 0.0103157 5 
0.0101554 0.0107283 5 
0.0101478 0.0101962 5 
0.0101401 0.0113633 5 
0.010139 0.0104457 5 
0.0101292 0.0104592 5 
0.0100998 0.0101987 5 
0.0100851 0.0108242 5 
0.0100799 0.0104297 5 
0.0100788 0.0105971 5 
0.0100758 0.010264 5 
0.0100728 0.0104122 5 
0.0100647 0.0104435 5 
0.0100582 0.0103199 5 
0.0100385 0.0108152 5 
0.0100355 0.0105169 5 
0.0100306 0.0105005 5 
0.0100298 0.0104622 5 
0.0100152 0.0104311 5 
0.00999959 0.0105063 5 
0.00999917 0.0103151 5 
0.00999364 0.0103787 5 
0.0099741 0.0102751 5 
0.00996825 0.0107907 5 
0.00996558 0.0106585 5 
0.00996444 0.0107588 5 
0.00995975 0.0102907 5 
0.00995969 0.0104334 5 
0.00994308 0.0104835 5 
0.00991796 0.0102369 5 
0.00991742 0.0104909 5 
0.00991345 0.0119053 5 
0.0098994 0.0104954 5 
0.00988271 0.0105408 5 
0.00987704 0.010515 5 
0.00986972 0.0103304 5 
0.00985582 0.0106644 5 
0.00982619 0.0106373 5 
0.00982345 0.0104622 5 
0.00980536 0.0103241 5 
0.00978677 0.0099534 5 
0.00978196 0.0104527 5 
0.00977947 0.0104297 5 
0.00977915 0.0112931 5 
0.00977719 0.0107599 5 
0.00977544 0.0106507 5 
0.00977538 0.0102144 5 
0.00977114 0.0103884 5 
0.00977079 0.0108399 5 
0.0097507 0.0104727 5 
0.00973651 0.0101307 5 
0.00972316 0.00977241 5 
0.00972098 0.00985793 5 
0.00971899 0.00979374 5 
0.00970902 0.0100047 5 
0.00970402 0.0104954 5 
0.00970154 0.011253 5 
0.00967185 0.0111152 5 
0.009671 0.010515 5 
0.00966396 0.0098628 5 
0.00964499 0.0105386 5 
0.0096427 0.0105571 5 
0.00963303 0.0101489 5 
0.00962299 0.0110217 5 
0.00960877 0.0102672 5 
0.00959189 0.0103032 5 
0.00958694 0.0107679 5 
0.00957712 0.0106239 5 
0.00956737 0.0108251 5 
0.00956474 0.0103199 5 
0.00955971 0.0104143 5 
0.00955235 0.0096994 5 
0.00954939 0.00976355 5 
0.00954148 0.0098152 5 
0.00952373 0.0103787 5 
0.00948999 0.0101045 5 
0.00948729 0.0103023 5 
0.00947971 0.00956408 5 
0.00946991 0.0107273 5 
0.00946861 0.010165 5 
0.00946021 0.0105195 5 
0.00945706 0.0105085 5 
0.00945523 0.0104865 5 
0.00943361 0.0105697 5 
0.00939974 0.0112398 5 
0.0093372 0.0105169 5 
0.00931593 0.0103579 5 
0.00931112 0.0099555 5 
0.00930417 0.0101748 5 
0.0092937 0.00959037 5 
0.00928112 0.00931585 5 
0.00924763 0.0101489 5 
0.00645715 0.00648662 6 
0.00633872 0.0066837 6 
0.00599557 0.00614852 6 
0.00598263 0.00598893 6 
0.00583914 0.00596756 6 
0.00582962 0.00589542 6 
0.00578439 0.00597875 6 
0.00572136 0.00572829 6 
0.00569674 0.0058714 6 
0.00567359 0.00601039 6 
0.00566239 0.00611959 6 
0.00565482 0.00607446 6 
0.00562532 0.00575374 6 
0.00562206 0.00574317 6 
0.00557863 0.00572517 6 
0.00557678 0.0059105 6 
0.00556667 0.00565362 6 
0.00555938 0.00633777 6 
0.00555099 0.00571847 6 
0.00551635 0.00621242 6 
0.00550957 0.00555759 6 
0.0054982 0.00582045 6 
0.00548955 0.00569753 6 
0.0054771 0.00555757 6 
0.00546775 0.00553347 6 
0.00545081 0.00549692 6 
0.00544501 0.00563714 6 
0.00544347 0.00582991 6 
0.0054364 0.00579167 6 
0.0054329 0.0055567 6 
0.00543206 0.00569841 6 
0.0054072 0.00556824 6 
0.00540412 0.00564253 6 
0.00539039 0.00595596 6 
0.00537928 0.00553725 6 
0.00537281 0.00599205 6 
0.00537103 0.00592715 6 
0.00536715 0.00548943 6 
0.00536343 0.00553023 6 
0.00535823 0.00540412 6 
0.00535238 0.00590133 6 
0.005349 0.00581455 6 
0.0053432 0.00541878 6 
0.00533883 0.00545286 6 
0.00533791 0.00560721 6 
0.00533155 0.00605163 6 
0.00532846 0.00556662 6 
0.00532586 0.00539563 6 
0.00532547 0.00536938 6 
0.00531587 0.00534296 6 
0.00530956 0.00537005 6 
0.00530773 0.0053507 6 
0.00529913 0.00535736 6 
0.00528384 0.00584511 6 
0.00527708 0.00534658 6 
0.00527265 0.00531793 6 
0.00527127 0.00577547 6 
0.00524142 0.00524458 6 
0.00524126 0.00549004 6 
0.00523758 0.00527622 6 
0.00522834 0.00531849 6 
0.00521754 0.00524244 6 
0.00519954 0.00521063 6 
0.00519574 0.00524172 6 
0.00517427 0.00576419 6 
0.00517263 0.00565827 6 
0.00516831 0.00537301 6 
0.00516457 0.00538702 6 
0.0051595 0.00525679 6 
0.00515892 0.00521453 6 
0.00515225 0.0054303 6 
0.00514865 0.00515097 6 
0.00514539 0.00525679 6 
0.00513702 0.00556312 6 
0.00513568 0.00531536 6 
0.00512766 0.00533513 6 
0.00511626 0.00557932 6 
0.00511305 0.00522318 6 
0.00510712 0.00519821 6 
0.00509157 0.0050959 6 
0.00509093 0.00533119 6 
0.00508842 0.00522436 6 
0.00508705 0.00529688 6 
0.00508371 0.00533119 6 
0.00507525 0.00537894 6 
0.00507396 0.0054303 6 
0.00506967 0.00540286 6 
0.00505521 0.00524961 6 
0.00505449 0.00519301 6 
0.00505012 0.0053801 6 
0.00505003 0.00620702 6 
0.00504783 0.00524792 6 
0.00504519 0.005344 6 
0.00504372 0.00525852 6 
0.00504107 0.00526217 6 
0.00503854 0.0050914 6 
0.00502723 0.00507902 6 
0.00502413 0.0051655 6 
0.00502249 0.00524811 6 
0.00502077 0.00527536 6 
0.00501306 0.00508715 6 
0.0050099 0.00519279 6 
0.00500965 0.00565892 6 
0.00500935 0.00529469 6 
0.00500622 0.00522436 6 
0.00499163 0.00535783 6 
0.00498259 0.00523759 6 
0.00496964 0.00540412 6 
0.00495854 0.00543976 6 
0.00495469 0.00497261 6 
0.00495222 0.00523878 6 
0.00494352 0.00528366 6 
0.004942 0.00522132 6 
0.00492908 0.00493821 6 
0.00492388 0.00502126 6 
0.00490475 0.00520114 6 
0.00490139 0.00532455 6 
0.00490043 0.00497128 6 
0.00489536 0.00544634 6 
0.00489425 0.00490075 6 
0.00489017 0.00543523 6 
0.00488841 0.00568313 6 
0.00488382 0.00494579 6 
0.00488335 0.0054889 6 
0.0048759 0.00529921 6 
0.00486103 0.00529413 6 
0.00485552 0.00545941 6 
0.0048476 0.00519156 6 
0.00484714 0.00504318 6 
0.00484453 0.00501658 6 
0.00483357 0.00535519 6 
0.00483201 0.00580394 6 
0.00482982 0.00524244 6 
0.00481827 0.00526535 6 
0.00481463 0.00527125 6 
0.00480656 0.00525996 6 
0.00480577 0.00508749 6 
0.00480525 0.00522132 6 
0.00480286 0.00522495 6 
0.00479278 0.00515957 6 
0.00478451 0.00582045 6 
0.00478212 0.00524903 6 
0.00477418 0.00519496 6 
0.00476892 0.00483077 6 
0.00474904 0.0054423 6 
0.00473617 0.0051511 6 
0.0047251 0.00527765 6 
0.00472197 0.00476239 6 
0.0047202 0.0053389 6 
0.00470943 0.00532726 6 
0.00469628 0.00471529 6 
0.00469348 0.00473896 6 
0.00468144 0.00527622 6 
0.00468081 0.00533652 6 
0.00462909 0.00491252 6 
0.00460442 0.0050914 6 
0.0045871 0.00502126 6 
0.00326397 0.00345909 7 
0.00311846 0.00312647 7 
0.00308339 0.00309272 7 
0.00306099 0.00309221 7 
0.00303218 0.0030789 7 
0.00302668 0.00315557 7 
0.00301953 0.00314086 7 
0.00300808 0.00309221 7 
0.00298601 0.00301969 7 
0.0029622 0.00324402 7 
0.00292219 0.00304907 7 
0.00290782 0.0030045 7 
0.00290465 0.00292548 7 
0.00289607 0.00290299 7 
0.00289333 0.00307626 7 
0.00288079 0.00302977 7 
0.00287992 0.00293662 7 
0.0028788 0.00336391 7 
0.00286213 0.00322902 7 
0.00285044 0.002898 7 
0.00284278 0.00308378 7 
0.00284032 0.00289042 7 
0.00283895 0.00284279 7 
0.00283479 0.0029003 7 
0.00283098 0.00303484 7 
0.00283041 0.00295328 7 
0.00281919 0.00305059 7 
0.00281113 0.00303222 7 
0.0028035 0.00281777 7 
0.00280173 0.00282509 7 
0.00279964 0.00283189 7 
0.00279854 0.00303541 7 
0.0027884 0.00289042 7 
0.00278783 0.00315151 7 
0.0027816 0.00297805 7 
0.00277553 0.00297915 7 
0.0027749 0.00291398 7 
0.00277432 0.00289721 7 
0.00276699 0.00310172 7 
0.00276593 0.00314697 7 
0.00275948 0.00277265 7 
0.00274983 0.00291903 7 
0.00273476 0.00275228 7 
0.00272974 0.00284347 7 
0.00270728 0.00276145 7 
0.00270543 0.0028862 7 
0.00269981 0.00270532 7 
0.00269777 0.00301898 7 
0.00269002 0.00271036 7 
0.00268195 0.00278714 7 
0.0026813 0.00296856 7 
0.00267853 0.00269099 7 
0.00266867 0.00267429 7 
0.00266825 0.00294974 7 
0.00266822 0.00275846 7 
0.00266203 0.00270211 7 
0.00265997 0.0026921 7 
0.0026581 0.00276858 7 
0.00265649 0.00281376 7 
0.00265393 0.0028233 7 
0.00265235 0.00289721 7 
0.00265043 0.00276266 7 
0.00264186 0.00325289 7 
0.00263937 0.00272567 7 
0.00263489 0.00268799 7 
0.00263474 0.00285611 7 
0.00263333 0.00268987 7 
0.00263031 0.00263398 7 
0.00262962 0.00271424 7 
0.0026294 0.002763 7 
0.00261064 0.0026271 7 
0.00260884 0.00276257 7 
0.00260414 0.00292617 7 
0.00260347 0.00267227 7 
0.00260273 0.00264617 7 
0.00259942 0.002768 7 
0.00259726 0.00276929 7 
0.00259596 0.00276186 7 
0.00258852 0.00267268 7 
0.00258276 0.00261534 7 
0.00257284 0.00263417 7 
0.0025691 0.00278166 7 
0.00256186 0.00263781 7 
0.00256184 0.00260674 7 
0.00255681 0.00278321 7 
0.00255653 0.00272166 7 
0.00255244 0.00279558 7 
0.0025517 0.00257458 7 
0.00254827 0.00268944 7 
0.0025467 0.00263985 7 
0.00253884 0.00267261 7 
0.00253762 0.00268096 7 
0.00253758 0.00276186 7 
0.00253703 0.0027684 7 
0.00253492 0.00273706 7 
0.00253408 0.00254674 7 
0.00253113 0.00264503 7 
0.00253017 0.00256178 7 
0.00252202 0.00262866 7 
0.00252027 0.00279172 7 
0.00251951 0.00264432 7 
0.00251892 0.00262931 7 
0.0025166 0.00276929 7 
0.00251534 0.00267525 7 
0.00250451 0.00267702 7 
0.00249757 0.00284344 7 
0.00248963 0.00296744 7 
0.00248456 0.00291793 7 
0.00248386 0.00303921 7 
0.00247796 0.00269568 7 
0.0024674 0.00278321 7 
0.00245738 0.00270289 7 
0.00245474 0.00246127 7 
0.00245379 0.00251599 7 
0.00245126 0.00263985 7 
0.00244947 0.00270521 7 
0.00244291 0.00264926 7 
0.00244 0.00266843 7 
0.00243999 0.00252348 7 
0.00243864 0.00277496 7 
0.00243448 0.00262866 7 
0.00243301 0.00246428 7 
0.00243217 0.00272166 7 
0.00242154 0.00265619 7 
0.00242138 0.0027049 7 
0.00241903 0.00271644 7 
0.00241263 0.00272035 7 
0.0024102 0.00242909 7 
0.00239736 0.00268799 7 
0.0023852 0.00275971 7 
0.002384 0.00267906 7 
0.00238138 0.00245312 7 
0.00237753 0.00279321 7 
0.0023435 0.00247494 7 
0.00232249 0.00252161 7 
0.00232052 0.00255037 7 
0.00169993 0.00179838 8 
0.00164819 0.00166774 8 
0.00163972 0.001664 8 
0.00162892 0.00164577 8 
0.0015938 0.00165761 8 
0.00159195 0.00164159 8 
0.00157794 0.00161727 8 
0.0015664 0.00157627 8 
0.00156507 0.00173695 8 
0.00155562 0.00155672 8 
0.00153835 0.00156202 8 
0.00153132 0.00163474 8 
0.001524 0.00157841 8 
0.00151736 0.00157958 8 
0.00151478 0.00152487 8 
0.00150407 0.00175788 8 
0.00150308 0.00152241 8 
0.00150116 0.00169999 8 
0.00149935 0.00164933 8 
0.00149874 0.00150559 8 
0.00149048 0.00156043 8 
0.00148378 0.00149671 8 
0.00148333 0.00155813 8 
0.00148098 0.00163654 8 
0.00147577 0.00167127 8 
0.00147217 0.00160318 8 
0.00146755 0.00158729 8 
0.00146278 0.00149751 8 
0.00145986 0.00154594 8 
0.00145874 0.00154193 8 
0.00145431 0.00146497 8 
0.00144867 0.0016552 8 
0.00143996 0.00162149 8 
0.001433 0.0014701 8 
0.00143028 0.00144025 8 
0.00142882 0.00143164 8 
0.00142272 0.00159698 8 
0.00141983 0.00148098 8 
0.0014188 0.00142935 8 
0.00141753 0.00145001 8 
0.00141532 0.00154712 8 
0.00141085 0.00147346 8 
0.00140854 0.00153944 8 
0.00140442 0.00168355 8 
0.00139904 0.00143561 8 
0.00139774 0.0014396 8 
0.0013947 0.00149751 8 
0.00139435 0.00157938 8 
0.00139343 0.00156038 8 
0.00138822 0.00144489 8 
0.00138487 0.00141998 8 
0.00138182 0.00150096 8 
0.00138091 0.00143785 8 
0.00137995 0.00139801 8 
0.00137961 0.00138528 8 
0.00137188 0.00140982 8 
0.00136774 0.00152908 8 
0.00136503 0.00140754 8 
0.00136003 0.0013813 8 
0.00135775 0.00148876 8 
0.00135716 0.00143785 8 
0.00135512 0.00139248 8 
0.00135275 0.00145897 8 
0.00135148 0.00142935 8 
0.00135145 0.00135376 8 
0.00135132 0.00137353 8 
0.0013475 0.00143915 8 
0.00134684 0.00138937 8 
0.00134512 0.00138758 8 
0.00134321 0.00136492 8 
0.00134271 0.00137081 8 
0.00134111 0.00144683 8 
0.0013403 0.00143168 8 
0.00133832 0.00146802 8 
0.00133797 0.00144504 8 
0.00133203 0.00135205 8 
0.00132972 0.00145512 8 
0.00132745 0.00143349 8 
0.00132489 0.00136567 8 
0.00132455 0.00149522 8 
0.00131788 0.00135071 8 
0.00131364 0.0014675 8 
0.00130918 0.001331 8 
0.00130738 0.00149406 8 
0.00130668 0.00136031 8 
0.00130374 0.00133218 8 
0.00130331 0.00139958 8 
0.00130192 0.00148649 8 
0.00130107 0.00158633 8 
0.00130068 0.00139518 8 
0.00129917 0.00138324 8 
0.00129825 0.00138528 8 
0.00129747 0.00134161 8 
0.00129664 0.00142282 8 
0.00129652 0.00152487 8 
0.00129439 0.00135097 8 
0.00129288 0.00138694 8 
0.00129278 0.00134738 8 
0.0012864 0.00140918 8 
0.00127827 0.0014089 8 
0.00127406 0.00143064 8 
0.0012737 0.00140991 8 
0.00127112 0.0013094 8 
0.00127101 0.00137902 8 
0.001265 0.00143993 8 
0.00126498 0.00135205 8 
0.0012646 0.00127733 8 
0.00125815 0.00127002 8 
0.00125704 0.00143629 8 
0.00125499 0.001331 8 
0.00125401 0.00139248 8 
0.00125137 0.00147511 8 
0.00124718 0.00136567 8 
0.00124702 0.00138504 8 
0.00124429 0.00127821 8 
0.00123652 0.00133469 8 
0.00123071 0.0012928 8 
0.00122521 0.00125268 8 
0.00122008 0.00141278 8 
0.00121541 0.00146103 8 
0.00120646 0.00128131 8 
0.0012052 0.00127324 8 
0.00120179 0.0012928 8 
0.000894172 0.000940995 9 
0.000880682 0.000904643 9 
0.000877869 0.000887093 9 
0.000865617 0.000883841 9 
0.000844869 0.000865507 9 
0.000833704 0.000913394 9 
0.00083346 0.000853661 9 
0.000833249 0.000853321 9 
0.000829778 0.000834316 9 
0.000828619 0.000833993 9 
0.000822572 0.000878156 9 
0.000820713 0.000821118 9 
0.000816512 0.000835279 9 
0.000803149 0.000831941 9 
0.00080233 0.000820964 9 
0.000796737 0.00087989 9 
0.000794629 0.000904735 9 
0.000793077 0.000797951 9 
0.000791644 0.000921178 9 
0.000788548 0.000887093 9 
0.000786449 0.000878156 9 
0.000784122 0.000787988 9 
0.000783195 0.000843041 9 
0.000780088 0.000787554 9 
0.000779224 0.000782988 9 
0.00077586 0.000785934 9 
0.000775515 0.000826853 9 
0.000775308 0.000833847 9 
0.000769761 0.000805294 9 
0.000769644 0.000879026 9 
0.000758332 0.000814083 9 
0.000756513 0.000891064 9 
0.000755532 0.000843869 9 
0.000755085 0.000787516 9 
0.000752349 0.000822175 9 
0.000742273 0.000782988 9 
0.000741953 0.00076272 9 
0.000737896 0.000830675 9 
0.000736016 0.00078028 9 
0.000735495 0.00073736 9 
0.000735251 0.000823333 9 
0.000733377 0.000756683 9 
0.000733211 0.000739875 9 
0.000729797 0.000754247 9 
0.000729671 0.000751612 9 
0.000728351 0.000835064 9 
0.000727593 0.000768757 9 
0.000725335 0.000774019 9 
0.000723832 0.000805246 9 
0.00072221 0.000734826 9 
0.000721695 0.000727651 9 
0.000721109 0.000722389 9 
0.000718758 0.000719142 9 
0.000717959 0.000723085 9 
0.000717719 0.000736981 9 
0.000715613 0.000747622 9 
0.0007145 0.000752922 9 
0.000714356 0.000737233 9 
0.000714326 0.000787516 9 
0.000711215 0.000811322 9 
0.00071055 0.000763038 9 
0.000710453 0.000745666 9 
0.000709264 0.000739488 9 
0.000707794 0.000763675 9 
0.000706965 0.000709067 9 
0.000706218 0.00071272 9 
0.000704557 0.000741465 9 
0.000702806 0.000710696 9 
0.000702273 0.000764808 9 
0.000701003 0.000704375 9 
0.000699797 0.000765103 9 
0.000696177 0.000757351 9 
0.000695319 0.000739845 9 
0.00069496 0.000708677 9 
0.000693805 0.000773623 9 
0.000691592 0.000831147 9 
0.000690837 0.000763523 9 
0.000689085 0.00078028 9 
0.000687389 0.000739875 9 
0.000686269 0.000758934 9 
0.000683111 0.000696891 9 
0.000680464 0.000699359 9 
0.000678392 0.000726336 9 
0.000675685 0.000695116 9 
0.000674265 0.000715688 9 
0.000673465 0.000688644 9 
0.00067168 0.000799723 9 
0.000671343 0.000748146 9 
0.000670064 0.000736452 9 
0.000668832 0.000760054 9 
0.000667894 0.000752305 9 
0.000666712 0.000671926 9 
0.000665899 0.00068116 9 
0.000664199 0.000724021 9 
0.00066408 0.000679635 9 
0.00066402 0.000719448 9 
0.000663904 0.000751612 9 
0.000663286 0.000702826 9 
0.000660644 0.000705014 9 
0.000658822 0.000753321 9 
0.000657442 0.00071272 9 
0.00065667 0.000718013 9 
0.00065333 0.000680209 9 
0.000651422 0.000788854 9 
0.000650767 0.000726336 9 
0.00064719 0.000691293 9 
0.000645246 0.000678354 9 
0.000641795 0.000654254 9 
0.000638464 0.000690298 9 
0.000637534 0.000759048 9 
0.000636626 0.000728396 9 
0.00063542 0.00065732 9 
0.000630335 0.00064382 9 
0.0006286 0.00066802 9 
0.000622903 0.000662996 9 
