0.527285 0.542255 0 
0.523241 0.544067 0 
0.522665 0.539135 0 
0.522254 0.539547 0 
0.521821 0.543875 0 
0.521793 0.543607 0 
0.52158 0.543392 0 
0.521239 0.541814 0 
0.521077 0.540623 0 
0.520912 0.540403 0 
0.520893 0.542302 0 
0.520822 0.541814 0 
0.520818 0.541588 0 
0.520779 0.539118 0 
0.520746 0.5419 0 
0.520609 0.52196 0 
0.520586 0.544495 0 
0.520545 0.540623 0 
0.520483 0.541081 0 
0.520322 0.520517 0 
0.520311 0.520411 0 
0.52023 0.542408 0 
0.520227 0.545169 0 
0.520203 0.540198 0 
0.520098 0.540732 0 
0.520059 0.543186 0 
0.519998 0.54171 0 
0.519885 0.542509 0 
0.519751 0.520365 0 
0.519693 0.540638 0 
0.51962 0.540988 0 
0.519571 0.540417 0 
0.519531 0.520282 0 
0.519531 0.520897 0 
0.519462 0.51994 0 
0.519419 0.540732 0 
0.519158 0.542754 0 
0.519102 0.542929 0 
0.519061 0.522771 0 
0.519029 0.541588 0 
0.51902 0.542562 0 
0.518944 0.542041 0 
0.518943 0.545336 0 
0.518879 0.540933 0 
0.518822 0.539569 0 
0.518802 0.540397 0 
0.51878 0.541477 0 
0.518767 0.541431 0 
0.518725 0.539766 0 
0.518716 0.540857 0 
0.518676 0.543434 0 
0.518603 0.540754 0 
0.518553 0.539342 0 
0.518523 0.542711 0 
0.518516 0.522676 0 
0.518454 0.518837 0 
0.518452 0.542702 0 
0.518433 0.519744 0 
0.51841 0.518644 0 
0.518375 0.521213 0 
0.518364 0.518799 0 
0.518185 0.518798 0 
0.518177 0.543445 0 
0.51814 0.543034 0 
0.518095 0.540857 0 
0.518063 0.540457 0 
0.518061 0.54081 0 
0.517937 0.542567 0 
0.517931 0.542976 0 
0.517907 0.540536 0 
0.517873 0.518697 0 
0.517857 0.518521 0 
0.51785 0.521572 0 
0.517846 0.521005 0 
0.517838 0.519744 0 
0.517837 0.538016 0 
0.517821 0.540933 0 
0.517811 0.54185 0 
0.517771 0.519299 0 
0.517732 0.541492 0 
0.517633 0.541727 0 
0.517556 0.518471 0 
0.517556 0.51983 0 
0.517525 0.520812 0 
0.517519 0.51894 0 
0.517489 0.539569 0 
0.517426 0.517796 0 
0.51736 0.5198 0 
0.51735 0.543075 0 
0.517323 0.538609 0 
0.517311 0.519299 0 
0.517272 0.518502 0 
0.517271 0.539903 0 
0.517152 0.540754 0 
0.517105 0.541939 0 
0.517099 0.518375 0 
0.517024 0.517248 0 
0.517018 0.541214 0 
0.516932 0.543449 0 
0.516907 0.541294 0 
0.516856 0.542976 0 
0.516847 0.518097 0 
0.516847 0.517085 0 
0.516844 0.522771 0 
0.516802 0.519981 0 
0.516742 0.544602 0 
0.516738 0.517156 0 
0.516704 0.542245 0 
0.516682 0.541853 0 
0.516667 0.543525 0 
0.516664 0.518082 0 
0.516618 0.544401 0 
0.516602 0.517243 0 
0.516589 0.516716 0 
0.516557 0.517745 0 
0.516525 0.517372 0 
0.516514 0.518175 0 
0.516506 0.544041 0 
0.516471 0.539707 0 
0.51647 0.517872 0 
0.516454 0.541081 0 
0.516448 0.543551 0 
0.516375 0.538475 0 
0.516341 0.540638 0 
0.516336 0.54159 0 
0.516334 0.542062 0 
0.516314 0.541054 0 
0.516284 0.545225 0 
0.51627 0.518002 0 
0.516269 0.519144 0 
0.51626 0.519744 0 
0.516259 0.544511 0 
0.516237 0.518714 0 
0.516222 0.51938 0 
0.516185 0.518755 0 
0.516165 0.517979 0 
0.516161 0.540337 0 
0.516119 0.539707 0 
0.516093 0.5199 0 
0.516011 0.519299 0 
0.515992 0.516346 0 
0.515907 0.519239 0 
0.51586 0.517156 0 
0.515844 0.518714 0 
0.515839 0.541477 0 
0.515831 0.541276 0 
0.515828 0.520069 0 
0.515798 0.519115 0 
0.515796 0.518927 0 
0.515775 0.518567 0 
0.51576 0.51692 0 
0.515731 0.54349 0 
0.515728 0.517542 0 
0.515718 0.517598 0 
0.515708 0.543586 0 
0.515705 0.518797 0 
0.515704 0.54187 0 
0.515663 0.51801 0 
0.515632 0.542869 0 
0.515571 0.542158 0 
0.515564 0.541541 0 
0.515558 0.540989 0 
0.515497 0.519585 0 
0.515465 0.515729 0 
0.515393 0.538763 0 
0.515363 0.515562 0 
0.515326 0.541727 0 
0.515317 0.539569 0 
0.515304 0.515333 0 
0.51528 0.519035 0 
0.515275 0.539044 0 
0.515274 0.517361 0 
0.515249 0.517254 0 
0.515246 0.542509 0 
0.515215 0.520015 0 
0.515175 0.540457 0 
0.515146 0.518633 0 
0.515137 0.520364 0 
0.515128 0.519417 0 
0.515124 0.539007 0 
0.51507 0.539903 0 
0.515065 0.544076 0 
0.515057 0.543607 0 
0.515041 0.543382 0 
0.51498 0.542119 0 
0.514971 0.538475 0 
0.514888 0.519737 0 
0.514882 0.516759 0 
0.514871 0.538016 0 
0.514818 0.539049 0 
0.514779 0.519861 0 
0.514767 0.519031 0 
0.514763 0.518043 0 
0.514761 0.519591 0 
0.514698 0.516891 0 
0.514681 0.541538 0 
0.514669 0.519379 0 
0.514654 0.521024 0 
0.514651 0.542177 0 
0.514629 0.520015 0 
0.514623 0.519769 0 
0.51459 0.515119 0 
0.514571 0.520075 0 
0.514553 0.540403 0 
0.514543 0.52021 0 
0.514509 0.515055 0 
0.5145 0.539342 0 
0.514498 0.518714 0 
0.514488 0.539824 0 
0.514474 0.519195 0 
0.514438 0.51497 0 
0.514371 0.540509 0 
0.514356 0.544206 0 
0.514328 0.520165 0 
0.514324 0.514926 0 
0.514255 0.540933 0 
0.514244 0.541477 0 
0.514236 0.514496 0 
0.514229 0.515061 0 
0.514215 0.5199 0 
0.514191 0.539044 0 
0.514183 0.544988 0 
0.514182 0.540837 0 
0.514175 0.516981 0 
0.514171 0.516097 0 
0.514148 0.539135 0 
0.514112 0.547375 0 
0.514087 0.540403 0 
0.514075 0.543313 0 
0.514056 0.539824 0 
0.514038 0.521024 0 
0.514015 0.542045 0 
0.513954 0.516097 0 
0.513935 0.544727 0 
0.513927 0.520146 0 
0.513922 0.519764 0 
0.513895 0.515394 0 
0.51388 0.51801 0 
0.513879 0.515066 0 
0.513868 0.518158 0 
0.513843 0.539007 0 
0.513822 0.540337 0 
0.513813 0.514848 0 
0.513782 0.521481 0 
0.513779 0.544515 0 
0.513778 0.538475 0 
0.513767 0.546042 0 
0.513763 0.540403 0 
0.513759 0.539007 0 
0.513703 0.545616 0 
0.513695 0.514591 0 
0.513689 0.541081 0 
0.513643 0.520517 0 
0.513627 0.540417 0 
0.513617 0.541832 0 
0.513607 0.543473 0 
0.513597 0.538609 0 
0.513527 0.523261 0 
0.513513 0.540732 0 
0.513493 0.543377 0 
0.51344 0.544868 0 
0.51343 0.541276 0 
0.513418 0.539049 0 
0.513402 0.519069 0 
0.513372 0.54155 0 
0.513372 0.540857 0 
0.51336 0.543112 0 
0.513332 0.541682 0 
0.513318 0.539135 0 
0.513288 0.544469 0 
0.513258 0.539903 0 
0.513191 0.54732 0 
0.513136 0.539135 0 
0.513134 0.540837 0 
0.5131 0.540732 0 
0.513092 0.541504 0 
0.513087 0.538763 0 
0.513064 0.540732 0 
0.513049 0.544415 0 
0.513038 0.521633 0 
0.513001 0.517712 0 
0.512967 0.539445 0 
0.51294 0.516454 0 
0.512926 0.539766 0 
0.512895 0.542152 0 
0.512891 0.544732 0 
0.512881 0.539044 0 
0.512879 0.539547 0 
0.512822 0.520571 0 
0.512811 0.519775 0 
0.512808 0.538763 0 
0.512772 0.542505 0 
0.512736 0.541684 0 
0.512728 0.545065 0 
0.512702 0.540882 0 
0.512696 0.539547 0 
0.512687 0.539707 0 
0.512683 0.54503 0 
0.512664 0.541214 0 
0.512646 0.539569 0 
0.512638 0.540732 0 
0.512611 0.543949 0 
0.512594 0.539569 0 
0.512519 0.542398 0 
0.512517 0.541989 0 
0.512493 0.539445 0 
0.51249 0.540857 0 
0.512472 0.544494 0 
0.512417 0.538016 0 
0.512403 0.539824 0 
0.51239 0.518114 0 
0.512384 0.541457 0 
0.512373 0.51541 0 
0.512363 0.539629 0 
0.512346 0.542388 0 
0.51231 0.540457 0 
0.512303 0.543509 0 
0.512278 0.542923 0 
0.512252 0.544905 0 
0.512221 0.540417 0 
0.512203 0.543471 0 
0.512169 0.541054 0 
0.512167 0.540754 0 
0.512142 0.539547 0 
0.512127 0.541294 0 
0.512063 0.540882 0 
0.511997 0.539707 0 
0.511971 0.541275 0 
0.511958 0.544869 0 
0.511948 0.545534 0 
0.511927 0.541477 0 
0.511912 0.541004 0 
0.511903 0.540882 0 
0.51187 0.539135 0 
0.511866 0.542177 0 
0.511843 0.541684 0 
0.511832 0.54185 0 
0.511786 0.543858 0 
0.511711 0.54243 0 
0.511692 0.540337 0 
0.51168 0.542045 0 
0.511669 0.539629 0 
0.511605 0.541909 0 
0.511584 0.541943 0 
0.511526 0.543126 0 
0.511505 0.539629 0 
0.511494 0.540536 0 
0.511493 0.541054 0 
0.511428 0.542255 0 
0.511385 0.545717 0 
0.511353 0.544081 0 
0.511349 0.545795 0 
0.511317 0.54256 0 
0.511301 0.539707 0 
0.51124 0.542119 0 
0.511063 0.541081 0 
0.511061 0.541174 0 
0.511018 0.542354 0 
0.510975 0.541684 0 
0.510949 0.542481 0 
0.510925 0.545019 0 
0.510885 0.516726 0 
0.510785 0.544057 0 
0.51065 0.543186 0 
0.51058 0.546565 0 
0.510565 0.541417 0 
0.510561 0.544564 0 
0.510555 0.542658 0 
0.510536 0.541684 0 
0.510472 0.545019 0 
0.510356 0.542158 0 
0.510319 0.544265 0 
0.51028 0.543396 0 
0.510166 0.520571 0 
0.510071 0.54187 0 
0.510029 0.544135 0 
0.50978 0.544665 0 
0.509677 0.542481 0 
0.509626 0.545372 0 
0.509617 0.546242 0 
0.509553 0.542062 0 
0.509501 0.544085 0 
0.509345 0.542929 0 
0.509301 0.553999 0 
0.509154 0.546408 0 
0.509142 0.544732 0 
0.508836 0.543465 0 
0.508363 0.547319 0 
0.508172 0.544857 0 
0.219709 0.224937 1 
0.219584 0.228005 1 
0.218194 0.227007 1 
0.217655 0.224401 1 
0.217603 0.226093 1 
0.21745 0.230766 1 
0.217349 0.227226 1 
0.217009 0.228652 1 
0.216895 0.223887 1 
0.216832 0.228931 1 
0.216677 0.221093 1 
0.216356 0.221422 1 
0.216205 0.225348 1 
0.215882 0.222601 1 
0.215739 0.223795 1 
0.215699 0.227224 1 
0.215675 0.22504 1 
0.215651 0.227723 1 
0.215536 0.221986 1 
0.21542 0.223795 1 
0.215409 0.226518 1 
0.215408 0.228579 1 
0.215382 0.231762 1 
0.215254 0.22276 1 
0.215105 0.22276 1 
0.215045 0.226501 1 
0.214698 0.224939 1 
0.21457 0.232275 1 
0.214557 0.220291 1 
0.214454 0.224092 1 
0.21431 0.221745 1 
0.214303 0.224711 1 
0.214294 0.227917 1 
0.214251 0.2317 1 
0.214231 0.225392 1 
0.214193 0.224382 1 
0.214131 0.221148 1 
0.214129 0.226234 1 
0.214057 0.229555 1 
0.214038 0.22353 1 
0.214004 0.224613 1 
0.213983 0.228382 1 
0.213975 0.222839 1 
0.213972 0.222594 1 
0.21396 0.224554 1 
0.213944 0.224809 1 
0.21393 0.22692 1 
0.213926 0.225291 1 
0.213901 0.224471 1 
0.213896 0.228897 1 
0.213826 0.225192 1 
0.213808 0.221299 1 
0.213638 0.22227 1 
0.213628 0.223923 1 
0.213538 0.226462 1 
0.213494 0.224348 1 
0.21325 0.22399 1 
0.213193 0.224492 1 
0.213181 0.22925 1 
0.21313 0.228475 1 
0.21311 0.225872 1 
0.213067 0.223468 1 
0.213031 0.227722 1 
0.213028 0.220836 1 
0.213023 0.222249 1 
0.213018 0.222601 1 
0.212997 0.221963 1 
0.212977 0.221053 1 
0.212888 0.226451 1 
0.212871 0.230056 1 
0.212863 0.227433 1 
0.212824 0.224247 1 
0.212768 0.227094 1 
0.212691 0.222249 1 
0.212647 0.227007 1 
0.212617 0.22014 1 
0.212582 0.222916 1 
0.212566 0.223678 1 
0.212526 0.224182 1 
0.212464 0.222032 1 
0.212394 0.222878 1 
0.212388 0.220193 1 
0.212382 0.224455 1 
0.212379 0.225932 1 
0.212317 0.224809 1 
0.212301 0.223468 1 
0.212242 0.227382 1 
0.212223 0.223887 1 
0.21213 0.228816 1 
0.212105 0.22731 1 
0.212086 0.221422 1 
0.212045 0.226987 1 
0.21203 0.227176 1 
0.212018 0.220401 1 
0.21192 0.228681 1 
0.211914 0.229991 1 
0.211897 0.212725 1 
0.211893 0.221019 1 
0.211881 0.226125 1 
0.21183 0.227569 1 
0.211782 0.223596 1 
0.21173 0.21203 1 
0.21171 0.221745 1 
0.211656 0.225634 1 
0.211629 0.225984 1 
0.211569 0.22353 1 
0.211427 0.225218 1 
0.211427 0.222675 1 
0.211419 0.223986 1 
0.211397 0.224448 1 
0.211377 0.219135 1 
0.211362 0.220732 1 
0.211347 0.218944 1 
0.2113 0.222839 1 
0.21128 0.228305 1 
0.211258 0.222878 1 
0.211212 0.230575 1 
0.211211 0.21219 1 
0.211163 0.221963 1 
0.211143 0.211284 1 
0.211128 0.222436 1 
0.21112 0.224781 1 
0.211042 0.224678 1 
0.211011 0.227176 1 
0.210985 0.221446 1 
0.210983 0.222878 1 
0.210981 0.227646 1 
0.21082 0.229768 1 
0.210793 0.22209 1 
0.210691 0.224357 1 
0.210498 0.223971 1 
0.210465 0.22209 1 
0.210451 0.222202 1 
0.210411 0.224488 1 
0.210405 0.224348 1 
0.210397 0.223986 1 
0.210345 0.217568 1 
0.210328 0.211272 1 
0.210327 0.212449 1 
0.210265 0.210647 1 
0.210258 0.231231 1 
0.210243 0.222032 1 
0.21003 0.224129 1 
0.210005 0.210594 1 
0.209978 0.241583 1 
0.209938 0.210023 1 
0.209887 0.228816 1 
0.209878 0.210199 1 
0.209865 0.211272 1 
0.20985 0.219786 1 
0.209832 0.210449 1 
0.209819 0.228381 1 
0.209771 0.225247 1 
0.209764 0.219786 1 
0.209748 0.222032 1 
0.209711 0.210627 1 
0.209636 0.227176 1 
0.209623 0.21315 1 
0.209602 0.225993 1 
0.209527 0.211714 1 
0.209381 0.209509 1 
0.209357 0.219786 1 
0.209319 0.21167 1 
0.20926 0.227237 1 
0.209197 0.221019 1 
0.209108 0.217568 1 
0.209092 0.209627 1 
0.209086 0.210057 1 
0.209085 0.209422 1 
0.209007 0.209566 1 
0.209004 0.22227 1 
0.208995 0.210685 1 
0.208992 0.224039 1 
0.208973 0.212442 1 
0.208966 0.220401 1 
0.208956 0.230271 1 
0.208922 0.228097 1 
0.208906 0.221986 1 
0.208878 0.210893 1 
0.208858 0.218842 1 
0.208711 0.210209 1 
0.208704 0.218944 1 
0.208689 0.222087 1 
0.208672 0.227176 1 
0.208632 0.209603 1 
0.208624 0.213049 1 
0.208537 0.224239 1 
0.208533 0.209749 1 
0.208518 0.228192 1 
0.208498 0.222448 1 
0.208458 0.225031 1 
0.208438 0.227498 1 
0.208415 0.227382 1 
0.208413 0.227575 1 
0.208412 0.208477 1 
0.208406 0.210208 1 
0.208387 0.224506 1 
0.208377 0.219539 1 
0.20832 0.208498 1 
0.208305 0.209897 1 
0.208288 0.224448 1 
0.208268 0.210876 1 
0.208201 0.210063 1 
0.208147 0.208497 1 
0.208138 0.209917 1 
0.208135 0.212418 1 
0.20812 0.221446 1 
0.208087 0.210793 1 
0.208073 0.2108 1 
0.20806 0.209653 1 
0.208039 0.209003 1 
0.208037 0.209483 1 
0.208016 0.227514 1 
0.207991 0.221019 1 
0.207939 0.210385 1 
0.207899 0.228146 1 
0.207892 0.221093 1 
0.207847 0.219964 1 
0.207836 0.224696 1 
0.207764 0.222916 1 
0.207758 0.210144 1 
0.207714 0.222202 1 
0.207693 0.209592 1 
0.207635 0.213239 1 
0.207606 0.208152 1 
0.207589 0.20791 1 
0.207576 0.219786 1 
0.207563 0.226175 1 
0.207553 0.213438 1 
0.20753 0.224162 1 
0.207478 0.219539 1 
0.207471 0.209121 1 
0.207468 0.228311 1 
0.207457 0.207586 1 
0.207453 0.208563 1 
0.207421 0.210038 1 
0.207392 0.209845 1 
0.207349 0.222916 1 
0.207342 0.225644 1 
0.207335 0.207416 1 
0.207317 0.223613 1 
0.207311 0.211841 1 
0.20728 0.220836 1 
0.207271 0.221553 1 
0.207218 0.218842 1 
0.207212 0.222032 1 
0.207206 0.207505 1 
0.207153 0.208634 1 
0.207153 0.208836 1 
0.207121 0.227206 1 
0.207106 0.207899 1 
0.206998 0.210164 1 
0.206956 0.210221 1 
0.206951 0.20826 1 
0.206903 0.22227 1 
0.206887 0.22407 1 
0.206838 0.222033 1 
0.206824 0.209926 1 
0.206813 0.210009 1 
0.206801 0.223085 1 
0.206794 0.207886 1 
0.206761 0.219161 1 
0.206743 0.223954 1 
0.206702 0.222737 1 
0.206678 0.225558 1 
0.206674 0.221299 1 
0.206664 0.220193 1 
0.206651 0.210199 1 
0.206642 0.222087 1 
0.206613 0.207102 1 
0.20658 0.222202 1 
0.206528 0.20839 1 
0.20652 0.208706 1 
0.2065 0.210148 1 
0.206498 0.224506 1 
0.20649 0.221299 1 
0.206476 0.209653 1 
0.206449 0.224396 1 
0.206418 0.222448 1 
0.206401 0.222675 1 
0.206357 0.224247 1 
0.206353 0.221986 1 
0.206349 0.220291 1 
0.206323 0.219786 1 
0.206259 0.20842 1 
0.206215 0.206844 1 
0.206189 0.220291 1 
0.206119 0.212458 1 
0.206107 0.219135 1 
0.206102 0.206723 1 
0.206092 0.220193 1 
0.20598 0.210038 1 
0.205969 0.226374 1 
0.205947 0.21002 1 
0.205946 0.222249 1 
0.205933 0.223523 1 
0.205901 0.221299 1 
0.205897 0.2113 1 
0.20588 0.22227 1 
0.205802 0.209229 1 
0.20574 0.222033 1 
0.205674 0.229185 1 
0.205651 0.206497 1 
0.205628 0.221422 1 
0.205619 0.22454 1 
0.205592 0.208163 1 
0.20553 0.219135 1 
0.205525 0.223954 1 
0.205524 0.225192 1 
0.205519 0.219161 1 
0.205514 0.210449 1 
0.205474 0.220291 1 
0.205461 0.223202 1 
0.205401 0.224448 1 
0.205347 0.219964 1 
0.205329 0.223596 1 
0.205309 0.226731 1 
0.205306 0.218842 1 
0.205306 0.223923 1 
0.205296 0.213638 1 
0.205293 0.206287 1 
0.205208 0.206139 1 
0.205161 0.220193 1 
0.205115 0.226643 1 
0.205102 0.222916 1 
0.205038 0.217568 1 
0.20503 0.224162 1 
0.205024 0.220814 1 
0.205021 0.205886 1 
0.205014 0.221745 1 
0.204999 0.218944 1 
0.204997 0.221963 1 
0.204959 0.227891 1 
0.204958 0.222878 1 
0.204895 0.224554 1 
0.204892 0.224486 1 
0.204876 0.209782 1 
0.204777 0.210407 1 
0.204775 0.220732 1 
0.204713 0.219161 1 
0.20471 0.227481 1 
0.204641 0.222737 1 
0.204602 0.220814 1 
0.204545 0.221019 1 
0.204544 0.222675 1 
0.204403 0.221019 1 
0.204394 0.221422 1 
0.204368 0.204497 1 
0.204359 0.222594 1 
0.204223 0.221023 1 
0.204174 0.221053 1 
0.204065 0.222033 1 
0.203986 0.205711 1 
0.203824 0.222227 1 
0.203574 0.222571 1 
0.203561 0.205987 1 
0.203262 0.223957 1 
0.102808 0.104841 2 
0.102719 0.102856 2 
0.101965 0.104868 2 
0.100658 0.101537 2 
0.100396 0.105089 2 
0.100164 0.102505 2 
0.0998652 0.10164 2 
0.099837 0.099963 2 
0.0998212 0.105962 2 
0.0997968 0.103056 2 
0.0997182 0.102332 2 
0.0996991 0.10366 2 
0.0995759 0.0997189 2 
0.0992894 0.102101 2 
0.0992351 0.102229 2 
0.0992112 0.113534 2 
0.0988597 0.103756 2 
0.09873 0.10071 2 
0.0985949 0.104012 2 
0.0983965 0.0999069 2 
0.0983052 0.101473 2 
0.0982848 0.101736 2 
0.0982081 0.10053 2 
0.0981652 0.101144 2 
0.0981281 0.0988889 2 
0.0981195 0.0997821 2 
0.0980653 0.0983479 2 
0.0980614 0.0984437 2 
0.098012 0.0982285 2 
0.0979781 0.101053 2 
0.0979374 0.102473 2 
0.0978042 0.0984437 2 
0.0976832 0.101435 2 
0.0975417 0.101139 2 
0.0972668 0.0986678 2 
0.097238 0.0982285 2 
0.0972283 0.103109 2 
0.0972194 0.10344 2 
0.0970963 0.098731 2 
0.0969613 0.0999039 2 
0.0969114 0.0999283 2 
0.09687 0.0990518 2 
0.0968549 0.10039 2 
0.0968041 0.0985959 2 
0.096778 0.102188 2 
0.0967542 0.102774 2 
0.0966958 0.1007 2 
0.096586 0.0972356 2 
0.0965677 0.0995336 2 
0.0965652 0.0985881 2 
0.0965493 0.101053 2 
0.0965393 0.105184 2 
0.0965225 0.101537 2 
0.0965221 0.098863 2 
0.0965046 0.0994541 2 
0.0964834 0.0988134 2 
0.096434 0.101162 2 
0.0963604 0.103729 2 
0.0963104 0.102606 2 
0.0963061 0.0994873 2 
0.09616 0.0967669 2 
0.0960643 0.102168 2 
0.096032 0.0991894 2 
0.0959287 0.0997007 2 
0.095876 0.0959744 2 
0.0958534 0.0991986 2 
0.0958453 0.0970324 2 
0.095841 0.098731 2 
0.0958399 0.0983253 2 
0.0957502 0.103109 2 
0.0956878 0.0995785 2 
0.095653 0.100616 2 
0.0956467 0.0986692 2 
0.0956192 0.0975353 2 
0.0955895 0.0964636 2 
0.0955779 0.0968464 2 
0.0954488 0.102709 2 
0.0954387 0.0960605 2 
0.0953597 0.10037 2 
0.0953022 0.0994873 2 
0.0952626 0.096981 2 
0.0952045 0.100202 2 
0.0951963 0.099354 2 
0.0951957 0.100988 2 
0.0951619 0.101059 2 
0.0951515 0.0956745 2 
0.0951279 0.0959485 2 
0.0950199 0.0987442 2 
0.0949953 0.0969447 2 
0.0948953 0.0974234 2 
0.0948853 0.0963352 2 
0.0948697 0.0967031 2 
0.0948517 0.099078 2 
0.094825 0.0965363 2 
0.0948235 0.0965384 2 
0.0947068 0.100377 2 
0.0946577 0.101439 2 
0.0946068 0.0976285 2 
0.0945718 0.0970324 2 
0.0945687 0.0987472 2 
0.0945425 0.0976358 2 
0.0945058 0.0974498 2 
0.0944723 0.103625 2 
0.0944124 0.0993353 2 
0.0943847 0.0955762 2 
0.094289 0.0946652 2 
0.0942528 0.103378 2 
0.0942226 0.094625 2 
0.0941966 0.0974234 2 
0.094132 0.0949195 2 
0.0941186 0.0988402 2 
0.0940561 0.0955563 2 
0.0940522 0.102283 2 
0.0939974 0.0957742 2 
0.0939785 0.100202 2 
0.0939544 0.100202 2 
0.0939485 0.0974498 2 
0.093938 0.0988339 2 
0.0938941 0.0991894 2 
0.0938384 0.0992949 2 
0.093814 0.0949281 2 
0.0937924 0.0954601 2 
0.0937782 0.0941042 2 
0.0937565 0.0995709 2 
0.0937513 0.0963352 2 
0.0937458 0.0945909 2 
0.0937277 0.0996043 2 
0.0936894 0.0988601 2 
0.0936674 0.0936949 2 
0.0936542 0.100733 2 
0.0936107 0.102265 2 
0.0936048 0.0991246 2 
0.0935592 0.0975353 2 
0.093506 0.10039 2 
0.0934997 0.10058 2 
0.0934916 0.0988601 2 
0.0934778 0.09542 2 
0.0934771 0.101795 2 
0.0934484 0.102162 2 
0.0932935 0.0945269 2 
0.0932798 0.0968135 2 
0.0932572 0.0935919 2 
0.0932279 0.0986614 2 
0.0931983 0.100202 2 
0.0931946 0.101615 2 
0.0931745 0.093372 2 
0.0931548 0.098748 2 
0.0930899 0.0961974 2 
0.0930538 0.0970537 2 
0.0929743 0.0970537 2 
0.092949 0.102672 2 
0.0929182 0.0970937 2 
0.0928533 0.0945058 2 
0.0928494 0.093628 2 
0.0928235 0.102745 2 
0.0927667 0.0939984 2 
0.0927625 0.0956745 2 
0.0926864 0.0929424 2 
0.0926824 0.0974234 2 
0.0926403 0.0967031 2 
0.0926249 0.0926274 2 
0.0926153 0.0957742 2 
0.0926062 0.0927977 2 
0.0925955 0.0932141 2 
0.0925333 0.100107 2 
0.0924578 0.0928062 2 
0.092435 0.0939966 2 
0.0924255 0.0925238 2 
0.0923946 0.0938579 2 
0.0923335 0.0941631 2 
0.0923146 0.094079 2 
0.0922684 0.0927829 2 
0.0922408 0.095226 2 
0.0922199 0.0937566 2 
0.0922173 0.0982293 2 
0.0921386 0.102162 2 
0.0921326 0.0951571 2 
0.0920748 0.0967856 2 
0.0920631 0.0925646 2 
0.0920008 0.0945503 2 
0.0919674 0.0923717 2 
0.0919668 0.0948326 2 
0.091953 0.0925238 2 
0.0919515 0.0920539 2 
0.0918868 0.0962692 2 
0.0918841 0.0933102 2 
0.0918757 0.0967031 2 
0.0918594 0.0945645 2 
0.0918562 0.0967258 2 
0.0918291 0.0968026 2 
0.0917832 0.0949541 2 
0.0917158 0.0945269 2 
0.0917084 0.0974426 2 
0.0916895 0.0970324 2 
0.0916819 0.0917669 2 
0.0915659 0.101128 2 
0.0915385 0.0968135 2 
0.0915198 0.0936524 2 
0.0915165 0.0925843 2 
0.0914983 0.100402 2 
0.0914543 0.0921362 2 
0.0914398 0.0967031 2 
0.0914196 0.0922482 2 
0.0913954 0.0924131 2 
0.0913866 0.101421 2 
0.0913582 0.0915142 2 
0.091356 0.0917237 2 
0.0913087 0.0968464 2 
0.0912839 0.0998032 2 
0.091261 0.0952918 2 
0.091259 0.101517 2 
0.0912334 0.0988304 2 
0.0912307 0.0993636 2 
0.0912171 0.0970537 2 
0.0911756 0.0975919 2 
0.0911548 0.0915067 2 
0.091113 0.0968464 2 
0.0909612 0.0945269 2 
0.0909531 0.0938096 2 
0.0909508 0.0912636 2 
0.0909426 0.0993709 2 
0.0909075 0.0992239 2 
0.0909001 0.0912233 2 
0.0908427 0.0917409 2 
0.0908297 0.0910317 2 
0.0908294 0.102035 2 
0.0908091 0.0934703 2 
0.0907707 0.102732 2 
0.0907668 0.0984983 2 
0.0907503 0.0959744 2 
0.0907045 0.0967031 2 
0.0906947 0.0968026 2 
0.0906449 0.0968464 2 
0.0906433 0.0919743 2 
0.0906208 0.0988304 2 
0.0906087 0.0912778 2 
0.090587 0.0955158 2 
0.0905774 0.0917681 2 
0.090544 0.0953986 2 
0.0905411 0.0963352 2 
0.0905269 0.0952918 2 
0.0905132 0.0919781 2 
0.0904687 0.0939966 2 
0.090426 0.0979167 2 
0.0904157 0.10116 2 
0.0903807 0.0922633 2 
0.0903649 0.0913741 2 
0.0903568 0.0985959 2 
0.0902833 0.0960605 2 
0.0902462 0.0944615 2 
0.0902445 0.0967669 2 
0.0902339 0.0941616 2 
0.0902263 0.0974991 2 
0.0902205 0.0976285 2 
0.0901673 0.0925499 2 
0.0901498 0.0953986 2 
0.090133 0.100105 2 
0.0901245 0.0917713 2 
0.09008 0.0967258 2 
0.0900754 0.0965733 2 
0.0900053 0.0918219 2 
0.0899942 0.0932533 2 
0.0899738 0.0924131 2 
0.0899585 0.0960605 2 
0.0899568 0.0909497 2 
0.0899228 0.0944951 2 
0.0898678 0.0903681 2 
0.0898418 0.0902777 2 
0.0897874 0.0936524 2 
0.0897828 0.0939984 2 
0.0897668 0.0978789 2 
0.0897242 0.0911616 2 
0.0897028 0.0914474 2 
0.0896337 0.0945269 2 
0.0896297 0.0976285 2 
0.0896203 0.0915938 2 
0.0896012 0.0963352 2 
0.0895988 0.0928938 2 
0.0895961 0.0931296 2 
0.0895913 0.0982296 2 
0.0895235 0.0974498 2 
0.0895143 0.0895562 2 
0.0895097 0.0960605 2 
0.0895022 0.094654 2 
0.0894869 0.0994982 2 
0.0894764 0.0904228 2 
0.0894615 0.0967856 2 
0.0894222 0.0926678 2 
0.0894135 0.0953986 2 
0.0893759 0.0963352 2 
0.0893624 0.0930023 2 
0.0893368 0.0985959 2 
0.0893036 0.0924886 2 
0.0892242 0.0954306 2 
0.089223 0.0978455 2 
0.0891803 0.0895425 2 
0.0891222 0.094654 2 
0.0891205 0.0939984 2 
0.0891181 0.0992754 2 
0.0890912 0.0892069 2 
0.0890271 0.0935795 2 
0.0889697 0.094654 2 
0.088915 0.0961282 2 
0.0889017 0.0942801 2 
0.0888857 0.0979167 2 
0.0888564 0.0965384 2 
0.0888454 0.0959485 2 
0.0888399 0.0942801 2 
0.0888246 0.0965733 2 
0.0888128 0.0974234 2 
0.0887292 0.0986678 2 
0.0887045 0.0927112 2 
0.0886731 0.0925238 2 
0.0886054 0.0887807 2 
0.0885819 0.0942801 2 
0.0884849 0.0901554 2 
0.0884748 0.0979723 2 
0.0884517 0.0967258 2 
0.0883687 0.0988699 2 
0.0883544 0.0961282 2 
0.0883513 0.0987777 2 
0.0883158 0.0939849 2 
0.0883141 0.0920546 2 
0.088302 0.0955158 2 
0.08826 0.0896509 2 
0.0882363 0.0939984 2 
0.0881825 0.0954601 2 
0.0879963 0.096981 2 
0.0879228 0.0969447 2 
0.0878892 0.0963521 2 
0.0877688 0.0953465 2 
0.0876202 0.0968237 2 
0.0875188 0.096981 2 
0.087509 0.0891103 2 
0.0873726 0.0982507 2 
0.0873431 0.0878399 2 
0.0873068 0.0974795 2 
0.0872617 0.0888834 2 
0.0499825 0.0500814 3 
0.0495837 0.0507996 3 
0.0492478 0.0560316 3 
0.0490104 0.0495769 3 
0.0485707 0.0493791 3 
0.0478811 0.0480523 3 
0.0477842 0.0485425 3 
0.0476407 0.0477582 3 
0.0475623 0.0486932 3 
0.0474548 0.0474555 3 
0.0471475 0.0472697 3 
0.047119 0.0503795 3 
0.047075 0.0486084 3 
0.0470731 0.0481391 3 
0.0470588 0.0483687 3 
0.0468903 0.0482604 3 
0.046784 0.0469681 3 
0.046572 0.0487269 3 
0.0465584 0.0478183 3 
0.0465253 0.046672 3 
0.0463863 0.0485425 3 
0.0463492 0.0464797 3 
0.0463422 0.0469843 3 
0.0463405 0.0483556 3 
0.0463358 0.0473511 3 
0.0462541 0.0463976 3 
0.0460075 0.0464406 3 
0.0459964 0.0466454 3 
0.0459677 0.0461914 3 
0.0459347 0.0472573 3 
0.0457144 0.0479231 3 
0.045596 0.0468143 3 
0.045591 0.0468913 3 
0.0455822 0.0487083 3 
0.0455406 0.0458027 3 
0.0455101 0.0468638 3 
0.0454213 0.0460232 3 
0.0453286 0.0474124 3 
0.0453269 0.0454384 3 
0.0452939 0.0457848 3 
0.0452569 0.0487136 3 
0.0452392 0.0462499 3 
0.045225 0.046828 3 
0.0451831 0.0461914 3 
0.0450942 0.0484404 3 
0.0450587 0.0456038 3 
0.0450296 0.0461682 3 
0.0449242 0.04609 3 
0.044891 0.0466913 3 
0.0448715 0.047623 3 
0.0447756 0.0480051 3 
0.0447373 0.047194 3 
0.0447318 0.0472251 3 
0.0447179 0.0480218 3 
0.044696 0.0481277 3 
0.0446895 0.0458397 3 
0.0446326 0.0460416 3 
0.0446317 0.0447101 3 
0.0446131 0.0461651 3 
0.0445397 0.0461158 3 
0.0444816 0.0460094 3 
0.0444406 0.0456698 3 
0.0444089 0.0445046 3 
0.0443677 0.0461466 3 
0.0443505 0.0450032 3 
0.0443424 0.04609 3 
0.0443151 0.0447783 3 
0.0443086 0.0484439 3 
0.0442711 0.0461573 3 
0.0442359 0.0448863 3 
0.0442077 0.0458103 3 
0.0441677 0.0483354 3 
0.0440471 0.0442828 3 
0.0440367 0.0459723 3 
0.0440307 0.0479036 3 
0.0440032 0.0440346 3 
0.0439862 0.0446795 3 
0.0439841 0.0442681 3 
0.0439796 0.0445519 3 
0.0439537 0.0459658 3 
0.0439263 0.0459658 3 
0.0439181 0.0440976 3 
0.0439045 0.0454992 3 
0.0439002 0.0480276 3 
0.0438967 0.0460094 3 
0.0438878 0.0447559 3 
0.043875 0.0457785 3 
0.0438703 0.0442813 3 
0.0438668 0.0450816 3 
0.0438287 0.0455107 3 
0.043802 0.0449317 3 
0.0437767 0.044243 3 
0.0437638 0.0474485 3 
0.0437135 0.0441934 3 
0.0437087 0.0441883 3 
0.0437016 0.0455107 3 
0.0436565 0.0440685 3 
0.0435789 0.045026 3 
0.0435398 0.0474773 3 
0.0435137 0.0470772 3 
0.0435106 0.0461286 3 
0.0434836 0.0444865 3 
0.0434355 0.044165 3 
0.0434051 0.0461166 3 
0.0433792 0.0441368 3 
0.0433544 0.0448087 3 
0.043346 0.0440197 3 
0.0433222 0.0455147 3 
0.0433207 0.0466454 3 
0.043273 0.0477988 3 
0.0432439 0.044165 3 
0.0432127 0.0438085 3 
0.0431887 0.0440529 3 
0.043142 0.0448087 3 
0.0431271 0.045033 3 
0.0430939 0.0480708 3 
0.0430672 0.0431844 3 
0.0430633 0.0440114 3 
0.0430207 0.0449201 3 
0.0429834 0.0441368 3 
0.0429691 0.0440883 3 
0.0429319 0.0455621 3 
0.0429247 0.0432226 3 
0.0429116 0.0430621 3 
0.0428968 0.0442517 3 
0.0428797 0.0447101 3 
0.0428704 0.0453424 3 
0.0428579 0.0462499 3 
0.0428431 0.0436138 3 
0.0428285 0.0440197 3 
0.0427791 0.0442429 3 
0.0427742 0.0478294 3 
0.0427226 0.0450383 3 
0.0427052 0.0458663 3 
0.0426998 0.0434908 3 
0.0426853 0.0436685 3 
0.0426754 0.0432925 3 
0.0426736 0.0448959 3 
0.0426727 0.0429811 3 
0.0426321 0.0482478 3 
0.0426289 0.045033 3 
0.0426189 0.046919 3 
0.0425555 0.0470903 3 
0.04255 0.0441506 3 
0.042533 0.0458186 3 
0.0425326 0.0433315 3 
0.0425231 0.0442517 3 
0.0424925 0.0434019 3 
0.0424825 0.0456406 3 
0.0424373 0.0454992 3 
0.0423828 0.0427233 3 
0.0423709 0.0455919 3 
0.0423685 0.0427521 3 
0.0423623 0.0426058 3 
0.0423347 0.0434386 3 
0.0423302 0.0445855 3 
0.0423097 0.0452952 3 
0.0423058 0.0464925 3 
0.0422964 0.0424826 3 
0.0422851 0.04543 3 
0.042278 0.0438633 3 
0.0422472 0.0428361 3 
0.0422348 0.044165 3 
0.0422333 0.0427171 3 
0.042224 0.0457848 3 
0.0421702 0.044165 3 
0.0420967 0.0473906 3 
0.0420855 0.0463628 3 
0.0420409 0.0432468 3 
0.0420369 0.0451805 3 
0.0420357 0.0425897 3 
0.0420248 0.0431844 3 
0.042012 0.045026 3 
0.0419996 0.0454342 3 
0.0419502 0.0442813 3 
0.0419404 0.0421753 3 
0.0419359 0.0449174 3 
0.0419327 0.0429253 3 
0.041909 0.0430786 3 
0.0418581 0.0441285 3 
0.0418337 0.0429011 3 
0.041782 0.043366 3 
0.0417786 0.0441895 3 
0.0417631 0.0437526 3 
0.0417613 0.0440246 3 
0.0417581 0.0439937 3 
0.0417543 0.0444017 3 
0.0417317 0.0422315 3 
0.0417065 0.0434019 3 
0.0416836 0.0440588 3 
0.0416788 0.0448105 3 
0.0416604 0.042194 3 
0.0416103 0.0439477 3 
0.0415606 0.0445519 3 
0.0415435 0.0421036 3 
0.0415049 0.0443209 3 
0.0414926 0.0429318 3 
0.0414905 0.0458186 3 
0.0414435 0.0443983 3 
0.0414413 0.0434057 3 
0.041406 0.0422286 3 
0.041385 0.0425581 3 
0.0413819 0.044718 3 
0.0413589 0.0437071 3 
0.0413503 0.041726 3 
0.0413305 0.0425007 3 
0.0413224 0.0450816 3 
0.0413221 0.042356 3 
0.0412008 0.0461054 3 
0.0411827 0.043554 3 
0.0411758 0.0416665 3 
0.0411269 0.042657 3 
0.0411195 0.0433008 3 
0.0411074 0.0452952 3 
0.0411008 0.0438134 3 
0.0410985 0.0443209 3 
0.0410978 0.0412154 3 
0.0410571 0.0445972 3 
0.0410526 0.0438014 3 
0.0410222 0.0448685 3 
0.0410093 0.0423676 3 
0.0409692 0.0411981 3 
0.040953 0.0434386 3 
0.0409295 0.0454723 3 
0.0409257 0.0442429 3 
0.0409255 0.043862 3 
0.0409105 0.0423676 3 
0.0409103 0.0444943 3 
0.0409071 0.0415847 3 
0.0409003 0.0433008 3 
0.0408823 0.0453443 3 
0.0408727 0.0455537 3 
0.0408622 0.0459991 3 
0.0408607 0.0433519 3 
0.0407512 0.0437082 3 
0.0407343 0.0443209 3 
0.0407066 0.044093 3 
0.0406767 0.0425026 3 
0.0406755 0.0447101 3 
0.0406324 0.0422286 3 
0.0406231 0.0455537 3 
0.0406166 0.044243 3 
0.0406145 0.0446839 3 
0.04059 0.0437731 3 
0.0405609 0.0427438 3 
0.0405607 0.0409507 3 
0.040542 0.0412069 3 
0.0405188 0.044243 3 
0.0404746 0.0452226 3 
0.040427 0.0405313 3 
0.0403674 0.0455608 3 
0.0403366 0.0439753 3 
0.0403189 0.0444865 3 
0.0402851 0.0448826 3 
0.0401866 0.0443209 3 
0.040161 0.0444865 3 
0.0401514 0.0457314 3 
0.0401463 0.0438841 3 
0.0401182 0.04442 3 
0.0401077 0.0409762 3 
0.0400964 0.0451946 3 
0.0399453 0.0407467 3 
0.0399399 0.042793 3 
0.0398835 0.041781 3 
0.0398432 0.0445519 3 
0.0397298 0.0445141 3 
0.0392121 0.0402014 3 
0.0250342 0.0285644 4 
0.0238146 0.0249974 4 
0.0234571 0.0237459 4 
0.0232576 0.0235511 4 
0.0232489 0.0232814 4 
0.0230667 0.023602 4 
0.0229984 0.0232631 4 
0.0229918 0.0232814 4 
0.0229635 0.023164 4 
0.0227194 0.0233323 4 
0.0227078 0.0234587 4 
0.0226902 0.0233089 4 
0.0226025 0.0227013 4 
0.0225855 0.0232552 4 
0.0225189 0.0226337 4 
0.0225027 0.0239356 4 
0.0225008 0.0234422 4 
0.0224872 0.0231506 4 
0.0224843 0.0234368 4 
0.0224797 0.0236048 4 
0.0224279 0.0234773 4 
0.0223343 0.0230615 4 
0.0223285 0.0230584 4 
0.0222653 0.0223358 4 
0.0222019 0.0233192 4 
0.0221942 0.0222744 4 
0.0221477 0.0234235 4 
0.0221211 0.0232717 4 
0.0220887 0.023003 4 
0.0220788 0.022087 4 
0.0220231 0.0231186 4 
0.0219614 0.0234879 4 
0.0219356 0.0231276 4 
0.0219251 0.0228521 4 
0.0219213 0.0233174 4 
0.0218785 0.0222448 4 
0.0218449 0.0231031 4 
0.021833 0.0227284 4 
0.0218017 0.0220612 4 
0.0217839 0.0228521 4 
0.0217703 0.0217766 4 
0.0217568 0.0217745 4 
0.0216843 0.0221703 4 
0.0215979 0.0224883 4 
0.0215917 0.0224917 4 
0.0215895 0.0218029 4 
0.021543 0.0223964 4 
0.0214714 0.0233926 4 
0.0214706 0.0222485 4 
0.0214271 0.0230781 4 
0.0214234 0.0220501 4 
0.0214127 0.0228409 4 
0.0213958 0.0222485 4 
0.0213716 0.0226596 4 
0.0213398 0.0214026 4 
0.0213213 0.0220893 4 
0.0213095 0.0216112 4 
0.0213013 0.0220095 4 
0.0212785 0.0217025 4 
0.0212776 0.0226842 4 
0.0212733 0.0229694 4 
0.021247 0.0217666 4 
0.0212409 0.0231414 4 
0.0212402 0.0218726 4 
0.0212137 0.0228604 4 
0.021191 0.0213151 4 
0.0211399 0.0231276 4 
0.0211217 0.0215455 4 
0.021113 0.0212338 4 
0.0211084 0.0212384 4 
0.0211073 0.0212171 4 
0.0210221 0.0215106 4 
0.0210156 0.0228409 4 
0.021 0.0211632 4 
0.0209612 0.0216211 4 
0.0209536 0.023113 4 
0.0209221 0.0209344 4 
0.0209185 0.0232976 4 
0.0209149 0.022057 4 
0.0209107 0.0220948 4 
0.0209076 0.0219803 4 
0.0208906 0.0209344 4 
0.0208864 0.0221548 4 
0.0208794 0.0210593 4 
0.0208484 0.0210086 4 
0.020844 0.0208443 4 
0.0208303 0.0210003 4 
0.0208102 0.021934 4 
0.020805 0.0208732 4 
0.0208037 0.0226488 4 
0.0207895 0.0209006 4 
0.0207644 0.0212074 4 
0.0207531 0.0233089 4 
0.0207497 0.0212861 4 
0.0207423 0.0210198 4 
0.0207405 0.0213673 4 
0.0207362 0.0221985 4 
0.0207088 0.0214819 4 
0.0207022 0.0219036 4 
0.0206561 0.0220757 4 
0.0206416 0.0219272 4 
0.0206385 0.0214026 4 
0.0206187 0.0222104 4 
0.0206043 0.0213323 4 
0.0205906 0.021708 4 
0.0205559 0.0215943 4 
0.0205486 0.0217336 4 
0.0205448 0.0227284 4 
0.0205283 0.0216112 4 
0.0205136 0.0219788 4 
0.0205113 0.0205359 4 
0.0204927 0.0219446 4 
0.0204863 0.0209618 4 
0.0204846 0.0222186 4 
0.0204766 0.0208262 4 
0.0204481 0.0225918 4 
0.0204478 0.0206986 4 
0.0204462 0.0213707 4 
0.0204316 0.0213261 4 
0.0204224 0.0210003 4 
0.0204166 0.0208732 4 
0.0203865 0.0208765 4 
0.0203832 0.0221587 4 
0.0203638 0.0208594 4 
0.0203624 0.0212882 4 
0.020347 0.0220841 4 
0.0203337 0.0207978 4 
0.0203163 0.0213673 4 
0.0202825 0.0203123 4 
0.0202818 0.0208776 4 
0.0202791 0.0210362 4 
0.0202781 0.0229624 4 
0.0202678 0.0203737 4 
0.0202589 0.0204448 4 
0.0202553 0.0217259 4 
0.0202366 0.0224714 4 
0.0202331 0.0203054 4 
0.020233 0.0207175 4 
0.0202316 0.020556 4 
0.0202263 0.0218045 4 
0.0202061 0.0208349 4 
0.0201693 0.0208732 4 
0.0201238 0.0213375 4 
0.0201177 0.021762 4 
0.0200966 0.0202867 4 
0.0200914 0.0201843 4 
0.0200902 0.0213707 4 
0.0200848 0.0211829 4 
0.020077 0.0221047 4 
0.0200518 0.0210593 4 
0.0200394 0.0208017 4 
0.0200389 0.0210458 4 
0.0200361 0.0210524 4 
0.0199917 0.0209456 4 
0.0199808 0.0213261 4 
0.0199508 0.0205269 4 
0.01995 0.0210281 4 
0.0198929 0.0200276 4 
0.0198744 0.0210198 4 
0.0198601 0.0215139 4 
0.019858 0.0215689 4 
0.0198346 0.0215689 4 
0.0198304 0.0213323 4 
0.0198295 0.0215656 4 
0.0198261 0.0216321 4 
0.0198148 0.0205673 4 
0.0197784 0.0209994 4 
0.0197689 0.0209994 4 
0.0197431 0.021813 4 
0.0197347 0.0216981 4 
0.0197322 0.0210524 4 
0.0197048 0.0197704 4 
0.0197025 0.0206581 4 
0.0196976 0.0213076 4 
0.0196917 0.020251 4 
0.0196361 0.0218905 4 
0.0196107 0.0219148 4 
0.0195896 0.0201247 4 
0.0195717 0.0209654 4 
0.0195465 0.0197195 4 
0.0195418 0.0210281 4 
0.0195364 0.0216176 4 
0.0195272 0.021089 4 
0.019525 0.0200023 4 
0.019502 0.0197704 4 
0.0194959 0.0205733 4 
0.0194957 0.0217412 4 
0.0194897 0.0197234 4 
0.0194834 0.019682 4 
0.0194826 0.0219957 4 
0.0194708 0.0196849 4 
0.0194684 0.0219343 4 
0.0194526 0.0195648 4 
0.0194482 0.0210072 4 
0.0194267 0.021813 4 
0.0194091 0.0217046 4 
0.0194071 0.0201428 4 
0.0193918 0.0212735 4 
0.0193903 0.0215689 4 
0.0193857 0.0210576 4 
0.0193377 0.0218597 4 
0.0193178 0.0216981 4 
0.0193032 0.021089 4 
0.019291 0.0219156 4 
0.0192889 0.0196981 4 
0.019253 0.0209839 4 
0.0192405 0.0212691 4 
0.0192264 0.0215689 4 
0.019219 0.0217991 4 
0.0192066 0.0198136 4 
0.0192012 0.0213707 4 
0.0191698 0.0195085 4 
0.0191636 0.0218045 4 
0.0191497 0.0192745 4 
0.0191431 0.0219614 4 
0.0191078 0.0210524 4 
0.019076 0.0214443 4 
0.0190659 0.0206428 4 
0.0190261 0.0202312 4 
0.0189521 0.019807 4 
0.0183249 0.0192618 4 
0.0129181 0.0148922 5 
0.0122971 0.0127072 5 
0.0119476 0.0120743 5 
0.0117941 0.0118937 5 
0.0117379 0.0118155 5 
0.0116636 0.0119815 5 
0.0116263 0.0117675 5 
0.011613 0.0119282 5 
0.0115953 0.012011 5 
0.0115185 0.0116273 5 
0.0114831 0.0116184 5 
0.0114638 0.0115 5 
0.0114067 0.0119187 5 
0.0114018 0.0115307 5 
0.0113449 0.0119466 5 
0.0113334 0.0118486 5 
0.0113279 0.0117194 5 
0.0113012 0.0117741 5 
0.0112558 0.01167 5 
0.0112442 0.0116776 5 
0.0111903 0.0115576 5 
0.0111753 0.0118439 5 
0.0111567 0.0115 5 
0.0111523 0.0112211 5 
0.011128 0.0115346 5 
0.0111147 0.0111674 5 
0.0111036 0.0117741 5 
0.0110701 0.0111415 5 
0.0110676 0.0114764 5 
0.0110626 0.0115597 5 
0.0110535 0.0110799 5 
0.0110238 0.0110898 5 
0.0110203 0.0112844 5 
0.0109016 0.0110536 5 
0.0108929 0.0112156 5 
0.0108748 0.011153 5 
0.0108384 0.0109264 5 
0.0108346 0.0108769 5 
0.0108016 0.0117675 5 
0.0108007 0.0111066 5 
0.0107769 0.0115113 5 
0.0107738 0.0112238 5 
0.0107729 0.0109212 5 
0.0107439 0.0116292 5 
0.0107391 0.0109292 5 
0.0107219 0.011745 5 
0.0106769 0.0111066 5 
0.0106414 0.0107415 5 
0.010633 0.0113325 5 
0.0106316 0.0113067 5 
0.0106205 0.0115239 5 
0.0106196 0.010713 5 
0.0105921 0.0115322 5 
0.010588 0.010671 5 
0.0105599 0.0108799 5 
0.0105532 0.0105723 5 
0.0105474 0.0114006 5 
0.0105444 0.0108184 5 
0.0105405 0.0110361 5 
0.0105375 0.0106366 5 
0.0105324 0.0106135 5 
0.0105093 0.0117687 5 
0.0105018 0.0107752 5 
0.0104958 0.0113095 5 
0.0104852 0.0105925 5 
0.010482 0.0112645 5 
0.0104721 0.0107116 5 
0.0104685 0.0109178 5 
0.010458 0.0109264 5 
0.0104524 0.0113144 5 
0.0104293 0.0108812 5 
0.0104292 0.0105436 5 
0.0103785 0.0106287 5 
0.0103741 0.0118221 5 
0.0103498 0.0107315 5 
0.0103415 0.0108077 5 
0.0103397 0.0105755 5 
0.0103235 0.010828 5 
0.0103182 0.011585 5 
0.0103177 0.0110892 5 
0.0103161 0.0109701 5 
0.0103017 0.0104103 5 
0.0102933 0.0106883 5 
0.0102823 0.0106366 5 
0.0102679 0.0105843 5 
0.0102662 0.0111238 5 
0.0102573 0.0102588 5 
0.010234 0.0107483 5 
0.0102302 0.0109782 5 
0.0102275 0.0102638 5 
0.0102262 0.0112718 5 
0.010224 0.0105649 5 
0.0102208 0.0103673 5 
0.0101875 0.0112645 5 
0.0101817 0.0106452 5 
0.0101749 0.0104958 5 
0.0101686 0.0104683 5 
0.0101465 0.0102462 5 
0.0101463 0.0103158 5 
0.010143 0.0104161 5 
0.0101312 0.0104455 5 
0.01013 0.0108166 5 
0.0101298 0.0106107 5 
0.0101262 0.0102638 5 
0.0101024 0.0103957 5 
0.0100917 0.0104073 5 
0.0100879 0.0103992 5 
0.010078 0.0104528 5 
0.0100696 0.0101902 5 
0.0100674 0.0107434 5 
0.0100627 0.0106506 5 
0.0100607 0.0103158 5 
0.0100433 0.010851 5 
0.0100278 0.010666 5 
0.0100153 0.0104958 5 
0.0100129 0.0105393 5 
0.0100041 0.0103712 5 
0.0100036 0.0101479 5 
0.0099944 0.0106135 5 
0.009981 0.010013 5 
0.00997461 0.0115383 5 
0.00997178 0.0102041 5 
0.00996579 0.0114198 5 
0.00996479 0.0108074 5 
0.0099638 0.0100991 5 
0.00995843 0.0100354 5 
0.00995791 0.0105074 5 
0.00995722 0.0106295 5 
0.00995248 0.0105574 5 
0.00993211 0.0101101 5 
0.00989681 0.0105278 5 
0.00989575 0.0101006 5 
0.00987431 0.00990711 5 
0.00986882 0.0101881 5 
0.00985557 0.0110747 5 
0.00983303 0.0100963 5 
0.00983162 0.0102462 5 
0.00982694 0.0105941 5 
0.00981363 0.0105755 5 
0.00981129 0.010744 5 
0.00980498 0.0104683 5 
0.00979563 0.0112095 5 
0.00978696 0.0106263 5 
0.00976562 0.0104749 5 
0.00976119 0.0102462 5 
0.00975005 0.0100677 5 
0.00974452 0.00974777 5 
0.00973752 0.0102431 5 
0.00973467 0.0105925 5 
0.00973274 0.0105929 5 
0.00972901 0.0107613 5 
0.00972261 0.0101964 5 
0.00970375 0.0111156 5 
0.00969536 0.0103845 5 
0.00969206 0.010744 5 
0.00965651 0.0105393 5 
0.00964567 0.0107053 5 
0.00963704 0.0112393 5 
0.00962489 0.00968742 5 
0.00962305 0.0101633 5 
0.00961892 0.0102596 5 
0.00960623 0.00977734 5 
0.00960545 0.0102751 5 
0.00959004 0.00989413 5 
0.0095885 0.0102041 5 
0.00957932 0.0108125 5 
0.00957549 0.00970635 5 
0.00957487 0.0109203 5 
0.0095511 0.0100417 5 
0.00954998 0.00975481 5 
0.00953833 0.0105231 5 
0.00953502 0.0101186 5 
0.00953252 0.010666 5 
0.00952446 0.0103175 5 
0.00952066 0.00986746 5 
0.00952007 0.0101746 5 
0.00951976 0.0102879 5 
0.0095196 0.00964003 5 
0.00950165 0.0105941 5 
0.00950149 0.0106883 5 
0.00947752 0.0108661 5 
0.00946997 0.0105425 5 
0.00944972 0.00953754 5 
0.00942899 0.0109005 5 
0.00941171 0.0107968 5 
0.00940303 0.0108566 5 
0.00936671 0.0103992 5 
0.00935042 0.0107752 5 
0.00934617 0.0105605 5 
0.00934162 0.00951201 5 
0.00927489 0.00953611 5 
0.0092065 0.00990063 5 
0.00895211 0.00953754 5 
0.00674347 0.00789116 6 
0.00644269 0.00656987 6 
0.00600809 0.00616597 6 
0.00600291 0.00605364 6 
0.00598244 0.00606657 6 
0.0059447 0.00608885 6 
0.00587777 0.00616362 6 
0.00587504 0.00590564 6 
0.0058261 0.0059147 6 
0.00581725 0.00595897 6 
0.00580947 0.00607787 6 
0.00580183 0.00606787 6 
0.00575345 0.00583729 6 
0.00573979 0.00591661 6 
0.00572978 0.00587868 6 
0.00571385 0.00575239 6 
0.00571039 0.00607787 6 
0.00569613 0.00569691 6 
0.00567834 0.00568381 6 
0.00567045 0.00573172 6 
0.00565932 0.00578417 6 
0.00562643 0.00572465 6 
0.00560689 0.00584796 6 
0.00558254 0.0056556 6 
0.0055521 0.00567889 6 
0.00554695 0.00608609 6 
0.0055421 0.00592206 6 
0.0055352 0.00594866 6 
0.00551936 0.0058713 6 
0.00549727 0.00551323 6 
0.00548757 0.00584229 6 
0.00546541 0.00553231 6 
0.00545504 0.00606657 6 
0.00544994 0.00601566 6 
0.00544992 0.00545225 6 
0.00544563 0.00562869 6 
0.00544337 0.00586445 6 
0.00542004 0.00567889 6 
0.0054178 0.00573352 6 
0.00541455 0.0054493 6 
0.0054124 0.00587831 6 
0.00538664 0.00585438 6 
0.00537496 0.00589525 6 
0.00537322 0.00549474 6 
0.00535455 0.00543607 6 
0.005349 0.00553231 6 
0.00533008 0.0054832 6 
0.00531463 0.00547688 6 
0.00531111 0.00539471 6 
0.0052887 0.00611516 6 
0.0052882 0.00546973 6 
0.00527354 0.00578977 6 
0.00527255 0.00545487 6 
0.00527003 0.00584435 6 
0.00526897 0.00566364 6 
0.00525954 0.00564612 6 
0.00525213 0.0055496 6 
0.00524775 0.0054131 6 
0.00524372 0.00550096 6 
0.00523873 0.0053007 6 
0.00522805 0.00541617 6 
0.00522673 0.00558814 6 
0.00521206 0.00540408 6 
0.0052063 0.00527371 6 
0.00520335 0.00528684 6 
0.00520316 0.00564727 6 
0.00519475 0.00540635 6 
0.00517008 0.00519986 6 
0.00516349 0.00561089 6 
0.005154 0.00541485 6 
0.0051524 0.00564612 6 
0.00514734 0.00540695 6 
0.0051392 0.00530966 6 
0.00513538 0.0052732 6 
0.00513382 0.00533324 6 
0.00513228 0.00530742 6 
0.00513094 0.00515781 6 
0.00512508 0.00516164 6 
0.00511791 0.00516969 6 
0.0051096 0.00521871 6 
0.00510563 0.00516969 6 
0.0050993 0.00527974 6 
0.00509386 0.00533596 6 
0.00508638 0.0053277 6 
0.00508184 0.00530966 6 
0.0050757 0.00518507 6 
0.00506908 0.00590421 6 
0.00506891 0.00529737 6 
0.00506744 0.00525944 6 
0.00506262 0.00526236 6 
0.00506204 0.00583074 6 
0.00505045 0.0053277 6 
0.00504856 0.00509449 6 
0.00504848 0.00526236 6 
0.00504147 0.005645 6 
0.00503278 0.00599911 6 
0.00503272 0.00516164 6 
0.00502185 0.00504242 6 
0.00502111 0.00546895 6 
0.00501814 0.00518522 6 
0.00501612 0.00523739 6 
0.00501052 0.00506443 6 
0.00501043 0.00586039 6 
0.00500116 0.00541088 6 
0.00499278 0.00515076 6 
0.00498987 0.00565467 6 
0.00497796 0.00537677 6 
0.00496097 0.00516022 6 
0.0049603 0.00530124 6 
0.00495056 0.00550902 6 
0.00495019 0.00519656 6 
0.00494637 0.00529428 6 
0.00493141 0.00552446 6 
0.00492084 0.00523759 6 
0.0049191 0.00516977 6 
0.00491468 0.00573172 6 
0.00491033 0.00528619 6 
0.00490616 0.0049692 6 
0.00490466 0.00521177 6 
0.00489595 0.00498013 6 
0.0048946 0.00518723 6 
0.00488063 0.00527073 6 
0.0048725 0.00522844 6 
0.00486739 0.00503493 6 
0.00486607 0.0049658 6 
0.00486351 0.00548996 6 
0.00486152 0.00541088 6 
0.00485597 0.00531441 6 
0.0048511 0.00504997 6 
0.00484394 0.00487529 6 
0.00482391 0.00485426 6 
0.00481322 0.00526785 6 
0.00480513 0.00496528 6 
0.00480353 0.00547688 6 
0.00480008 0.00523739 6 
0.00479813 0.00504641 6 
0.0047979 0.00532384 6 
0.00479336 0.00495901 6 
0.00479249 0.00535174 6 
0.00478631 0.00543607 6 
0.00478244 0.00495333 6 
0.00477792 0.00501721 6 
0.00476845 0.00519711 6 
0.00476468 0.00541358 6 
0.00476204 0.00515962 6 
0.00475885 0.00548432 6 
0.00473652 0.00525949 6 
0.00473339 0.00557474 6 
0.00473203 0.00541808 6 
0.00472527 0.004835 6 
0.00472019 0.00537677 6 
0.00471264 0.00549065 6 
0.00468873 0.0053007 6 
0.00468853 0.00537677 6 
0.00464827 0.00467785 6 
0.00459846 0.0046187 6 
0.00457004 0.00472375 6 
0.00454554 0.00485426 6 
0.00444352 0.004835 6 
0.00355441 0.00423284 7 
0.00341158 0.00343829 7 
0.00317223 0.00325986 7 
0.00314992 0.00325986 7 
0.00312942 0.00319531 7 
0.00302096 0.00317183 7 
0.00300644 0.00301776 7 
0.00300334 0.00301199 7 
0.00299791 0.00311987 7 
0.00299619 0.00301199 7 
0.00299358 0.00303257 7 
0.00298815 0.00315261 7 
0.00297294 0.00302004 7 
0.00296003 0.00296633 7 
0.00295204 0.00297241 7 
0.00295114 0.00296242 7 
0.00293726 0.00310061 7 
0.00293309 0.00295132 7 
0.00290924 0.00318164 7 
0.00290886 0.00308705 7 
0.00290018 0.00292654 7 
0.00289514 0.00309096 7 
0.0028927 0.00293229 7 
0.00289104 0.00301877 7 
0.00287741 0.00317183 7 
0.00286563 0.00292322 7 
0.00284861 0.00310989 7 
0.00283871 0.00293122 7 
0.00283832 0.00298378 7 
0.00282775 0.0029316 7 
0.00280997 0.00304117 7 
0.00280944 0.00299675 7 
0.00278659 0.00295884 7 
0.00277085 0.00277434 7 
0.00276742 0.00300089 7 
0.00275402 0.00278367 7 
0.00275305 0.00301199 7 
0.00275124 0.00276089 7 
0.00274929 0.00275501 7 
0.00274666 0.0027612 7 
0.00274632 0.00285192 7 
0.00274156 0.00291264 7 
0.00273868 0.00310949 7 
0.00273866 0.00282799 7 
0.00273629 0.00285984 7 
0.00273472 0.00299597 7 
0.00272468 0.00285179 7 
0.00271633 0.00278495 7 
0.00271451 0.00287646 7 
0.00271438 0.00279868 7 
0.00271354 0.00284503 7 
0.00271209 0.00283668 7 
0.00270757 0.00280562 7 
0.00269954 0.00278565 7 
0.00267853 0.00286284 7 
0.00267217 0.00277681 7 
0.00266884 0.0028693 7 
0.00266759 0.00286355 7 
0.00266692 0.0030233 7 
0.0026627 0.00270629 7 
0.00266062 0.0026734 7 
0.00265928 0.00266217 7 
0.00265736 0.00280296 7 
0.00265431 0.00267118 7 
0.00264554 0.0028693 7 
0.00264404 0.00276652 7 
0.00263988 0.00271263 7 
0.00263907 0.0027612 7 
0.00262822 0.00306751 7 
0.00262521 0.00293715 7 
0.00262237 0.00265202 7 
0.00261964 0.00267814 7 
0.00261819 0.00267814 7 
0.00261224 0.00278121 7 
0.00260942 0.00261373 7 
0.00260851 0.00306954 7 
0.00260638 0.00272246 7 
0.00260376 0.00266087 7 
0.002599 0.00263205 7 
0.00259276 0.00264787 7 
0.00259072 0.00264437 7 
0.00258921 0.00286537 7 
0.00258414 0.00267783 7 
0.00258345 0.00272246 7 
0.00258294 0.00269387 7 
0.00258241 0.00277433 7 
0.00258043 0.00265202 7 
0.00257922 0.00270629 7 
0.00257273 0.00273718 7 
0.00257115 0.0025886 7 
0.00256815 0.00263436 7 
0.00256781 0.00272469 7 
0.00256092 0.00303497 7 
0.00255759 0.00258691 7 
0.00255522 0.00271098 7 
0.00254539 0.00261844 7 
0.00254237 0.00292671 7 
0.00253819 0.00270971 7 
0.00253647 0.00260374 7 
0.00253252 0.00293648 7 
0.00253174 0.00296633 7 
0.00252828 0.00266934 7 
0.00252816 0.00261844 7 
0.00252509 0.00266388 7 
0.00252253 0.00255142 7 
0.00251708 0.00256253 7 
0.00251698 0.00280399 7 
0.00250975 0.00270889 7 
0.00250777 0.00250867 7 
0.00249616 0.00256427 7 
0.00249084 0.00271263 7 
0.00248507 0.00264197 7 
0.0024828 0.00272351 7 
0.00248027 0.00273607 7 
0.00247228 0.00261144 7 
0.00246516 0.00252647 7 
0.00246239 0.00271477 7 
0.00246064 0.00280082 7 
0.0024578 0.00256863 7 
0.00245531 0.0028701 7 
0.00245465 0.00277433 7 
0.00245366 0.00269168 7 
0.00245215 0.00271477 7 
0.00244753 0.00259093 7 
0.00244642 0.00252229 7 
0.00244564 0.00251871 7 
0.0024449 0.00273344 7 
0.00243993 0.00273718 7 
0.00243977 0.00278073 7 
0.00243961 0.00257187 7 
0.00243961 0.00251734 7 
0.00243116 0.00264142 7 
0.00242864 0.00274906 7 
0.00242434 0.00278971 7 
0.00242019 0.00289331 7 
0.00241636 0.00279162 7 
0.00240809 0.00269393 7 
0.00240722 0.00273718 7 
0.0024025 0.0024331 7 
0.00239128 0.00275501 7 
0.00236458 0.00244565 7 
0.002347 0.00236555 7 
0.0023426 0.00234491 7 
0.00228729 0.0024279 7 
0.00224805 0.00249324 7 
0.00188914 0.00227844 8 
0.0017008 0.00173627 8 
0.00167119 0.00167353 8 
0.00164373 0.00167631 8 
0.00159027 0.00167843 8 
0.00158524 0.00161838 8 
0.0015798 0.00163814 8 
0.00156283 0.00157656 8 
0.00156135 0.00160895 8 
0.0015566 0.00164748 8 
0.00155058 0.00163994 8 
0.00154794 0.00167724 8 
0.001542 0.00158577 8 
0.00153673 0.00154533 8 
0.00153615 0.00167843 8 
0.00153286 0.00162575 8 
0.0015305 0.00153952 8 
0.00152966 0.00165495 8 
0.00150826 0.00154646 8 
0.0014954 0.00153177 8 
0.00148742 0.00155353 8 
0.0014738 0.0015359 8 
0.00146632 0.00155768 8 
0.00145522 0.00156026 8 
0.00145093 0.00152472 8 
0.00144944 0.00148858 8 
0.00144876 0.00149626 8 
0.00144673 0.00156487 8 
0.00144021 0.00146097 8 
0.00143664 0.00157397 8 
0.00143401 0.00157656 8 
0.00143246 0.00146804 8 
0.00142876 0.00145581 8 
0.00142655 0.00146231 8 
0.00142613 0.00145519 8 
0.00142583 0.00143798 8 
0.00142526 0.00159842 8 
0.00142051 0.00148432 8 
0.00141132 0.00142288 8 
0.00140971 0.00143486 8 
0.00140885 0.00143104 8 
0.0014066 0.0014462 8 
0.00139701 0.00147385 8 
0.00139544 0.00139761 8 
0.00139308 0.00145775 8 
0.00139275 0.00147549 8 
0.00139071 0.00144889 8 
0.0013905 0.00154016 8 
0.00138904 0.00140349 8 
0.00138576 0.00154612 8 
0.00137973 0.00145391 8 
0.00137458 0.00147542 8 
0.0013729 0.00146935 8 
0.00137289 0.00160998 8 
0.00137112 0.00138629 8 
0.00137083 0.00158876 8 
0.00136679 0.00137018 8 
0.00136604 0.0014169 8 
0.00136593 0.00147542 8 
0.00136499 0.00137602 8 
0.00136216 0.00149441 8 
0.00135788 0.00137976 8 
0.0013546 0.00136475 8 
0.00135437 0.00138932 8 
0.00135021 0.0014386 8 
0.00134981 0.00141951 8 
0.00134921 0.00141088 8 
0.0013457 0.001374 8 
0.00134421 0.00143159 8 
0.00133689 0.00135803 8 
0.00133685 0.00141339 8 
0.00133333 0.00137308 8 
0.00133272 0.00139494 8 
0.00132995 0.00133378 8 
0.00132974 0.00141339 8 
0.00132767 0.0015702 8 
0.00132307 0.00158596 8 
0.00132251 0.00152998 8 
0.00132178 0.00146543 8 
0.00131792 0.00137976 8 
0.00131768 0.00144367 8 
0.00131678 0.001432 8 
0.00131646 0.00141289 8 
0.00131384 0.00133806 8 
0.00131141 0.00157583 8 
0.00130959 0.00142203 8 
0.00130623 0.00132701 8 
0.00130482 0.00130677 8 
0.00130479 0.00133389 8 
0.00129779 0.0013398 8 
0.00129628 0.00141088 8 
0.00129606 0.00135781 8 
0.00129467 0.0013499 8 
0.00129357 0.00142709 8 
0.00129238 0.00142722 8 
0.00128647 0.00135803 8 
0.00128405 0.00143216 8 
0.00128116 0.00135018 8 
0.00128017 0.00138787 8 
0.00127987 0.0014169 8 
0.00127775 0.0014348 8 
0.00127506 0.00134286 8 
0.00127497 0.00137069 8 
0.00127407 0.00137389 8 
0.00127204 0.00143268 8 
0.00127011 0.00129934 8 
0.00126977 0.00147065 8 
0.00126674 0.00127802 8 
0.00126611 0.00138787 8 
0.00126328 0.00128255 8 
0.00126198 0.00133039 8 
0.00126115 0.00137228 8 
0.00126042 0.00143268 8 
0.00126037 0.00149792 8 
0.00125749 0.00144367 8 
0.00125623 0.00149513 8 
0.00125577 0.00135063 8 
0.00125413 0.00135952 8 
0.00125319 0.0014116 8 
0.00124814 0.00126575 8 
0.00124396 0.00141821 8 
0.00123768 0.0012956 8 
0.00123536 0.00145259 8 
0.00123141 0.00142261 8 
0.00119756 0.00123567 8 
0.00117053 0.00123683 8 
0.00115493 0.00130208 8 
0.00101139 0.00123392 9 
0.000960948 0.000963203 9 
0.000906974 0.000929554 9 
0.000890161 0.000890707 9 
0.000869004 0.000888226 9 
0.00084689 0.000872454 9 
0.000846099 0.000898334 9 
0.000841964 0.000858896 9 
0.000835357 0.00084573 9 
0.000833966 0.000878649 9 
0.000833592 0.000890707 9 
0.000830035 0.000844345 9 
0.000829868 0.000886894 9 
0.000828816 0.000865638 9 
0.000827739 0.000914028 9 
0.000819967 0.000863318 9 
0.000818304 0.00083654 9 
0.000812404 0.000817083 9 
0.00081006 0.000822475 9 
0.000799593 0.000802136 9 
0.000797592 0.000801597 9 
0.000792272 0.000808409 9 
0.000783097 0.000787879 9 
0.000781771 0.000797019 9 
0.000781759 0.000840191 9 
0.000781658 0.000814533 9 
0.000780484 0.000784455 9 
0.000771761 0.000783867 9 
0.000769957 0.000861236 9 
0.000761848 0.000797435 9 
0.000758701 0.00082584 9 
0.000756975 0.000826355 9 
0.000756956 0.000770799 9 
0.000754919 0.000771758 9 
0.000750746 0.000774156 9 
0.000749581 0.000762804 9 
0.000747614 0.00074788 9 
0.000745711 0.000748948 9 
0.000742072 0.000767835 9 
0.000740337 0.000745478 9 
0.000739352 0.000827428 9 
0.000738779 0.000740195 9 
0.000736878 0.00075663 9 
0.000735349 0.000784668 9 
0.000733443 0.000766854 9 
0.000732831 0.000752951 9 
0.000732051 0.000739738 9 
0.000728279 0.000833628 9 
0.00072788 0.000772613 9 
0.000722824 0.000752651 9 
0.000721007 0.000766655 9 
0.000719886 0.000772702 9 
0.000719773 0.000788666 9 
0.00071657 0.000718598 9 
0.000716061 0.000852614 9 
0.000715979 0.000729602 9 
0.000715869 0.000734513 9 
0.000714175 0.000746218 9 
0.000712962 0.000731331 9 
0.000711488 0.000803868 9 
0.000709785 0.000748607 9 
0.000709104 0.000725749 9 
0.000708663 0.000765433 9 
0.000705925 0.000720681 9 
0.000703891 0.000766655 9 
0.000702271 0.00077876 9 
0.000700435 0.000734352 9 
0.000700261 0.000850273 9 
0.000698565 0.000837427 9 
0.000698452 0.000741502 9 
0.000698072 0.000729122 9 
0.000696127 0.00072746 9 
0.000695539 0.000734513 9 
0.000695018 0.00071221 9 
0.000694744 0.00080328 9 
0.000693031 0.000698027 9 
0.000691927 0.000705447 9 
0.000691257 0.00074426 9 
0.000691015 0.000838173 9 
0.000689374 0.000764373 9 
0.000688561 0.000745805 9 
0.000688014 0.000698027 9 
0.00068759 0.000755796 9 
0.000687053 0.0007826 9 
0.000686379 0.000710311 9 
0.000685111 0.000736707 9 
0.000683876 0.000699304 9 
0.00067933 0.000725749 9 
0.000677241 0.000760574 9 
0.000677196 0.000718066 9 
0.000674811 0.000752398 9 
0.0006743 0.000763838 9 
0.000673099 0.000711008 9 
0.00067309 0.000784208 9 
0.000672707 0.000717066 9 
0.000671841 0.000687661 9 
0.000670693 0.000697351 9 
0.000670679 0.000699938 9 
0.000670361 0.000725497 9 
0.000668647 0.000676423 9 
0.000667483 0.000675937 9 
0.000665696 0.000684843 9 
0.000665196 0.000746218 9 
0.000664697 0.000717066 9 
0.000660974 0.000719538 9 
0.000660273 0.000785572 9 
0.00065958 0.000662506 9 
0.000658363 0.000742983 9 
0.000655923 0.000734994 9 
0.000653436 0.000706103 9 
0.000653167 0.000717874 9 
0.000653166 0.00073143 9 
0.000652691 0.000760574 9 
0.000652267 0.000707916 9 
0.000651004 0.000705447 9 
0.00064985 0.000761583 9 
0.000649743 0.000744494 9 
0.000649513 0.000742983 9 
0.000644608 0.000770535 9 
0.000633285 0.000676423 9 
0.000619884 0.000633339 9 
0.000608229 0.000640827 9 
0.000600886 0.000686643 9 
